  0.2161466E+01  0.2984775E-02
  0.1475901E+01  0.2004873E-02
  0.1216522E+01  0.1627884E-02
  0.1072127E+01  0.1414750E-02
  0.9704228E+00  0.1261081E-02
  0.8885387E+00  0.1134627E-02
  0.2407786E+00  0.2968887E-03
  0.6553380E+00  0.7683056E-03
  0.5843971E+00  0.6520356E-03
  0.4824887E+00  0.4792127E-03
  0.2228902E+00  0.2072044E-04
  0.2254076E+00  0.2695934E-04
  0.2258164E+00  0.3081088E-04
  0.2220970E+00  0.2913583E-04
  0.2160170E+00  0.2542026E-04
  0.2134722E+00  0.2872607E-04
  0.2078597E+00  0.2840809E-04
  0.2017746E+00  0.2923208E-04
  0.1972788E+00  0.3360910E-04
  0.1876978E+00  0.3059164E-04
  0.1776854E+00  0.2851642E-04
  0.1696814E+00  0.3061596E-04
  0.1575935E+00  0.2687492E-04
  0.1452693E+00  0.2415104E-04
  0.1346729E+00  0.2496752E-04
  0.1207955E+00  0.2111865E-04
  0.1067061E+00  0.1799515E-04
  0.9398365E-01  0.1757834E-04
  0.7888260E-01  0.1379452E-04
  0.6359613E-01  0.1040311E-04
  0.4925004E-01  0.8801871E-05
  0.3350202E-01  0.5224574E-05
  0.1764308E-01  0.1760221E-05
  0.2278782E-02 -0.8882598E-06
 -0.1345081E-01 -0.4014219E-05
 -0.2916869E-01 -0.7239440E-05
 -0.4486359E-01 -0.1068725E-04
 -0.5984989E-01 -0.1306158E-04
 -0.7472961E-01 -0.1577986E-04
 -0.9004770E-01 -0.1972488E-04
 -0.1036431E+00 -0.2115329E-04
 -0.1170372E+00 -0.2314538E-04
 -0.1313468E+00 -0.2738892E-04
 -0.1429593E+00 -0.2770258E-04
 -0.1543433E+00 -0.2892440E-04
 -0.1670925E+00 -0.3329790E-04
 -0.1762720E+00 -0.3250735E-04
 -0.1852351E+00 -0.3296475E-04
 -0.1959638E+00 -0.3739053E-04
 -0.2023989E+00 -0.3564949E-04
 -0.2086624E+00 -0.3544801E-04
 -0.2170110E+00 -0.3987365E-04
 -0.2205146E+00 -0.3734904E-04
 -0.2239121E+00 -0.3666480E-04
 -0.2296299E+00 -0.4104379E-04
 -0.2301432E+00 -0.3797262E-04
 -0.2306298E+00 -0.3695695E-04
 -0.2335975E+00 -0.4128667E-04
 -0.2311996E+00 -0.3793965E-04
 -0.2287493E+00 -0.3662045E-04
 -0.2288031E+00 -0.4066607E-04
 -0.2235520E+00 -0.3714607E-04
 -0.2181424E+00 -0.3537097E-04
 -0.2151613E+00 -0.3874519E-04
 -0.2072535E+00 -0.3512049E-04
 -0.1992092E+00 -0.3315078E-04
 -0.1934084E+00 -0.3588647E-04
 -0.1830867E+00 -0.3220280E-04
 -0.1726163E+00 -0.2990759E-04
 -0.1641629E+00 -0.3180028E-04
 -0.1517686E+00 -0.2807831E-04
 -0.1391373E+00 -0.2531254E-04
 -0.1281923E+00 -0.2598462E-04
 -0.1141016E+00 -0.2218001E-04
 -0.9979419E-01 -0.1902010E-04
 -0.8678084E-01 -0.1843245E-04
 -0.7155265E-01 -0.1471483E-04
 -0.5616799E-01 -0.1136220E-04
 -0.4170078E-01 -0.9730953E-05
 -0.2615666E-01 -0.6620638E-05
 -0.1104450E-01 -0.4402162E-05
  0.3087257E-02 -0.3845886E-05
  0.1938617E-01  0.2065026E-06
  0.3460304E-01  0.2640812E-05
  0.4933938E-01  0.4499274E-05
  0.6372339E-01  0.6094640E-05
  0.7777819E-01  0.7562325E-05
  0.9149255E-01  0.8996049E-05
  0.1048079E+00  0.1041599E-04
  0.1176286E+00  0.1170159E-04
  0.1298879E+00  0.1285827E-04
  0.1415123E+00  0.1382252E-04
  0.1524406E+00  0.1458927E-04
  0.1626954E+00  0.1529133E-04
  0.1722241E+00  0.1587092E-04
  0.1808703E+00  0.1618043E-04
  0.1886802E+00  0.1632290E-04
  0.1957385E+00  0.1650849E-04
  0.2016191E+00  0.1607965E-04
  0.2053374E+00  0.1338788E-04
  0.2121335E+00  0.1776939E-04
  0.2230865E+00  0.3067554E-04
  0.2267318E+00  0.3237362E-04
  0.2248059E+00  0.2592265E-04
  0.2179617E+00  0.1232875E-04
  0.4822641E+00  0.4795550E-03
  0.5848171E+00  0.6537475E-03
  0.6584306E+00  0.7744543E-03
  0.7245393E+00  0.8810179E-03
  0.7888252E+00  0.9840628E-03
  0.8607389E+00  0.1096655E-02
  0.9430845E+00  0.1222887E-02
  0.1214426E+01  0.1626173E-02
  0.1469660E+01  0.1996645E-02
  0.2175589E+01  0.3004688E-02
  0.2176376E+01  0.3008393E-02
  0.2092262E+00  0.2591240E-03
  0.1605542E+01  0.2218046E-02
  0.1312176E+01  0.1814544E-02
  0.9235151E+00  0.1277762E-02
  0.4748440E+00  0.6572836E-03
 -0.1830775E-02 -0.2236913E-05
 -0.4777739E+00 -0.6608124E-03
 -0.9297681E+00 -0.1286194E-02
 -0.1342154E+01 -0.1856811E-02
 -0.1697489E+01 -0.2348538E-02
 -0.1976645E+01 -0.2734844E-02
 -0.2167748E+01 -0.2999300E-02
 -0.2264402E+01 -0.3133144E-02
 -0.2264120E+01 -0.3132973E-02
 -0.2166667E+01 -0.2998453E-02
 -0.1976065E+01 -0.2735130E-02
 -0.1699302E+01 -0.2352594E-02
 -0.1347058E+01 -0.1865538E-02
 -0.9337294E+00 -0.1293850E-02
 -0.4775390E+00 -0.6627101E-03
 -0.1011352E-02 -0.3357240E-05
  0.4731403E+00  0.6526915E-03
  0.9281912E+00  0.1282351E-02
  0.1343163E+01  0.1856558E-02
  0.1691370E+01  0.2338194E-02
  0.1953244E+01  0.2699950E-02
  0.2112618E+01  0.2919163E-02
  0.6391549E+00  0.8075022E-03
  0.7040386E+00  0.8879637E-03
  0.1033003E+01  0.1363402E-02
  0.9345976E+00  0.1213975E-02
  0.8446776E+00  0.1075889E-02
  0.5783848E+00  0.6447631E-03
  0.7559006E+00  0.1000430E-02
  0.4768380E+00  0.4751821E-03
  0.4806774E+00  0.4782683E-03
  0.4708121E+00  0.4698730E-03
  0.4603529E+00  0.4585243E-03
  0.4499600E+00  0.4484509E-03
  0.4395758E+00  0.4398804E-03
  0.4261957E+00  0.4276668E-03
  0.4102843E+00  0.4124146E-03
  0.3920104E+00  0.3943511E-03
  0.3718564E+00  0.3742441E-03
  0.3501223E+00  0.3525459E-03
  0.3266303E+00  0.3289044E-03
  0.3017064E+00  0.3038002E-03
  0.2755445E+00  0.2774989E-03
  0.2480285E+00  0.2497215E-03
  0.2194426E+00  0.2208714E-03
  0.1899464E+00  0.1911224E-03
  0.1595022E+00  0.1603253E-03
  0.1283712E+00  0.1288580E-03
  0.9668171E-01  0.9681333E-04
  0.6445612E-01  0.6417056E-04
  0.3192844E-01  0.3122619E-04
 -0.7416987E-03 -0.1854914E-05
 -0.3343569E-01 -0.3496582E-04
 -0.6597358E-01 -0.6791721E-04
 -0.9824894E-01 -0.1006027E-03
 -0.1300445E+00 -0.1327624E-03
 -0.1612519E+00 -0.1642971E-03
 -0.1918125E+00 -0.1952182E-03
 -0.2214150E+00 -0.2250843E-03
 -0.2500227E+00 -0.2539171E-03
 -0.2776304E+00 -0.2818143E-03
 -0.3038468E+00 -0.3081551E-03
 -0.3287091E+00 -0.3331286E-03
 -0.3522542E+00 -0.3568633E-03
 -0.3740436E+00 -0.3786636E-03
 -0.3941882E+00 -0.3988147E-03
 -0.4127649E+00 -0.4174940E-03
 -0.4292835E+00 -0.4339515E-03
 -0.4439529E+00 -0.4485568E-03
 -0.4568740E+00 -0.4615647E-03
 -0.4675272E+00 -0.4720986E-03
 -0.4761971E+00 -0.4806826E-03
 -0.4829871E+00 -0.4875065E-03
 -0.4874793E+00 -0.4918852E-03
 -0.4899655E+00 -0.4943316E-03
 -0.4905123E+00 -0.4949887E-03
 -0.4886544E+00 -0.4930448E-03
 -0.4847665E+00 -0.4891293E-03
 -0.4789985E+00 -0.4834831E-03
 -0.4708250E+00 -0.4751987E-03
 -0.4605489E+00 -0.4647626E-03
 -0.4485525E+00 -0.4527636E-03
 -0.4345518E+00 -0.4387048E-03
 -0.4186797E+00 -0.4227856E-03
 -0.4011548E+00 -0.4053081E-03
 -0.3817268E+00 -0.3858146E-03
 -0.3607012E+00 -0.3647536E-03
 -0.3382245E+00 -0.3423065E-03
 -0.3140517E+00 -0.3179923E-03
 -0.2884787E+00 -0.2922495E-03
 -0.2617220E+00 -0.2653640E-03
 -0.2336816E+00 -0.2370591E-03
 -0.2046093E+00 -0.2077153E-03
 -0.1746730E+00 -0.1775218E-03
 -0.1438566E+00 -0.1463586E-03
 -0.1124108E+00 -0.1145749E-03
 -0.8050189E-01 -0.8234040E-04
 -0.4822678E-01 -0.4973994E-04
 -0.1580751E-01 -0.1702800E-04
  0.1666578E-01  0.1571234E-04
  0.4910859E-01  0.4843851E-04
  0.8129758E-01  0.8087428E-04
  0.1130767E+00  0.1128315E-03
  0.1443148E+00  0.1441791E-03
  0.1749157E+00  0.1749126E-03
  0.2048093E+00  0.2049654E-03
  0.2338436E+00  0.2342009E-03
  0.2618394E+00  0.2623697E-03
  0.2886231E+00  0.2892695E-03
  0.3140441E+00  0.3147295E-03
  0.3380544E+00  0.3387553E-03
  0.3605940E+00  0.3613120E-03
  0.3814663E+00  0.3821358E-03
  0.4004354E+00  0.4008932E-03
  0.4176685E+00  0.4179364E-03
  0.4333661E+00  0.4336346E-03
  0.4473180E+00  0.4476949E-03
  0.4595040E+00  0.4601841E-03
  0.4703029E+00  0.4718017E-03
  0.4789353E+00  0.4812032E-03
  0.4840535E+00  0.4860924E-03
  0.4853464E+00  0.4858118E-03
  0.5867878E+00  0.6576444E-03
  0.1470854E+01  0.2001951E-02
  0.6599436E+00  0.7774226E-03
  0.7268462E+00  0.8850039E-03
  0.7944632E+00  0.9924156E-03
  0.8671398E+00  0.1106055E-02
  0.9482994E+00  0.1230744E-02
  0.8761294E+00  0.1192850E-02
  0.1228717E+01  0.1651107E-02
  0.6202799E+00  0.8450537E-03
  0.8442727E+00  0.1115034E-02
  0.1070970E+01  0.1456183E-02
  0.3181197E+00  0.4335532E-03
 -0.5178976E-02 -0.7124607E-05
 -0.3242641E+00 -0.4420301E-03
 -0.6274039E+00 -0.8551059E-03
 -0.9092321E+00 -0.1239326E-02
 -0.1153231E+01 -0.1571998E-02
 -0.1344869E+01 -0.1833298E-02
 -0.1475316E+01 -0.2011065E-02
 -0.1541858E+01 -0.2101815E-02
 -0.1542536E+01 -0.2102928E-02
 -0.1474554E+01 -0.2010451E-02
 -0.1343383E+01 -0.1831960E-02
 -0.1154287E+01 -0.1574547E-02
 -0.9146249E+00 -0.1248143E-02
 -0.6341093E+00 -0.8659321E-03
 -0.3259978E+00 -0.4459631E-03
 -0.7265792E-02 -0.1149813E-04
  0.3102235E+00  0.4211747E-03
  0.6228791E+00  0.8474502E-03
  0.9073090E+00  0.1235095E-02
  0.1140192E+01  0.1552153E-02
  0.1313990E+01  0.1788073E-02
  0.1433245E+01  0.1949052E-02
  0.6289847E+00  0.7325589E-03
  0.7570299E+00  0.9397096E-03
  0.1074265E+01  0.1422999E-02
  0.7801096E+00  0.9641271E-03
  0.6721537E+00  0.7985814E-03
  0.8792626E+00  0.1139988E-02
  0.5725863E+00  0.6384234E-03
  0.9841042E+00  0.1298518E-02
  0.5280886E+00  0.5906232E-03
  0.5114419E+00  0.5731766E-03
  0.4915880E+00  0.5514797E-03
  0.4693629E+00  0.5269050E-03
  0.4447799E+00  0.4995028E-03
  0.4180009E+00  0.4694549E-03
  0.3894300E+00  0.4373509E-03
  0.3591541E+00  0.4033206E-03
  0.3272302E+00  0.3673938E-03
  0.2939563E+00  0.3299831E-03
  0.2594024E+00  0.2911211E-03
  0.2236521E+00  0.2508632E-03
  0.1870186E+00  0.2096197E-03
  0.1495791E+00  0.1674884E-03
  0.1113237E+00  0.1243760E-03
  0.7248219E-01  0.8060105E-04
  0.3327080E-01  0.3639952E-04
 -0.6138559E-02 -0.8039140E-05
 -0.4546409E-01 -0.5234572E-04
 -0.8454877E-01 -0.9638807E-04
 -0.1232898E+00 -0.1400203E-03
 -0.1614705E+00 -0.1830352E-03
 -0.1989189E+00 -0.2251807E-03
 -0.2355326E+00 -0.2664071E-03
 -0.2710714E+00 -0.3063940E-03
 -0.3053979E+00 -0.3449924E-03
 -0.3384084E+00 -0.3821176E-03
 -0.3698672E+00 -0.4174601E-03
 -0.3996874E+00 -0.4509583E-03
 -0.4277555E+00 -0.4824720E-03
 -0.4538769E+00 -0.5117751E-03
 -0.4779932E+00 -0.5388220E-03
 -0.5000156E+00 -0.5635019E-03
 -0.5197818E+00 -0.5856442E-03
 -0.5372692E+00 -0.6052249E-03
 -0.5524036E+00 -0.6221742E-03
 -0.5650679E+00 -0.6363483E-03
 -0.5751235E+00 -0.6475199E-03
 -0.5828132E+00 -0.6560631E-03
 -0.5882794E+00 -0.6622337E-03
 -0.5911011E+00 -0.6654555E-03
 -0.5911217E+00 -0.6654423E-03
 -0.5886615E+00 -0.6626956E-03
 -0.5836610E+00 -0.6571122E-03
 -0.5760217E+00 -0.6485113E-03
 -0.5656036E+00 -0.6366837E-03
 -0.5523618E+00 -0.6214681E-03
 -0.5372486E+00 -0.6043142E-03
 -0.5203460E+00 -0.5854678E-03
 -0.5009401E+00 -0.5637217E-03
 -0.4793935E+00 -0.5395916E-03
 -0.4559839E+00 -0.5135032E-03
 -0.4304830E+00 -0.4850269E-03
 -0.4029575E+00 -0.4541918E-03
 -0.3736263E+00 -0.4212921E-03
 -0.3425713E+00 -0.3864157E-03
 -0.3100040E+00 -0.3497895E-03
 -0.2761376E+00 -0.3117328E-03
 -0.2409795E+00 -0.2721761E-03
 -0.2046985E+00 -0.2313132E-03
 -0.1674971E+00 -0.1894371E-03
 -0.1295054E+00 -0.1466576E-03
 -0.9084287E-01 -0.1030994E-03
 -0.5182358E-01 -0.5913708E-04
 -0.1269888E-01 -0.1508032E-04
  0.2647841E-01  0.2904222E-04
  0.6548098E-01  0.7291366E-04
  0.1041002E+00  0.1162718E-03
  0.1422227E+00  0.1590368E-03
  0.1797363E+00  0.2010741E-03
  0.2166033E+00  0.2424971E-03
  0.2527467E+00  0.2832243E-03
  0.2879628E+00  0.3229741E-03
  0.3218853E+00  0.3612151E-03
  0.3541712E+00  0.3975277E-03
  0.3847294E+00  0.4318138E-03
  0.4136481E+00  0.4642818E-03
  0.4407477E+00  0.4946927E-03
  0.4655122E+00  0.5223171E-03
  0.4875133E+00  0.5465317E-03
  0.5076488E+00  0.5687755E-03
  0.5265984E+00  0.5902027E-03
  0.5433607E+00  0.6092489E-03
  0.5574604E+00  0.6252112E-03
  0.5694288E+00  0.6390330E-03
  0.5789188E+00  0.6500512E-03
  0.5847843E+00  0.6563393E-03
  0.5034900E+00  0.6764320E-03
  0.8712347E+00  0.1168938E-02
  0.7245481E+00  0.8830886E-03
  0.7927198E+00  0.9914633E-03
  0.7996209E+00  0.1018276E-02
  0.8619212E+00  0.1100111E-02
  0.9337912E+00  0.1211412E-02
  0.1219557E+01  0.1646775E-02
  0.2574134E+00  0.3459362E-03
 -0.8071110E-02 -0.1110942E-04
  0.6575828E+00  0.7754368E-03
 -0.2634913E+00 -0.3542929E-03
 -0.5055211E+00 -0.6793191E-03
 -0.7393821E+00 -0.9941339E-03
 -0.9420006E+00 -0.1266841E-02
 -0.1100936E+01 -0.1480866E-02
 -0.1208433E+01 -0.1625410E-02
 -0.1265489E+01 -0.1702315E-02
 -0.1268159E+01 -0.1706262E-02
 -0.1208346E+01 -0.1625674E-02
 -0.1097598E+01 -0.1476811E-02
 -0.9414904E+00 -0.1267115E-02
 -0.7456052E+00 -0.1003923E-02
 -0.5179934E+00 -0.6979536E-03
 -0.2706593E+00 -0.3653467E-03
 -0.1824690E-01 -0.2600933E-04
  0.2342863E+00  0.3131649E-03
  0.4980234E+00  0.6682825E-03
  0.7354948E+00  0.9873777E-03
  0.9228137E+00  0.1238742E-02
  0.1060369E+01  0.1422205E-02
  0.7062137E+00  0.9484495E-03
  0.5650402E+00  0.6304019E-03
  0.5383182E+00  0.5993471E-03
  0.5500092E+00  0.6120003E-03
  0.1184637E+01  0.1606391E-02
  0.7231688E+00  0.9000069E-03
  0.9107583E+00  0.1203140E-02
  0.5942573E+00  0.6978307E-03
  0.5729398E+00  0.6737295E-03
  0.4970914E+00  0.5858978E-03
  0.4662541E+00  0.5494604E-03
  0.4338279E+00  0.5111506E-03
  0.3995385E+00  0.4706682E-03
  0.3633241E+00  0.4278617E-03
  0.3259273E+00  0.3837807E-03
  0.2870044E+00  0.3378262E-03
  0.2468592E+00  0.2903888E-03
  0.2061747E+00  0.2424013E-03
  0.1645209E+00  0.1933146E-03
  0.1215316E+00  0.1425472E-03
  0.7761815E-01  0.9060145E-04
  0.3336649E-01  0.3828533E-04
 -0.1104965E-01 -0.1421600E-04
 -0.5507644E-01 -0.6620099E-04
 -0.9861851E-01 -0.1175945E-03
 -0.1419377E+00 -0.1687423E-03
 -0.1845609E+00 -0.2190803E-03
 -0.2262549E+00 -0.2682437E-03
 -0.2672286E+00 -0.3166520E-03
 -0.3068763E+00 -0.3634304E-03
 -0.3451107E+00 -0.4085221E-03
 -0.3820884E+00 -0.4521777E-03
 -0.4171593E+00 -0.4935339E-03
 -0.4503596E+00 -0.5326556E-03
 -0.4818352E+00 -0.5698163E-03
 -0.5109028E+00 -0.6040537E-03
 -0.5377361E+00 -0.6356555E-03
 -0.5624545E+00 -0.6648301E-03
 -0.5843559E+00 -0.6905915E-03
 -0.6037271E+00 -0.7133865E-03
 -0.6207693E+00 -0.7335307E-03
 -0.6345046E+00 -0.7496413E-03
 -0.6447861E+00 -0.7614101E-03
 -0.6534696E+00 -0.7716168E-03
 -0.6605679E+00 -0.7804078E-03
 -0.6636366E+00 -0.7841280E-03
 -0.6632980E+00 -0.7836800E-03
 -0.6603930E+00 -0.7803553E-03
 -0.6541870E+00 -0.7730054E-03
 -0.6447946E+00 -0.7617339E-03
 -0.6318213E+00 -0.7459410E-03
 -0.6147891E+00 -0.7248027E-03
 -0.5976861E+00 -0.7043417E-03
 -0.5797035E+00 -0.6836107E-03
 -0.5576859E+00 -0.6577485E-03
 -0.5337768E+00 -0.6297946E-03
 -0.5079474E+00 -0.5998183E-03
 -0.4790241E+00 -0.5659427E-03
 -0.4478846E+00 -0.5293489E-03
 -0.4147448E+00 -0.4903607E-03
 -0.3794857E+00 -0.4487230E-03
 -0.3429300E+00 -0.4056432E-03
 -0.3050091E+00 -0.3610029E-03
 -0.2653115E+00 -0.3140873E-03
 -0.2244739E+00 -0.2658451E-03
 -0.1825985E+00 -0.2164495E-03
 -0.1395679E+00 -0.1656091E-03
 -0.9577484E-01 -0.1138143E-03
 -0.5193883E-01 -0.6198957E-04
 -0.8316554E-02 -0.1047442E-04
  0.3545805E-01  0.4121075E-04
  0.7880411E-01  0.9231149E-04
  0.1214613E+00  0.1423990E-03
  0.1635746E+00  0.1919094E-03
  0.2050540E+00  0.2405823E-03
  0.2461656E+00  0.2891274E-03
  0.2870249E+00  0.3376729E-03
  0.3273078E+00  0.3855611E-03
  0.3659564E+00  0.4313996E-03
  0.4020833E+00  0.4740188E-03
  0.4360741E+00  0.5140384E-03
  0.4686150E+00  0.5524821E-03
  0.4990352E+00  0.5883281E-03
  0.5257572E+00  0.6193433E-03
  0.5476316E+00  0.6439390E-03
  0.5686800E+00  0.6681770E-03
  0.5910491E+00  0.6952985E-03
  0.6099929E+00  0.7180370E-03
  0.6242600E+00  0.7344913E-03
  0.6377185E+00  0.7510221E-03
  0.6502166E+00  0.7667505E-03
 -0.2264607E+00 -0.2995292E-03
 -0.1414277E-01 -0.1930204E-04
  0.6816036E+00  0.8223025E-03
  0.9749991E+00  0.1304056E-02
  0.4403956E+00  0.5829078E-03
  0.7477243E+00  0.9511770E-03
  0.6281579E+00  0.7342754E-03
  0.7846520E+00  0.9822171E-03
 -0.7853377E+00 -0.9790767E-03
 -0.4244256E+00 -0.5602479E-03
  0.5500211E+00  0.6474527E-03
  0.2217261E+00  0.2934551E-03
  0.7137758E+00  0.8612069E-03
  0.6787704E+00  0.8224251E-03
 -0.8146749E+00 -0.1079138E-02
 -0.9543460E+00 -0.1265083E-02
 -0.1047028E+01 -0.1387855E-02
 -0.1100087E+01 -0.1458625E-02
 -0.1106528E+01 -0.1468008E-02
 -0.1047211E+01 -0.1388448E-02
 -0.9463129E+00 -0.1254306E-02
 -0.8103109E+00 -0.1074209E-02
 -0.6418704E+00 -0.8512399E-03
 -0.4478508E+00 -0.5943261E-03
 -0.2396200E+00 -0.3185122E-03
 -0.3193957E-01 -0.4359582E-04
  0.1723925E+00  0.2255542E-03
  0.4197332E+00  0.5552944E-03
  0.6321485E+00  0.8355230E-03
  0.7907495E+00  0.1045223E-02
  0.6567706E+00  0.8726437E-03
  0.7164987E+00  0.8732753E-03
  0.5253075E+00  0.6189246E-03
  0.8454010E+00  0.1078600E-02
 -0.7403970E+00 -0.9169290E-03
 -0.6368584E+00 -0.8431623E-03
  0.8933472E+00  0.1153514E-02
  0.6784717E+00  0.8418872E-03
  0.6578830E+00  0.7984846E-03
  0.7979078E+00  0.1029764E-02
  0.8310109E+00  0.1067397E-02
  0.6018088E+00  0.6989676E-03
  0.6277247E+00  0.7611517E-03
  0.2003383E+00  0.2587274E-03
  0.5445783E+00  0.6621964E-03
  0.5082148E+00  0.6173632E-03
  0.3941969E+00  0.4783423E-03
  0.3537014E+00  0.4292318E-03
  0.3109331E+00  0.3771351E-03
  0.2667683E+00  0.3231874E-03
  0.2241128E+00  0.2715114E-03
  0.1801780E+00  0.2184502E-03
  0.1323545E+00  0.1602859E-03
  0.8252633E-01  0.9926269E-04
  0.3369780E-01  0.3991280E-04
 -0.1574314E-01 -0.2037608E-04
 -0.6367166E-01 -0.7871952E-04
 -0.1099583E+00 -0.1347902E-03
 -0.1575246E+00 -0.1927630E-03
 -0.2039741E+00 -0.2492965E-03
 -0.2484829E+00 -0.3032043E-03
 -0.2938529E+00 -0.3585862E-03
 -0.3370192E+00 -0.4110720E-03
 -0.3779078E+00 -0.4606069E-03
 -0.4191562E+00 -0.5110300E-03
 -0.4571817E+00 -0.5572193E-03
 -0.4927318E+00 -0.6002816E-03
 -0.5281356E+00 -0.6436404E-03
 -0.5594400E+00 -0.6815845E-03
 -0.5882493E+00 -0.7164994E-03
 -0.6163545E+00 -0.7510082E-03
 -0.6395808E+00 -0.7790753E-03
 -0.6604475E+00 -0.8043629E-03
 -0.6803066E+00 -0.8288121E-03
 -0.6940267E+00 -0.8451494E-03
 -0.7013133E+00 -0.8528099E-03
 -0.7123071E+00 -0.8666206E-03
 -0.7245281E+00 -0.8830017E-03
 -0.7274199E+00 -0.8866602E-03
 -0.7264978E+00 -0.8854383E-03
 -0.7239675E+00 -0.8827148E-03
 -0.7151985E+00 -0.8716703E-03
 -0.7035257E+00 -0.8568804E-03
 -0.6873180E+00 -0.8361185E-03
 -0.6632206E+00 -0.8044830E-03
 -0.6458918E+00 -0.7830347E-03
 -0.6307715E+00 -0.7659222E-03
 -0.6047972E+00 -0.7343566E-03
 -0.5803888E+00 -0.7053482E-03
 -0.5538021E+00 -0.6740819E-03
 -0.5204650E+00 -0.6336435E-03
 -0.4862790E+00 -0.5922407E-03
 -0.4499882E+00 -0.5482306E-03
 -0.4104979E+00 -0.4999774E-03
 -0.3713741E+00 -0.4526846E-03
 -0.3305201E+00 -0.4032975E-03
 -0.2860331E+00 -0.3489221E-03
 -0.2413286E+00 -0.2944648E-03
 -0.1951101E+00 -0.2383255E-03
 -0.1469255E+00 -0.1796921E-03
 -0.9770381E-01 -0.1195437E-03
 -0.4989144E-01 -0.6119657E-04
 -0.3486898E-02 -0.4908143E-05
  0.4457013E-01  0.5357014E-04
  0.9112450E-01  0.1101658E-03
  0.1362105E+00  0.1642409E-03
  0.1814230E+00  0.2192872E-03
  0.2252744E+00  0.2720199E-03
  0.2696387E+00  0.3263531E-03
  0.3145555E+00  0.3817032E-03
  0.3613413E+00  0.4392682E-03
  0.4057123E+00  0.4936294E-03
  0.4444256E+00  0.5404913E-03
  0.4805602E+00  0.5841259E-03
  0.5172503E+00  0.6290465E-03
  0.5515228E+00  0.6707131E-03
  0.5794072E+00  0.7035743E-03
  0.5946237E+00  0.7193199E-03
  0.6147668E+00  0.7432303E-03
  0.6450581E+00  0.7824693E-03
  0.6678790E+00  0.8111307E-03
  0.6769161E+00  0.8198796E-03
  0.5772034E+00  0.7017418E-03
  0.6017727E+00  0.7304667E-03
  0.6098471E+00  0.7129308E-03
 -0.9753399E+00 -0.1270290E-02
  0.7225685E+00  0.9388567E-03
  0.3904610E+00  0.5061569E-03
 -0.5613830E+00 -0.7240809E-03
  0.7754073E+00  0.9729495E-03
  0.8044085E+00  0.1039917E-02
 -0.1985116E+00 -0.2570443E-03
  0.6926650E+00  0.8797543E-03
  0.7891874E+00  0.1022419E-02
 -0.7217402E+00 -0.9377692E-03
 -0.8466484E+00 -0.1102656E-02
 -0.9900706E+00 -0.1291636E-02
 -0.9243654E+00 -0.1203396E-02
 -0.8282053E+00 -0.1076845E-02
 -0.7089782E+00 -0.9218678E-03
 -0.5621040E+00 -0.7310871E-03
 -0.3937633E+00 -0.5124548E-03
 -0.2140512E+00 -0.2790032E-03
 -0.4311446E-01 -0.5660249E-04
  0.1131072E+01  0.1510880E-02
  0.3648104E+00  0.4690322E-03
  0.5624799E+00  0.7287025E-03
  0.6923929E+00  0.8977876E-03
  0.5658545E+00  0.7334993E-03
  0.4725808E+00  0.5739317E-03
 -0.9242281E+00 -0.1203011E-02
  0.4348603E+00  0.5280448E-03
  0.1153605E+01  0.1544015E-02
  0.6327655E+00  0.7873860E-03
  0.6946016E+00  0.8438143E-03
  0.8349490E+00  0.1067503E-02
  0.5895172E+00  0.7334842E-03
 -0.8377598E+00 -0.1056573E-02
  0.6333452E+00  0.7363656E-03
  0.1772541E+00  0.2245408E-03
 -0.7479033E+00 -0.9479595E-03
  0.3313625E+00  0.4103655E-03
  0.5438742E+00  0.6752326E-03
  0.4196145E+00  0.5200593E-03
  0.3792719E+00  0.4703953E-03
  0.2415472E+00  0.2984663E-03
  0.2023968E+00  0.2514878E-03
  0.1464458E+00  0.1824930E-03
  0.8473390E-01  0.1040268E-03
  0.3326209E-01  0.4049492E-04
 -0.2293967E-01 -0.2990352E-04
 -0.7226936E-01 -0.9112491E-04
 -0.1178938E+00 -0.1472614E-03
 -0.1712707E+00 -0.2140216E-03
 -0.2212413E+00 -0.2761878E-03
 -0.2653949E+00 -0.3304730E-03
 -0.3175489E+00 -0.3958695E-03
 -0.3635886E+00 -0.4530546E-03
 -0.4042588E+00 -0.5030546E-03
 -0.4528213E+00 -0.5641549E-03
 -0.4923545E+00 -0.6130993E-03
 -0.5277891E+00 -0.6566799E-03
 -0.5707488E+00 -0.7109697E-03
 -0.6021373E+00 -0.7496474E-03
 -0.6308860E+00 -0.7850163E-03
 -0.6664149E+00 -0.8301861E-03
 -0.6881552E+00 -0.8566959E-03
 -0.7091102E+00 -0.8824724E-03
 -0.7363582E+00 -0.9170485E-03
 -0.7478862E+00 -0.9303832E-03
 -0.7650100E+00 -0.9512362E-03
 -0.7848911E+00 -0.9789617E-03
 -0.7828698E+00 -0.9759825E-03
 -0.7846966E+00 -0.9791406E-03
 -0.7682796E+00 -0.9575654E-03
 -0.7534315E+00 -0.9378340E-03
 -0.7334187E+00 -0.9100958E-03
 -0.6783784E+00 -0.8388842E-03
 -0.6377084E+00 -0.7927263E-03
 -0.5996427E+00 -0.7465272E-03
 -0.5560960E+00 -0.6918172E-03
 -0.5210547E+00 -0.6483985E-03
 -0.4837741E+00 -0.6022773E-03
 -0.4376453E+00 -0.5441656E-03
 -0.3988202E+00 -0.4967402E-03
 -0.3593306E+00 -0.4495002E-03
 -0.3037683E+00 -0.3791869E-03
 -0.2564547E+00 -0.3196824E-03
 -0.2074953E+00 -0.2590833E-03
 -0.1520688E+00 -0.1902725E-03
 -0.9434387E-01 -0.1177740E-03
 -0.4563070E-01 -0.5721805E-04
  0.3802608E-03 -0.4311150E-06
  0.5691214E-01  0.7021493E-04
  0.7321572E+00  0.8972460E-03
  0.2755706E+00  0.3399797E-03
  0.3301938E+00  0.4095742E-03
  0.3912098E+00  0.4865221E-03
  0.4466599E+00  0.5563641E-03
  0.4826919E+00  0.6001411E-03
  0.5180081E+00  0.6432715E-03
  0.5611598E+00  0.6977470E-03
  0.6028479E+00  0.7499990E-03
  0.6381899E+00  0.7924553E-03
  0.4989106E-01  0.6238122E-04
  0.5076051E+00  0.6300627E-03
 -0.8407492E+00 -0.1063117E-02
  0.6089360E+00  0.7677858E-03
  0.3391276E+00  0.4262765E-03
 -0.5194089E+00 -0.6560534E-03
  0.6250324E+00  0.7915467E-03
 -0.8097763E+00 -0.1027835E-02
 -0.7914324E+00 -0.9990835E-03
  0.9211878E+00  0.1200734E-02
  0.4674258E+00  0.5801283E-03
 -0.7141425E+00 -0.9017899E-03
 -0.6112804E+00 -0.7717540E-03
 -0.4847517E+00 -0.6120710E-03
 -0.3395615E+00 -0.4289247E-03
 -0.1847912E+00 -0.2339889E-03
 -0.4387461E-01 -0.5769516E-04
  0.1024796E+01  0.1349632E-02
  0.3311433E+00  0.4117279E-03
  0.4947419E+00  0.6222297E-03
  0.1053092E+01  0.1387073E-02
 -0.1775897E+00 -0.2272758E-03
  0.2825683E+00  0.3494023E-03
 -0.3408612E-01 -0.4361990E-04
 -0.6926223E-01 -0.8637046E-04
  0.1440828E+00  0.1773368E-03
  0.5103347E-01  0.6273380E-04
 -0.6391516E+00 -0.8083842E-03
  0.4808117E+00  0.6055340E-03
 -0.8120431E+00 -0.1027945E-02
  0.9185253E+00  0.1205396E-02
  0.1047371E+01  0.1395701E-02
  0.6985720E+00  0.8707213E-03
  0.7231992E+00  0.8907954E-03
  0.9502594E+00  0.1236028E-02
  0.1587919E+01  0.2175346E-02
  0.1767360E+01  0.2437083E-02
  0.1952594E+00  0.2474749E-03
  0.1190334E+00  0.1538728E-03
  0.6428638E+00  0.7970341E-03
 -0.4262237E+00 -0.5454203E-03
  0.6957735E+00  0.8543892E-03
 -0.3474064E+00 -0.4488011E-03
 -0.1867402E-01 -0.2466562E-04
 -0.6395020E+00 -0.7912450E-03
  0.9885323E-01  0.1220175E-03
 -0.8384249E+00 -0.1063185E-02
 -0.2851885E+00 -0.3609498E-03
  0.7482772E+00  0.9379600E-03
 -0.4420193E+00 -0.5567165E-03
  0.2798182E+00  0.3524778E-03
 -0.8124125E+00 -0.1028952E-02
  0.4247961E+00  0.5355389E-03
 -0.7451578E+00 -0.9426647E-03
 -0.5747051E+00 -0.7269318E-03
  0.5607400E+00  0.7078137E-03
  0.5350407E+00  0.6752239E-03
 -0.6569532E+00 -0.8308621E-03
 -0.5433512E+00 -0.6871831E-03
 -0.4088951E+00 -0.5172915E-03
 -0.2592263E+00 -0.3282886E-03
 -0.1026137E+00 -0.1303752E-03
  0.6204220E-01  0.7961837E-04
  0.2540162E+00  0.3188754E-03
  0.6430856E+00  0.7916956E-03
 -0.6972339E+00 -0.8614258E-03
 -0.2138790E+00 -0.2698150E-03
  0.2086620E+00  0.2581682E-03
  0.4215105E+00  0.5354863E-03
 -0.6933044E+00 -0.8810584E-03
  0.3002624E+01  0.4266010E-02
  0.2521582E+01  0.3581462E-02
  0.2370652E+01  0.3352233E-02
  0.2296327E+01  0.3228198E-02
  0.2250729E+01  0.3143341E-02
  0.2218038E+01  0.3075911E-02
  0.2191741E+01  0.3017012E-02
  0.2169082E+01  0.2962940E-02
  0.2148563E+01  0.2911741E-02
  0.2129320E+01  0.2862298E-02
  0.2110758E+01  0.2813895E-02
  0.2092466E+01  0.2766023E-02
  0.2074184E+01  0.2718414E-02
  0.2055821E+01  0.2670954E-02
  0.2037555E+01  0.2623916E-02
  0.2020063E+01  0.2578132E-02
  0.2004991E+01  0.2535602E-02
  0.1995959E+01  0.2500716E-02
  0.2001023E+01  0.2483234E-02
  0.2039589E+01  0.2506613E-02
  0.1950441E+01  0.2397242E-02
  0.1776052E+01  0.2183098E-02
  0.1524044E+01  0.1873545E-02
  0.1205416E+01  0.1482092E-02
  0.8340909E+00  0.1025851E-02
  0.4262856E+00  0.5247418E-03
 -0.1292625E-03  0.7234773E-06
 -0.4264806E+00 -0.5232526E-03
 -0.8341926E+00 -0.1024360E-02
 -0.1205463E+01 -0.1480721E-02
 -0.1524071E+01 -0.1872386E-02
 -0.1776066E+01 -0.2182225E-02
 -0.1950446E+01 -0.2396696E-02
 -0.2039588E+01 -0.2506423E-02
 -0.2039577E+01 -0.2506596E-02
 -0.1950439E+01 -0.2397230E-02
 -0.1776051E+01 -0.2183083E-02
 -0.1524045E+01 -0.1873535E-02
 -0.1205429E+01 -0.1482100E-02
 -0.8341297E+00 -0.1025891E-02
 -0.4263748E+00 -0.5248461E-03
  0.1392388E-04 -0.8644246E-06
  0.4264007E+00  0.5231549E-03
  0.8341503E+00  0.1024309E-02
  0.1205441E+01  0.1480687E-02
  0.1524045E+01  0.1872356E-02
  0.1776047E+01  0.2182195E-02
  0.1950426E+01  0.2396666E-02
  0.2039579E+01  0.2506407E-02
  0.2000991E+01  0.2483006E-02
  0.1995929E+01  0.2500492E-02
  0.2004969E+01  0.2535384E-02
  0.2020023E+01  0.2577882E-02
  0.2037525E+01  0.2623684E-02
  0.2055789E+01  0.2670717E-02
  0.2074141E+01  0.2718150E-02
  0.2092417E+01  0.2765757E-02
  0.2110710E+01  0.2813624E-02
  0.2129272E+01  0.2862016E-02
  0.2148528E+01  0.2911474E-02
  0.2169053E+01  0.2962681E-02
  0.2191730E+01  0.3016766E-02
  0.2218072E+01  0.3075728E-02
  0.2250764E+01  0.3143135E-02
  0.2296439E+01  0.3228106E-02
  0.2370834E+01  0.3352222E-02
  0.2521687E+01  0.3581334E-02
  0.3000786E+01  0.4263112E-02
  0.2870430E+01  0.4077576E-02
  0.2614865E+01  0.3714174E-02
  0.2244322E+01  0.3187474E-02
  0.1775433E+01  0.2521094E-02
  0.1229055E+01  0.1744644E-02
  0.6288862E+00  0.8918082E-03
  0.9086811E-03 -0.4468066E-06
 -0.6271219E+00 -0.8926992E-03
 -0.1227554E+01 -0.1745691E-02
 -0.1774294E+01 -0.2522334E-02
 -0.2243404E+01 -0.3188633E-02
 -0.2614562E+01 -0.3715727E-02
 -0.2871475E+01 -0.4080450E-02
 -0.3002783E+01 -0.4266707E-02
 -0.3002645E+01 -0.4266209E-02
 -0.2871205E+01 -0.4079151E-02
 -0.2614284E+01 -0.3713835E-02
 -0.2243109E+01 -0.3186207E-02
 -0.1773834E+01 -0.2519258E-02
 -0.1227019E+01 -0.1742175E-02
 -0.6263070E+00 -0.8885961E-03
  0.1749350E-02  0.3774298E-05
  0.6295875E+00  0.8957883E-03
  0.1229702E+01  0.1748361E-02
  0.1775593E+01  0.2523813E-02
  0.2241495E+01  0.3185543E-02
  0.2602319E+01  0.3697926E-02
  0.2864782E+01  0.4070469E-02
  0.2195851E+01  0.3087204E-02
  0.2152260E+01  0.3006060E-02
  0.2120986E+01  0.2941564E-02
  0.2095894E+01  0.2885309E-02
  0.2074234E+01  0.2833608E-02
  0.2054620E+01  0.2784645E-02
  0.2036219E+01  0.2737363E-02
  0.2018467E+01  0.2691079E-02
  0.2000963E+01  0.2645283E-02
  0.1983473E+01  0.2599729E-02
  0.1965935E+01  0.2554380E-02
  0.1948481E+01  0.2509414E-02
  0.1931746E+01  0.2465613E-02
  0.1917340E+01  0.2424949E-02
  0.1908696E+01  0.2391577E-02
  0.1913551E+01  0.2374868E-02
  0.1742422E+01  0.2162674E-02
  0.1495140E+01  0.1855964E-02
  0.1182421E+01  0.1468035E-02
  0.8177774E+00  0.1015620E-02
  0.4173256E+00  0.5187359E-03
 -0.1083928E-02 -0.4699510E-06
 -0.4190563E+00 -0.5191572E-03
 -0.8187425E+00 -0.1015194E-02
 -0.1182813E+01 -0.1467076E-02
 -0.1495315E+01 -0.1854993E-02
 -0.1742518E+01 -0.2161907E-02
 -0.1913579E+01 -0.2374352E-02
 -0.2001014E+01 -0.2483029E-02
 -0.2001005E+01 -0.2483200E-02
 -0.1913534E+01 -0.2374834E-02
 -0.1742441E+01 -0.2162684E-02
 -0.1495184E+01 -0.1856002E-02
 -0.1182589E+01 -0.1468215E-02
 -0.8183087E+00 -0.1016260E-02
 -0.4182611E+00 -0.5198850E-03
  0.6131220E-04 -0.7964371E-06
  0.4183805E+00  0.5183283E-03
  0.8184098E+00  0.1014795E-02
  0.1182674E+01  0.1466911E-02
  0.1495241E+01  0.1854914E-02
  0.1742468E+01  0.2161852E-02
  0.1913538E+01  0.2374307E-02
  0.1908700E+01  0.2391029E-02
  0.1917349E+01  0.2424398E-02
  0.1931771E+01  0.2465067E-02
  0.1948494E+01  0.2508842E-02
  0.1965954E+01  0.2553812E-02
  0.1983497E+01  0.2599161E-02
  0.2000960E+01  0.2644668E-02
  0.2018451E+01  0.2690439E-02
  0.2036217E+01  0.2736734E-02
  0.2054646E+01  0.2784037E-02
  0.2074277E+01  0.2833012E-02
  0.2095975E+01  0.2884748E-02
  0.2121174E+01  0.2941131E-02
  0.2152462E+01  0.3005630E-02
  0.2196166E+01  0.3086909E-02
  0.2267290E+01  0.3205562E-02
  0.2411403E+01  0.3424415E-02
  0.2195790E+01  0.3117941E-02
  0.1884325E+01  0.2675366E-02
  0.1490547E+01  0.2115926E-02
  0.1031755E+01  0.1464188E-02
  0.5279005E+00  0.7484857E-03
  0.8360369E-03 -0.1123771E-06
 -0.5262711E+00 -0.7487113E-03
 -0.1030334E+01 -0.1464529E-02
 -0.1489307E+01 -0.2116265E-02
 -0.1883189E+01 -0.2675509E-02
 -0.2194782E+01 -0.3117839E-02
 -0.2410461E+01 -0.3423923E-02
 -0.2520700E+01 -0.3580232E-02
 -0.2520622E+01 -0.3579863E-02
 -0.2410323E+01 -0.3422949E-02
 -0.2194662E+01 -0.3116408E-02
 -0.1883104E+01 -0.2673696E-02
 -0.1489177E+01 -0.2114038E-02
 -0.1030080E+01 -0.1461866E-02
 -0.5259038E+00 -0.7457150E-03
  0.1232679E-02  0.2995675E-05
  0.5282860E+00  0.7515395E-03
  0.1032234E+01  0.1467221E-02
  0.1490897E+01  0.2118530E-02
  0.1884043E+01  0.2676727E-02
  0.2194400E+01  0.3117308E-02
  0.2410324E+01  0.3423724E-02
  0.2266757E+01  0.3205586E-02
  0.1959812E+01  0.2737535E-02
  0.1888712E+01  0.2580411E-02
  0.1870847E+01  0.2535817E-02
  0.1854081E+01  0.2492745E-02
  0.1837915E+01  0.2450593E-02
  0.1821968E+01  0.2408876E-02
  0.1806012E+01  0.2367364E-02
  0.1789987E+01  0.2326031E-02
  0.1774010E+01  0.2284972E-02
  0.1758827E+01  0.2245157E-02
  0.1745774E+01  0.2208193E-02
  0.1737965E+01  0.2177860E-02
  0.1491109E+01  0.1868754E-02
  0.8138050E+00  0.1020407E-02
  0.1178600E+01  0.1477370E-02
  0.4137774E+00  0.5192701E-03
 -0.3592604E-02 -0.3616367E-05
 -0.4197396E+00 -0.5249786E-03
 -0.8175066E+00 -0.1023354E-02
 -0.1180151E+01 -0.1477785E-02
 -0.1491642E+01 -0.1868170E-02
 -0.1738146E+01 -0.2177158E-02
 -0.1908754E+01 -0.2391076E-02
 -0.1995960E+01 -0.2500509E-02
 -0.1995928E+01 -0.2500653E-02
 -0.1908680E+01 -0.2391525E-02
 -0.1738007E+01 -0.2177870E-02
 -0.1491372E+01 -0.1869023E-02
 -0.1179561E+01 -0.1478498E-02
 -0.8162014E+00 -0.1023363E-02
 -0.4171661E+00 -0.5234939E-03
  0.9400061E-04 -0.7586102E-06
  0.4173481E+00  0.5220118E-03
  0.8163570E+00  0.1021962E-02
  0.1179689E+01  0.1477251E-02
  0.1491473E+01  0.1867988E-02
  0.1738063E+01  0.2177077E-02
  0.1745937E+01  0.2207461E-02
  0.1774289E+01  0.2284332E-02
  0.1759065E+01  0.2244484E-02
  0.1790179E+01  0.2325268E-02
  0.1806144E+01  0.2366548E-02
  0.1822041E+01  0.2407977E-02
  0.1837970E+01  0.2449648E-02
  0.1854145E+01  0.2491805E-02
  0.1870924E+01  0.2534875E-02
  0.1888816E+01  0.2579482E-02
  0.1908594E+01  0.2626619E-02
  0.1931583E+01  0.2678019E-02
  0.1960091E+01  0.2736769E-02
  0.1999899E+01  0.2810785E-02
  0.2064622E+01  0.2918758E-02
  0.1771775E+01  0.2504483E-02
  0.9700732E+00  0.1370608E-02
  0.1401517E+01  0.1980783E-02
  0.4962406E+00  0.7005415E-03
  0.6812959E-03 -0.1939803E-06
 -0.4948991E+00 -0.7009060E-03
 -0.9688575E+00 -0.1370998E-02
 -0.1400436E+01 -0.1981118E-02
 -0.1770818E+01 -0.2504667E-02
 -0.2063744E+01 -0.2918659E-02
 -0.2266480E+01 -0.3205105E-02
 -0.2370143E+01 -0.3351437E-02
 -0.2370134E+01 -0.3351175E-02
 -0.2266469E+01 -0.3204359E-02
 -0.2063735E+01 -0.2917472E-02
 -0.1770778E+01 -0.2503032E-02
 -0.1400414E+01 -0.1979176E-02
 -0.9687459E+00 -0.1368683E-02
 -0.4947488E+00 -0.6983741E-03
  0.8540603E-03  0.2434770E-05
  0.4963929E+00  0.7031046E-03
  0.9702306E+00  0.1373040E-02
  0.1401526E+01  0.1982768E-02
  0.1771447E+01  0.2505667E-02
  0.2064039E+01  0.2919173E-02
  0.1931301E+01  0.2678745E-02
  0.1908451E+01  0.2627513E-02
  0.1999474E+01  0.2811377E-02
  0.1590955E+01  0.2139252E-02
  0.1605312E+01  0.2176170E-02
  0.1563358E+01  0.2067262E-02
  0.1549349E+01  0.2031269E-02
  0.1535010E+01  0.1995024E-02
  0.1520931E+01  0.1959304E-02
  0.1508014E+01  0.1925275E-02
  0.1497358E+01  0.1894241E-02
 -0.6658515E-02 -0.7519223E-05
 -0.4238261E+00 -0.5350388E-03
  0.8149473E+00  0.1031455E-02
  0.4127528E+00  0.5228578E-03
  0.1182249E+01  0.1495875E-02
 -0.8223541E+00 -0.1039035E-02
 -0.1185919E+01 -0.1498884E-02
 -0.1498525E+01 -0.1894356E-02
 -0.1746034E+01 -0.2207526E-02
 -0.1917404E+01 -0.2424426E-02
 -0.2005000E+01 -0.2535387E-02
 -0.2004965E+01 -0.2535529E-02
 -0.1917312E+01 -0.2424868E-02
 -0.1745857E+01 -0.2208218E-02
 -0.1498107E+01 -0.1895068E-02
 -0.1184876E+01 -0.1499087E-02
 -0.8198665E+00 -0.1037595E-02
 -0.4190383E+00 -0.5307739E-03
  0.1024102E-03 -0.7563233E-06
  0.4192376E+00  0.5292956E-03
  0.8200538E+00  0.1036217E-02
  0.1185027E+01  0.1497854E-02
  0.1498232E+01  0.1894056E-02
  0.1549826E+01  0.2030469E-02
  0.1563454E+01  0.2065997E-02
  0.1522527E+01  0.1959975E-02
  0.1536144E+01  0.1995076E-02
  0.1509477E+01  0.1925801E-02
  0.1577113E+01  0.2101742E-02
  0.1590994E+01  0.2137911E-02
  0.1605401E+01  0.2174881E-02
  0.1620772E+01  0.2213186E-02
  0.1637771E+01  0.2253664E-02
  0.1657525E+01  0.2297801E-02
  0.1681963E+01  0.2348180E-02
  0.1716201E+01  0.2411791E-02
  0.5375333E-03 -0.3364778E-06
 -0.4794938E+00 -0.6751039E-03
  0.9395598E+00  0.1319771E-02
  0.4805431E+00  0.6744494E-03
  0.1357516E+01  0.1907422E-02
 -0.9385654E+00 -0.1320369E-02
 -0.1356621E+01 -0.1907921E-02
 -0.1715384E+01 -0.2412091E-02
 -0.1999161E+01 -0.2810812E-02
 -0.2195520E+01 -0.3086626E-02
 -0.2295926E+01 -0.3227536E-02
 -0.2295931E+01 -0.3227310E-02
 -0.2195549E+01 -0.3085971E-02
 -0.1999189E+01 -0.2809719E-02
 -0.1715434E+01 -0.2410644E-02
 -0.1356666E+01 -0.1906147E-02
 -0.9385974E+00 -0.1318330E-02
 -0.4794708E+00 -0.6728394E-03
  0.5980881E-03  0.2045485E-05
  0.4805773E+00  0.6767561E-03
  0.9395341E+00  0.1321861E-02
  0.1357403E+01  0.1909157E-02
  0.1715900E+01  0.2412951E-02
  0.1657258E+01  0.2298921E-02
  0.1637618E+01  0.2254911E-02
  0.1577088E+01  0.2103101E-02
  0.1681822E+01  0.2349507E-02
  0.1620647E+01  0.2214441E-02
  0.1236875E+01  0.1635928E-02
  0.1225215E+01  0.1606689E-02
  0.1189881E+01  0.1519407E-02
 -0.8286930E+00 -0.1056611E-02
 -0.1194810E+01 -0.1523926E-02
 -0.4270903E+00 -0.5441087E-03
 -0.6438184E-02 -0.7295268E-05
  0.8201651E+00  0.1047611E-02
  0.4159127E+00  0.5317070E-03
  0.1269684E+01  0.1719796E-02
 -0.1759152E+01 -0.2244508E-02
 -0.1931803E+01 -0.2465043E-02
 -0.2020049E+01 -0.2577858E-02
 -0.2020013E+01 -0.2578004E-02
 -0.1931696E+01 -0.2465476E-02
 -0.1758959E+01 -0.2245206E-02
 -0.1509332E+01 -0.1926788E-02
 -0.1193765E+01 -0.1524191E-02
 -0.8260192E+00 -0.1054975E-02
 -0.4221930E+00 -0.5396759E-03
  0.8041339E-04 -0.7960166E-06
  0.4223594E+00  0.5381354E-03
  0.8261850E+00  0.1053553E-02
  0.1193908E+01  0.1522941E-02
  0.1247296E+01  0.1661944E-02
  0.1258271E+01  0.1690542E-02
  0.1236509E+01  0.1633696E-02
  0.1225758E+01  0.1605632E-02
  0.1204222E+01  0.1549955E-02
  0.1214967E+01  0.1577679E-02
 -0.1681354E+01 -0.2348731E-02
  0.1281872E+01  0.1750129E-02
  0.1295355E+01  0.1782198E-02
  0.1311028E+01  0.1817169E-02
  0.1330435E+01  0.1857120E-02
 -0.9200518E+00 -0.1285824E-02
 -0.1329750E+01 -0.1857866E-02
 -0.4701299E+00 -0.6575699E-03
  0.3337476E-03 -0.5865513E-06
  0.9207331E+00  0.1284854E-02
  0.4708221E+00  0.6564810E-03
 -0.1959487E+01 -0.2736969E-02
 -0.2151975E+01 -0.3005566E-02
 -0.2250381E+01 -0.3142766E-02
 -0.2250390E+01 -0.3142545E-02
 -0.2152045E+01 -0.3004980E-02
 -0.1959581E+01 -0.2735988E-02
 -0.1681507E+01 -0.2347460E-02
 -0.1329895E+01 -0.1856271E-02
 -0.9201407E+00 -0.1283921E-02
 -0.4701558E+00 -0.6554322E-03
  0.3446318E-03  0.1661446E-05
  0.4708004E+00  0.6586483E-03
  0.9206498E+00  0.1286801E-02
  0.1330274E+01  0.1858732E-02
  0.1281851E+01  0.1751827E-02
  0.1247917E+01  0.1664477E-02
  0.1295262E+01  0.1783824E-02
 -0.1509744E+01 -0.1926020E-02
  0.1310885E+01  0.1818765E-02
  0.1269815E+01  0.1721679E-02
  0.1200469E+01  0.1546778E-02
  0.1212803E+01  0.1576599E-02
  0.1258642E+01  0.1692730E-02
  0.8580412E+00  0.1135244E-02
  0.8494980E+00  0.1114343E-02
  0.4229248E+00  0.5455475E-03
 -0.8338519E+00 -0.1072762E-02
 -0.1204336E+01 -0.1549918E-02
  0.8291886E+00  0.1068725E-02
 -0.4272555E+00 -0.5492125E-03
 -0.2142326E-02 -0.1816941E-05
  0.8963405E+00  0.1232858E-02
 -0.1774310E+01 -0.2284253E-02
  0.8555314E+00  0.1129999E-02
 -0.2037523E+01 -0.2623598E-02
 -0.1948486E+01 -0.2508748E-02
 -0.1948409E+01 -0.2509231E-02
 -0.1774172E+01 -0.2285044E-02
 -0.1522391E+01 -0.1960979E-02
 -0.1204093E+01 -0.1551238E-02
 -0.8331846E+00 -0.1073721E-02
 -0.4258795E+00 -0.5492942E-03
  0.3367891E-04 -0.8681034E-06
  0.4259619E+00  0.5476234E-03
  0.8332924E+00  0.1072205E-02
  0.8406994E+00  0.1091349E-02
 -0.1657155E+01 -0.2298658E-02
  0.8705599E+00  0.1169289E-02
  0.8629689E+00  0.1149506E-02
  0.8481314E+00  0.1110640E-02
 -0.2120907E+01 -0.2941365E-02
  0.9072391E+00  0.1257126E-02
 -0.4634725E+00 -0.6437027E-03
  0.8869483E+00  0.1210591E-02
  0.4638274E+00  0.6421834E-03
 -0.2217884E+01 -0.3075625E-02
 -0.1310644E+01 -0.1818297E-02
 -0.9068679E+00 -0.1258490E-02
  0.1741492E-03 -0.7882877E-06
 -0.1931230E+01 -0.2678545E-02
 -0.2217927E+01 -0.3075453E-02
 -0.2120996E+01 -0.2940822E-02
 -0.1931353E+01 -0.2677633E-02
 -0.1657273E+01 -0.2297380E-02
 -0.1310769E+01 -0.1816724E-02
 -0.9069718E+00 -0.1256657E-02
 -0.4635449E+00 -0.6416762E-03
  0.1468824E-03  0.1358406E-05
  0.4638069E+00  0.6443026E-03
  0.9071826E+00  0.1259062E-02
  0.8791293E+00  0.1192354E-02
  0.8651432E+00  0.1154309E-02
 -0.1522502E+01 -0.1959792E-02
  0.8963537E+00  0.1234853E-02
  0.8395523E+00  0.1091710E-02
  0.8719485E+00  0.1173059E-02
  0.8871482E+00  0.1212807E-02
 -0.2037489E+01 -0.2623753E-02
  0.8784730E+00  0.1189549E-02
  0.4375603E+00  0.5744497E-03
  0.2584878E-02  0.4320100E-05
 -0.1213870E+01 -0.1576070E-02
  0.4372040E+00  0.5769785E-03
 -0.2055737E+01 -0.2670762E-02
 -0.1790069E+01 -0.2325009E-02
  0.4581673E+00  0.6296632E-03
 -0.1536028E+01 -0.1996118E-02
  0.4334701E+00  0.5671540E-03
  0.4489079E+00  0.6073653E-03
 -0.1965923E+01 -0.2553676E-02
 -0.1790058E+01 -0.2325982E-02
 -0.8406798E+00 -0.1092999E-02
 -0.4297475E+00 -0.5592033E-03
 -0.2684934E-04 -0.9581544E-06
  0.4297131E+00  0.5573545E-03
 -0.2191639E+01 -0.3016610E-02
  0.4448475E+00  0.5969934E-03
 -0.8962281E+00 -0.1234555E-02
 -0.1637542E+01 -0.2254707E-02
  0.4409772E+00  0.5869029E-03
 -0.1908483E+01 -0.2626423E-02
 -0.2191620E+01 -0.3016801E-02
 -0.1908367E+01 -0.2627319E-02
 -0.2095871E+01 -0.2884567E-02
 -0.4581205E+00 -0.6315777E-03
 -0.1295168E+01 -0.1783581E-02
  0.4532898E+00  0.6181810E-03
 -0.1214891E+01 -0.1579045E-02
 -0.1965855E+01 -0.2554188E-02
 -0.1637683E+01 -0.2253493E-02
 -0.1295292E+01 -0.1782040E-02
 -0.8962764E+00 -0.1232681E-02
 -0.4580573E+00 -0.6294064E-03
  0.1474597E-03  0.1331577E-05
  0.4582925E+00  0.6319404E-03
  0.4538102E+00  0.6209605E-03
  0.4447588E+00  0.5939276E-03
  0.4472920E+00  0.6022867E-03
  0.4420239E+00  0.5853100E-03
 -0.2055772E+01 -0.2670614E-02
 -0.2095790E+01 -0.2885106E-02
  0.4308234E+00  0.5606814E-03
 -0.8387287E+00 -0.1088637E-02
  0.4501913E+00  0.6111415E-03
  0.7472816E-05 -0.1004109E-05
 -0.1535668E+01 -0.1994303E-02
 -0.2074075E+01 -0.2718191E-02
 -0.1281806E+01 -0.1749984E-02
 -0.1620736E+01 -0.2213091E-02
 -0.8867942E+00 -0.1210301E-02
 -0.1549743E+01 -0.2031572E-02
 -0.2169014E+01 -0.2962604E-02
 -0.2174820E-03 -0.1280718E-05
 -0.1983456E+01 -0.2599024E-02
 -0.1806032E+01 -0.2367289E-02
  0.5113082E-02  0.7684745E-05
 -0.8482255E+00 -0.1112462E-02
 -0.4336402E+00 -0.5692068E-03
 -0.1620661E+01 -0.2214375E-02
 -0.2431363E-03 -0.1300780E-05
 -0.1888771E+01 -0.2579393E-02
 -0.1888670E+01 -0.2580292E-02
 -0.8870549E+00 -0.1212561E-02
 -0.2074234E+01 -0.2832926E-02
 -0.2256171E-03 -0.1262364E-05
 -0.2074150E+01 -0.2833448E-02
 -0.4535037E+00 -0.6204270E-03
 -0.4292000E+00 -0.5614931E-03
 -0.9825158E-04 -0.1065602E-05
 -0.2168980E+01 -0.2962778E-02
 -0.1281858E+01 -0.1751730E-02
 -0.1309597E-03 -0.1178875E-05
 -0.4529514E+00 -0.6176296E-03
  0.5457687E-03  0.1847860E-05
 -0.2074117E+01 -0.2718040E-02
  0.2735673E-02  0.4727253E-05
  0.5250568E-02  0.7944752E-05
  0.4161497E-02  0.6573245E-05
 -0.1223948E+01 -0.1603109E-02
 -0.1727176E-03 -0.1178002E-05
 -0.1549099E+01 -0.2029377E-02
 -0.1805944E+01 -0.2366181E-02
 -0.1225751E+01 -0.1607110E-02
  0.1406020E-02  0.2980926E-05
 -0.8450271E+00 -0.1106462E-02
 -0.1983393E+01 -0.2599539E-02
 -0.4478272E+00 -0.6058264E-03
 -0.1870821E+01 -0.2535723E-02
 -0.8525026E+00 -0.1125906E-02
 -0.1563411E+01 -0.2067176E-02
 -0.4452858E+00 -0.5994882E-03
 -0.1236574E+01 -0.1635290E-02
 -0.1821837E+01 -0.2407623E-02
 -0.1562699E+01 -0.2064896E-02
 -0.8557423E+00 -0.1132003E-02
 -0.4375117E+00 -0.5792421E-03
 -0.1605356E+01 -0.2176140E-02
 -0.1269335E+01 -0.1719273E-02
 -0.2054539E+01 -0.2784499E-02
 -0.1870869E+01 -0.2534767E-02
 -0.2092391E+01 -0.2765661E-02
 -0.8787211E+00 -0.1191685E-02
 -0.2054623E+01 -0.2783988E-02
 -0.1269769E+01 -0.1721508E-02
 -0.4492921E+00 -0.6098169E-03
 -0.2000863E+01 -0.2645076E-02
 -0.4329239E+00 -0.5712605E-03
 -0.2148482E+01 -0.2911598E-02
 -0.1234739E+01 -0.1631249E-02
 -0.1605259E+01 -0.2174647E-02
 -0.1821943E+01 -0.2408754E-02
 -0.2092344E+01 -0.2765802E-02
 -0.4413820E+00 -0.5893233E-03
 -0.2148508E+01 -0.2911425E-02
 -0.4376041E+00 -0.5823484E-03
 -0.2000916E+01 -0.2644534E-02
 -0.8777823E+00 -0.1188546E-02
 -0.4426250E+00 -0.5939401E-03
 -0.1854053E+01 -0.2492640E-02
 -0.1590628E+01 -0.2137368E-02
 -0.8690463E+00 -0.1167188E-02
 -0.2018368E+01 -0.2690887E-02
 -0.1247411E+01 -0.1663633E-02
 -0.1837789E+01 -0.2449349E-02
 -0.4271808E+00 -0.5539947E-03
 -0.1257432E+01 -0.1689356E-02
 -0.2036130E+01 -0.2737203E-02
 -0.1854027E+01 -0.2491603E-02
 -0.8632483E+00 -0.1151628E-02
 -0.8605742E+00 -0.1146244E-02
 -0.2018409E+01 -0.2690331E-02
 -0.2036184E+01 -0.2736657E-02
 -0.8708600E+00 -0.1171463E-02
 -0.1577098E+01 -0.2102989E-02
 -0.2129224E+01 -0.2862137E-02
 -0.2110690E+01 -0.2813552E-02
 -0.1590974E+01 -0.2139179E-02
 -0.1258399E+01 -0.1692278E-02
 -0.2129251E+01 -0.2861959E-02
 -0.2110653E+01 -0.2813709E-02
 -0.1837878E+01 -0.2450466E-02
 -0.1245927E+01 -0.1660038E-02
 -0.1576510E+01 -0.2100866E-02
  0.1321484E+01  0.2341195E-02
  0.1260452E+01  0.2258901E-02
  0.1263651E+01  0.2231169E-02
  0.1286902E+01  0.2280298E-02
  0.1285055E+01  0.2276094E-02
  0.1254161E+01  0.2221530E-02
  0.1216378E+01  0.2154738E-02
  0.1173445E+01  0.2078817E-02
  0.1125461E+01  0.1993945E-02
  0.1072577E+01  0.1900389E-02
  0.1015026E+01  0.1798553E-02
  0.9530556E+00  0.1688894E-02
  0.8869207E+00  0.1571855E-02
  0.8169041E+00  0.1447954E-02
  0.7433221E+00  0.1317711E-02
  0.6664910E+00  0.1181742E-02
  0.5867536E+00  0.1040613E-02
  0.5044433E+00  0.8949190E-03
  0.4199121E+00  0.7452986E-03
  0.3335422E+00  0.5924331E-03
  0.2457613E+00  0.4370367E-03
  0.1569116E+00  0.2797390E-03
  0.6763790E-01  0.1216616E-03
 -0.6532859E-01 -0.1137863E-03
  0.1303034E+01  0.2308930E-02
 -0.3241714E+00 -0.5722552E-03
  0.1174290E+01  0.2105891E-02
 -0.5702034E+00 -0.1008120E-02
  0.1234734E+01  0.2187800E-02
 -0.7938592E+00 -0.1404353E-02
  0.1041734E+01  0.1869725E-02
 -0.9864121E+00 -0.1745519E-02
  0.1117702E+01  0.1980328E-02
 -0.1140215E+01 -0.2018091E-02
  0.8685004E+00  0.1560631E-02
 -0.1249275E+01 -0.2211415E-02
  0.9569620E+00  0.1695502E-02
 -0.1309337E+01 -0.2317930E-02
  0.6612132E+00  0.1190417E-02
 -0.1317961E+01 -0.2333373E-02
  0.7586295E+00  0.1344144E-02
 -0.1274810E+01 -0.2257132E-02
  0.4280111E+00  0.7736199E-03
 -0.1181654E+01 -0.2092294E-02
  0.5305545E+00  0.9401102E-03
 -0.1042136E+01 -0.1845309E-02
  0.1780785E+00  0.3265685E-03
 -0.8617438E+00 -0.1525917E-02
  0.2817325E+00  0.4993736E-03
 -0.6475348E+00 -0.1146592E-02
 -0.7875722E-01 -0.1330881E-03
 -0.4079621E+00 -0.7223206E-03
  0.2189010E-01  0.3907425E-04
 -0.1524187E+00 -0.2696812E-03
 -0.3324683E+00 -0.5874332E-03
  0.1091220E+00  0.1935805E-03
 -0.2387593E+00 -0.4226259E-03
  0.3664189E+00  0.6493513E-03
 -0.5731965E+00 -0.1018814E-02
  0.6094134E+00  0.1079820E-02
 -0.4900559E+00 -0.8676929E-03
  0.8285332E+00  0.1467974E-02
 -0.7914739E+00 -0.1410199E-02
  0.1015112E+01  0.1798527E-02
 -0.7221631E+00 -0.1278750E-02
  0.1161893E+01  0.2058676E-02
 -0.9787461E+00 -0.1746303E-02
  0.1263138E+01  0.2238185E-02
 -0.9259666E+00 -0.1639617E-02
  0.1314715E+01  0.2329570E-02
  0.1320860E+01  0.2340332E-02
  0.3629283E-01  0.5939600E-04
 -0.1127612E+01 -0.2013840E-02
 -0.4241447E+00 -0.7397361E-03
 -0.1093432E+01 -0.1936129E-02
 -0.6639884E+00 -0.1163265E-02
 -0.1232249E+01 -0.2202355E-02
 -0.8778115E+00 -0.1541182E-02
 -0.1218003E+01 -0.2156625E-02
 -0.1057191E+01 -0.1858567E-02
 -0.1288535E+01 -0.2304377E-02
 -0.1195055E+01 -0.2102952E-02
 -0.1294771E+01 -0.2292447E-02
 -0.1286049E+01 -0.2264788E-02
 -0.1294228E+01 -0.2315863E-02
 -0.1326590E+01 -0.2337711E-02
 -0.1320748E+01 -0.2338276E-02
 -0.1314999E+01 -0.2318785E-02
 -0.1249033E+01 -0.2236300E-02
 -0.1251790E+01 -0.2208796E-02
 -0.1294856E+01 -0.2292242E-02
 -0.1139486E+01 -0.2012113E-02
 -0.1154840E+01 -0.2068943E-02
 -0.9824619E+00 -0.1736438E-02
 -0.1218103E+01 -0.2156166E-02
 -0.7868745E+00 -0.1392559E-02
 -0.1015297E+01 -0.1820272E-02
 -0.5604438E+00 -0.9940532E-03
 -0.1093561E+01 -0.1935427E-02
 -0.3120364E+00 -0.5564899E-03
 -0.8359206E+00 -0.1500150E-02
 -0.5142343E-01 -0.9713499E-04
 -0.9261082E+00 -0.1638672E-02
  0.2112244E+00  0.3660985E-03
 -0.6237508E+00 -0.1121123E-02
  0.4656338E+00  0.8151131E-03
 -0.7222974E+00 -0.1277579E-02
  0.7018358E+00  0.1232221E-02
 -0.3871407E+00 -0.6981480E-03
  0.9105210E+00  0.1601078E-02
 -0.4901656E+00 -0.8663343E-03
  0.1083475E+01  0.1907149E-02
 -0.1353006E+00 -0.2476343E-03
  0.1213925E+01  0.2138453E-02
 -0.2388098E+00 -0.4210857E-03
  0.1296604E+01  0.2285712E-02
  0.1303713E+01  0.2309911E-02
 -0.1676298E+00 -0.2870576E-03
  0.1315571E+01  0.2330756E-02
  0.0000000E+00  0.0000000E+00
  0.0000000E+00  0.0000000E+00
  0.0000000E+00  0.0000000E+00
  0.0000000E+00  0.0000000E+00
  0.0000000E+00  0.0000000E+00
  0.0000000E+00  0.0000000E+00
  0.0000000E+00  0.0000000E+00
  0.0000000E+00  0.0000000E+00
  0.0000000E+00  0.0000000E+00
  0.0000000E+00  0.0000000E+00
  0.0000000E+00  0.0000000E+00
  0.0000000E+00  0.0000000E+00
  0.0000000E+00  0.0000000E+00
  0.0000000E+00  0.0000000E+00
  0.0000000E+00  0.0000000E+00
  0.0000000E+00  0.0000000E+00
  0.0000000E+00  0.0000000E+00
  0.0000000E+00  0.0000000E+00
  0.0000000E+00  0.0000000E+00
  0.0000000E+00  0.0000000E+00
  0.0000000E+00  0.0000000E+00
  0.0000000E+00  0.0000000E+00
  0.0000000E+00  0.0000000E+00
  0.0000000E+00  0.0000000E+00
  0.0000000E+00  0.0000000E+00
  0.0000000E+00  0.0000000E+00
  0.0000000E+00  0.0000000E+00
  0.0000000E+00  0.0000000E+00
  0.0000000E+00  0.0000000E+00
  0.0000000E+00  0.0000000E+00
  0.0000000E+00  0.0000000E+00
  0.0000000E+00  0.0000000E+00
  0.0000000E+00  0.0000000E+00
  0.0000000E+00  0.0000000E+00
  0.0000000E+00  0.0000000E+00
  0.0000000E+00  0.0000000E+00
  0.0000000E+00  0.0000000E+00
  0.0000000E+00  0.0000000E+00
  0.0000000E+00  0.0000000E+00
  0.0000000E+00  0.0000000E+00
  0.0000000E+00  0.0000000E+00
  0.0000000E+00  0.0000000E+00
  0.0000000E+00  0.0000000E+00
  0.0000000E+00  0.0000000E+00
  0.0000000E+00  0.0000000E+00
  0.0000000E+00  0.0000000E+00
  0.0000000E+00  0.0000000E+00
  0.0000000E+00  0.0000000E+00
  0.0000000E+00  0.0000000E+00
  0.0000000E+00  0.0000000E+00
  0.0000000E+00  0.0000000E+00
  0.0000000E+00  0.0000000E+00
  0.0000000E+00  0.0000000E+00
  0.0000000E+00  0.0000000E+00
  0.0000000E+00  0.0000000E+00
  0.0000000E+00  0.0000000E+00
  0.0000000E+00  0.0000000E+00
  0.0000000E+00  0.0000000E+00
  0.0000000E+00  0.0000000E+00
  0.0000000E+00  0.0000000E+00
  0.0000000E+00  0.0000000E+00
  0.0000000E+00  0.0000000E+00
  0.0000000E+00  0.0000000E+00
  0.0000000E+00  0.0000000E+00
  0.0000000E+00  0.0000000E+00
  0.0000000E+00  0.0000000E+00
  0.0000000E+00  0.0000000E+00
  0.0000000E+00  0.0000000E+00
  0.0000000E+00  0.0000000E+00
  0.0000000E+00  0.0000000E+00
  0.0000000E+00  0.0000000E+00
  0.0000000E+00  0.0000000E+00
  0.0000000E+00  0.0000000E+00
  0.0000000E+00  0.0000000E+00
  0.0000000E+00  0.0000000E+00
  0.0000000E+00  0.0000000E+00
  0.0000000E+00  0.0000000E+00
  0.0000000E+00  0.0000000E+00
  0.0000000E+00  0.0000000E+00
  0.0000000E+00  0.0000000E+00
  0.0000000E+00  0.0000000E+00
  0.0000000E+00  0.0000000E+00
  0.0000000E+00  0.0000000E+00
  0.0000000E+00  0.0000000E+00
  0.0000000E+00  0.0000000E+00
  0.0000000E+00  0.0000000E+00
  0.0000000E+00  0.0000000E+00
  0.0000000E+00  0.0000000E+00
  0.0000000E+00  0.0000000E+00
  0.0000000E+00  0.0000000E+00
  0.0000000E+00  0.0000000E+00
  0.0000000E+00  0.0000000E+00
  0.0000000E+00  0.0000000E+00
  0.0000000E+00  0.0000000E+00
  0.0000000E+00  0.0000000E+00
  0.0000000E+00  0.0000000E+00
  0.0000000E+00  0.0000000E+00
  0.0000000E+00  0.0000000E+00
  0.0000000E+00  0.0000000E+00
  0.0000000E+00  0.0000000E+00
  0.0000000E+00  0.0000000E+00
  0.0000000E+00  0.0000000E+00
  0.0000000E+00  0.0000000E+00
  0.0000000E+00  0.0000000E+00
  0.0000000E+00  0.0000000E+00
  0.0000000E+00  0.0000000E+00
  0.0000000E+00  0.0000000E+00
  0.0000000E+00  0.0000000E+00
  0.0000000E+00  0.0000000E+00
  0.0000000E+00  0.0000000E+00
  0.0000000E+00  0.0000000E+00
  0.0000000E+00  0.0000000E+00
  0.0000000E+00  0.0000000E+00
  0.0000000E+00  0.0000000E+00
  0.0000000E+00  0.0000000E+00
  0.0000000E+00  0.0000000E+00
  0.0000000E+00  0.0000000E+00
  0.0000000E+00  0.0000000E+00
  0.0000000E+00  0.0000000E+00
  0.0000000E+00  0.0000000E+00
  0.0000000E+00  0.0000000E+00
  0.0000000E+00  0.0000000E+00
  0.0000000E+00  0.0000000E+00
  0.0000000E+00  0.0000000E+00
  0.0000000E+00  0.0000000E+00
  0.0000000E+00  0.0000000E+00
  0.0000000E+00  0.0000000E+00
  0.0000000E+00  0.0000000E+00
  0.0000000E+00  0.0000000E+00
  0.0000000E+00  0.0000000E+00
  0.0000000E+00  0.0000000E+00
  0.0000000E+00  0.0000000E+00
  0.0000000E+00  0.0000000E+00
  0.0000000E+00  0.0000000E+00
  0.0000000E+00  0.0000000E+00
  0.0000000E+00  0.0000000E+00
  0.0000000E+00  0.0000000E+00
  0.0000000E+00  0.0000000E+00
  0.0000000E+00  0.0000000E+00
  0.0000000E+00  0.0000000E+00
  0.0000000E+00  0.0000000E+00
  0.0000000E+00  0.0000000E+00
  0.0000000E+00  0.0000000E+00
  0.0000000E+00  0.0000000E+00
  0.0000000E+00  0.0000000E+00
  0.0000000E+00  0.0000000E+00
  0.0000000E+00  0.0000000E+00
  0.0000000E+00  0.0000000E+00
  0.0000000E+00  0.0000000E+00
  0.0000000E+00  0.0000000E+00
  0.0000000E+00  0.0000000E+00
  0.0000000E+00  0.0000000E+00
  0.0000000E+00  0.0000000E+00
  0.0000000E+00  0.0000000E+00
  0.0000000E+00  0.0000000E+00
  0.0000000E+00  0.0000000E+00
  0.0000000E+00  0.0000000E+00
  0.0000000E+00  0.0000000E+00
  0.0000000E+00  0.0000000E+00
  0.0000000E+00  0.0000000E+00
  0.0000000E+00  0.0000000E+00
  0.0000000E+00  0.0000000E+00
  0.0000000E+00  0.0000000E+00
  0.0000000E+00  0.0000000E+00
  0.0000000E+00  0.0000000E+00
  0.0000000E+00  0.0000000E+00
  0.0000000E+00  0.0000000E+00
  0.0000000E+00  0.0000000E+00
  0.0000000E+00  0.0000000E+00
  0.0000000E+00  0.0000000E+00
  0.0000000E+00  0.0000000E+00
  0.0000000E+00  0.0000000E+00
  0.0000000E+00  0.0000000E+00
  0.0000000E+00  0.0000000E+00
  0.0000000E+00  0.0000000E+00
  0.0000000E+00  0.0000000E+00
  0.0000000E+00  0.0000000E+00
  0.0000000E+00  0.0000000E+00
  0.0000000E+00  0.0000000E+00
  0.0000000E+00  0.0000000E+00
  0.0000000E+00  0.0000000E+00
  0.0000000E+00  0.0000000E+00
  0.0000000E+00  0.0000000E+00
  0.0000000E+00  0.0000000E+00
  0.0000000E+00  0.0000000E+00
  0.0000000E+00  0.0000000E+00
  0.0000000E+00  0.0000000E+00
  0.0000000E+00  0.0000000E+00
  0.0000000E+00  0.0000000E+00
  0.0000000E+00  0.0000000E+00
  0.0000000E+00  0.0000000E+00
  0.0000000E+00  0.0000000E+00
  0.0000000E+00  0.0000000E+00
  0.0000000E+00  0.0000000E+00
  0.0000000E+00  0.0000000E+00
  0.0000000E+00  0.0000000E+00
  0.0000000E+00  0.0000000E+00
  0.0000000E+00  0.0000000E+00
  0.0000000E+00  0.0000000E+00
  0.0000000E+00  0.0000000E+00
  0.0000000E+00  0.0000000E+00
  0.0000000E+00  0.0000000E+00
  0.0000000E+00  0.0000000E+00
  0.0000000E+00  0.0000000E+00
  0.0000000E+00  0.0000000E+00
  0.0000000E+00  0.0000000E+00
  0.0000000E+00  0.0000000E+00
  0.0000000E+00  0.0000000E+00
  0.0000000E+00  0.0000000E+00
  0.0000000E+00  0.0000000E+00
  0.0000000E+00  0.0000000E+00
  0.0000000E+00  0.0000000E+00
  0.0000000E+00  0.0000000E+00
  0.0000000E+00  0.0000000E+00
  0.0000000E+00  0.0000000E+00
  0.0000000E+00  0.0000000E+00
  0.0000000E+00  0.0000000E+00
  0.0000000E+00  0.0000000E+00
  0.0000000E+00  0.0000000E+00
  0.0000000E+00  0.0000000E+00
  0.0000000E+00  0.0000000E+00
  0.0000000E+00  0.0000000E+00
  0.0000000E+00  0.0000000E+00
  0.0000000E+00  0.0000000E+00
  0.0000000E+00  0.0000000E+00
  0.0000000E+00  0.0000000E+00
  0.0000000E+00  0.0000000E+00
  0.0000000E+00  0.0000000E+00
  0.0000000E+00  0.0000000E+00
  0.0000000E+00  0.0000000E+00
  0.0000000E+00  0.0000000E+00
  0.0000000E+00  0.0000000E+00
  0.0000000E+00  0.0000000E+00
  0.0000000E+00  0.0000000E+00
  0.0000000E+00  0.0000000E+00
  0.0000000E+00  0.0000000E+00
  0.0000000E+00  0.0000000E+00
  0.0000000E+00  0.0000000E+00
  0.0000000E+00  0.0000000E+00
  0.0000000E+00  0.0000000E+00
  0.0000000E+00  0.0000000E+00
  0.0000000E+00  0.0000000E+00
  0.0000000E+00  0.0000000E+00
  0.0000000E+00  0.0000000E+00
  0.0000000E+00  0.0000000E+00
  0.0000000E+00  0.0000000E+00
  0.0000000E+00  0.0000000E+00
  0.0000000E+00  0.0000000E+00
  0.0000000E+00  0.0000000E+00
  0.0000000E+00  0.0000000E+00
  0.0000000E+00  0.0000000E+00
  0.0000000E+00  0.0000000E+00
  0.0000000E+00  0.0000000E+00
  0.0000000E+00  0.0000000E+00
  0.0000000E+00  0.0000000E+00
  0.0000000E+00  0.0000000E+00
  0.0000000E+00  0.0000000E+00
  0.0000000E+00  0.0000000E+00
  0.0000000E+00  0.0000000E+00
  0.0000000E+00  0.0000000E+00
  0.0000000E+00  0.0000000E+00
  0.0000000E+00  0.0000000E+00
  0.0000000E+00  0.0000000E+00
  0.0000000E+00  0.0000000E+00
  0.0000000E+00  0.0000000E+00
  0.0000000E+00  0.0000000E+00
  0.0000000E+00  0.0000000E+00
  0.0000000E+00  0.0000000E+00
  0.0000000E+00  0.0000000E+00
  0.0000000E+00  0.0000000E+00
  0.0000000E+00  0.0000000E+00
  0.0000000E+00  0.0000000E+00
  0.0000000E+00  0.0000000E+00
  0.0000000E+00  0.0000000E+00
  0.0000000E+00  0.0000000E+00
  0.0000000E+00  0.0000000E+00
  0.0000000E+00  0.0000000E+00
  0.0000000E+00  0.0000000E+00
  0.0000000E+00  0.0000000E+00
  0.0000000E+00  0.0000000E+00
  0.0000000E+00  0.0000000E+00
  0.0000000E+00  0.0000000E+00
  0.0000000E+00  0.0000000E+00
  0.0000000E+00  0.0000000E+00
  0.0000000E+00  0.0000000E+00
  0.0000000E+00  0.0000000E+00
  0.0000000E+00  0.0000000E+00
  0.0000000E+00  0.0000000E+00
  0.0000000E+00  0.0000000E+00
  0.0000000E+00  0.0000000E+00
  0.0000000E+00  0.0000000E+00
  0.0000000E+00  0.0000000E+00
  0.0000000E+00  0.0000000E+00
  0.0000000E+00  0.0000000E+00
  0.0000000E+00  0.0000000E+00
  0.0000000E+00  0.0000000E+00
  0.0000000E+00  0.0000000E+00
  0.0000000E+00  0.0000000E+00
  0.0000000E+00  0.0000000E+00
  0.0000000E+00  0.0000000E+00
  0.0000000E+00  0.0000000E+00
  0.0000000E+00  0.0000000E+00
  0.0000000E+00  0.0000000E+00
  0.0000000E+00  0.0000000E+00
  0.0000000E+00  0.0000000E+00
  0.0000000E+00  0.0000000E+00
  0.0000000E+00  0.0000000E+00
  0.0000000E+00  0.0000000E+00
  0.0000000E+00  0.0000000E+00
  0.0000000E+00  0.0000000E+00
  0.0000000E+00  0.0000000E+00
  0.0000000E+00  0.0000000E+00
  0.0000000E+00  0.0000000E+00
  0.0000000E+00  0.0000000E+00
  0.0000000E+00  0.0000000E+00
  0.0000000E+00  0.0000000E+00
  0.0000000E+00  0.0000000E+00
  0.0000000E+00  0.0000000E+00
  0.0000000E+00  0.0000000E+00
  0.0000000E+00  0.0000000E+00
  0.0000000E+00  0.0000000E+00
  0.0000000E+00  0.0000000E+00
  0.0000000E+00  0.0000000E+00
  0.0000000E+00  0.0000000E+00
  0.0000000E+00  0.0000000E+00
  0.0000000E+00  0.0000000E+00
  0.0000000E+00  0.0000000E+00
  0.0000000E+00  0.0000000E+00
  0.0000000E+00  0.0000000E+00
  0.0000000E+00  0.0000000E+00
  0.0000000E+00  0.0000000E+00
  0.0000000E+00  0.0000000E+00
  0.0000000E+00  0.0000000E+00
  0.0000000E+00  0.0000000E+00
  0.0000000E+00  0.0000000E+00
  0.0000000E+00  0.0000000E+00
  0.0000000E+00  0.0000000E+00
  0.0000000E+00  0.0000000E+00
  0.0000000E+00  0.0000000E+00
  0.0000000E+00  0.0000000E+00
  0.0000000E+00  0.0000000E+00
  0.0000000E+00  0.0000000E+00
  0.0000000E+00  0.0000000E+00
  0.0000000E+00  0.0000000E+00
  0.0000000E+00  0.0000000E+00
  0.0000000E+00  0.0000000E+00
  0.0000000E+00  0.0000000E+00
  0.0000000E+00  0.0000000E+00
  0.0000000E+00  0.0000000E+00
  0.0000000E+00  0.0000000E+00
  0.0000000E+00  0.0000000E+00
  0.0000000E+00  0.0000000E+00
  0.0000000E+00  0.0000000E+00
  0.0000000E+00  0.0000000E+00
  0.0000000E+00  0.0000000E+00
  0.0000000E+00  0.0000000E+00
  0.0000000E+00  0.0000000E+00
  0.0000000E+00  0.0000000E+00
  0.0000000E+00  0.0000000E+00
  0.0000000E+00  0.0000000E+00
  0.0000000E+00  0.0000000E+00
  0.0000000E+00  0.0000000E+00
  0.0000000E+00  0.0000000E+00
  0.0000000E+00  0.0000000E+00
  0.0000000E+00  0.0000000E+00
  0.0000000E+00  0.0000000E+00
  0.0000000E+00  0.0000000E+00
  0.0000000E+00  0.0000000E+00
  0.0000000E+00  0.0000000E+00
  0.0000000E+00  0.0000000E+00
  0.0000000E+00  0.0000000E+00
  0.0000000E+00  0.0000000E+00
  0.0000000E+00  0.0000000E+00
  0.0000000E+00  0.0000000E+00
  0.0000000E+00  0.0000000E+00
  0.0000000E+00  0.0000000E+00
  0.0000000E+00  0.0000000E+00
  0.0000000E+00  0.0000000E+00
  0.0000000E+00  0.0000000E+00
  0.0000000E+00  0.0000000E+00
  0.0000000E+00  0.0000000E+00
  0.0000000E+00  0.0000000E+00
  0.0000000E+00  0.0000000E+00
  0.0000000E+00  0.0000000E+00
  0.0000000E+00  0.0000000E+00
  0.0000000E+00  0.0000000E+00
  0.0000000E+00  0.0000000E+00
  0.0000000E+00  0.0000000E+00
  0.0000000E+00  0.0000000E+00
  0.0000000E+00  0.0000000E+00
  0.0000000E+00  0.0000000E+00
  0.0000000E+00  0.0000000E+00
  0.0000000E+00  0.0000000E+00
  0.0000000E+00  0.0000000E+00
  0.0000000E+00  0.0000000E+00
  0.0000000E+00  0.0000000E+00
  0.0000000E+00  0.0000000E+00
  0.0000000E+00  0.0000000E+00
  0.0000000E+00  0.0000000E+00
  0.0000000E+00  0.0000000E+00
  0.0000000E+00  0.0000000E+00
  0.0000000E+00  0.0000000E+00
  0.0000000E+00  0.0000000E+00
  0.0000000E+00  0.0000000E+00
  0.0000000E+00  0.0000000E+00
  0.0000000E+00  0.0000000E+00
  0.0000000E+00  0.0000000E+00
  0.0000000E+00  0.0000000E+00
  0.0000000E+00  0.0000000E+00
  0.0000000E+00  0.0000000E+00
  0.0000000E+00  0.0000000E+00
  0.0000000E+00  0.0000000E+00
  0.0000000E+00  0.0000000E+00
  0.0000000E+00  0.0000000E+00
  0.0000000E+00  0.0000000E+00
  0.0000000E+00  0.0000000E+00
  0.0000000E+00  0.0000000E+00
  0.0000000E+00  0.0000000E+00
  0.0000000E+00  0.0000000E+00
  0.0000000E+00  0.0000000E+00
  0.0000000E+00  0.0000000E+00
  0.0000000E+00  0.0000000E+00
  0.0000000E+00  0.0000000E+00
  0.0000000E+00  0.0000000E+00
  0.0000000E+00  0.0000000E+00
  0.0000000E+00  0.0000000E+00
  0.0000000E+00  0.0000000E+00
  0.0000000E+00  0.0000000E+00
  0.0000000E+00  0.0000000E+00
  0.0000000E+00  0.0000000E+00
  0.0000000E+00  0.0000000E+00
  0.0000000E+00  0.0000000E+00
  0.0000000E+00  0.0000000E+00
  0.0000000E+00  0.0000000E+00
  0.0000000E+00  0.0000000E+00
  0.0000000E+00  0.0000000E+00
  0.0000000E+00  0.0000000E+00
  0.0000000E+00  0.0000000E+00
  0.0000000E+00  0.0000000E+00
  0.0000000E+00  0.0000000E+00
  0.0000000E+00  0.0000000E+00
  0.0000000E+00  0.0000000E+00
  0.0000000E+00  0.0000000E+00
  0.0000000E+00  0.0000000E+00
  0.0000000E+00  0.0000000E+00
  0.0000000E+00  0.0000000E+00
  0.0000000E+00  0.0000000E+00
  0.0000000E+00  0.0000000E+00
  0.0000000E+00  0.0000000E+00
  0.0000000E+00  0.0000000E+00
  0.0000000E+00  0.0000000E+00
  0.0000000E+00  0.0000000E+00
  0.0000000E+00  0.0000000E+00
  0.0000000E+00  0.0000000E+00
  0.0000000E+00  0.0000000E+00
  0.0000000E+00  0.0000000E+00
  0.0000000E+00  0.0000000E+00
  0.0000000E+00  0.0000000E+00
  0.0000000E+00  0.0000000E+00
  0.0000000E+00  0.0000000E+00
  0.0000000E+00  0.0000000E+00
  0.0000000E+00  0.0000000E+00
  0.0000000E+00  0.0000000E+00
  0.0000000E+00  0.0000000E+00
  0.0000000E+00  0.0000000E+00
  0.0000000E+00  0.0000000E+00
  0.0000000E+00  0.0000000E+00
  0.0000000E+00  0.0000000E+00
  0.0000000E+00  0.0000000E+00
  0.0000000E+00  0.0000000E+00
  0.0000000E+00  0.0000000E+00
  0.0000000E+00  0.0000000E+00
  0.0000000E+00  0.0000000E+00
  0.0000000E+00  0.0000000E+00
  0.0000000E+00  0.0000000E+00
  0.0000000E+00  0.0000000E+00
  0.0000000E+00  0.0000000E+00
  0.0000000E+00  0.0000000E+00
  0.0000000E+00  0.0000000E+00
  0.0000000E+00  0.0000000E+00
  0.0000000E+00  0.0000000E+00
  0.0000000E+00  0.0000000E+00
  0.0000000E+00  0.0000000E+00
  0.0000000E+00  0.0000000E+00
  0.0000000E+00  0.0000000E+00
  0.0000000E+00  0.0000000E+00
  0.0000000E+00  0.0000000E+00
  0.0000000E+00  0.0000000E+00
  0.0000000E+00  0.0000000E+00
  0.0000000E+00  0.0000000E+00
  0.0000000E+00  0.0000000E+00
  0.0000000E+00  0.0000000E+00
  0.0000000E+00  0.0000000E+00
  0.0000000E+00  0.0000000E+00
  0.0000000E+00  0.0000000E+00
  0.0000000E+00  0.0000000E+00
  0.0000000E+00  0.0000000E+00
  0.0000000E+00  0.0000000E+00
  0.0000000E+00  0.0000000E+00
  0.0000000E+00  0.0000000E+00
  0.0000000E+00  0.0000000E+00
  0.0000000E+00  0.0000000E+00
  0.0000000E+00  0.0000000E+00
  0.0000000E+00  0.0000000E+00
  0.0000000E+00  0.0000000E+00
  0.0000000E+00  0.0000000E+00
  0.0000000E+00  0.0000000E+00
  0.0000000E+00  0.0000000E+00
  0.0000000E+00  0.0000000E+00
  0.0000000E+00  0.0000000E+00
  0.0000000E+00  0.0000000E+00
  0.0000000E+00  0.0000000E+00
  0.0000000E+00  0.0000000E+00
  0.0000000E+00  0.0000000E+00
  0.0000000E+00  0.0000000E+00
  0.0000000E+00  0.0000000E+00
  0.0000000E+00  0.0000000E+00
  0.0000000E+00  0.0000000E+00
  0.0000000E+00  0.0000000E+00
  0.0000000E+00  0.0000000E+00
  0.0000000E+00  0.0000000E+00
  0.0000000E+00  0.0000000E+00
  0.0000000E+00  0.0000000E+00
  0.0000000E+00  0.0000000E+00
  0.0000000E+00  0.0000000E+00
  0.0000000E+00  0.0000000E+00
  0.0000000E+00  0.0000000E+00
  0.0000000E+00  0.0000000E+00
  0.0000000E+00  0.0000000E+00
  0.0000000E+00  0.0000000E+00
  0.0000000E+00  0.0000000E+00
  0.0000000E+00  0.0000000E+00
  0.0000000E+00  0.0000000E+00
  0.0000000E+00  0.0000000E+00
  0.0000000E+00  0.0000000E+00
  0.0000000E+00  0.0000000E+00
  0.0000000E+00  0.0000000E+00
  0.0000000E+00  0.0000000E+00
  0.0000000E+00  0.0000000E+00
  0.0000000E+00  0.0000000E+00
  0.0000000E+00  0.0000000E+00
  0.0000000E+00  0.0000000E+00
  0.0000000E+00  0.0000000E+00
  0.0000000E+00  0.0000000E+00
  0.0000000E+00  0.0000000E+00
  0.0000000E+00  0.0000000E+00
  0.0000000E+00  0.0000000E+00
  0.0000000E+00  0.0000000E+00
  0.0000000E+00  0.0000000E+00
  0.0000000E+00  0.0000000E+00
  0.0000000E+00  0.0000000E+00
  0.0000000E+00  0.0000000E+00
  0.0000000E+00  0.0000000E+00
  0.0000000E+00  0.0000000E+00
  0.0000000E+00  0.0000000E+00
  0.0000000E+00  0.0000000E+00
  0.0000000E+00  0.0000000E+00
  0.0000000E+00  0.0000000E+00
  0.0000000E+00  0.0000000E+00
  0.0000000E+00  0.0000000E+00
  0.0000000E+00  0.0000000E+00
  0.0000000E+00  0.0000000E+00
  0.0000000E+00  0.0000000E+00
  0.0000000E+00  0.0000000E+00
  0.0000000E+00  0.0000000E+00
  0.0000000E+00  0.0000000E+00
  0.0000000E+00  0.0000000E+00
  0.0000000E+00  0.0000000E+00
  0.0000000E+00  0.0000000E+00
  0.0000000E+00  0.0000000E+00
  0.0000000E+00  0.0000000E+00
  0.0000000E+00  0.0000000E+00
  0.0000000E+00  0.0000000E+00
  0.0000000E+00  0.0000000E+00
  0.0000000E+00  0.0000000E+00
  0.0000000E+00  0.0000000E+00
  0.0000000E+00  0.0000000E+00
  0.0000000E+00  0.0000000E+00
  0.0000000E+00  0.0000000E+00
  0.0000000E+00  0.0000000E+00
  0.0000000E+00  0.0000000E+00
  0.0000000E+00  0.0000000E+00
  0.0000000E+00  0.0000000E+00
  0.0000000E+00  0.0000000E+00
  0.0000000E+00  0.0000000E+00
  0.0000000E+00  0.0000000E+00
  0.0000000E+00  0.0000000E+00
  0.0000000E+00  0.0000000E+00
  0.0000000E+00  0.0000000E+00
  0.0000000E+00  0.0000000E+00
  0.0000000E+00  0.0000000E+00
  0.0000000E+00  0.0000000E+00
  0.0000000E+00  0.0000000E+00
  0.0000000E+00  0.0000000E+00
  0.0000000E+00  0.0000000E+00
  0.0000000E+00  0.0000000E+00
  0.0000000E+00  0.0000000E+00
  0.0000000E+00  0.0000000E+00
  0.0000000E+00  0.0000000E+00
  0.0000000E+00  0.0000000E+00
  0.0000000E+00  0.0000000E+00
  0.0000000E+00  0.0000000E+00
  0.0000000E+00  0.0000000E+00
  0.0000000E+00  0.0000000E+00
  0.0000000E+00  0.0000000E+00
  0.0000000E+00  0.0000000E+00
  0.0000000E+00  0.0000000E+00
  0.0000000E+00  0.0000000E+00
  0.0000000E+00  0.0000000E+00
  0.0000000E+00  0.0000000E+00
  0.0000000E+00  0.0000000E+00
  0.0000000E+00  0.0000000E+00
  0.0000000E+00  0.0000000E+00
  0.0000000E+00  0.0000000E+00
  0.0000000E+00  0.0000000E+00
  0.0000000E+00  0.0000000E+00
  0.0000000E+00  0.0000000E+00
  0.0000000E+00  0.0000000E+00
  0.0000000E+00  0.0000000E+00
  0.0000000E+00  0.0000000E+00
  0.0000000E+00  0.0000000E+00
  0.0000000E+00  0.0000000E+00
  0.0000000E+00  0.0000000E+00
  0.0000000E+00  0.0000000E+00
  0.0000000E+00  0.0000000E+00
  0.0000000E+00  0.0000000E+00
  0.0000000E+00  0.0000000E+00
  0.0000000E+00  0.0000000E+00
  0.0000000E+00  0.0000000E+00
  0.0000000E+00  0.0000000E+00
  0.0000000E+00  0.0000000E+00
  0.0000000E+00  0.0000000E+00
  0.0000000E+00  0.0000000E+00
  0.0000000E+00  0.0000000E+00
  0.0000000E+00  0.0000000E+00
  0.0000000E+00  0.0000000E+00
  0.0000000E+00  0.0000000E+00
  0.0000000E+00  0.0000000E+00
  0.0000000E+00  0.0000000E+00
  0.0000000E+00  0.0000000E+00
  0.0000000E+00  0.0000000E+00
  0.0000000E+00  0.0000000E+00
  0.0000000E+00  0.0000000E+00
  0.0000000E+00  0.0000000E+00
  0.0000000E+00  0.0000000E+00
  0.0000000E+00  0.0000000E+00
  0.0000000E+00  0.0000000E+00
  0.0000000E+00  0.0000000E+00
  0.0000000E+00  0.0000000E+00
  0.0000000E+00  0.0000000E+00
  0.0000000E+00  0.0000000E+00
  0.0000000E+00  0.0000000E+00
  0.0000000E+00  0.0000000E+00
  0.0000000E+00  0.0000000E+00
  0.0000000E+00  0.0000000E+00
  0.0000000E+00  0.0000000E+00
  0.0000000E+00  0.0000000E+00
  0.0000000E+00  0.0000000E+00
  0.0000000E+00  0.0000000E+00
  0.0000000E+00  0.0000000E+00
  0.0000000E+00  0.0000000E+00
  0.0000000E+00  0.0000000E+00
  0.0000000E+00  0.0000000E+00
  0.0000000E+00  0.0000000E+00
  0.0000000E+00  0.0000000E+00
  0.0000000E+00  0.0000000E+00
  0.0000000E+00  0.0000000E+00
  0.0000000E+00  0.0000000E+00
  0.0000000E+00  0.0000000E+00
  0.0000000E+00  0.0000000E+00
  0.0000000E+00  0.0000000E+00
  0.0000000E+00  0.0000000E+00
  0.0000000E+00  0.0000000E+00
  0.0000000E+00  0.0000000E+00
  0.0000000E+00  0.0000000E+00
  0.0000000E+00  0.0000000E+00
  0.0000000E+00  0.0000000E+00
  0.0000000E+00  0.0000000E+00
  0.0000000E+00  0.0000000E+00
  0.0000000E+00  0.0000000E+00
  0.0000000E+00  0.0000000E+00
  0.0000000E+00  0.0000000E+00
  0.0000000E+00  0.0000000E+00
  0.0000000E+00  0.0000000E+00
  0.0000000E+00  0.0000000E+00
  0.0000000E+00  0.0000000E+00
  0.0000000E+00  0.0000000E+00
  0.0000000E+00  0.0000000E+00
  0.0000000E+00  0.0000000E+00
  0.0000000E+00  0.0000000E+00
  0.0000000E+00  0.0000000E+00
  0.0000000E+00  0.0000000E+00
  0.0000000E+00  0.0000000E+00
  0.0000000E+00  0.0000000E+00
  0.0000000E+00  0.0000000E+00
  0.0000000E+00  0.0000000E+00
  0.0000000E+00  0.0000000E+00
  0.0000000E+00  0.0000000E+00
  0.0000000E+00  0.0000000E+00
  0.0000000E+00  0.0000000E+00
  0.0000000E+00  0.0000000E+00
  0.0000000E+00  0.0000000E+00
  0.0000000E+00  0.0000000E+00
  0.0000000E+00  0.0000000E+00
  0.0000000E+00  0.0000000E+00
  0.0000000E+00  0.0000000E+00
  0.0000000E+00  0.0000000E+00
  0.0000000E+00  0.0000000E+00
  0.0000000E+00  0.0000000E+00
  0.0000000E+00  0.0000000E+00
  0.0000000E+00  0.0000000E+00
  0.0000000E+00  0.0000000E+00
  0.0000000E+00  0.0000000E+00
  0.0000000E+00  0.0000000E+00
  0.0000000E+00  0.0000000E+00
  0.0000000E+00  0.0000000E+00
  0.0000000E+00  0.0000000E+00
  0.0000000E+00  0.0000000E+00
  0.0000000E+00  0.0000000E+00
  0.0000000E+00  0.0000000E+00
  0.0000000E+00  0.0000000E+00
  0.0000000E+00  0.0000000E+00
  0.0000000E+00  0.0000000E+00
  0.0000000E+00  0.0000000E+00
  0.0000000E+00  0.0000000E+00
  0.0000000E+00  0.0000000E+00
  0.0000000E+00  0.0000000E+00
  0.0000000E+00  0.0000000E+00
  0.0000000E+00  0.0000000E+00
  0.0000000E+00  0.0000000E+00
  0.0000000E+00  0.0000000E+00
  0.0000000E+00  0.0000000E+00
  0.0000000E+00  0.0000000E+00
  0.0000000E+00  0.0000000E+00
  0.0000000E+00  0.0000000E+00
  0.0000000E+00  0.0000000E+00
  0.0000000E+00  0.0000000E+00
  0.0000000E+00  0.0000000E+00
  0.0000000E+00  0.0000000E+00
  0.0000000E+00  0.0000000E+00
  0.0000000E+00  0.0000000E+00
  0.0000000E+00  0.0000000E+00
  0.0000000E+00  0.0000000E+00
  0.0000000E+00  0.0000000E+00
  0.0000000E+00  0.0000000E+00
  0.0000000E+00  0.0000000E+00
  0.0000000E+00  0.0000000E+00
  0.0000000E+00  0.0000000E+00
  0.0000000E+00  0.0000000E+00
  0.0000000E+00  0.0000000E+00
  0.0000000E+00  0.0000000E+00
  0.0000000E+00  0.0000000E+00
  0.0000000E+00  0.0000000E+00
  0.0000000E+00  0.0000000E+00
  0.0000000E+00  0.0000000E+00
  0.0000000E+00  0.0000000E+00
  0.0000000E+00  0.0000000E+00
  0.0000000E+00  0.0000000E+00
  0.0000000E+00  0.0000000E+00
  0.0000000E+00  0.0000000E+00
  0.0000000E+00  0.0000000E+00
  0.0000000E+00  0.0000000E+00
  0.0000000E+00  0.0000000E+00
  0.0000000E+00  0.0000000E+00
  0.0000000E+00  0.0000000E+00
  0.0000000E+00  0.0000000E+00
  0.0000000E+00  0.0000000E+00
  0.0000000E+00  0.0000000E+00
  0.0000000E+00  0.0000000E+00
  0.0000000E+00  0.0000000E+00
  0.0000000E+00  0.0000000E+00
  0.0000000E+00  0.0000000E+00
  0.0000000E+00  0.0000000E+00
  0.0000000E+00  0.0000000E+00
  0.0000000E+00  0.0000000E+00
  0.0000000E+00  0.0000000E+00
  0.0000000E+00  0.0000000E+00
  0.0000000E+00  0.0000000E+00
  0.0000000E+00  0.0000000E+00
  0.0000000E+00  0.0000000E+00
  0.0000000E+00  0.0000000E+00
  0.0000000E+00  0.0000000E+00
  0.0000000E+00  0.0000000E+00
  0.0000000E+00  0.0000000E+00
  0.0000000E+00  0.0000000E+00
  0.0000000E+00  0.0000000E+00
  0.0000000E+00  0.0000000E+00
  0.0000000E+00  0.0000000E+00
  0.0000000E+00  0.0000000E+00
  0.0000000E+00  0.0000000E+00
  0.0000000E+00  0.0000000E+00
  0.0000000E+00  0.0000000E+00
  0.0000000E+00  0.0000000E+00
  0.0000000E+00  0.0000000E+00
  0.0000000E+00  0.0000000E+00
  0.0000000E+00  0.0000000E+00
  0.0000000E+00  0.0000000E+00
  0.0000000E+00  0.0000000E+00
  0.0000000E+00  0.0000000E+00
  0.0000000E+00  0.0000000E+00
  0.0000000E+00  0.0000000E+00
  0.0000000E+00  0.0000000E+00
  0.0000000E+00  0.0000000E+00
  0.0000000E+00  0.0000000E+00
  0.0000000E+00  0.0000000E+00
  0.0000000E+00  0.0000000E+00
  0.0000000E+00  0.0000000E+00
  0.0000000E+00  0.0000000E+00
  0.0000000E+00  0.0000000E+00
  0.0000000E+00  0.0000000E+00
  0.0000000E+00  0.0000000E+00
  0.0000000E+00  0.0000000E+00
  0.0000000E+00  0.0000000E+00
  0.0000000E+00  0.0000000E+00
  0.0000000E+00  0.0000000E+00
  0.0000000E+00  0.0000000E+00
  0.0000000E+00  0.0000000E+00
  0.0000000E+00  0.0000000E+00
  0.0000000E+00  0.0000000E+00
  0.0000000E+00  0.0000000E+00
  0.0000000E+00  0.0000000E+00
  0.0000000E+00  0.0000000E+00
  0.0000000E+00  0.0000000E+00
  0.0000000E+00  0.0000000E+00
  0.0000000E+00  0.0000000E+00
  0.0000000E+00  0.0000000E+00
  0.0000000E+00  0.0000000E+00
  0.0000000E+00  0.0000000E+00
  0.0000000E+00  0.0000000E+00
  0.0000000E+00  0.0000000E+00
  0.0000000E+00  0.0000000E+00
  0.0000000E+00  0.0000000E+00
  0.0000000E+00  0.0000000E+00
  0.0000000E+00  0.0000000E+00
  0.0000000E+00  0.0000000E+00
  0.0000000E+00  0.0000000E+00
  0.0000000E+00  0.0000000E+00
  0.0000000E+00  0.0000000E+00
  0.0000000E+00  0.0000000E+00
  0.0000000E+00  0.0000000E+00
  0.0000000E+00  0.0000000E+00
  0.0000000E+00  0.0000000E+00
  0.0000000E+00  0.0000000E+00
  0.0000000E+00  0.0000000E+00
  0.0000000E+00  0.0000000E+00
  0.0000000E+00  0.0000000E+00
  0.0000000E+00  0.0000000E+00
  0.0000000E+00  0.0000000E+00
  0.0000000E+00  0.0000000E+00
  0.0000000E+00  0.0000000E+00
  0.0000000E+00  0.0000000E+00
  0.0000000E+00  0.0000000E+00
  0.0000000E+00  0.0000000E+00
  0.0000000E+00  0.0000000E+00
  0.0000000E+00  0.0000000E+00
  0.0000000E+00  0.0000000E+00
  0.0000000E+00  0.0000000E+00
  0.0000000E+00  0.0000000E+00
  0.0000000E+00  0.0000000E+00
  0.0000000E+00  0.0000000E+00
  0.0000000E+00  0.0000000E+00
  0.0000000E+00  0.0000000E+00
  0.0000000E+00  0.0000000E+00
  0.0000000E+00  0.0000000E+00
  0.0000000E+00  0.0000000E+00
  0.0000000E+00  0.0000000E+00
  0.0000000E+00  0.0000000E+00
  0.0000000E+00  0.0000000E+00
  0.0000000E+00  0.0000000E+00
  0.0000000E+00  0.0000000E+00
  0.0000000E+00  0.0000000E+00
  0.0000000E+00  0.0000000E+00
  0.0000000E+00  0.0000000E+00
  0.0000000E+00  0.0000000E+00
  0.0000000E+00  0.0000000E+00
  0.0000000E+00  0.0000000E+00
  0.0000000E+00  0.0000000E+00
  0.0000000E+00  0.0000000E+00
  0.0000000E+00  0.0000000E+00
  0.0000000E+00  0.0000000E+00
  0.0000000E+00  0.0000000E+00
  0.0000000E+00  0.0000000E+00
  0.0000000E+00  0.0000000E+00
  0.0000000E+00  0.0000000E+00
  0.0000000E+00  0.0000000E+00
  0.0000000E+00  0.0000000E+00
  0.0000000E+00  0.0000000E+00
  0.0000000E+00  0.0000000E+00
  0.0000000E+00  0.0000000E+00
  0.0000000E+00  0.0000000E+00
  0.0000000E+00  0.0000000E+00
  0.0000000E+00  0.0000000E+00
  0.0000000E+00  0.0000000E+00
  0.0000000E+00  0.0000000E+00
  0.0000000E+00  0.0000000E+00
  0.0000000E+00  0.0000000E+00
  0.0000000E+00  0.0000000E+00
  0.0000000E+00  0.0000000E+00
  0.0000000E+00  0.0000000E+00
  0.0000000E+00  0.0000000E+00
  0.0000000E+00  0.0000000E+00
  0.0000000E+00  0.0000000E+00
  0.0000000E+00  0.0000000E+00
  0.0000000E+00  0.0000000E+00
  0.0000000E+00  0.0000000E+00
  0.0000000E+00  0.0000000E+00
  0.0000000E+00  0.0000000E+00
  0.0000000E+00  0.0000000E+00
  0.0000000E+00  0.0000000E+00
  0.0000000E+00  0.0000000E+00
  0.0000000E+00  0.0000000E+00
  0.0000000E+00  0.0000000E+00
  0.0000000E+00  0.0000000E+00
  0.0000000E+00  0.0000000E+00
  0.0000000E+00  0.0000000E+00
  0.0000000E+00  0.0000000E+00
  0.0000000E+00  0.0000000E+00
  0.0000000E+00  0.0000000E+00
  0.0000000E+00  0.0000000E+00
  0.0000000E+00  0.0000000E+00
  0.0000000E+00  0.0000000E+00
  0.0000000E+00  0.0000000E+00
  0.0000000E+00  0.0000000E+00
  0.0000000E+00  0.0000000E+00
  0.0000000E+00  0.0000000E+00
  0.0000000E+00  0.0000000E+00
  0.0000000E+00  0.0000000E+00
  0.0000000E+00  0.0000000E+00
  0.0000000E+00  0.0000000E+00
  0.0000000E+00  0.0000000E+00
  0.0000000E+00  0.0000000E+00
  0.0000000E+00  0.0000000E+00
  0.0000000E+00  0.0000000E+00
  0.0000000E+00  0.0000000E+00
  0.0000000E+00  0.0000000E+00
  0.0000000E+00  0.0000000E+00
  0.0000000E+00  0.0000000E+00
  0.0000000E+00  0.0000000E+00
  0.0000000E+00  0.0000000E+00
  0.0000000E+00  0.0000000E+00
  0.0000000E+00  0.0000000E+00
  0.0000000E+00  0.0000000E+00
  0.0000000E+00  0.0000000E+00
  0.0000000E+00  0.0000000E+00
  0.0000000E+00  0.0000000E+00
  0.0000000E+00  0.0000000E+00
  0.0000000E+00  0.0000000E+00
  0.0000000E+00  0.0000000E+00
  0.0000000E+00  0.0000000E+00
  0.0000000E+00  0.0000000E+00
  0.0000000E+00  0.0000000E+00
  0.0000000E+00  0.0000000E+00
  0.0000000E+00  0.0000000E+00
  0.0000000E+00  0.0000000E+00
  0.0000000E+00  0.0000000E+00
  0.0000000E+00  0.0000000E+00
  0.0000000E+00  0.0000000E+00
  0.0000000E+00  0.0000000E+00
  0.0000000E+00  0.0000000E+00
  0.0000000E+00  0.0000000E+00
  0.0000000E+00  0.0000000E+00
  0.0000000E+00  0.0000000E+00
  0.0000000E+00  0.0000000E+00
  0.0000000E+00  0.0000000E+00
  0.0000000E+00  0.0000000E+00
  0.0000000E+00  0.0000000E+00
  0.0000000E+00  0.0000000E+00
  0.0000000E+00  0.0000000E+00
  0.0000000E+00  0.0000000E+00
  0.0000000E+00  0.0000000E+00
  0.0000000E+00  0.0000000E+00
  0.0000000E+00  0.0000000E+00
  0.0000000E+00  0.0000000E+00
  0.0000000E+00  0.0000000E+00
  0.0000000E+00  0.0000000E+00
  0.0000000E+00  0.0000000E+00
  0.0000000E+00  0.0000000E+00
  0.0000000E+00  0.0000000E+00
  0.0000000E+00  0.0000000E+00
  0.0000000E+00  0.0000000E+00
  0.0000000E+00  0.0000000E+00
  0.0000000E+00  0.0000000E+00
  0.0000000E+00  0.0000000E+00
  0.0000000E+00  0.0000000E+00
  0.0000000E+00  0.0000000E+00
  0.0000000E+00  0.0000000E+00
  0.0000000E+00  0.0000000E+00
  0.0000000E+00  0.0000000E+00
  0.0000000E+00  0.0000000E+00
  0.0000000E+00  0.0000000E+00
  0.0000000E+00  0.0000000E+00
  0.0000000E+00  0.0000000E+00
  0.0000000E+00  0.0000000E+00
  0.0000000E+00  0.0000000E+00
  0.0000000E+00  0.0000000E+00
  0.0000000E+00  0.0000000E+00
  0.0000000E+00  0.0000000E+00
  0.0000000E+00  0.0000000E+00
  0.0000000E+00  0.0000000E+00
  0.0000000E+00  0.0000000E+00
  0.0000000E+00  0.0000000E+00
  0.0000000E+00  0.0000000E+00
  0.0000000E+00  0.0000000E+00
  0.0000000E+00  0.0000000E+00
  0.0000000E+00  0.0000000E+00
  0.0000000E+00  0.0000000E+00
  0.0000000E+00  0.0000000E+00
  0.0000000E+00  0.0000000E+00
  0.0000000E+00  0.0000000E+00
  0.0000000E+00  0.0000000E+00
  0.0000000E+00  0.0000000E+00
  0.0000000E+00  0.0000000E+00
  0.0000000E+00  0.0000000E+00
  0.0000000E+00  0.0000000E+00
  0.0000000E+00  0.0000000E+00
  0.0000000E+00  0.0000000E+00
  0.0000000E+00  0.0000000E+00
  0.0000000E+00  0.0000000E+00
  0.0000000E+00  0.0000000E+00
  0.0000000E+00  0.0000000E+00
  0.0000000E+00  0.0000000E+00
  0.0000000E+00  0.0000000E+00
  0.0000000E+00  0.0000000E+00
  0.0000000E+00  0.0000000E+00
  0.0000000E+00  0.0000000E+00
  0.0000000E+00  0.0000000E+00
  0.0000000E+00  0.0000000E+00
  0.0000000E+00  0.0000000E+00
  0.0000000E+00  0.0000000E+00
  0.0000000E+00  0.0000000E+00
  0.0000000E+00  0.0000000E+00
  0.0000000E+00  0.0000000E+00
  0.0000000E+00  0.0000000E+00
  0.0000000E+00  0.0000000E+00
  0.0000000E+00  0.0000000E+00
  0.0000000E+00  0.0000000E+00
  0.0000000E+00  0.0000000E+00
  0.0000000E+00  0.0000000E+00
  0.0000000E+00  0.0000000E+00
  0.0000000E+00  0.0000000E+00
  0.0000000E+00  0.0000000E+00
  0.0000000E+00  0.0000000E+00
  0.0000000E+00  0.0000000E+00
  0.0000000E+00  0.0000000E+00
  0.0000000E+00  0.0000000E+00
  0.0000000E+00  0.0000000E+00
  0.0000000E+00  0.0000000E+00
  0.0000000E+00  0.0000000E+00
  0.0000000E+00  0.0000000E+00
  0.0000000E+00  0.0000000E+00
  0.0000000E+00  0.0000000E+00
  0.0000000E+00  0.0000000E+00
  0.0000000E+00  0.0000000E+00
  0.0000000E+00  0.0000000E+00
  0.0000000E+00  0.0000000E+00
  0.0000000E+00  0.0000000E+00
  0.0000000E+00  0.0000000E+00
  0.0000000E+00  0.0000000E+00
  0.0000000E+00  0.0000000E+00
  0.0000000E+00  0.0000000E+00
  0.0000000E+00  0.0000000E+00
  0.0000000E+00  0.0000000E+00
  0.0000000E+00  0.0000000E+00
  0.0000000E+00  0.0000000E+00
  0.0000000E+00  0.0000000E+00
  0.0000000E+00  0.0000000E+00
  0.0000000E+00  0.0000000E+00
  0.0000000E+00  0.0000000E+00
  0.0000000E+00  0.0000000E+00
  0.0000000E+00  0.0000000E+00
  0.0000000E+00  0.0000000E+00
  0.0000000E+00  0.0000000E+00
  0.0000000E+00  0.0000000E+00
  0.0000000E+00  0.0000000E+00
  0.0000000E+00  0.0000000E+00
  0.0000000E+00  0.0000000E+00
  0.0000000E+00  0.0000000E+00
  0.0000000E+00  0.0000000E+00
  0.0000000E+00  0.0000000E+00
  0.0000000E+00  0.0000000E+00
  0.0000000E+00  0.0000000E+00
  0.0000000E+00  0.0000000E+00
  0.0000000E+00  0.0000000E+00
  0.0000000E+00  0.0000000E+00
  0.0000000E+00  0.0000000E+00
  0.0000000E+00  0.0000000E+00
  0.0000000E+00  0.0000000E+00
  0.0000000E+00  0.0000000E+00
  0.0000000E+00  0.0000000E+00
  0.0000000E+00  0.0000000E+00
  0.0000000E+00  0.0000000E+00
  0.0000000E+00  0.0000000E+00
  0.0000000E+00  0.0000000E+00
  0.0000000E+00  0.0000000E+00
  0.0000000E+00  0.0000000E+00
  0.0000000E+00  0.0000000E+00
  0.0000000E+00  0.0000000E+00
  0.0000000E+00  0.0000000E+00
  0.0000000E+00  0.0000000E+00
  0.0000000E+00  0.0000000E+00
  0.0000000E+00  0.0000000E+00
  0.0000000E+00  0.0000000E+00
  0.0000000E+00  0.0000000E+00
  0.0000000E+00  0.0000000E+00
  0.0000000E+00  0.0000000E+00
  0.0000000E+00  0.0000000E+00
  0.0000000E+00  0.0000000E+00
  0.0000000E+00  0.0000000E+00
  0.0000000E+00  0.0000000E+00
  0.0000000E+00  0.0000000E+00
  0.0000000E+00  0.0000000E+00
  0.0000000E+00  0.0000000E+00
  0.0000000E+00  0.0000000E+00
  0.0000000E+00  0.0000000E+00
  0.0000000E+00  0.0000000E+00
  0.0000000E+00  0.0000000E+00
  0.0000000E+00  0.0000000E+00
  0.0000000E+00  0.0000000E+00
  0.0000000E+00  0.0000000E+00
  0.0000000E+00  0.0000000E+00
  0.0000000E+00  0.0000000E+00
  0.0000000E+00  0.0000000E+00
  0.0000000E+00  0.0000000E+00
  0.0000000E+00  0.0000000E+00
  0.0000000E+00  0.0000000E+00
  0.0000000E+00  0.0000000E+00
  0.0000000E+00  0.0000000E+00
  0.0000000E+00  0.0000000E+00
  0.0000000E+00  0.0000000E+00
  0.0000000E+00  0.0000000E+00
  0.0000000E+00  0.0000000E+00
  0.0000000E+00  0.0000000E+00
  0.0000000E+00  0.0000000E+00
  0.0000000E+00  0.0000000E+00
  0.0000000E+00  0.0000000E+00
  0.0000000E+00  0.0000000E+00
  0.0000000E+00  0.0000000E+00
  0.0000000E+00  0.0000000E+00
  0.0000000E+00  0.0000000E+00
  0.0000000E+00  0.0000000E+00
  0.0000000E+00  0.0000000E+00
  0.0000000E+00  0.0000000E+00
  0.0000000E+00  0.0000000E+00
  0.0000000E+00  0.0000000E+00
  0.0000000E+00  0.0000000E+00
  0.0000000E+00  0.0000000E+00
  0.0000000E+00  0.0000000E+00
  0.0000000E+00  0.0000000E+00
  0.0000000E+00  0.0000000E+00
  0.0000000E+00  0.0000000E+00
  0.0000000E+00  0.0000000E+00
  0.0000000E+00  0.0000000E+00
  0.0000000E+00  0.0000000E+00
  0.0000000E+00  0.0000000E+00
  0.0000000E+00  0.0000000E+00
  0.0000000E+00  0.0000000E+00
  0.0000000E+00  0.0000000E+00
  0.0000000E+00  0.0000000E+00
  0.0000000E+00  0.0000000E+00
  0.0000000E+00  0.0000000E+00
  0.0000000E+00  0.0000000E+00
  0.0000000E+00  0.0000000E+00
  0.0000000E+00  0.0000000E+00
  0.0000000E+00  0.0000000E+00
  0.0000000E+00  0.0000000E+00
  0.0000000E+00  0.0000000E+00
  0.0000000E+00  0.0000000E+00
  0.0000000E+00  0.0000000E+00
  0.0000000E+00  0.0000000E+00
  0.0000000E+00  0.0000000E+00
  0.0000000E+00  0.0000000E+00
  0.0000000E+00  0.0000000E+00
  0.0000000E+00  0.0000000E+00
  0.0000000E+00  0.0000000E+00
  0.0000000E+00  0.0000000E+00
  0.0000000E+00  0.0000000E+00
  0.0000000E+00  0.0000000E+00
  0.0000000E+00  0.0000000E+00
  0.0000000E+00  0.0000000E+00
  0.0000000E+00  0.0000000E+00
  0.0000000E+00  0.0000000E+00
  0.0000000E+00  0.0000000E+00
  0.0000000E+00  0.0000000E+00
  0.0000000E+00  0.0000000E+00
  0.0000000E+00  0.0000000E+00
  0.0000000E+00  0.0000000E+00
  0.0000000E+00  0.0000000E+00
  0.0000000E+00  0.0000000E+00
  0.0000000E+00  0.0000000E+00
  0.0000000E+00  0.0000000E+00
  0.0000000E+00  0.0000000E+00
  0.0000000E+00  0.0000000E+00
  0.0000000E+00  0.0000000E+00
  0.0000000E+00  0.0000000E+00
  0.0000000E+00  0.0000000E+00
  0.0000000E+00  0.0000000E+00
  0.0000000E+00  0.0000000E+00
  0.0000000E+00  0.0000000E+00
  0.0000000E+00  0.0000000E+00
  0.0000000E+00  0.0000000E+00
  0.0000000E+00  0.0000000E+00
  0.0000000E+00  0.0000000E+00
  0.0000000E+00  0.0000000E+00
  0.0000000E+00  0.0000000E+00
  0.0000000E+00  0.0000000E+00
  0.0000000E+00  0.0000000E+00
  0.0000000E+00  0.0000000E+00
  0.0000000E+00  0.0000000E+00
  0.0000000E+00  0.0000000E+00
  0.0000000E+00  0.0000000E+00
  0.0000000E+00  0.0000000E+00
  0.0000000E+00  0.0000000E+00
  0.0000000E+00  0.0000000E+00
  0.0000000E+00  0.0000000E+00
  0.0000000E+00  0.0000000E+00
  0.0000000E+00  0.0000000E+00
  0.0000000E+00  0.0000000E+00
  0.0000000E+00  0.0000000E+00
  0.0000000E+00  0.0000000E+00
  0.0000000E+00  0.0000000E+00
  0.0000000E+00  0.0000000E+00
  0.0000000E+00  0.0000000E+00
  0.0000000E+00  0.0000000E+00
  0.0000000E+00  0.0000000E+00
  0.0000000E+00  0.0000000E+00
  0.0000000E+00  0.0000000E+00
  0.0000000E+00  0.0000000E+00
  0.0000000E+00  0.0000000E+00
  0.0000000E+00  0.0000000E+00
  0.0000000E+00  0.0000000E+00
  0.0000000E+00  0.0000000E+00
  0.0000000E+00  0.0000000E+00
  0.0000000E+00  0.0000000E+00
  0.0000000E+00  0.0000000E+00
  0.0000000E+00  0.0000000E+00
  0.0000000E+00  0.0000000E+00
  0.0000000E+00  0.0000000E+00
  0.0000000E+00  0.0000000E+00
  0.0000000E+00  0.0000000E+00
  0.0000000E+00  0.0000000E+00
  0.0000000E+00  0.0000000E+00
  0.0000000E+00  0.0000000E+00
  0.0000000E+00  0.0000000E+00
  0.0000000E+00  0.0000000E+00
  0.0000000E+00  0.0000000E+00
  0.0000000E+00  0.0000000E+00
  0.0000000E+00  0.0000000E+00
  0.0000000E+00  0.0000000E+00
  0.0000000E+00  0.0000000E+00
  0.0000000E+00  0.0000000E+00
  0.0000000E+00  0.0000000E+00
  0.0000000E+00  0.0000000E+00
  0.0000000E+00  0.0000000E+00
  0.0000000E+00  0.0000000E+00
  0.0000000E+00  0.0000000E+00
  0.0000000E+00  0.0000000E+00
  0.0000000E+00  0.0000000E+00
  0.0000000E+00  0.0000000E+00
  0.0000000E+00  0.0000000E+00
  0.0000000E+00  0.0000000E+00
  0.0000000E+00  0.0000000E+00
  0.0000000E+00  0.0000000E+00
  0.0000000E+00  0.0000000E+00
  0.0000000E+00  0.0000000E+00
  0.0000000E+00  0.0000000E+00
  0.0000000E+00  0.0000000E+00
  0.0000000E+00  0.0000000E+00
  0.0000000E+00  0.0000000E+00
  0.0000000E+00  0.0000000E+00
  0.0000000E+00  0.0000000E+00
  0.0000000E+00  0.0000000E+00
  0.0000000E+00  0.0000000E+00
  0.0000000E+00  0.0000000E+00
  0.0000000E+00  0.0000000E+00
  0.0000000E+00  0.0000000E+00
  0.0000000E+00  0.0000000E+00
  0.0000000E+00  0.0000000E+00
  0.0000000E+00  0.0000000E+00
  0.0000000E+00  0.0000000E+00
  0.0000000E+00  0.0000000E+00
  0.0000000E+00  0.0000000E+00
  0.0000000E+00  0.0000000E+00
  0.0000000E+00  0.0000000E+00
  0.0000000E+00  0.0000000E+00
  0.0000000E+00  0.0000000E+00
  0.0000000E+00  0.0000000E+00
  0.0000000E+00  0.0000000E+00
  0.0000000E+00  0.0000000E+00
  0.0000000E+00  0.0000000E+00
  0.0000000E+00  0.0000000E+00
  0.0000000E+00  0.0000000E+00
  0.0000000E+00  0.0000000E+00
  0.0000000E+00  0.0000000E+00
  0.0000000E+00  0.0000000E+00
  0.0000000E+00  0.0000000E+00
  0.0000000E+00  0.0000000E+00
  0.0000000E+00  0.0000000E+00
  0.0000000E+00  0.0000000E+00
  0.0000000E+00  0.0000000E+00
  0.0000000E+00  0.0000000E+00
  0.0000000E+00  0.0000000E+00
  0.0000000E+00  0.0000000E+00
  0.0000000E+00  0.0000000E+00
  0.0000000E+00  0.0000000E+00
  0.0000000E+00  0.0000000E+00
  0.0000000E+00  0.0000000E+00
  0.0000000E+00  0.0000000E+00
  0.0000000E+00  0.0000000E+00
  0.0000000E+00  0.0000000E+00
  0.0000000E+00  0.0000000E+00
  0.0000000E+00  0.0000000E+00
  0.0000000E+00  0.0000000E+00
  0.0000000E+00  0.0000000E+00
  0.0000000E+00  0.0000000E+00
  0.0000000E+00  0.0000000E+00
  0.0000000E+00  0.0000000E+00
  0.0000000E+00  0.0000000E+00
  0.0000000E+00  0.0000000E+00
  0.0000000E+00  0.0000000E+00
  0.0000000E+00  0.0000000E+00
  0.0000000E+00  0.0000000E+00
  0.0000000E+00  0.0000000E+00
  0.0000000E+00  0.0000000E+00
  0.0000000E+00  0.0000000E+00
  0.0000000E+00  0.0000000E+00
  0.0000000E+00  0.0000000E+00
  0.0000000E+00  0.0000000E+00
  0.0000000E+00  0.0000000E+00
  0.0000000E+00  0.0000000E+00
  0.0000000E+00  0.0000000E+00
  0.0000000E+00  0.0000000E+00
  0.0000000E+00  0.0000000E+00
  0.0000000E+00  0.0000000E+00
  0.0000000E+00  0.0000000E+00
  0.0000000E+00  0.0000000E+00
  0.0000000E+00  0.0000000E+00
  0.0000000E+00  0.0000000E+00
  0.0000000E+00  0.0000000E+00
  0.0000000E+00  0.0000000E+00
  0.0000000E+00  0.0000000E+00
  0.0000000E+00  0.0000000E+00
  0.0000000E+00  0.0000000E+00
  0.0000000E+00  0.0000000E+00
  0.0000000E+00  0.0000000E+00
  0.0000000E+00  0.0000000E+00
  0.0000000E+00  0.0000000E+00
  0.0000000E+00  0.0000000E+00
  0.0000000E+00  0.0000000E+00
  0.0000000E+00  0.0000000E+00
  0.0000000E+00  0.0000000E+00
  0.0000000E+00  0.0000000E+00
  0.0000000E+00  0.0000000E+00
  0.0000000E+00  0.0000000E+00
  0.0000000E+00  0.0000000E+00
  0.0000000E+00  0.0000000E+00
  0.0000000E+00  0.0000000E+00
  0.0000000E+00  0.0000000E+00
  0.0000000E+00  0.0000000E+00
  0.0000000E+00  0.0000000E+00
  0.0000000E+00  0.0000000E+00
  0.0000000E+00  0.0000000E+00
  0.0000000E+00  0.0000000E+00
  0.0000000E+00  0.0000000E+00
  0.0000000E+00  0.0000000E+00
  0.0000000E+00  0.0000000E+00
  0.0000000E+00  0.0000000E+00
  0.0000000E+00  0.0000000E+00
  0.0000000E+00  0.0000000E+00
  0.0000000E+00  0.0000000E+00
  0.0000000E+00  0.0000000E+00
  0.0000000E+00  0.0000000E+00
  0.0000000E+00  0.0000000E+00
  0.0000000E+00  0.0000000E+00
  0.0000000E+00  0.0000000E+00
  0.0000000E+00  0.0000000E+00
  0.0000000E+00  0.0000000E+00
  0.0000000E+00  0.0000000E+00
  0.0000000E+00  0.0000000E+00
  0.0000000E+00  0.0000000E+00
  0.0000000E+00  0.0000000E+00
  0.0000000E+00  0.0000000E+00
  0.0000000E+00  0.0000000E+00
  0.0000000E+00  0.0000000E+00
  0.0000000E+00  0.0000000E+00
  0.0000000E+00  0.0000000E+00
  0.0000000E+00  0.0000000E+00
  0.0000000E+00  0.0000000E+00
  0.0000000E+00  0.0000000E+00
  0.0000000E+00  0.0000000E+00
  0.0000000E+00  0.0000000E+00
  0.0000000E+00  0.0000000E+00
  0.0000000E+00  0.0000000E+00
  0.0000000E+00  0.0000000E+00
  0.0000000E+00  0.0000000E+00
  0.0000000E+00  0.0000000E+00
  0.0000000E+00  0.0000000E+00
  0.0000000E+00  0.0000000E+00
  0.0000000E+00  0.0000000E+00
  0.0000000E+00  0.0000000E+00
  0.0000000E+00  0.0000000E+00
  0.0000000E+00  0.0000000E+00
  0.0000000E+00  0.0000000E+00
  0.0000000E+00  0.0000000E+00
  0.0000000E+00  0.0000000E+00
  0.0000000E+00  0.0000000E+00
  0.0000000E+00  0.0000000E+00
  0.0000000E+00  0.0000000E+00
  0.0000000E+00  0.0000000E+00
  0.0000000E+00  0.0000000E+00
  0.0000000E+00  0.0000000E+00
  0.0000000E+00  0.0000000E+00
  0.0000000E+00  0.0000000E+00
  0.0000000E+00  0.0000000E+00
  0.0000000E+00  0.0000000E+00
  0.0000000E+00  0.0000000E+00
  0.0000000E+00  0.0000000E+00
  0.0000000E+00  0.0000000E+00
  0.0000000E+00  0.0000000E+00
  0.0000000E+00  0.0000000E+00
  0.0000000E+00  0.0000000E+00
  0.0000000E+00  0.0000000E+00
  0.0000000E+00  0.0000000E+00
  0.0000000E+00  0.0000000E+00
  0.0000000E+00  0.0000000E+00
  0.0000000E+00  0.0000000E+00
  0.0000000E+00  0.0000000E+00
  0.0000000E+00  0.0000000E+00
  0.0000000E+00  0.0000000E+00
  0.0000000E+00  0.0000000E+00
  0.0000000E+00  0.0000000E+00
  0.0000000E+00  0.0000000E+00
  0.0000000E+00  0.0000000E+00
  0.0000000E+00  0.0000000E+00
  0.0000000E+00  0.0000000E+00
  0.0000000E+00  0.0000000E+00
  0.0000000E+00  0.0000000E+00
  0.0000000E+00  0.0000000E+00
  0.0000000E+00  0.0000000E+00
  0.0000000E+00  0.0000000E+00
  0.0000000E+00  0.0000000E+00
  0.0000000E+00  0.0000000E+00
  0.0000000E+00  0.0000000E+00
  0.0000000E+00  0.0000000E+00
  0.0000000E+00  0.0000000E+00
  0.0000000E+00  0.0000000E+00
  0.0000000E+00  0.0000000E+00
  0.0000000E+00  0.0000000E+00
  0.0000000E+00  0.0000000E+00
  0.0000000E+00  0.0000000E+00
  0.0000000E+00  0.0000000E+00
  0.0000000E+00  0.0000000E+00
  0.0000000E+00  0.0000000E+00
  0.0000000E+00  0.0000000E+00
  0.0000000E+00  0.0000000E+00
  0.0000000E+00  0.0000000E+00
  0.0000000E+00  0.0000000E+00
  0.0000000E+00  0.0000000E+00
  0.0000000E+00  0.0000000E+00
  0.0000000E+00  0.0000000E+00
  0.0000000E+00  0.0000000E+00
  0.0000000E+00  0.0000000E+00
  0.0000000E+00  0.0000000E+00
  0.0000000E+00  0.0000000E+00
  0.0000000E+00  0.0000000E+00
  0.0000000E+00  0.0000000E+00
  0.0000000E+00  0.0000000E+00
  0.0000000E+00  0.0000000E+00
  0.0000000E+00  0.0000000E+00
  0.0000000E+00  0.0000000E+00
  0.0000000E+00  0.0000000E+00
  0.0000000E+00  0.0000000E+00
  0.0000000E+00  0.0000000E+00
  0.0000000E+00  0.0000000E+00
  0.0000000E+00  0.0000000E+00
  0.0000000E+00  0.0000000E+00
  0.0000000E+00  0.0000000E+00
  0.0000000E+00  0.0000000E+00
  0.0000000E+00  0.0000000E+00
  0.0000000E+00  0.0000000E+00
  0.0000000E+00  0.0000000E+00
  0.0000000E+00  0.0000000E+00
  0.0000000E+00  0.0000000E+00
  0.0000000E+00  0.0000000E+00
  0.0000000E+00  0.0000000E+00
  0.0000000E+00  0.0000000E+00
  0.0000000E+00  0.0000000E+00
  0.0000000E+00  0.0000000E+00
  0.0000000E+00  0.0000000E+00
  0.0000000E+00  0.0000000E+00
  0.0000000E+00  0.0000000E+00
  0.0000000E+00  0.0000000E+00
  0.0000000E+00  0.0000000E+00
  0.0000000E+00  0.0000000E+00
  0.0000000E+00  0.0000000E+00
  0.0000000E+00  0.0000000E+00
  0.0000000E+00  0.0000000E+00
  0.0000000E+00  0.0000000E+00
  0.0000000E+00  0.0000000E+00
  0.0000000E+00  0.0000000E+00
  0.0000000E+00  0.0000000E+00
  0.0000000E+00  0.0000000E+00
  0.0000000E+00  0.0000000E+00
  0.0000000E+00  0.0000000E+00
  0.0000000E+00  0.0000000E+00
  0.0000000E+00  0.0000000E+00
  0.0000000E+00  0.0000000E+00
  0.0000000E+00  0.0000000E+00
  0.0000000E+00  0.0000000E+00
