 -0.1749536E+01 -0.8639152E+00
 -0.1185344E+01 -0.8516781E+00
 -0.9696936E+00 -0.8665958E+00
 -0.8483694E+00 -0.8759075E+00
 -0.7616491E+00 -0.8871362E+00
 -0.6908358E+00 -0.8972758E+00
 -0.1960177E+00 -0.8243275E+00
 -0.4859230E+00 -0.8973486E+00
 -0.4215826E+00 -0.9041127E+00
 -0.3267804E+00 -0.9373775E+00
 -0.7825474E-01 -0.1115582E+01
 -0.8143466E-01 -0.1112491E+01
 -0.8319491E-01 -0.1111191E+01
 -0.8174132E-01 -0.1111453E+01
 -0.7892981E-01 -0.1110646E+01
 -0.7989556E-01 -0.1109100E+01
 -0.7863972E-01 -0.1107993E+01
 -0.7775583E-01 -0.1104362E+01
 -0.7876504E-01 -0.1100963E+01
 -0.7552507E-01 -0.1100392E+01
 -0.7257074E-01 -0.1097529E+01
 -0.7184413E-01 -0.1094471E+01
 -0.6773768E-01 -0.1094083E+01
 -0.6396788E-01 -0.1091376E+01
 -0.6209050E-01 -0.1088341E+01
 -0.5750816E-01 -0.1088179E+01
 -0.5312935E-01 -0.1085782E+01
 -0.5021369E-01 -0.1083032E+01
 -0.4535219E-01 -0.1083366E+01
 -0.4055122E-01 -0.1081581E+01
 -0.3671855E-01 -0.1079430E+01
 -0.3177604E-01 -0.1080453E+01
 -0.2679437E-01 -0.1079450E+01
 -0.2226097E-01 -0.1078054E+01
 -0.1750925E-01 -0.1079844E+01
 -0.1265825E-01 -0.1079648E+01
 -0.7719463E-02 -0.1079061E+01
 -0.3478324E-02 -0.1081642E+01
  0.9426981E-03 -0.1082192E+01
  0.5980883E-02 -0.1082363E+01
  0.9457608E-02 -0.1085591E+01
  0.1319489E-01 -0.1086705E+01
  0.1808589E-01 -0.1087424E+01
  0.2060575E-01 -0.1091031E+01
  0.2351635E-01 -0.1092406E+01
  0.2808091E-01 -0.1093406E+01
  0.2956264E-01 -0.1097076E+01
  0.3158699E-01 -0.1098390E+01
  0.3571164E-01 -0.1099343E+01
  0.3617324E-01 -0.1102750E+01
  0.3733406E-01 -0.1103698E+01
  0.4094995E-01 -0.1104291E+01
  0.4046974E-01 -0.1107169E+01
  0.4083519E-01 -0.1107516E+01
  0.4390610E-01 -0.1107546E+01
  0.4259582E-01 -0.1109763E+01
  0.4225464E-01 -0.1109384E+01
  0.4477184E-01 -0.1108680E+01
  0.4278618E-01 -0.1110127E+01
  0.4175012E-01 -0.1108993E+01
  0.4357861E-01 -0.1107497E+01
  0.4096652E-01 -0.1108172E+01
  0.3915499E-01 -0.1106351E+01
  0.4009596E-01 -0.1104244E+01
  0.3690081E-01 -0.1104378E+01
  0.3446392E-01 -0.1101992E+01
  0.3454499E-01 -0.1099304E+01
  0.3080822E-01 -0.1099093E+01
  0.2770249E-01 -0.1096411E+01
  0.2683621E-01 -0.1093366E+01
  0.2261279E-01 -0.1093019E+01
  0.1879788E-01 -0.1090363E+01
  0.1682335E-01 -0.1087394E+01
  0.1215058E-01 -0.1087322E+01
  0.7745706E-02 -0.1085062E+01
  0.4729341E-02 -0.1082460E+01
 -0.2024760E-03 -0.1082979E+01
 -0.4980667E-02 -0.1081385E+01
 -0.8811909E-02 -0.1079356E+01
 -0.1357726E-01 -0.1079982E+01
 -0.1780853E-01 -0.1077535E+01
 -0.2121604E-01 -0.1081054E+01
 -0.2664486E-01 -0.1087253E+01
 -0.3104119E-01 -0.1088772E+01
 -0.3505385E-01 -0.1089427E+01
 -0.3887402E-01 -0.1090406E+01
 -0.4256345E-01 -0.1091613E+01
 -0.4614060E-01 -0.1092908E+01
 -0.4959644E-01 -0.1094294E+01
 -0.5289046E-01 -0.1095822E+01
 -0.5597665E-01 -0.1097507E+01
 -0.5883304E-01 -0.1099325E+01
 -0.6144682E-01 -0.1101206E+01
 -0.6386530E-01 -0.1103072E+01
 -0.6606536E-01 -0.1104911E+01
 -0.6795345E-01 -0.1106792E+01
 -0.6959359E-01 -0.1108622E+01
 -0.7108140E-01 -0.1110253E+01
 -0.7206681E-01 -0.1111859E+01
 -0.7162465E-01 -0.1114021E+01
 -0.7479834E-01 -0.1112144E+01
 -0.8253556E-01 -0.1107976E+01
 -0.8400311E-01 -0.1108525E+01
 -0.8084303E-01 -0.1111820E+01
 -0.7363294E-01 -0.1117750E+01
 -0.3268177E+00 -0.9343435E+00
 -0.4223032E+00 -0.9000677E+00
 -0.4890725E+00 -0.8928401E+00
 -0.5481949E+00 -0.8896950E+00
 -0.6052899E+00 -0.8828303E+00
 -0.6681885E+00 -0.8770250E+00
 -0.7391566E+00 -0.8714331E+00
 -0.9682711E+00 -0.8569332E+00
 -0.1180270E+01 -0.8435775E+00
 -0.1760938E+01 -0.8645775E+00
 -0.1762929E+01 -0.8693088E+00
 -0.1732031E+00 -0.8339935E+00
 -0.1304369E+01 -0.8338532E+00
 -0.1069955E+01 -0.8220485E+00
 -0.7582890E+00 -0.8106884E+00
 -0.3980313E+00 -0.8024305E+00
 -0.1509527E-01 -0.7992946E+00
  0.3672642E+00 -0.8018994E+00
  0.7302766E+00 -0.8098592E+00
  0.1061368E+01 -0.8219350E+00
  0.1346535E+01 -0.8360050E+00
  0.1570440E+01 -0.8493997E+00
  0.1723625E+01 -0.8598041E+00
  0.1801068E+01 -0.8654730E+00
  0.1800834E+01 -0.8654899E+00
  0.1722745E+01 -0.8597836E+00
  0.1569972E+01 -0.8494279E+00
  0.1348022E+01 -0.8361620E+00
  0.1065375E+01 -0.8222787E+00
  0.7335270E+00 -0.8101965E+00
  0.3671045E+00 -0.8020372E+00
 -0.1572709E-01 -0.7992128E+00
 -0.3966199E+00 -0.8022851E+00
 -0.7621092E+00 -0.8110203E+00
 -0.1095280E+01 -0.8237300E+00
 -0.1374613E+01 -0.8377935E+00
 -0.1584345E+01 -0.8506290E+00
 -0.1711439E+01 -0.8599659E+00
 -0.4983830E+00 -0.8511372E+00
 -0.5469601E+00 -0.8891889E+00
 -0.8180786E+00 -0.8619702E+00
 -0.7339578E+00 -0.8786638E+00
 -0.6564780E+00 -0.8893902E+00
 -0.4171872E+00 -0.9002320E+00
 -0.6045856E+00 -0.8400317E+00
 -0.3239181E+00 -0.9333764E+00
 -0.3260012E+00 -0.9350563E+00
 -0.3204414E+00 -0.9314777E+00
 -0.3134757E+00 -0.9297498E+00
 -0.3070794E+00 -0.9276526E+00
 -0.3013052E+00 -0.9241084E+00
 -0.2933503E+00 -0.9202525E+00
 -0.2835547E+00 -0.9163924E+00
 -0.2720403E+00 -0.9126998E+00
 -0.2592451E+00 -0.9089496E+00
 -0.2454074E+00 -0.9050720E+00
 -0.2303258E+00 -0.9013696E+00
 -0.2142905E+00 -0.8977100E+00
 -0.1974487E+00 -0.8940624E+00
 -0.1796389E+00 -0.8907371E+00
 -0.1611086E+00 -0.8876074E+00
 -0.1419747E+00 -0.8846563E+00
 -0.1221470E+00 -0.8822438E+00
 -0.1018482E+00 -0.8802102E+00
 -0.8117417E-01 -0.8784525E+00
 -0.6010363E-01 -0.8773268E+00
 -0.3882007E-01 -0.8766612E+00
 -0.1744167E-01 -0.8763238E+00
  0.3947882E-02 -0.8766367E+00
  0.2523044E-01 -0.8774026E+00
  0.4633960E-01 -0.8784922E+00
  0.6708400E-01 -0.8802053E+00
  0.8742542E-01 -0.8823288E+00
  0.1073395E+00 -0.8847005E+00
  0.1265407E+00 -0.8875614E+00
  0.1450679E+00 -0.8907213E+00
  0.1629447E+00 -0.8939856E+00
  0.1798110E+00 -0.8975831E+00
  0.1957765E+00 -0.9012705E+00
  0.2109090E+00 -0.9048868E+00
  0.2247951E+00 -0.9086360E+00
  0.2376101E+00 -0.9122762E+00
  0.2494585E+00 -0.9156484E+00
  0.2598833E+00 -0.9189557E+00
  0.2691292E+00 -0.9219698E+00
  0.2773269E+00 -0.9245493E+00
  0.2839893E+00 -0.9268814E+00
  0.2894063E+00 -0.9288231E+00
  0.2936991E+00 -0.9302664E+00
  0.2964744E+00 -0.9314055E+00
  0.2980185E+00 -0.9320211E+00
  0.2984185E+00 -0.9320280E+00
  0.2972171E+00 -0.9316921E+00
  0.2947671E+00 -0.9308613E+00
  0.2912046E+00 -0.9294268E+00
  0.2860224E+00 -0.9277034E+00
  0.2794839E+00 -0.9256268E+00
  0.2719186E+00 -0.9230888E+00
  0.2630547E+00 -0.9203094E+00
  0.2529970E+00 -0.9172298E+00
  0.2419115E+00 -0.9138340E+00
  0.2295417E+00 -0.9103299E+00
  0.2161509E+00 -0.9066773E+00
  0.2018268E+00 -0.9028740E+00
  0.1863052E+00 -0.8992441E+00
  0.1698492E+00 -0.8956953E+00
  0.1526118E+00 -0.8921775E+00
  0.1344546E+00 -0.8890417E+00
  0.1155978E+00 -0.8861559E+00
  0.9616072E-01 -0.8834890E+00
  0.7607855E-01 -0.8813919E+00
  0.5557083E-01 -0.8796057E+00
  0.3475992E-01 -0.8781270E+00
  0.1368076E-01 -0.8772410E+00
 -0.7486238E-02 -0.8770279E+00
 -0.2868572E-01 -0.8779913E+00
 -0.4988303E-01 -0.8795802E+00
 -0.7087407E-01 -0.8810839E+00
 -0.9154533E-01 -0.8827715E+00
 -0.1118288E+00 -0.8847927E+00
 -0.1316770E+00 -0.8870680E+00
 -0.1510558E+00 -0.8896058E+00
 -0.1698559E+00 -0.8924330E+00
 -0.1879513E+00 -0.8955448E+00
 -0.2052036E+00 -0.8989268E+00
 -0.2215162E+00 -0.9024838E+00
 -0.2368864E+00 -0.9061190E+00
 -0.2512819E+00 -0.9097664E+00
 -0.2645502E+00 -0.9133858E+00
 -0.2765228E+00 -0.9169841E+00
 -0.2873749E+00 -0.9204153E+00
 -0.2973050E+00 -0.9235019E+00
 -0.3061693E+00 -0.9261596E+00
 -0.3139857E+00 -0.9282387E+00
 -0.3211333E+00 -0.9294070E+00
 -0.3268955E+00 -0.9302089E+00
 -0.3300105E+00 -0.9312739E+00
 -0.3301449E+00 -0.9328279E+00
 -0.4244110E+00 -0.9003351E+00
 -0.1182742E+01 -0.8373168E+00
 -0.4906881E+00 -0.8937079E+00
 -0.5504218E+00 -0.8913516E+00
 -0.6101424E+00 -0.8874732E+00
 -0.6736632E+00 -0.8821157E+00
 -0.7437195E+00 -0.8766070E+00
 -0.7116712E+00 -0.8110556E+00
 -0.9819703E+00 -0.8528162E+00
 -0.5089197E+00 -0.8026030E+00
 -0.6725297E+00 -0.8564015E+00
 -0.8653590E+00 -0.8210289E+00
 -0.2690454E+00 -0.7961726E+00
 -0.1217082E-01 -0.7934372E+00
  0.2413241E+00 -0.7953334E+00
  0.4820334E+00 -0.8019034E+00
  0.7057916E+00 -0.8115315E+00
  0.8994108E+00 -0.8222222E+00
  0.1051374E+01 -0.8326136E+00
  0.1154695E+01 -0.8407013E+00
  0.1207378E+01 -0.8452179E+00
  0.1207933E+01 -0.8453401E+00
  0.1154082E+01 -0.8407741E+00
  0.1050174E+01 -0.8325779E+00
  0.9003030E+00 -0.8221307E+00
  0.7101977E+00 -0.8112879E+00
  0.4875078E+00 -0.8019236E+00
  0.2427572E+00 -0.7955740E+00
 -0.1047956E-01 -0.7932712E+00
 -0.2626893E+00 -0.7958559E+00
 -0.5110825E+00 -0.8029073E+00
 -0.7368484E+00 -0.8124089E+00
 -0.9214317E+00 -0.8230641E+00
 -0.1058796E+01 -0.8335649E+00
 -0.1152646E+01 -0.8456257E+00
 -0.4650990E+00 -0.8889458E+00
 -0.5804463E+00 -0.9039863E+00
 -0.8523441E+00 -0.8725647E+00
 -0.5956346E+00 -0.9174390E+00
 -0.5023366E+00 -0.8954289E+00
 -0.6908858E+00 -0.8772725E+00
 -0.4133073E+00 -0.8991594E+00
 -0.7802969E+00 -0.8629522E+00
 -0.3838747E+00 -0.8909238E+00
 -0.3729903E+00 -0.8867188E+00
 -0.3596019E+00 -0.8827086E+00
 -0.3444750E+00 -0.8787686E+00
 -0.3276216E+00 -0.8746684E+00
 -0.3091355E+00 -0.8705288E+00
 -0.2893665E+00 -0.8664714E+00
 -0.2683772E+00 -0.8624849E+00
 -0.2461879E+00 -0.8586621E+00
 -0.2230378E+00 -0.8550012E+00
 -0.1989609E+00 -0.8515906E+00
 -0.1739897E+00 -0.8485442E+00
 -0.1483803E+00 -0.8458995E+00
 -0.1221893E+00 -0.8437216E+00
 -0.9538177E-01 -0.8420712E+00
 -0.6813784E-01 -0.8408795E+00
 -0.4062721E-01 -0.8402016E+00
 -0.1296475E-01 -0.8400713E+00
  0.1463102E-01 -0.8403991E+00
  0.4204006E-01 -0.8412290E+00
  0.6920234E-01 -0.8426415E+00
  0.9594664E-01 -0.8444685E+00
  0.1221470E+00 -0.8467255E+00
  0.1477404E+00 -0.8494904E+00
  0.1725405E+00 -0.8525550E+00
  0.1964526E+00 -0.8559300E+00
  0.2194133E+00 -0.8596211E+00
  0.2412493E+00 -0.8634472E+00
  0.2619042E+00 -0.8673850E+00
  0.2813118E+00 -0.8714308E+00
  0.2993324E+00 -0.8753966E+00
  0.3159327E+00 -0.8792543E+00
  0.3310667E+00 -0.8830090E+00
  0.3446235E+00 -0.8864763E+00
  0.3565942E+00 -0.8896393E+00
  0.3669434E+00 -0.8924749E+00
  0.3755952E+00 -0.8948381E+00
  0.3824170E+00 -0.8967876E+00
  0.3876258E+00 -0.8984904E+00
  0.3913832E+00 -0.8996723E+00
  0.3933337E+00 -0.9002234E+00
  0.3933372E+00 -0.9002224E+00
  0.3916748E+00 -0.8997156E+00
  0.3882857E+00 -0.8986742E+00
  0.3830644E+00 -0.8971947E+00
  0.3758967E+00 -0.8951328E+00
  0.3667003E+00 -0.8926063E+00
  0.3562757E+00 -0.8899933E+00
  0.3447498E+00 -0.8869801E+00
  0.3314542E+00 -0.8835199E+00
  0.3166657E+00 -0.8799020E+00
  0.3006327E+00 -0.8760480E+00
  0.2831134E+00 -0.8720185E+00
  0.2641207E+00 -0.8680136E+00
  0.2438390E+00 -0.8640400E+00
  0.2223019E+00 -0.8601537E+00
  0.1996576E+00 -0.8565153E+00
  0.1760903E+00 -0.8531075E+00
  0.1515715E+00 -0.8499960E+00
  0.1262073E+00 -0.8473505E+00
  0.1001877E+00 -0.8450657E+00
  0.7359160E-01 -0.8431953E+00
  0.4648580E-01 -0.8417743E+00
  0.1911904E-01 -0.8408762E+00
 -0.8321919E-02 -0.8406255E+00
 -0.3580866E-01 -0.8410915E+00
 -0.6314508E-01 -0.8420334E+00
 -0.9016790E-01 -0.8434784E+00
 -0.1168140E+00 -0.8452660E+00
 -0.1429985E+00 -0.8475240E+00
 -0.1687413E+00 -0.8499750E+00
 -0.1940054E+00 -0.8528433E+00
 -0.2186069E+00 -0.8560978E+00
 -0.2422585E+00 -0.8596010E+00
 -0.2646969E+00 -0.8633105E+00
 -0.2858680E+00 -0.8671987E+00
 -0.3058791E+00 -0.8712261E+00
 -0.3245996E+00 -0.8752516E+00
 -0.3415926E+00 -0.8791357E+00
 -0.3565334E+00 -0.8828523E+00
 -0.3702280E+00 -0.8865378E+00
 -0.3832912E+00 -0.8899043E+00
 -0.3948812E+00 -0.8927729E+00
 -0.4045972E+00 -0.8951687E+00
 -0.4129377E+00 -0.8969665E+00
 -0.4195817E+00 -0.8985023E+00
 -0.4234651E+00 -0.8998964E+00
 -0.4125066E+00 -0.8145972E+00
 -0.7006844E+00 -0.8295231E+00
 -0.5491552E+00 -0.8916734E+00
 -0.6094010E+00 -0.8877094E+00
 -0.6224210E+00 -0.8810910E+00
 -0.6700434E+00 -0.8812343E+00
 -0.7324470E+00 -0.8758607E+00
 -0.9780793E+00 -0.8379670E+00
 -0.2190988E+00 -0.8088396E+00
 -0.1015154E-01 -0.8060827E+00
 -0.4893751E+00 -0.8934768E+00
  0.1907161E+00 -0.8077514E+00
  0.3808912E+00 -0.8148295E+00
  0.5648667E+00 -0.8243129E+00
  0.7241071E+00 -0.8339856E+00
  0.8489414E+00 -0.8438395E+00
  0.9332045E+00 -0.8515371E+00
  0.9779653E+00 -0.8561186E+00
  0.9801627E+00 -0.8563911E+00
  0.9331391E+00 -0.8518428E+00
  0.8462497E+00 -0.8437970E+00
  0.7237806E+00 -0.8336583E+00
  0.5699628E+00 -0.8231836E+00
  0.3910433E+00 -0.8142444E+00
  0.1964697E+00 -0.8081057E+00
 -0.2116703E-02 -0.8058404E+00
 -0.2006888E+00 -0.8088168E+00
 -0.4083847E+00 -0.8156698E+00
 -0.5949082E+00 -0.8240945E+00
 -0.7417843E+00 -0.8340362E+00
 -0.8491037E+00 -0.8454791E+00
 -0.5715898E+00 -0.8198589E+00
 -0.4083839E+00 -0.8983384E+00
 -0.3896564E+00 -0.8932623E+00
 -0.3974098E+00 -0.8942248E+00
 -0.9534861E+00 -0.8302181E+00
 -0.5561982E+00 -0.8869053E+00
 -0.7242932E+00 -0.8580585E+00
 -0.4433453E+00 -0.8862029E+00
 -0.4286084E+00 -0.8803409E+00
 -0.3752304E+00 -0.8675457E+00
 -0.3531606E+00 -0.8629819E+00
 -0.3299354E+00 -0.8588905E+00
 -0.3053489E+00 -0.8549423E+00
 -0.2793185E+00 -0.8509324E+00
 -0.2524605E+00 -0.8471772E+00
 -0.2244446E+00 -0.8438412E+00
 -0.1954847E+00 -0.8404828E+00
 -0.1661645E+00 -0.8378560E+00
 -0.1361317E+00 -0.8358974E+00
 -0.1050722E+00 -0.8344091E+00
 -0.7329640E-01 -0.8332211E+00
 -0.4128105E-01 -0.8326836E+00
 -0.9135596E-02 -0.8325483E+00
  0.2270531E-01 -0.8327860E+00
  0.5417239E-01 -0.8336998E+00
  0.8548700E-01 -0.8352608E+00
  0.1162707E+00 -0.8370110E+00
  0.1463482E+00 -0.8393505E+00
  0.1759003E+00 -0.8423047E+00
  0.2044547E+00 -0.8452774E+00
  0.2319451E+00 -0.8487279E+00
  0.2585236E+00 -0.8526228E+00
  0.2836787E+00 -0.8563511E+00
  0.3074457E+00 -0.8603590E+00
  0.3299753E+00 -0.8645957E+00
  0.3507256E+00 -0.8684683E+00
  0.3698444E+00 -0.8723692E+00
  0.3874663E+00 -0.8762796E+00
  0.4030286E+00 -0.8796258E+00
  0.4167761E+00 -0.8827762E+00
  0.4288948E+00 -0.8857876E+00
  0.4386122E+00 -0.8878769E+00
  0.4457576E+00 -0.8895189E+00
  0.4518855E+00 -0.8915200E+00
  0.4570896E+00 -0.8931713E+00
  0.4593091E+00 -0.8936011E+00
  0.4590630E+00 -0.8934506E+00
  0.4570608E+00 -0.8929241E+00
  0.4526594E+00 -0.8917053E+00
  0.4459367E+00 -0.8901265E+00
  0.4365442E+00 -0.8879156E+00
  0.4240298E+00 -0.8845906E+00
  0.4117667E+00 -0.8820661E+00
  0.3991852E+00 -0.8796125E+00
  0.3835818E+00 -0.8757272E+00
  0.3666538E+00 -0.8722078E+00
  0.3484413E+00 -0.8685372E+00
  0.3278876E+00 -0.8643298E+00
  0.3056761E+00 -0.8602080E+00
  0.2819850E+00 -0.8562195E+00
  0.2566814E+00 -0.8522042E+00
  0.2304472E+00 -0.8484783E+00
  0.2032144E+00 -0.8452032E+00
  0.1746032E+00 -0.8420518E+00
  0.1451384E+00 -0.8395284E+00
  0.1149290E+00 -0.8374140E+00
  0.8384339E-01 -0.8355962E+00
  0.5215747E-01 -0.8341568E+00
  0.2044115E-01 -0.8329874E+00
 -0.1110319E-01 -0.8327888E+00
 -0.4276596E-01 -0.8332532E+00
 -0.7407316E-01 -0.8337485E+00
 -0.1047956E+00 -0.8353525E+00
 -0.1351381E+00 -0.8367789E+00
 -0.1649724E+00 -0.8393475E+00
 -0.1946205E+00 -0.8415698E+00
 -0.2242044E+00 -0.8449824E+00
 -0.2533454E+00 -0.8487437E+00
 -0.2812150E+00 -0.8523503E+00
 -0.3071473E+00 -0.8559574E+00
 -0.3314757E+00 -0.8599385E+00
 -0.3547989E+00 -0.8642703E+00
 -0.3765350E+00 -0.8684815E+00
 -0.3953941E+00 -0.8721480E+00
 -0.4104690E+00 -0.8750014E+00
 -0.4252053E+00 -0.8784789E+00
 -0.4414430E+00 -0.8826377E+00
 -0.4550699E+00 -0.8855793E+00
 -0.4650388E+00 -0.8879635E+00
 -0.4748493E+00 -0.8893929E+00
 -0.4841523E+00 -0.8921441E+00
  0.1592305E+00 -0.8219429E+00
 -0.5727230E-02 -0.8215737E+00
 -0.5143368E+00 -0.8827012E+00
 -0.7802837E+00 -0.8390707E+00
 -0.3596770E+00 -0.8277621E+00
 -0.5829263E+00 -0.8714428E+00
 -0.4658047E+00 -0.8927128E+00
 -0.6038026E+00 -0.8864343E+00
  0.5675751E+00 -0.8934501E+00
  0.3126422E+00 -0.8311688E+00
 -0.4126028E+00 -0.8753986E+00
 -0.1895862E+00 -0.8242323E+00
 -0.5377719E+00 -0.9044443E+00
 -0.5139660E+00 -0.8878744E+00
  0.6168174E+00 -0.8491405E+00
  0.7255747E+00 -0.8588112E+00
  0.7973850E+00 -0.8664843E+00
  0.8386615E+00 -0.8717282E+00
  0.8439866E+00 -0.8722419E+00
  0.7975330E+00 -0.8673698E+00
  0.7190476E+00 -0.8590398E+00
  0.6135040E+00 -0.8486653E+00
  0.4826815E+00 -0.8380257E+00
  0.3318029E+00 -0.8289091E+00
  0.1697144E+00 -0.8226186E+00
  0.8049197E-02 -0.8203800E+00
 -0.1505286E+00 -0.8248658E+00
 -0.3440791E+00 -0.8321555E+00
 -0.5086145E+00 -0.8382146E+00
 -0.6316013E+00 -0.8473538E+00
 -0.5293230E+00 -0.8337830E+00
 -0.5433382E+00 -0.8922474E+00
 -0.3952623E+00 -0.8718482E+00
 -0.6573666E+00 -0.8761101E+00
  0.5321568E+00 -0.8752918E+00
  0.4785159E+00 -0.8414202E+00
 -0.6993192E+00 -0.8753278E+00
 -0.5220741E+00 -0.8824671E+00
 -0.4994216E+00 -0.8850693E+00
 -0.6268108E+00 -0.8751140E+00
 -0.6497278E+00 -0.8749264E+00
 -0.4450971E+00 -0.8805398E+00
 -0.4771821E+00 -0.8783031E+00
 -0.1707664E+00 -0.8421132E+00
 -0.4175161E+00 -0.8661368E+00
 -0.3906908E+00 -0.8605301E+00
 -0.3071031E+00 -0.8483697E+00
 -0.2774608E+00 -0.8447303E+00
 -0.2460324E+00 -0.8419595E+00
 -0.2134552E+00 -0.8374459E+00
 -0.1821705E+00 -0.8348444E+00
 -0.1500049E+00 -0.8338552E+00
 -0.1147999E+00 -0.8329227E+00
 -0.7792105E-01 -0.8312403E+00
 -0.4197742E-01 -0.8310218E+00
 -0.5477507E-02 -0.8311084E+00
  0.2988761E-01 -0.8305354E+00
  0.6388559E-01 -0.8315703E+00
  0.9895659E-01 -0.8338895E+00
  0.1331927E+00 -0.8348740E+00
  0.1658436E+00 -0.8372077E+00
  0.1992601E+00 -0.8409072E+00
  0.2309984E+00 -0.8431306E+00
  0.2609200E+00 -0.8465332E+00
  0.2912450E+00 -0.8511297E+00
  0.3191022E+00 -0.8541233E+00
  0.3450356E+00 -0.8580649E+00
  0.3710066E+00 -0.8629642E+00
  0.3938329E+00 -0.8661546E+00
  0.4147898E+00 -0.8699680E+00
  0.4353779E+00 -0.8744786E+00
  0.4522254E+00 -0.8771141E+00
  0.4673592E+00 -0.8802842E+00
  0.4818845E+00 -0.8841915E+00
  0.4917323E+00 -0.8851990E+00
  0.4965609E+00 -0.8850093E+00
  0.5046843E+00 -0.8879786E+00
  0.5141370E+00 -0.8918901E+00
  0.5163405E+00 -0.8911228E+00
  0.5156419E+00 -0.8907068E+00
  0.5139487E+00 -0.8908519E+00
  0.5074643E+00 -0.8887375E+00
  0.4987454E+00 -0.8875086E+00
  0.4865280E+00 -0.8861348E+00
  0.4681793E+00 -0.8784955E+00
  0.4554335E+00 -0.8768103E+00
  0.4448668E+00 -0.8783996E+00
  0.4260637E+00 -0.8717873E+00
  0.4085644E+00 -0.8691446E+00
  0.3895746E+00 -0.8669542E+00
  0.3653178E+00 -0.8615534E+00
  0.3404225E+00 -0.8574147E+00
  0.3139083E+00 -0.8540052E+00
  0.2849147E+00 -0.8493500E+00
  0.2563590E+00 -0.8454389E+00
  0.2264692E+00 -0.8432647E+00
  0.1936911E+00 -0.8393973E+00
  0.1607791E+00 -0.8373263E+00
  0.1267873E+00 -0.8358903E+00
  0.9129979E-01 -0.8340293E+00
  0.5493621E-01 -0.8324168E+00
  0.1966289E-01 -0.8303216E+00
 -0.1447528E-01 -0.8304455E+00
 -0.4992776E-01 -0.8317465E+00
 -0.8419236E-01 -0.8306442E+00
 -0.1171237E+00 -0.8336374E+00
 -0.1504170E+00 -0.8332453E+00
 -0.1824767E+00 -0.8370592E+00
 -0.2152124E+00 -0.8373041E+00
 -0.2485496E+00 -0.8430970E+00
 -0.2831835E+00 -0.8477282E+00
 -0.3158747E+00 -0.8508991E+00
 -0.3441399E+00 -0.8535759E+00
 -0.3704616E+00 -0.8577791E+00
 -0.3974208E+00 -0.8629825E+00
 -0.4224547E+00 -0.8675865E+00
 -0.4423517E+00 -0.8710253E+00
 -0.4522134E+00 -0.8696778E+00
 -0.4666173E+00 -0.8724775E+00
 -0.4897447E+00 -0.8812370E+00
 -0.5067182E+00 -0.8834766E+00
 -0.5123081E+00 -0.8838786E+00
 -0.4412587E+00 -0.8705477E+00
 -0.4586323E+00 -0.8719982E+00
 -0.4530810E+00 -0.8941697E+00
  0.7317526E+00 -0.8889582E+00
 -0.5721754E+00 -0.8680609E+00
 -0.3169538E+00 -0.8444641E+00
  0.4113104E+00 -0.8678986E+00
 -0.5979206E+00 -0.8844951E+00
 -0.6321772E+00 -0.8537042E+00
  0.1349711E+00 -0.8355548E+00
 -0.5409319E+00 -0.8689235E+00
 -0.6220096E+00 -0.8747560E+00
  0.5367238E+00 -0.8653807E+00
  0.6333920E+00 -0.8737438E+00
  0.7439493E+00 -0.8907987E+00
  0.6924691E+00 -0.8843392E+00
  0.6182781E+00 -0.8749422E+00
  0.5270358E+00 -0.8640274E+00
  0.4145090E+00 -0.8529066E+00
  0.2853604E+00 -0.8432547E+00
  0.1473060E+00 -0.8363768E+00
  0.1576197E-01 -0.8334337E+00
 -0.9012702E+00 -0.8385152E+00
 -0.2963213E+00 -0.8614767E+00
 -0.4488547E+00 -0.8546436E+00
 -0.5483631E+00 -0.8606123E+00
 -0.4513915E+00 -0.8614442E+00
 -0.3646147E+00 -0.8565360E+00
  0.6924103E+00 -0.8814869E+00
 -0.3370138E+00 -0.8532395E+00
 -0.9208798E+00 -0.8652522E+00
 -0.4892338E+00 -0.8729321E+00
 -0.5261289E+00 -0.8841771E+00
 -0.6504109E+00 -0.8716511E+00
 -0.4570836E+00 -0.8657866E+00
  0.6106535E+00 -0.9228049E+00
 -0.4675731E+00 -0.8891743E+00
 -0.1516749E+00 -0.8536399E+00
  0.5463021E+00 -0.8926929E+00
 -0.2642765E+00 -0.8419808E+00
 -0.4225163E+00 -0.8543575E+00
 -0.3299133E+00 -0.8426716E+00
 -0.3001018E+00 -0.8398073E+00
 -0.1971054E+00 -0.8291504E+00
 -0.1686265E+00 -0.8315942E+00
 -0.1270840E+00 -0.8309734E+00
 -0.8021319E-01 -0.8259352E+00
 -0.4202104E-01 -0.8279387E+00
  0.1338919E-03 -0.8310187E+00
  0.3706774E-01 -0.8257014E+00
  0.7090404E-01 -0.8271199E+00
  0.1107946E+00 -0.8346193E+00
  0.1482850E+00 -0.8300526E+00
  0.1809794E+00 -0.8322341E+00
  0.2199375E+00 -0.8414397E+00
  0.2544078E+00 -0.8380905E+00
  0.2844581E+00 -0.8413075E+00
  0.3207201E+00 -0.8513291E+00
  0.3502115E+00 -0.8488509E+00
  0.3763290E+00 -0.8525853E+00
  0.4084005E+00 -0.8627927E+00
  0.4317100E+00 -0.8605485E+00
  0.4528435E+00 -0.8642148E+00
  0.4793951E+00 -0.8738738E+00
  0.4954237E+00 -0.8711600E+00
  0.5107869E+00 -0.8742718E+00
  0.5310117E+00 -0.8845413E+00
  0.5392519E+00 -0.8813158E+00
  0.5516746E+00 -0.8858245E+00
  0.5677118E+00 -0.8836785E+00
  0.5660316E+00 -0.8838196E+00
  0.5676037E+00 -0.8895636E+00
  0.5551821E+00 -0.8813525E+00
  0.5436759E+00 -0.8809181E+00
  0.5273144E+00 -0.8931595E+00
  0.4854436E+00 -0.8893428E+00
  0.4575433E+00 -0.8733442E+00
  0.4298021E+00 -0.8677984E+00
  0.3975116E+00 -0.8551058E+00
  0.3715709E+00 -0.8520498E+00
  0.3438279E+00 -0.8533284E+00
  0.3093664E+00 -0.8441304E+00
  0.2808678E+00 -0.8387533E+00
  0.2519931E+00 -0.8436619E+00
  0.2102494E+00 -0.8331485E+00
  0.1746721E+00 -0.8326604E+00
  0.1381242E+00 -0.8354160E+00
  0.9680916E-01 -0.8320445E+00
  0.5337458E-01 -0.8317910E+00
  0.1712654E-01 -0.8246160E+00
 -0.1710743E-01 -0.8257821E+00
 -0.5967845E-01 -0.8347629E+00
 -0.5568593E+00 -0.8926961E+00
 -0.2220149E+00 -0.8363993E+00
 -0.2634504E+00 -0.8428788E+00
 -0.3093647E+00 -0.8484287E+00
 -0.3509523E+00 -0.8491682E+00
 -0.3772704E+00 -0.8479347E+00
 -0.4032117E+00 -0.8527018E+00
 -0.4356527E+00 -0.8618194E+00
 -0.4667331E+00 -0.8657244E+00
 -0.4923811E+00 -0.8741675E+00
 -0.5419004E-01 -0.8116825E+00
 -0.3955987E+00 -0.8516669E+00
  0.6143876E+00 -0.9122902E+00
 -0.4756898E+00 -0.8865301E+00
 -0.2725728E+00 -0.8660679E+00
  0.3737198E+00 -0.8663307E+00
 -0.4892375E+00 -0.8723845E+00
  0.5933463E+00 -0.8976659E+00
  0.5767241E+00 -0.9081213E+00
 -0.7253400E+00 -0.8715307E+00
 -0.3658161E+00 -0.8533710E+00
  0.5191484E+00 -0.8955391E+00
  0.4420199E+00 -0.8853439E+00
  0.3470681E+00 -0.8745860E+00
  0.2379342E+00 -0.8653046E+00
  0.1215809E+00 -0.8571476E+00
  0.1625132E-01 -0.8426856E+00
 -0.8101036E+00 -0.8532796E+00
 -0.2650593E+00 -0.8730959E+00
 -0.3896193E+00 -0.8755687E+00
 -0.8323733E+00 -0.8723558E+00
  0.1177592E+00 -0.8427709E+00
 -0.2276668E+00 -0.8308625E+00
  0.8457427E-02 -0.8426707E+00
  0.3434723E-01 -0.8396749E+00
 -0.1244006E+00 -0.8434643E+00
 -0.5514352E-01 -0.8356350E+00
  0.4638535E+00 -0.8822640E+00
 -0.3792423E+00 -0.8740543E+00
  0.5942643E+00 -0.8798861E+00
 -0.7270251E+00 -0.8773827E+00
 -0.8348444E+00 -0.8546302E+00
 -0.5383618E+00 -0.8775002E+00
 -0.5521728E+00 -0.8903255E+00
 -0.7466621E+00 -0.8964269E+00
 -0.1281625E+01 -0.8286381E+00
 -0.1432045E+01 -0.8435339E+00
 -0.1651454E+00 -0.8314781E+00
 -0.1089934E+00 -0.8419418E+00
 -0.4952643E+00 -0.8622052E+00
  0.3070155E+00 -0.8410636E+00
 -0.5308508E+00 -0.8881007E+00
  0.2484868E+00 -0.8505914E+00
 -0.2615917E-02 -0.8252260E+00
  0.4576272E+00 -0.8615159E+00
 -0.9063633E-01 -0.8215314E+00
  0.6148171E+00 -0.8794237E+00
  0.1978429E+00 -0.8524064E+00
 -0.5774568E+00 -0.8881235E+00
  0.3153976E+00 -0.8422160E+00
 -0.2281591E+00 -0.8292212E+00
  0.5948308E+00 -0.8777133E+00
 -0.3373208E+00 -0.8394938E+00
  0.5439277E+00 -0.8693399E+00
  0.4162022E+00 -0.8529142E+00
 -0.4397490E+00 -0.8524073E+00
 -0.4201028E+00 -0.8481141E+00
  0.4777179E+00 -0.8596535E+00
  0.3924098E+00 -0.8483707E+00
  0.2912853E+00 -0.8377096E+00
  0.1785357E+00 -0.8296109E+00
  0.6030908E-01 -0.8260802E+00
 -0.6504161E-01 -0.8366307E+00
 -0.2081091E+00 -0.8336942E+00
 -0.4930919E+00 -0.8731362E+00
  0.4993965E+00 -0.8794325E+00
  0.1442323E+00 -0.8224048E+00
 -0.1726036E+00 -0.8279954E+00
 -0.3361140E+00 -0.8280296E+00
  0.5071516E+00 -0.8551187E+00
 -0.2464833E+01 -0.2525822E+00
 -0.2065955E+01 -0.5208854E-01
 -0.1934281E+01  0.4101290E-02
 -0.1864475E+01  0.2276505E-01
 -0.1817745E+01  0.2665430E-01
 -0.1781273E+01  0.2422170E-01
 -0.1749820E+01  0.1921688E-01
 -0.1721186E+01  0.1334318E-01
 -0.1694201E+01  0.7474522E-02
 -0.1668200E+01  0.1992649E-02
 -0.1642746E+01 -0.2947083E-02
 -0.1617559E+01 -0.7293862E-02
 -0.1592463E+01 -0.1106074E-01
 -0.1567391E+01 -0.1429473E-01
 -0.1542509E+01 -0.1702378E-01
 -0.1518288E+01 -0.1933360E-01
 -0.1495944E+01 -0.2128306E-01
 -0.1478088E+01 -0.2294067E-01
 -0.1470518E+01 -0.2442377E-01
 -0.1487200E+01 -0.2600402E-01
 -0.1422284E+01 -0.2115769E-01
 -0.1295257E+01 -0.1230576E-01
 -0.1111622E+01 -0.9642435E-03
 -0.8793393E+00  0.1093160E-01
 -0.6085249E+00  0.2133784E-01
 -0.3110060E+00  0.2848091E-01
  0.1447928E-03  0.3113588E-01
  0.3112489E+00  0.2890299E-01
  0.6086990E+00  0.2219405E-01
  0.8794749E+00  0.1218959E-01
  0.1111742E+01  0.6423474E-03
  0.1295373E+01 -0.1042943E-01
  0.1422395E+01 -0.1909420E-01
  0.1487307E+01 -0.2384281E-01
  0.1487301E+01 -0.2384912E-01
  0.1422388E+01 -0.1911288E-01
  0.1295365E+01 -0.1046003E-01
  0.1111730E+01  0.6013858E-03
  0.8794554E+00  0.1214104E-01
  0.6086621E+00  0.2214065E-01
  0.3111805E+00  0.2884478E-01
  0.4887530E-04  0.3106530E-01
 -0.3110816E+00  0.2838835E-01
 -0.6085598E+00  0.2124788E-01
 -0.8793483E+00  0.1085168E-01
 -0.1111617E+01 -0.1026768E-02
 -0.1295245E+01 -0.1235505E-01
 -0.1422268E+01 -0.2119134E-01
 -0.1487191E+01 -0.2601979E-01
 -0.1470493E+01 -0.2443914E-01
 -0.1478064E+01 -0.2295600E-01
 -0.1495924E+01 -0.2129953E-01
 -0.1518257E+01 -0.1935167E-01
 -0.1542486E+01 -0.1704136E-01
 -0.1567367E+01 -0.1430732E-01
 -0.1592425E+01 -0.1108128E-01
 -0.1617525E+01 -0.7315912E-02
 -0.1642708E+01 -0.2972434E-02
 -0.1668162E+01  0.1963755E-02
 -0.1694172E+01  0.7441026E-02
 -0.1721160E+01  0.1330319E-01
 -0.1749805E+01  0.1916747E-01
 -0.1781300E+01  0.2415590E-01
 -0.1817765E+01  0.2658723E-01
 -0.1864561E+01  0.2264295E-01
 -0.1934425E+01  0.3917712E-02
 -0.2066038E+01 -0.5230200E-01
 -0.2463340E+01 -0.2524120E+00
 -0.2356657E+01 -0.2440409E+00
 -0.2147453E+01 -0.2285269E+00
 -0.1844001E+01 -0.2084258E+00
 -0.1459830E+01 -0.1873411E+00
 -0.1011949E+01 -0.1688825E+00
 -0.5197862E+00 -0.1562039E+00
 -0.4728896E-02 -0.1514439E+00
  0.5103646E+00 -0.1554025E+00
  0.1002728E+01 -0.1673983E+00
  0.1450901E+01 -0.1852720E+00
  0.1835268E+01 -0.2058594E+00
  0.2139226E+01 -0.2256138E+00
  0.2349535E+01 -0.2410989E+00
  0.2456991E+01 -0.2495614E+00
  0.2456878E+01 -0.2495363E+00
  0.2349305E+01 -0.2410170E+00
  0.2138993E+01 -0.2255292E+00
  0.1835012E+01 -0.2057795E+00
  0.1450520E+01 -0.1851180E+00
  0.1002273E+01 -0.1672146E+00
  0.5096812E+00 -0.1551380E+00
 -0.5438774E-02 -0.1511095E+00
 -0.5203874E+00 -0.1558185E+00
 -0.1012506E+01 -0.1684076E+00
 -0.1459984E+01 -0.1867115E+00
 -0.1841702E+01 -0.2075492E+00
 -0.2137177E+01 -0.2270870E+00
 -0.2352013E+01 -0.2434758E+00
 -0.1782961E+01  0.2925204E-01
 -0.1738281E+01  0.3293868E-01
 -0.1703391E+01  0.3032956E-01
 -0.1673356E+01  0.2515101E-01
 -0.1645985E+01  0.1914884E-01
 -0.1620191E+01  0.1316938E-01
 -0.1595331E+01  0.7588626E-02
 -0.1570994E+01  0.2560398E-02
 -0.1546903E+01 -0.1870707E-02
 -0.1522896E+01 -0.5743051E-02
 -0.1498946E+01 -0.9054488E-02
 -0.1475165E+01 -0.1182913E-01
 -0.1451998E+01 -0.1420167E-01
 -0.1430632E+01 -0.1623670E-01
 -0.1413557E+01 -0.1798869E-01
 -0.1406323E+01 -0.1955163E-01
 -0.1280692E+01 -0.1065863E-01
 -0.1099090E+01  0.7548627E-03
 -0.8693256E+00  0.1276287E-01
 -0.6012903E+00  0.2320886E-01
 -0.3068337E+00  0.3035894E-01
  0.8806714E-03  0.3291741E-01
  0.3082696E+00  0.3064482E-01
  0.6021594E+00  0.2391284E-01
  0.8697726E+00  0.1388608E-01
  0.1099383E+01  0.2299678E-02
  0.1280931E+01 -0.8818035E-02
  0.1406515E+01 -0.1752178E-01
  0.1470684E+01 -0.2229210E-01
  0.1470675E+01 -0.2229790E-01
  0.1406482E+01 -0.1753867E-01
  0.1280878E+01 -0.8843384E-02
  0.1099295E+01  0.2272294E-02
  0.8696192E+00  0.1386835E-01
  0.6018534E+00  0.2391781E-01
  0.3076975E+00  0.3065662E-01
  0.4762490E-04  0.3289054E-01
 -0.3075997E+00  0.3020432E-01
 -0.6017436E+00  0.2303436E-01
 -0.8694966E+00  0.1259388E-01
 -0.1099157E+01  0.6634552E-03
 -0.1280721E+01 -0.1071461E-01
 -0.1406309E+01 -0.1958927E-01
 -0.1413552E+01 -0.1803753E-01
 -0.1430630E+01 -0.1630106E-01
 -0.1452006E+01 -0.1427456E-01
 -0.1475165E+01 -0.1188789E-01
 -0.1498951E+01 -0.9079704E-02
 -0.1522909E+01 -0.5779200E-02
 -0.1546894E+01 -0.1938534E-02
 -0.1570975E+01  0.2483929E-02
 -0.1595326E+01  0.7502823E-02
 -0.1620203E+01  0.1307078E-01
 -0.1646014E+01  0.1903260E-01
 -0.1673415E+01  0.2501016E-01
 -0.1703530E+01  0.3013767E-01
 -0.1738434E+01  0.3271336E-01
 -0.1783202E+01  0.2897789E-01
 -0.1850018E+01  0.1052613E-01
 -0.1975813E+01 -0.4519174E-01
 -0.1799385E+01 -0.3205346E-01
 -0.1544411E+01 -0.1519211E-01
 -0.1221903E+01  0.2543047E-02
 -0.8459720E+00  0.1806615E-01
 -0.4329675E+00  0.2870331E-01
 -0.8568534E-03  0.3270376E-01
  0.4312844E+00  0.2936082E-01
  0.8444534E+00  0.1930520E-01
  0.1220530E+01  0.4278935E-02
  0.1543122E+01 -0.1301747E-01
  0.1798198E+01 -0.2959410E-01
  0.1974678E+01 -0.4259443E-01
  0.2064857E+01 -0.4971496E-01
  0.2064794E+01 -0.4967897E-01
  0.1974566E+01 -0.4254139E-01
  0.1798091E+01 -0.2952851E-01
  0.1543042E+01 -0.1292954E-01
  0.1220413E+01  0.4415674E-02
  0.8442342E+00  0.1945756E-01
  0.4309703E+00  0.2957709E-01
 -0.1200992E-02  0.3298789E-01
 -0.4333067E+00  0.2904485E-01
 -0.8463890E+00  0.1842183E-01
 -0.1222214E+01  0.3032005E-02
 -0.1544204E+01 -0.1462076E-01
 -0.1798266E+01 -0.3141512E-01
 -0.1974947E+01 -0.4467160E-01
 -0.1849599E+01  0.1091475E-01
 -0.1582924E+01  0.4431184E-01
 -0.1498857E+01  0.2972528E-01
 -0.1475372E+01  0.2355328E-01
 -0.1452737E+01  0.1779811E-01
 -0.1430582E+01  0.1260813E-01
 -0.1408650E+01  0.7988203E-02
 -0.1386775E+01  0.3938570E-02
 -0.1364947E+01  0.5555425E-03
 -0.1343224E+01 -0.2359818E-02
 -0.1322179E+01 -0.4796574E-02
 -0.1302768E+01 -0.6970938E-02
 -0.1287254E+01 -0.8916634E-02
 -0.1104568E+01  0.2730758E-02
 -0.6029659E+00  0.2543263E-01
 -0.8731902E+00  0.1495659E-01
 -0.3065404E+00  0.3266595E-01
  0.2782442E-02  0.3517906E-01
  0.3111866E+00  0.3281635E-01
  0.6059160E+00  0.2597675E-01
  0.8745432E+00  0.1584814E-01
  0.1105182E+01  0.4122670E-02
  0.1287620E+01 -0.7143531E-02
  0.1413836E+01 -0.1596862E-01
  0.1478331E+01 -0.2080645E-01
  0.1478308E+01 -0.2081104E-01
  0.1413785E+01 -0.1598086E-01
  0.1287525E+01 -0.7157020E-02
  0.1104998E+01  0.4122688E-02
  0.8741304E+00  0.1589064E-01
  0.6049786E+00  0.2608902E-01
  0.3093002E+00  0.3292785E-01
  0.6054833E-04  0.3519641E-01
 -0.3091751E+00  0.3247379E-01
 -0.6048353E+00  0.2520162E-01
 -0.8739695E+00  0.1461079E-01
 -0.1104816E+01  0.2508543E-02
 -0.1287315E+01 -0.9033421E-02
 -0.1302865E+01 -0.7150839E-02
 -0.1343403E+01 -0.2450992E-02
 -0.1322319E+01 -0.4978180E-02
 -0.1365056E+01  0.4960901E-03
 -0.1386858E+01  0.3934004E-02
 -0.1408690E+01  0.7914728E-02
 -0.1430611E+01  0.1248338E-01
 -0.1452777E+01  0.1765861E-01
 -0.1475424E+01  0.2339577E-01
 -0.1498926E+01  0.2954719E-01
 -0.1523884E+01  0.3573953E-01
 -0.1551337E+01  0.4110661E-01
 -0.1583131E+01  0.4399208E-01
 -0.1623921E+01  0.4065348E-01
 -0.1684769E+01  0.2274921E-01
 -0.1445894E+01  0.3845176E-01
 -0.7914852E+00  0.6939516E-01
 -0.1143734E+01  0.5496320E-01
 -0.4044918E+00  0.7928792E-01
  0.3245116E-03  0.8300433E-01
  0.4051570E+00  0.7988483E-01
  0.7922517E+00  0.7053796E-01
  0.1144611E+01  0.5658551E-01
  0.1446869E+01  0.4050705E-01
  0.1685807E+01  0.2512011E-01
  0.1851114E+01  0.1306390E-01
  0.1935611E+01  0.6432205E-02
  0.1935597E+01  0.6433425E-02
  0.1851101E+01  0.1306574E-01
  0.1685800E+01  0.2516404E-01
  0.1446833E+01  0.4062579E-01
  0.1144584E+01  0.5672626E-01
  0.7921520E+00  0.7073828E-01
  0.4050214E+00  0.8012569E-01
  0.1653585E-03  0.8328117E-01
 -0.4046400E+00  0.7962003E-01
 -0.7916407E+00  0.6974652E-01
 -0.1143772E+01  0.5537064E-01
 -0.1445652E+01  0.3893140E-01
 -0.1684310E+01  0.2320618E-01
 -0.1551128E+01  0.4139965E-01
 -0.1523784E+01  0.3595066E-01
 -0.1623598E+01  0.4104839E-01
 -0.1246661E+01  0.3087072E-01
 -0.1266043E+01  0.3685156E-01
 -0.1208842E+01  0.2062827E-01
 -0.1189863E+01  0.1647988E-01
 -0.1170688E+01  0.1285188E-01
 -0.1151772E+01  0.9758531E-02
 -0.1133800E+01  0.7178586E-02
 -0.1117552E+01  0.4918547E-02
  0.5137157E-02  0.3797462E-01
  0.3166139E+00  0.3527244E-01
 -0.6083423E+00  0.2786224E-01
 -0.3080525E+00  0.3521355E-01
 -0.8824813E+00  0.1714908E-01
  0.6141306E+00  0.2847609E-01
  0.8854637E+00  0.1810687E-01
  0.1118682E+01  0.6194577E-02
  0.1303253E+01 -0.5249178E-02
  0.1430994E+01 -0.1421555E-01
  0.1496267E+01 -0.1913259E-01
  0.1496243E+01 -0.1913714E-01
  0.1430930E+01 -0.1422665E-01
  0.1303137E+01 -0.5256410E-02
  0.1118401E+01  0.6210457E-02
  0.8847348E+00  0.1817281E-01
  0.6123222E+00  0.2853945E-01
  0.3130734E+00  0.3549211E-01
  0.9611556E-04  0.3779987E-01
 -0.3128782E+00  0.3503420E-01
 -0.6121176E+00  0.2764438E-01
 -0.8845073E+00  0.1688081E-01
 -0.1118156E+01  0.4581239E-02
 -0.1190155E+01  0.1638995E-01
 -0.1208871E+01  0.2055188E-01
 -0.1152908E+01  0.9649899E-02
 -0.1171469E+01  0.1277413E-01
 -0.1134835E+01  0.6940595E-02
 -0.1227662E+01  0.2530864E-01
 -0.1246670E+01  0.3068617E-01
 -0.1266097E+01  0.3664310E-01
 -0.1286263E+01  0.4303998E-01
 -0.1307684E+01  0.4951840E-01
 -0.1331256E+01  0.5521919E-01
 -0.1358516E+01  0.5857121E-01
 -0.1393596E+01  0.5568336E-01
  0.7792644E-03  0.9827607E-01
  0.3910670E+00  0.9532361E-01
 -0.7626178E+00  0.8524356E-01
 -0.3894875E+00  0.9472173E-01
 -0.1102254E+01  0.7145233E-01
  0.7642424E+00  0.8638397E-01
  0.1103960E+01  0.7306529E-01
  0.1395363E+01  0.5771787E-01
  0.1625757E+01  0.4299479E-01
  0.1785114E+01  0.3149695E-01
  0.1866569E+01  0.2517596E-01
  0.1866577E+01  0.2518423E-01
  0.1785131E+01  0.3151574E-01
  0.1625773E+01  0.4305894E-01
  0.1395396E+01  0.5781879E-01
  0.1103987E+01  0.7322998E-01
  0.7642573E+00  0.8657292E-01
  0.3910348E+00  0.9551966E-01
  0.7125235E-03  0.9852134E-01
 -0.3895367E+00  0.9502321E-01
 -0.7626211E+00  0.8558826E-01
 -0.1102187E+01  0.7181785E-01
 -0.1393373E+01  0.5608978E-01
 -0.1331059E+01  0.5555925E-01
 -0.1307581E+01  0.4976994E-01
 -0.1227676E+01  0.2546579E-01
 -0.1358420E+01  0.5882033E-01
 -0.1286179E+01  0.4326614E-01
 -0.9564820E+00  0.3402067E-01
 -0.9410399E+00  0.2959334E-01
 -0.8947226E+00  0.1959450E-01
  0.6234688E+00  0.3134887E-01
  0.8987182E+00  0.2076479E-01
  0.3214665E+00  0.3859024E-01
  0.5052838E-02  0.4078363E-01
 -0.6167315E+00  0.3035372E-01
 -0.3126661E+00  0.3794633E-01
 -0.1001313E+01  0.5053876E-01
  0.1322787E+01 -0.3018975E-02
  0.1452435E+01 -0.1216020E-01
  0.1518687E+01 -0.1716101E-01
  0.1518664E+01 -0.1716692E-01
  0.1452364E+01 -0.1217737E-01
  0.1322664E+01 -0.3062569E-02
  0.1135156E+01  0.8588778E-02
  0.8979995E+00  0.2074328E-01
  0.6215209E+00  0.3127708E-01
  0.3178073E+00  0.3834261E-01
  0.1601340E-03  0.4068912E-01
 -0.3174920E+00  0.3788095E-01
 -0.6212083E+00  0.3037409E-01
 -0.8976807E+00  0.1943891E-01
 -0.9709469E+00  0.3875892E-01
 -0.9859572E+00  0.4434923E-01
 -0.9561150E+00  0.3380286E-01
 -0.9413494E+00  0.2944930E-01
 -0.9119580E+00  0.2233789E-01
 -0.9266064E+00  0.2564783E-01
  0.1360564E+01  0.6055842E-01
 -0.1017264E+01  0.5720147E-01
 -0.1034213E+01  0.6397422E-01
 -0.1052876E+01  0.7003435E-01
 -0.1074489E+01  0.7378060E-01
  0.7452983E+00  0.8817828E-01
  0.1076475E+01  0.7538581E-01
  0.3814875E+00  0.9683958E-01
  0.9955843E-03  0.9967809E-01
 -0.7433143E+00  0.8712376E-01
 -0.3795142E+00  0.9626330E-01
  0.1585188E+01  0.4634063E-01
  0.1740583E+01  0.3520727E-01
  0.1820003E+01  0.2910790E-01
  0.1820009E+01  0.2911653E-01
  0.1740634E+01  0.3521006E-01
  0.1585257E+01  0.4639210E-01
  0.1360680E+01  0.6061845E-01
  0.1076581E+01  0.7549502E-01
  0.7453605E+00  0.8840463E-01
  0.3814967E+00  0.9709386E-01
  0.9719013E-03  0.9996148E-01
 -0.3795167E+00  0.9655911E-01
 -0.7432690E+00  0.8743650E-01
 -0.1074381E+01  0.7411875E-01
 -0.1017267E+01  0.5744510E-01
 -0.9714807E+00  0.3897874E-01
 -0.1034158E+01  0.6423590E-01
  0.1135418E+01  0.8637461E-02
 -0.1052780E+01  0.7033367E-01
 -0.1001439E+01  0.5079385E-01
 -0.9092035E+00  0.2234580E-01
 -0.9250610E+00  0.2577567E-01
 -0.9862808E+00  0.4458654E-01
 -0.6634748E+00  0.4568410E-01
 -0.6524327E+00  0.4101524E-01
 -0.3202000E+00  0.4099187E-01
  0.6319539E+00  0.3456633E-01
  0.9125091E+00  0.2390776E-01
 -0.6280065E+00  0.3357855E-01
  0.3239753E+00  0.4175909E-01
  0.1886645E-02  0.4400867E-01
 -0.7154012E+00  0.7662790E-01
  0.1343922E+01 -0.4369219E-03
 -0.6614618E+00  0.4539599E-01
  0.1543002E+01 -0.1482041E-01
  0.1475669E+01 -0.9732729E-02
  0.1475622E+01 -0.9767133E-02
  0.1343844E+01 -0.5129678E-03
  0.1153334E+01  0.1131620E-01
  0.9124006E+00  0.2365652E-01
  0.6315121E+00  0.3435240E-01
  0.3229614E+00  0.4152738E-01
  0.2501027E-03  0.4391129E-01
 -0.3224743E+00  0.4106088E-01
 -0.6310481E+00  0.3343999E-01
 -0.6411469E+00  0.3691193E-01
  0.1333362E+01  0.5711167E-01
 -0.6820271E+00  0.5630592E-01
 -0.6716756E+00  0.5052416E-01
 -0.6513010E+00  0.4087551E-01
  0.1705725E+01  0.3250428E-01
 -0.7283247E+00  0.8300295E-01
  0.3739147E+00  0.9241010E-01
 -0.7036623E+00  0.6959581E-01
 -0.3718067E+00  0.9189738E-01
  0.1783550E+01  0.2658430E-01
  0.1054966E+01  0.7152923E-01
  0.7304221E+00  0.8402588E-01
  0.1055665E-02  0.9520264E-01
  0.1553464E+01  0.4331055E-01
  0.1783582E+01  0.2658141E-01
  0.1705795E+01  0.3251450E-01
  0.1553556E+01  0.4335301E-01
  0.1333452E+01  0.5722314E-01
  0.1055061E+01  0.7168159E-01
  0.7304983E+00  0.8421859E-01
  0.3739599E+00  0.9262265E-01
  0.1061861E-02  0.9543116E-01
 -0.3718104E+00  0.9212759E-01
 -0.7283017E+00  0.8326212E-01
 -0.6931721E+00  0.6294568E-01
 -0.6734173E+00  0.5076463E-01
  0.1153376E+01  0.1145355E-01
 -0.7154337E+00  0.7689177E-01
 -0.6403438E+00  0.3695811E-01
 -0.6831492E+00  0.5655218E-01
 -0.7038435E+00  0.6985106E-01
  0.1542976E+01 -0.1483223E-01
 -0.6926314E+00  0.6269807E-01
 -0.3358766E+00  0.4897793E-01
 -0.1644174E-02  0.4772442E-01
  0.9263650E+00  0.2716079E-01
 -0.3378157E+00  0.5334960E-01
  0.1567971E+01 -0.1207151E-01
  0.1365600E+01  0.2535768E-02
 -0.3651859E+00  0.8531643E-01
  0.1172038E+01  0.1445949E-01
 -0.3327000E+00  0.4871702E-01
 -0.3535717E+00  0.7104942E-01
  0.1499566E+01 -0.6893132E-02
  0.1365615E+01  0.2456177E-02
  0.6418033E+00  0.3783529E-01
  0.3282792E+00  0.4511526E-01
  0.3592103E-03  0.4753593E-01
 -0.3275774E+00  0.4464424E-01
  0.1751914E+01  0.2158447E-01
 -0.3481978E+00  0.6450875E-01
  0.7174770E+00  0.7766394E-01
  0.1309678E+01  0.5139643E-01
 -0.3429674E+00  0.5860192E-01
  0.1525969E+01  0.3796118E-01
  0.1751897E+01  0.2157409E-01
  0.1525882E+01  0.3790546E-01
  0.1675510E+01  0.2738140E-01
  0.3673083E+00  0.8584639E-01
  0.1036234E+01  0.6546821E-01
 -0.3591873E+00  0.7810152E-01
  0.9272112E+00  0.2698082E-01
  0.1499525E+01 -0.6933860E-02
  0.1309789E+01  0.5147810E-01
  0.1036329E+01  0.6558222E-01
  0.7175060E+00  0.7780971E-01
  0.3672473E+00  0.8602700E-01
  0.9470413E-03  0.8878072E-01
 -0.3653042E+00  0.8556128E-01
 -0.3596187E+00  0.7834446E-01
 -0.3459395E+00  0.5878530E-01
 -0.3501372E+00  0.6471723E-01
 -0.3415762E+00  0.5352062E-01
  0.1567998E+01 -0.1205950E-01
  0.1675444E+01  0.2735017E-01
 -0.3284539E+00  0.4472015E-01
  0.6402556E+00  0.3800675E-01
 -0.3546036E+00  0.7127982E-01
  0.1073666E-02  0.8856661E-01
  0.1171715E+01  0.1461304E-01
  0.1593172E+01 -0.8820091E-02
  0.1019112E+01  0.5877410E-01
  0.1288141E+01  0.4496323E-01
  0.7054322E+00  0.7074109E-01
  0.1190898E+01  0.1809344E-01
  0.1723047E+01  0.1570413E-01
  0.9912654E-03  0.7416800E-01
  0.1523669E+01 -0.3571768E-02
  0.1387575E+01  0.5918024E-02
 -0.3528516E-02  0.5182980E-01
  0.6521893E+00  0.4180670E-01
  0.3336521E+00  0.4919365E-01
  0.1288083E+01  0.4488843E-01
  0.8902849E-03  0.6757461E-01
  0.1500805E+01  0.3172953E-01
  0.1500725E+01  0.3168214E-01
  0.7056477E+00  0.7060447E-01
  0.1647900E+01  0.2137569E-01
  0.7671625E-03  0.6162208E-01
  0.1647827E+01  0.2134835E-01
  0.3612547E+00  0.7861452E-01
  0.3302210E+00  0.4937495E-01
  0.4874002E-03  0.5164807E-01
  0.1723021E+01  0.1569405E-01
  0.1019156E+01  0.5866524E-01
  0.1052748E-02  0.8127327E-01
  0.3608057E+00  0.7879137E-01
  0.5013865E-03  0.8150272E-01
  0.1593202E+01 -0.8811223E-02
 -0.1457650E-02  0.6778031E-01
 -0.3579037E-02  0.5647818E-01
 -0.2663686E-02  0.6173625E-01
  0.9407200E+00  0.3091870E-01
  0.6294071E-03  0.5631986E-01
  0.1190363E+01  0.1819188E-01
  0.1387487E+01  0.5979162E-02
  0.9421542E+00  0.3079674E-01
 -0.3032250E-03  0.7437104E-01
  0.6496975E+00  0.4203572E-01
  0.1523629E+01 -0.3607224E-02
  0.3543493E+00  0.7174368E-01
  0.1476995E+01  0.2549940E-01
  0.6600794E+00  0.4647004E-01
  0.1209814E+01  0.2227840E-01
  0.3499401E+00  0.6500553E-01
  0.9571468E+00  0.3516720E-01
  0.1409499E+01  0.9976583E-02
  0.1209239E+01  0.2235163E-01
  0.6626115E+00  0.4633890E-01
  0.3390426E+00  0.5383112E-01
  0.1267708E+01  0.3845738E-01
  0.1002676E+01  0.5207381E-01
  0.1621779E+01  0.1535992E-01
  0.1477030E+01  0.2554186E-01
  0.1618476E+01 -0.5014830E-02
  0.6944661E+00  0.6369576E-01
  0.1621844E+01  0.1538614E-01
  0.1003023E+01  0.5197646E-01
  0.3555140E+00  0.7155534E-01
  0.1547798E+01  0.2641098E-03
  0.3354793E+00  0.5398241E-01
  0.1695790E+01  0.9808551E-02
  0.9557000E+00  0.3532648E-01
  0.1267629E+01  0.3852708E-01
  0.1409595E+01  0.9925868E-02
  0.1618442E+01 -0.5026352E-02
  0.3444642E+00  0.5908956E-01
  0.1695812E+01  0.9817129E-02
  0.3415132E+00  0.5927890E-01
  0.1547831E+01  0.2834061E-03
  0.6937196E+00  0.6384318E-01
  0.3478441E+00  0.6514160E-01
  0.1454106E+01  0.1972925E-01
  0.1247777E+01  0.3253999E-01
  0.6822317E+00  0.5743288E-01
  0.1572089E+01  0.4714916E-02
  0.9722138E+00  0.4014574E-01
  0.1431643E+01  0.1456076E-01
  0.3262982E+00  0.4539445E-01
  0.9866918E+00  0.4587331E-01
  0.1596664E+01  0.9763123E-02
  0.1454085E+01  0.1977076E-01
  0.6730734E+00  0.5148208E-01
  0.6709784E+00  0.5166108E-01
  0.1572117E+01  0.4741119E-02
  0.1596705E+01  0.9785587E-02
  0.6836608E+00  0.5727806E-01
  0.1228826E+01  0.2706290E-01
  0.1669531E+01  0.4306900E-02
  0.1643869E+01 -0.6492994E-03
  0.1248054E+01  0.3246777E-01
  0.9874566E+00  0.4575892E-01
  0.1669551E+01  0.4312842E-02
  0.1643841E+01 -0.6509046E-03
  0.1431717E+01  0.1452327E-01
  0.9710417E+00  0.4024809E-01
  0.1228357E+01  0.2713767E-01
 -0.1269045E+01  0.1059347E+01
 -0.1219283E+01  0.1154543E+01
 -0.1211340E+01  0.1023248E+01
 -0.1235889E+01  0.1069112E+01
 -0.1233642E+01  0.1104801E+01
 -0.1203909E+01  0.1114166E+01
 -0.1167491E+01  0.1123323E+01
 -0.1126042E+01  0.1133562E+01
 -0.1079633E+01  0.1144582E+01
 -0.1028406E+01  0.1156193E+01
 -0.9725528E+00  0.1168206E+01
 -0.9122998E+00  0.1180398E+01
 -0.8478854E+00  0.1192567E+01
 -0.7795647E+00  0.1204517E+01
 -0.7076383E+00  0.1216043E+01
 -0.6324220E+00  0.1226908E+01
 -0.5542365E+00  0.1236966E+01
 -0.4734115E+00  0.1246039E+01
 -0.3903122E+00  0.1253941E+01
 -0.3053185E+00  0.1260547E+01
 -0.2188480E+00  0.1265700E+01
 -0.1312761E+00  0.1269262E+01
 -0.4330818E-01  0.1267881E+01
  0.8731545E-01  0.1239390E+01
 -0.1251535E+01  0.1065185E+01
  0.3425136E+00  0.1229302E+01
 -0.1136183E+01  0.1175658E+01
  0.5844867E+00  0.1206857E+01
 -0.1185819E+01  0.1083017E+01
  0.8035595E+00  0.1175802E+01
 -0.1007478E+01  0.1205430E+01
  0.9912093E+00  0.1140909E+01
 -0.1072803E+01  0.1110992E+01
  0.1140324E+01  0.1107663E+01
 -0.8382323E+00  0.1239930E+01
  0.1245564E+01  0.1081114E+01
 -0.9168373E+00  0.1145228E+01
  0.1303320E+01  0.1065403E+01
 -0.6344941E+00  0.1273487E+01
  0.1311609E+01  0.1063086E+01
 -0.7234030E+00  0.1180374E+01
  0.1270152E+01  0.1074514E+01
 -0.4040542E+00  0.1300736E+01
  0.1180380E+01  0.1097803E+01
 -0.4998495E+00  0.1210732E+01
  0.1045351E+01  0.1129431E+01
 -0.1560920E+00  0.1317457E+01
  0.8698599E+00  0.1164459E+01
 -0.2550030E+00  0.1231531E+01
  0.6603835E+00  0.1197460E+01
  0.9927604E-01  0.1321244E+01
  0.4250392E+00  0.1223225E+01
  0.1254841E-02  0.1239830E+01
  0.1732239E+00  0.1237705E+01
  0.3515688E+00  0.1311448E+01
 -0.8480537E-01  0.1238606E+01
  0.2583640E+00  0.1234284E+01
 -0.3384230E+00  0.1225919E+01
  0.5904952E+00  0.1289578E+01
 -0.5772572E+00  0.1201472E+01
  0.5057816E+00  0.1215695E+01
 -0.7916951E+00  0.1168944E+01
  0.8064056E+00  0.1259065E+01
 -0.9733593E+00  0.1133490E+01
  0.7334756E+00  0.1187002E+01
 -0.1115537E+01  0.1100798E+01
  0.9908626E+00  0.1224721E+01
 -0.1213178E+01  0.1075872E+01
  0.9324384E+00  0.1152705E+01
 -0.1262716E+01  0.1061867E+01
 -0.1268555E+01  0.1059957E+01
 -0.8068237E-02  0.1317241E+01
  0.1136894E+01  0.1191907E+01
  0.4356025E+00  0.1175599E+01
  0.1095070E+01  0.1118219E+01
  0.6707153E+00  0.1149735E+01
  0.1239267E+01  0.1165741E+01
  0.8795020E+00  0.1116629E+01
  0.1215447E+01  0.1088873E+01
  0.1053877E+01  0.1081429E+01
  0.1294435E+01  0.1150249E+01
  0.1187363E+01  0.1049620E+01
  0.1289352E+01  0.1069253E+01
  0.1275270E+01  0.1026013E+01
  0.1300535E+01  0.1147794E+01
  0.1314620E+01  0.1014363E+01
  0.1314295E+01  0.1062296E+01
  0.1304066E+01  0.1016584E+01
  0.1257341E+01  0.1158891E+01
  0.1244009E+01  0.1032224E+01
  0.1289415E+01  0.1069196E+01
  0.1136518E+01  0.1058855E+01
  0.1166398E+01  0.1181727E+01
  0.9852857E+00  0.1092397E+01
  0.1215536E+01  0.1088914E+01
  0.7957408E+00  0.1127640E+01
  0.1030776E+01  0.1212703E+01
  0.5750273E+00  0.1159050E+01
  0.1095181E+01  0.1118227E+01
  0.3317447E+00  0.1181678E+01
  0.8553330E+00  0.1246994E+01
  0.7571475E-01  0.1191989E+01
  0.9325520E+00  0.1152599E+01
 -0.1825855E+00  0.1188383E+01
  0.6465734E+00  0.1279372E+01
 -0.4325281E+00  0.1171497E+01
  0.7335761E+00  0.1186798E+01
 -0.6639256E+00  0.1143745E+01
  0.4125682E+00  0.1304841E+01
 -0.8675281E+00  0.1109416E+01
  0.5058593E+00  0.1215497E+01
 -0.1035521E+01  0.1073926E+01
  0.1625908E+00  0.1319171E+01
 -0.1161755E+01  0.1042951E+01
  0.2583937E+00  0.1234172E+01
 -0.1241656E+01  0.1021200E+01
 -0.1252010E+01  0.1063826E+01
  0.1835207E+00  0.1190186E+01
 -0.1263360E+01  0.1060664E+01
  0.0000000E+00  0.0000000E+00
  0.0000000E+00  0.0000000E+00
  0.0000000E+00  0.0000000E+00
  0.0000000E+00  0.0000000E+00
  0.0000000E+00  0.0000000E+00
  0.0000000E+00  0.0000000E+00
  0.0000000E+00  0.0000000E+00
  0.0000000E+00  0.0000000E+00
  0.0000000E+00  0.0000000E+00
  0.0000000E+00  0.0000000E+00
  0.0000000E+00  0.0000000E+00
  0.0000000E+00  0.0000000E+00
  0.0000000E+00  0.0000000E+00
  0.0000000E+00  0.0000000E+00
  0.0000000E+00  0.0000000E+00
  0.0000000E+00  0.0000000E+00
  0.0000000E+00  0.0000000E+00
  0.0000000E+00  0.0000000E+00
  0.0000000E+00  0.0000000E+00
  0.0000000E+00  0.0000000E+00
  0.0000000E+00  0.0000000E+00
  0.0000000E+00  0.0000000E+00
  0.0000000E+00  0.0000000E+00
  0.0000000E+00  0.0000000E+00
  0.0000000E+00  0.0000000E+00
  0.0000000E+00  0.0000000E+00
  0.0000000E+00  0.0000000E+00
  0.0000000E+00  0.0000000E+00
  0.0000000E+00  0.0000000E+00
  0.0000000E+00  0.0000000E+00
  0.0000000E+00  0.0000000E+00
  0.0000000E+00  0.0000000E+00
  0.0000000E+00  0.0000000E+00
  0.0000000E+00  0.0000000E+00
  0.0000000E+00  0.0000000E+00
  0.0000000E+00  0.0000000E+00
  0.0000000E+00  0.0000000E+00
  0.0000000E+00  0.0000000E+00
  0.0000000E+00  0.0000000E+00
  0.0000000E+00  0.0000000E+00
  0.0000000E+00  0.0000000E+00
  0.0000000E+00  0.0000000E+00
  0.0000000E+00  0.0000000E+00
  0.0000000E+00  0.0000000E+00
  0.0000000E+00  0.0000000E+00
  0.0000000E+00  0.0000000E+00
  0.0000000E+00  0.0000000E+00
  0.0000000E+00  0.0000000E+00
  0.0000000E+00  0.0000000E+00
  0.0000000E+00  0.0000000E+00
  0.0000000E+00  0.0000000E+00
  0.0000000E+00  0.0000000E+00
  0.0000000E+00  0.0000000E+00
  0.0000000E+00  0.0000000E+00
  0.0000000E+00  0.0000000E+00
  0.0000000E+00  0.0000000E+00
  0.0000000E+00  0.0000000E+00
  0.0000000E+00  0.0000000E+00
  0.0000000E+00  0.0000000E+00
  0.0000000E+00  0.0000000E+00
  0.0000000E+00  0.0000000E+00
  0.0000000E+00  0.0000000E+00
  0.0000000E+00  0.0000000E+00
  0.0000000E+00  0.0000000E+00
  0.0000000E+00  0.0000000E+00
  0.0000000E+00  0.0000000E+00
  0.0000000E+00  0.0000000E+00
  0.0000000E+00  0.0000000E+00
  0.0000000E+00  0.0000000E+00
  0.0000000E+00  0.0000000E+00
  0.0000000E+00  0.0000000E+00
  0.0000000E+00  0.0000000E+00
  0.0000000E+00  0.0000000E+00
  0.0000000E+00  0.0000000E+00
  0.0000000E+00  0.0000000E+00
  0.0000000E+00  0.0000000E+00
  0.0000000E+00  0.0000000E+00
  0.0000000E+00  0.0000000E+00
  0.0000000E+00  0.0000000E+00
  0.0000000E+00  0.0000000E+00
  0.0000000E+00  0.0000000E+00
  0.0000000E+00  0.0000000E+00
  0.0000000E+00  0.0000000E+00
  0.0000000E+00  0.0000000E+00
  0.0000000E+00  0.0000000E+00
  0.0000000E+00  0.0000000E+00
  0.0000000E+00  0.0000000E+00
  0.0000000E+00  0.0000000E+00
  0.0000000E+00  0.0000000E+00
  0.0000000E+00  0.0000000E+00
  0.0000000E+00  0.0000000E+00
  0.0000000E+00  0.0000000E+00
  0.0000000E+00  0.0000000E+00
  0.0000000E+00  0.0000000E+00
  0.0000000E+00  0.0000000E+00
  0.0000000E+00  0.0000000E+00
  0.0000000E+00  0.0000000E+00
  0.0000000E+00  0.0000000E+00
  0.0000000E+00  0.0000000E+00
  0.0000000E+00  0.0000000E+00
  0.0000000E+00  0.0000000E+00
  0.0000000E+00  0.0000000E+00
  0.0000000E+00  0.0000000E+00
  0.0000000E+00  0.0000000E+00
  0.0000000E+00  0.0000000E+00
  0.0000000E+00  0.0000000E+00
  0.0000000E+00  0.0000000E+00
  0.0000000E+00  0.0000000E+00
  0.0000000E+00  0.0000000E+00
  0.0000000E+00  0.0000000E+00
  0.0000000E+00  0.0000000E+00
  0.0000000E+00  0.0000000E+00
  0.0000000E+00  0.0000000E+00
  0.0000000E+00  0.0000000E+00
  0.0000000E+00  0.0000000E+00
  0.0000000E+00  0.0000000E+00
  0.0000000E+00  0.0000000E+00
  0.0000000E+00  0.0000000E+00
  0.0000000E+00  0.0000000E+00
  0.0000000E+00  0.0000000E+00
  0.0000000E+00  0.0000000E+00
  0.0000000E+00  0.0000000E+00
  0.0000000E+00  0.0000000E+00
  0.0000000E+00  0.0000000E+00
  0.0000000E+00  0.0000000E+00
  0.0000000E+00  0.0000000E+00
  0.0000000E+00  0.0000000E+00
  0.0000000E+00  0.0000000E+00
  0.0000000E+00  0.0000000E+00
  0.0000000E+00  0.0000000E+00
  0.0000000E+00  0.0000000E+00
  0.0000000E+00  0.0000000E+00
  0.0000000E+00  0.0000000E+00
  0.0000000E+00  0.0000000E+00
  0.0000000E+00  0.0000000E+00
  0.0000000E+00  0.0000000E+00
  0.0000000E+00  0.0000000E+00
  0.0000000E+00  0.0000000E+00
  0.0000000E+00  0.0000000E+00
  0.0000000E+00  0.0000000E+00
  0.0000000E+00  0.0000000E+00
  0.0000000E+00  0.0000000E+00
  0.0000000E+00  0.0000000E+00
  0.0000000E+00  0.0000000E+00
  0.0000000E+00  0.0000000E+00
  0.0000000E+00  0.0000000E+00
  0.0000000E+00  0.0000000E+00
  0.0000000E+00  0.0000000E+00
  0.0000000E+00  0.0000000E+00
  0.0000000E+00  0.0000000E+00
  0.0000000E+00  0.0000000E+00
  0.0000000E+00  0.0000000E+00
  0.0000000E+00  0.0000000E+00
  0.0000000E+00  0.0000000E+00
  0.0000000E+00  0.0000000E+00
  0.0000000E+00  0.0000000E+00
  0.0000000E+00  0.0000000E+00
  0.0000000E+00  0.0000000E+00
  0.0000000E+00  0.0000000E+00
  0.0000000E+00  0.0000000E+00
  0.0000000E+00  0.0000000E+00
  0.0000000E+00  0.0000000E+00
  0.0000000E+00  0.0000000E+00
  0.0000000E+00  0.0000000E+00
  0.0000000E+00  0.0000000E+00
  0.0000000E+00  0.0000000E+00
  0.0000000E+00  0.0000000E+00
  0.0000000E+00  0.0000000E+00
  0.0000000E+00  0.0000000E+00
  0.0000000E+00  0.0000000E+00
  0.0000000E+00  0.0000000E+00
  0.0000000E+00  0.0000000E+00
  0.0000000E+00  0.0000000E+00
  0.0000000E+00  0.0000000E+00
  0.0000000E+00  0.0000000E+00
  0.0000000E+00  0.0000000E+00
  0.0000000E+00  0.0000000E+00
  0.0000000E+00  0.0000000E+00
  0.0000000E+00  0.0000000E+00
  0.0000000E+00  0.0000000E+00
  0.0000000E+00  0.0000000E+00
  0.0000000E+00  0.0000000E+00
  0.0000000E+00  0.0000000E+00
  0.0000000E+00  0.0000000E+00
  0.0000000E+00  0.0000000E+00
  0.0000000E+00  0.0000000E+00
  0.0000000E+00  0.0000000E+00
  0.0000000E+00  0.0000000E+00
  0.0000000E+00  0.0000000E+00
  0.0000000E+00  0.0000000E+00
  0.0000000E+00  0.0000000E+00
  0.0000000E+00  0.0000000E+00
  0.0000000E+00  0.0000000E+00
  0.0000000E+00  0.0000000E+00
  0.0000000E+00  0.0000000E+00
  0.0000000E+00  0.0000000E+00
  0.0000000E+00  0.0000000E+00
  0.0000000E+00  0.0000000E+00
  0.0000000E+00  0.0000000E+00
  0.0000000E+00  0.0000000E+00
  0.0000000E+00  0.0000000E+00
  0.0000000E+00  0.0000000E+00
  0.0000000E+00  0.0000000E+00
  0.0000000E+00  0.0000000E+00
  0.0000000E+00  0.0000000E+00
  0.0000000E+00  0.0000000E+00
  0.0000000E+00  0.0000000E+00
  0.0000000E+00  0.0000000E+00
  0.0000000E+00  0.0000000E+00
  0.0000000E+00  0.0000000E+00
  0.0000000E+00  0.0000000E+00
  0.0000000E+00  0.0000000E+00
  0.0000000E+00  0.0000000E+00
  0.0000000E+00  0.0000000E+00
  0.0000000E+00  0.0000000E+00
  0.0000000E+00  0.0000000E+00
  0.0000000E+00  0.0000000E+00
  0.0000000E+00  0.0000000E+00
  0.0000000E+00  0.0000000E+00
  0.0000000E+00  0.0000000E+00
  0.0000000E+00  0.0000000E+00
  0.0000000E+00  0.0000000E+00
  0.0000000E+00  0.0000000E+00
  0.0000000E+00  0.0000000E+00
  0.0000000E+00  0.0000000E+00
  0.0000000E+00  0.0000000E+00
  0.0000000E+00  0.0000000E+00
  0.0000000E+00  0.0000000E+00
  0.0000000E+00  0.0000000E+00
  0.0000000E+00  0.0000000E+00
  0.0000000E+00  0.0000000E+00
  0.0000000E+00  0.0000000E+00
  0.0000000E+00  0.0000000E+00
  0.0000000E+00  0.0000000E+00
  0.0000000E+00  0.0000000E+00
  0.0000000E+00  0.0000000E+00
  0.0000000E+00  0.0000000E+00
  0.0000000E+00  0.0000000E+00
  0.0000000E+00  0.0000000E+00
  0.0000000E+00  0.0000000E+00
  0.0000000E+00  0.0000000E+00
  0.0000000E+00  0.0000000E+00
  0.0000000E+00  0.0000000E+00
  0.0000000E+00  0.0000000E+00
  0.0000000E+00  0.0000000E+00
  0.0000000E+00  0.0000000E+00
  0.0000000E+00  0.0000000E+00
  0.0000000E+00  0.0000000E+00
  0.0000000E+00  0.0000000E+00
  0.0000000E+00  0.0000000E+00
  0.0000000E+00  0.0000000E+00
  0.0000000E+00  0.0000000E+00
  0.0000000E+00  0.0000000E+00
  0.0000000E+00  0.0000000E+00
  0.0000000E+00  0.0000000E+00
  0.0000000E+00  0.0000000E+00
  0.0000000E+00  0.0000000E+00
  0.0000000E+00  0.0000000E+00
  0.0000000E+00  0.0000000E+00
  0.0000000E+00  0.0000000E+00
  0.0000000E+00  0.0000000E+00
  0.0000000E+00  0.0000000E+00
  0.0000000E+00  0.0000000E+00
  0.0000000E+00  0.0000000E+00
  0.0000000E+00  0.0000000E+00
  0.0000000E+00  0.0000000E+00
  0.0000000E+00  0.0000000E+00
  0.0000000E+00  0.0000000E+00
  0.0000000E+00  0.0000000E+00
  0.0000000E+00  0.0000000E+00
  0.0000000E+00  0.0000000E+00
  0.0000000E+00  0.0000000E+00
  0.0000000E+00  0.0000000E+00
  0.0000000E+00  0.0000000E+00
  0.0000000E+00  0.0000000E+00
  0.0000000E+00  0.0000000E+00
  0.0000000E+00  0.0000000E+00
  0.0000000E+00  0.0000000E+00
  0.0000000E+00  0.0000000E+00
  0.0000000E+00  0.0000000E+00
  0.0000000E+00  0.0000000E+00
  0.0000000E+00  0.0000000E+00
  0.0000000E+00  0.0000000E+00
  0.0000000E+00  0.0000000E+00
  0.0000000E+00  0.0000000E+00
  0.0000000E+00  0.0000000E+00
  0.0000000E+00  0.0000000E+00
  0.0000000E+00  0.0000000E+00
  0.0000000E+00  0.0000000E+00
  0.0000000E+00  0.0000000E+00
  0.0000000E+00  0.0000000E+00
  0.0000000E+00  0.0000000E+00
  0.0000000E+00  0.0000000E+00
  0.0000000E+00  0.0000000E+00
  0.0000000E+00  0.0000000E+00
  0.0000000E+00  0.0000000E+00
  0.0000000E+00  0.0000000E+00
  0.0000000E+00  0.0000000E+00
  0.0000000E+00  0.0000000E+00
  0.0000000E+00  0.0000000E+00
  0.0000000E+00  0.0000000E+00
  0.0000000E+00  0.0000000E+00
  0.0000000E+00  0.0000000E+00
  0.0000000E+00  0.0000000E+00
  0.0000000E+00  0.0000000E+00
  0.0000000E+00  0.0000000E+00
  0.0000000E+00  0.0000000E+00
  0.0000000E+00  0.0000000E+00
  0.0000000E+00  0.0000000E+00
  0.0000000E+00  0.0000000E+00
  0.0000000E+00  0.0000000E+00
  0.0000000E+00  0.0000000E+00
  0.0000000E+00  0.0000000E+00
  0.0000000E+00  0.0000000E+00
  0.0000000E+00  0.0000000E+00
  0.0000000E+00  0.0000000E+00
  0.0000000E+00  0.0000000E+00
  0.0000000E+00  0.0000000E+00
  0.0000000E+00  0.0000000E+00
  0.0000000E+00  0.0000000E+00
  0.0000000E+00  0.0000000E+00
  0.0000000E+00  0.0000000E+00
  0.0000000E+00  0.0000000E+00
  0.0000000E+00  0.0000000E+00
  0.0000000E+00  0.0000000E+00
  0.0000000E+00  0.0000000E+00
  0.0000000E+00  0.0000000E+00
  0.0000000E+00  0.0000000E+00
  0.0000000E+00  0.0000000E+00
  0.0000000E+00  0.0000000E+00
  0.0000000E+00  0.0000000E+00
  0.0000000E+00  0.0000000E+00
  0.0000000E+00  0.0000000E+00
  0.0000000E+00  0.0000000E+00
  0.0000000E+00  0.0000000E+00
  0.0000000E+00  0.0000000E+00
  0.0000000E+00  0.0000000E+00
  0.0000000E+00  0.0000000E+00
  0.0000000E+00  0.0000000E+00
  0.0000000E+00  0.0000000E+00
  0.0000000E+00  0.0000000E+00
  0.0000000E+00  0.0000000E+00
  0.0000000E+00  0.0000000E+00
  0.0000000E+00  0.0000000E+00
  0.0000000E+00  0.0000000E+00
  0.0000000E+00  0.0000000E+00
  0.0000000E+00  0.0000000E+00
  0.0000000E+00  0.0000000E+00
  0.0000000E+00  0.0000000E+00
  0.0000000E+00  0.0000000E+00
  0.0000000E+00  0.0000000E+00
  0.0000000E+00  0.0000000E+00
  0.0000000E+00  0.0000000E+00
  0.0000000E+00  0.0000000E+00
  0.0000000E+00  0.0000000E+00
  0.0000000E+00  0.0000000E+00
  0.0000000E+00  0.0000000E+00
  0.0000000E+00  0.0000000E+00
  0.0000000E+00  0.0000000E+00
  0.0000000E+00  0.0000000E+00
  0.0000000E+00  0.0000000E+00
  0.0000000E+00  0.0000000E+00
  0.0000000E+00  0.0000000E+00
  0.0000000E+00  0.0000000E+00
  0.0000000E+00  0.0000000E+00
  0.0000000E+00  0.0000000E+00
  0.0000000E+00  0.0000000E+00
  0.0000000E+00  0.0000000E+00
  0.0000000E+00  0.0000000E+00
  0.0000000E+00  0.0000000E+00
  0.0000000E+00  0.0000000E+00
  0.0000000E+00  0.0000000E+00
  0.0000000E+00  0.0000000E+00
  0.0000000E+00  0.0000000E+00
  0.0000000E+00  0.0000000E+00
  0.0000000E+00  0.0000000E+00
  0.0000000E+00  0.0000000E+00
  0.0000000E+00  0.0000000E+00
  0.0000000E+00  0.0000000E+00
  0.0000000E+00  0.0000000E+00
  0.0000000E+00  0.0000000E+00
  0.0000000E+00  0.0000000E+00
  0.0000000E+00  0.0000000E+00
  0.0000000E+00  0.0000000E+00
  0.0000000E+00  0.0000000E+00
  0.0000000E+00  0.0000000E+00
  0.0000000E+00  0.0000000E+00
  0.0000000E+00  0.0000000E+00
  0.0000000E+00  0.0000000E+00
  0.0000000E+00  0.0000000E+00
  0.0000000E+00  0.0000000E+00
  0.0000000E+00  0.0000000E+00
  0.0000000E+00  0.0000000E+00
  0.0000000E+00  0.0000000E+00
  0.0000000E+00  0.0000000E+00
  0.0000000E+00  0.0000000E+00
  0.0000000E+00  0.0000000E+00
  0.0000000E+00  0.0000000E+00
  0.0000000E+00  0.0000000E+00
  0.0000000E+00  0.0000000E+00
  0.0000000E+00  0.0000000E+00
  0.0000000E+00  0.0000000E+00
  0.0000000E+00  0.0000000E+00
  0.0000000E+00  0.0000000E+00
  0.0000000E+00  0.0000000E+00
  0.0000000E+00  0.0000000E+00
  0.0000000E+00  0.0000000E+00
  0.0000000E+00  0.0000000E+00
  0.0000000E+00  0.0000000E+00
  0.0000000E+00  0.0000000E+00
  0.0000000E+00  0.0000000E+00
  0.0000000E+00  0.0000000E+00
  0.0000000E+00  0.0000000E+00
  0.0000000E+00  0.0000000E+00
  0.0000000E+00  0.0000000E+00
  0.0000000E+00  0.0000000E+00
  0.0000000E+00  0.0000000E+00
  0.0000000E+00  0.0000000E+00
  0.0000000E+00  0.0000000E+00
  0.0000000E+00  0.0000000E+00
  0.0000000E+00  0.0000000E+00
  0.0000000E+00  0.0000000E+00
  0.0000000E+00  0.0000000E+00
  0.0000000E+00  0.0000000E+00
  0.0000000E+00  0.0000000E+00
  0.0000000E+00  0.0000000E+00
  0.0000000E+00  0.0000000E+00
  0.0000000E+00  0.0000000E+00
  0.0000000E+00  0.0000000E+00
  0.0000000E+00  0.0000000E+00
  0.0000000E+00  0.0000000E+00
  0.0000000E+00  0.0000000E+00
  0.0000000E+00  0.0000000E+00
  0.0000000E+00  0.0000000E+00
  0.0000000E+00  0.0000000E+00
  0.0000000E+00  0.0000000E+00
  0.0000000E+00  0.0000000E+00
  0.0000000E+00  0.0000000E+00
  0.0000000E+00  0.0000000E+00
  0.0000000E+00  0.0000000E+00
  0.0000000E+00  0.0000000E+00
  0.0000000E+00  0.0000000E+00
  0.0000000E+00  0.0000000E+00
  0.0000000E+00  0.0000000E+00
  0.0000000E+00  0.0000000E+00
  0.0000000E+00  0.0000000E+00
  0.0000000E+00  0.0000000E+00
  0.0000000E+00  0.0000000E+00
  0.0000000E+00  0.0000000E+00
  0.0000000E+00  0.0000000E+00
  0.0000000E+00  0.0000000E+00
  0.0000000E+00  0.0000000E+00
  0.0000000E+00  0.0000000E+00
  0.0000000E+00  0.0000000E+00
  0.0000000E+00  0.0000000E+00
  0.0000000E+00  0.0000000E+00
  0.0000000E+00  0.0000000E+00
  0.0000000E+00  0.0000000E+00
  0.0000000E+00  0.0000000E+00
  0.0000000E+00  0.0000000E+00
  0.0000000E+00  0.0000000E+00
  0.0000000E+00  0.0000000E+00
  0.0000000E+00  0.0000000E+00
  0.0000000E+00  0.0000000E+00
  0.0000000E+00  0.0000000E+00
  0.0000000E+00  0.0000000E+00
  0.0000000E+00  0.0000000E+00
  0.0000000E+00  0.0000000E+00
  0.0000000E+00  0.0000000E+00
  0.0000000E+00  0.0000000E+00
  0.0000000E+00  0.0000000E+00
  0.0000000E+00  0.0000000E+00
  0.0000000E+00  0.0000000E+00
  0.0000000E+00  0.0000000E+00
  0.0000000E+00  0.0000000E+00
  0.0000000E+00  0.0000000E+00
  0.0000000E+00  0.0000000E+00
  0.0000000E+00  0.0000000E+00
  0.0000000E+00  0.0000000E+00
  0.0000000E+00  0.0000000E+00
  0.0000000E+00  0.0000000E+00
  0.0000000E+00  0.0000000E+00
  0.0000000E+00  0.0000000E+00
  0.0000000E+00  0.0000000E+00
  0.0000000E+00  0.0000000E+00
  0.0000000E+00  0.0000000E+00
  0.0000000E+00  0.0000000E+00
  0.0000000E+00  0.0000000E+00
  0.0000000E+00  0.0000000E+00
  0.0000000E+00  0.0000000E+00
  0.0000000E+00  0.0000000E+00
  0.0000000E+00  0.0000000E+00
  0.0000000E+00  0.0000000E+00
  0.0000000E+00  0.0000000E+00
  0.0000000E+00  0.0000000E+00
  0.0000000E+00  0.0000000E+00
  0.0000000E+00  0.0000000E+00
  0.0000000E+00  0.0000000E+00
  0.0000000E+00  0.0000000E+00
  0.0000000E+00  0.0000000E+00
  0.0000000E+00  0.0000000E+00
  0.0000000E+00  0.0000000E+00
  0.0000000E+00  0.0000000E+00
  0.0000000E+00  0.0000000E+00
  0.0000000E+00  0.0000000E+00
  0.0000000E+00  0.0000000E+00
  0.0000000E+00  0.0000000E+00
  0.0000000E+00  0.0000000E+00
  0.0000000E+00  0.0000000E+00
  0.0000000E+00  0.0000000E+00
  0.0000000E+00  0.0000000E+00
  0.0000000E+00  0.0000000E+00
  0.0000000E+00  0.0000000E+00
  0.0000000E+00  0.0000000E+00
  0.0000000E+00  0.0000000E+00
  0.0000000E+00  0.0000000E+00
  0.0000000E+00  0.0000000E+00
  0.0000000E+00  0.0000000E+00
  0.0000000E+00  0.0000000E+00
  0.0000000E+00  0.0000000E+00
  0.0000000E+00  0.0000000E+00
  0.0000000E+00  0.0000000E+00
  0.0000000E+00  0.0000000E+00
  0.0000000E+00  0.0000000E+00
  0.0000000E+00  0.0000000E+00
  0.0000000E+00  0.0000000E+00
  0.0000000E+00  0.0000000E+00
  0.0000000E+00  0.0000000E+00
  0.0000000E+00  0.0000000E+00
  0.0000000E+00  0.0000000E+00
  0.0000000E+00  0.0000000E+00
  0.0000000E+00  0.0000000E+00
  0.0000000E+00  0.0000000E+00
  0.0000000E+00  0.0000000E+00
  0.0000000E+00  0.0000000E+00
  0.0000000E+00  0.0000000E+00
  0.0000000E+00  0.0000000E+00
  0.0000000E+00  0.0000000E+00
  0.0000000E+00  0.0000000E+00
  0.0000000E+00  0.0000000E+00
  0.0000000E+00  0.0000000E+00
  0.0000000E+00  0.0000000E+00
  0.0000000E+00  0.0000000E+00
  0.0000000E+00  0.0000000E+00
  0.0000000E+00  0.0000000E+00
  0.0000000E+00  0.0000000E+00
  0.0000000E+00  0.0000000E+00
  0.0000000E+00  0.0000000E+00
  0.0000000E+00  0.0000000E+00
  0.0000000E+00  0.0000000E+00
  0.0000000E+00  0.0000000E+00
  0.0000000E+00  0.0000000E+00
  0.0000000E+00  0.0000000E+00
  0.0000000E+00  0.0000000E+00
  0.0000000E+00  0.0000000E+00
  0.0000000E+00  0.0000000E+00
  0.0000000E+00  0.0000000E+00
  0.0000000E+00  0.0000000E+00
  0.0000000E+00  0.0000000E+00
  0.0000000E+00  0.0000000E+00
  0.0000000E+00  0.0000000E+00
  0.0000000E+00  0.0000000E+00
  0.0000000E+00  0.0000000E+00
  0.0000000E+00  0.0000000E+00
  0.0000000E+00  0.0000000E+00
  0.0000000E+00  0.0000000E+00
  0.0000000E+00  0.0000000E+00
  0.0000000E+00  0.0000000E+00
  0.0000000E+00  0.0000000E+00
  0.0000000E+00  0.0000000E+00
  0.0000000E+00  0.0000000E+00
  0.0000000E+00  0.0000000E+00
  0.0000000E+00  0.0000000E+00
  0.0000000E+00  0.0000000E+00
  0.0000000E+00  0.0000000E+00
  0.0000000E+00  0.0000000E+00
  0.0000000E+00  0.0000000E+00
  0.0000000E+00  0.0000000E+00
  0.0000000E+00  0.0000000E+00
  0.0000000E+00  0.0000000E+00
  0.0000000E+00  0.0000000E+00
  0.0000000E+00  0.0000000E+00
  0.0000000E+00  0.0000000E+00
  0.0000000E+00  0.0000000E+00
  0.0000000E+00  0.0000000E+00
  0.0000000E+00  0.0000000E+00
  0.0000000E+00  0.0000000E+00
  0.0000000E+00  0.0000000E+00
  0.0000000E+00  0.0000000E+00
  0.0000000E+00  0.0000000E+00
  0.0000000E+00  0.0000000E+00
  0.0000000E+00  0.0000000E+00
  0.0000000E+00  0.0000000E+00
  0.0000000E+00  0.0000000E+00
  0.0000000E+00  0.0000000E+00
  0.0000000E+00  0.0000000E+00
  0.0000000E+00  0.0000000E+00
  0.0000000E+00  0.0000000E+00
  0.0000000E+00  0.0000000E+00
  0.0000000E+00  0.0000000E+00
  0.0000000E+00  0.0000000E+00
  0.0000000E+00  0.0000000E+00
  0.0000000E+00  0.0000000E+00
  0.0000000E+00  0.0000000E+00
  0.0000000E+00  0.0000000E+00
  0.0000000E+00  0.0000000E+00
  0.0000000E+00  0.0000000E+00
  0.0000000E+00  0.0000000E+00
  0.0000000E+00  0.0000000E+00
  0.0000000E+00  0.0000000E+00
  0.0000000E+00  0.0000000E+00
  0.0000000E+00  0.0000000E+00
  0.0000000E+00  0.0000000E+00
  0.0000000E+00  0.0000000E+00
  0.0000000E+00  0.0000000E+00
  0.0000000E+00  0.0000000E+00
  0.0000000E+00  0.0000000E+00
  0.0000000E+00  0.0000000E+00
  0.0000000E+00  0.0000000E+00
  0.0000000E+00  0.0000000E+00
  0.0000000E+00  0.0000000E+00
  0.0000000E+00  0.0000000E+00
  0.0000000E+00  0.0000000E+00
  0.0000000E+00  0.0000000E+00
  0.0000000E+00  0.0000000E+00
  0.0000000E+00  0.0000000E+00
  0.0000000E+00  0.0000000E+00
  0.0000000E+00  0.0000000E+00
  0.0000000E+00  0.0000000E+00
  0.0000000E+00  0.0000000E+00
  0.0000000E+00  0.0000000E+00
  0.0000000E+00  0.0000000E+00
  0.0000000E+00  0.0000000E+00
  0.0000000E+00  0.0000000E+00
  0.0000000E+00  0.0000000E+00
  0.0000000E+00  0.0000000E+00
  0.0000000E+00  0.0000000E+00
  0.0000000E+00  0.0000000E+00
  0.0000000E+00  0.0000000E+00
  0.0000000E+00  0.0000000E+00
  0.0000000E+00  0.0000000E+00
  0.0000000E+00  0.0000000E+00
  0.0000000E+00  0.0000000E+00
  0.0000000E+00  0.0000000E+00
  0.0000000E+00  0.0000000E+00
  0.0000000E+00  0.0000000E+00
  0.0000000E+00  0.0000000E+00
  0.0000000E+00  0.0000000E+00
  0.0000000E+00  0.0000000E+00
  0.0000000E+00  0.0000000E+00
  0.0000000E+00  0.0000000E+00
  0.0000000E+00  0.0000000E+00
  0.0000000E+00  0.0000000E+00
  0.0000000E+00  0.0000000E+00
  0.0000000E+00  0.0000000E+00
  0.0000000E+00  0.0000000E+00
  0.0000000E+00  0.0000000E+00
  0.0000000E+00  0.0000000E+00
  0.0000000E+00  0.0000000E+00
  0.0000000E+00  0.0000000E+00
  0.0000000E+00  0.0000000E+00
  0.0000000E+00  0.0000000E+00
  0.0000000E+00  0.0000000E+00
  0.0000000E+00  0.0000000E+00
  0.0000000E+00  0.0000000E+00
  0.0000000E+00  0.0000000E+00
  0.0000000E+00  0.0000000E+00
  0.0000000E+00  0.0000000E+00
  0.0000000E+00  0.0000000E+00
  0.0000000E+00  0.0000000E+00
  0.0000000E+00  0.0000000E+00
  0.0000000E+00  0.0000000E+00
  0.0000000E+00  0.0000000E+00
  0.0000000E+00  0.0000000E+00
  0.0000000E+00  0.0000000E+00
  0.0000000E+00  0.0000000E+00
  0.0000000E+00  0.0000000E+00
  0.0000000E+00  0.0000000E+00
  0.0000000E+00  0.0000000E+00
  0.0000000E+00  0.0000000E+00
  0.0000000E+00  0.0000000E+00
  0.0000000E+00  0.0000000E+00
  0.0000000E+00  0.0000000E+00
  0.0000000E+00  0.0000000E+00
  0.0000000E+00  0.0000000E+00
  0.0000000E+00  0.0000000E+00
  0.0000000E+00  0.0000000E+00
  0.0000000E+00  0.0000000E+00
  0.0000000E+00  0.0000000E+00
  0.0000000E+00  0.0000000E+00
  0.0000000E+00  0.0000000E+00
  0.0000000E+00  0.0000000E+00
  0.0000000E+00  0.0000000E+00
  0.0000000E+00  0.0000000E+00
  0.0000000E+00  0.0000000E+00
  0.0000000E+00  0.0000000E+00
  0.0000000E+00  0.0000000E+00
  0.0000000E+00  0.0000000E+00
  0.0000000E+00  0.0000000E+00
  0.0000000E+00  0.0000000E+00
  0.0000000E+00  0.0000000E+00
  0.0000000E+00  0.0000000E+00
  0.0000000E+00  0.0000000E+00
  0.0000000E+00  0.0000000E+00
  0.0000000E+00  0.0000000E+00
  0.0000000E+00  0.0000000E+00
  0.0000000E+00  0.0000000E+00
  0.0000000E+00  0.0000000E+00
  0.0000000E+00  0.0000000E+00
  0.0000000E+00  0.0000000E+00
  0.0000000E+00  0.0000000E+00
  0.0000000E+00  0.0000000E+00
  0.0000000E+00  0.0000000E+00
  0.0000000E+00  0.0000000E+00
  0.0000000E+00  0.0000000E+00
  0.0000000E+00  0.0000000E+00
  0.0000000E+00  0.0000000E+00
  0.0000000E+00  0.0000000E+00
  0.0000000E+00  0.0000000E+00
  0.0000000E+00  0.0000000E+00
  0.0000000E+00  0.0000000E+00
  0.0000000E+00  0.0000000E+00
  0.0000000E+00  0.0000000E+00
  0.0000000E+00  0.0000000E+00
  0.0000000E+00  0.0000000E+00
  0.0000000E+00  0.0000000E+00
  0.0000000E+00  0.0000000E+00
  0.0000000E+00  0.0000000E+00
  0.0000000E+00  0.0000000E+00
  0.0000000E+00  0.0000000E+00
  0.0000000E+00  0.0000000E+00
  0.0000000E+00  0.0000000E+00
  0.0000000E+00  0.0000000E+00
  0.0000000E+00  0.0000000E+00
  0.0000000E+00  0.0000000E+00
  0.0000000E+00  0.0000000E+00
  0.0000000E+00  0.0000000E+00
  0.0000000E+00  0.0000000E+00
  0.0000000E+00  0.0000000E+00
  0.0000000E+00  0.0000000E+00
  0.0000000E+00  0.0000000E+00
  0.0000000E+00  0.0000000E+00
  0.0000000E+00  0.0000000E+00
  0.0000000E+00  0.0000000E+00
  0.0000000E+00  0.0000000E+00
  0.0000000E+00  0.0000000E+00
  0.0000000E+00  0.0000000E+00
  0.0000000E+00  0.0000000E+00
  0.0000000E+00  0.0000000E+00
  0.0000000E+00  0.0000000E+00
  0.0000000E+00  0.0000000E+00
  0.0000000E+00  0.0000000E+00
  0.0000000E+00  0.0000000E+00
  0.0000000E+00  0.0000000E+00
  0.0000000E+00  0.0000000E+00
  0.0000000E+00  0.0000000E+00
  0.0000000E+00  0.0000000E+00
  0.0000000E+00  0.0000000E+00
  0.0000000E+00  0.0000000E+00
  0.0000000E+00  0.0000000E+00
  0.0000000E+00  0.0000000E+00
  0.0000000E+00  0.0000000E+00
  0.0000000E+00  0.0000000E+00
  0.0000000E+00  0.0000000E+00
  0.0000000E+00  0.0000000E+00
  0.0000000E+00  0.0000000E+00
  0.0000000E+00  0.0000000E+00
  0.0000000E+00  0.0000000E+00
  0.0000000E+00  0.0000000E+00
  0.0000000E+00  0.0000000E+00
  0.0000000E+00  0.0000000E+00
  0.0000000E+00  0.0000000E+00
  0.0000000E+00  0.0000000E+00
  0.0000000E+00  0.0000000E+00
  0.0000000E+00  0.0000000E+00
  0.0000000E+00  0.0000000E+00
  0.0000000E+00  0.0000000E+00
  0.0000000E+00  0.0000000E+00
  0.0000000E+00  0.0000000E+00
  0.0000000E+00  0.0000000E+00
  0.0000000E+00  0.0000000E+00
  0.0000000E+00  0.0000000E+00
  0.0000000E+00  0.0000000E+00
  0.0000000E+00  0.0000000E+00
  0.0000000E+00  0.0000000E+00
  0.0000000E+00  0.0000000E+00
  0.0000000E+00  0.0000000E+00
  0.0000000E+00  0.0000000E+00
  0.0000000E+00  0.0000000E+00
  0.0000000E+00  0.0000000E+00
  0.0000000E+00  0.0000000E+00
  0.0000000E+00  0.0000000E+00
  0.0000000E+00  0.0000000E+00
  0.0000000E+00  0.0000000E+00
  0.0000000E+00  0.0000000E+00
  0.0000000E+00  0.0000000E+00
  0.0000000E+00  0.0000000E+00
  0.0000000E+00  0.0000000E+00
  0.0000000E+00  0.0000000E+00
  0.0000000E+00  0.0000000E+00
  0.0000000E+00  0.0000000E+00
  0.0000000E+00  0.0000000E+00
  0.0000000E+00  0.0000000E+00
  0.0000000E+00  0.0000000E+00
  0.0000000E+00  0.0000000E+00
  0.0000000E+00  0.0000000E+00
  0.0000000E+00  0.0000000E+00
  0.0000000E+00  0.0000000E+00
  0.0000000E+00  0.0000000E+00
  0.0000000E+00  0.0000000E+00
  0.0000000E+00  0.0000000E+00
  0.0000000E+00  0.0000000E+00
  0.0000000E+00  0.0000000E+00
  0.0000000E+00  0.0000000E+00
  0.0000000E+00  0.0000000E+00
  0.0000000E+00  0.0000000E+00
  0.0000000E+00  0.0000000E+00
  0.0000000E+00  0.0000000E+00
  0.0000000E+00  0.0000000E+00
  0.0000000E+00  0.0000000E+00
  0.0000000E+00  0.0000000E+00
  0.0000000E+00  0.0000000E+00
  0.0000000E+00  0.0000000E+00
  0.0000000E+00  0.0000000E+00
  0.0000000E+00  0.0000000E+00
  0.0000000E+00  0.0000000E+00
  0.0000000E+00  0.0000000E+00
  0.0000000E+00  0.0000000E+00
  0.0000000E+00  0.0000000E+00
  0.0000000E+00  0.0000000E+00
  0.0000000E+00  0.0000000E+00
  0.0000000E+00  0.0000000E+00
  0.0000000E+00  0.0000000E+00
  0.0000000E+00  0.0000000E+00
  0.0000000E+00  0.0000000E+00
  0.0000000E+00  0.0000000E+00
  0.0000000E+00  0.0000000E+00
  0.0000000E+00  0.0000000E+00
  0.0000000E+00  0.0000000E+00
  0.0000000E+00  0.0000000E+00
  0.0000000E+00  0.0000000E+00
  0.0000000E+00  0.0000000E+00
  0.0000000E+00  0.0000000E+00
  0.0000000E+00  0.0000000E+00
  0.0000000E+00  0.0000000E+00
  0.0000000E+00  0.0000000E+00
  0.0000000E+00  0.0000000E+00
  0.0000000E+00  0.0000000E+00
  0.0000000E+00  0.0000000E+00
  0.0000000E+00  0.0000000E+00
  0.0000000E+00  0.0000000E+00
  0.0000000E+00  0.0000000E+00
  0.0000000E+00  0.0000000E+00
  0.0000000E+00  0.0000000E+00
  0.0000000E+00  0.0000000E+00
  0.0000000E+00  0.0000000E+00
  0.0000000E+00  0.0000000E+00
  0.0000000E+00  0.0000000E+00
  0.0000000E+00  0.0000000E+00
  0.0000000E+00  0.0000000E+00
  0.0000000E+00  0.0000000E+00
  0.0000000E+00  0.0000000E+00
  0.0000000E+00  0.0000000E+00
  0.0000000E+00  0.0000000E+00
  0.0000000E+00  0.0000000E+00
  0.0000000E+00  0.0000000E+00
  0.0000000E+00  0.0000000E+00
  0.0000000E+00  0.0000000E+00
  0.0000000E+00  0.0000000E+00
  0.0000000E+00  0.0000000E+00
  0.0000000E+00  0.0000000E+00
  0.0000000E+00  0.0000000E+00
  0.0000000E+00  0.0000000E+00
  0.0000000E+00  0.0000000E+00
  0.0000000E+00  0.0000000E+00
  0.0000000E+00  0.0000000E+00
  0.0000000E+00  0.0000000E+00
  0.0000000E+00  0.0000000E+00
  0.0000000E+00  0.0000000E+00
  0.0000000E+00  0.0000000E+00
  0.0000000E+00  0.0000000E+00
  0.0000000E+00  0.0000000E+00
  0.0000000E+00  0.0000000E+00
  0.0000000E+00  0.0000000E+00
  0.0000000E+00  0.0000000E+00
  0.0000000E+00  0.0000000E+00
  0.0000000E+00  0.0000000E+00
  0.0000000E+00  0.0000000E+00
  0.0000000E+00  0.0000000E+00
  0.0000000E+00  0.0000000E+00
  0.0000000E+00  0.0000000E+00
  0.0000000E+00  0.0000000E+00
  0.0000000E+00  0.0000000E+00
  0.0000000E+00  0.0000000E+00
  0.0000000E+00  0.0000000E+00
  0.0000000E+00  0.0000000E+00
  0.0000000E+00  0.0000000E+00
  0.0000000E+00  0.0000000E+00
  0.0000000E+00  0.0000000E+00
  0.0000000E+00  0.0000000E+00
  0.0000000E+00  0.0000000E+00
  0.0000000E+00  0.0000000E+00
  0.0000000E+00  0.0000000E+00
  0.0000000E+00  0.0000000E+00
  0.0000000E+00  0.0000000E+00
  0.0000000E+00  0.0000000E+00
  0.0000000E+00  0.0000000E+00
  0.0000000E+00  0.0000000E+00
  0.0000000E+00  0.0000000E+00
  0.0000000E+00  0.0000000E+00
  0.0000000E+00  0.0000000E+00
  0.0000000E+00  0.0000000E+00
  0.0000000E+00  0.0000000E+00
  0.0000000E+00  0.0000000E+00
  0.0000000E+00  0.0000000E+00
  0.0000000E+00  0.0000000E+00
  0.0000000E+00  0.0000000E+00
  0.0000000E+00  0.0000000E+00
  0.0000000E+00  0.0000000E+00
  0.0000000E+00  0.0000000E+00
  0.0000000E+00  0.0000000E+00
  0.0000000E+00  0.0000000E+00
  0.0000000E+00  0.0000000E+00
  0.0000000E+00  0.0000000E+00
  0.0000000E+00  0.0000000E+00
  0.0000000E+00  0.0000000E+00
  0.0000000E+00  0.0000000E+00
  0.0000000E+00  0.0000000E+00
  0.0000000E+00  0.0000000E+00
  0.0000000E+00  0.0000000E+00
  0.0000000E+00  0.0000000E+00
  0.0000000E+00  0.0000000E+00
  0.0000000E+00  0.0000000E+00
  0.0000000E+00  0.0000000E+00
  0.0000000E+00  0.0000000E+00
  0.0000000E+00  0.0000000E+00
  0.0000000E+00  0.0000000E+00
  0.0000000E+00  0.0000000E+00
  0.0000000E+00  0.0000000E+00
  0.0000000E+00  0.0000000E+00
  0.0000000E+00  0.0000000E+00
  0.0000000E+00  0.0000000E+00
  0.0000000E+00  0.0000000E+00
  0.0000000E+00  0.0000000E+00
  0.0000000E+00  0.0000000E+00
  0.0000000E+00  0.0000000E+00
  0.0000000E+00  0.0000000E+00
  0.0000000E+00  0.0000000E+00
  0.0000000E+00  0.0000000E+00
  0.0000000E+00  0.0000000E+00
  0.0000000E+00  0.0000000E+00
  0.0000000E+00  0.0000000E+00
  0.0000000E+00  0.0000000E+00
  0.0000000E+00  0.0000000E+00
  0.0000000E+00  0.0000000E+00
  0.0000000E+00  0.0000000E+00
  0.0000000E+00  0.0000000E+00
  0.0000000E+00  0.0000000E+00
  0.0000000E+00  0.0000000E+00
  0.0000000E+00  0.0000000E+00
  0.0000000E+00  0.0000000E+00
  0.0000000E+00  0.0000000E+00
  0.0000000E+00  0.0000000E+00
  0.0000000E+00  0.0000000E+00
  0.0000000E+00  0.0000000E+00
  0.0000000E+00  0.0000000E+00
  0.0000000E+00  0.0000000E+00
  0.0000000E+00  0.0000000E+00
  0.0000000E+00  0.0000000E+00
  0.0000000E+00  0.0000000E+00
  0.0000000E+00  0.0000000E+00
  0.0000000E+00  0.0000000E+00
  0.0000000E+00  0.0000000E+00
  0.0000000E+00  0.0000000E+00
  0.0000000E+00  0.0000000E+00
  0.0000000E+00  0.0000000E+00
  0.0000000E+00  0.0000000E+00
  0.0000000E+00  0.0000000E+00
  0.0000000E+00  0.0000000E+00
  0.0000000E+00  0.0000000E+00
  0.0000000E+00  0.0000000E+00
  0.0000000E+00  0.0000000E+00
  0.0000000E+00  0.0000000E+00
  0.0000000E+00  0.0000000E+00
  0.0000000E+00  0.0000000E+00
  0.0000000E+00  0.0000000E+00
  0.0000000E+00  0.0000000E+00
  0.0000000E+00  0.0000000E+00
  0.0000000E+00  0.0000000E+00
  0.0000000E+00  0.0000000E+00
  0.0000000E+00  0.0000000E+00
  0.0000000E+00  0.0000000E+00
  0.0000000E+00  0.0000000E+00
  0.0000000E+00  0.0000000E+00
  0.0000000E+00  0.0000000E+00
  0.0000000E+00  0.0000000E+00
  0.0000000E+00  0.0000000E+00
  0.0000000E+00  0.0000000E+00
  0.0000000E+00  0.0000000E+00
  0.0000000E+00  0.0000000E+00
  0.0000000E+00  0.0000000E+00
  0.0000000E+00  0.0000000E+00
  0.0000000E+00  0.0000000E+00
  0.0000000E+00  0.0000000E+00
  0.0000000E+00  0.0000000E+00
  0.0000000E+00  0.0000000E+00
  0.0000000E+00  0.0000000E+00
  0.0000000E+00  0.0000000E+00
  0.0000000E+00  0.0000000E+00
  0.0000000E+00  0.0000000E+00
  0.0000000E+00  0.0000000E+00
  0.0000000E+00  0.0000000E+00
  0.0000000E+00  0.0000000E+00
  0.0000000E+00  0.0000000E+00
  0.0000000E+00  0.0000000E+00
  0.0000000E+00  0.0000000E+00
  0.0000000E+00  0.0000000E+00
  0.0000000E+00  0.0000000E+00
  0.0000000E+00  0.0000000E+00
  0.0000000E+00  0.0000000E+00
  0.0000000E+00  0.0000000E+00
  0.0000000E+00  0.0000000E+00
  0.0000000E+00  0.0000000E+00
  0.0000000E+00  0.0000000E+00
  0.0000000E+00  0.0000000E+00
  0.0000000E+00  0.0000000E+00
  0.0000000E+00  0.0000000E+00
  0.0000000E+00  0.0000000E+00
  0.0000000E+00  0.0000000E+00
  0.0000000E+00  0.0000000E+00
  0.0000000E+00  0.0000000E+00
  0.0000000E+00  0.0000000E+00
  0.0000000E+00  0.0000000E+00
  0.0000000E+00  0.0000000E+00
  0.0000000E+00  0.0000000E+00
  0.0000000E+00  0.0000000E+00
  0.0000000E+00  0.0000000E+00
  0.0000000E+00  0.0000000E+00
  0.0000000E+00  0.0000000E+00
  0.0000000E+00  0.0000000E+00
  0.0000000E+00  0.0000000E+00
  0.0000000E+00  0.0000000E+00
  0.0000000E+00  0.0000000E+00
  0.0000000E+00  0.0000000E+00
  0.0000000E+00  0.0000000E+00
  0.0000000E+00  0.0000000E+00
  0.0000000E+00  0.0000000E+00
  0.0000000E+00  0.0000000E+00
  0.0000000E+00  0.0000000E+00
  0.0000000E+00  0.0000000E+00
  0.0000000E+00  0.0000000E+00
  0.0000000E+00  0.0000000E+00
  0.0000000E+00  0.0000000E+00
  0.0000000E+00  0.0000000E+00
  0.0000000E+00  0.0000000E+00
  0.0000000E+00  0.0000000E+00
  0.0000000E+00  0.0000000E+00
  0.0000000E+00  0.0000000E+00
  0.0000000E+00  0.0000000E+00
  0.0000000E+00  0.0000000E+00
  0.0000000E+00  0.0000000E+00
  0.0000000E+00  0.0000000E+00
  0.0000000E+00  0.0000000E+00
  0.0000000E+00  0.0000000E+00
  0.0000000E+00  0.0000000E+00
  0.0000000E+00  0.0000000E+00
  0.0000000E+00  0.0000000E+00
  0.0000000E+00  0.0000000E+00
  0.0000000E+00  0.0000000E+00
  0.0000000E+00  0.0000000E+00
  0.0000000E+00  0.0000000E+00
  0.0000000E+00  0.0000000E+00
  0.0000000E+00  0.0000000E+00
  0.0000000E+00  0.0000000E+00
  0.0000000E+00  0.0000000E+00
  0.0000000E+00  0.0000000E+00
  0.0000000E+00  0.0000000E+00
  0.0000000E+00  0.0000000E+00
  0.0000000E+00  0.0000000E+00
  0.0000000E+00  0.0000000E+00
  0.0000000E+00  0.0000000E+00
  0.0000000E+00  0.0000000E+00
  0.0000000E+00  0.0000000E+00
  0.0000000E+00  0.0000000E+00
  0.0000000E+00  0.0000000E+00
  0.0000000E+00  0.0000000E+00
  0.0000000E+00  0.0000000E+00
  0.0000000E+00  0.0000000E+00
  0.0000000E+00  0.0000000E+00
  0.0000000E+00  0.0000000E+00
  0.0000000E+00  0.0000000E+00
  0.0000000E+00  0.0000000E+00
  0.0000000E+00  0.0000000E+00
  0.0000000E+00  0.0000000E+00
  0.0000000E+00  0.0000000E+00
  0.0000000E+00  0.0000000E+00
  0.0000000E+00  0.0000000E+00
  0.0000000E+00  0.0000000E+00
  0.0000000E+00  0.0000000E+00
  0.0000000E+00  0.0000000E+00
  0.0000000E+00  0.0000000E+00
  0.0000000E+00  0.0000000E+00
  0.0000000E+00  0.0000000E+00
  0.0000000E+00  0.0000000E+00
  0.0000000E+00  0.0000000E+00
  0.0000000E+00  0.0000000E+00
  0.0000000E+00  0.0000000E+00
  0.0000000E+00  0.0000000E+00
  0.0000000E+00  0.0000000E+00
  0.0000000E+00  0.0000000E+00
  0.0000000E+00  0.0000000E+00
  0.0000000E+00  0.0000000E+00
  0.0000000E+00  0.0000000E+00
  0.0000000E+00  0.0000000E+00
  0.0000000E+00  0.0000000E+00
  0.0000000E+00  0.0000000E+00
  0.0000000E+00  0.0000000E+00
  0.0000000E+00  0.0000000E+00
  0.0000000E+00  0.0000000E+00
  0.0000000E+00  0.0000000E+00
  0.0000000E+00  0.0000000E+00
  0.0000000E+00  0.0000000E+00
  0.0000000E+00  0.0000000E+00
  0.0000000E+00  0.0000000E+00
  0.0000000E+00  0.0000000E+00
  0.0000000E+00  0.0000000E+00
  0.0000000E+00  0.0000000E+00
  0.0000000E+00  0.0000000E+00
  0.0000000E+00  0.0000000E+00
  0.0000000E+00  0.0000000E+00
  0.0000000E+00  0.0000000E+00
  0.0000000E+00  0.0000000E+00
  0.0000000E+00  0.0000000E+00
  0.0000000E+00  0.0000000E+00
  0.0000000E+00  0.0000000E+00
  0.0000000E+00  0.0000000E+00
  0.0000000E+00  0.0000000E+00
  0.0000000E+00  0.0000000E+00
  0.0000000E+00  0.0000000E+00
  0.0000000E+00  0.0000000E+00
  0.0000000E+00  0.0000000E+00
  0.0000000E+00  0.0000000E+00
  0.0000000E+00  0.0000000E+00
  0.0000000E+00  0.0000000E+00
  0.0000000E+00  0.0000000E+00
  0.0000000E+00  0.0000000E+00
  0.0000000E+00  0.0000000E+00
  0.0000000E+00  0.0000000E+00
  0.0000000E+00  0.0000000E+00
  0.0000000E+00  0.0000000E+00
  0.0000000E+00  0.0000000E+00
  0.0000000E+00  0.0000000E+00
  0.0000000E+00  0.0000000E+00
  0.0000000E+00  0.0000000E+00
  0.0000000E+00  0.0000000E+00
  0.0000000E+00  0.0000000E+00
  0.0000000E+00  0.0000000E+00
  0.0000000E+00  0.0000000E+00
  0.0000000E+00  0.0000000E+00
  0.0000000E+00  0.0000000E+00
  0.0000000E+00  0.0000000E+00
  0.0000000E+00  0.0000000E+00
  0.0000000E+00  0.0000000E+00
  0.0000000E+00  0.0000000E+00
  0.0000000E+00  0.0000000E+00
  0.0000000E+00  0.0000000E+00
  0.0000000E+00  0.0000000E+00
  0.0000000E+00  0.0000000E+00
  0.0000000E+00  0.0000000E+00
  0.0000000E+00  0.0000000E+00
  0.0000000E+00  0.0000000E+00
  0.0000000E+00  0.0000000E+00
  0.0000000E+00  0.0000000E+00
  0.0000000E+00  0.0000000E+00
  0.0000000E+00  0.0000000E+00
  0.0000000E+00  0.0000000E+00
  0.0000000E+00  0.0000000E+00
  0.0000000E+00  0.0000000E+00
  0.0000000E+00  0.0000000E+00
  0.0000000E+00  0.0000000E+00
  0.0000000E+00  0.0000000E+00
  0.0000000E+00  0.0000000E+00
  0.0000000E+00  0.0000000E+00
  0.0000000E+00  0.0000000E+00
  0.0000000E+00  0.0000000E+00
  0.0000000E+00  0.0000000E+00
  0.0000000E+00  0.0000000E+00
  0.0000000E+00  0.0000000E+00
  0.0000000E+00  0.0000000E+00
  0.0000000E+00  0.0000000E+00
  0.0000000E+00  0.0000000E+00
  0.0000000E+00  0.0000000E+00
  0.0000000E+00  0.0000000E+00
  0.0000000E+00  0.0000000E+00
  0.0000000E+00  0.0000000E+00
  0.0000000E+00  0.0000000E+00
  0.0000000E+00  0.0000000E+00
  0.0000000E+00  0.0000000E+00
  0.0000000E+00  0.0000000E+00
  0.0000000E+00  0.0000000E+00
  0.0000000E+00  0.0000000E+00
  0.0000000E+00  0.0000000E+00
  0.0000000E+00  0.0000000E+00
  0.0000000E+00  0.0000000E+00
  0.0000000E+00  0.0000000E+00
  0.0000000E+00  0.0000000E+00
  0.0000000E+00  0.0000000E+00
  0.0000000E+00  0.0000000E+00
  0.0000000E+00  0.0000000E+00
  0.0000000E+00  0.0000000E+00
  0.0000000E+00  0.0000000E+00
  0.0000000E+00  0.0000000E+00
  0.0000000E+00  0.0000000E+00
  0.0000000E+00  0.0000000E+00
  0.0000000E+00  0.0000000E+00
  0.0000000E+00  0.0000000E+00
  0.0000000E+00  0.0000000E+00
  0.0000000E+00  0.0000000E+00
  0.0000000E+00  0.0000000E+00
  0.0000000E+00  0.0000000E+00
  0.0000000E+00  0.0000000E+00
  0.0000000E+00  0.0000000E+00
  0.0000000E+00  0.0000000E+00
  0.0000000E+00  0.0000000E+00
  0.0000000E+00  0.0000000E+00
  0.0000000E+00  0.0000000E+00
  0.0000000E+00  0.0000000E+00
  0.0000000E+00  0.0000000E+00
  0.0000000E+00  0.0000000E+00
  0.0000000E+00  0.0000000E+00
  0.0000000E+00  0.0000000E+00
  0.0000000E+00  0.0000000E+00
  0.0000000E+00  0.0000000E+00
  0.0000000E+00  0.0000000E+00
  0.0000000E+00  0.0000000E+00
  0.0000000E+00  0.0000000E+00
  0.0000000E+00  0.0000000E+00
  0.0000000E+00  0.0000000E+00
  0.0000000E+00  0.0000000E+00
  0.0000000E+00  0.0000000E+00
  0.0000000E+00  0.0000000E+00
  0.0000000E+00  0.0000000E+00
  0.0000000E+00  0.0000000E+00
  0.0000000E+00  0.0000000E+00
  0.0000000E+00  0.0000000E+00
  0.0000000E+00  0.0000000E+00
  0.0000000E+00  0.0000000E+00
  0.0000000E+00  0.0000000E+00
  0.0000000E+00  0.0000000E+00
  0.0000000E+00  0.0000000E+00
  0.0000000E+00  0.0000000E+00
  0.0000000E+00  0.0000000E+00
  0.0000000E+00  0.0000000E+00
  0.0000000E+00  0.0000000E+00
  0.0000000E+00  0.0000000E+00
  0.0000000E+00  0.0000000E+00
  0.0000000E+00  0.0000000E+00
  0.0000000E+00  0.0000000E+00
  0.0000000E+00  0.0000000E+00
  0.0000000E+00  0.0000000E+00
  0.0000000E+00  0.0000000E+00
  0.0000000E+00  0.0000000E+00
  0.0000000E+00  0.0000000E+00
  0.0000000E+00  0.0000000E+00
  0.0000000E+00  0.0000000E+00
  0.0000000E+00  0.0000000E+00
  0.0000000E+00  0.0000000E+00
  0.0000000E+00  0.0000000E+00
  0.0000000E+00  0.0000000E+00
  0.0000000E+00  0.0000000E+00
  0.0000000E+00  0.0000000E+00
  0.0000000E+00  0.0000000E+00
  0.0000000E+00  0.0000000E+00
  0.0000000E+00  0.0000000E+00
  0.0000000E+00  0.0000000E+00
  0.0000000E+00  0.0000000E+00
  0.0000000E+00  0.0000000E+00
  0.0000000E+00  0.0000000E+00
  0.0000000E+00  0.0000000E+00
  0.0000000E+00  0.0000000E+00
  0.0000000E+00  0.0000000E+00
  0.0000000E+00  0.0000000E+00
  0.0000000E+00  0.0000000E+00
  0.0000000E+00  0.0000000E+00
  0.0000000E+00  0.0000000E+00
  0.0000000E+00  0.0000000E+00
  0.0000000E+00  0.0000000E+00
  0.0000000E+00  0.0000000E+00
  0.0000000E+00  0.0000000E+00
  0.0000000E+00  0.0000000E+00
  0.0000000E+00  0.0000000E+00
  0.0000000E+00  0.0000000E+00
  0.0000000E+00  0.0000000E+00
  0.0000000E+00  0.0000000E+00
  0.0000000E+00  0.0000000E+00
  0.0000000E+00  0.0000000E+00
  0.0000000E+00  0.0000000E+00
  0.0000000E+00  0.0000000E+00
  0.0000000E+00  0.0000000E+00
  0.0000000E+00  0.0000000E+00
  0.0000000E+00  0.0000000E+00
  0.0000000E+00  0.0000000E+00
  0.0000000E+00  0.0000000E+00
  0.0000000E+00  0.0000000E+00
  0.0000000E+00  0.0000000E+00
  0.0000000E+00  0.0000000E+00
  0.0000000E+00  0.0000000E+00
  0.0000000E+00  0.0000000E+00
  0.0000000E+00  0.0000000E+00
  0.0000000E+00  0.0000000E+00
  0.0000000E+00  0.0000000E+00
  0.0000000E+00  0.0000000E+00
  0.0000000E+00  0.0000000E+00
  0.0000000E+00  0.0000000E+00
  0.0000000E+00  0.0000000E+00
  0.0000000E+00  0.0000000E+00
  0.0000000E+00  0.0000000E+00
  0.0000000E+00  0.0000000E+00
  0.0000000E+00  0.0000000E+00
  0.0000000E+00  0.0000000E+00
  0.0000000E+00  0.0000000E+00
  0.0000000E+00  0.0000000E+00
  0.0000000E+00  0.0000000E+00
  0.0000000E+00  0.0000000E+00
  0.0000000E+00  0.0000000E+00
  0.0000000E+00  0.0000000E+00
  0.0000000E+00  0.0000000E+00
  0.0000000E+00  0.0000000E+00
  0.0000000E+00  0.0000000E+00
  0.0000000E+00  0.0000000E+00
  0.0000000E+00  0.0000000E+00
  0.0000000E+00  0.0000000E+00
  0.0000000E+00  0.0000000E+00
  0.0000000E+00  0.0000000E+00
  0.0000000E+00  0.0000000E+00
  0.0000000E+00  0.0000000E+00
  0.0000000E+00  0.0000000E+00
  0.0000000E+00  0.0000000E+00
  0.0000000E+00  0.0000000E+00
  0.0000000E+00  0.0000000E+00
  0.0000000E+00  0.0000000E+00
  0.0000000E+00  0.0000000E+00
  0.0000000E+00  0.0000000E+00
  0.0000000E+00  0.0000000E+00
  0.0000000E+00  0.0000000E+00
  0.0000000E+00  0.0000000E+00
  0.0000000E+00  0.0000000E+00
  0.0000000E+00  0.0000000E+00
  0.0000000E+00  0.0000000E+00
  0.0000000E+00  0.0000000E+00
  0.0000000E+00  0.0000000E+00
  0.0000000E+00  0.0000000E+00
  0.0000000E+00  0.0000000E+00
  0.0000000E+00  0.0000000E+00
  0.0000000E+00  0.0000000E+00
  0.0000000E+00  0.0000000E+00
  0.0000000E+00  0.0000000E+00
  0.0000000E+00  0.0000000E+00
  0.0000000E+00  0.0000000E+00
  0.0000000E+00  0.0000000E+00
  0.0000000E+00  0.0000000E+00
  0.0000000E+00  0.0000000E+00
  0.0000000E+00  0.0000000E+00
  0.0000000E+00  0.0000000E+00
  0.0000000E+00  0.0000000E+00
  0.0000000E+00  0.0000000E+00
  0.0000000E+00  0.0000000E+00
  0.0000000E+00  0.0000000E+00
  0.0000000E+00  0.0000000E+00
  0.0000000E+00  0.0000000E+00
  0.0000000E+00  0.0000000E+00
  0.0000000E+00  0.0000000E+00
  0.0000000E+00  0.0000000E+00
  0.0000000E+00  0.0000000E+00
  0.0000000E+00  0.0000000E+00
  0.0000000E+00  0.0000000E+00
  0.0000000E+00  0.0000000E+00
  0.0000000E+00  0.0000000E+00
  0.0000000E+00  0.0000000E+00
  0.0000000E+00  0.0000000E+00
  0.0000000E+00  0.0000000E+00
  0.0000000E+00  0.0000000E+00
  0.0000000E+00  0.0000000E+00
  0.0000000E+00  0.0000000E+00
  0.0000000E+00  0.0000000E+00
  0.0000000E+00  0.0000000E+00
  0.0000000E+00  0.0000000E+00
  0.0000000E+00  0.0000000E+00
  0.0000000E+00  0.0000000E+00
  0.0000000E+00  0.0000000E+00
  0.0000000E+00  0.0000000E+00
  0.0000000E+00  0.0000000E+00
  0.0000000E+00  0.0000000E+00
  0.0000000E+00  0.0000000E+00
  0.0000000E+00  0.0000000E+00
  0.0000000E+00  0.0000000E+00
  0.0000000E+00  0.0000000E+00
  0.0000000E+00  0.0000000E+00
  0.0000000E+00  0.0000000E+00
  0.0000000E+00  0.0000000E+00
  0.0000000E+00  0.0000000E+00
  0.0000000E+00  0.0000000E+00
  0.0000000E+00  0.0000000E+00
  0.0000000E+00  0.0000000E+00
  0.0000000E+00  0.0000000E+00
  0.0000000E+00  0.0000000E+00
  0.0000000E+00  0.0000000E+00
  0.0000000E+00  0.0000000E+00
  0.0000000E+00  0.0000000E+00
  0.0000000E+00  0.0000000E+00
  0.0000000E+00  0.0000000E+00
  0.0000000E+00  0.0000000E+00
  0.0000000E+00  0.0000000E+00
  0.0000000E+00  0.0000000E+00
  0.0000000E+00  0.0000000E+00
  0.0000000E+00  0.0000000E+00
  0.0000000E+00  0.0000000E+00
  0.0000000E+00  0.0000000E+00
  0.0000000E+00  0.0000000E+00
  0.0000000E+00  0.0000000E+00
  0.0000000E+00  0.0000000E+00
  0.0000000E+00  0.0000000E+00
  0.0000000E+00  0.0000000E+00
  0.0000000E+00  0.0000000E+00
  0.0000000E+00  0.0000000E+00
  0.0000000E+00  0.0000000E+00
  0.0000000E+00  0.0000000E+00
  0.0000000E+00  0.0000000E+00
  0.0000000E+00  0.0000000E+00
  0.0000000E+00  0.0000000E+00
  0.0000000E+00  0.0000000E+00
  0.0000000E+00  0.0000000E+00
  0.0000000E+00  0.0000000E+00
  0.0000000E+00  0.0000000E+00
  0.0000000E+00  0.0000000E+00
  0.0000000E+00  0.0000000E+00
  0.0000000E+00  0.0000000E+00
  0.0000000E+00  0.0000000E+00
  0.0000000E+00  0.0000000E+00
  0.0000000E+00  0.0000000E+00
  0.0000000E+00  0.0000000E+00
  0.0000000E+00  0.0000000E+00
  0.0000000E+00  0.0000000E+00
  0.0000000E+00  0.0000000E+00
  0.0000000E+00  0.0000000E+00
  0.0000000E+00  0.0000000E+00
  0.0000000E+00  0.0000000E+00
  0.0000000E+00  0.0000000E+00
  0.0000000E+00  0.0000000E+00
  0.0000000E+00  0.0000000E+00
  0.0000000E+00  0.0000000E+00
  0.0000000E+00  0.0000000E+00
  0.0000000E+00  0.0000000E+00
  0.0000000E+00  0.0000000E+00
  0.0000000E+00  0.0000000E+00
  0.0000000E+00  0.0000000E+00
  0.0000000E+00  0.0000000E+00
  0.0000000E+00  0.0000000E+00
  0.0000000E+00  0.0000000E+00
  0.0000000E+00  0.0000000E+00
  0.0000000E+00  0.0000000E+00
  0.0000000E+00  0.0000000E+00
  0.0000000E+00  0.0000000E+00
  0.0000000E+00  0.0000000E+00
  0.0000000E+00  0.0000000E+00
  0.0000000E+00  0.0000000E+00
  0.0000000E+00  0.0000000E+00
  0.0000000E+00  0.0000000E+00
  0.0000000E+00  0.0000000E+00
  0.0000000E+00  0.0000000E+00
  0.0000000E+00  0.0000000E+00
  0.0000000E+00  0.0000000E+00
  0.0000000E+00  0.0000000E+00
  0.0000000E+00  0.0000000E+00
  0.0000000E+00  0.0000000E+00
  0.0000000E+00  0.0000000E+00
  0.0000000E+00  0.0000000E+00
  0.0000000E+00  0.0000000E+00
  0.0000000E+00  0.0000000E+00
  0.0000000E+00  0.0000000E+00
  0.0000000E+00  0.0000000E+00
  0.0000000E+00  0.0000000E+00
  0.0000000E+00  0.0000000E+00
  0.0000000E+00  0.0000000E+00
  0.0000000E+00  0.0000000E+00
  0.0000000E+00  0.0000000E+00
  0.0000000E+00  0.0000000E+00
  0.0000000E+00  0.0000000E+00
  0.0000000E+00  0.0000000E+00
  0.0000000E+00  0.0000000E+00
  0.0000000E+00  0.0000000E+00
  0.0000000E+00  0.0000000E+00
  0.0000000E+00  0.0000000E+00
  0.0000000E+00  0.0000000E+00
  0.0000000E+00  0.0000000E+00
  0.0000000E+00  0.0000000E+00
  0.0000000E+00  0.0000000E+00
  0.0000000E+00  0.0000000E+00
  0.0000000E+00  0.0000000E+00
  0.0000000E+00  0.0000000E+00
  0.0000000E+00  0.0000000E+00
  0.0000000E+00  0.0000000E+00
  0.0000000E+00  0.0000000E+00
  0.0000000E+00  0.0000000E+00
  0.0000000E+00  0.0000000E+00
  0.0000000E+00  0.0000000E+00
  0.0000000E+00  0.0000000E+00
  0.0000000E+00  0.0000000E+00
