 -0.6798540E-01  0.7114804E-05
 -0.1299158E-01  0.3933663E-05
  0.1763525E-01  0.2265871E-05
  0.3815365E-01  0.1107369E-05
  0.5820340E-01  0.6081459E-06
  0.8512191E-01  0.3489411E-06
 -0.1039399E+01 -0.3191488E-04
  0.5340834E-01 -0.2004295E-05
  0.5681589E-01 -0.2255266E-05
  0.6043189E-01 -0.2650785E-05
  0.6959899E-01 -0.3886214E-05
  0.2065423E+00 -0.3634685E-05
  0.3415765E+00 -0.3389170E-05
  0.4743755E+00 -0.3172901E-05
  0.6038302E+00 -0.2975155E-05
  0.7301579E+00 -0.2735372E-05
  0.8528817E+00 -0.2522442E-05
  0.9699852E+00 -0.2272732E-05
  0.1083396E+01 -0.1970091E-05
  0.1193414E+01 -0.1809646E-05
  0.1296174E+01 -0.1616017E-05
  0.1394053E+01 -0.1340587E-05
  0.1487325E+01 -0.1226417E-05
  0.1571543E+01 -0.1073328E-05
  0.1649912E+01 -0.8090740E-06
  0.1722803E+01 -0.7465580E-06
  0.1785225E+01 -0.6407286E-06
  0.1841085E+01 -0.3988586E-06
  0.1890806E+01 -0.3812744E-06
  0.1929111E+01 -0.3303194E-06
  0.1960402E+01 -0.1309350E-06
  0.1985072E+01 -0.1667953E-06
  0.1997818E+01 -0.1756883E-06
  0.2003355E+01 -0.2977390E-07
  0.2002025E+01 -0.1331143E-06
  0.1988670E+01 -0.2019231E-06
  0.1968224E+01 -0.1152772E-06
  0.1940946E+01 -0.2755660E-06
  0.1901975E+01 -0.3953918E-06
  0.1856280E+01 -0.3670751E-06
  0.1804033E+01 -0.5751868E-06
  0.1740876E+01 -0.7463746E-06
  0.1671603E+01 -0.7706121E-06
  0.1596310E+01 -0.1017737E-05
  0.1511297E+01 -0.1223732E-05
  0.1421063E+01 -0.1305057E-05
  0.1325566E+01 -0.1565621E-05
  0.1221954E+01 -0.1800415E-05
  0.1114213E+01 -0.1920858E-05
  0.1002203E+01 -0.2195370E-05
  0.8840448E+00 -0.2438559E-05
  0.7630266E+00 -0.2597958E-05
  0.6389294E+00 -0.2870101E-05
  0.5109227E+00 -0.3117476E-05
  0.3814620E+00 -0.3308176E-05
  0.2502390E+00 -0.3565657E-05
  0.1174905E+00 -0.3810419E-05
 -0.1528074E-01 -0.4026747E-05
 -0.1483669E+00 -0.4271661E-05
 -0.2805089E+00 -0.4507178E-05
 -0.4112157E+00 -0.4749092E-05
 -0.5408137E+00 -0.4962561E-05
 -0.6670720E+00 -0.5183499E-05
 -0.7905695E+00 -0.5439325E-05
 -0.9115770E+00 -0.5626813E-05
 -0.1026975E+01 -0.5823542E-05
 -0.1138373E+01 -0.6091761E-05
 -0.1246060E+01 -0.6244837E-05
 -0.1346082E+01 -0.6422664E-05
 -0.1440953E+01 -0.6689546E-05
 -0.1531058E+01 -0.6805067E-05
 -0.1611853E+01 -0.6945133E-05
 -0.1686685E+01 -0.7196305E-05
 -0.1755874E+01 -0.7266843E-05
 -0.1814457E+01 -0.7355561E-05
 -0.1866404E+01 -0.7578035E-05
 -0.1912143E+01 -0.7594186E-05
 -0.1946376E+01 -0.7630109E-05
 -0.1973547E+01 -0.7816891E-05
 -0.1993735E+01 -0.7823160E-05
 -0.2001870E+01 -0.7961223E-05
 -0.2008826E+01 -0.7852190E-05
 -0.2004921E+01 -0.7337529E-05
 -0.1988987E+01 -0.7194522E-05
 -0.1963868E+01 -0.7131834E-05
 -0.1930498E+01 -0.7056190E-05
 -0.1888766E+01 -0.6979596E-05
 -0.1838679E+01 -0.6891228E-05
 -0.1780486E+01 -0.6790443E-05
 -0.1714507E+01 -0.6685370E-05
 -0.1641076E+01 -0.6555360E-05
 -0.1560490E+01 -0.6419322E-05
 -0.1473065E+01 -0.6268143E-05
 -0.1379122E+01 -0.6111913E-05
 -0.1279092E+01 -0.5948157E-05
 -0.1173505E+01 -0.5765204E-05
 -0.1062761E+01 -0.5583458E-05
 -0.9472116E+00 -0.5404971E-05
 -0.8274781E+00 -0.5198698E-05
 -0.7043972E+00 -0.4947445E-05
 -0.5770626E+00 -0.4714039E-05
 -0.4475268E+00 -0.4666071E-05
 -0.3195439E+00 -0.4496567E-05
 -0.1919460E+00 -0.4283810E-05
 -0.6442937E-01 -0.4083165E-05
 -0.4871328E-01 -0.3757743E-05
 -0.4153165E-01 -0.3737520E-05
 -0.3697672E-01 -0.3800744E-05
 -0.3356860E-01 -0.3895442E-05
 -0.3073416E-01 -0.4026269E-05
 -0.2747672E-01 -0.4208807E-05
 -0.2389742E-01 -0.4549810E-05
 -0.1459590E-01 -0.7029570E-05
  0.1162432E-01 -0.8133142E-05
  0.6167665E-01 -0.1177907E-04
  0.1923661E+00 -0.3002491E-04
 -0.1028810E+01 -0.3266299E-04
  0.4450831E+00 -0.6769810E-04
  0.5610189E+00 -0.8269933E-04
  0.6459566E+00 -0.9396484E-04
  0.6984451E+00 -0.1009770E-03
  0.7172647E+00 -0.1034242E-03
  0.7003536E+00 -0.1011313E-03
  0.6499795E+00 -0.9437686E-04
  0.5735231E+00 -0.8381286E-04
  0.4739747E+00 -0.6984034E-04
  0.3534566E+00 -0.5292973E-04
  0.2178728E+00 -0.3387402E-04
  0.7357328E-01 -0.1354112E-04
 -0.7359385E-01  0.7234958E-05
 -0.2178977E+00  0.2758898E-04
 -0.3536021E+00  0.4667462E-04
 -0.4751040E+00  0.6368450E-04
 -0.5768809E+00  0.7786146E-04
 -0.6538069E+00  0.8853533E-04
 -0.7012456E+00  0.9511794E-04
 -0.7153097E+00  0.9718828E-04
 -0.6960950E+00  0.9477545E-04
 -0.6486908E+00  0.8829498E-04
 -0.5746213E+00  0.7787667E-04
 -0.4735315E+00  0.6380962E-04
 -0.3499183E+00  0.4676064E-04
 -0.2102240E+00  0.2741648E-04
 -0.5513325E+00 -0.2505118E-04
 -0.4986726E+00 -0.2142329E-04
  0.1059239E+00  0.8318554E-05
  0.1608674E+00  0.7268060E-05
  0.2232663E+00  0.6640182E-05
  0.1664483E+00 -0.6603225E-06
 -0.2481076E+00 -0.3544012E-04
  0.2940764E+00 -0.2622459E-06
  0.1792256E+00 -0.1436340E-05
  0.4054904E+00  0.9079786E-06
  0.5132831E+00  0.1985333E-05
  0.6171806E+00  0.3034012E-05
  0.7164396E+00  0.4141984E-05
  0.8126335E+00  0.5205937E-05
  0.9051474E+00  0.6217125E-05
  0.9936001E+00  0.7167362E-05
  0.1077648E+01  0.8072844E-05
  0.1156864E+01  0.8926246E-05
  0.1231069E+01  0.9715705E-05
  0.1299914E+01  0.1045127E-04
  0.1363042E+01  0.1113052E-04
  0.1420296E+01  0.1174602E-04
  0.1471320E+01  0.1229330E-04
  0.1515876E+01  0.1278418E-04
  0.1554004E+01  0.1319439E-04
  0.1585385E+01  0.1353479E-04
  0.1609753E+01  0.1381520E-04
  0.1627326E+01  0.1399928E-04
  0.1637934E+01  0.1411203E-04
  0.1641272E+01  0.1415695E-04
  0.1637608E+01  0.1410556E-04
  0.1626851E+01  0.1397761E-04
  0.1608833E+01  0.1379019E-04
  0.1583915E+01  0.1351057E-04
  0.1552129E+01  0.1315537E-04
  0.1513399E+01  0.1274249E-04
  0.1468114E+01  0.1224039E-04
  0.1416439E+01  0.1167496E-04
  0.1358402E+01  0.1105706E-04
  0.1294441E+01  0.1036079E-04
  0.1224786E+01  0.9602541E-05
  0.1149614E+01  0.8806749E-05
  0.1069386E+01  0.7943342E-05
  0.9844397E+00  0.7036956E-05
  0.8950493E+00  0.6091771E-05
  0.8017021E+00  0.5099954E-05
  0.7048286E+00  0.4072966E-05
  0.6047790E+00  0.3021290E-05
  0.5020734E+00  0.1939541E-05
  0.3972312E+00  0.8377862E-06
  0.2906079E+00 -0.2817693E-06
  0.1826177E+00 -0.1412120E-05
  0.7381665E-01 -0.2549506E-05
 -0.3524992E-01 -0.3690599E-05
 -0.1441130E+00 -0.4827682E-05
 -0.2522584E+00 -0.5959412E-05
 -0.3591669E+00 -0.7077942E-05
 -0.4644780E+00 -0.8180221E-05
 -0.5676942E+00 -0.9256182E-05
 -0.6682985E+00 -0.1030741E-04
 -0.7659099E+00 -0.1133407E-04
 -0.8602103E+00 -0.1232463E-04
 -0.9507022E+00 -0.1328414E-04
 -0.1036959E+01 -0.1419497E-04
 -0.1118598E+01 -0.1506325E-04
 -0.1195248E+01 -0.1588822E-04
 -0.1266737E+01 -0.1665299E-04
 -0.1332744E+01 -0.1735941E-04
 -0.1392875E+01 -0.1801402E-04
 -0.1447016E+01 -0.1859449E-04
 -0.1494893E+01 -0.1911287E-04
 -0.1536246E+01 -0.1956707E-04
 -0.1571095E+01 -0.1993882E-04
 -0.1599067E+01 -0.2023574E-04
 -0.1620010E+01 -0.2047462E-04
 -0.1634094E+01 -0.2062042E-04
 -0.1641396E+01 -0.2068072E-04
 -0.1642209E+01 -0.2062092E-04
 -0.1635959E+01 -0.2046112E-04
 -0.1622108E+01 -0.2025446E-04
 -0.1600994E+01 -0.1999733E-04
 -0.1572741E+01 -0.1967564E-04
 -0.1537271E+01 -0.1929759E-04
 -0.1494788E+01 -0.1885700E-04
 -0.1445696E+01 -0.1835201E-04
 -0.1390319E+01 -0.1777340E-04
 -0.1328987E+01 -0.1712964E-04
 -0.1261905E+01 -0.1641457E-04
 -0.1189240E+01 -0.1565039E-04
 -0.1111295E+01 -0.1482310E-04
 -0.1028521E+01 -0.1395281E-04
 -0.9414476E+00 -0.1302657E-04
 -0.8501831E+00 -0.1206635E-04
 -0.7548993E+00 -0.1106912E-04
 -0.6562307E+00 -0.1004629E-04
 -0.5549112E+00 -0.8994643E-05
 -0.4518377E+00 -0.7931973E-05
 -0.3485852E+00 -0.6876697E-05
 -0.2466832E+00 -0.5816853E-05
 -0.1466708E+00 -0.4768975E-05
 -0.1258411E+00 -0.5017097E-05
  0.4338692E-01 -0.1874573E-04
 -0.1121317E+00 -0.5283162E-05
 -0.1017282E+00 -0.5623302E-05
 -0.9184045E-01 -0.6058732E-05
 -0.8168010E-01 -0.6646319E-05
 -0.7455205E-01 -0.7725299E-05
  0.1503311E+00 -0.5702236E-04
 -0.2731278E-01 -0.1659905E-04
  0.1810722E+00 -0.6420581E-04
 -0.2647730E+00 -0.3244419E-04
  0.1054092E+00 -0.4793080E-04
  0.2011991E+00 -0.6886694E-04
  0.2084742E+00 -0.7039382E-04
  0.2013086E+00 -0.6873103E-04
  0.1822068E+00 -0.6425075E-04
  0.1600201E+00 -0.5728138E-04
  0.1338123E+00 -0.4794787E-04
  0.1000816E+00 -0.3661892E-04
  0.6147445E-01 -0.2380864E-04
  0.2075545E-01 -0.1012808E-04
 -0.2055688E-01  0.3937207E-05
 -0.6124305E-01  0.1771643E-04
 -0.1000458E+00  0.3057225E-04
 -0.1357671E+00  0.4198815E-04
 -0.1666565E+00  0.5147808E-04
 -0.1904799E+00  0.5859906E-04
 -0.2040946E+00  0.6291078E-04
 -0.2047776E+00  0.6418002E-04
 -0.1947365E+00  0.6262946E-04
 -0.1815965E+00  0.5851056E-04
 -0.1625630E+00  0.5152008E-04
 -0.1323576E+00  0.4220444E-04
 -0.9357396E-01  0.3106942E-04
 -0.4996395E-01  0.1812879E-04
  0.2639738E+00  0.1015384E-05
  0.3144148E+00  0.6115489E-05
 -0.9501982E-01 -0.1508430E-04
  0.9060691E-01 -0.2172673E-06
  0.1890860E+00  0.1095554E-05
  0.2532288E+00  0.1281468E-04
  0.2701043E+00  0.8647196E-06
  0.1700591E+00  0.1476008E-04
  0.6478428E+00  0.6563998E-05
  0.7344769E+00  0.7979581E-05
  0.8173749E+00  0.9287695E-05
  0.8959898E+00  0.1052984E-04
  0.9705973E+00  0.1170006E-04
  0.1040919E+01  0.1278914E-04
  0.1106599E+01  0.1380138E-04
  0.1167385E+01  0.1474379E-04
  0.1223181E+01  0.1559974E-04
  0.1273441E+01  0.1638147E-04
  0.1317985E+01  0.1708230E-04
  0.1357010E+01  0.1768640E-04
  0.1390101E+01  0.1820348E-04
  0.1416866E+01  0.1863985E-04
  0.1437622E+01  0.1897749E-04
  0.1452505E+01  0.1920947E-04
  0.1461222E+01  0.1934480E-04
  0.1463650E+01  0.1936812E-04
  0.1459815E+01  0.1929290E-04
  0.1449444E+01  0.1912344E-04
  0.1432636E+01  0.1885577E-04
  0.1409644E+01  0.1848561E-04
  0.1380390E+01  0.1802624E-04
  0.1345050E+01  0.1747333E-04
  0.1303904E+01  0.1682130E-04
  0.1256961E+01  0.1609201E-04
  0.1204422E+01  0.1527478E-04
  0.1146644E+01  0.1437603E-04
  0.1083754E+01  0.1340037E-04
  0.1016011E+01  0.1235081E-04
  0.9438208E+00  0.1123150E-04
  0.8673995E+00  0.1005578E-04
  0.7870957E+00  0.8820093E-05
  0.7033288E+00  0.7534236E-05
  0.6164367E+00  0.6205457E-05
  0.5267910E+00  0.4835128E-05
  0.4349306E+00  0.3431465E-05
  0.3413461E+00  0.1998764E-05
  0.2460117E+00  0.5461245E-06
  0.1492001E+00 -0.9229898E-06
  0.5157166E-01 -0.2410424E-05
 -0.4616990E-01 -0.3896389E-05
 -0.1435116E+00 -0.5379367E-05
 -0.2400612E+00 -0.6850204E-05
 -0.3354460E+00 -0.8302260E-05
 -0.4292263E+00 -0.9728246E-05
 -0.5209928E+00 -0.1110499E-04
 -0.6103312E+00 -0.1244156E-04
 -0.6966639E+00 -0.1376717E-04
 -0.7802997E+00 -0.1504067E-04
 -0.8605922E+00 -0.1626461E-04
 -0.9366704E+00 -0.1744871E-04
 -0.1008628E+01 -0.1857579E-04
 -0.1076261E+01 -0.1962732E-04
 -0.1139139E+01 -0.2061026E-04
 -0.1197196E+01 -0.2151619E-04
 -0.1250076E+01 -0.2233617E-04
 -0.1297243E+01 -0.2308119E-04
 -0.1338889E+01 -0.2374076E-04
 -0.1375043E+01 -0.2429567E-04
 -0.1405070E+01 -0.2476919E-04
 -0.1428788E+01 -0.2515396E-04
 -0.1446408E+01 -0.2542996E-04
 -0.1458175E+01 -0.2559713E-04
 -0.1463924E+01 -0.2565380E-04
 -0.1463647E+01 -0.2559825E-04
 -0.1457535E+01 -0.2542922E-04
 -0.1445201E+01 -0.2516441E-04
 -0.1426206E+01 -0.2481151E-04
 -0.1400442E+01 -0.2438750E-04
 -0.1367334E+01 -0.2389438E-04
 -0.1327598E+01 -0.2333673E-04
 -0.1282075E+01 -0.2268229E-04
 -0.1231287E+01 -0.2193220E-04
 -0.1175622E+01 -0.2107492E-04
 -0.1115056E+01 -0.2014053E-04
 -0.1049487E+01 -0.1913348E-04
 -0.9792634E+00 -0.1804897E-04
 -0.9052248E+00 -0.1688992E-04
 -0.8280883E+00 -0.1566133E-04
 -0.7470171E+00 -0.1440925E-04
 -0.6617158E+00 -0.1313166E-04
 -0.5736446E+00 -0.1180406E-04
 -0.4838620E+00 -0.1044508E-04
 -0.3930563E+00 -0.9085564E-05
 -0.3026537E+00 -0.7723608E-05
 -0.2133332E+00 -0.6354296E-05
 -0.1106562E+00 -0.5260773E-04
 -0.1029430E+00 -0.4077873E-04
 -0.1741342E+00 -0.7488606E-05
 -0.1569427E+00 -0.8264017E-05
  0.3314981E+00  0.1121982E-04
 -0.1377047E+00 -0.9213905E-05
 -0.1257555E+00 -0.1120763E-04
 -0.5951188E-02 -0.2682096E-04
 -0.1134123E+00 -0.5631646E-04
 -0.1138073E+00 -0.5742417E-04
 -0.1909700E+00 -0.6855027E-05
 -0.1155446E+00 -0.5591251E-04
 -0.1191971E+00 -0.5235072E-04
 -0.1053486E+00 -0.4689434E-04
 -0.7955098E-01 -0.3944775E-04
 -0.5734914E-01 -0.3040007E-04
 -0.3574178E-01 -0.2008436E-04
 -0.1260789E-01 -0.8996113E-05
  0.1221344E-01  0.2607380E-05
  0.3672248E-01  0.1395613E-04
  0.5870843E-01  0.2436033E-04
  0.7681201E-01  0.3351441E-04
  0.9061278E-01  0.4108679E-04
  0.1008535E+00  0.4671710E-04
  0.1097629E+00  0.5005547E-04
  0.1194434E+00  0.5099447E-04
  0.1288598E+00  0.4982901E-04
  0.1194503E+00  0.4690231E-04
  0.9794541E-01  0.4118591E-04
  0.8343701E-01  0.3386344E-04
  0.7315195E-01  0.2532803E-04
 -0.1033170E+00 -0.4718767E-04
  0.3723364E+00  0.2397037E-05
  0.5607883E+00  0.5066390E-05
  0.4685251E+00  0.3765406E-05
  0.4815094E-01 -0.3733936E-04
  0.4165958E+00  0.1004169E-04
  0.2212434E+00  0.2208206E-04
  0.5758332E+00  0.7979763E-05
  0.6600827E+00  0.9736224E-05
  0.8743596E+00  0.1416257E-04
  0.9381853E+00  0.1542206E-04
  0.9974400E+00  0.1657225E-04
  0.1051919E+01  0.1765577E-04
  0.1102061E+01  0.1863390E-04
  0.1146783E+01  0.1953005E-04
  0.1186193E+01  0.2032743E-04
  0.1221125E+01  0.2100224E-04
  0.1250133E+01  0.2157982E-04
  0.1272150E+01  0.2209801E-04
  0.1289173E+01  0.2251280E-04
  0.1302335E+01  0.2276914E-04
  0.1310603E+01  0.2289989E-04
  0.1312973E+01  0.2290953E-04
  0.1310118E+01  0.2278632E-04
  0.1300789E+01  0.2257515E-04
  0.1285025E+01  0.2225717E-04
  0.1264164E+01  0.2182034E-04
  0.1237414E+01  0.2128534E-04
  0.1204861E+01  0.2064299E-04
  0.1167592E+01  0.1988112E-04
  0.1124971E+01  0.1903551E-04
  0.1077022E+01  0.1809515E-04
  0.1024845E+01  0.1704538E-04
  0.9679826E+00  0.1591677E-04
  0.9065249E+00  0.1470641E-04
  0.8414811E+00  0.1340753E-04
  0.7725648E+00  0.1204578E-04
  0.6999810E+00  0.1061604E-04
  0.6246567E+00  0.9119036E-05
  0.5464873E+00  0.7580739E-05
  0.4657123E+00  0.5996497E-05
  0.3834238E+00  0.4362350E-05
  0.3004685E+00  0.2717760E-05
  0.2148072E+00  0.1053864E-05
  0.1267184E+00 -0.6727530E-06
  0.3757834E-01 -0.2436709E-05
 -0.5131837E-01 -0.4180359E-05
 -0.1393510E+00 -0.5914558E-05
 -0.2264298E+00 -0.7636569E-05
 -0.3124640E+00 -0.9319710E-05
 -0.3970449E+00 -0.1095983E-04
 -0.4794285E+00 -0.1248346E-04
 -0.5589147E+00 -0.1395523E-04
 -0.6347042E+00 -0.1550191E-04
 -0.7095627E+00 -0.1697363E-04
 -0.7812697E+00 -0.1838241E-04
 -0.8482125E+00 -0.1978890E-04
 -0.9122576E+00 -0.2109916E-04
 -0.9725082E+00 -0.2231605E-04
 -0.1028267E+01 -0.2345206E-04
 -0.1080139E+01 -0.2447764E-04
 -0.1126763E+01 -0.2541755E-04
 -0.1167493E+01 -0.2628378E-04
 -0.1204195E+01 -0.2703354E-04
 -0.1236520E+01 -0.2765908E-04
 -0.1262318E+01 -0.2821225E-04
 -0.1282117E+01 -0.2865903E-04
 -0.1297407E+01 -0.2895880E-04
 -0.1308646E+01 -0.2909525E-04
 -0.1314629E+01 -0.2912051E-04
 -0.1314713E+01 -0.2903740E-04
 -0.1310913E+01 -0.2879186E-04
 -0.1301676E+01 -0.2844480E-04
 -0.1285008E+01 -0.2801781E-04
 -0.1261817E+01 -0.2751670E-04
 -0.1228923E+01 -0.2699303E-04
 -0.1189439E+01 -0.2641292E-04
 -0.1145432E+01 -0.2568985E-04
 -0.1097849E+01 -0.2480344E-04
 -0.1047396E+01 -0.2378436E-04
 -0.9927112E+00 -0.2268999E-04
 -0.9329891E+00 -0.2151587E-04
 -0.8692569E+00 -0.2024009E-04
 -0.8038499E+00 -0.1884261E-04
 -0.7384042E+00 -0.1737661E-04
 -0.6674840E+00 -0.1598170E-04
 -0.5901833E+00 -0.1457563E-04
 -0.5114902E+00 -0.1305186E-04
 -0.4327878E+00 -0.1148741E-04
 -0.3521466E+00 -0.9983747E-05
 -0.2718649E+00 -0.8461087E-05
 -0.3913979E+00 -0.4778785E-04
 -0.3965550E+00 -0.4949044E-04
  0.3279751E+00  0.3800300E-05
 -0.1143797E+00 -0.3266441E-04
 -0.3603686E+00 -0.4553683E-04
  0.4282895E+00  0.1483921E-04
  0.3445348E+00  0.3382576E-05
 -0.2267063E+00 -0.1061960E-04
  0.1006911E+00  0.7642571E-07
 -0.3960802E+00 -0.4480070E-04
  0.7365113E+00  0.1128863E-04
 -0.3898339E+00 -0.4862943E-04
  0.6453574E-01 -0.1344629E-05
  0.4051398E+00  0.6645582E-05
 -0.2618020E+00 -0.3413709E-04
 -0.1907313E+00 -0.2665411E-04
 -0.1193577E+00 -0.1794254E-04
 -0.4326209E-01 -0.8466527E-05
  0.4003982E-01  0.1805878E-05
  0.1227804E+00  0.1179328E-04
  0.1972727E+00  0.2063303E-04
  0.2612757E+00  0.2831246E-04
  0.3134379E+00  0.3462864E-04
  0.3531993E+00  0.3930062E-04
  0.3814726E+00  0.4201939E-04
  0.4004101E+00  0.4269506E-04
  0.4264277E+00  0.4154548E-04
  0.3983088E+00  0.3994857E-04
  0.3229988E+00  0.3471526E-04
  0.2692952E+00  0.2873913E-04
 -0.3142349E+00 -0.4156546E-04
 -0.2516129E+00 -0.9500100E-05
  0.8068116E+00  0.1277279E-04
 -0.1933948E+00 -0.1157073E-04
  0.2437703E+00  0.3738186E-05
 -0.3484107E+00 -0.4036177E-04
 -0.1867864E+00 -0.1353271E-04
  0.5144582E+00  0.1289110E-04
  0.4977392E+00  0.9097805E-05
 -0.3728295E+00 -0.2355239E-04
 -0.3047316E+00 -0.1786838E-04
  0.4245109E+00  0.4901802E-05
  0.5833755E+00  0.1113985E-04
 -0.6480808E+00 -0.4229700E-04
  0.7752638E+00  0.1624779E-04
  0.8359047E+00  0.1761246E-04
  0.9846461E+00  0.2116433E-04
  0.1024574E+01  0.2212842E-04
  0.1058544E+01  0.2303171E-04
  0.1092029E+01  0.2370596E-04
  0.1116939E+01  0.2431828E-04
  0.1129769E+01  0.2500821E-04
  0.1139957E+01  0.2557505E-04
  0.1153789E+01  0.2583787E-04
  0.1164827E+01  0.2591257E-04
  0.1167705E+01  0.2590082E-04
  0.1168741E+01  0.2568268E-04
  0.1161304E+01  0.2542286E-04
  0.1145036E+01  0.2510371E-04
  0.1127900E+01  0.2457307E-04
  0.1103876E+01  0.2398054E-04
  0.1072304E+01  0.2330557E-04
  0.1040309E+01  0.2241771E-04
  0.1002038E+01  0.2148975E-04
  0.9569415E+00  0.2047159E-04
  0.9115164E+00  0.1926164E-04
  0.8605981E+00  0.1803234E-04
  0.8038177E+00  0.1670454E-04
  0.7467858E+00  0.1521469E-04
  0.6852095E+00  0.1372870E-04
  0.6190129E+00  0.1214722E-04
  0.5527095E+00  0.1044362E-04
  0.4829277E+00  0.8760095E-05
  0.4094178E+00  0.6965642E-05
  0.3362038E+00  0.5099360E-05
  0.2671281E+00  0.3310275E-05
  0.1913976E+00  0.1584435E-05
  0.1103212E+00 -0.4128386E-06
  0.2735142E-01 -0.2510899E-05
 -0.5374866E-01 -0.4482251E-05
 -0.1331080E+00 -0.6493580E-05
 -0.2117475E+00 -0.8446386E-05
 -0.2897476E+00 -0.1031193E-04
 -0.3673168E+00 -0.1220065E-04
 -0.4405442E+00 -0.1363248E-04
 -0.5080578E+00 -0.1511107E-04
 -0.5700706E+00 -0.1689799E-04
 -0.6384917E+00 -0.1853965E-04
 -0.7016565E+00 -0.2008416E-04
 -0.7578693E+00 -0.2179115E-04
 -0.8162946E+00 -0.2326583E-04
 -0.8705032E+00 -0.2459178E-04
 -0.9187477E+00 -0.2588613E-04
 -0.9660751E+00 -0.2697802E-04
 -0.1005868E+01 -0.2800188E-04
 -0.1037476E+01 -0.2905418E-04
 -0.1070753E+01 -0.2987081E-04
 -0.1101875E+01 -0.3051720E-04
 -0.1122322E+01 -0.3118260E-04
 -0.1137426E+01 -0.3172830E-04
 -0.1152073E+01 -0.3201290E-04
 -0.1167320E+01 -0.3201579E-04
 -0.1175481E+01 -0.3197326E-04
 -0.1174244E+01 -0.3189625E-04
 -0.1175776E+01 -0.3150591E-04
 -0.1171124E+01 -0.3107617E-04
 -0.1155082E+01 -0.3060281E-04
 -0.1136896E+01 -0.2999883E-04
 -0.1100351E+01 -0.2954764E-04
 -0.1058099E+01 -0.2909241E-04
 -0.1013104E+01 -0.2832016E-04
 -0.9679125E+00 -0.2726928E-04
 -0.9251044E+00 -0.2604170E-04
 -0.8772414E+00 -0.2481652E-04
 -0.8217840E+00 -0.2351320E-04
 -0.7630109E+00 -0.2204008E-04
 -0.7065557E+00 -0.2034877E-04
 -0.6596530E+00 -0.1865282E-04
 -0.6013849E+00 -0.1726000E-04
 -0.5266403E+00 -0.1600786E-04
 -0.4555192E+00 -0.1417420E-04
 -0.3935049E+00 -0.1241437E-04
  0.7128677E+00  0.1461142E-04
  0.6537012E+00  0.1285320E-04
  0.4854295E+00  0.5830109E-05
 -0.7753912E-01 -0.8150376E-05
 -0.4429504E+00 -0.3037157E-04
 -0.6069441E+00 -0.3979778E-04
 -0.5490341E+00 -0.3472426E-04
 -0.2923936E+00 -0.1325139E-04
  0.3303027E+00  0.1652136E-04
 -0.6540352E+00 -0.4145634E-04
  0.5038953E+00  0.1785762E-04
  0.3688658E+00  0.1936816E-04
 -0.4324991E+00 -0.2994134E-04
 -0.3176773E+00 -0.2376066E-04
  0.6818330E-01  0.1224837E-05
  0.2136181E+00  0.1028667E-04
  0.3394254E+00  0.1782571E-04
  0.4467113E+00  0.2430605E-04
  0.5353895E+00  0.2963804E-04
  0.6033134E+00  0.3360511E-04
  0.6491583E+00  0.3591959E-04
  0.6640615E+00  0.3634511E-04
  0.4990231E-01  0.9741408E-05
  0.6489257E+00  0.3316593E-04
  0.5374519E+00  0.2954894E-04
  0.4464255E+00  0.2462646E-04
 -0.5260477E+00 -0.3581927E-04
  0.8904773E+00  0.1885507E-04
 -0.2013535E+00 -0.1631567E-04
  0.9383456E+00  0.2009391E-04
  0.6209796E-01  0.1533181E-04
  0.6125858E+00  0.1606268E-04
 -0.3224231E+00 -0.1096042E-04
 -0.2456699E+00 -0.1417635E-04
  0.6741628E+00  0.1825569E-04
  0.9159018E-01  0.4578288E-06
  0.1425829E+00  0.1144796E-06
 -0.8728691E+00 -0.3701670E-04
 -0.4241581E+00 -0.2052570E-04
  0.9328568E+00  0.2543259E-04
  0.7381670E+00  0.1955628E-04
  0.8730859E+00  0.2336821E-04
  0.9077635E+00  0.2432890E-04
  0.9966803E+00  0.2650711E-04
  0.9843842E+00  0.2759631E-04
  0.9687664E+00  0.2872692E-04
  0.9910245E+00  0.2888102E-04
  0.1023433E+01  0.2865127E-04
  0.1023297E+01  0.2870210E-04
  0.1035858E+01  0.2816066E-04
  0.1030747E+01  0.2788336E-04
  0.1007008E+01  0.2770175E-04
  0.9992129E+00  0.2693452E-04
  0.9784216E+00  0.2634584E-04
  0.9412206E+00  0.2575492E-04
  0.9197887E+00  0.2460258E-04
  0.8869045E+00  0.2367193E-04
  0.8384195E+00  0.2267504E-04
  0.8042974E+00  0.2117220E-04
  0.7605809E+00  0.1993513E-04
  0.7027472E+00  0.1856252E-04
  0.6572295E+00  0.1677117E-04
  0.6044759E+00  0.1527460E-04
  0.5397376E+00  0.1358545E-04
  0.4847370E+00  0.1157156E-04
  0.4245680E+00  0.9867759E-05
  0.3530531E+00  0.7773410E-05
  0.2864449E+00  0.5444409E-05
  0.1876955E+00  0.2678616E-05
  0.1967969E-01 -0.2609542E-05
 -0.5161743E-01 -0.4667871E-05
 -0.1233572E+00 -0.7110099E-05
 -0.1959815E+00 -0.9276895E-05
 -0.2659635E+00 -0.1119350E-04
 -0.3489240E+00 -0.1406789E-04
 -0.4982421E+00 -0.1785071E-04
 -0.6019363E+00 -0.2117971E-04
 -0.6591799E+00 -0.2366278E-04
 -0.7216926E+00 -0.2517843E-04
 -0.7711141E+00 -0.2647848E-04
 -0.8081271E+00 -0.2807170E-04
 -0.8565873E+00 -0.2909979E-04
 -0.8850389E+00 -0.3012488E-04
 -0.8927529E+00 -0.3174782E-04
 -0.9280491E+00 -0.3261466E-04
 -0.9752530E+00 -0.3298396E-04
 -0.9855398E+00 -0.3388230E-04
 -0.9917430E+00 -0.3462800E-04
 -0.1008186E+01 -0.3489278E-04
 -0.1036267E+01 -0.3443203E-04
 -0.1048181E+01 -0.3431385E-04
 -0.1040810E+01 -0.3441122E-04
  0.2362102E+00  0.3174638E-05
 -0.9889291E+00 -0.3200145E-04
 -0.9326779E+00 -0.3180881E-04
 -0.8816848E+00 -0.3083425E-04
 -0.8355191E+00 -0.2948249E-04
 -0.8089832E+00 -0.2792693E-04
 -0.7711596E+00 -0.2665888E-04
 -0.7157264E+00 -0.2528982E-04
 -0.6555365E+00 -0.2357179E-04
 -0.6041492E+00 -0.2126128E-04
 -0.7008307E+00 -0.4130491E-04
  0.7878163E+00  0.2079610E-04
 -0.1066875E+00 -0.7655908E-05
 -0.6054572E+00 -0.2681305E-04
 -0.8082700E+00 -0.3427081E-04
 -0.6898699E+00 -0.3006624E-04
  0.5803108E+00  0.2120047E-04
 -0.2930842E+00 -0.1488369E-04
  0.2940000E+00  0.8438687E-05
 -0.2050375E+00 -0.1753376E-04
  0.8246861E+00  0.2233619E-04
  0.4591363E+00  0.1480132E-04
  0.6001936E+00  0.2018344E-04
  0.7174940E+00  0.2462280E-04
  0.8070346E+00  0.2794631E-04
  0.8647671E+00  0.3005698E-04
  0.8722916E+00  0.3143300E-04
 -0.6367426E-01 -0.8510178E-05
  0.8208091E+00  0.2738524E-04
  0.7087551E+00  0.2449666E-04
 -0.2509551E-01 -0.5923509E-05
 -0.8505148E+00 -0.3709649E-04
  0.9731833E+00  0.2593227E-04
 -0.6690625E+00 -0.4254158E-04
 -0.8677326E+00 -0.3783001E-04
 -0.1038821E+01 -0.3355248E-04
 -0.8859221E+00 -0.3748131E-04
 -0.5637312E+00 -0.2618117E-04
 -0.7112030E+00 -0.3120769E-04
  0.2080687E+00  0.4694293E-05
 -0.2389118E+00 -0.2368997E-04
 -0.1192682E+00 -0.2461776E-04
 -0.4785242E+00 -0.1835701E-04
 -0.3440980E+00 -0.1249221E-04
 -0.1450253E+00 -0.1307055E-04
  0.1380873E+00 -0.3156872E-04
  0.3067401E+00 -0.5010189E-04
  0.7770066E+00  0.3245737E-04
  0.7023388E+00  0.3518675E-04
  0.5791419E+00  0.1417384E-04
 -0.7023982E+00 -0.3498099E-04
 -0.3993067E+00 -0.1518216E-04
 -0.6745433E+00 -0.3874471E-04
 -0.9320588E+00 -0.3648128E-04
 -0.5694107E+00 -0.1975372E-04
 -0.1054523E+01 -0.3364300E-04
 -0.1518869E-01 -0.3695385E-05
 -0.8662512E+00 -0.3437181E-04
 -0.3816099E+00 -0.1629348E-04
 -0.7690618E+00 -0.3148969E-04
  0.8844845E+00  0.2771938E-04
 -0.2068377E+00 -0.1112479E-04
  0.7842796E+00  0.2589998E-04
  0.3959340E+00  0.1178617E-04
 -0.6580333E+00 -0.2758674E-04
  0.6726111E+00  0.2199159E-04
 -0.6874636E+00 -0.2903647E-04
  0.5517651E+00  0.1751036E-04
  0.6856499E+00  0.2237309E-04
  0.7927131E+00  0.2622076E-04
  0.8693808E+00  0.2890302E-04
  0.9117997E+00  0.3034579E-04
  0.8876500E+00  0.3114200E-04
 -0.8927795E+00 -0.3490923E-04
 -0.5766189E+00 -0.1897402E-04
 -0.4357424E+00 -0.1535798E-04
 -0.8686925E+00 -0.3626010E-04
  0.8711016E+00  0.2934523E-04
 -0.7614903E+00 -0.3317451E-04
 -0.5062504E+00 -0.2248253E-04
  0.1252510E+00 -0.1460979E-04
  0.1419580E+00 -0.1168230E-04
  0.1652740E+00 -0.1074938E-04
  0.1888571E+00 -0.1029428E-04
  0.2119599E+00 -0.1002090E-04
  0.2344867E+00 -0.9825526E-05
  0.2564499E+00 -0.9668960E-05
  0.2778715E+00 -0.9530918E-05
  0.2987752E+00 -0.9401433E-05
  0.3191775E+00 -0.9276171E-05
  0.3390448E+00 -0.9152091E-05
  0.3583761E+00 -0.9027372E-05
  0.3771698E+00 -0.8900646E-05
  0.3954667E+00 -0.8772240E-05
  0.4133578E+00 -0.8642669E-05
  0.4310327E+00 -0.8515172E-05
  0.4489928E+00 -0.8397502E-05
  0.4682516E+00 -0.8303839E-05
  0.4910488E+00 -0.8267684E-05
  0.5227065E+00 -0.8367188E-05
  0.1545246E+01 -0.2498525E-04
  0.2500232E+01 -0.4051005E-04
  0.3345968E+01 -0.5426476E-04
  0.4045463E+01 -0.6564751E-04
  0.4568186E+01 -0.7416031E-04
  0.4891179E+01 -0.7942990E-04
  0.5000355E+01 -0.8122918E-04
  0.4891034E+01 -0.7947478E-04
  0.4567992E+01 -0.7424997E-04
  0.4045315E+01 -0.6577837E-04
  0.3345846E+01 -0.5443316E-04
  0.2500110E+01 -0.4070770E-04
  0.1545126E+01 -0.2520241E-04
  0.5226099E+00 -0.8595304E-05
 -0.5227529E+00  0.8388114E-05
 -0.1545267E+01  0.2500488E-04
 -0.2500250E+01  0.4052995E-04
 -0.3345956E+01  0.5428433E-04
 -0.4045425E+01  0.6566555E-04
 -0.4568102E+01  0.7417731E-04
 -0.4891117E+01  0.7944996E-04
 -0.5000365E+01  0.8124857E-04
 -0.4891082E+01  0.7949628E-04
 -0.4568046E+01  0.7427151E-04
 -0.4045336E+01  0.6579965E-04
 -0.3345843E+01  0.5445432E-04
 -0.2500136E+01  0.4072825E-04
 -0.1545166E+01  0.2522373E-04
 -0.5226634E+00  0.8616450E-05
 -0.4909838E+00  0.8526084E-05
 -0.4681813E+00  0.8576786E-05
 -0.4489169E+00  0.8688238E-05
 -0.4309427E+00  0.8826523E-05
 -0.4132493E+00  0.8976727E-05
 -0.3953463E+00  0.9132948E-05
 -0.3770319E+00  0.9291479E-05
 -0.3582115E+00  0.9451654E-05
 -0.3388790E+00  0.9615078E-05
 -0.3190306E+00  0.9782408E-05
 -0.2986539E+00  0.9955183E-05
 -0.2777575E+00  0.1013521E-04
 -0.2563371E+00  0.1032443E-04
 -0.2343716E+00  0.1052688E-04
 -0.2118146E+00  0.1074977E-04
 -0.1886483E+00  0.1100691E-04
 -0.1649559E+00  0.1134343E-04
 -0.1413432E+00  0.1190060E-04
 -0.1240434E+00  0.1349230E-04
 -0.3677759E+00  0.4093979E-04
 -0.5956455E+00  0.6659252E-04
 -0.7974464E+00  0.8932550E-04
 -0.9641314E+00  0.1081171E-03
 -0.1088656E+01  0.1221344E-03
 -0.1165858E+01  0.1307686E-03
 -0.1192156E+01  0.1336634E-03
 -0.1166238E+01  0.1306886E-03
 -0.1089242E+01  0.1219764E-03
 -0.9646009E+00  0.1078954E-03
 -0.7977854E+00  0.8906298E-04
 -0.5961322E+00  0.6630595E-04
 -0.3684309E+00  0.4061941E-04
 -0.1246216E+00  0.1312890E-04
  0.1246342E+00 -0.1496843E-04
  0.3684351E+00 -0.4244563E-04
  0.5960706E+00 -0.6810018E-04
  0.7976022E+00 -0.9080908E-04
  0.9642955E+00 -0.1095790E-03
  0.1089027E+01 -0.1235959E-03
  0.1166246E+01 -0.1322538E-03
  0.1192397E+01 -0.1351732E-03
  0.1166366E+01 -0.1322072E-03
  0.1089438E+01 -0.1234830E-03
  0.9647927E+00 -0.1093663E-03
  0.7973631E+00 -0.9046361E-04
  0.5937922E+00 -0.6759167E-04
  0.3671050E+00 -0.4197163E-04
  0.5581335E+00 -0.3113697E-04
  0.6265025E+00 -0.3034312E-04
  0.6931266E+00 -0.2974069E-04
  0.7580741E+00 -0.2923360E-04
  0.8214186E+00 -0.2877491E-04
  0.8832268E+00 -0.2834301E-04
  0.9435220E+00 -0.2792677E-04
  0.1002249E+01 -0.2751782E-04
  0.1059394E+01 -0.2711029E-04
  0.1115080E+01 -0.2670511E-04
  0.1169426E+01 -0.2630134E-04
  0.1222414E+01 -0.2589426E-04
  0.1274601E+01 -0.2549196E-04
  0.1327548E+01 -0.2511945E-04
  0.1384364E+01 -0.2482339E-04
  0.1451665E+01 -0.2469990E-04
  0.2348813E+01 -0.4005156E-04
  0.3143366E+01 -0.5365338E-04
  0.3800833E+01 -0.6491537E-04
  0.4292033E+01 -0.7333639E-04
  0.4595384E+01 -0.7854649E-04
  0.4697179E+01 -0.8030790E-04
  0.4594234E+01 -0.7856824E-04
  0.4290790E+01 -0.7340278E-04
  0.3799911E+01 -0.6502941E-04
  0.3142912E+01 -0.5381362E-04
  0.2348484E+01 -0.4024285E-04
  0.1451367E+01 -0.2491108E-04
  0.4908206E+00 -0.8490535E-05
 -0.4911894E+00  0.8302449E-05
 -0.1451731E+01  0.2473320E-04
 -0.2348832E+01  0.4008419E-04
 -0.3143267E+01  0.5368303E-04
 -0.3800338E+01  0.6493704E-04
 -0.4291308E+01  0.7335276E-04
 -0.4594738E+01  0.7856497E-04
 -0.4697339E+01  0.8034423E-04
 -0.4594636E+01  0.7861136E-04
 -0.4291140E+01  0.7344445E-04
 -0.3800119E+01  0.6506899E-04
 -0.3143011E+01  0.5384937E-04
 -0.2348558E+01  0.4027776E-04
 -0.1451474E+01  0.2494646E-04
 -0.1384057E+01  0.2508165E-04
 -0.1327093E+01  0.2539260E-04
 -0.1273968E+01  0.2578143E-04
 -0.1221663E+01  0.2620300E-04
 -0.1168768E+01  0.2663871E-04
 -0.1114653E+01  0.2707775E-04
 -0.1059063E+01  0.2751920E-04
 -0.1001921E+01  0.2796417E-04
 -0.9432233E+00  0.2841666E-04
 -0.8829784E+00  0.2888133E-04
 -0.8211981E+00  0.2936329E-04
 -0.7578757E+00  0.2987385E-04
 -0.6929438E+00  0.3042714E-04
 -0.6262950E+00  0.3105666E-04
 -0.5579029E+00  0.3183472E-04
 -0.4879752E+00  0.3294388E-04
 -0.4184652E+00  0.3495196E-04
 -0.6772717E+00  0.5647713E-04
 -0.9064380E+00  0.7553638E-04
 -0.1095940E+01  0.9129577E-04
 -0.1237557E+01  0.1030573E-03
 -0.1325139E+01  0.1103074E-03
 -0.1354814E+01  0.1127331E-03
 -0.1325252E+01  0.1102371E-03
 -0.1237752E+01  0.1029215E-03
 -0.1096142E+01  0.9110969E-04
 -0.9066222E+00  0.7531136E-04
 -0.6774875E+00  0.5621839E-04
 -0.4187386E+00  0.3466583E-04
 -0.1416781E+00  0.1159684E-04
  0.1415850E+00 -0.1198001E-04
  0.4186452E+00 -0.3503588E-04
  0.6773850E+00 -0.5656255E-04
  0.9065284E+00 -0.7561674E-04
  0.1096054E+01 -0.9137104E-04
  0.1237712E+01 -0.1031336E-03
  0.1325299E+01 -0.1103908E-03
  0.1354960E+01 -0.1128324E-03
  0.1325413E+01 -0.1103431E-03
  0.1237970E+01 -0.1030330E-03
  0.1096432E+01 -0.9121357E-04
  0.9068502E+00 -0.7540285E-04
  0.6775371E+00 -0.5629495E-04
  0.4188426E+00 -0.3474649E-04
  0.4882734E+00 -0.3236382E-04
  0.1013641E+01 -0.4933157E-04
  0.1329017E+01 -0.4675340E-04
  0.1429042E+01 -0.4603919E-04
  0.1526545E+01 -0.4534900E-04
  0.1621526E+01 -0.4467288E-04
  0.1714080E+01 -0.4400557E-04
  0.1804711E+01 -0.4335520E-04
  0.1893089E+01 -0.4270384E-04
  0.1979250E+01 -0.4204335E-04
  0.2063637E+01 -0.4138039E-04
  0.2148735E+01 -0.4075716E-04
  0.2240108E+01 -0.4025900E-04
  0.2998402E+01 -0.5394428E-04
  0.4094607E+01 -0.7374834E-04
  0.3626504E+01 -0.6528895E-04
  0.4383356E+01 -0.7897151E-04
  0.4478943E+01 -0.8070781E-04
  0.4380075E+01 -0.7894151E-04
  0.4090602E+01 -0.7374639E-04
  0.3622927E+01 -0.6534471E-04
  0.2996672E+01 -0.5407679E-04
  0.2239278E+01 -0.4043991E-04
  0.1383883E+01 -0.2503151E-04
  0.4679424E+00 -0.8525924E-05
 -0.4684785E+00  0.8353597E-05
 -0.1384422E+01  0.2486948E-04
 -0.2239868E+01  0.4029939E-04
 -0.2997410E+01  0.5396843E-04
 -0.3623954E+01  0.6528069E-04
 -0.4092116E+01  0.7373989E-04
 -0.4381434E+01  0.7897776E-04
 -0.4479258E+01  0.8076470E-04
 -0.4381312E+01  0.7902412E-04
 -0.4091883E+01  0.7383004E-04
 -0.3623641E+01  0.6541100E-04
 -0.2997051E+01  0.5413435E-04
 -0.2239476E+01  0.4049213E-04
 -0.2147309E+01  0.4098942E-04
 -0.1976732E+01  0.4228736E-04
 -0.2061350E+01  0.4161140E-04
 -0.1891146E+01  0.4298279E-04
 -0.1803601E+01  0.4368495E-04
 -0.1713664E+01  0.4438842E-04
 -0.1621210E+01  0.4509675E-04
 -0.1526227E+01  0.4581675E-04
 -0.1428739E+01  0.4655246E-04
 -0.1328769E+01  0.4731665E-04
 -0.1226303E+01  0.4812594E-04
 -0.1121243E+01  0.4900816E-04
 -0.1013414E+01  0.5001787E-04
 -0.9027904E+00  0.5127965E-04
 -0.7896864E+00  0.5311242E-04
 -0.1056857E+01  0.7096778E-04
 -0.1442939E+01  0.9674941E-04
 -0.1277834E+01  0.8572876E-04
 -0.1544992E+01  0.1035456E-03
 -0.1579524E+01  0.1058214E-03
 -0.1545022E+01  0.1034827E-03
 -0.1443000E+01  0.9662892E-04
 -0.1277905E+01  0.8556001E-04
 -0.1056978E+01  0.7075517E-04
 -0.7898488E+00  0.5286717E-04
 -0.4881931E+00  0.3267376E-04
 -0.1652023E+00  0.1105983E-04
  0.1650151E+00 -0.1103151E-04
  0.4880121E+00 -0.3263372E-04
  0.7896855E+00 -0.5280344E-04
  0.1056844E+01 -0.7065772E-04
  0.1277823E+01 -0.8542003E-04
  0.1442978E+01 -0.9644034E-04
  0.1545072E+01 -0.1032409E-03
  0.1579628E+01 -0.1055262E-03
  0.1545163E+01 -0.1031916E-03
  0.1443174E+01 -0.9633884E-04
  0.1278093E+01 -0.8526378E-04
  0.1057122E+01 -0.7045572E-04
  0.7899306E+00 -0.5256007E-04
  0.1121440E+01 -0.4834799E-04
  0.1226519E+01 -0.4751171E-04
  0.9030050E+00 -0.5060814E-04
  0.2042471E+01 -0.6077723E-04
  0.1912143E+01 -0.6171081E-04
  0.2293329E+01 -0.5897490E-04
  0.2414672E+01 -0.5810730E-04
  0.2533699E+01 -0.5724747E-04
  0.2650181E+01 -0.5637869E-04
  0.2763821E+01 -0.5549452E-04
  0.2877179E+01 -0.5463815E-04
  0.4295083E+01 -0.8168001E-04
  0.4198595E+01 -0.7984563E-04
  0.3927905E+01 -0.7468332E-04
  0.4204098E+01 -0.7994862E-04
  0.3479903E+01 -0.6613433E-04
  0.3921589E+01 -0.7459895E-04
  0.3473250E+01 -0.6610288E-04
  0.2873052E+01 -0.5471117E-04
  0.2146958E+01 -0.4091579E-04
  0.1326830E+01 -0.2532395E-04
  0.4486072E+00 -0.8619813E-05
 -0.4492749E+00  0.8463481E-05
 -0.1327525E+01  0.2517849E-04
 -0.2147769E+01  0.4079524E-04
 -0.2874143E+01  0.5462877E-04
 -0.3474889E+01  0.6607703E-04
 -0.3923763E+01  0.7463954E-04
 -0.4201170E+01  0.7994138E-04
 -0.4294930E+01  0.8174836E-04
 -0.4201029E+01  0.7998697E-04
 -0.3923519E+01  0.7473079E-04
 -0.3474522E+01  0.6620908E-04
 -0.2873718E+01  0.5479649E-04
 -0.2413738E+01  0.5838644E-04
 -0.2293390E+01  0.5932158E-04
 -0.2645424E+01  0.5652486E-04
 -0.2530892E+01  0.5745218E-04
 -0.2758675E+01  0.5562536E-04
 -0.2169659E+01  0.6026367E-04
 -0.2042542E+01  0.6121819E-04
 -0.1912062E+01  0.6219569E-04
 -0.1778252E+01  0.6321009E-04
 -0.1641117E+01  0.6428395E-04
 -0.1500526E+01  0.6545701E-04
 -0.1356252E+01  0.6679827E-04
 -0.1208214E+01  0.6849494E-04
 -0.1805609E+01  0.1020990E-03
 -0.1766158E+01  0.9984437E-04
 -0.1649534E+01  0.9334956E-04
 -0.1766160E+01  0.9990481E-04
 -0.1460801E+01  0.8272538E-04
 -0.1649506E+01  0.9323598E-04
 -0.1460785E+01  0.8256188E-04
 -0.1208246E+01  0.6828928E-04
 -0.9028920E+00  0.5104113E-04
 -0.5580777E+00  0.3157234E-04
 -0.1888700E+00  0.1073233E-04
  0.1885912E+00 -0.1056723E-04
  0.5578133E+00 -0.3139544E-04
  0.9026569E+00 -0.5084124E-04
  0.1208053E+01 -0.6805627E-04
  0.1460670E+01 -0.8228805E-04
  0.1649456E+01 -0.9291589E-04
  0.1766145E+01 -0.9947553E-04
  0.1805670E+01 -0.1016753E-03
  0.1766270E+01 -0.9942134E-04
  0.1649681E+01 -0.9281383E-04
  0.1460985E+01 -0.8213786E-04
  0.1208410E+01 -0.6786093E-04
  0.1500701E+01 -0.6483058E-04
  0.1641278E+01 -0.6370188E-04
  0.2169420E+01 -0.5986540E-04
  0.1356437E+01 -0.6615303E-04
  0.1778394E+01 -0.6267720E-04
  0.2770127E+01 -0.7132332E-04
  0.2916199E+01 -0.7026024E-04
  0.3341527E+01 -0.6715269E-04
  0.3765440E+01 -0.7569803E-04
  0.3334703E+01 -0.6707229E-04
  0.4031334E+01 -0.8103321E-04
  0.4123383E+01 -0.8289647E-04
  0.3769885E+01 -0.7579310E-04
  0.4035040E+01 -0.8113184E-04
 -0.2311765E+01  0.7512679E-04
  0.2061082E+01 -0.4151833E-04
  0.1273665E+01 -0.2569207E-04
  0.4306001E+00 -0.8739395E-05
 -0.4313400E+00  0.8599377E-05
 -0.1274428E+01  0.2556443E-04
 -0.2061837E+01  0.4141413E-04
 -0.2759119E+01  0.5545468E-04
 -0.3335813E+01  0.6707378E-04
 -0.3766703E+01  0.7576287E-04
 -0.4032984E+01  0.8114317E-04
 -0.4123001E+01  0.8297992E-04
 -0.4032837E+01  0.8119225E-04
 -0.3766440E+01  0.7585687E-04
 -0.3335425E+01  0.6720764E-04
 -0.2623239E+01  0.7279968E-04
 -0.2469535E+01  0.7394906E-04
 -0.2772840E+01  0.7166527E-04
 -0.2918365E+01  0.7053673E-04
 -0.3198513E+01  0.6829373E-04
 -0.3060030E+01  0.6941131E-04
 -0.1356190E+01  0.6659777E-04
 -0.2149985E+01  0.7634670E-04
 -0.1984162E+01  0.7763807E-04
 -0.1814193E+01  0.7905222E-04
 -0.1639782E+01  0.8067460E-04
 -0.1851461E+01  0.9092228E-04
 -0.1639667E+01  0.8051399E-04
 -0.1982404E+01  0.9736347E-04
 -0.2026718E+01  0.9956324E-04
 -0.1851617E+01  0.9103186E-04
 -0.1982498E+01  0.9742218E-04
 -0.1013456E+01  0.4978231E-04
 -0.6264237E+00  0.3079959E-04
 -0.2120152E+00  0.1048076E-04
  0.2116507E+00 -0.1028703E-04
  0.6260724E+00 -0.3059496E-04
  0.1013149E+01 -0.4955429E-04
  0.1355940E+01 -0.6634003E-04
  0.1639485E+01 -0.8021605E-04
  0.1851384E+01 -0.9057562E-04
  0.1982379E+01 -0.9696712E-04
  0.2026747E+01 -0.9911436E-04
  0.1982562E+01 -0.9691824E-04
  0.1851720E+01 -0.9047669E-04
  0.1639930E+01 -0.8006723E-04
  0.2149916E+01 -0.7585106E-04
  0.2621214E+01 -0.7241151E-04
  0.1984200E+01 -0.7709784E-04
  0.2758272E+01 -0.5551731E-04
  0.1814297E+01 -0.7846966E-04
  0.2311351E+01 -0.7467221E-04
  0.3202422E+01 -0.6818941E-04
  0.3060386E+01 -0.6921951E-04
  0.2468466E+01 -0.7352911E-04
  0.3126016E+01 -0.8053657E-04
  0.3290270E+01 -0.7931261E-04
  0.3866950E+01 -0.8237390E-04
  0.3613591E+01 -0.7694631E-04
  0.3199980E+01 -0.6817068E-04
  0.3612508E+01 -0.7695303E-04
  0.3868288E+01 -0.8237048E-04
  0.3953897E+01 -0.8421090E-04
 -0.2240453E+01  0.8760888E-04
  0.1976930E+01 -0.4218047E-04
 -0.3131076E+01  0.8087750E-04
  0.4129228E+00 -0.8869405E-05
  0.1221490E+01 -0.2609546E-04
 -0.1222143E+01  0.2598283E-04
 -0.1977218E+01  0.4208488E-04
 -0.2645861E+01  0.5634987E-04
 -0.3198882E+01  0.6815408E-04
 -0.3612035E+01  0.7698280E-04
 -0.3867373E+01  0.8244919E-04
 -0.3953701E+01  0.8431557E-04
 -0.3867251E+01  0.8249918E-04
 -0.3611786E+01  0.7707932E-04
 -0.3455407E+01  0.7833984E-04
 -0.1500320E+01  0.6525783E-04
 -0.2788527E+01  0.8345065E-04
 -0.2962120E+01  0.8215522E-04
 -0.3295420E+01  0.7960672E-04
 -0.6930094E+00  0.3017541E-04
 -0.2048537E+01  0.8920341E-04
 -0.2193155E+01  0.9540582E-04
 -0.2427676E+01  0.8615280E-04
 -0.2193326E+01  0.9546324E-04
 -0.2345657E+00  0.1026372E-04
 -0.1813928E+01  0.7889340E-04
 -0.2048288E+01  0.8909086E-04
 -0.2242228E+01  0.9756112E-04
 -0.1121169E+01  0.4877838E-04
  0.2341357E+00 -0.1008777E-04
  0.6926016E+00 -0.2998915E-04
  0.1120806E+01 -0.4856935E-04
  0.1500034E+01 -0.6501858E-04
  0.1813710E+01 -0.7861681E-04
  0.2048141E+01 -0.8876963E-04
  0.2193080E+01 -0.9503447E-04
  0.2242176E+01 -0.9713540E-04
  0.2193304E+01 -0.9498437E-04
  0.2048569E+01 -0.8867072E-04
  0.2609454E+01 -0.8436068E-04
  0.2958765E+01 -0.8179146E-04
  0.2646207E+01 -0.5641454E-04
  0.2240360E+01 -0.8711518E-04
  0.3452834E+01 -0.7812617E-04
  0.2786617E+01 -0.8306374E-04
  0.2427328E+01 -0.8570083E-04
 -0.4136575E+00  0.8746843E-05
 -0.2610379E+01  0.8477634E-04
  0.3524556E+01 -0.8496096E-04
  0.3782574E+01 -0.8556826E-04
  0.3063587E+01 -0.6931734E-04
 -0.3352435E+01  0.8655932E-04
 -0.3957511E+00  0.8899188E-05
  0.1891946E+01 -0.4286584E-04
 -0.2398785E+01  0.9375523E-04
 -0.2531291E+01  0.5727294E-04
 -0.3528435E+01  0.8520117E-04
 -0.2794843E+01  0.9072795E-04
  0.1168825E+01 -0.2651257E-04
 -0.1891590E+01  0.4277676E-04
 -0.3455605E+01  0.7823853E-04
 -0.3699854E+01  0.8379423E-04
 -0.3782456E+01  0.8569004E-04
 -0.3699769E+01  0.8384506E-04
  0.2560495E+00 -0.9925032E-05
 -0.2985620E+01  0.8931058E-04
 -0.2240132E+01  0.8749486E-04
 -0.1640829E+01  0.6408323E-04
 -0.3171495E+01  0.8792461E-04
  0.1225750E+01 -0.4772552E-04
 -0.2565315E+00  0.1006532E-04
 -0.1226157E+01  0.4789612E-04
  0.7574478E+00 -0.2947360E-04
 -0.2398597E+01  0.9369829E-04
 -0.1983814E+01  0.7747621E-04
 -0.2599241E+01  0.9219800E-04
 -0.3060314E+01  0.6926707E-04
 -0.1169212E+01  0.2641398E-04
  0.1640483E+01 -0.6388366E-04
  0.1983554E+01 -0.7724119E-04
  0.2239969E+01 -0.8721512E-04
  0.2398495E+01 -0.9336894E-04
  0.2452164E+01 -0.9543139E-04
  0.2398647E+01 -0.9331591E-04
  0.2598817E+01 -0.9179870E-04
  0.3168858E+01 -0.8762358E-04
  0.2983967E+01 -0.8898130E-04
  0.3348817E+01 -0.8628530E-04
  0.3950881E+00 -0.9003260E-05
 -0.7579058E+00  0.2962447E-04
  0.3696984E+01 -0.8364970E-04
  0.3459166E+01 -0.7823868E-04
  0.2793925E+01 -0.9036619E-04
 -0.2452265E+01  0.9581671E-04
  0.2533024E+01 -0.5734865E-04
 -0.3774102E+00  0.9054083E-05
  0.2149436E+01 -0.7599856E-04
  0.1777668E+01 -0.6285826E-04
  0.2427339E+01 -0.8581191E-04
 -0.2414002E+01  0.5820093E-04
  0.2774452E+00 -0.9782765E-05
 -0.2857167E+01  0.9272037E-04
  0.1114829E+01 -0.2692880E-04
 -0.1803939E+01  0.4347359E-04
  0.3607146E+01 -0.8693152E-04
 -0.3295505E+01  0.7950293E-04
 -0.3528465E+01  0.8514517E-04
 -0.1777919E+01  0.6300959E-04
 -0.3052228E+01  0.9127196E-04
  0.1328219E+01 -0.4696434E-04
 -0.1328590E+01  0.4708919E-04
 -0.2427324E+01  0.8603679E-04
  0.8207533E+00 -0.2901083E-04
 -0.3242273E+01  0.8985709E-04
 -0.8212293E+00  0.2911745E-04
 -0.2599028E+01  0.9213931E-04
  0.3531447E+01 -0.8509754E-04
 -0.3607261E+01  0.8707442E-04
 -0.2779641E+00  0.9879859E-05
 -0.2149578E+01  0.7618290E-04
 -0.2657182E+01  0.9422166E-04
  0.2599024E+01 -0.9186098E-04
  0.2656928E+01 -0.9388453E-04
  0.3768152E+00 -0.9136110E-05
  0.3051611E+01 -0.9102080E-04
  0.3426901E+01 -0.8829172E-04
  0.3241675E+01 -0.8964642E-04
  0.2922204E+01 -0.7044147E-04
 -0.3427278E+01  0.8846055E-04
  0.2416306E+01 -0.5827440E-04
  0.1804654E+01 -0.4355022E-04
 -0.2918525E+01  0.7038816E-04
  0.2856750E+01 -0.9242411E-04
  0.3299429E+01 -0.7951289E-04
 -0.1115047E+01  0.2684923E-04
  0.2794880E+01 -0.9044533E-04
 -0.1428597E+01  0.4632596E-04
  0.3134250E+01 -0.8075770E-04
 -0.2293483E+01  0.5913157E-04
 -0.2985465E+01  0.8924963E-04
 -0.2772843E+01  0.7151091E-04
  0.1714576E+01 -0.4422580E-04
  0.2295475E+01 -0.5918070E-04
 -0.3131030E+01  0.8076760E-04
 -0.3352392E+01  0.8650200E-04
 -0.1911757E+01  0.6199472E-04
  0.2311736E+01 -0.7483736E-04
 -0.8830358E+00  0.2863771E-04
  0.1428396E+01 -0.4625149E-04
  0.3580391E+00 -0.9267040E-05
 -0.2610047E+01  0.8466144E-04
  0.8826346E+00 -0.2857734E-04
 -0.2311396E+01  0.7496206E-04
 -0.2794654E+01  0.9066646E-04
 -0.1059372E+01  0.2728651E-04
  0.3354627E+01 -0.8642753E-04
 -0.2988839E+00  0.9703522E-05
  0.2775948E+01 -0.7154427E-04
  0.1911845E+01 -0.6190147E-04
 -0.1713870E+01  0.4417316E-04
 -0.3585507E+00  0.9210443E-05
 -0.3171394E+01  0.8786649E-04
  0.2983686E+00 -0.9650582E-05
  0.3172864E+01 -0.8775333E-04
  0.1059202E+01 -0.2734070E-04
  0.2610538E+01 -0.8449586E-04
  0.2986234E+01 -0.8908289E-04
 -0.1526178E+01  0.4559249E-04
  0.2043005E+01 -0.6098169E-04
  0.2789520E+01 -0.8323030E-04
 -0.1002129E+01  0.2772782E-04
 -0.2623077E+01  0.7264043E-04
  0.1621746E+01 -0.4489572E-04
  0.3702567E+01 -0.8374413E-04
  0.2470397E+01 -0.7372411E-04
 -0.9433454E+00  0.2817673E-04
  0.1526314E+01 -0.4556773E-04
 -0.2961954E+01  0.8204304E-04
  0.2964099E+01 -0.8199090E-04
  0.1001970E+01 -0.2775090E-04
  0.9430811E+00 -0.2816148E-04
 -0.2788270E+01  0.8333731E-04
 -0.2169580E+01  0.6006873E-04
 -0.3192688E+00  0.9533602E-05
  0.3387223E+00 -0.9396234E-05
 -0.2042329E+01  0.6102022E-04
 -0.2469246E+01  0.7378710E-04
  0.3188202E+00 -0.9523194E-05
 -0.3391572E+00  0.9369487E-05
 -0.1621277E+01  0.4487686E-04
  0.2625259E+01 -0.7263198E-04
  0.2170941E+01 -0.6007966E-04
  0.4450794E-01  0.1939388E-05
 -0.3365479E+00  0.2110373E-04
  0.3468549E+00 -0.1707892E-04
  0.3120193E+00 -0.1184738E-04
  0.4518860E+00 -0.1907503E-04
  0.5383284E+00 -0.2353389E-04
  0.6219941E+00 -0.2786670E-04
  0.7029749E+00 -0.3206230E-04
  0.7808673E+00 -0.3609951E-04
  0.8553095E+00 -0.3996519E-04
  0.9260168E+00 -0.4363594E-04
  0.9926722E+00 -0.4709794E-04
  0.1054997E+01 -0.5033336E-04
  0.1112728E+01 -0.5332697E-04
  0.1165619E+01 -0.5607232E-04
  0.1213409E+01 -0.5855256E-04
  0.1255943E+01 -0.6076190E-04
  0.1293013E+01 -0.6268011E-04
  0.1324429E+01 -0.6431090E-04
  0.1350059E+01 -0.6564115E-04
  0.1369778E+01 -0.6666601E-04
  0.1383457E+01 -0.6736466E-04
  0.1387746E+01 -0.6755742E-04
  0.1359325E+01 -0.6586860E-04
 -0.2241324E+00  0.1581677E-04
  0.1319171E+01 -0.6385244E-04
 -0.6275389E+00  0.3409247E-04
  0.1227333E+01 -0.5914815E-04
 -0.4841614E+00  0.2924090E-04
  0.1087483E+01 -0.5195376E-04
 -0.8937693E+00  0.4589314E-04
  0.9049695E+00 -0.4255858E-04
 -0.7252880E+00  0.4166432E-04
  0.6869746E+00 -0.3132733E-04
 -0.1125114E+01  0.5607361E-04
  0.4419469E+00 -0.1870027E-04
 -0.9381059E+00  0.5261080E-04
  0.1795384E+00 -0.5175450E-05
 -0.1312272E+01  0.6423296E-04
 -0.8987059E-01  0.8715561E-05
 -0.1114177E+01  0.6165644E-04
 -0.3557572E+00  0.2242738E-04
 -0.1447831E+01  0.7004917E-04
 -0.6076854E+00  0.3542217E-04
 -0.1246400E+01  0.6845346E-04
 -0.8358063E+00  0.4719048E-04
 -0.1526496E+01  0.7329068E-04
 -0.1031134E+01  0.5726824E-04
 -0.1329532E+01  0.7272758E-04
 -0.1186018E+01  0.6526592E-04
 -0.1545472E+01  0.7383421E-04
 -0.1294334E+01  0.7086416E-04
 -0.1360677E+01  0.7431347E-04
 -0.1351796E+01  0.7384187E-04
 -0.1503862E+01  0.7166193E-04
 -0.1356148E+01  0.7409339E-04
 -0.1338515E+01  0.7314754E-04
 -0.1307471E+01  0.7159841E-04
 -0.1403196E+01  0.6685011E-04
 -0.1207497E+01  0.6645881E-04
 -0.1263746E+01  0.6927431E-04
 -0.1060011E+01  0.5888219E-04
 -0.1247439E+01  0.5959998E-04
 -0.8708553E+00  0.4915305E-04
 -0.1139341E+01  0.6285211E-04
 -0.6476077E+00  0.3766560E-04
 -0.1042721E+01  0.5018126E-04
 -0.3990782E+00  0.2485310E-04
 -0.9702044E+00  0.5412365E-04
 -0.1350179E+00  0.1121628E-04
 -0.4543872E-01  0.6585856E-05
  0.1542538E+01 -0.6472116E-04
 -0.7970558E+00  0.3896447E-04
  0.1186493E+01 -0.6273729E-04
 -0.7630202E+00  0.4343239E-04
  0.1090583E+01 -0.5705180E-04
 -0.5201162E+00  0.2639561E-04
  0.9519593E+00 -0.4897310E-04
 -0.5258998E+00  0.3120409E-04
  0.7760050E+00 -0.3881460E-04
 -0.2227556E+00  0.1296087E-04
  0.5696546E+00 -0.2697089E-04
 -0.2681881E+00  0.1790902E-04
  0.3408533E+00 -0.1391432E-04
  0.8337792E-01 -0.8040481E-06
  0.9871747E-01 -0.1541189E-06
  0.4836511E-04  0.4076960E-05
 -0.1472595E+00  0.1376970E-04
  0.3862427E+00 -0.1436029E-04
 -0.3874659E+00  0.2731098E-04
  0.2682977E+00 -0.9752043E-05
 -0.6125103E+00  0.3993892E-04
  0.6739604E+00 -0.2718103E-04
 -0.8135831E+00  0.5115135E-04
  0.5260561E+00 -0.2303159E-04
 -0.9827684E+00  0.6051479E-04
  0.9351234E+00 -0.3875584E-04
 -0.1113398E+01  0.6765603E-04
  0.7631193E+00 -0.3524631E-04
 -0.1200270E+01  0.7230620E-04
  0.1159517E+01 -0.4863193E-04
 -0.1239961E+01  0.7427300E-04
  0.9701595E+00 -0.4591176E-04
 -0.1230972E+01  0.7348473E-04
  0.1338408E+01 -0.5642273E-04
 -0.1173856E+01  0.6996507E-04
  0.1139172E+01 -0.5460789E-04
 -0.1070560E+01  0.6386279E-04
  0.1464928E+01 -0.6181837E-04
 -0.9251521E+00  0.5541365E-04
  0.1263552E+01 -0.6100086E-04
 -0.7434081E+00  0.4494592E-04
  0.1534041E+01 -0.6460054E-04
 -0.5326170E+00  0.3287623E-04
  0.1338481E+01 -0.6482747E-04
 -0.3011586E+00  0.1965729E-04
  0.2235927E+00 -0.7289764E-05
  0.1236011E+01 -0.6579574E-04
  0.1343728E+00 -0.2691539E-05
  0.0000000E+00  0.0000000E+00
  0.0000000E+00  0.0000000E+00
  0.0000000E+00  0.0000000E+00
  0.0000000E+00  0.0000000E+00
  0.0000000E+00  0.0000000E+00
  0.0000000E+00  0.0000000E+00
  0.0000000E+00  0.0000000E+00
  0.0000000E+00  0.0000000E+00
  0.0000000E+00  0.0000000E+00
  0.0000000E+00  0.0000000E+00
  0.0000000E+00  0.0000000E+00
  0.0000000E+00  0.0000000E+00
  0.0000000E+00  0.0000000E+00
  0.0000000E+00  0.0000000E+00
  0.0000000E+00  0.0000000E+00
  0.0000000E+00  0.0000000E+00
  0.0000000E+00  0.0000000E+00
  0.0000000E+00  0.0000000E+00
  0.0000000E+00  0.0000000E+00
  0.0000000E+00  0.0000000E+00
  0.0000000E+00  0.0000000E+00
  0.0000000E+00  0.0000000E+00
  0.0000000E+00  0.0000000E+00
  0.0000000E+00  0.0000000E+00
  0.0000000E+00  0.0000000E+00
  0.0000000E+00  0.0000000E+00
  0.0000000E+00  0.0000000E+00
  0.0000000E+00  0.0000000E+00
  0.0000000E+00  0.0000000E+00
  0.0000000E+00  0.0000000E+00
  0.0000000E+00  0.0000000E+00
  0.0000000E+00  0.0000000E+00
  0.0000000E+00  0.0000000E+00
  0.0000000E+00  0.0000000E+00
  0.0000000E+00  0.0000000E+00
  0.0000000E+00  0.0000000E+00
  0.0000000E+00  0.0000000E+00
  0.0000000E+00  0.0000000E+00
  0.0000000E+00  0.0000000E+00
  0.0000000E+00  0.0000000E+00
  0.0000000E+00  0.0000000E+00
  0.0000000E+00  0.0000000E+00
  0.0000000E+00  0.0000000E+00
  0.0000000E+00  0.0000000E+00
  0.0000000E+00  0.0000000E+00
  0.0000000E+00  0.0000000E+00
  0.0000000E+00  0.0000000E+00
  0.0000000E+00  0.0000000E+00
  0.0000000E+00  0.0000000E+00
  0.0000000E+00  0.0000000E+00
  0.0000000E+00  0.0000000E+00
  0.0000000E+00  0.0000000E+00
  0.0000000E+00  0.0000000E+00
  0.0000000E+00  0.0000000E+00
  0.0000000E+00  0.0000000E+00
  0.0000000E+00  0.0000000E+00
  0.0000000E+00  0.0000000E+00
  0.0000000E+00  0.0000000E+00
  0.0000000E+00  0.0000000E+00
  0.0000000E+00  0.0000000E+00
  0.0000000E+00  0.0000000E+00
  0.0000000E+00  0.0000000E+00
  0.0000000E+00  0.0000000E+00
  0.0000000E+00  0.0000000E+00
  0.0000000E+00  0.0000000E+00
  0.0000000E+00  0.0000000E+00
  0.0000000E+00  0.0000000E+00
  0.0000000E+00  0.0000000E+00
  0.0000000E+00  0.0000000E+00
  0.0000000E+00  0.0000000E+00
  0.0000000E+00  0.0000000E+00
  0.0000000E+00  0.0000000E+00
  0.0000000E+00  0.0000000E+00
  0.0000000E+00  0.0000000E+00
  0.0000000E+00  0.0000000E+00
  0.0000000E+00  0.0000000E+00
  0.0000000E+00  0.0000000E+00
  0.0000000E+00  0.0000000E+00
  0.0000000E+00  0.0000000E+00
  0.0000000E+00  0.0000000E+00
  0.0000000E+00  0.0000000E+00
  0.0000000E+00  0.0000000E+00
  0.0000000E+00  0.0000000E+00
  0.0000000E+00  0.0000000E+00
  0.0000000E+00  0.0000000E+00
  0.0000000E+00  0.0000000E+00
  0.0000000E+00  0.0000000E+00
  0.0000000E+00  0.0000000E+00
  0.0000000E+00  0.0000000E+00
  0.0000000E+00  0.0000000E+00
  0.0000000E+00  0.0000000E+00
  0.0000000E+00  0.0000000E+00
  0.0000000E+00  0.0000000E+00
  0.0000000E+00  0.0000000E+00
  0.0000000E+00  0.0000000E+00
  0.0000000E+00  0.0000000E+00
  0.0000000E+00  0.0000000E+00
  0.0000000E+00  0.0000000E+00
  0.0000000E+00  0.0000000E+00
  0.0000000E+00  0.0000000E+00
  0.0000000E+00  0.0000000E+00
  0.0000000E+00  0.0000000E+00
  0.0000000E+00  0.0000000E+00
  0.0000000E+00  0.0000000E+00
  0.0000000E+00  0.0000000E+00
  0.0000000E+00  0.0000000E+00
  0.0000000E+00  0.0000000E+00
  0.0000000E+00  0.0000000E+00
  0.0000000E+00  0.0000000E+00
  0.0000000E+00  0.0000000E+00
  0.0000000E+00  0.0000000E+00
  0.0000000E+00  0.0000000E+00
  0.0000000E+00  0.0000000E+00
  0.0000000E+00  0.0000000E+00
  0.0000000E+00  0.0000000E+00
  0.0000000E+00  0.0000000E+00
  0.0000000E+00  0.0000000E+00
  0.0000000E+00  0.0000000E+00
  0.0000000E+00  0.0000000E+00
  0.0000000E+00  0.0000000E+00
  0.0000000E+00  0.0000000E+00
  0.0000000E+00  0.0000000E+00
  0.0000000E+00  0.0000000E+00
  0.0000000E+00  0.0000000E+00
  0.0000000E+00  0.0000000E+00
  0.0000000E+00  0.0000000E+00
  0.0000000E+00  0.0000000E+00
  0.0000000E+00  0.0000000E+00
  0.0000000E+00  0.0000000E+00
  0.0000000E+00  0.0000000E+00
  0.0000000E+00  0.0000000E+00
  0.0000000E+00  0.0000000E+00
  0.0000000E+00  0.0000000E+00
  0.0000000E+00  0.0000000E+00
  0.0000000E+00  0.0000000E+00
  0.0000000E+00  0.0000000E+00
  0.0000000E+00  0.0000000E+00
  0.0000000E+00  0.0000000E+00
  0.0000000E+00  0.0000000E+00
  0.0000000E+00  0.0000000E+00
  0.0000000E+00  0.0000000E+00
  0.0000000E+00  0.0000000E+00
  0.0000000E+00  0.0000000E+00
  0.0000000E+00  0.0000000E+00
  0.0000000E+00  0.0000000E+00
  0.0000000E+00  0.0000000E+00
  0.0000000E+00  0.0000000E+00
  0.0000000E+00  0.0000000E+00
  0.0000000E+00  0.0000000E+00
  0.0000000E+00  0.0000000E+00
  0.0000000E+00  0.0000000E+00
  0.0000000E+00  0.0000000E+00
  0.0000000E+00  0.0000000E+00
  0.0000000E+00  0.0000000E+00
  0.0000000E+00  0.0000000E+00
  0.0000000E+00  0.0000000E+00
  0.0000000E+00  0.0000000E+00
  0.0000000E+00  0.0000000E+00
  0.0000000E+00  0.0000000E+00
  0.0000000E+00  0.0000000E+00
  0.0000000E+00  0.0000000E+00
  0.0000000E+00  0.0000000E+00
  0.0000000E+00  0.0000000E+00
  0.0000000E+00  0.0000000E+00
  0.0000000E+00  0.0000000E+00
  0.0000000E+00  0.0000000E+00
  0.0000000E+00  0.0000000E+00
  0.0000000E+00  0.0000000E+00
  0.0000000E+00  0.0000000E+00
  0.0000000E+00  0.0000000E+00
  0.0000000E+00  0.0000000E+00
  0.0000000E+00  0.0000000E+00
  0.0000000E+00  0.0000000E+00
  0.0000000E+00  0.0000000E+00
  0.0000000E+00  0.0000000E+00
  0.0000000E+00  0.0000000E+00
  0.0000000E+00  0.0000000E+00
  0.0000000E+00  0.0000000E+00
  0.0000000E+00  0.0000000E+00
  0.0000000E+00  0.0000000E+00
  0.0000000E+00  0.0000000E+00
  0.0000000E+00  0.0000000E+00
  0.0000000E+00  0.0000000E+00
  0.0000000E+00  0.0000000E+00
  0.0000000E+00  0.0000000E+00
  0.0000000E+00  0.0000000E+00
  0.0000000E+00  0.0000000E+00
  0.0000000E+00  0.0000000E+00
  0.0000000E+00  0.0000000E+00
  0.0000000E+00  0.0000000E+00
  0.0000000E+00  0.0000000E+00
  0.0000000E+00  0.0000000E+00
  0.0000000E+00  0.0000000E+00
  0.0000000E+00  0.0000000E+00
  0.0000000E+00  0.0000000E+00
  0.0000000E+00  0.0000000E+00
  0.0000000E+00  0.0000000E+00
  0.0000000E+00  0.0000000E+00
  0.0000000E+00  0.0000000E+00
  0.0000000E+00  0.0000000E+00
  0.0000000E+00  0.0000000E+00
  0.0000000E+00  0.0000000E+00
  0.0000000E+00  0.0000000E+00
  0.0000000E+00  0.0000000E+00
  0.0000000E+00  0.0000000E+00
  0.0000000E+00  0.0000000E+00
  0.0000000E+00  0.0000000E+00
  0.0000000E+00  0.0000000E+00
  0.0000000E+00  0.0000000E+00
  0.0000000E+00  0.0000000E+00
  0.0000000E+00  0.0000000E+00
  0.0000000E+00  0.0000000E+00
  0.0000000E+00  0.0000000E+00
  0.0000000E+00  0.0000000E+00
  0.0000000E+00  0.0000000E+00
  0.0000000E+00  0.0000000E+00
  0.0000000E+00  0.0000000E+00
  0.0000000E+00  0.0000000E+00
  0.0000000E+00  0.0000000E+00
  0.0000000E+00  0.0000000E+00
  0.0000000E+00  0.0000000E+00
  0.0000000E+00  0.0000000E+00
  0.0000000E+00  0.0000000E+00
  0.0000000E+00  0.0000000E+00
  0.0000000E+00  0.0000000E+00
  0.0000000E+00  0.0000000E+00
  0.0000000E+00  0.0000000E+00
  0.0000000E+00  0.0000000E+00
  0.0000000E+00  0.0000000E+00
  0.0000000E+00  0.0000000E+00
  0.0000000E+00  0.0000000E+00
  0.0000000E+00  0.0000000E+00
  0.0000000E+00  0.0000000E+00
  0.0000000E+00  0.0000000E+00
  0.0000000E+00  0.0000000E+00
  0.0000000E+00  0.0000000E+00
  0.0000000E+00  0.0000000E+00
  0.0000000E+00  0.0000000E+00
  0.0000000E+00  0.0000000E+00
  0.0000000E+00  0.0000000E+00
  0.0000000E+00  0.0000000E+00
  0.0000000E+00  0.0000000E+00
  0.0000000E+00  0.0000000E+00
  0.0000000E+00  0.0000000E+00
  0.0000000E+00  0.0000000E+00
  0.0000000E+00  0.0000000E+00
  0.0000000E+00  0.0000000E+00
  0.0000000E+00  0.0000000E+00
  0.0000000E+00  0.0000000E+00
  0.0000000E+00  0.0000000E+00
  0.0000000E+00  0.0000000E+00
  0.0000000E+00  0.0000000E+00
  0.0000000E+00  0.0000000E+00
  0.0000000E+00  0.0000000E+00
  0.0000000E+00  0.0000000E+00
  0.0000000E+00  0.0000000E+00
  0.0000000E+00  0.0000000E+00
  0.0000000E+00  0.0000000E+00
  0.0000000E+00  0.0000000E+00
  0.0000000E+00  0.0000000E+00
  0.0000000E+00  0.0000000E+00
  0.0000000E+00  0.0000000E+00
  0.0000000E+00  0.0000000E+00
  0.0000000E+00  0.0000000E+00
  0.0000000E+00  0.0000000E+00
  0.0000000E+00  0.0000000E+00
  0.0000000E+00  0.0000000E+00
  0.0000000E+00  0.0000000E+00
  0.0000000E+00  0.0000000E+00
  0.0000000E+00  0.0000000E+00
  0.0000000E+00  0.0000000E+00
  0.0000000E+00  0.0000000E+00
  0.0000000E+00  0.0000000E+00
  0.0000000E+00  0.0000000E+00
  0.0000000E+00  0.0000000E+00
  0.0000000E+00  0.0000000E+00
  0.0000000E+00  0.0000000E+00
  0.0000000E+00  0.0000000E+00
  0.0000000E+00  0.0000000E+00
  0.0000000E+00  0.0000000E+00
  0.0000000E+00  0.0000000E+00
  0.0000000E+00  0.0000000E+00
  0.0000000E+00  0.0000000E+00
  0.0000000E+00  0.0000000E+00
  0.0000000E+00  0.0000000E+00
  0.0000000E+00  0.0000000E+00
  0.0000000E+00  0.0000000E+00
  0.0000000E+00  0.0000000E+00
  0.0000000E+00  0.0000000E+00
  0.0000000E+00  0.0000000E+00
  0.0000000E+00  0.0000000E+00
  0.0000000E+00  0.0000000E+00
  0.0000000E+00  0.0000000E+00
  0.0000000E+00  0.0000000E+00
  0.0000000E+00  0.0000000E+00
  0.0000000E+00  0.0000000E+00
  0.0000000E+00  0.0000000E+00
  0.0000000E+00  0.0000000E+00
  0.0000000E+00  0.0000000E+00
  0.0000000E+00  0.0000000E+00
  0.0000000E+00  0.0000000E+00
  0.0000000E+00  0.0000000E+00
  0.0000000E+00  0.0000000E+00
  0.0000000E+00  0.0000000E+00
  0.0000000E+00  0.0000000E+00
  0.0000000E+00  0.0000000E+00
  0.0000000E+00  0.0000000E+00
  0.0000000E+00  0.0000000E+00
  0.0000000E+00  0.0000000E+00
  0.0000000E+00  0.0000000E+00
  0.0000000E+00  0.0000000E+00
  0.0000000E+00  0.0000000E+00
  0.0000000E+00  0.0000000E+00
  0.0000000E+00  0.0000000E+00
  0.0000000E+00  0.0000000E+00
  0.0000000E+00  0.0000000E+00
  0.0000000E+00  0.0000000E+00
  0.0000000E+00  0.0000000E+00
  0.0000000E+00  0.0000000E+00
  0.0000000E+00  0.0000000E+00
  0.0000000E+00  0.0000000E+00
  0.0000000E+00  0.0000000E+00
  0.0000000E+00  0.0000000E+00
  0.0000000E+00  0.0000000E+00
  0.0000000E+00  0.0000000E+00
  0.0000000E+00  0.0000000E+00
  0.0000000E+00  0.0000000E+00
  0.0000000E+00  0.0000000E+00
  0.0000000E+00  0.0000000E+00
  0.0000000E+00  0.0000000E+00
  0.0000000E+00  0.0000000E+00
  0.0000000E+00  0.0000000E+00
  0.0000000E+00  0.0000000E+00
  0.0000000E+00  0.0000000E+00
  0.0000000E+00  0.0000000E+00
  0.0000000E+00  0.0000000E+00
  0.0000000E+00  0.0000000E+00
  0.0000000E+00  0.0000000E+00
  0.0000000E+00  0.0000000E+00
  0.0000000E+00  0.0000000E+00
  0.0000000E+00  0.0000000E+00
  0.0000000E+00  0.0000000E+00
  0.0000000E+00  0.0000000E+00
  0.0000000E+00  0.0000000E+00
  0.0000000E+00  0.0000000E+00
  0.0000000E+00  0.0000000E+00
  0.0000000E+00  0.0000000E+00
  0.0000000E+00  0.0000000E+00
  0.0000000E+00  0.0000000E+00
  0.0000000E+00  0.0000000E+00
  0.0000000E+00  0.0000000E+00
  0.0000000E+00  0.0000000E+00
  0.0000000E+00  0.0000000E+00
  0.0000000E+00  0.0000000E+00
  0.0000000E+00  0.0000000E+00
  0.0000000E+00  0.0000000E+00
  0.0000000E+00  0.0000000E+00
  0.0000000E+00  0.0000000E+00
  0.0000000E+00  0.0000000E+00
  0.0000000E+00  0.0000000E+00
  0.0000000E+00  0.0000000E+00
  0.0000000E+00  0.0000000E+00
  0.0000000E+00  0.0000000E+00
  0.0000000E+00  0.0000000E+00
  0.0000000E+00  0.0000000E+00
  0.0000000E+00  0.0000000E+00
  0.0000000E+00  0.0000000E+00
  0.0000000E+00  0.0000000E+00
  0.0000000E+00  0.0000000E+00
  0.0000000E+00  0.0000000E+00
  0.0000000E+00  0.0000000E+00
  0.0000000E+00  0.0000000E+00
  0.0000000E+00  0.0000000E+00
  0.0000000E+00  0.0000000E+00
  0.0000000E+00  0.0000000E+00
  0.0000000E+00  0.0000000E+00
  0.0000000E+00  0.0000000E+00
  0.0000000E+00  0.0000000E+00
  0.0000000E+00  0.0000000E+00
  0.0000000E+00  0.0000000E+00
  0.0000000E+00  0.0000000E+00
  0.0000000E+00  0.0000000E+00
  0.0000000E+00  0.0000000E+00
  0.0000000E+00  0.0000000E+00
  0.0000000E+00  0.0000000E+00
  0.0000000E+00  0.0000000E+00
  0.0000000E+00  0.0000000E+00
  0.0000000E+00  0.0000000E+00
  0.0000000E+00  0.0000000E+00
  0.0000000E+00  0.0000000E+00
  0.0000000E+00  0.0000000E+00
  0.0000000E+00  0.0000000E+00
  0.0000000E+00  0.0000000E+00
  0.0000000E+00  0.0000000E+00
  0.0000000E+00  0.0000000E+00
  0.0000000E+00  0.0000000E+00
  0.0000000E+00  0.0000000E+00
  0.0000000E+00  0.0000000E+00
  0.0000000E+00  0.0000000E+00
  0.0000000E+00  0.0000000E+00
  0.0000000E+00  0.0000000E+00
  0.0000000E+00  0.0000000E+00
  0.0000000E+00  0.0000000E+00
  0.0000000E+00  0.0000000E+00
  0.0000000E+00  0.0000000E+00
  0.0000000E+00  0.0000000E+00
  0.0000000E+00  0.0000000E+00
  0.0000000E+00  0.0000000E+00
  0.0000000E+00  0.0000000E+00
  0.0000000E+00  0.0000000E+00
  0.0000000E+00  0.0000000E+00
  0.0000000E+00  0.0000000E+00
  0.0000000E+00  0.0000000E+00
  0.0000000E+00  0.0000000E+00
  0.0000000E+00  0.0000000E+00
  0.0000000E+00  0.0000000E+00
  0.0000000E+00  0.0000000E+00
  0.0000000E+00  0.0000000E+00
  0.0000000E+00  0.0000000E+00
  0.0000000E+00  0.0000000E+00
  0.0000000E+00  0.0000000E+00
  0.0000000E+00  0.0000000E+00
  0.0000000E+00  0.0000000E+00
  0.0000000E+00  0.0000000E+00
  0.0000000E+00  0.0000000E+00
  0.0000000E+00  0.0000000E+00
  0.0000000E+00  0.0000000E+00
  0.0000000E+00  0.0000000E+00
  0.0000000E+00  0.0000000E+00
  0.0000000E+00  0.0000000E+00
  0.0000000E+00  0.0000000E+00
  0.0000000E+00  0.0000000E+00
  0.0000000E+00  0.0000000E+00
  0.0000000E+00  0.0000000E+00
  0.0000000E+00  0.0000000E+00
  0.0000000E+00  0.0000000E+00
  0.0000000E+00  0.0000000E+00
  0.0000000E+00  0.0000000E+00
  0.0000000E+00  0.0000000E+00
  0.0000000E+00  0.0000000E+00
  0.0000000E+00  0.0000000E+00
  0.0000000E+00  0.0000000E+00
  0.0000000E+00  0.0000000E+00
  0.0000000E+00  0.0000000E+00
  0.0000000E+00  0.0000000E+00
  0.0000000E+00  0.0000000E+00
  0.0000000E+00  0.0000000E+00
  0.0000000E+00  0.0000000E+00
  0.0000000E+00  0.0000000E+00
  0.0000000E+00  0.0000000E+00
  0.0000000E+00  0.0000000E+00
  0.0000000E+00  0.0000000E+00
  0.0000000E+00  0.0000000E+00
  0.0000000E+00  0.0000000E+00
  0.0000000E+00  0.0000000E+00
  0.0000000E+00  0.0000000E+00
  0.0000000E+00  0.0000000E+00
  0.0000000E+00  0.0000000E+00
  0.0000000E+00  0.0000000E+00
  0.0000000E+00  0.0000000E+00
  0.0000000E+00  0.0000000E+00
  0.0000000E+00  0.0000000E+00
  0.0000000E+00  0.0000000E+00
  0.0000000E+00  0.0000000E+00
  0.0000000E+00  0.0000000E+00
  0.0000000E+00  0.0000000E+00
  0.0000000E+00  0.0000000E+00
  0.0000000E+00  0.0000000E+00
  0.0000000E+00  0.0000000E+00
  0.0000000E+00  0.0000000E+00
  0.0000000E+00  0.0000000E+00
  0.0000000E+00  0.0000000E+00
  0.0000000E+00  0.0000000E+00
  0.0000000E+00  0.0000000E+00
  0.0000000E+00  0.0000000E+00
  0.0000000E+00  0.0000000E+00
  0.0000000E+00  0.0000000E+00
  0.0000000E+00  0.0000000E+00
  0.0000000E+00  0.0000000E+00
  0.0000000E+00  0.0000000E+00
  0.0000000E+00  0.0000000E+00
  0.0000000E+00  0.0000000E+00
  0.0000000E+00  0.0000000E+00
  0.0000000E+00  0.0000000E+00
  0.0000000E+00  0.0000000E+00
  0.0000000E+00  0.0000000E+00
  0.0000000E+00  0.0000000E+00
  0.0000000E+00  0.0000000E+00
  0.0000000E+00  0.0000000E+00
  0.0000000E+00  0.0000000E+00
  0.0000000E+00  0.0000000E+00
  0.0000000E+00  0.0000000E+00
  0.0000000E+00  0.0000000E+00
  0.0000000E+00  0.0000000E+00
  0.0000000E+00  0.0000000E+00
  0.0000000E+00  0.0000000E+00
  0.0000000E+00  0.0000000E+00
  0.0000000E+00  0.0000000E+00
  0.0000000E+00  0.0000000E+00
  0.0000000E+00  0.0000000E+00
  0.0000000E+00  0.0000000E+00
  0.0000000E+00  0.0000000E+00
  0.0000000E+00  0.0000000E+00
  0.0000000E+00  0.0000000E+00
  0.0000000E+00  0.0000000E+00
  0.0000000E+00  0.0000000E+00
  0.0000000E+00  0.0000000E+00
  0.0000000E+00  0.0000000E+00
  0.0000000E+00  0.0000000E+00
  0.0000000E+00  0.0000000E+00
  0.0000000E+00  0.0000000E+00
  0.0000000E+00  0.0000000E+00
  0.0000000E+00  0.0000000E+00
  0.0000000E+00  0.0000000E+00
  0.0000000E+00  0.0000000E+00
  0.0000000E+00  0.0000000E+00
  0.0000000E+00  0.0000000E+00
  0.0000000E+00  0.0000000E+00
  0.0000000E+00  0.0000000E+00
  0.0000000E+00  0.0000000E+00
  0.0000000E+00  0.0000000E+00
  0.0000000E+00  0.0000000E+00
  0.0000000E+00  0.0000000E+00
  0.0000000E+00  0.0000000E+00
  0.0000000E+00  0.0000000E+00
  0.0000000E+00  0.0000000E+00
  0.0000000E+00  0.0000000E+00
  0.0000000E+00  0.0000000E+00
  0.0000000E+00  0.0000000E+00
  0.0000000E+00  0.0000000E+00
  0.0000000E+00  0.0000000E+00
  0.0000000E+00  0.0000000E+00
  0.0000000E+00  0.0000000E+00
  0.0000000E+00  0.0000000E+00
  0.0000000E+00  0.0000000E+00
  0.0000000E+00  0.0000000E+00
  0.0000000E+00  0.0000000E+00
  0.0000000E+00  0.0000000E+00
  0.0000000E+00  0.0000000E+00
  0.0000000E+00  0.0000000E+00
  0.0000000E+00  0.0000000E+00
  0.0000000E+00  0.0000000E+00
  0.0000000E+00  0.0000000E+00
  0.0000000E+00  0.0000000E+00
  0.0000000E+00  0.0000000E+00
  0.0000000E+00  0.0000000E+00
  0.0000000E+00  0.0000000E+00
  0.0000000E+00  0.0000000E+00
  0.0000000E+00  0.0000000E+00
  0.0000000E+00  0.0000000E+00
  0.0000000E+00  0.0000000E+00
  0.0000000E+00  0.0000000E+00
  0.0000000E+00  0.0000000E+00
  0.0000000E+00  0.0000000E+00
  0.0000000E+00  0.0000000E+00
  0.0000000E+00  0.0000000E+00
  0.0000000E+00  0.0000000E+00
  0.0000000E+00  0.0000000E+00
  0.0000000E+00  0.0000000E+00
  0.0000000E+00  0.0000000E+00
  0.0000000E+00  0.0000000E+00
  0.0000000E+00  0.0000000E+00
  0.0000000E+00  0.0000000E+00
  0.0000000E+00  0.0000000E+00
  0.0000000E+00  0.0000000E+00
  0.0000000E+00  0.0000000E+00
  0.0000000E+00  0.0000000E+00
  0.0000000E+00  0.0000000E+00
  0.0000000E+00  0.0000000E+00
  0.0000000E+00  0.0000000E+00
  0.0000000E+00  0.0000000E+00
  0.0000000E+00  0.0000000E+00
  0.0000000E+00  0.0000000E+00
  0.0000000E+00  0.0000000E+00
  0.0000000E+00  0.0000000E+00
  0.0000000E+00  0.0000000E+00
  0.0000000E+00  0.0000000E+00
  0.0000000E+00  0.0000000E+00
  0.0000000E+00  0.0000000E+00
  0.0000000E+00  0.0000000E+00
  0.0000000E+00  0.0000000E+00
  0.0000000E+00  0.0000000E+00
  0.0000000E+00  0.0000000E+00
  0.0000000E+00  0.0000000E+00
  0.0000000E+00  0.0000000E+00
  0.0000000E+00  0.0000000E+00
  0.0000000E+00  0.0000000E+00
  0.0000000E+00  0.0000000E+00
  0.0000000E+00  0.0000000E+00
  0.0000000E+00  0.0000000E+00
  0.0000000E+00  0.0000000E+00
  0.0000000E+00  0.0000000E+00
  0.0000000E+00  0.0000000E+00
  0.0000000E+00  0.0000000E+00
  0.0000000E+00  0.0000000E+00
  0.0000000E+00  0.0000000E+00
  0.0000000E+00  0.0000000E+00
  0.0000000E+00  0.0000000E+00
  0.0000000E+00  0.0000000E+00
  0.0000000E+00  0.0000000E+00
  0.0000000E+00  0.0000000E+00
  0.0000000E+00  0.0000000E+00
  0.0000000E+00  0.0000000E+00
  0.0000000E+00  0.0000000E+00
  0.0000000E+00  0.0000000E+00
  0.0000000E+00  0.0000000E+00
  0.0000000E+00  0.0000000E+00
  0.0000000E+00  0.0000000E+00
  0.0000000E+00  0.0000000E+00
  0.0000000E+00  0.0000000E+00
  0.0000000E+00  0.0000000E+00
  0.0000000E+00  0.0000000E+00
  0.0000000E+00  0.0000000E+00
  0.0000000E+00  0.0000000E+00
  0.0000000E+00  0.0000000E+00
  0.0000000E+00  0.0000000E+00
  0.0000000E+00  0.0000000E+00
  0.0000000E+00  0.0000000E+00
  0.0000000E+00  0.0000000E+00
  0.0000000E+00  0.0000000E+00
  0.0000000E+00  0.0000000E+00
  0.0000000E+00  0.0000000E+00
  0.0000000E+00  0.0000000E+00
  0.0000000E+00  0.0000000E+00
  0.0000000E+00  0.0000000E+00
  0.0000000E+00  0.0000000E+00
  0.0000000E+00  0.0000000E+00
  0.0000000E+00  0.0000000E+00
  0.0000000E+00  0.0000000E+00
  0.0000000E+00  0.0000000E+00
  0.0000000E+00  0.0000000E+00
  0.0000000E+00  0.0000000E+00
  0.0000000E+00  0.0000000E+00
  0.0000000E+00  0.0000000E+00
  0.0000000E+00  0.0000000E+00
  0.0000000E+00  0.0000000E+00
  0.0000000E+00  0.0000000E+00
  0.0000000E+00  0.0000000E+00
  0.0000000E+00  0.0000000E+00
  0.0000000E+00  0.0000000E+00
  0.0000000E+00  0.0000000E+00
  0.0000000E+00  0.0000000E+00
  0.0000000E+00  0.0000000E+00
  0.0000000E+00  0.0000000E+00
  0.0000000E+00  0.0000000E+00
  0.0000000E+00  0.0000000E+00
  0.0000000E+00  0.0000000E+00
  0.0000000E+00  0.0000000E+00
  0.0000000E+00  0.0000000E+00
  0.0000000E+00  0.0000000E+00
  0.0000000E+00  0.0000000E+00
  0.0000000E+00  0.0000000E+00
  0.0000000E+00  0.0000000E+00
  0.0000000E+00  0.0000000E+00
  0.0000000E+00  0.0000000E+00
  0.0000000E+00  0.0000000E+00
  0.0000000E+00  0.0000000E+00
  0.0000000E+00  0.0000000E+00
  0.0000000E+00  0.0000000E+00
  0.0000000E+00  0.0000000E+00
  0.0000000E+00  0.0000000E+00
  0.0000000E+00  0.0000000E+00
  0.0000000E+00  0.0000000E+00
  0.0000000E+00  0.0000000E+00
  0.0000000E+00  0.0000000E+00
  0.0000000E+00  0.0000000E+00
  0.0000000E+00  0.0000000E+00
  0.0000000E+00  0.0000000E+00
  0.0000000E+00  0.0000000E+00
  0.0000000E+00  0.0000000E+00
  0.0000000E+00  0.0000000E+00
  0.0000000E+00  0.0000000E+00
  0.0000000E+00  0.0000000E+00
  0.0000000E+00  0.0000000E+00
  0.0000000E+00  0.0000000E+00
  0.0000000E+00  0.0000000E+00
  0.0000000E+00  0.0000000E+00
  0.0000000E+00  0.0000000E+00
  0.0000000E+00  0.0000000E+00
  0.0000000E+00  0.0000000E+00
  0.0000000E+00  0.0000000E+00
  0.0000000E+00  0.0000000E+00
  0.0000000E+00  0.0000000E+00
  0.0000000E+00  0.0000000E+00
  0.0000000E+00  0.0000000E+00
  0.0000000E+00  0.0000000E+00
  0.0000000E+00  0.0000000E+00
  0.0000000E+00  0.0000000E+00
  0.0000000E+00  0.0000000E+00
  0.0000000E+00  0.0000000E+00
  0.0000000E+00  0.0000000E+00
  0.0000000E+00  0.0000000E+00
  0.0000000E+00  0.0000000E+00
  0.0000000E+00  0.0000000E+00
  0.0000000E+00  0.0000000E+00
  0.0000000E+00  0.0000000E+00
  0.0000000E+00  0.0000000E+00
  0.0000000E+00  0.0000000E+00
  0.0000000E+00  0.0000000E+00
  0.0000000E+00  0.0000000E+00
  0.0000000E+00  0.0000000E+00
  0.0000000E+00  0.0000000E+00
  0.0000000E+00  0.0000000E+00
  0.0000000E+00  0.0000000E+00
  0.0000000E+00  0.0000000E+00
  0.0000000E+00  0.0000000E+00
  0.0000000E+00  0.0000000E+00
  0.0000000E+00  0.0000000E+00
  0.0000000E+00  0.0000000E+00
  0.0000000E+00  0.0000000E+00
  0.0000000E+00  0.0000000E+00
  0.0000000E+00  0.0000000E+00
  0.0000000E+00  0.0000000E+00
  0.0000000E+00  0.0000000E+00
  0.0000000E+00  0.0000000E+00
  0.0000000E+00  0.0000000E+00
  0.0000000E+00  0.0000000E+00
  0.0000000E+00  0.0000000E+00
  0.0000000E+00  0.0000000E+00
  0.0000000E+00  0.0000000E+00
  0.0000000E+00  0.0000000E+00
  0.0000000E+00  0.0000000E+00
  0.0000000E+00  0.0000000E+00
  0.0000000E+00  0.0000000E+00
  0.0000000E+00  0.0000000E+00
  0.0000000E+00  0.0000000E+00
  0.0000000E+00  0.0000000E+00
  0.0000000E+00  0.0000000E+00
  0.0000000E+00  0.0000000E+00
  0.0000000E+00  0.0000000E+00
  0.0000000E+00  0.0000000E+00
  0.0000000E+00  0.0000000E+00
  0.0000000E+00  0.0000000E+00
  0.0000000E+00  0.0000000E+00
  0.0000000E+00  0.0000000E+00
  0.0000000E+00  0.0000000E+00
  0.0000000E+00  0.0000000E+00
  0.0000000E+00  0.0000000E+00
  0.0000000E+00  0.0000000E+00
  0.0000000E+00  0.0000000E+00
  0.0000000E+00  0.0000000E+00
  0.0000000E+00  0.0000000E+00
  0.0000000E+00  0.0000000E+00
  0.0000000E+00  0.0000000E+00
  0.0000000E+00  0.0000000E+00
  0.0000000E+00  0.0000000E+00
  0.0000000E+00  0.0000000E+00
  0.0000000E+00  0.0000000E+00
  0.0000000E+00  0.0000000E+00
  0.0000000E+00  0.0000000E+00
  0.0000000E+00  0.0000000E+00
  0.0000000E+00  0.0000000E+00
  0.0000000E+00  0.0000000E+00
  0.0000000E+00  0.0000000E+00
  0.0000000E+00  0.0000000E+00
  0.0000000E+00  0.0000000E+00
  0.0000000E+00  0.0000000E+00
  0.0000000E+00  0.0000000E+00
  0.0000000E+00  0.0000000E+00
  0.0000000E+00  0.0000000E+00
  0.0000000E+00  0.0000000E+00
  0.0000000E+00  0.0000000E+00
  0.0000000E+00  0.0000000E+00
  0.0000000E+00  0.0000000E+00
  0.0000000E+00  0.0000000E+00
  0.0000000E+00  0.0000000E+00
  0.0000000E+00  0.0000000E+00
  0.0000000E+00  0.0000000E+00
  0.0000000E+00  0.0000000E+00
  0.0000000E+00  0.0000000E+00
  0.0000000E+00  0.0000000E+00
  0.0000000E+00  0.0000000E+00
  0.0000000E+00  0.0000000E+00
  0.0000000E+00  0.0000000E+00
  0.0000000E+00  0.0000000E+00
  0.0000000E+00  0.0000000E+00
  0.0000000E+00  0.0000000E+00
  0.0000000E+00  0.0000000E+00
  0.0000000E+00  0.0000000E+00
  0.0000000E+00  0.0000000E+00
  0.0000000E+00  0.0000000E+00
  0.0000000E+00  0.0000000E+00
  0.0000000E+00  0.0000000E+00
  0.0000000E+00  0.0000000E+00
  0.0000000E+00  0.0000000E+00
  0.0000000E+00  0.0000000E+00
  0.0000000E+00  0.0000000E+00
  0.0000000E+00  0.0000000E+00
  0.0000000E+00  0.0000000E+00
  0.0000000E+00  0.0000000E+00
  0.0000000E+00  0.0000000E+00
  0.0000000E+00  0.0000000E+00
  0.0000000E+00  0.0000000E+00
  0.0000000E+00  0.0000000E+00
  0.0000000E+00  0.0000000E+00
  0.0000000E+00  0.0000000E+00
  0.0000000E+00  0.0000000E+00
  0.0000000E+00  0.0000000E+00
  0.0000000E+00  0.0000000E+00
  0.0000000E+00  0.0000000E+00
  0.0000000E+00  0.0000000E+00
  0.0000000E+00  0.0000000E+00
  0.0000000E+00  0.0000000E+00
  0.0000000E+00  0.0000000E+00
  0.0000000E+00  0.0000000E+00
  0.0000000E+00  0.0000000E+00
  0.0000000E+00  0.0000000E+00
  0.0000000E+00  0.0000000E+00
  0.0000000E+00  0.0000000E+00
  0.0000000E+00  0.0000000E+00
  0.0000000E+00  0.0000000E+00
  0.0000000E+00  0.0000000E+00
  0.0000000E+00  0.0000000E+00
  0.0000000E+00  0.0000000E+00
  0.0000000E+00  0.0000000E+00
  0.0000000E+00  0.0000000E+00
  0.0000000E+00  0.0000000E+00
  0.0000000E+00  0.0000000E+00
  0.0000000E+00  0.0000000E+00
  0.0000000E+00  0.0000000E+00
  0.0000000E+00  0.0000000E+00
  0.0000000E+00  0.0000000E+00
  0.0000000E+00  0.0000000E+00
  0.0000000E+00  0.0000000E+00
  0.0000000E+00  0.0000000E+00
  0.0000000E+00  0.0000000E+00
  0.0000000E+00  0.0000000E+00
  0.0000000E+00  0.0000000E+00
  0.0000000E+00  0.0000000E+00
  0.0000000E+00  0.0000000E+00
  0.0000000E+00  0.0000000E+00
  0.0000000E+00  0.0000000E+00
  0.0000000E+00  0.0000000E+00
  0.0000000E+00  0.0000000E+00
  0.0000000E+00  0.0000000E+00
  0.0000000E+00  0.0000000E+00
  0.0000000E+00  0.0000000E+00
  0.0000000E+00  0.0000000E+00
  0.0000000E+00  0.0000000E+00
  0.0000000E+00  0.0000000E+00
  0.0000000E+00  0.0000000E+00
  0.0000000E+00  0.0000000E+00
  0.0000000E+00  0.0000000E+00
  0.0000000E+00  0.0000000E+00
  0.0000000E+00  0.0000000E+00
  0.0000000E+00  0.0000000E+00
  0.0000000E+00  0.0000000E+00
  0.0000000E+00  0.0000000E+00
  0.0000000E+00  0.0000000E+00
  0.0000000E+00  0.0000000E+00
  0.0000000E+00  0.0000000E+00
  0.0000000E+00  0.0000000E+00
  0.0000000E+00  0.0000000E+00
  0.0000000E+00  0.0000000E+00
  0.0000000E+00  0.0000000E+00
  0.0000000E+00  0.0000000E+00
  0.0000000E+00  0.0000000E+00
  0.0000000E+00  0.0000000E+00
  0.0000000E+00  0.0000000E+00
  0.0000000E+00  0.0000000E+00
  0.0000000E+00  0.0000000E+00
  0.0000000E+00  0.0000000E+00
  0.0000000E+00  0.0000000E+00
  0.0000000E+00  0.0000000E+00
  0.0000000E+00  0.0000000E+00
  0.0000000E+00  0.0000000E+00
  0.0000000E+00  0.0000000E+00
  0.0000000E+00  0.0000000E+00
  0.0000000E+00  0.0000000E+00
  0.0000000E+00  0.0000000E+00
  0.0000000E+00  0.0000000E+00
  0.0000000E+00  0.0000000E+00
  0.0000000E+00  0.0000000E+00
  0.0000000E+00  0.0000000E+00
  0.0000000E+00  0.0000000E+00
  0.0000000E+00  0.0000000E+00
  0.0000000E+00  0.0000000E+00
  0.0000000E+00  0.0000000E+00
  0.0000000E+00  0.0000000E+00
  0.0000000E+00  0.0000000E+00
  0.0000000E+00  0.0000000E+00
  0.0000000E+00  0.0000000E+00
  0.0000000E+00  0.0000000E+00
  0.0000000E+00  0.0000000E+00
  0.0000000E+00  0.0000000E+00
  0.0000000E+00  0.0000000E+00
  0.0000000E+00  0.0000000E+00
  0.0000000E+00  0.0000000E+00
  0.0000000E+00  0.0000000E+00
  0.0000000E+00  0.0000000E+00
  0.0000000E+00  0.0000000E+00
  0.0000000E+00  0.0000000E+00
  0.0000000E+00  0.0000000E+00
  0.0000000E+00  0.0000000E+00
  0.0000000E+00  0.0000000E+00
  0.0000000E+00  0.0000000E+00
  0.0000000E+00  0.0000000E+00
  0.0000000E+00  0.0000000E+00
  0.0000000E+00  0.0000000E+00
  0.0000000E+00  0.0000000E+00
  0.0000000E+00  0.0000000E+00
  0.0000000E+00  0.0000000E+00
  0.0000000E+00  0.0000000E+00
  0.0000000E+00  0.0000000E+00
  0.0000000E+00  0.0000000E+00
  0.0000000E+00  0.0000000E+00
  0.0000000E+00  0.0000000E+00
  0.0000000E+00  0.0000000E+00
  0.0000000E+00  0.0000000E+00
  0.0000000E+00  0.0000000E+00
  0.0000000E+00  0.0000000E+00
  0.0000000E+00  0.0000000E+00
  0.0000000E+00  0.0000000E+00
  0.0000000E+00  0.0000000E+00
  0.0000000E+00  0.0000000E+00
  0.0000000E+00  0.0000000E+00
  0.0000000E+00  0.0000000E+00
  0.0000000E+00  0.0000000E+00
  0.0000000E+00  0.0000000E+00
  0.0000000E+00  0.0000000E+00
  0.0000000E+00  0.0000000E+00
  0.0000000E+00  0.0000000E+00
  0.0000000E+00  0.0000000E+00
  0.0000000E+00  0.0000000E+00
  0.0000000E+00  0.0000000E+00
  0.0000000E+00  0.0000000E+00
  0.0000000E+00  0.0000000E+00
  0.0000000E+00  0.0000000E+00
  0.0000000E+00  0.0000000E+00
  0.0000000E+00  0.0000000E+00
  0.0000000E+00  0.0000000E+00
  0.0000000E+00  0.0000000E+00
  0.0000000E+00  0.0000000E+00
  0.0000000E+00  0.0000000E+00
  0.0000000E+00  0.0000000E+00
  0.0000000E+00  0.0000000E+00
  0.0000000E+00  0.0000000E+00
  0.0000000E+00  0.0000000E+00
  0.0000000E+00  0.0000000E+00
  0.0000000E+00  0.0000000E+00
  0.0000000E+00  0.0000000E+00
  0.0000000E+00  0.0000000E+00
  0.0000000E+00  0.0000000E+00
  0.0000000E+00  0.0000000E+00
  0.0000000E+00  0.0000000E+00
  0.0000000E+00  0.0000000E+00
  0.0000000E+00  0.0000000E+00
  0.0000000E+00  0.0000000E+00
  0.0000000E+00  0.0000000E+00
  0.0000000E+00  0.0000000E+00
  0.0000000E+00  0.0000000E+00
  0.0000000E+00  0.0000000E+00
  0.0000000E+00  0.0000000E+00
  0.0000000E+00  0.0000000E+00
  0.0000000E+00  0.0000000E+00
  0.0000000E+00  0.0000000E+00
  0.0000000E+00  0.0000000E+00
  0.0000000E+00  0.0000000E+00
  0.0000000E+00  0.0000000E+00
  0.0000000E+00  0.0000000E+00
  0.0000000E+00  0.0000000E+00
  0.0000000E+00  0.0000000E+00
  0.0000000E+00  0.0000000E+00
  0.0000000E+00  0.0000000E+00
  0.0000000E+00  0.0000000E+00
  0.0000000E+00  0.0000000E+00
  0.0000000E+00  0.0000000E+00
  0.0000000E+00  0.0000000E+00
  0.0000000E+00  0.0000000E+00
  0.0000000E+00  0.0000000E+00
  0.0000000E+00  0.0000000E+00
  0.0000000E+00  0.0000000E+00
  0.0000000E+00  0.0000000E+00
  0.0000000E+00  0.0000000E+00
  0.0000000E+00  0.0000000E+00
  0.0000000E+00  0.0000000E+00
  0.0000000E+00  0.0000000E+00
  0.0000000E+00  0.0000000E+00
  0.0000000E+00  0.0000000E+00
  0.0000000E+00  0.0000000E+00
  0.0000000E+00  0.0000000E+00
  0.0000000E+00  0.0000000E+00
  0.0000000E+00  0.0000000E+00
  0.0000000E+00  0.0000000E+00
  0.0000000E+00  0.0000000E+00
  0.0000000E+00  0.0000000E+00
  0.0000000E+00  0.0000000E+00
  0.0000000E+00  0.0000000E+00
  0.0000000E+00  0.0000000E+00
  0.0000000E+00  0.0000000E+00
  0.0000000E+00  0.0000000E+00
  0.0000000E+00  0.0000000E+00
  0.0000000E+00  0.0000000E+00
  0.0000000E+00  0.0000000E+00
  0.0000000E+00  0.0000000E+00
  0.0000000E+00  0.0000000E+00
  0.0000000E+00  0.0000000E+00
  0.0000000E+00  0.0000000E+00
  0.0000000E+00  0.0000000E+00
  0.0000000E+00  0.0000000E+00
  0.0000000E+00  0.0000000E+00
  0.0000000E+00  0.0000000E+00
  0.0000000E+00  0.0000000E+00
  0.0000000E+00  0.0000000E+00
  0.0000000E+00  0.0000000E+00
  0.0000000E+00  0.0000000E+00
  0.0000000E+00  0.0000000E+00
  0.0000000E+00  0.0000000E+00
  0.0000000E+00  0.0000000E+00
  0.0000000E+00  0.0000000E+00
  0.0000000E+00  0.0000000E+00
  0.0000000E+00  0.0000000E+00
  0.0000000E+00  0.0000000E+00
  0.0000000E+00  0.0000000E+00
  0.0000000E+00  0.0000000E+00
  0.0000000E+00  0.0000000E+00
  0.0000000E+00  0.0000000E+00
  0.0000000E+00  0.0000000E+00
  0.0000000E+00  0.0000000E+00
  0.0000000E+00  0.0000000E+00
  0.0000000E+00  0.0000000E+00
  0.0000000E+00  0.0000000E+00
  0.0000000E+00  0.0000000E+00
  0.0000000E+00  0.0000000E+00
  0.0000000E+00  0.0000000E+00
  0.0000000E+00  0.0000000E+00
  0.0000000E+00  0.0000000E+00
  0.0000000E+00  0.0000000E+00
  0.0000000E+00  0.0000000E+00
  0.0000000E+00  0.0000000E+00
  0.0000000E+00  0.0000000E+00
  0.0000000E+00  0.0000000E+00
  0.0000000E+00  0.0000000E+00
  0.0000000E+00  0.0000000E+00
  0.0000000E+00  0.0000000E+00
  0.0000000E+00  0.0000000E+00
  0.0000000E+00  0.0000000E+00
  0.0000000E+00  0.0000000E+00
  0.0000000E+00  0.0000000E+00
  0.0000000E+00  0.0000000E+00
  0.0000000E+00  0.0000000E+00
  0.0000000E+00  0.0000000E+00
  0.0000000E+00  0.0000000E+00
  0.0000000E+00  0.0000000E+00
  0.0000000E+00  0.0000000E+00
  0.0000000E+00  0.0000000E+00
  0.0000000E+00  0.0000000E+00
  0.0000000E+00  0.0000000E+00
  0.0000000E+00  0.0000000E+00
  0.0000000E+00  0.0000000E+00
  0.0000000E+00  0.0000000E+00
  0.0000000E+00  0.0000000E+00
  0.0000000E+00  0.0000000E+00
  0.0000000E+00  0.0000000E+00
  0.0000000E+00  0.0000000E+00
  0.0000000E+00  0.0000000E+00
  0.0000000E+00  0.0000000E+00
  0.0000000E+00  0.0000000E+00
  0.0000000E+00  0.0000000E+00
  0.0000000E+00  0.0000000E+00
  0.0000000E+00  0.0000000E+00
  0.0000000E+00  0.0000000E+00
  0.0000000E+00  0.0000000E+00
  0.0000000E+00  0.0000000E+00
  0.0000000E+00  0.0000000E+00
  0.0000000E+00  0.0000000E+00
  0.0000000E+00  0.0000000E+00
  0.0000000E+00  0.0000000E+00
  0.0000000E+00  0.0000000E+00
  0.0000000E+00  0.0000000E+00
  0.0000000E+00  0.0000000E+00
  0.0000000E+00  0.0000000E+00
  0.0000000E+00  0.0000000E+00
  0.0000000E+00  0.0000000E+00
  0.0000000E+00  0.0000000E+00
  0.0000000E+00  0.0000000E+00
  0.0000000E+00  0.0000000E+00
  0.0000000E+00  0.0000000E+00
  0.0000000E+00  0.0000000E+00
  0.0000000E+00  0.0000000E+00
  0.0000000E+00  0.0000000E+00
  0.0000000E+00  0.0000000E+00
  0.0000000E+00  0.0000000E+00
  0.0000000E+00  0.0000000E+00
  0.0000000E+00  0.0000000E+00
  0.0000000E+00  0.0000000E+00
  0.0000000E+00  0.0000000E+00
  0.0000000E+00  0.0000000E+00
  0.0000000E+00  0.0000000E+00
  0.0000000E+00  0.0000000E+00
  0.0000000E+00  0.0000000E+00
  0.0000000E+00  0.0000000E+00
  0.0000000E+00  0.0000000E+00
  0.0000000E+00  0.0000000E+00
  0.0000000E+00  0.0000000E+00
  0.0000000E+00  0.0000000E+00
  0.0000000E+00  0.0000000E+00
  0.0000000E+00  0.0000000E+00
  0.0000000E+00  0.0000000E+00
  0.0000000E+00  0.0000000E+00
  0.0000000E+00  0.0000000E+00
  0.0000000E+00  0.0000000E+00
  0.0000000E+00  0.0000000E+00
  0.0000000E+00  0.0000000E+00
  0.0000000E+00  0.0000000E+00
  0.0000000E+00  0.0000000E+00
  0.0000000E+00  0.0000000E+00
  0.0000000E+00  0.0000000E+00
  0.0000000E+00  0.0000000E+00
  0.0000000E+00  0.0000000E+00
  0.0000000E+00  0.0000000E+00
  0.0000000E+00  0.0000000E+00
  0.0000000E+00  0.0000000E+00
  0.0000000E+00  0.0000000E+00
  0.0000000E+00  0.0000000E+00
  0.0000000E+00  0.0000000E+00
  0.0000000E+00  0.0000000E+00
  0.0000000E+00  0.0000000E+00
  0.0000000E+00  0.0000000E+00
  0.0000000E+00  0.0000000E+00
  0.0000000E+00  0.0000000E+00
  0.0000000E+00  0.0000000E+00
  0.0000000E+00  0.0000000E+00
  0.0000000E+00  0.0000000E+00
  0.0000000E+00  0.0000000E+00
  0.0000000E+00  0.0000000E+00
  0.0000000E+00  0.0000000E+00
  0.0000000E+00  0.0000000E+00
  0.0000000E+00  0.0000000E+00
  0.0000000E+00  0.0000000E+00
  0.0000000E+00  0.0000000E+00
  0.0000000E+00  0.0000000E+00
  0.0000000E+00  0.0000000E+00
  0.0000000E+00  0.0000000E+00
  0.0000000E+00  0.0000000E+00
  0.0000000E+00  0.0000000E+00
  0.0000000E+00  0.0000000E+00
  0.0000000E+00  0.0000000E+00
  0.0000000E+00  0.0000000E+00
  0.0000000E+00  0.0000000E+00
  0.0000000E+00  0.0000000E+00
  0.0000000E+00  0.0000000E+00
  0.0000000E+00  0.0000000E+00
  0.0000000E+00  0.0000000E+00
  0.0000000E+00  0.0000000E+00
  0.0000000E+00  0.0000000E+00
  0.0000000E+00  0.0000000E+00
  0.0000000E+00  0.0000000E+00
  0.0000000E+00  0.0000000E+00
  0.0000000E+00  0.0000000E+00
  0.0000000E+00  0.0000000E+00
  0.0000000E+00  0.0000000E+00
  0.0000000E+00  0.0000000E+00
  0.0000000E+00  0.0000000E+00
  0.0000000E+00  0.0000000E+00
  0.0000000E+00  0.0000000E+00
  0.0000000E+00  0.0000000E+00
  0.0000000E+00  0.0000000E+00
  0.0000000E+00  0.0000000E+00
  0.0000000E+00  0.0000000E+00
  0.0000000E+00  0.0000000E+00
  0.0000000E+00  0.0000000E+00
  0.0000000E+00  0.0000000E+00
  0.0000000E+00  0.0000000E+00
  0.0000000E+00  0.0000000E+00
  0.0000000E+00  0.0000000E+00
  0.0000000E+00  0.0000000E+00
  0.0000000E+00  0.0000000E+00
  0.0000000E+00  0.0000000E+00
  0.0000000E+00  0.0000000E+00
  0.0000000E+00  0.0000000E+00
  0.0000000E+00  0.0000000E+00
  0.0000000E+00  0.0000000E+00
  0.0000000E+00  0.0000000E+00
  0.0000000E+00  0.0000000E+00
  0.0000000E+00  0.0000000E+00
  0.0000000E+00  0.0000000E+00
  0.0000000E+00  0.0000000E+00
  0.0000000E+00  0.0000000E+00
  0.0000000E+00  0.0000000E+00
  0.0000000E+00  0.0000000E+00
  0.0000000E+00  0.0000000E+00
  0.0000000E+00  0.0000000E+00
  0.0000000E+00  0.0000000E+00
  0.0000000E+00  0.0000000E+00
  0.0000000E+00  0.0000000E+00
  0.0000000E+00  0.0000000E+00
  0.0000000E+00  0.0000000E+00
  0.0000000E+00  0.0000000E+00
  0.0000000E+00  0.0000000E+00
  0.0000000E+00  0.0000000E+00
  0.0000000E+00  0.0000000E+00
  0.0000000E+00  0.0000000E+00
  0.0000000E+00  0.0000000E+00
  0.0000000E+00  0.0000000E+00
  0.0000000E+00  0.0000000E+00
  0.0000000E+00  0.0000000E+00
  0.0000000E+00  0.0000000E+00
  0.0000000E+00  0.0000000E+00
  0.0000000E+00  0.0000000E+00
  0.0000000E+00  0.0000000E+00
  0.0000000E+00  0.0000000E+00
  0.0000000E+00  0.0000000E+00
  0.0000000E+00  0.0000000E+00
  0.0000000E+00  0.0000000E+00
  0.0000000E+00  0.0000000E+00
  0.0000000E+00  0.0000000E+00
  0.0000000E+00  0.0000000E+00
  0.0000000E+00  0.0000000E+00
  0.0000000E+00  0.0000000E+00
  0.0000000E+00  0.0000000E+00
  0.0000000E+00  0.0000000E+00
  0.0000000E+00  0.0000000E+00
  0.0000000E+00  0.0000000E+00
  0.0000000E+00  0.0000000E+00
  0.0000000E+00  0.0000000E+00
  0.0000000E+00  0.0000000E+00
  0.0000000E+00  0.0000000E+00
  0.0000000E+00  0.0000000E+00
  0.0000000E+00  0.0000000E+00
  0.0000000E+00  0.0000000E+00
  0.0000000E+00  0.0000000E+00
  0.0000000E+00  0.0000000E+00
  0.0000000E+00  0.0000000E+00
  0.0000000E+00  0.0000000E+00
  0.0000000E+00  0.0000000E+00
  0.0000000E+00  0.0000000E+00
  0.0000000E+00  0.0000000E+00
  0.0000000E+00  0.0000000E+00
  0.0000000E+00  0.0000000E+00
  0.0000000E+00  0.0000000E+00
  0.0000000E+00  0.0000000E+00
  0.0000000E+00  0.0000000E+00
  0.0000000E+00  0.0000000E+00
  0.0000000E+00  0.0000000E+00
  0.0000000E+00  0.0000000E+00
  0.0000000E+00  0.0000000E+00
  0.0000000E+00  0.0000000E+00
  0.0000000E+00  0.0000000E+00
  0.0000000E+00  0.0000000E+00
  0.0000000E+00  0.0000000E+00
  0.0000000E+00  0.0000000E+00
  0.0000000E+00  0.0000000E+00
  0.0000000E+00  0.0000000E+00
  0.0000000E+00  0.0000000E+00
  0.0000000E+00  0.0000000E+00
  0.0000000E+00  0.0000000E+00
  0.0000000E+00  0.0000000E+00
  0.0000000E+00  0.0000000E+00
  0.0000000E+00  0.0000000E+00
  0.0000000E+00  0.0000000E+00
  0.0000000E+00  0.0000000E+00
  0.0000000E+00  0.0000000E+00
  0.0000000E+00  0.0000000E+00
  0.0000000E+00  0.0000000E+00
  0.0000000E+00  0.0000000E+00
  0.0000000E+00  0.0000000E+00
  0.0000000E+00  0.0000000E+00
  0.0000000E+00  0.0000000E+00
  0.0000000E+00  0.0000000E+00
  0.0000000E+00  0.0000000E+00
  0.0000000E+00  0.0000000E+00
  0.0000000E+00  0.0000000E+00
  0.0000000E+00  0.0000000E+00
  0.0000000E+00  0.0000000E+00
  0.0000000E+00  0.0000000E+00
  0.0000000E+00  0.0000000E+00
  0.0000000E+00  0.0000000E+00
  0.0000000E+00  0.0000000E+00
  0.0000000E+00  0.0000000E+00
  0.0000000E+00  0.0000000E+00
  0.0000000E+00  0.0000000E+00
  0.0000000E+00  0.0000000E+00
  0.0000000E+00  0.0000000E+00
  0.0000000E+00  0.0000000E+00
  0.0000000E+00  0.0000000E+00
  0.0000000E+00  0.0000000E+00
  0.0000000E+00  0.0000000E+00
  0.0000000E+00  0.0000000E+00
  0.0000000E+00  0.0000000E+00
  0.0000000E+00  0.0000000E+00
  0.0000000E+00  0.0000000E+00
  0.0000000E+00  0.0000000E+00
  0.0000000E+00  0.0000000E+00
  0.0000000E+00  0.0000000E+00
  0.0000000E+00  0.0000000E+00
  0.0000000E+00  0.0000000E+00
  0.0000000E+00  0.0000000E+00
  0.0000000E+00  0.0000000E+00
  0.0000000E+00  0.0000000E+00
  0.0000000E+00  0.0000000E+00
  0.0000000E+00  0.0000000E+00
  0.0000000E+00  0.0000000E+00
  0.0000000E+00  0.0000000E+00
  0.0000000E+00  0.0000000E+00
  0.0000000E+00  0.0000000E+00
  0.0000000E+00  0.0000000E+00
  0.0000000E+00  0.0000000E+00
  0.0000000E+00  0.0000000E+00
  0.0000000E+00  0.0000000E+00
  0.0000000E+00  0.0000000E+00
  0.0000000E+00  0.0000000E+00
  0.0000000E+00  0.0000000E+00
  0.0000000E+00  0.0000000E+00
  0.0000000E+00  0.0000000E+00
  0.0000000E+00  0.0000000E+00
  0.0000000E+00  0.0000000E+00
  0.0000000E+00  0.0000000E+00
  0.0000000E+00  0.0000000E+00
  0.0000000E+00  0.0000000E+00
  0.0000000E+00  0.0000000E+00
  0.0000000E+00  0.0000000E+00
  0.0000000E+00  0.0000000E+00
  0.0000000E+00  0.0000000E+00
  0.0000000E+00  0.0000000E+00
  0.0000000E+00  0.0000000E+00
  0.0000000E+00  0.0000000E+00
  0.0000000E+00  0.0000000E+00
  0.0000000E+00  0.0000000E+00
  0.0000000E+00  0.0000000E+00
  0.0000000E+00  0.0000000E+00
  0.0000000E+00  0.0000000E+00
  0.0000000E+00  0.0000000E+00
  0.0000000E+00  0.0000000E+00
  0.0000000E+00  0.0000000E+00
  0.0000000E+00  0.0000000E+00
  0.0000000E+00  0.0000000E+00
  0.0000000E+00  0.0000000E+00
  0.0000000E+00  0.0000000E+00
  0.0000000E+00  0.0000000E+00
  0.0000000E+00  0.0000000E+00
  0.0000000E+00  0.0000000E+00
  0.0000000E+00  0.0000000E+00
  0.0000000E+00  0.0000000E+00
  0.0000000E+00  0.0000000E+00
  0.0000000E+00  0.0000000E+00
  0.0000000E+00  0.0000000E+00
  0.0000000E+00  0.0000000E+00
  0.0000000E+00  0.0000000E+00
  0.0000000E+00  0.0000000E+00
  0.0000000E+00  0.0000000E+00
  0.0000000E+00  0.0000000E+00
  0.0000000E+00  0.0000000E+00
  0.0000000E+00  0.0000000E+00
  0.0000000E+00  0.0000000E+00
  0.0000000E+00  0.0000000E+00
  0.0000000E+00  0.0000000E+00
  0.0000000E+00  0.0000000E+00
  0.0000000E+00  0.0000000E+00
  0.0000000E+00  0.0000000E+00
  0.0000000E+00  0.0000000E+00
  0.0000000E+00  0.0000000E+00
  0.0000000E+00  0.0000000E+00
  0.0000000E+00  0.0000000E+00
  0.0000000E+00  0.0000000E+00
  0.0000000E+00  0.0000000E+00
  0.0000000E+00  0.0000000E+00
  0.0000000E+00  0.0000000E+00
  0.0000000E+00  0.0000000E+00
  0.0000000E+00  0.0000000E+00
  0.0000000E+00  0.0000000E+00
  0.0000000E+00  0.0000000E+00
  0.0000000E+00  0.0000000E+00
  0.0000000E+00  0.0000000E+00
  0.0000000E+00  0.0000000E+00
  0.0000000E+00  0.0000000E+00
  0.0000000E+00  0.0000000E+00
  0.0000000E+00  0.0000000E+00
  0.0000000E+00  0.0000000E+00
  0.0000000E+00  0.0000000E+00
  0.0000000E+00  0.0000000E+00
  0.0000000E+00  0.0000000E+00
  0.0000000E+00  0.0000000E+00
  0.0000000E+00  0.0000000E+00
  0.0000000E+00  0.0000000E+00
  0.0000000E+00  0.0000000E+00
  0.0000000E+00  0.0000000E+00
  0.0000000E+00  0.0000000E+00
  0.0000000E+00  0.0000000E+00
  0.0000000E+00  0.0000000E+00
  0.0000000E+00  0.0000000E+00
  0.0000000E+00  0.0000000E+00
  0.0000000E+00  0.0000000E+00
  0.0000000E+00  0.0000000E+00
  0.0000000E+00  0.0000000E+00
  0.0000000E+00  0.0000000E+00
  0.0000000E+00  0.0000000E+00
  0.0000000E+00  0.0000000E+00
  0.0000000E+00  0.0000000E+00
  0.0000000E+00  0.0000000E+00
  0.0000000E+00  0.0000000E+00
  0.0000000E+00  0.0000000E+00
  0.0000000E+00  0.0000000E+00
  0.0000000E+00  0.0000000E+00
  0.0000000E+00  0.0000000E+00
  0.0000000E+00  0.0000000E+00
  0.0000000E+00  0.0000000E+00
  0.0000000E+00  0.0000000E+00
  0.0000000E+00  0.0000000E+00
  0.0000000E+00  0.0000000E+00
  0.0000000E+00  0.0000000E+00
  0.0000000E+00  0.0000000E+00
  0.0000000E+00  0.0000000E+00
  0.0000000E+00  0.0000000E+00
  0.0000000E+00  0.0000000E+00
  0.0000000E+00  0.0000000E+00
  0.0000000E+00  0.0000000E+00
  0.0000000E+00  0.0000000E+00
  0.0000000E+00  0.0000000E+00
  0.0000000E+00  0.0000000E+00
  0.0000000E+00  0.0000000E+00
  0.0000000E+00  0.0000000E+00
  0.0000000E+00  0.0000000E+00
  0.0000000E+00  0.0000000E+00
  0.0000000E+00  0.0000000E+00
  0.0000000E+00  0.0000000E+00
  0.0000000E+00  0.0000000E+00
  0.0000000E+00  0.0000000E+00
  0.0000000E+00  0.0000000E+00
  0.0000000E+00  0.0000000E+00
  0.0000000E+00  0.0000000E+00
  0.0000000E+00  0.0000000E+00
  0.0000000E+00  0.0000000E+00
  0.0000000E+00  0.0000000E+00
  0.0000000E+00  0.0000000E+00
  0.0000000E+00  0.0000000E+00
  0.0000000E+00  0.0000000E+00
  0.0000000E+00  0.0000000E+00
  0.0000000E+00  0.0000000E+00
  0.0000000E+00  0.0000000E+00
  0.0000000E+00  0.0000000E+00
  0.0000000E+00  0.0000000E+00
  0.0000000E+00  0.0000000E+00
  0.0000000E+00  0.0000000E+00
  0.0000000E+00  0.0000000E+00
  0.0000000E+00  0.0000000E+00
  0.0000000E+00  0.0000000E+00
  0.0000000E+00  0.0000000E+00
  0.0000000E+00  0.0000000E+00
  0.0000000E+00  0.0000000E+00
  0.0000000E+00  0.0000000E+00
  0.0000000E+00  0.0000000E+00
  0.0000000E+00  0.0000000E+00
  0.0000000E+00  0.0000000E+00
  0.0000000E+00  0.0000000E+00
  0.0000000E+00  0.0000000E+00
  0.0000000E+00  0.0000000E+00
  0.0000000E+00  0.0000000E+00
  0.0000000E+00  0.0000000E+00
  0.0000000E+00  0.0000000E+00
  0.0000000E+00  0.0000000E+00
  0.0000000E+00  0.0000000E+00
  0.0000000E+00  0.0000000E+00
  0.0000000E+00  0.0000000E+00
  0.0000000E+00  0.0000000E+00
  0.0000000E+00  0.0000000E+00
  0.0000000E+00  0.0000000E+00
  0.0000000E+00  0.0000000E+00
  0.0000000E+00  0.0000000E+00
  0.0000000E+00  0.0000000E+00
  0.0000000E+00  0.0000000E+00
  0.0000000E+00  0.0000000E+00
  0.0000000E+00  0.0000000E+00
  0.0000000E+00  0.0000000E+00
  0.0000000E+00  0.0000000E+00
  0.0000000E+00  0.0000000E+00
  0.0000000E+00  0.0000000E+00
  0.0000000E+00  0.0000000E+00
  0.0000000E+00  0.0000000E+00
  0.0000000E+00  0.0000000E+00
  0.0000000E+00  0.0000000E+00
  0.0000000E+00  0.0000000E+00
  0.0000000E+00  0.0000000E+00
  0.0000000E+00  0.0000000E+00
  0.0000000E+00  0.0000000E+00
  0.0000000E+00  0.0000000E+00
  0.0000000E+00  0.0000000E+00
  0.0000000E+00  0.0000000E+00
  0.0000000E+00  0.0000000E+00
  0.0000000E+00  0.0000000E+00
  0.0000000E+00  0.0000000E+00
  0.0000000E+00  0.0000000E+00
  0.0000000E+00  0.0000000E+00
  0.0000000E+00  0.0000000E+00
  0.0000000E+00  0.0000000E+00
  0.0000000E+00  0.0000000E+00
  0.0000000E+00  0.0000000E+00
  0.0000000E+00  0.0000000E+00
  0.0000000E+00  0.0000000E+00
  0.0000000E+00  0.0000000E+00
  0.0000000E+00  0.0000000E+00
  0.0000000E+00  0.0000000E+00
  0.0000000E+00  0.0000000E+00
  0.0000000E+00  0.0000000E+00
  0.0000000E+00  0.0000000E+00
  0.0000000E+00  0.0000000E+00
  0.0000000E+00  0.0000000E+00
  0.0000000E+00  0.0000000E+00
  0.0000000E+00  0.0000000E+00
  0.0000000E+00  0.0000000E+00
  0.0000000E+00  0.0000000E+00
  0.0000000E+00  0.0000000E+00
  0.0000000E+00  0.0000000E+00
  0.0000000E+00  0.0000000E+00
  0.0000000E+00  0.0000000E+00
  0.0000000E+00  0.0000000E+00
  0.0000000E+00  0.0000000E+00
  0.0000000E+00  0.0000000E+00
