 -0.6809235E-01 -0.2565438E-06
 -0.1291044E-01 -0.3675732E-06
  0.1782809E-01 -0.4356604E-06
  0.3843897E-01 -0.4802249E-06
  0.5861721E-01 -0.5021695E-06
  0.8574890E-01 -0.5133853E-06
 -0.1047308E+01 -0.1745565E-05
  0.5389154E-01 -0.5957280E-06
  0.5738264E-01 -0.6069878E-06
  0.6101865E-01 -0.6421267E-06
  0.7018984E-01 -0.8048472E-06
  0.2084639E+00 -0.7817243E-06
  0.3448951E+00 -0.7604274E-06
  0.4786642E+00 -0.7398218E-06
  0.6092925E+00 -0.7200658E-06
  0.7372044E+00 -0.7017117E-06
  0.8606033E+00 -0.6805321E-06
  0.9787476E+00 -0.6603354E-06
  0.1093864E+01 -0.6389755E-06
  0.1204273E+01 -0.6223929E-06
  0.1307911E+01 -0.6046735E-06
  0.1407538E+01 -0.5867870E-06
  0.1500900E+01 -0.5730528E-06
  0.1585769E+01 -0.5596199E-06
  0.1665890E+01 -0.5448707E-06
  0.1738576E+01 -0.5343556E-06
  0.1801394E+01 -0.5239723E-06
  0.1858927E+01 -0.5126415E-06
  0.1908134E+01 -0.5056718E-06
  0.1946566E+01 -0.4993312E-06
  0.1979375E+01 -0.4917114E-06
  0.2003267E+01 -0.4911751E-06
  0.2015863E+01 -0.4879226E-06
  0.2022733E+01 -0.4857008E-06
  0.2020402E+01 -0.4880165E-06
  0.2006657E+01 -0.4909206E-06
  0.1987277E+01 -0.4919235E-06
  0.1958781E+01 -0.5001998E-06
  0.1919181E+01 -0.5065398E-06
  0.1874254E+01 -0.5119397E-06
  0.1820617E+01 -0.5237815E-06
  0.1756612E+01 -0.5350502E-06
  0.1687795E+01 -0.5455180E-06
  0.1610991E+01 -0.5601696E-06
  0.1524957E+01 -0.5748213E-06
  0.1434828E+01 -0.5891514E-06
  0.1337760E+01 -0.6059962E-06
  0.1232998E+01 -0.6230619E-06
  0.1125005E+01 -0.6399322E-06
  0.1011437E+01 -0.6600754E-06
  0.8920315E+00 -0.6796890E-06
  0.7704216E+00 -0.6977295E-06
  0.6448455E+00 -0.7183068E-06
  0.5155419E+00 -0.7393370E-06
  0.3851669E+00 -0.7589828E-06
  0.2526003E+00 -0.7798354E-06
  0.1185514E+00 -0.8005375E-06
 -0.1541592E-01 -0.8220418E-06
 -0.1496515E+00 -0.8428922E-06
 -0.2830417E+00 -0.8632427E-06
 -0.4151783E+00 -0.8843853E-06
 -0.5456844E+00 -0.9041083E-06
 -0.6731055E+00 -0.9234162E-06
 -0.7982123E+00 -0.9433674E-06
 -0.9198525E+00 -0.9618807E-06
 -0.1036265E+01 -0.9799418E-06
 -0.1149391E+01 -0.9977800E-06
 -0.1257417E+01 -0.1015577E-05
 -0.1358258E+01 -0.1029963E-05
 -0.1454894E+01 -0.1046193E-05
 -0.1545038E+01 -0.1060126E-05
 -0.1626435E+01 -0.1072314E-05
 -0.1702998E+01 -0.1085753E-05
 -0.1771924E+01 -0.1097102E-05
 -0.1830848E+01 -0.1104420E-05
 -0.1884434E+01 -0.1115540E-05
 -0.1929611E+01 -0.1121628E-05
 -0.1963924E+01 -0.1125951E-05
 -0.1992711E+01 -0.1132560E-05
 -0.2012731E+01 -0.1135396E-05
 -0.2022794E+01 -0.1137945E-05
 -0.2030345E+01 -0.1135633E-05
 -0.2023215E+01 -0.1125362E-05
 -0.2006579E+01 -0.1118903E-05
 -0.1981335E+01 -0.1114573E-05
 -0.1947742E+01 -0.1108442E-05
 -0.1905652E+01 -0.1101839E-05
 -0.1855119E+01 -0.1093941E-05
 -0.1796397E+01 -0.1084047E-05
 -0.1729808E+01 -0.1074462E-05
 -0.1655692E+01 -0.1063127E-05
 -0.1574359E+01 -0.1050439E-05
 -0.1486122E+01 -0.1036536E-05
 -0.1391316E+01 -0.1022136E-05
 -0.1290375E+01 -0.1006960E-05
 -0.1183817E+01 -0.9901166E-06
 -0.1072052E+01 -0.9739596E-06
 -0.9554251E+00 -0.9558727E-06
 -0.8344636E+00 -0.9381097E-06
 -0.7098181E+00 -0.9181795E-06
 -0.5812134E+00 -0.8952002E-06
 -0.4514967E+00 -0.8776400E-06
 -0.3226813E+00 -0.8592763E-06
 -0.1938827E+00 -0.8419845E-06
 -0.6513679E-01 -0.8275643E-06
 -0.4918822E-01 -0.6889781E-06
 -0.4188155E-01 -0.6656086E-06
 -0.3725227E-01 -0.6645616E-06
 -0.3382051E-01 -0.6674412E-06
 -0.3095657E-01 -0.6703365E-06
 -0.2767038E-01 -0.6761679E-06
 -0.2406430E-01 -0.6864167E-06
 -0.1475012E-01 -0.7719738E-06
  0.1157724E-01 -0.8016009E-06
  0.6178441E-01 -0.9384753E-06
  0.1927069E+00 -0.1599979E-05
 -0.1036552E+01 -0.1781759E-05
  0.4458027E+00 -0.2955192E-05
  0.5619698E+00 -0.3495949E-05
  0.6470733E+00 -0.3903357E-05
  0.6996628E+00 -0.4158532E-05
  0.7185192E+00 -0.4248098E-05
  0.7015772E+00 -0.4167520E-05
  0.6511092E+00 -0.3924772E-05
  0.5745186E+00 -0.3546702E-05
  0.4747982E+00 -0.3044939E-05
  0.3540710E+00 -0.2438103E-05
  0.2182522E+00 -0.1752210E-05
  0.7370339E-01 -0.1019940E-05
 -0.7371774E-01 -0.2721987E-06
 -0.2182710E+00  0.4614015E-06
 -0.3542112E+00  0.1148724E-05
 -0.4759267E+00  0.1762712E-05
 -0.5778835E+00  0.2274398E-05
 -0.6549481E+00  0.2659192E-05
 -0.7024713E+00  0.2898021E-05
 -0.7165562E+00  0.2974833E-05
 -0.6973013E+00  0.2890240E-05
 -0.6498122E+00  0.2658789E-05
 -0.5756149E+00  0.2285246E-05
 -0.4743452E+00  0.1779981E-05
 -0.3505099E+00  0.1167655E-05
 -0.2105704E+00  0.4724374E-06
 -0.5552840E+00 -0.1463607E-05
 -0.5022678E+00 -0.1351032E-05
  0.1067091E+00 -0.2069557E-06
  0.1620039E+00 -0.2509902E-06
  0.2248812E+00 -0.2748535E-06
  0.1680434E+00 -0.5404009E-06
 -0.2500852E+00 -0.1830414E-05
  0.2969452E+00 -0.5362383E-06
  0.1809720E+00 -0.5877523E-06
  0.4094266E+00 -0.4849504E-06
  0.5182535E+00 -0.4373261E-06
  0.6231930E+00 -0.3919552E-06
  0.7233741E+00 -0.3435585E-06
  0.8205114E+00 -0.2962333E-06
  0.9139726E+00 -0.2528456E-06
  0.1003251E+01 -0.2110349E-06
  0.1088108E+01 -0.1714685E-06
  0.1168158E+01 -0.1352889E-06
  0.1243040E+01 -0.9987413E-07
  0.1312557E+01 -0.6778700E-07
  0.1376373E+01 -0.3920631E-07
  0.1434143E+01 -0.1220132E-07
  0.1485652E+01  0.1118613E-07
  0.1530716E+01  0.3179149E-07
  0.1569150E+01  0.4993617E-07
  0.1600803E+01  0.6420498E-07
  0.1625478E+01  0.7649665E-07
  0.1643163E+01  0.8431502E-07
  0.1653847E+01  0.8876722E-07
  0.1657298E+01  0.8990528E-07
  0.1653551E+01  0.8844184E-07
  0.1642679E+01  0.8249312E-07
  0.1624559E+01  0.7477129E-07
  0.1599344E+01  0.6151357E-07
  0.1567220E+01  0.4657200E-07
  0.1528186E+01  0.2785681E-07
  0.1482409E+01  0.5782315E-08
  0.1430208E+01 -0.1916751E-07
  0.1371670E+01 -0.4627856E-07
  0.1307038E+01 -0.7598862E-07
  0.1236682E+01 -0.1091398E-06
  0.1160831E+01 -0.1451770E-06
  0.1079784E+01 -0.1817100E-06
  0.9939900E+00 -0.2218395E-06
  0.9037699E+00 -0.2634017E-06
  0.8094888E+00 -0.3067263E-06
  0.7116622E+00 -0.3513312E-06
  0.6106690E+00 -0.3985923E-06
  0.5069520E+00 -0.4451831E-06
  0.4010809E+00 -0.4933267E-06
  0.2934334E+00 -0.5420579E-06
  0.1843897E+00 -0.5922112E-06
  0.7452874E-01 -0.6411789E-06
 -0.3560412E-01 -0.6920220E-06
 -0.1455158E+00 -0.7408631E-06
 -0.2547009E+00 -0.7904525E-06
 -0.3626740E+00 -0.8395753E-06
 -0.4689851E+00 -0.8872134E-06
 -0.5732030E+00 -0.9343225E-06
 -0.6748210E+00 -0.9806012E-06
 -0.7733480E+00 -0.1025581E-05
 -0.8685529E+00 -0.1068449E-05
 -0.9599718E+00 -0.1110285E-05
 -0.1047027E+01 -0.1149137E-05
 -0.1129452E+01 -0.1187061E-05
 -0.1206905E+01 -0.1223114E-05
 -0.1279048E+01 -0.1255968E-05
 -0.1345687E+01 -0.1286839E-05
 -0.1406483E+01 -0.1314052E-05
 -0.1461097E+01 -0.1339590E-05
 -0.1509415E+01 -0.1362200E-05
 -0.1551235E+01 -0.1381063E-05
 -0.1586327E+01 -0.1397409E-05
 -0.1614563E+01 -0.1409978E-05
 -0.1635826E+01 -0.1419858E-05
 -0.1650114E+01 -0.1426069E-05
 -0.1657567E+01 -0.1428376E-05
 -0.1658118E+01 -0.1427129E-05
 -0.1651388E+01 -0.1421659E-05
 -0.1637251E+01 -0.1413382E-05
 -0.1615907E+01 -0.1402881E-05
 -0.1587398E+01 -0.1388700E-05
 -0.1551610E+01 -0.1372313E-05
 -0.1508741E+01 -0.1352985E-05
 -0.1459195E+01 -0.1330302E-05
 -0.1403311E+01 -0.1304503E-05
 -0.1341407E+01 -0.1277261E-05
 -0.1273702E+01 -0.1245272E-05
 -0.1200374E+01 -0.1211208E-05
 -0.1121702E+01 -0.1175767E-05
 -0.1038146E+01 -0.1136754E-05
 -0.9502487E+00 -0.1095877E-05
 -0.8581219E+00 -0.1054021E-05
 -0.7619333E+00 -0.1011367E-05
 -0.6622979E+00 -0.9665421E-06
 -0.5600072E+00 -0.9194941E-06
 -0.4560307E+00 -0.8722884E-06
 -0.3519052E+00 -0.8246995E-06
 -0.2490742E+00 -0.7782622E-06
 -0.1481043E+00 -0.7330109E-06
 -0.1269607E+00 -0.7191073E-06
  0.4328012E-01 -0.1185293E-05
 -0.1130424E+00 -0.7248237E-06
 -0.1025197E+00 -0.7369918E-06
 -0.9251828E-01 -0.7514982E-06
 -0.8226407E-01 -0.7719407E-06
 -0.7507748E-01 -0.8102075E-06
  0.1499267E+00 -0.2582476E-05
 -0.2770452E-01 -0.1120017E-05
  0.1806666E+00 -0.2842283E-05
 -0.2667377E+00 -0.1723995E-05
  0.1049861E+00 -0.2251483E-05
  0.2007932E+00 -0.3013202E-05
  0.2080702E+00 -0.3069573E-05
  0.2009048E+00 -0.3010215E-05
  0.1818090E+00 -0.2849575E-05
  0.1596628E+00 -0.2597415E-05
  0.1335232E+00 -0.2260457E-05
  0.9986770E-01 -0.1848742E-05
  0.6134186E-01 -0.1384154E-05
  0.2071229E-01 -0.8880586E-06
 -0.2050620E-01 -0.3770986E-06
 -0.6110146E-01  0.1228039E-06
 -0.9982317E-01  0.5901788E-06
 -0.1354779E+00  0.1004844E-05
 -0.1663184E+00  0.1350082E-05
 -0.1901061E+00  0.1610307E-05
 -0.2036948E+00  0.1767547E-05
 -0.2043552E+00  0.1815140E-05
 -0.1943041E+00  0.1759765E-05
 -0.1811896E+00  0.1611857E-05
 -0.1622079E+00  0.1358594E-05
 -0.1320507E+00  0.1021966E-05
 -0.9331593E-01  0.6184891E-06
 -0.4977556E-01  0.1469655E-06
  0.2663543E+00 -0.4667807E-06
  0.3168255E+00 -0.2955721E-06
 -0.9575563E-01 -0.1080675E-05
  0.9130079E-01 -0.5464116E-06
  0.1906775E+00 -0.4753528E-06
  0.2550186E+00 -0.4638176E-07
  0.2726737E+00 -0.4775836E-06
  0.1713229E+00  0.2724461E-07
  0.6539052E+00 -0.2447367E-06
  0.7413346E+00 -0.1876608E-06
  0.8250046E+00 -0.1336683E-06
  0.9043440E+00 -0.8357121E-07
  0.9796386E+00 -0.3647074E-07
  0.1050629E+01  0.8239667E-08
  0.1116919E+01  0.5062310E-07
  0.1178273E+01  0.8803949E-07
  0.1234612E+01  0.1232326E-06
  0.1285347E+01  0.1552849E-06
  0.1330296E+01  0.1839320E-06
  0.1369689E+01  0.2083092E-06
  0.1403084E+01  0.2287696E-06
  0.1430078E+01  0.2457053E-06
  0.1451025E+01  0.2606087E-06
  0.1466038E+01  0.2696540E-06
  0.1474816E+01  0.2746659E-06
  0.1477278E+01  0.2751555E-06
  0.1473407E+01  0.2721128E-06
  0.1462941E+01  0.2651725E-06
  0.1445989E+01  0.2544488E-06
  0.1422783E+01  0.2383979E-06
  0.1393244E+01  0.2204996E-06
  0.1357594E+01  0.1977953E-06
  0.1316062E+01  0.1706165E-06
  0.1268664E+01  0.1404095E-06
  0.1215648E+01  0.1062797E-06
  0.1157334E+01  0.6957404E-07
  0.1093844E+01  0.2894746E-07
  0.1025484E+01 -0.1327957E-07
  0.9526184E+00 -0.5849564E-07
  0.8754769E+00 -0.1072643E-06
  0.7944298E+00 -0.1576604E-06
  0.7098821E+00 -0.2105948E-06
  0.6221761E+00 -0.2654601E-06
  0.5317028E+00 -0.3212462E-06
  0.4389866E+00 -0.3785743E-06
  0.3445282E+00 -0.4376202E-06
  0.2483070E+00 -0.4976107E-06
  0.1505931E+00 -0.5574100E-06
  0.5205112E-01 -0.6183215E-06
 -0.4660984E-01 -0.6790629E-06
 -0.1448567E+00 -0.7402292E-06
 -0.2422990E+00 -0.8003503E-06
 -0.3385745E+00 -0.8598500E-06
 -0.4332342E+00 -0.9181587E-06
 -0.5258609E+00 -0.9740294E-06
 -0.6160235E+00 -0.1029073E-05
 -0.7031577E+00 -0.1083505E-05
 -0.7875661E+00 -0.1134868E-05
 -0.8686118E+00 -0.1185897E-05
 -0.9453986E+00 -0.1233275E-05
 -0.1018022E+01 -0.1280156E-05
 -0.1086291E+01 -0.1321826E-05
 -0.1149746E+01 -0.1362572E-05
 -0.1208340E+01 -0.1399280E-05
 -0.1261723E+01 -0.1432192E-05
 -0.1309323E+01 -0.1462689E-05
 -0.1351336E+01 -0.1488697E-05
 -0.1387818E+01 -0.1511691E-05
 -0.1418098E+01 -0.1530935E-05
 -0.1442011E+01 -0.1546369E-05
 -0.1459797E+01 -0.1557453E-05
 -0.1471657E+01 -0.1565699E-05
 -0.1477419E+01 -0.1566613E-05
 -0.1477052E+01 -0.1564481E-05
 -0.1470806E+01 -0.1558637E-05
 -0.1458307E+01 -0.1548422E-05
 -0.1439141E+01 -0.1534510E-05
 -0.1413126E+01 -0.1516127E-05
 -0.1379711E+01 -0.1496150E-05
 -0.1339622E+01 -0.1472761E-05
 -0.1293686E+01 -0.1445757E-05
 -0.1242436E+01 -0.1414445E-05
 -0.1186281E+01 -0.1379512E-05
 -0.1125172E+01 -0.1340610E-05
 -0.1059014E+01 -0.1299639E-05
 -0.9881549E+00 -0.1254492E-05
 -0.9134509E+00 -0.1207387E-05
 -0.8356467E+00 -0.1156928E-05
 -0.7538012E+00 -0.1105319E-05
 -0.6677206E+00 -0.1052448E-05
 -0.5788518E+00 -0.9986628E-06
 -0.4882616E+00 -0.9434820E-06
 -0.3966230E+00 -0.8866535E-06
 -0.3054154E+00 -0.8301343E-06
 -0.2152624E+00 -0.7744064E-06
 -0.1121907E+00 -0.2444147E-05
 -0.1042044E+00 -0.2008645E-05
 -0.1754931E+00 -0.8109108E-06
 -0.1581068E+00 -0.8379670E-06
  0.3338927E+00 -0.1000822E-06
 -0.1386893E+00 -0.8683643E-06
 -0.1266366E+00 -0.9402290E-06
 -0.6452207E-02 -0.1487706E-05
 -0.1150301E+00 -0.2581005E-05
 -0.1154492E+00 -0.2621285E-05
 -0.1925458E+00 -0.7872667E-06
 -0.1171702E+00 -0.2567366E-05
 -0.1207625E+00 -0.2439497E-05
 -0.1067368E+00 -0.2240020E-05
 -0.8066393E-01 -0.1967367E-05
 -0.5817188E-01 -0.1635977E-05
 -0.3625155E-01 -0.1259040E-05
 -0.1278230E-01 -0.8530608E-06
  0.1239112E-01 -0.4290505E-06
  0.3724684E-01 -0.1281247E-07
  0.5954816E-01  0.3680934E-06
  0.7792288E-01  0.7030791E-06
  0.9194260E-01  0.9817060E-06
  0.1023458E+00  0.1188309E-05
  0.1113683E+00  0.1311208E-05
  0.1211160E+00  0.1347949E-05
  0.1305503E+00  0.1305738E-05
  0.1210279E+00  0.1198868E-05
  0.9931061E-01  0.9911669E-06
  0.8458841E-01  0.7242725E-06
  0.7408240E-01  0.4116397E-06
 -0.1047156E+00 -0.2243113E-05
  0.3758308E+00 -0.4152556E-06
  0.5660480E+00 -0.3053556E-06
  0.4729185E+00 -0.3580868E-06
  0.4768093E-01 -0.1869626E-05
  0.4197535E+00 -0.1400252E-06
  0.2229084E+00  0.2944587E-06
  0.5807859E+00 -0.1988900E-06
  0.6657868E+00 -0.1284434E-06
  0.8818699E+00  0.4710413E-07
  0.9462276E+00  0.9663029E-07
  0.1005986E+01  0.1429281E-06
  0.1060977E+01  0.1847439E-06
  0.1111537E+01  0.2243439E-06
  0.1156638E+01  0.2595150E-06
  0.1196419E+01  0.2906857E-06
  0.1231623E+01  0.3180833E-06
  0.1260865E+01  0.3403807E-06
  0.1283090E+01  0.3598431E-06
  0.1300215E+01  0.3756654E-06
  0.1313461E+01  0.3863813E-06
  0.1321840E+01  0.3907356E-06
  0.1324208E+01  0.3915331E-06
  0.1321320E+01  0.3865976E-06
  0.1311959E+01  0.3782204E-06
  0.1296017E+01  0.3649623E-06
  0.1274977E+01  0.3476545E-06
  0.1248046E+01  0.3269167E-06
  0.1215171E+01  0.3012183E-06
  0.1177591E+01  0.2712452E-06
  0.1134635E+01  0.2364983E-06
  0.1086238E+01  0.1988429E-06
  0.1033623E+01  0.1569518E-06
  0.9763000E+00  0.1124223E-06
  0.9142803E+00  0.6461299E-07
  0.8486858E+00  0.1298690E-07
  0.7792026E+00 -0.4117029E-07
  0.7059725E+00 -0.9851452E-07
  0.6300126E+00 -0.1576485E-06
  0.5511895E+00 -0.2189157E-06
  0.4697060E+00 -0.2826162E-06
  0.3867216E+00 -0.3472769E-06
  0.3030635E+00 -0.4121683E-06
  0.2166543E+00 -0.4786924E-06
  0.1278154E+00 -0.5475169E-06
  0.3790315E-01 -0.6172461E-06
 -0.5175528E-01 -0.6864934E-06
 -0.1405389E+00 -0.7559076E-06
 -0.2283791E+00 -0.8244029E-06
 -0.3151479E+00 -0.8914989E-06
 -0.4004457E+00 -0.9562201E-06
 -0.4835532E+00 -0.1016381E-05
 -0.5637252E+00 -0.1075936E-05
 -0.6401548E+00 -0.1136248E-05
 -0.7156860E+00 -0.1194499E-05
 -0.7879912E+00 -0.1250403E-05
 -0.8554786E+00 -0.1306059E-05
 -0.9201060E+00 -0.1359010E-05
 -0.9808499E+00 -0.1406142E-05
 -0.1037067E+01 -0.1450736E-05
 -0.1089417E+01 -0.1491559E-05
 -0.1136419E+01 -0.1528643E-05
 -0.1177469E+01 -0.1562674E-05
 -0.1214509E+01 -0.1592998E-05
 -0.1247073E+01 -0.1617651E-05
 -0.1273043E+01 -0.1639637E-05
 -0.1293011E+01 -0.1657030E-05
 -0.1308347E+01 -0.1669216E-05
 -0.1319698E+01 -0.1674788E-05
 -0.1325719E+01 -0.1675748E-05
 -0.1325762E+01 -0.1671923E-05
 -0.1321954E+01 -0.1663474E-05
 -0.1312602E+01 -0.1649412E-05
 -0.1295786E+01 -0.1632519E-05
 -0.1272379E+01 -0.1612709E-05
 -0.1239184E+01 -0.1591751E-05
 -0.1199348E+01 -0.1567022E-05
 -0.1154960E+01 -0.1538295E-05
 -0.1106973E+01 -0.1502584E-05
 -0.1056107E+01 -0.1461870E-05
 -0.1000988E+01 -0.1418167E-05
 -0.9407696E+00 -0.1372095E-05
 -0.8765098E+00 -0.1321185E-05
 -0.8105707E+00 -0.1265643E-05
 -0.7445956E+00 -0.1207208E-05
 -0.6731134E+00 -0.1151607E-05
 -0.5951266E+00 -0.1095013E-05
 -0.5157862E+00 -0.1034609E-05
 -0.4364162E+00 -0.9722179E-06
 -0.3550887E+00 -0.9116017E-06
 -0.2741213E+00 -0.8513797E-06
 -0.3943502E+00 -0.2294616E-05
 -0.3995560E+00 -0.2357808E-05
  0.3307422E+00 -0.3619218E-06
 -0.1155434E+00 -0.1714245E-05
 -0.3630993E+00 -0.2207790E-05
  0.4313932E+00  0.4009199E-07
  0.3475284E+00 -0.3803287E-06
 -0.2283829E+00 -0.9274362E-06
  0.1014602E+00 -0.5275523E-06
 -0.3990111E+00 -0.2188469E-05
  0.7428413E+00 -0.6626484E-07
 -0.3927821E+00 -0.2325144E-05
  0.6507307E-01 -0.5777491E-06
  0.4084221E+00 -0.2600567E-06
 -0.2637883E+00 -0.1792223E-05
 -0.1921897E+00 -0.1514647E-05
 -0.1202694E+00 -0.1192911E-05
 -0.4358802E-01 -0.8423769E-06
  0.4035253E-01 -0.4641877E-06
  0.1237233E+00 -0.9444152E-07
  0.1987829E+00  0.2331684E-06
  0.2632737E+00  0.5179512E-06
  0.3158332E+00  0.7522499E-06
  0.3558956E+00  0.9247086E-06
  0.3843752E+00  0.1027265E-05
  0.4034368E+00  0.1053887E-05
  0.4295920E+00  0.1012826E-05
  0.4012660E+00  0.9511602E-06
  0.3254487E+00  0.7601461E-06
  0.2713450E+00  0.5403830E-06
 -0.3166260E+00 -0.2055608E-05
 -0.2535670E+00 -0.8900045E-06
  0.8137203E+00 -0.8398530E-08
 -0.1947773E+00 -0.9558019E-06
  0.2456812E+00 -0.3733184E-06
 -0.3509964E+00 -0.2024505E-05
 -0.1881048E+00 -0.1029153E-05
  0.5183644E+00 -0.2934008E-07
  0.5017206E+00 -0.1655119E-06
 -0.3754701E+00 -0.1411628E-05
 -0.3068940E+00 -0.1195402E-05
  0.4282581E+00 -0.3143143E-06
  0.5880457E+00 -0.8368117E-07
 -0.6526639E+00 -0.2119257E-05
  0.7814354E+00  0.1141392E-06
  0.8425780E+00  0.1668767E-06
  0.9925356E+00  0.3064591E-06
  0.1032800E+01  0.3442719E-06
  0.1067032E+01  0.3783084E-06
  0.1100798E+01  0.4055900E-06
  0.1125899E+01  0.4289209E-06
  0.1138783E+01  0.4541122E-06
  0.1149030E+01  0.4748597E-06
  0.1162972E+01  0.4856891E-06
  0.1174111E+01  0.4885390E-06
  0.1177003E+01  0.4882911E-06
  0.1178065E+01  0.4807055E-06
  0.1170573E+01  0.4702932E-06
  0.1154171E+01  0.4574416E-06
  0.1136909E+01  0.4374258E-06
  0.1112691E+01  0.4140178E-06
  0.1080855E+01  0.3869119E-06
  0.1048617E+01  0.3523645E-06
  0.1010045E+01  0.3160591E-06
  0.9645743E+00  0.2756668E-06
  0.9187951E+00  0.2295694E-06
  0.8674752E+00  0.1808324E-06
  0.8102310E+00  0.1288064E-06
  0.7527506E+00  0.7082378E-07
  0.6906828E+00  0.1303773E-07
  0.6239541E+00 -0.5027163E-07
  0.5571352E+00 -0.1156521E-06
  0.4867989E+00 -0.1812210E-06
  0.4127011E+00 -0.2522425E-06
  0.3389084E+00 -0.3239750E-06
  0.2692909E+00 -0.3923344E-06
  0.1929477E+00 -0.4603385E-06
  0.1112109E+00 -0.5407131E-06
  0.2758046E-01 -0.6214752E-06
 -0.5416522E-01 -0.6983699E-06
 -0.1341591E+00 -0.7775967E-06
 -0.2134351E+00 -0.8533290E-06
 -0.2920622E+00 -0.9253512E-06
 -0.3702559E+00 -0.9997672E-06
 -0.4441158E+00 -0.1052728E-05
 -0.5121807E+00 -0.1111871E-05
 -0.5746460E+00 -0.1183783E-05
 -0.6436357E+00 -0.1244707E-05
 -0.7072874E+00 -0.1306114E-05
 -0.7639243E+00 -0.1373117E-05
 -0.8228186E+00 -0.1429897E-05
 -0.8774580E+00 -0.1480738E-05
 -0.9260753E+00 -0.1531848E-05
 -0.9737922E+00 -0.1573900E-05
 -0.1013902E+01 -0.1613155E-05
 -0.1045733E+01 -0.1653752E-05
 -0.1079280E+01 -0.1685360E-05
 -0.1110636E+01 -0.1710427E-05
 -0.1131212E+01 -0.1736877E-05
 -0.1146410E+01 -0.1758519E-05
 -0.1161143E+01 -0.1768806E-05
 -0.1176506E+01 -0.1768152E-05
 -0.1184702E+01 -0.1767677E-05
 -0.1183415E+01 -0.1765386E-05
 -0.1184952E+01 -0.1749807E-05
 -0.1180245E+01 -0.1735280E-05
 -0.1164102E+01 -0.1715486E-05
 -0.1145770E+01 -0.1693090E-05
 -0.1108876E+01 -0.1673129E-05
 -0.1066258E+01 -0.1654496E-05
 -0.1020891E+01 -0.1623939E-05
 -0.9753526E+00 -0.1582673E-05
 -0.9322349E+00 -0.1534257E-05
 -0.8840099E+00 -0.1486951E-05
 -0.8281245E+00 -0.1435967E-05
 -0.7688974E+00 -0.1378592E-05
 -0.7120275E+00 -0.1312831E-05
 -0.6648187E+00 -0.1245250E-05
 -0.6061043E+00 -0.1190016E-05
 -0.5307182E+00 -0.1143348E-05
 -0.4590623E+00 -0.1071565E-05
 -0.3966020E+00 -0.1002897E-05
  0.7185408E+00  0.5001204E-07
  0.6589373E+00 -0.1594103E-07
  0.4896894E+00 -0.2857680E-06
 -0.7808141E-01 -0.8406790E-06
 -0.4460846E+00 -0.1668128E-05
 -0.6112348E+00 -0.2021832E-05
 -0.5529124E+00 -0.1845033E-05
 -0.2945366E+00 -0.1028054E-05
  0.3326273E+00  0.1051262E-06
 -0.6586567E+00 -0.2086084E-05
  0.5075440E+00  0.1526886E-06
  0.3714789E+00  0.1956614E-06
 -0.4355495E+00 -0.1655539E-05
 -0.3199186E+00 -0.1423262E-05
  0.6867181E-01 -0.4908831E-06
  0.2151340E+00 -0.1507764E-06
  0.3418291E+00  0.1329214E-06
  0.4498728E+00  0.3754878E-06
  0.5391761E+00  0.5765126E-06
  0.6075803E+00  0.7250707E-06
  0.6537505E+00  0.8127708E-06
  0.6687551E+00  0.8314613E-06
  0.5037982E-01 -0.1475288E-06
  0.6535562E+00  0.7044756E-06
  0.5412747E+00  0.5758785E-06
  0.4495809E+00  0.3946847E-06
 -0.5297713E+00 -0.1875950E-05
  0.8975987E+00  0.2165197E-06
 -0.2027700E+00 -0.1144223E-05
  0.9458513E+00  0.2640535E-06
  0.6279290E-01  0.3912936E-07
  0.6172215E+00  0.9370344E-07
 -0.3249453E+00 -0.9433253E-06
 -0.2474204E+00 -0.1053158E-05
  0.6792651E+00  0.1775669E-06
  0.9225656E-01 -0.5363385E-06
  0.1438359E+00 -0.5097133E-06
 -0.8791362E+00 -0.1947501E-05
 -0.4272390E+00 -0.1320069E-05
  0.9399866E+00  0.4561797E-06
  0.7438032E+00  0.2342759E-06
  0.8797859E+00  0.3805555E-06
  0.9147360E+00  0.4171539E-06
  0.1004364E+01  0.5026849E-06
  0.9918766E+00  0.5383208E-06
  0.9760547E+00  0.5781554E-06
  0.9985130E+00  0.5869397E-06
  0.1031214E+01  0.5791998E-06
  0.1031068E+01  0.5781842E-06
  0.1043775E+01  0.5622421E-06
  0.1038633E+01  0.5524238E-06
  0.1014664E+01  0.5414424E-06
  0.1006860E+01  0.5160368E-06
  0.9859064E+00  0.4924041E-06
  0.9483755E+00  0.4646277E-06
  0.9268254E+00  0.4242427E-06
  0.8936865E+00  0.3889498E-06
  0.8447917E+00  0.3457968E-06
  0.8104455E+00  0.2922172E-06
  0.7663922E+00  0.2443684E-06
  0.7080863E+00  0.1870441E-06
  0.6622539E+00  0.1220094E-06
  0.6090940E+00  0.6428706E-07
  0.5438355E+00 -0.5107555E-08
  0.4884438E+00 -0.7688006E-07
  0.4278160E+00 -0.1434084E-06
  0.3557439E+00 -0.2295847E-06
  0.2886500E+00 -0.3146610E-06
  0.1891321E+00 -0.4233342E-06
  0.1984332E-01 -0.6226317E-06
 -0.5200129E-01 -0.7032605E-06
 -0.1242772E+00 -0.8009761E-06
 -0.1974667E+00 -0.8794264E-06
 -0.2679997E+00 -0.9551327E-06
 -0.3515750E+00 -0.1073520E-05
 -0.5020517E+00 -0.1222921E-05
 -0.6065331E+00 -0.1344300E-05
 -0.6641764E+00 -0.1437536E-05
 -0.7272048E+00 -0.1490868E-05
 -0.7770113E+00 -0.1541959E-05
 -0.8142665E+00 -0.1605239E-05
 -0.8631271E+00 -0.1641329E-05
 -0.8918011E+00 -0.1679292E-05
 -0.8994935E+00 -0.1744279E-05
 -0.9350721E+00 -0.1772658E-05
 -0.9826936E+00 -0.1790404E-05
 -0.9930030E+00 -0.1827055E-05
 -0.9992183E+00 -0.1853302E-05
 -0.1015762E+01 -0.1864873E-05
 -0.1044093E+01 -0.1844516E-05
 -0.1056111E+01 -0.1842534E-05
 -0.1048624E+01 -0.1851840E-05
  0.2380931E+00 -0.3977955E-06
 -0.9963518E+00 -0.1754842E-05
 -0.9395941E+00 -0.1746420E-05
 -0.8882040E+00 -0.1708729E-05
 -0.8416994E+00 -0.1653982E-05
 -0.8150049E+00 -0.1591231E-05
 -0.7769157E+00 -0.1543820E-05
 -0.7210497E+00 -0.1494379E-05
 -0.6604055E+00 -0.1427009E-05
 -0.6086423E+00 -0.1342731E-05
 -0.7057878E+00 -0.2067773E-05
  0.7938513E+00  0.2814122E-06
 -0.1074499E+00 -0.8370207E-06
 -0.6097882E+00 -0.1561793E-05
 -0.8140545E+00 -0.1846212E-05
 -0.6948804E+00 -0.1680858E-05
  0.5845010E+00  0.2728417E-06
 -0.2952184E+00 -0.1106128E-05
  0.2961349E+00 -0.2254771E-06
 -0.2064868E+00 -0.1176516E-05
  0.8309779E+00  0.3356415E-06
  0.4624726E+00  0.1961789E-07
  0.6045548E+00  0.2251491E-06
  0.7227113E+00  0.3947718E-06
  0.8129022E+00  0.5219874E-06
  0.8710573E+00  0.6038915E-06
  0.8786277E+00  0.6613622E-06
 -0.6413946E-01 -0.8256866E-06
  0.8268224E+00  0.5015497E-06
  0.7139217E+00  0.3926527E-06
 -0.2527990E-01 -0.7402581E-06
 -0.8566817E+00 -0.1943125E-05
  0.9806775E+00  0.4807862E-06
 -0.6737949E+00 -0.2133172E-05
 -0.8739981E+00 -0.1969613E-05
 -0.1046611E+01 -0.1823980E-05
 -0.8923099E+00 -0.1954425E-05
 -0.5678126E+00 -0.1536448E-05
 -0.7162935E+00 -0.1727895E-05
  0.2096057E+00 -0.3465162E-06
 -0.2406392E+00 -0.1411352E-05
 -0.1202898E+00 -0.1424257E-05
 -0.4820675E+00 -0.1226396E-05
 -0.3467217E+00 -0.1007152E-05
 -0.1460798E+00 -0.1028476E-05
  0.1381404E+00 -0.1644656E-05
  0.3071783E+00 -0.2321317E-05
  0.7825968E+00  0.7006170E-06
  0.7073331E+00  0.7876025E-06
  0.5835921E+00  0.3137412E-07
 -0.7074302E+00 -0.1848936E-05
 -0.4022950E+00 -0.1108465E-05
 -0.6793243E+00 -0.1995711E-05
 -0.9388772E+00 -0.1913355E-05
 -0.5738105E+00 -0.1279494E-05
 -0.1062515E+01 -0.1814029E-05
 -0.1529025E-01 -0.6638506E-06
 -0.8725986E+00 -0.1848484E-05
 -0.3843979E+00 -0.1150476E-05
 -0.7747220E+00 -0.1723406E-05
  0.8910807E+00  0.5404786E-06
 -0.2083527E+00 -0.9476902E-06
  0.7900839E+00  0.4672200E-06
  0.3988441E+00 -0.7624905E-07
 -0.6628630E+00 -0.1575038E-05
  0.6775700E+00  0.3174117E-06
 -0.6924312E+00 -0.1625279E-05
  0.5558208E+00  0.1431288E-06
  0.6906935E+00  0.3288746E-06
  0.7985466E+00  0.4757853E-06
  0.8757821E+00  0.5789835E-06
  0.9185151E+00  0.6335574E-06
  0.8941441E+00  0.6555518E-06
 -0.8992569E+00 -0.1855062E-05
 -0.5809864E+00 -0.1253103E-05
 -0.4391311E+00 -0.1117977E-05
 -0.8750649E+00 -0.1898093E-05
  0.8775232E+00  0.5973038E-06
 -0.7669697E+00 -0.1772838E-05
 -0.5099670E+00 -0.1374941E-05
  0.1256903E+00 -0.6286202E-06
  0.1423557E+00 -0.4057809E-06
  0.1656460E+00 -0.3408985E-06
  0.1892068E+00 -0.3155957E-06
  0.2122884E+00 -0.3056338E-06
  0.2347941E+00 -0.3022609E-06
  0.2567398E+00 -0.3016294E-06
  0.2781459E+00 -0.3021070E-06
  0.2990322E+00 -0.3028718E-06
  0.3194164E+00 -0.3035428E-06
  0.3392692E+00 -0.3037646E-06
  0.3585898E+00 -0.3035490E-06
  0.3773732E+00 -0.3028570E-06
  0.3956589E+00 -0.3017474E-06
  0.4135359E+00 -0.3002584E-06
  0.4311980E+00 -0.2985737E-06
  0.4491484E+00 -0.2969232E-06
  0.4683976E+00 -0.2959943E-06
  0.4911897E+00 -0.2969272E-06
  0.5228466E+00 -0.3026249E-06
  0.1545663E+01 -0.9343908E-06
  0.2500903E+01 -0.1524879E-05
  0.3346866E+01 -0.2048423E-05
  0.4046547E+01 -0.2482067E-05
  0.4569403E+01 -0.2806871E-05
  0.4892499E+01 -0.3008561E-05
  0.5001688E+01 -0.3078336E-05
  0.4892342E+01 -0.3013438E-05
  0.4569209E+01 -0.2816298E-05
  0.4046400E+01 -0.2495777E-05
  0.3346745E+01 -0.2065827E-05
  0.2500785E+01 -0.1545252E-05
  0.1545542E+01 -0.9567503E-06
  0.5227509E+00 -0.3260848E-06
 -0.5228925E+00  0.3192017E-06
 -0.1545682E+01  0.9509190E-06
 -0.2500918E+01  0.1541459E-05
 -0.3346851E+01  0.2064915E-05
 -0.4046511E+01  0.2498505E-05
 -0.4569318E+01  0.2823412E-05
 -0.4892429E+01  0.3025123E-05
 -0.5001709E+01  0.3094921E-05
 -0.4892396E+01  0.3029969E-05
 -0.4569262E+01  0.2832887E-05
 -0.4046422E+01  0.2512403E-05
 -0.3346742E+01  0.2082459E-05
 -0.2500805E+01  0.1561820E-05
 -0.1545578E+01  0.9733743E-06
 -0.5228024E+00  0.3426757E-06
 -0.4911245E+00  0.3383329E-06
 -0.4683269E+00  0.3397465E-06
 -0.4490700E+00  0.3437430E-06
 -0.4311077E+00  0.3489962E-06
 -0.4134257E+00  0.3549549E-06
 -0.3955382E+00  0.3613583E-06
 -0.3772340E+00  0.3681786E-06
 -0.3584238E+00  0.3754009E-06
 -0.3391013E+00  0.3830696E-06
 -0.3192667E+00  0.3913038E-06
 -0.2989074E+00  0.4001236E-06
 -0.2780289E+00  0.4094429E-06
 -0.2566247E+00  0.4191836E-06
 -0.2346756E+00  0.4289783E-06
 -0.2121384E+00  0.4380507E-06
 -0.1889930E+00  0.4447161E-06
 -0.1653205E+00  0.4455128E-06
 -0.1417302E+00  0.4319533E-06
 -0.1244655E+00  0.3699123E-06
 -0.3690400E+00  0.1344219E-05
 -0.5976947E+00  0.2254521E-05
 -0.8001909E+00  0.3060797E-05
 -0.9674508E+00  0.3726662E-05
 -0.1092405E+01  0.4222486E-05
 -0.1169872E+01  0.4526918E-05
 -0.1196260E+01  0.4627288E-05
 -0.1170259E+01  0.4519374E-05
 -0.1092999E+01  0.4207441E-05
 -0.9679269E+00  0.3705206E-05
 -0.8005359E+00  0.3034341E-05
 -0.5981884E+00  0.2224288E-05
 -0.3697017E+00  0.1310784E-05
 -0.1250525E+00  0.3337246E-06
  0.1250627E+00 -0.6646128E-06
  0.3697031E+00 -0.1640253E-05
  0.5981239E+00 -0.2550643E-05
  0.8003485E+00 -0.3356071E-05
  0.9676135E+00 -0.4021274E-05
  0.1092778E+01 -0.4517101E-05
  0.1170264E+01 -0.4822258E-05
  0.1196505E+01 -0.4923701E-05
  0.1170386E+01 -0.4815935E-05
  0.1093194E+01 -0.4503228E-05
  0.9681220E+00 -0.3999909E-05
  0.8001169E+00 -0.3326076E-05
  0.5958456E+00 -0.2511948E-05
  0.3683796E+00 -0.1600879E-05
  0.5591620E+00 -0.1059939E-05
  0.6274676E+00 -0.1033655E-05
  0.6940327E+00 -0.1018067E-05
  0.7589290E+00 -0.1007280E-05
  0.8222263E+00 -0.9988544E-06
  0.8839827E+00 -0.9911778E-06
  0.9442242E+00 -0.9837926E-06
  0.1002910E+01 -0.9761114E-06
  0.1060023E+01 -0.9682217E-06
  0.1115678E+01 -0.9599364E-06
  0.1169993E+01 -0.9512815E-06
  0.1222938E+01 -0.9421307E-06
  0.1275086E+01 -0.9327956E-06
  0.1328005E+01 -0.9242967E-06
  0.1384798E+01 -0.9184463E-06
  0.1452084E+01 -0.9187831E-06
  0.2349489E+01 -0.1500124E-05
  0.3144267E+01 -0.2015541E-05
  0.3801925E+01 -0.2442590E-05
  0.4293266E+01 -0.2762565E-05
  0.4596692E+01 -0.2961039E-05
  0.4698537E+01 -0.3029237E-05
  0.4595558E+01 -0.2965029E-05
  0.4292021E+01 -0.2771148E-05
  0.3801000E+01 -0.2455683E-05
  0.3143816E+01 -0.2032533E-05
  0.2349159E+01 -0.1520004E-05
  0.1451785E+01 -0.9407430E-06
  0.4909616E+00 -0.3199010E-06
 -0.4913313E+00  0.3153084E-06
 -0.1452149E+01  0.9371691E-06
 -0.2349502E+01  0.1518435E-05
 -0.3144176E+01  0.2033735E-05
 -0.3801430E+01  0.2460554E-05
 -0.4292546E+01  0.2780338E-05
 -0.4596051E+01  0.2978950E-05
 -0.4698685E+01  0.3047709E-05
 -0.4595965E+01  0.2983652E-05
 -0.4292380E+01  0.2789638E-05
 -0.3801207E+01  0.2474109E-05
 -0.3143911E+01  0.2050949E-05
 -0.2349233E+01  0.1538454E-05
 -0.1451892E+01  0.9591397E-06
 -0.1384491E+01  0.9610106E-06
 -0.1327551E+01  0.9698115E-06
 -0.1274454E+01  0.9817342E-06
 -0.1222186E+01  0.9951899E-06
 -0.1169337E+01  0.1009277E-05
 -0.1115252E+01  0.1023877E-05
 -0.1059686E+01  0.1038798E-05
 -0.1002580E+01  0.1054257E-05
 -0.9439209E+00  0.1070306E-05
 -0.8837319E+00  0.1087012E-05
 -0.8220047E+00  0.1104790E-05
 -0.7587283E+00  0.1123600E-05
 -0.6938459E+00  0.1143607E-05
 -0.6272548E+00  0.1164831E-05
 -0.5589274E+00  0.1187730E-05
 -0.4890595E+00  0.1214026E-05
 -0.4196210E+00  0.1250368E-05
 -0.6791421E+00  0.2014308E-05
 -0.9089436E+00  0.2690081E-05
 -0.1098969E+01  0.3248540E-05
 -0.1240978E+01  0.3664393E-05
 -0.1328801E+01  0.3920195E-05
 -0.1358562E+01  0.4004455E-05
 -0.1328917E+01  0.3913725E-05
 -0.1241177E+01  0.3651880E-05
 -0.1099174E+01  0.3230588E-05
 -0.9091336E+00  0.2667728E-05
 -0.6793637E+00  0.1988126E-05
 -0.4198985E+00  0.1221693E-05
 -0.1420714E+00  0.4016163E-06
  0.1419752E+00 -0.4359559E-06
  0.4198018E+00 -0.1254615E-05
  0.6792573E+00 -0.2018554E-05
  0.9090329E+00 -0.2694352E-05
  0.1099082E+01 -0.3252454E-05
  0.1241131E+01 -0.3668675E-05
  0.1328964E+01 -0.3924429E-05
  0.1358706E+01 -0.4009073E-05
  0.1329078E+01 -0.3918758E-05
  0.1241396E+01 -0.3656984E-05
  0.1099470E+01 -0.3235291E-05
  0.9093627E+00 -0.2672012E-05
  0.6794147E+00 -0.1991832E-05
  0.4200053E+00 -0.1225529E-05
  0.4893647E+00 -0.1110653E-05
  0.1015197E+01 -0.1714313E-05
  0.1330326E+01 -0.1649976E-05
  0.1430263E+01 -0.1634499E-05
  0.1527679E+01 -0.1619517E-05
  0.1622596E+01 -0.1604679E-05
  0.1715090E+01 -0.1589656E-05
  0.1805681E+01 -0.1574809E-05
  0.1894002E+01 -0.1559396E-05
  0.1980100E+01 -0.1543272E-05
  0.2064425E+01 -0.1526660E-05
  0.2149467E+01 -0.1511263E-05
  0.2240809E+01 -0.1500330E-05
  0.2999335E+01 -0.2016569E-05
  0.4095890E+01 -0.2764968E-05
  0.3627629E+01 -0.2444896E-05
  0.4384731E+01 -0.2963073E-05
  0.4480333E+01 -0.3029998E-05
  0.4381448E+01 -0.2965136E-05
  0.4091881E+01 -0.2771058E-05
  0.3624060E+01 -0.2455773E-05
  0.2997613E+01 -0.2032625E-05
  0.2239979E+01 -0.1519925E-05
  0.1384313E+01 -0.9402121E-06
  0.4680899E+00 -0.3189614E-06
 -0.4686250E+00  0.3167709E-06
 -0.1384853E+01  0.9390723E-06
 -0.2240566E+01  0.1520777E-05
 -0.2998352E+01  0.2036499E-05
 -0.3625095E+01  0.2463655E-05
 -0.4093400E+01  0.2783466E-05
 -0.4382805E+01  0.2982354E-05
 -0.4480658E+01  0.3051151E-05
 -0.4382681E+01  0.2987106E-05
 -0.4093171E+01  0.2792869E-05
 -0.3624775E+01  0.2477156E-05
 -0.2997984E+01  0.2053615E-05
 -0.2240180E+01  0.1540752E-05
 -0.2148047E+01  0.1554081E-05
 -0.1977574E+01  0.1592603E-05
 -0.2062136E+01  0.1572274E-05
 -0.1892058E+01  0.1613982E-05
 -0.1804571E+01  0.1635761E-05
 -0.1714675E+01  0.1657936E-05
 -0.1622275E+01  0.1680602E-05
 -0.1527359E+01  0.1703856E-05
 -0.1429955E+01  0.1728107E-05
 -0.1330075E+01  0.1753739E-05
 -0.1227683E+01  0.1780927E-05
 -0.1122703E+01  0.1810449E-05
 -0.1014967E+01  0.1842987E-05
 -0.9044486E+00  0.1881141E-05
 -0.7914446E+00  0.1931190E-05
 -0.1059212E+01  0.2565670E-05
 -0.1446155E+01  0.3480302E-05
 -0.1280681E+01  0.3089759E-05
 -0.1548436E+01  0.3720608E-05
 -0.1583046E+01  0.3799654E-05
 -0.1548471E+01  0.3714613E-05
 -0.1446220E+01  0.3468701E-05
 -0.1280757E+01  0.3073026E-05
 -0.1059338E+01  0.2544624E-05
 -0.7916119E+00  0.1906760E-05
 -0.4892830E+00  0.1187053E-05
 -0.1655716E+00  0.4171367E-06
  0.1653815E+00 -0.3693129E-06
  0.4890971E+00 -0.1137866E-05
  0.7914421E+00 -0.1855040E-05
  0.1059196E+01 -0.2489502E-05
  0.1280667E+01 -0.3013747E-05
  0.1446191E+01 -0.3404304E-05
  0.1548514E+01 -0.3644496E-05
  0.1583149E+01 -0.3723909E-05
  0.1548605E+01 -0.3638929E-05
  0.1446389E+01 -0.3393165E-05
  0.1280943E+01 -0.2997370E-05
  0.1059479E+01 -0.2468582E-05
  0.7916949E+00 -0.1830468E-05
  0.1122904E+01 -0.1687228E-05
  0.1227902E+01 -0.1666951E-05
  0.9046691E+00 -0.1755754E-05
  0.2043988E+01 -0.2182971E-05
  0.1913773E+01 -0.2204688E-05
  0.2294672E+01 -0.2140556E-05
  0.2415958E+01 -0.2119685E-05
  0.2534921E+01 -0.2098785E-05
  0.2651322E+01 -0.2077230E-05
  0.2764878E+01 -0.2054642E-05
  0.2878167E+01 -0.2032693E-05
  0.4296571E+01 -0.3052307E-05
  0.4200036E+01 -0.2985370E-05
  0.3929256E+01 -0.2786910E-05
  0.4205534E+01 -0.2985962E-05
  0.3481096E+01 -0.2464977E-05
  0.3922932E+01 -0.2789965E-05
  0.3474437E+01 -0.2472717E-05
  0.2874037E+01 -0.2046577E-05
  0.2147701E+01 -0.1530134E-05
  0.1327286E+01 -0.9460559E-06
  0.4487621E+00 -0.3199947E-06
 -0.4494288E+00  0.3206283E-06
 -0.1327980E+01  0.9477399E-06
 -0.2148503E+01  0.1533967E-05
 -0.2875127E+01  0.2053617E-05
 -0.3476093E+01  0.2484122E-05
 -0.3925124E+01  0.2806532E-05
 -0.4202614E+01  0.3006691E-05
 -0.4296413E+01  0.3076140E-05
 -0.4202470E+01  0.3011530E-05
 -0.3924861E+01  0.2815850E-05
 -0.3475721E+01  0.2497938E-05
 -0.2874706E+01  0.2070907E-05
 -0.2415021E+01  0.2177045E-05
 -0.2294745E+01  0.2205594E-05
 -0.2646558E+01  0.2121192E-05
 -0.2532121E+01  0.2148847E-05
 -0.2759730E+01  0.2094664E-05
 -0.2171087E+01  0.2234572E-05
 -0.2044057E+01  0.2264325E-05
 -0.1913691E+01  0.2295287E-05
 -0.1780002E+01  0.2327816E-05
 -0.1642968E+01  0.2362375E-05
 -0.1502479E+01  0.2400206E-05
 -0.1358330E+01  0.2442941E-05
 -0.1210438E+01  0.2494555E-05
 -0.1808932E+01  0.3687490E-05
 -0.1769406E+01  0.3605207E-05
 -0.1652567E+01  0.3378976E-05
 -0.1769411E+01  0.3611014E-05
 -0.1463486E+01  0.3001342E-05
 -0.1652541E+01  0.3367726E-05
 -0.1463475E+01  0.2985109E-05
 -0.1210470E+01  0.2474231E-05
 -0.9045560E+00  0.1857426E-05
 -0.5591057E+00  0.1161634E-05
 -0.1892183E+00  0.4173949E-06
  0.1889367E+00 -0.3429419E-06
  0.5588380E+00 -0.1086075E-05
  0.9043161E+00 -0.1779455E-05
  0.1210276E+01 -0.2392994E-05
  0.1463356E+01 -0.2899523E-05
  0.1652488E+01 -0.3277234E-05
  0.1769389E+01 -0.3509422E-05
  0.1808988E+01 -0.3586363E-05
  0.1769516E+01 -0.3504091E-05
  0.1652717E+01 -0.3266402E-05
  0.1463670E+01 -0.2883654E-05
  0.1210637E+01 -0.2372627E-05
  0.1502659E+01 -0.2280384E-05
  0.1643126E+01 -0.2251694E-05
  0.2170846E+01 -0.2161612E-05
  0.1358521E+01 -0.2317755E-05
  0.1780140E+01 -0.2227222E-05
  0.2771755E+01 -0.2595281E-05
  0.2917762E+01 -0.2569065E-05
  0.3342806E+01 -0.2491156E-05
  0.3766884E+01 -0.2817776E-05
  0.3335977E+01 -0.2497042E-05
  0.4032871E+01 -0.3015403E-05
  0.4124958E+01 -0.3083528E-05
  0.3771328E+01 -0.2815403E-05
  0.4036592E+01 -0.3016123E-05
 -0.2313739E+01  0.2763591E-05
  0.2061873E+01 -0.1544811E-05
  0.1274154E+01 -0.9545261E-06
  0.4307643E+00 -0.3217866E-06
 -0.4315045E+00  0.3256495E-06
 -0.1274916E+01  0.9594506E-06
 -0.2062625E+01  0.1551960E-05
 -0.2760179E+01  0.2077249E-05
 -0.3337095E+01  0.2512277E-05
 -0.3768146E+01  0.2838018E-05
 -0.4034523E+01  0.3040340E-05
 -0.4124569E+01  0.3110471E-05
 -0.4034375E+01  0.3045335E-05
 -0.3767876E+01  0.2847665E-05
 -0.3336709E+01  0.2526022E-05
 -0.2624966E+01  0.2692149E-05
 -0.2471365E+01  0.2727177E-05
 -0.2774479E+01  0.2657905E-05
 -0.2919936E+01  0.2624092E-05
 -0.3199884E+01  0.2557658E-05
 -0.3061519E+01  0.2590627E-05
 -0.1358276E+01  0.2422952E-05
 -0.2152100E+01  0.2801742E-05
 -0.1986398E+01  0.2842612E-05
 -0.1816556E+01  0.2887357E-05
 -0.1642296E+01  0.2938374E-05
 -0.1854310E+01  0.3296759E-05
 -0.1642192E+01  0.2922602E-05
 -0.1985453E+01  0.3529198E-05
 -0.2029831E+01  0.3609698E-05
 -0.1854460E+01  0.3307815E-05
 -0.1985543E+01  0.3534798E-05
 -0.1015016E+01  0.1819750E-05
 -0.6273881E+00  0.1139266E-05
 -0.2123428E+00  0.4113877E-06
  0.2119758E+00 -0.3323574E-06
  0.6270345E+00 -0.1059124E-05
  0.1014704E+01 -0.1737318E-05
  0.1358025E+01 -0.2337320E-05
  0.1642004E+01 -0.2832745E-05
  0.1854229E+01 -0.3202057E-05
  0.1985426E+01 -0.3429243E-05
  0.2029865E+01 -0.3504424E-05
  0.1985612E+01 -0.3423866E-05
  0.1854566E+01 -0.3191504E-05
  0.1642450E+01 -0.2817211E-05
  0.2152032E+01 -0.2705124E-05
  0.2622934E+01 -0.2621945E-05
  0.1986435E+01 -0.2736060E-05
  0.2759331E+01 -0.2066691E-05
  0.1816664E+01 -0.2771779E-05
  0.2313325E+01 -0.2676609E-05
  0.3203793E+01 -0.2517705E-05
  0.3061876E+01 -0.2543391E-05
  0.2470297E+01 -0.2649040E-05
  0.3127868E+01 -0.2935114E-05
  0.3292043E+01 -0.2904393E-05
  0.3868609E+01 -0.3048048E-05
  0.3615137E+01 -0.2850921E-05
  0.3201361E+01 -0.2525798E-05
  0.3614058E+01 -0.2844917E-05
  0.3869946E+01 -0.3051013E-05
  0.3955591E+01 -0.3117935E-05
 -0.2242978E+01  0.3200504E-05
  0.1977775E+01 -0.1561432E-05
 -0.3132927E+01  0.2994874E-05
  0.4131005E+00 -0.3237199E-06
  0.1222012E+01 -0.9639419E-06
 -0.1222665E+01  0.9726231E-06
 -0.1978065E+01  0.1572061E-05
 -0.2647003E+01  0.2103426E-05
 -0.3200248E+01  0.2543583E-05
 -0.3613588E+01  0.2873117E-05
 -0.3869031E+01  0.3078106E-05
 -0.3955394E+01  0.3149026E-05
 -0.3868907E+01  0.3082995E-05
 -0.3613345E+01  0.2883091E-05
 -0.3457084E+01  0.2919884E-05
 -0.1502277E+01  0.2380544E-05
 -0.2790601E+01  0.3072304E-05
 -0.2964071E+01  0.3033192E-05
 -0.3297178E+01  0.2957254E-05
 -0.6939144E+00  0.1118386E-05
 -0.2051205E+01  0.3250633E-05
 -0.2196014E+01  0.3468242E-05
 -0.2430066E+01  0.3155089E-05
 -0.2196183E+01  0.3473765E-05
 -0.2348724E+00  0.4026778E-06
 -0.1816294E+01  0.2871800E-05
 -0.2050959E+01  0.3239516E-05
 -0.2245156E+01  0.3547575E-05
 -0.1122633E+01  0.1787391E-05
  0.2344404E+00 -0.3284939E-06
  0.6935032E+00 -0.1043155E-05
  0.1122265E+01 -0.1709978E-05
  0.1501987E+01 -0.2299939E-05
  0.1816074E+01 -0.2787094E-05
  0.2050803E+01 -0.3150261E-05
  0.2195934E+01 -0.3373617E-05
  0.2245097E+01 -0.3447329E-05
  0.2196159E+01 -0.3368360E-05
  0.2051239E+01 -0.3139945E-05
  0.2611682E+01 -0.3029797E-05
  0.2960700E+01 -0.2966523E-05
  0.2647336E+01 -0.2089804E-05
  0.2242883E+01 -0.3098696E-05
  0.3454514E+01 -0.2874677E-05
  0.2788684E+01 -0.2998051E-05
  0.2429714E+01 -0.3062879E-05
 -0.4138339E+00  0.3313489E-06
 -0.2612603E+01  0.3112587E-05
  0.3526451E+01 -0.3114099E-05
  0.3784413E+01 -0.3153404E-05
  0.3065071E+01 -0.2556213E-05
 -0.3354414E+01  0.3201997E-05
 -0.3959433E+00  0.3374843E-06
  0.1892862E+01 -0.1578607E-05
 -0.2401490E+01  0.3420578E-05
 -0.2532518E+01  0.2130891E-05
 -0.3530315E+01  0.3161942E-05
 -0.2797233E+01  0.3327045E-05
  0.1169395E+01 -0.9736548E-06
 -0.1892508E+01  0.1593066E-05
 -0.3457285E+01  0.2909930E-05
 -0.3701643E+01  0.3117011E-05
 -0.3784299E+01  0.3189010E-05
 -0.3701557E+01  0.3122320E-05
  0.2563377E+00 -0.3274579E-06
 -0.2987835E+01  0.3284215E-05
 -0.2242657E+01  0.3189706E-05
 -0.1642674E+01  0.2342806E-05
 -0.3173589E+01  0.3242679E-05
  0.1227132E+01 -0.1689166E-05
 -0.2568215E+00  0.3932151E-06
 -0.1227538E+01  0.1758205E-05
  0.7582996E+00 -0.1031883E-05
 -0.2401301E+01  0.3414913E-05
 -0.1986051E+01  0.2827058E-05
 -0.2601797E+01  0.3372137E-05
 -0.3061804E+01  0.2576319E-05
 -0.1169781E+01  0.9864262E-06
  0.1642332E+01 -0.2270664E-05
  0.1985785E+01 -0.2750944E-05
  0.2242492E+01 -0.3109110E-05
  0.2401195E+01 -0.3329158E-05
  0.2454925E+01 -0.3401974E-05
  0.2401346E+01 -0.3323791E-05
  0.2601372E+01 -0.3285328E-05
  0.3170930E+01 -0.3181679E-05
  0.2986179E+01 -0.3215284E-05
  0.3350792E+01 -0.3147933E-05
  0.3952794E+00 -0.3254958E-06
 -0.7587603E+00  0.1098769E-05
  0.3698781E+01 -0.3080648E-05
  0.3460849E+01 -0.2885283E-05
  0.2796310E+01 -0.3249709E-05
 -0.2455034E+01  0.3493076E-05
  0.2534258E+01 -0.2114065E-05
 -0.3776125E+00  0.3440080E-06
  0.2151547E+01 -0.2720095E-05
  0.1779414E+01 -0.2246017E-05
  0.2429725E+01 -0.3073803E-05
 -0.2415301E+01  0.2158736E-05
  0.2777176E+00 -0.3276022E-06
 -0.2859603E+01  0.3397815E-05
  0.1115427E+01 -0.9828930E-06
 -0.1804906E+01  0.1614618E-05
  0.3609083E+01 -0.3188646E-05
 -0.3297258E+01  0.2947106E-05
 -0.3530362E+01  0.3156799E-05
 -0.1779668E+01  0.2308278E-05
 -0.3054493E+01  0.3354016E-05
  0.1329525E+01 -0.1671975E-05
 -0.1329899E+01  0.1731170E-05
 -0.2429716E+01  0.3144169E-05
  0.8215606E+00 -0.1023005E-05
 -0.3244408E+01  0.3311759E-05
 -0.8220383E+00  0.1080210E-05
 -0.2601587E+01  0.3366640E-05
  0.3533344E+01 -0.3122683E-05
 -0.3609201E+01  0.3229519E-05
 -0.2782382E+00  0.3837487E-06
 -0.2151693E+01  0.2786265E-05
 -0.2659802E+01  0.3443845E-05
  0.2601580E+01 -0.3290901E-05
  0.2659539E+01 -0.3362352E-05
  0.3770180E+00 -0.3269597E-06
  0.3053875E+01 -0.3291414E-05
  0.3428917E+01 -0.3223302E-05
  0.3243796E+01 -0.3257282E-05
  0.2923760E+01 -0.2585161E-05
 -0.3429306E+01  0.3270392E-05
  0.2417603E+01 -0.2137548E-05
  0.1805617E+01 -0.1595364E-05
 -0.2920095E+01  0.2609496E-05
  0.2859189E+01 -0.3326076E-05
  0.3301199E+01 -0.2918323E-05
 -0.1115644E+01  0.1000719E-05
  0.2797265E+01 -0.3255941E-05
 -0.1429817E+01  0.1705881E-05
  0.3136105E+01 -0.2949864E-05
 -0.2294835E+01  0.2187012E-05
 -0.2987688E+01  0.3278744E-05
 -0.2774478E+01  0.2642993E-05
  0.1715589E+01 -0.1611297E-05
  0.2296828E+01 -0.2159846E-05
 -0.3132877E+01  0.2984636E-05
 -0.3354375E+01  0.3196687E-05
 -0.1913389E+01  0.2275753E-05
  0.2313710E+01 -0.2692196E-05
 -0.8837891E+00  0.1062763E-05
  0.1429617E+01 -0.1656335E-05
  0.3582511E+00 -0.3279306E-06
 -0.2612274E+01  0.3101741E-05
  0.8833870E+00 -0.1015117E-05
 -0.2313368E+01  0.2748119E-05
 -0.2797040E+01  0.3321464E-05
 -0.1059998E+01  0.1015349E-05
  0.3356593E+01 -0.3156676E-05
 -0.2991390E+00  0.3747550E-06
  0.2777589E+01 -0.2612806E-05
  0.1913475E+01 -0.2223620E-05
 -0.1714883E+01  0.1636400E-05
 -0.3587627E+00  0.3509334E-06
 -0.3173477E+01  0.3237144E-05
  0.2986229E+00 -0.3280822E-06
  0.3174940E+01 -0.3189811E-05
  0.1059829E+01 -0.9916040E-06
  0.2612767E+01 -0.3041530E-05
  0.2988448E+01 -0.3222581E-05
 -0.1527311E+01  0.1681878E-05
  0.2044520E+01 -0.2202418E-05
  0.2791592E+01 -0.3010908E-05
 -0.1002787E+01  0.1030551E-05
 -0.2624803E+01  0.2677041E-05
  0.1622812E+01 -0.1626616E-05
  0.3704360E+01 -0.3087423E-05
  0.2472229E+01 -0.2665639E-05
 -0.9440465E+00  0.1046221E-05
  0.1527447E+01 -0.1641426E-05
 -0.2963900E+01  0.3022579E-05
  0.2966051E+01 -0.2980579E-05
  0.1002628E+01 -0.9998377E-06
  0.9437822E+00 -0.1007581E-05
 -0.2790342E+01  0.3061430E-05
 -0.2171006E+01  0.2215771E-05
 -0.3195061E+00  0.3662604E-06
  0.3389447E+00 -0.3284592E-06
 -0.2043844E+01  0.2245226E-05
 -0.2471081E+01  0.2711865E-05
  0.3190576E+00 -0.3284610E-06
 -0.3393799E+00  0.3582650E-06
 -0.1622344E+01  0.1658785E-05
  0.2626985E+01 -0.2639480E-05
  0.2172371E+01 -0.2181355E-05
  0.4439829E-01  0.8029181E-06
 -0.3361321E+00  0.1471113E-05
  0.3435689E+00  0.1522280E-06
  0.3107679E+00  0.3597779E-06
  0.4483217E+00  0.1455106E-06
  0.5347261E+00  0.2899867E-08
  0.6180005E+00 -0.1365270E-06
  0.6985122E+00 -0.2705385E-06
  0.7759284E+00 -0.4009285E-06
  0.8499252E+00 -0.5253776E-06
  0.9201930E+00 -0.6423032E-06
  0.9864381E+00 -0.7538446E-06
  0.1048375E+01 -0.8582578E-06
  0.1105739E+01 -0.9548686E-06
  0.1158297E+01 -0.1042572E-05
  0.1205799E+01 -0.1123134E-05
  0.1248043E+01 -0.1194296E-05
  0.1284850E+01 -0.1255927E-05
  0.1316036E+01 -0.1308939E-05
  0.1341454E+01 -0.1351775E-05
  0.1360976E+01 -0.1384741E-05
  0.1374468E+01 -0.1407884E-05
  0.1379251E+01 -0.1416536E-05
  0.1353903E+01 -0.1382388E-05
 -0.2230756E+00  0.1249368E-05
  0.1312737E+01 -0.1317813E-05
 -0.6267195E+00  0.1885453E-05
  0.1221337E+01 -0.1167020E-05
 -0.4819324E+00  0.1680149E-05
  0.1082206E+01 -0.9369830E-06
 -0.8924862E+00  0.2260937E-05
  0.9006135E+00 -0.6360969E-06
 -0.7218730E+00  0.2078441E-05
  0.6836561E+00 -0.2749166E-06
 -0.1123437E+01  0.2584021E-05
  0.4397886E+00  0.1295965E-06
 -0.9336218E+00  0.2429686E-05
  0.1786077E+00  0.5637555E-06
 -0.1310260E+01  0.2843152E-05
 -0.8955418E-01  0.1010527E-05
 -0.1108805E+01  0.2719384E-05
 -0.3541810E+00  0.1450463E-05
 -0.1445564E+01  0.3026854E-05
 -0.6048945E+00  0.1867853E-05
 -0.1240342E+01  0.2936454E-05
 -0.8318821E+00  0.2246330E-05
 -0.1524078E+01  0.3128707E-05
 -0.1026219E+01  0.2570722E-05
 -0.1323068E+01  0.3072812E-05
 -0.1180284E+01  0.2828826E-05
 -0.1543002E+01  0.3143924E-05
 -0.1288008E+01  0.3009488E-05
 -0.1354058E+01  0.3122988E-05
 -0.1345143E+01  0.3106565E-05
 -0.1501469E+01  0.3072541E-05
 -0.1349479E+01  0.3115605E-05
 -0.1332008E+01  0.3083619E-05
 -0.1301050E+01  0.3036149E-05
 -0.1400991E+01  0.2918001E-05
 -0.1201590E+01  0.2871876E-05
 -0.1257654E+01  0.2958190E-05
 -0.1054872E+01  0.2630262E-05
 -0.1245518E+01  0.2684758E-05
 -0.8666637E+00  0.2317919E-05
 -0.1133917E+01  0.2750997E-05
 -0.6445632E+00  0.1950358E-05
 -0.1041156E+01  0.2384040E-05
 -0.3972143E+00  0.1538954E-05
 -0.9656534E+00  0.2469992E-05
 -0.1343737E+00  0.1100396E-05
 -0.4518247E-01  0.9518926E-06
  0.1541273E+01 -0.1279485E-05
 -0.7958921E+00  0.2025316E-05
  0.1176032E+01 -0.1320000E-05
 -0.7595042E+00  0.2125452E-05
  0.1080959E+01 -0.1137963E-05
 -0.5193754E+00  0.1623154E-05
  0.9435956E+00 -0.8771727E-06
 -0.5235378E+00  0.1732750E-05
  0.7692124E+00 -0.5497445E-06
 -0.2224454E+00  0.1194862E-05
  0.5646231E+00 -0.1691736E-06
 -0.2670469E+00  0.1305929E-05
  0.3377869E+00  0.2517726E-06
  0.8325211E-01  0.7559589E-06
  0.9770259E-01  0.6952093E-06
 -0.5928829E-04  0.8608677E-06
 -0.1461868E+00  0.1144260E-05
  0.3856914E+00  0.3229356E-06
 -0.3843239E+00  0.1580960E-05
  0.2669605E+00  0.4167346E-06
 -0.6073946E+00  0.1987920E-05
  0.6729890E+00 -0.8415866E-07
 -0.8066588E+00  0.2349417E-05
  0.5235164E+00 -0.9608151E-08
 -0.9742842E+00  0.2651839E-05
  0.9337561E+00 -0.4538665E-06
 -0.1103670E+01  0.2882798E-05
  0.7594699E+00 -0.4018779E-06
 -0.1189703E+01  0.3032891E-05
  0.1157777E+01 -0.7675118E-06
 -0.1229014E+01  0.3096509E-05
  0.9655245E+00 -0.7429990E-06
 -0.1220094E+01  0.3071794E-05
  0.1336337E+01 -0.1015068E-05
 -0.1163463E+01  0.2958642E-05
  0.1133681E+01 -0.1022149E-05
 -0.1061127E+01  0.2762774E-05
  0.1462628E+01 -0.1185390E-05
 -0.9170375E+00  0.2490781E-05
  0.1257431E+01 -0.1226122E-05
 -0.7369195E+00  0.2154212E-05
  0.1531934E+01 -0.1272787E-05
 -0.5280318E+00  0.1764770E-05
  0.1332089E+01 -0.1348466E-05
 -0.2985182E+00  0.1338643E-05
  0.2227435E+00  0.5058021E-06
  0.1225398E+01 -0.1418578E-05
  0.1338974E+00  0.6543605E-06
  0.0000000E+00  0.0000000E+00
  0.0000000E+00  0.0000000E+00
  0.0000000E+00  0.0000000E+00
  0.0000000E+00  0.0000000E+00
  0.0000000E+00  0.0000000E+00
  0.0000000E+00  0.0000000E+00
  0.0000000E+00  0.0000000E+00
  0.0000000E+00  0.0000000E+00
  0.0000000E+00  0.0000000E+00
  0.0000000E+00  0.0000000E+00
  0.0000000E+00  0.0000000E+00
  0.0000000E+00  0.0000000E+00
  0.0000000E+00  0.0000000E+00
  0.0000000E+00  0.0000000E+00
  0.0000000E+00  0.0000000E+00
  0.0000000E+00  0.0000000E+00
  0.0000000E+00  0.0000000E+00
  0.0000000E+00  0.0000000E+00
  0.0000000E+00  0.0000000E+00
  0.0000000E+00  0.0000000E+00
  0.0000000E+00  0.0000000E+00
  0.0000000E+00  0.0000000E+00
  0.0000000E+00  0.0000000E+00
  0.0000000E+00  0.0000000E+00
  0.0000000E+00  0.0000000E+00
  0.0000000E+00  0.0000000E+00
  0.0000000E+00  0.0000000E+00
  0.0000000E+00  0.0000000E+00
  0.0000000E+00  0.0000000E+00
  0.0000000E+00  0.0000000E+00
  0.0000000E+00  0.0000000E+00
  0.0000000E+00  0.0000000E+00
  0.0000000E+00  0.0000000E+00
  0.0000000E+00  0.0000000E+00
  0.0000000E+00  0.0000000E+00
  0.0000000E+00  0.0000000E+00
  0.0000000E+00  0.0000000E+00
  0.0000000E+00  0.0000000E+00
  0.0000000E+00  0.0000000E+00
  0.0000000E+00  0.0000000E+00
  0.0000000E+00  0.0000000E+00
  0.0000000E+00  0.0000000E+00
  0.0000000E+00  0.0000000E+00
  0.0000000E+00  0.0000000E+00
  0.0000000E+00  0.0000000E+00
  0.0000000E+00  0.0000000E+00
  0.0000000E+00  0.0000000E+00
  0.0000000E+00  0.0000000E+00
  0.0000000E+00  0.0000000E+00
  0.0000000E+00  0.0000000E+00
  0.0000000E+00  0.0000000E+00
  0.0000000E+00  0.0000000E+00
  0.0000000E+00  0.0000000E+00
  0.0000000E+00  0.0000000E+00
  0.0000000E+00  0.0000000E+00
  0.0000000E+00  0.0000000E+00
  0.0000000E+00  0.0000000E+00
  0.0000000E+00  0.0000000E+00
  0.0000000E+00  0.0000000E+00
  0.0000000E+00  0.0000000E+00
  0.0000000E+00  0.0000000E+00
  0.0000000E+00  0.0000000E+00
  0.0000000E+00  0.0000000E+00
  0.0000000E+00  0.0000000E+00
  0.0000000E+00  0.0000000E+00
  0.0000000E+00  0.0000000E+00
  0.0000000E+00  0.0000000E+00
  0.0000000E+00  0.0000000E+00
  0.0000000E+00  0.0000000E+00
  0.0000000E+00  0.0000000E+00
  0.0000000E+00  0.0000000E+00
  0.0000000E+00  0.0000000E+00
  0.0000000E+00  0.0000000E+00
  0.0000000E+00  0.0000000E+00
  0.0000000E+00  0.0000000E+00
  0.0000000E+00  0.0000000E+00
  0.0000000E+00  0.0000000E+00
  0.0000000E+00  0.0000000E+00
  0.0000000E+00  0.0000000E+00
  0.0000000E+00  0.0000000E+00
  0.0000000E+00  0.0000000E+00
  0.0000000E+00  0.0000000E+00
  0.0000000E+00  0.0000000E+00
  0.0000000E+00  0.0000000E+00
  0.0000000E+00  0.0000000E+00
  0.0000000E+00  0.0000000E+00
  0.0000000E+00  0.0000000E+00
  0.0000000E+00  0.0000000E+00
  0.0000000E+00  0.0000000E+00
  0.0000000E+00  0.0000000E+00
  0.0000000E+00  0.0000000E+00
  0.0000000E+00  0.0000000E+00
  0.0000000E+00  0.0000000E+00
  0.0000000E+00  0.0000000E+00
  0.0000000E+00  0.0000000E+00
  0.0000000E+00  0.0000000E+00
  0.0000000E+00  0.0000000E+00
  0.0000000E+00  0.0000000E+00
  0.0000000E+00  0.0000000E+00
  0.0000000E+00  0.0000000E+00
  0.0000000E+00  0.0000000E+00
  0.0000000E+00  0.0000000E+00
  0.0000000E+00  0.0000000E+00
  0.0000000E+00  0.0000000E+00
  0.0000000E+00  0.0000000E+00
  0.0000000E+00  0.0000000E+00
  0.0000000E+00  0.0000000E+00
  0.0000000E+00  0.0000000E+00
  0.0000000E+00  0.0000000E+00
  0.0000000E+00  0.0000000E+00
  0.0000000E+00  0.0000000E+00
  0.0000000E+00  0.0000000E+00
  0.0000000E+00  0.0000000E+00
  0.0000000E+00  0.0000000E+00
  0.0000000E+00  0.0000000E+00
  0.0000000E+00  0.0000000E+00
  0.0000000E+00  0.0000000E+00
  0.0000000E+00  0.0000000E+00
  0.0000000E+00  0.0000000E+00
  0.0000000E+00  0.0000000E+00
  0.0000000E+00  0.0000000E+00
  0.0000000E+00  0.0000000E+00
  0.0000000E+00  0.0000000E+00
  0.0000000E+00  0.0000000E+00
  0.0000000E+00  0.0000000E+00
  0.0000000E+00  0.0000000E+00
  0.0000000E+00  0.0000000E+00
  0.0000000E+00  0.0000000E+00
  0.0000000E+00  0.0000000E+00
  0.0000000E+00  0.0000000E+00
  0.0000000E+00  0.0000000E+00
  0.0000000E+00  0.0000000E+00
  0.0000000E+00  0.0000000E+00
  0.0000000E+00  0.0000000E+00
  0.0000000E+00  0.0000000E+00
  0.0000000E+00  0.0000000E+00
  0.0000000E+00  0.0000000E+00
  0.0000000E+00  0.0000000E+00
  0.0000000E+00  0.0000000E+00
  0.0000000E+00  0.0000000E+00
  0.0000000E+00  0.0000000E+00
  0.0000000E+00  0.0000000E+00
  0.0000000E+00  0.0000000E+00
  0.0000000E+00  0.0000000E+00
  0.0000000E+00  0.0000000E+00
  0.0000000E+00  0.0000000E+00
  0.0000000E+00  0.0000000E+00
  0.0000000E+00  0.0000000E+00
  0.0000000E+00  0.0000000E+00
  0.0000000E+00  0.0000000E+00
  0.0000000E+00  0.0000000E+00
  0.0000000E+00  0.0000000E+00
  0.0000000E+00  0.0000000E+00
  0.0000000E+00  0.0000000E+00
  0.0000000E+00  0.0000000E+00
  0.0000000E+00  0.0000000E+00
  0.0000000E+00  0.0000000E+00
  0.0000000E+00  0.0000000E+00
  0.0000000E+00  0.0000000E+00
  0.0000000E+00  0.0000000E+00
  0.0000000E+00  0.0000000E+00
  0.0000000E+00  0.0000000E+00
  0.0000000E+00  0.0000000E+00
  0.0000000E+00  0.0000000E+00
  0.0000000E+00  0.0000000E+00
  0.0000000E+00  0.0000000E+00
  0.0000000E+00  0.0000000E+00
  0.0000000E+00  0.0000000E+00
  0.0000000E+00  0.0000000E+00
  0.0000000E+00  0.0000000E+00
  0.0000000E+00  0.0000000E+00
  0.0000000E+00  0.0000000E+00
  0.0000000E+00  0.0000000E+00
  0.0000000E+00  0.0000000E+00
  0.0000000E+00  0.0000000E+00
  0.0000000E+00  0.0000000E+00
  0.0000000E+00  0.0000000E+00
  0.0000000E+00  0.0000000E+00
  0.0000000E+00  0.0000000E+00
  0.0000000E+00  0.0000000E+00
  0.0000000E+00  0.0000000E+00
  0.0000000E+00  0.0000000E+00
  0.0000000E+00  0.0000000E+00
  0.0000000E+00  0.0000000E+00
  0.0000000E+00  0.0000000E+00
  0.0000000E+00  0.0000000E+00
  0.0000000E+00  0.0000000E+00
  0.0000000E+00  0.0000000E+00
  0.0000000E+00  0.0000000E+00
  0.0000000E+00  0.0000000E+00
  0.0000000E+00  0.0000000E+00
  0.0000000E+00  0.0000000E+00
  0.0000000E+00  0.0000000E+00
  0.0000000E+00  0.0000000E+00
  0.0000000E+00  0.0000000E+00
  0.0000000E+00  0.0000000E+00
  0.0000000E+00  0.0000000E+00
  0.0000000E+00  0.0000000E+00
  0.0000000E+00  0.0000000E+00
  0.0000000E+00  0.0000000E+00
  0.0000000E+00  0.0000000E+00
  0.0000000E+00  0.0000000E+00
  0.0000000E+00  0.0000000E+00
  0.0000000E+00  0.0000000E+00
  0.0000000E+00  0.0000000E+00
  0.0000000E+00  0.0000000E+00
  0.0000000E+00  0.0000000E+00
  0.0000000E+00  0.0000000E+00
  0.0000000E+00  0.0000000E+00
  0.0000000E+00  0.0000000E+00
  0.0000000E+00  0.0000000E+00
  0.0000000E+00  0.0000000E+00
  0.0000000E+00  0.0000000E+00
  0.0000000E+00  0.0000000E+00
  0.0000000E+00  0.0000000E+00
  0.0000000E+00  0.0000000E+00
  0.0000000E+00  0.0000000E+00
  0.0000000E+00  0.0000000E+00
  0.0000000E+00  0.0000000E+00
  0.0000000E+00  0.0000000E+00
  0.0000000E+00  0.0000000E+00
  0.0000000E+00  0.0000000E+00
  0.0000000E+00  0.0000000E+00
  0.0000000E+00  0.0000000E+00
  0.0000000E+00  0.0000000E+00
  0.0000000E+00  0.0000000E+00
  0.0000000E+00  0.0000000E+00
  0.0000000E+00  0.0000000E+00
  0.0000000E+00  0.0000000E+00
  0.0000000E+00  0.0000000E+00
  0.0000000E+00  0.0000000E+00
  0.0000000E+00  0.0000000E+00
  0.0000000E+00  0.0000000E+00
  0.0000000E+00  0.0000000E+00
  0.0000000E+00  0.0000000E+00
  0.0000000E+00  0.0000000E+00
  0.0000000E+00  0.0000000E+00
  0.0000000E+00  0.0000000E+00
  0.0000000E+00  0.0000000E+00
  0.0000000E+00  0.0000000E+00
  0.0000000E+00  0.0000000E+00
  0.0000000E+00  0.0000000E+00
  0.0000000E+00  0.0000000E+00
  0.0000000E+00  0.0000000E+00
  0.0000000E+00  0.0000000E+00
  0.0000000E+00  0.0000000E+00
  0.0000000E+00  0.0000000E+00
  0.0000000E+00  0.0000000E+00
  0.0000000E+00  0.0000000E+00
  0.0000000E+00  0.0000000E+00
  0.0000000E+00  0.0000000E+00
  0.0000000E+00  0.0000000E+00
  0.0000000E+00  0.0000000E+00
  0.0000000E+00  0.0000000E+00
  0.0000000E+00  0.0000000E+00
  0.0000000E+00  0.0000000E+00
  0.0000000E+00  0.0000000E+00
  0.0000000E+00  0.0000000E+00
  0.0000000E+00  0.0000000E+00
  0.0000000E+00  0.0000000E+00
  0.0000000E+00  0.0000000E+00
  0.0000000E+00  0.0000000E+00
  0.0000000E+00  0.0000000E+00
  0.0000000E+00  0.0000000E+00
  0.0000000E+00  0.0000000E+00
  0.0000000E+00  0.0000000E+00
  0.0000000E+00  0.0000000E+00
  0.0000000E+00  0.0000000E+00
  0.0000000E+00  0.0000000E+00
  0.0000000E+00  0.0000000E+00
  0.0000000E+00  0.0000000E+00
  0.0000000E+00  0.0000000E+00
  0.0000000E+00  0.0000000E+00
  0.0000000E+00  0.0000000E+00
  0.0000000E+00  0.0000000E+00
  0.0000000E+00  0.0000000E+00
  0.0000000E+00  0.0000000E+00
  0.0000000E+00  0.0000000E+00
  0.0000000E+00  0.0000000E+00
  0.0000000E+00  0.0000000E+00
  0.0000000E+00  0.0000000E+00
  0.0000000E+00  0.0000000E+00
  0.0000000E+00  0.0000000E+00
  0.0000000E+00  0.0000000E+00
  0.0000000E+00  0.0000000E+00
  0.0000000E+00  0.0000000E+00
  0.0000000E+00  0.0000000E+00
  0.0000000E+00  0.0000000E+00
  0.0000000E+00  0.0000000E+00
  0.0000000E+00  0.0000000E+00
  0.0000000E+00  0.0000000E+00
  0.0000000E+00  0.0000000E+00
  0.0000000E+00  0.0000000E+00
  0.0000000E+00  0.0000000E+00
  0.0000000E+00  0.0000000E+00
  0.0000000E+00  0.0000000E+00
  0.0000000E+00  0.0000000E+00
  0.0000000E+00  0.0000000E+00
  0.0000000E+00  0.0000000E+00
  0.0000000E+00  0.0000000E+00
  0.0000000E+00  0.0000000E+00
  0.0000000E+00  0.0000000E+00
  0.0000000E+00  0.0000000E+00
  0.0000000E+00  0.0000000E+00
  0.0000000E+00  0.0000000E+00
  0.0000000E+00  0.0000000E+00
  0.0000000E+00  0.0000000E+00
  0.0000000E+00  0.0000000E+00
  0.0000000E+00  0.0000000E+00
  0.0000000E+00  0.0000000E+00
  0.0000000E+00  0.0000000E+00
  0.0000000E+00  0.0000000E+00
  0.0000000E+00  0.0000000E+00
  0.0000000E+00  0.0000000E+00
  0.0000000E+00  0.0000000E+00
  0.0000000E+00  0.0000000E+00
  0.0000000E+00  0.0000000E+00
  0.0000000E+00  0.0000000E+00
  0.0000000E+00  0.0000000E+00
  0.0000000E+00  0.0000000E+00
  0.0000000E+00  0.0000000E+00
  0.0000000E+00  0.0000000E+00
  0.0000000E+00  0.0000000E+00
  0.0000000E+00  0.0000000E+00
  0.0000000E+00  0.0000000E+00
  0.0000000E+00  0.0000000E+00
  0.0000000E+00  0.0000000E+00
  0.0000000E+00  0.0000000E+00
  0.0000000E+00  0.0000000E+00
  0.0000000E+00  0.0000000E+00
  0.0000000E+00  0.0000000E+00
  0.0000000E+00  0.0000000E+00
  0.0000000E+00  0.0000000E+00
  0.0000000E+00  0.0000000E+00
  0.0000000E+00  0.0000000E+00
  0.0000000E+00  0.0000000E+00
  0.0000000E+00  0.0000000E+00
  0.0000000E+00  0.0000000E+00
  0.0000000E+00  0.0000000E+00
  0.0000000E+00  0.0000000E+00
  0.0000000E+00  0.0000000E+00
  0.0000000E+00  0.0000000E+00
  0.0000000E+00  0.0000000E+00
  0.0000000E+00  0.0000000E+00
  0.0000000E+00  0.0000000E+00
  0.0000000E+00  0.0000000E+00
  0.0000000E+00  0.0000000E+00
  0.0000000E+00  0.0000000E+00
  0.0000000E+00  0.0000000E+00
  0.0000000E+00  0.0000000E+00
  0.0000000E+00  0.0000000E+00
  0.0000000E+00  0.0000000E+00
  0.0000000E+00  0.0000000E+00
  0.0000000E+00  0.0000000E+00
  0.0000000E+00  0.0000000E+00
  0.0000000E+00  0.0000000E+00
  0.0000000E+00  0.0000000E+00
  0.0000000E+00  0.0000000E+00
  0.0000000E+00  0.0000000E+00
  0.0000000E+00  0.0000000E+00
  0.0000000E+00  0.0000000E+00
  0.0000000E+00  0.0000000E+00
  0.0000000E+00  0.0000000E+00
  0.0000000E+00  0.0000000E+00
  0.0000000E+00  0.0000000E+00
  0.0000000E+00  0.0000000E+00
  0.0000000E+00  0.0000000E+00
  0.0000000E+00  0.0000000E+00
  0.0000000E+00  0.0000000E+00
  0.0000000E+00  0.0000000E+00
  0.0000000E+00  0.0000000E+00
  0.0000000E+00  0.0000000E+00
  0.0000000E+00  0.0000000E+00
  0.0000000E+00  0.0000000E+00
  0.0000000E+00  0.0000000E+00
  0.0000000E+00  0.0000000E+00
  0.0000000E+00  0.0000000E+00
  0.0000000E+00  0.0000000E+00
  0.0000000E+00  0.0000000E+00
  0.0000000E+00  0.0000000E+00
  0.0000000E+00  0.0000000E+00
  0.0000000E+00  0.0000000E+00
  0.0000000E+00  0.0000000E+00
  0.0000000E+00  0.0000000E+00
  0.0000000E+00  0.0000000E+00
  0.0000000E+00  0.0000000E+00
  0.0000000E+00  0.0000000E+00
  0.0000000E+00  0.0000000E+00
  0.0000000E+00  0.0000000E+00
  0.0000000E+00  0.0000000E+00
  0.0000000E+00  0.0000000E+00
  0.0000000E+00  0.0000000E+00
  0.0000000E+00  0.0000000E+00
  0.0000000E+00  0.0000000E+00
  0.0000000E+00  0.0000000E+00
  0.0000000E+00  0.0000000E+00
  0.0000000E+00  0.0000000E+00
  0.0000000E+00  0.0000000E+00
  0.0000000E+00  0.0000000E+00
  0.0000000E+00  0.0000000E+00
  0.0000000E+00  0.0000000E+00
  0.0000000E+00  0.0000000E+00
  0.0000000E+00  0.0000000E+00
  0.0000000E+00  0.0000000E+00
  0.0000000E+00  0.0000000E+00
  0.0000000E+00  0.0000000E+00
  0.0000000E+00  0.0000000E+00
  0.0000000E+00  0.0000000E+00
  0.0000000E+00  0.0000000E+00
  0.0000000E+00  0.0000000E+00
  0.0000000E+00  0.0000000E+00
  0.0000000E+00  0.0000000E+00
  0.0000000E+00  0.0000000E+00
  0.0000000E+00  0.0000000E+00
  0.0000000E+00  0.0000000E+00
  0.0000000E+00  0.0000000E+00
  0.0000000E+00  0.0000000E+00
  0.0000000E+00  0.0000000E+00
  0.0000000E+00  0.0000000E+00
  0.0000000E+00  0.0000000E+00
  0.0000000E+00  0.0000000E+00
  0.0000000E+00  0.0000000E+00
  0.0000000E+00  0.0000000E+00
  0.0000000E+00  0.0000000E+00
  0.0000000E+00  0.0000000E+00
  0.0000000E+00  0.0000000E+00
  0.0000000E+00  0.0000000E+00
  0.0000000E+00  0.0000000E+00
  0.0000000E+00  0.0000000E+00
  0.0000000E+00  0.0000000E+00
  0.0000000E+00  0.0000000E+00
  0.0000000E+00  0.0000000E+00
  0.0000000E+00  0.0000000E+00
  0.0000000E+00  0.0000000E+00
  0.0000000E+00  0.0000000E+00
  0.0000000E+00  0.0000000E+00
  0.0000000E+00  0.0000000E+00
  0.0000000E+00  0.0000000E+00
  0.0000000E+00  0.0000000E+00
  0.0000000E+00  0.0000000E+00
  0.0000000E+00  0.0000000E+00
  0.0000000E+00  0.0000000E+00
  0.0000000E+00  0.0000000E+00
  0.0000000E+00  0.0000000E+00
  0.0000000E+00  0.0000000E+00
  0.0000000E+00  0.0000000E+00
  0.0000000E+00  0.0000000E+00
  0.0000000E+00  0.0000000E+00
  0.0000000E+00  0.0000000E+00
  0.0000000E+00  0.0000000E+00
  0.0000000E+00  0.0000000E+00
  0.0000000E+00  0.0000000E+00
  0.0000000E+00  0.0000000E+00
  0.0000000E+00  0.0000000E+00
  0.0000000E+00  0.0000000E+00
  0.0000000E+00  0.0000000E+00
  0.0000000E+00  0.0000000E+00
  0.0000000E+00  0.0000000E+00
  0.0000000E+00  0.0000000E+00
  0.0000000E+00  0.0000000E+00
  0.0000000E+00  0.0000000E+00
  0.0000000E+00  0.0000000E+00
  0.0000000E+00  0.0000000E+00
  0.0000000E+00  0.0000000E+00
  0.0000000E+00  0.0000000E+00
  0.0000000E+00  0.0000000E+00
  0.0000000E+00  0.0000000E+00
  0.0000000E+00  0.0000000E+00
  0.0000000E+00  0.0000000E+00
  0.0000000E+00  0.0000000E+00
  0.0000000E+00  0.0000000E+00
  0.0000000E+00  0.0000000E+00
  0.0000000E+00  0.0000000E+00
  0.0000000E+00  0.0000000E+00
  0.0000000E+00  0.0000000E+00
  0.0000000E+00  0.0000000E+00
  0.0000000E+00  0.0000000E+00
  0.0000000E+00  0.0000000E+00
  0.0000000E+00  0.0000000E+00
  0.0000000E+00  0.0000000E+00
  0.0000000E+00  0.0000000E+00
  0.0000000E+00  0.0000000E+00
  0.0000000E+00  0.0000000E+00
  0.0000000E+00  0.0000000E+00
  0.0000000E+00  0.0000000E+00
  0.0000000E+00  0.0000000E+00
  0.0000000E+00  0.0000000E+00
  0.0000000E+00  0.0000000E+00
  0.0000000E+00  0.0000000E+00
  0.0000000E+00  0.0000000E+00
  0.0000000E+00  0.0000000E+00
  0.0000000E+00  0.0000000E+00
  0.0000000E+00  0.0000000E+00
  0.0000000E+00  0.0000000E+00
  0.0000000E+00  0.0000000E+00
  0.0000000E+00  0.0000000E+00
  0.0000000E+00  0.0000000E+00
  0.0000000E+00  0.0000000E+00
  0.0000000E+00  0.0000000E+00
  0.0000000E+00  0.0000000E+00
  0.0000000E+00  0.0000000E+00
  0.0000000E+00  0.0000000E+00
  0.0000000E+00  0.0000000E+00
  0.0000000E+00  0.0000000E+00
  0.0000000E+00  0.0000000E+00
  0.0000000E+00  0.0000000E+00
  0.0000000E+00  0.0000000E+00
  0.0000000E+00  0.0000000E+00
  0.0000000E+00  0.0000000E+00
  0.0000000E+00  0.0000000E+00
  0.0000000E+00  0.0000000E+00
  0.0000000E+00  0.0000000E+00
  0.0000000E+00  0.0000000E+00
  0.0000000E+00  0.0000000E+00
  0.0000000E+00  0.0000000E+00
  0.0000000E+00  0.0000000E+00
  0.0000000E+00  0.0000000E+00
  0.0000000E+00  0.0000000E+00
  0.0000000E+00  0.0000000E+00
  0.0000000E+00  0.0000000E+00
  0.0000000E+00  0.0000000E+00
  0.0000000E+00  0.0000000E+00
  0.0000000E+00  0.0000000E+00
  0.0000000E+00  0.0000000E+00
  0.0000000E+00  0.0000000E+00
  0.0000000E+00  0.0000000E+00
  0.0000000E+00  0.0000000E+00
  0.0000000E+00  0.0000000E+00
  0.0000000E+00  0.0000000E+00
  0.0000000E+00  0.0000000E+00
  0.0000000E+00  0.0000000E+00
  0.0000000E+00  0.0000000E+00
  0.0000000E+00  0.0000000E+00
  0.0000000E+00  0.0000000E+00
  0.0000000E+00  0.0000000E+00
  0.0000000E+00  0.0000000E+00
  0.0000000E+00  0.0000000E+00
  0.0000000E+00  0.0000000E+00
  0.0000000E+00  0.0000000E+00
  0.0000000E+00  0.0000000E+00
  0.0000000E+00  0.0000000E+00
  0.0000000E+00  0.0000000E+00
  0.0000000E+00  0.0000000E+00
  0.0000000E+00  0.0000000E+00
  0.0000000E+00  0.0000000E+00
  0.0000000E+00  0.0000000E+00
  0.0000000E+00  0.0000000E+00
  0.0000000E+00  0.0000000E+00
  0.0000000E+00  0.0000000E+00
  0.0000000E+00  0.0000000E+00
  0.0000000E+00  0.0000000E+00
  0.0000000E+00  0.0000000E+00
  0.0000000E+00  0.0000000E+00
  0.0000000E+00  0.0000000E+00
  0.0000000E+00  0.0000000E+00
  0.0000000E+00  0.0000000E+00
  0.0000000E+00  0.0000000E+00
  0.0000000E+00  0.0000000E+00
  0.0000000E+00  0.0000000E+00
  0.0000000E+00  0.0000000E+00
  0.0000000E+00  0.0000000E+00
  0.0000000E+00  0.0000000E+00
  0.0000000E+00  0.0000000E+00
  0.0000000E+00  0.0000000E+00
  0.0000000E+00  0.0000000E+00
  0.0000000E+00  0.0000000E+00
  0.0000000E+00  0.0000000E+00
  0.0000000E+00  0.0000000E+00
  0.0000000E+00  0.0000000E+00
  0.0000000E+00  0.0000000E+00
  0.0000000E+00  0.0000000E+00
  0.0000000E+00  0.0000000E+00
  0.0000000E+00  0.0000000E+00
  0.0000000E+00  0.0000000E+00
  0.0000000E+00  0.0000000E+00
  0.0000000E+00  0.0000000E+00
  0.0000000E+00  0.0000000E+00
  0.0000000E+00  0.0000000E+00
  0.0000000E+00  0.0000000E+00
  0.0000000E+00  0.0000000E+00
  0.0000000E+00  0.0000000E+00
  0.0000000E+00  0.0000000E+00
  0.0000000E+00  0.0000000E+00
  0.0000000E+00  0.0000000E+00
  0.0000000E+00  0.0000000E+00
  0.0000000E+00  0.0000000E+00
  0.0000000E+00  0.0000000E+00
  0.0000000E+00  0.0000000E+00
  0.0000000E+00  0.0000000E+00
  0.0000000E+00  0.0000000E+00
  0.0000000E+00  0.0000000E+00
  0.0000000E+00  0.0000000E+00
  0.0000000E+00  0.0000000E+00
  0.0000000E+00  0.0000000E+00
  0.0000000E+00  0.0000000E+00
  0.0000000E+00  0.0000000E+00
  0.0000000E+00  0.0000000E+00
  0.0000000E+00  0.0000000E+00
  0.0000000E+00  0.0000000E+00
  0.0000000E+00  0.0000000E+00
  0.0000000E+00  0.0000000E+00
  0.0000000E+00  0.0000000E+00
  0.0000000E+00  0.0000000E+00
  0.0000000E+00  0.0000000E+00
  0.0000000E+00  0.0000000E+00
  0.0000000E+00  0.0000000E+00
  0.0000000E+00  0.0000000E+00
  0.0000000E+00  0.0000000E+00
  0.0000000E+00  0.0000000E+00
  0.0000000E+00  0.0000000E+00
  0.0000000E+00  0.0000000E+00
  0.0000000E+00  0.0000000E+00
  0.0000000E+00  0.0000000E+00
  0.0000000E+00  0.0000000E+00
  0.0000000E+00  0.0000000E+00
  0.0000000E+00  0.0000000E+00
  0.0000000E+00  0.0000000E+00
  0.0000000E+00  0.0000000E+00
  0.0000000E+00  0.0000000E+00
  0.0000000E+00  0.0000000E+00
  0.0000000E+00  0.0000000E+00
  0.0000000E+00  0.0000000E+00
  0.0000000E+00  0.0000000E+00
  0.0000000E+00  0.0000000E+00
  0.0000000E+00  0.0000000E+00
  0.0000000E+00  0.0000000E+00
  0.0000000E+00  0.0000000E+00
  0.0000000E+00  0.0000000E+00
  0.0000000E+00  0.0000000E+00
  0.0000000E+00  0.0000000E+00
  0.0000000E+00  0.0000000E+00
  0.0000000E+00  0.0000000E+00
  0.0000000E+00  0.0000000E+00
  0.0000000E+00  0.0000000E+00
  0.0000000E+00  0.0000000E+00
  0.0000000E+00  0.0000000E+00
  0.0000000E+00  0.0000000E+00
  0.0000000E+00  0.0000000E+00
  0.0000000E+00  0.0000000E+00
  0.0000000E+00  0.0000000E+00
  0.0000000E+00  0.0000000E+00
  0.0000000E+00  0.0000000E+00
  0.0000000E+00  0.0000000E+00
  0.0000000E+00  0.0000000E+00
  0.0000000E+00  0.0000000E+00
  0.0000000E+00  0.0000000E+00
  0.0000000E+00  0.0000000E+00
  0.0000000E+00  0.0000000E+00
  0.0000000E+00  0.0000000E+00
  0.0000000E+00  0.0000000E+00
  0.0000000E+00  0.0000000E+00
  0.0000000E+00  0.0000000E+00
  0.0000000E+00  0.0000000E+00
  0.0000000E+00  0.0000000E+00
  0.0000000E+00  0.0000000E+00
  0.0000000E+00  0.0000000E+00
  0.0000000E+00  0.0000000E+00
  0.0000000E+00  0.0000000E+00
  0.0000000E+00  0.0000000E+00
  0.0000000E+00  0.0000000E+00
  0.0000000E+00  0.0000000E+00
  0.0000000E+00  0.0000000E+00
  0.0000000E+00  0.0000000E+00
  0.0000000E+00  0.0000000E+00
  0.0000000E+00  0.0000000E+00
  0.0000000E+00  0.0000000E+00
  0.0000000E+00  0.0000000E+00
  0.0000000E+00  0.0000000E+00
  0.0000000E+00  0.0000000E+00
  0.0000000E+00  0.0000000E+00
  0.0000000E+00  0.0000000E+00
  0.0000000E+00  0.0000000E+00
  0.0000000E+00  0.0000000E+00
  0.0000000E+00  0.0000000E+00
  0.0000000E+00  0.0000000E+00
  0.0000000E+00  0.0000000E+00
  0.0000000E+00  0.0000000E+00
  0.0000000E+00  0.0000000E+00
  0.0000000E+00  0.0000000E+00
  0.0000000E+00  0.0000000E+00
  0.0000000E+00  0.0000000E+00
  0.0000000E+00  0.0000000E+00
  0.0000000E+00  0.0000000E+00
  0.0000000E+00  0.0000000E+00
  0.0000000E+00  0.0000000E+00
  0.0000000E+00  0.0000000E+00
  0.0000000E+00  0.0000000E+00
  0.0000000E+00  0.0000000E+00
  0.0000000E+00  0.0000000E+00
  0.0000000E+00  0.0000000E+00
  0.0000000E+00  0.0000000E+00
  0.0000000E+00  0.0000000E+00
  0.0000000E+00  0.0000000E+00
  0.0000000E+00  0.0000000E+00
  0.0000000E+00  0.0000000E+00
  0.0000000E+00  0.0000000E+00
  0.0000000E+00  0.0000000E+00
  0.0000000E+00  0.0000000E+00
  0.0000000E+00  0.0000000E+00
  0.0000000E+00  0.0000000E+00
  0.0000000E+00  0.0000000E+00
  0.0000000E+00  0.0000000E+00
  0.0000000E+00  0.0000000E+00
  0.0000000E+00  0.0000000E+00
  0.0000000E+00  0.0000000E+00
  0.0000000E+00  0.0000000E+00
  0.0000000E+00  0.0000000E+00
  0.0000000E+00  0.0000000E+00
  0.0000000E+00  0.0000000E+00
  0.0000000E+00  0.0000000E+00
  0.0000000E+00  0.0000000E+00
  0.0000000E+00  0.0000000E+00
  0.0000000E+00  0.0000000E+00
  0.0000000E+00  0.0000000E+00
  0.0000000E+00  0.0000000E+00
  0.0000000E+00  0.0000000E+00
  0.0000000E+00  0.0000000E+00
  0.0000000E+00  0.0000000E+00
  0.0000000E+00  0.0000000E+00
  0.0000000E+00  0.0000000E+00
  0.0000000E+00  0.0000000E+00
  0.0000000E+00  0.0000000E+00
  0.0000000E+00  0.0000000E+00
  0.0000000E+00  0.0000000E+00
  0.0000000E+00  0.0000000E+00
  0.0000000E+00  0.0000000E+00
  0.0000000E+00  0.0000000E+00
  0.0000000E+00  0.0000000E+00
  0.0000000E+00  0.0000000E+00
  0.0000000E+00  0.0000000E+00
  0.0000000E+00  0.0000000E+00
  0.0000000E+00  0.0000000E+00
  0.0000000E+00  0.0000000E+00
  0.0000000E+00  0.0000000E+00
  0.0000000E+00  0.0000000E+00
  0.0000000E+00  0.0000000E+00
  0.0000000E+00  0.0000000E+00
  0.0000000E+00  0.0000000E+00
  0.0000000E+00  0.0000000E+00
  0.0000000E+00  0.0000000E+00
  0.0000000E+00  0.0000000E+00
  0.0000000E+00  0.0000000E+00
  0.0000000E+00  0.0000000E+00
  0.0000000E+00  0.0000000E+00
  0.0000000E+00  0.0000000E+00
  0.0000000E+00  0.0000000E+00
  0.0000000E+00  0.0000000E+00
  0.0000000E+00  0.0000000E+00
  0.0000000E+00  0.0000000E+00
  0.0000000E+00  0.0000000E+00
  0.0000000E+00  0.0000000E+00
  0.0000000E+00  0.0000000E+00
  0.0000000E+00  0.0000000E+00
  0.0000000E+00  0.0000000E+00
  0.0000000E+00  0.0000000E+00
  0.0000000E+00  0.0000000E+00
  0.0000000E+00  0.0000000E+00
  0.0000000E+00  0.0000000E+00
  0.0000000E+00  0.0000000E+00
  0.0000000E+00  0.0000000E+00
  0.0000000E+00  0.0000000E+00
  0.0000000E+00  0.0000000E+00
  0.0000000E+00  0.0000000E+00
  0.0000000E+00  0.0000000E+00
  0.0000000E+00  0.0000000E+00
  0.0000000E+00  0.0000000E+00
  0.0000000E+00  0.0000000E+00
  0.0000000E+00  0.0000000E+00
  0.0000000E+00  0.0000000E+00
  0.0000000E+00  0.0000000E+00
  0.0000000E+00  0.0000000E+00
  0.0000000E+00  0.0000000E+00
  0.0000000E+00  0.0000000E+00
  0.0000000E+00  0.0000000E+00
  0.0000000E+00  0.0000000E+00
  0.0000000E+00  0.0000000E+00
  0.0000000E+00  0.0000000E+00
  0.0000000E+00  0.0000000E+00
  0.0000000E+00  0.0000000E+00
  0.0000000E+00  0.0000000E+00
  0.0000000E+00  0.0000000E+00
  0.0000000E+00  0.0000000E+00
  0.0000000E+00  0.0000000E+00
  0.0000000E+00  0.0000000E+00
  0.0000000E+00  0.0000000E+00
  0.0000000E+00  0.0000000E+00
  0.0000000E+00  0.0000000E+00
  0.0000000E+00  0.0000000E+00
  0.0000000E+00  0.0000000E+00
  0.0000000E+00  0.0000000E+00
  0.0000000E+00  0.0000000E+00
  0.0000000E+00  0.0000000E+00
  0.0000000E+00  0.0000000E+00
  0.0000000E+00  0.0000000E+00
  0.0000000E+00  0.0000000E+00
  0.0000000E+00  0.0000000E+00
  0.0000000E+00  0.0000000E+00
  0.0000000E+00  0.0000000E+00
  0.0000000E+00  0.0000000E+00
  0.0000000E+00  0.0000000E+00
  0.0000000E+00  0.0000000E+00
  0.0000000E+00  0.0000000E+00
  0.0000000E+00  0.0000000E+00
  0.0000000E+00  0.0000000E+00
  0.0000000E+00  0.0000000E+00
  0.0000000E+00  0.0000000E+00
  0.0000000E+00  0.0000000E+00
  0.0000000E+00  0.0000000E+00
  0.0000000E+00  0.0000000E+00
  0.0000000E+00  0.0000000E+00
  0.0000000E+00  0.0000000E+00
  0.0000000E+00  0.0000000E+00
  0.0000000E+00  0.0000000E+00
  0.0000000E+00  0.0000000E+00
  0.0000000E+00  0.0000000E+00
  0.0000000E+00  0.0000000E+00
  0.0000000E+00  0.0000000E+00
  0.0000000E+00  0.0000000E+00
  0.0000000E+00  0.0000000E+00
  0.0000000E+00  0.0000000E+00
  0.0000000E+00  0.0000000E+00
  0.0000000E+00  0.0000000E+00
  0.0000000E+00  0.0000000E+00
  0.0000000E+00  0.0000000E+00
  0.0000000E+00  0.0000000E+00
  0.0000000E+00  0.0000000E+00
  0.0000000E+00  0.0000000E+00
  0.0000000E+00  0.0000000E+00
  0.0000000E+00  0.0000000E+00
  0.0000000E+00  0.0000000E+00
  0.0000000E+00  0.0000000E+00
  0.0000000E+00  0.0000000E+00
  0.0000000E+00  0.0000000E+00
  0.0000000E+00  0.0000000E+00
  0.0000000E+00  0.0000000E+00
  0.0000000E+00  0.0000000E+00
  0.0000000E+00  0.0000000E+00
  0.0000000E+00  0.0000000E+00
  0.0000000E+00  0.0000000E+00
  0.0000000E+00  0.0000000E+00
  0.0000000E+00  0.0000000E+00
  0.0000000E+00  0.0000000E+00
  0.0000000E+00  0.0000000E+00
  0.0000000E+00  0.0000000E+00
  0.0000000E+00  0.0000000E+00
  0.0000000E+00  0.0000000E+00
  0.0000000E+00  0.0000000E+00
  0.0000000E+00  0.0000000E+00
  0.0000000E+00  0.0000000E+00
  0.0000000E+00  0.0000000E+00
  0.0000000E+00  0.0000000E+00
  0.0000000E+00  0.0000000E+00
  0.0000000E+00  0.0000000E+00
  0.0000000E+00  0.0000000E+00
  0.0000000E+00  0.0000000E+00
  0.0000000E+00  0.0000000E+00
  0.0000000E+00  0.0000000E+00
  0.0000000E+00  0.0000000E+00
  0.0000000E+00  0.0000000E+00
  0.0000000E+00  0.0000000E+00
  0.0000000E+00  0.0000000E+00
  0.0000000E+00  0.0000000E+00
  0.0000000E+00  0.0000000E+00
  0.0000000E+00  0.0000000E+00
  0.0000000E+00  0.0000000E+00
  0.0000000E+00  0.0000000E+00
  0.0000000E+00  0.0000000E+00
  0.0000000E+00  0.0000000E+00
  0.0000000E+00  0.0000000E+00
  0.0000000E+00  0.0000000E+00
  0.0000000E+00  0.0000000E+00
  0.0000000E+00  0.0000000E+00
  0.0000000E+00  0.0000000E+00
  0.0000000E+00  0.0000000E+00
  0.0000000E+00  0.0000000E+00
  0.0000000E+00  0.0000000E+00
  0.0000000E+00  0.0000000E+00
  0.0000000E+00  0.0000000E+00
  0.0000000E+00  0.0000000E+00
  0.0000000E+00  0.0000000E+00
  0.0000000E+00  0.0000000E+00
  0.0000000E+00  0.0000000E+00
  0.0000000E+00  0.0000000E+00
  0.0000000E+00  0.0000000E+00
  0.0000000E+00  0.0000000E+00
  0.0000000E+00  0.0000000E+00
  0.0000000E+00  0.0000000E+00
  0.0000000E+00  0.0000000E+00
  0.0000000E+00  0.0000000E+00
  0.0000000E+00  0.0000000E+00
  0.0000000E+00  0.0000000E+00
  0.0000000E+00  0.0000000E+00
  0.0000000E+00  0.0000000E+00
  0.0000000E+00  0.0000000E+00
  0.0000000E+00  0.0000000E+00
  0.0000000E+00  0.0000000E+00
  0.0000000E+00  0.0000000E+00
  0.0000000E+00  0.0000000E+00
  0.0000000E+00  0.0000000E+00
  0.0000000E+00  0.0000000E+00
  0.0000000E+00  0.0000000E+00
  0.0000000E+00  0.0000000E+00
  0.0000000E+00  0.0000000E+00
  0.0000000E+00  0.0000000E+00
  0.0000000E+00  0.0000000E+00
  0.0000000E+00  0.0000000E+00
  0.0000000E+00  0.0000000E+00
  0.0000000E+00  0.0000000E+00
  0.0000000E+00  0.0000000E+00
  0.0000000E+00  0.0000000E+00
  0.0000000E+00  0.0000000E+00
  0.0000000E+00  0.0000000E+00
  0.0000000E+00  0.0000000E+00
  0.0000000E+00  0.0000000E+00
  0.0000000E+00  0.0000000E+00
  0.0000000E+00  0.0000000E+00
  0.0000000E+00  0.0000000E+00
  0.0000000E+00  0.0000000E+00
  0.0000000E+00  0.0000000E+00
  0.0000000E+00  0.0000000E+00
  0.0000000E+00  0.0000000E+00
  0.0000000E+00  0.0000000E+00
  0.0000000E+00  0.0000000E+00
  0.0000000E+00  0.0000000E+00
  0.0000000E+00  0.0000000E+00
  0.0000000E+00  0.0000000E+00
  0.0000000E+00  0.0000000E+00
  0.0000000E+00  0.0000000E+00
  0.0000000E+00  0.0000000E+00
  0.0000000E+00  0.0000000E+00
  0.0000000E+00  0.0000000E+00
  0.0000000E+00  0.0000000E+00
  0.0000000E+00  0.0000000E+00
  0.0000000E+00  0.0000000E+00
  0.0000000E+00  0.0000000E+00
  0.0000000E+00  0.0000000E+00
  0.0000000E+00  0.0000000E+00
  0.0000000E+00  0.0000000E+00
  0.0000000E+00  0.0000000E+00
  0.0000000E+00  0.0000000E+00
  0.0000000E+00  0.0000000E+00
  0.0000000E+00  0.0000000E+00
  0.0000000E+00  0.0000000E+00
  0.0000000E+00  0.0000000E+00
  0.0000000E+00  0.0000000E+00
  0.0000000E+00  0.0000000E+00
  0.0000000E+00  0.0000000E+00
  0.0000000E+00  0.0000000E+00
  0.0000000E+00  0.0000000E+00
  0.0000000E+00  0.0000000E+00
  0.0000000E+00  0.0000000E+00
  0.0000000E+00  0.0000000E+00
  0.0000000E+00  0.0000000E+00
  0.0000000E+00  0.0000000E+00
  0.0000000E+00  0.0000000E+00
  0.0000000E+00  0.0000000E+00
  0.0000000E+00  0.0000000E+00
  0.0000000E+00  0.0000000E+00
  0.0000000E+00  0.0000000E+00
  0.0000000E+00  0.0000000E+00
  0.0000000E+00  0.0000000E+00
  0.0000000E+00  0.0000000E+00
  0.0000000E+00  0.0000000E+00
  0.0000000E+00  0.0000000E+00
  0.0000000E+00  0.0000000E+00
  0.0000000E+00  0.0000000E+00
  0.0000000E+00  0.0000000E+00
  0.0000000E+00  0.0000000E+00
  0.0000000E+00  0.0000000E+00
  0.0000000E+00  0.0000000E+00
  0.0000000E+00  0.0000000E+00
  0.0000000E+00  0.0000000E+00
  0.0000000E+00  0.0000000E+00
  0.0000000E+00  0.0000000E+00
  0.0000000E+00  0.0000000E+00
  0.0000000E+00  0.0000000E+00
  0.0000000E+00  0.0000000E+00
  0.0000000E+00  0.0000000E+00
  0.0000000E+00  0.0000000E+00
  0.0000000E+00  0.0000000E+00
  0.0000000E+00  0.0000000E+00
  0.0000000E+00  0.0000000E+00
  0.0000000E+00  0.0000000E+00
  0.0000000E+00  0.0000000E+00
  0.0000000E+00  0.0000000E+00
  0.0000000E+00  0.0000000E+00
  0.0000000E+00  0.0000000E+00
  0.0000000E+00  0.0000000E+00
  0.0000000E+00  0.0000000E+00
  0.0000000E+00  0.0000000E+00
  0.0000000E+00  0.0000000E+00
  0.0000000E+00  0.0000000E+00
  0.0000000E+00  0.0000000E+00
  0.0000000E+00  0.0000000E+00
  0.0000000E+00  0.0000000E+00
  0.0000000E+00  0.0000000E+00
  0.0000000E+00  0.0000000E+00
  0.0000000E+00  0.0000000E+00
  0.0000000E+00  0.0000000E+00
  0.0000000E+00  0.0000000E+00
  0.0000000E+00  0.0000000E+00
  0.0000000E+00  0.0000000E+00
  0.0000000E+00  0.0000000E+00
  0.0000000E+00  0.0000000E+00
  0.0000000E+00  0.0000000E+00
  0.0000000E+00  0.0000000E+00
  0.0000000E+00  0.0000000E+00
  0.0000000E+00  0.0000000E+00
  0.0000000E+00  0.0000000E+00
  0.0000000E+00  0.0000000E+00
  0.0000000E+00  0.0000000E+00
  0.0000000E+00  0.0000000E+00
  0.0000000E+00  0.0000000E+00
  0.0000000E+00  0.0000000E+00
  0.0000000E+00  0.0000000E+00
  0.0000000E+00  0.0000000E+00
  0.0000000E+00  0.0000000E+00
  0.0000000E+00  0.0000000E+00
  0.0000000E+00  0.0000000E+00
  0.0000000E+00  0.0000000E+00
  0.0000000E+00  0.0000000E+00
  0.0000000E+00  0.0000000E+00
  0.0000000E+00  0.0000000E+00
  0.0000000E+00  0.0000000E+00
  0.0000000E+00  0.0000000E+00
  0.0000000E+00  0.0000000E+00
  0.0000000E+00  0.0000000E+00
  0.0000000E+00  0.0000000E+00
  0.0000000E+00  0.0000000E+00
  0.0000000E+00  0.0000000E+00
  0.0000000E+00  0.0000000E+00
  0.0000000E+00  0.0000000E+00
  0.0000000E+00  0.0000000E+00
  0.0000000E+00  0.0000000E+00
  0.0000000E+00  0.0000000E+00
  0.0000000E+00  0.0000000E+00
  0.0000000E+00  0.0000000E+00
  0.0000000E+00  0.0000000E+00
  0.0000000E+00  0.0000000E+00
  0.0000000E+00  0.0000000E+00
  0.0000000E+00  0.0000000E+00
  0.0000000E+00  0.0000000E+00
  0.0000000E+00  0.0000000E+00
  0.0000000E+00  0.0000000E+00
  0.0000000E+00  0.0000000E+00
  0.0000000E+00  0.0000000E+00
  0.0000000E+00  0.0000000E+00
  0.0000000E+00  0.0000000E+00
  0.0000000E+00  0.0000000E+00
  0.0000000E+00  0.0000000E+00
  0.0000000E+00  0.0000000E+00
  0.0000000E+00  0.0000000E+00
  0.0000000E+00  0.0000000E+00
  0.0000000E+00  0.0000000E+00
  0.0000000E+00  0.0000000E+00
  0.0000000E+00  0.0000000E+00
  0.0000000E+00  0.0000000E+00
  0.0000000E+00  0.0000000E+00
  0.0000000E+00  0.0000000E+00
  0.0000000E+00  0.0000000E+00
  0.0000000E+00  0.0000000E+00
  0.0000000E+00  0.0000000E+00
  0.0000000E+00  0.0000000E+00
  0.0000000E+00  0.0000000E+00
  0.0000000E+00  0.0000000E+00
  0.0000000E+00  0.0000000E+00
  0.0000000E+00  0.0000000E+00
  0.0000000E+00  0.0000000E+00
  0.0000000E+00  0.0000000E+00
  0.0000000E+00  0.0000000E+00
  0.0000000E+00  0.0000000E+00
  0.0000000E+00  0.0000000E+00
  0.0000000E+00  0.0000000E+00
  0.0000000E+00  0.0000000E+00
  0.0000000E+00  0.0000000E+00
  0.0000000E+00  0.0000000E+00
  0.0000000E+00  0.0000000E+00
  0.0000000E+00  0.0000000E+00
  0.0000000E+00  0.0000000E+00
  0.0000000E+00  0.0000000E+00
  0.0000000E+00  0.0000000E+00
  0.0000000E+00  0.0000000E+00
  0.0000000E+00  0.0000000E+00
  0.0000000E+00  0.0000000E+00
  0.0000000E+00  0.0000000E+00
  0.0000000E+00  0.0000000E+00
  0.0000000E+00  0.0000000E+00
  0.0000000E+00  0.0000000E+00
  0.0000000E+00  0.0000000E+00
  0.0000000E+00  0.0000000E+00
  0.0000000E+00  0.0000000E+00
  0.0000000E+00  0.0000000E+00
  0.0000000E+00  0.0000000E+00
  0.0000000E+00  0.0000000E+00
  0.0000000E+00  0.0000000E+00
  0.0000000E+00  0.0000000E+00
  0.0000000E+00  0.0000000E+00
  0.0000000E+00  0.0000000E+00
  0.0000000E+00  0.0000000E+00
  0.0000000E+00  0.0000000E+00
  0.0000000E+00  0.0000000E+00
  0.0000000E+00  0.0000000E+00
  0.0000000E+00  0.0000000E+00
  0.0000000E+00  0.0000000E+00
  0.0000000E+00  0.0000000E+00
  0.0000000E+00  0.0000000E+00
  0.0000000E+00  0.0000000E+00
  0.0000000E+00  0.0000000E+00
  0.0000000E+00  0.0000000E+00
  0.0000000E+00  0.0000000E+00
  0.0000000E+00  0.0000000E+00
  0.0000000E+00  0.0000000E+00
  0.0000000E+00  0.0000000E+00
  0.0000000E+00  0.0000000E+00
  0.0000000E+00  0.0000000E+00
  0.0000000E+00  0.0000000E+00
  0.0000000E+00  0.0000000E+00
  0.0000000E+00  0.0000000E+00
  0.0000000E+00  0.0000000E+00
  0.0000000E+00  0.0000000E+00
  0.0000000E+00  0.0000000E+00
  0.0000000E+00  0.0000000E+00
  0.0000000E+00  0.0000000E+00
  0.0000000E+00  0.0000000E+00
  0.0000000E+00  0.0000000E+00
  0.0000000E+00  0.0000000E+00
  0.0000000E+00  0.0000000E+00
  0.0000000E+00  0.0000000E+00
  0.0000000E+00  0.0000000E+00
  0.0000000E+00  0.0000000E+00
  0.0000000E+00  0.0000000E+00
  0.0000000E+00  0.0000000E+00
  0.0000000E+00  0.0000000E+00
  0.0000000E+00  0.0000000E+00
  0.0000000E+00  0.0000000E+00
  0.0000000E+00  0.0000000E+00
  0.0000000E+00  0.0000000E+00
  0.0000000E+00  0.0000000E+00
  0.0000000E+00  0.0000000E+00
  0.0000000E+00  0.0000000E+00
  0.0000000E+00  0.0000000E+00
  0.0000000E+00  0.0000000E+00
  0.0000000E+00  0.0000000E+00
  0.0000000E+00  0.0000000E+00
  0.0000000E+00  0.0000000E+00
  0.0000000E+00  0.0000000E+00
  0.0000000E+00  0.0000000E+00
  0.0000000E+00  0.0000000E+00
  0.0000000E+00  0.0000000E+00
  0.0000000E+00  0.0000000E+00
  0.0000000E+00  0.0000000E+00
  0.0000000E+00  0.0000000E+00
  0.0000000E+00  0.0000000E+00
  0.0000000E+00  0.0000000E+00
  0.0000000E+00  0.0000000E+00
  0.0000000E+00  0.0000000E+00
  0.0000000E+00  0.0000000E+00
  0.0000000E+00  0.0000000E+00
  0.0000000E+00  0.0000000E+00
  0.0000000E+00  0.0000000E+00
  0.0000000E+00  0.0000000E+00
  0.0000000E+00  0.0000000E+00
  0.0000000E+00  0.0000000E+00
  0.0000000E+00  0.0000000E+00
  0.0000000E+00  0.0000000E+00
  0.0000000E+00  0.0000000E+00
  0.0000000E+00  0.0000000E+00
  0.0000000E+00  0.0000000E+00
  0.0000000E+00  0.0000000E+00
  0.0000000E+00  0.0000000E+00
  0.0000000E+00  0.0000000E+00
  0.0000000E+00  0.0000000E+00
  0.0000000E+00  0.0000000E+00
  0.0000000E+00  0.0000000E+00
  0.0000000E+00  0.0000000E+00
  0.0000000E+00  0.0000000E+00
  0.0000000E+00  0.0000000E+00
  0.0000000E+00  0.0000000E+00
  0.0000000E+00  0.0000000E+00
  0.0000000E+00  0.0000000E+00
  0.0000000E+00  0.0000000E+00
  0.0000000E+00  0.0000000E+00
  0.0000000E+00  0.0000000E+00
  0.0000000E+00  0.0000000E+00
  0.0000000E+00  0.0000000E+00
  0.0000000E+00  0.0000000E+00
  0.0000000E+00  0.0000000E+00
  0.0000000E+00  0.0000000E+00
  0.0000000E+00  0.0000000E+00
  0.0000000E+00  0.0000000E+00
  0.0000000E+00  0.0000000E+00
  0.0000000E+00  0.0000000E+00
  0.0000000E+00  0.0000000E+00
  0.0000000E+00  0.0000000E+00
  0.0000000E+00  0.0000000E+00
  0.0000000E+00  0.0000000E+00
  0.0000000E+00  0.0000000E+00
  0.0000000E+00  0.0000000E+00
  0.0000000E+00  0.0000000E+00
  0.0000000E+00  0.0000000E+00
  0.0000000E+00  0.0000000E+00
  0.0000000E+00  0.0000000E+00
  0.0000000E+00  0.0000000E+00
  0.0000000E+00  0.0000000E+00
  0.0000000E+00  0.0000000E+00
  0.0000000E+00  0.0000000E+00
  0.0000000E+00  0.0000000E+00
  0.0000000E+00  0.0000000E+00
  0.0000000E+00  0.0000000E+00
  0.0000000E+00  0.0000000E+00
  0.0000000E+00  0.0000000E+00
  0.0000000E+00  0.0000000E+00
  0.0000000E+00  0.0000000E+00
  0.0000000E+00  0.0000000E+00
  0.0000000E+00  0.0000000E+00
  0.0000000E+00  0.0000000E+00
  0.0000000E+00  0.0000000E+00
  0.0000000E+00  0.0000000E+00
  0.0000000E+00  0.0000000E+00
  0.0000000E+00  0.0000000E+00
  0.0000000E+00  0.0000000E+00
  0.0000000E+00  0.0000000E+00
  0.0000000E+00  0.0000000E+00
  0.0000000E+00  0.0000000E+00
  0.0000000E+00  0.0000000E+00
  0.0000000E+00  0.0000000E+00
  0.0000000E+00  0.0000000E+00
  0.0000000E+00  0.0000000E+00
  0.0000000E+00  0.0000000E+00
  0.0000000E+00  0.0000000E+00
  0.0000000E+00  0.0000000E+00
  0.0000000E+00  0.0000000E+00
  0.0000000E+00  0.0000000E+00
  0.0000000E+00  0.0000000E+00
  0.0000000E+00  0.0000000E+00
  0.0000000E+00  0.0000000E+00
  0.0000000E+00  0.0000000E+00
  0.0000000E+00  0.0000000E+00
  0.0000000E+00  0.0000000E+00
  0.0000000E+00  0.0000000E+00
  0.0000000E+00  0.0000000E+00
  0.0000000E+00  0.0000000E+00
  0.0000000E+00  0.0000000E+00
  0.0000000E+00  0.0000000E+00
  0.0000000E+00  0.0000000E+00
  0.0000000E+00  0.0000000E+00
  0.0000000E+00  0.0000000E+00
  0.0000000E+00  0.0000000E+00
  0.0000000E+00  0.0000000E+00
  0.0000000E+00  0.0000000E+00
  0.0000000E+00  0.0000000E+00
  0.0000000E+00  0.0000000E+00
  0.0000000E+00  0.0000000E+00
  0.0000000E+00  0.0000000E+00
  0.0000000E+00  0.0000000E+00
  0.0000000E+00  0.0000000E+00
  0.0000000E+00  0.0000000E+00
  0.0000000E+00  0.0000000E+00
  0.0000000E+00  0.0000000E+00
  0.0000000E+00  0.0000000E+00
  0.0000000E+00  0.0000000E+00
  0.0000000E+00  0.0000000E+00
  0.0000000E+00  0.0000000E+00
  0.0000000E+00  0.0000000E+00
  0.0000000E+00  0.0000000E+00
  0.0000000E+00  0.0000000E+00
  0.0000000E+00  0.0000000E+00
  0.0000000E+00  0.0000000E+00
  0.0000000E+00  0.0000000E+00
  0.0000000E+00  0.0000000E+00
  0.0000000E+00  0.0000000E+00
  0.0000000E+00  0.0000000E+00
  0.0000000E+00  0.0000000E+00
  0.0000000E+00  0.0000000E+00
  0.0000000E+00  0.0000000E+00
  0.0000000E+00  0.0000000E+00
  0.0000000E+00  0.0000000E+00
  0.0000000E+00  0.0000000E+00
  0.0000000E+00  0.0000000E+00
  0.0000000E+00  0.0000000E+00
  0.0000000E+00  0.0000000E+00
  0.0000000E+00  0.0000000E+00
  0.0000000E+00  0.0000000E+00
  0.0000000E+00  0.0000000E+00
  0.0000000E+00  0.0000000E+00
  0.0000000E+00  0.0000000E+00
  0.0000000E+00  0.0000000E+00
  0.0000000E+00  0.0000000E+00
  0.0000000E+00  0.0000000E+00
  0.0000000E+00  0.0000000E+00
  0.0000000E+00  0.0000000E+00
  0.0000000E+00  0.0000000E+00
  0.0000000E+00  0.0000000E+00
  0.0000000E+00  0.0000000E+00
  0.0000000E+00  0.0000000E+00
  0.0000000E+00  0.0000000E+00
  0.0000000E+00  0.0000000E+00
  0.0000000E+00  0.0000000E+00
  0.0000000E+00  0.0000000E+00
  0.0000000E+00  0.0000000E+00
  0.0000000E+00  0.0000000E+00
  0.0000000E+00  0.0000000E+00
  0.0000000E+00  0.0000000E+00
  0.0000000E+00  0.0000000E+00
  0.0000000E+00  0.0000000E+00
  0.0000000E+00  0.0000000E+00
  0.0000000E+00  0.0000000E+00
  0.0000000E+00  0.0000000E+00
  0.0000000E+00  0.0000000E+00
  0.0000000E+00  0.0000000E+00
  0.0000000E+00  0.0000000E+00
  0.0000000E+00  0.0000000E+00
  0.0000000E+00  0.0000000E+00
  0.0000000E+00  0.0000000E+00
  0.0000000E+00  0.0000000E+00
  0.0000000E+00  0.0000000E+00
  0.0000000E+00  0.0000000E+00
  0.0000000E+00  0.0000000E+00
  0.0000000E+00  0.0000000E+00
  0.0000000E+00  0.0000000E+00
  0.0000000E+00  0.0000000E+00
  0.0000000E+00  0.0000000E+00
  0.0000000E+00  0.0000000E+00
  0.0000000E+00  0.0000000E+00
  0.0000000E+00  0.0000000E+00
  0.0000000E+00  0.0000000E+00
  0.0000000E+00  0.0000000E+00
  0.0000000E+00  0.0000000E+00
  0.0000000E+00  0.0000000E+00
  0.0000000E+00  0.0000000E+00
  0.0000000E+00  0.0000000E+00
  0.0000000E+00  0.0000000E+00
  0.0000000E+00  0.0000000E+00
  0.0000000E+00  0.0000000E+00
  0.0000000E+00  0.0000000E+00
  0.0000000E+00  0.0000000E+00
  0.0000000E+00  0.0000000E+00
  0.0000000E+00  0.0000000E+00
  0.0000000E+00  0.0000000E+00
  0.0000000E+00  0.0000000E+00
  0.0000000E+00  0.0000000E+00
  0.0000000E+00  0.0000000E+00
  0.0000000E+00  0.0000000E+00
  0.0000000E+00  0.0000000E+00
  0.0000000E+00  0.0000000E+00
  0.0000000E+00  0.0000000E+00
  0.0000000E+00  0.0000000E+00
  0.0000000E+00  0.0000000E+00
  0.0000000E+00  0.0000000E+00
  0.0000000E+00  0.0000000E+00
  0.0000000E+00  0.0000000E+00
  0.0000000E+00  0.0000000E+00
  0.0000000E+00  0.0000000E+00
  0.0000000E+00  0.0000000E+00
  0.0000000E+00  0.0000000E+00
  0.0000000E+00  0.0000000E+00
  0.0000000E+00  0.0000000E+00
  0.0000000E+00  0.0000000E+00
  0.0000000E+00  0.0000000E+00
  0.0000000E+00  0.0000000E+00
  0.0000000E+00  0.0000000E+00
  0.0000000E+00  0.0000000E+00
  0.0000000E+00  0.0000000E+00
  0.0000000E+00  0.0000000E+00
  0.0000000E+00  0.0000000E+00
  0.0000000E+00  0.0000000E+00
  0.0000000E+00  0.0000000E+00
  0.0000000E+00  0.0000000E+00
  0.0000000E+00  0.0000000E+00
  0.0000000E+00  0.0000000E+00
  0.0000000E+00  0.0000000E+00
  0.0000000E+00  0.0000000E+00
  0.0000000E+00  0.0000000E+00
  0.0000000E+00  0.0000000E+00
  0.0000000E+00  0.0000000E+00
  0.0000000E+00  0.0000000E+00
  0.0000000E+00  0.0000000E+00
  0.0000000E+00  0.0000000E+00
  0.0000000E+00  0.0000000E+00
  0.0000000E+00  0.0000000E+00
  0.0000000E+00  0.0000000E+00
  0.0000000E+00  0.0000000E+00
  0.0000000E+00  0.0000000E+00
  0.0000000E+00  0.0000000E+00
  0.0000000E+00  0.0000000E+00
  0.0000000E+00  0.0000000E+00
  0.0000000E+00  0.0000000E+00
  0.0000000E+00  0.0000000E+00
  0.0000000E+00  0.0000000E+00
  0.0000000E+00  0.0000000E+00
  0.0000000E+00  0.0000000E+00
  0.0000000E+00  0.0000000E+00
  0.0000000E+00  0.0000000E+00
  0.0000000E+00  0.0000000E+00
  0.0000000E+00  0.0000000E+00
  0.0000000E+00  0.0000000E+00
  0.0000000E+00  0.0000000E+00
  0.0000000E+00  0.0000000E+00
  0.0000000E+00  0.0000000E+00
  0.0000000E+00  0.0000000E+00
  0.0000000E+00  0.0000000E+00
  0.0000000E+00  0.0000000E+00
  0.0000000E+00  0.0000000E+00
  0.0000000E+00  0.0000000E+00
  0.0000000E+00  0.0000000E+00
  0.0000000E+00  0.0000000E+00
  0.0000000E+00  0.0000000E+00
  0.0000000E+00  0.0000000E+00
  0.0000000E+00  0.0000000E+00
  0.0000000E+00  0.0000000E+00
  0.0000000E+00  0.0000000E+00
  0.0000000E+00  0.0000000E+00
  0.0000000E+00  0.0000000E+00
  0.0000000E+00  0.0000000E+00
  0.0000000E+00  0.0000000E+00
  0.0000000E+00  0.0000000E+00
  0.0000000E+00  0.0000000E+00
  0.0000000E+00  0.0000000E+00
  0.0000000E+00  0.0000000E+00
  0.0000000E+00  0.0000000E+00
  0.0000000E+00  0.0000000E+00
  0.0000000E+00  0.0000000E+00
  0.0000000E+00  0.0000000E+00
  0.0000000E+00  0.0000000E+00
  0.0000000E+00  0.0000000E+00
  0.0000000E+00  0.0000000E+00
  0.0000000E+00  0.0000000E+00
  0.0000000E+00  0.0000000E+00
  0.0000000E+00  0.0000000E+00
  0.0000000E+00  0.0000000E+00
  0.0000000E+00  0.0000000E+00
  0.0000000E+00  0.0000000E+00
  0.0000000E+00  0.0000000E+00
  0.0000000E+00  0.0000000E+00
  0.0000000E+00  0.0000000E+00
  0.0000000E+00  0.0000000E+00
  0.0000000E+00  0.0000000E+00
  0.0000000E+00  0.0000000E+00
  0.0000000E+00  0.0000000E+00
  0.0000000E+00  0.0000000E+00
  0.0000000E+00  0.0000000E+00
  0.0000000E+00  0.0000000E+00
  0.0000000E+00  0.0000000E+00
  0.0000000E+00  0.0000000E+00
  0.0000000E+00  0.0000000E+00
  0.0000000E+00  0.0000000E+00
  0.0000000E+00  0.0000000E+00
  0.0000000E+00  0.0000000E+00
  0.0000000E+00  0.0000000E+00
  0.0000000E+00  0.0000000E+00
  0.0000000E+00  0.0000000E+00
  0.0000000E+00  0.0000000E+00
  0.0000000E+00  0.0000000E+00
  0.0000000E+00  0.0000000E+00
  0.0000000E+00  0.0000000E+00
  0.0000000E+00  0.0000000E+00
  0.0000000E+00  0.0000000E+00
  0.0000000E+00  0.0000000E+00
  0.0000000E+00  0.0000000E+00
  0.0000000E+00  0.0000000E+00
  0.0000000E+00  0.0000000E+00
  0.0000000E+00  0.0000000E+00
  0.0000000E+00  0.0000000E+00
  0.0000000E+00  0.0000000E+00
  0.0000000E+00  0.0000000E+00
  0.0000000E+00  0.0000000E+00
  0.0000000E+00  0.0000000E+00
  0.0000000E+00  0.0000000E+00
  0.0000000E+00  0.0000000E+00
  0.0000000E+00  0.0000000E+00
  0.0000000E+00  0.0000000E+00
  0.0000000E+00  0.0000000E+00
  0.0000000E+00  0.0000000E+00
  0.0000000E+00  0.0000000E+00
  0.0000000E+00  0.0000000E+00
  0.0000000E+00  0.0000000E+00
  0.0000000E+00  0.0000000E+00
  0.0000000E+00  0.0000000E+00
  0.0000000E+00  0.0000000E+00
  0.0000000E+00  0.0000000E+00
  0.0000000E+00  0.0000000E+00
  0.0000000E+00  0.0000000E+00
  0.0000000E+00  0.0000000E+00
  0.0000000E+00  0.0000000E+00
  0.0000000E+00  0.0000000E+00
  0.0000000E+00  0.0000000E+00
  0.0000000E+00  0.0000000E+00
  0.0000000E+00  0.0000000E+00
  0.0000000E+00  0.0000000E+00
  0.0000000E+00  0.0000000E+00
  0.0000000E+00  0.0000000E+00
  0.0000000E+00  0.0000000E+00
  0.0000000E+00  0.0000000E+00
  0.0000000E+00  0.0000000E+00
  0.0000000E+00  0.0000000E+00
  0.0000000E+00  0.0000000E+00
  0.0000000E+00  0.0000000E+00
  0.0000000E+00  0.0000000E+00
  0.0000000E+00  0.0000000E+00
  0.0000000E+00  0.0000000E+00
  0.0000000E+00  0.0000000E+00
  0.0000000E+00  0.0000000E+00
  0.0000000E+00  0.0000000E+00
  0.0000000E+00  0.0000000E+00
  0.0000000E+00  0.0000000E+00
  0.0000000E+00  0.0000000E+00
  0.0000000E+00  0.0000000E+00
  0.0000000E+00  0.0000000E+00
