 -0.1040027E+01  0.5279669E-04
 -0.1031167E+01  0.5235829E-04
 -0.1045842E+01  0.5312640E-04
 -0.1050290E+01  0.5338046E-04
 -0.1056391E+01  0.5371932E-04
 -0.1060318E+01  0.5395080E-04
 -0.1027464E+01  0.5232208E-04
 -0.1040797E+01  0.5303642E-04
 -0.1044579E+01  0.5324991E-04
 -0.1083593E+01  0.5524855E-04
 -0.1317618E+01  0.6713388E-04
 -0.1313901E+01  0.6694536E-04
 -0.1313127E+01  0.6690632E-04
 -0.1313072E+01  0.6690352E-04
 -0.1313006E+01  0.6689968E-04
 -0.1313488E+01  0.6692475E-04
 -0.1312503E+01  0.6687495E-04
 -0.1309464E+01  0.6672030E-04
 -0.1308239E+01  0.6665857E-04
 -0.1308446E+01  0.6666920E-04
 -0.1306808E+01  0.6658574E-04
 -0.1306345E+01  0.6656242E-04
 -0.1306903E+01  0.6659070E-04
 -0.1305442E+01  0.6651622E-04
 -0.1305047E+01  0.6649664E-04
 -0.1305688E+01  0.6652906E-04
 -0.1304295E+01  0.6645804E-04
 -0.1303941E+01  0.6644044E-04
 -0.1304671E+01  0.6647736E-04
 -0.1303417E+01  0.6641356E-04
 -0.1303196E+01  0.6640252E-04
 -0.1304050E+01  0.6644590E-04
 -0.1302965E+01  0.6639065E-04
 -0.1302905E+01  0.6638788E-04
 -0.1303897E+01  0.6643816E-04
 -0.1302956E+01  0.6639003E-04
 -0.1303029E+01  0.6639403E-04
 -0.1304167E+01  0.6645192E-04
 -0.1303369E+01  0.6641097E-04
 -0.1303590E+01  0.6642256E-04
 -0.1304877E+01  0.6648789E-04
 -0.1304202E+01  0.6645313E-04
 -0.1304538E+01  0.6647045E-04
 -0.1305914E+01  0.6654061E-04
 -0.1305286E+01  0.6650825E-04
 -0.1305688E+01  0.6652900E-04
 -0.1307096E+01  0.6660055E-04
 -0.1306460E+01  0.6656801E-04
 -0.1306851E+01  0.6658817E-04
 -0.1308212E+01  0.6665716E-04
 -0.1307503E+01  0.6662090E-04
 -0.1307811E+01  0.6663708E-04
 -0.1309073E+01  0.6670100E-04
 -0.1308253E+01  0.6665893E-04
 -0.1308484E+01  0.6667108E-04
 -0.1309653E+01  0.6673013E-04
 -0.1308701E+01  0.6668151E-04
 -0.1308784E+01  0.6668611E-04
 -0.1309790E+01  0.6673730E-04
 -0.1308681E+01  0.6668071E-04
 -0.1308605E+01  0.6667711E-04
 -0.1309430E+01  0.6671893E-04
 -0.1308244E+01  0.6665863E-04
 -0.1308153E+01  0.6665434E-04
 -0.1308898E+01  0.6669208E-04
 -0.1307555E+01  0.6662360E-04
 -0.1307312E+01  0.6661156E-04
 -0.1307991E+01  0.6664610E-04
 -0.1306547E+01  0.6657236E-04
 -0.1306131E+01  0.6655140E-04
 -0.1306711E+01  0.6658095E-04
 -0.1305277E+01  0.6650782E-04
 -0.1304908E+01  0.6648952E-04
 -0.1305568E+01  0.6652294E-04
 -0.1304236E+01  0.6645500E-04
 -0.1303973E+01  0.6644192E-04
 -0.1304793E+01  0.6648366E-04
 -0.1303641E+01  0.6642504E-04
 -0.1303579E+01  0.6642217E-04
 -0.1304544E+01  0.6647126E-04
 -0.1303908E+01  0.6643896E-04
 -0.1308745E+01  0.6668443E-04
 -0.1312293E+01  0.6686325E-04
 -0.1312970E+01  0.6689746E-04
 -0.1313144E+01  0.6690624E-04
 -0.1313461E+01  0.6692222E-04
 -0.1313771E+01  0.6693812E-04
 -0.1313995E+01  0.6694947E-04
 -0.1314148E+01  0.6695707E-04
 -0.1314319E+01  0.6696577E-04
 -0.1314560E+01  0.6697801E-04
 -0.1314867E+01  0.6699369E-04
 -0.1315221E+01  0.6701170E-04
 -0.1315555E+01  0.6702838E-04
 -0.1315875E+01  0.6704480E-04
 -0.1316305E+01  0.6706652E-04
 -0.1316753E+01  0.6708916E-04
 -0.1316986E+01  0.6710122E-04
 -0.1316941E+01  0.6709895E-04
 -0.1316456E+01  0.6707418E-04
 -0.1311701E+01  0.6683260E-04
 -0.1308100E+01  0.6665049E-04
 -0.1309248E+01  0.6670920E-04
 -0.1313148E+01  0.6690690E-04
 -0.1320732E+01  0.6729164E-04
 -0.1079822E+01  0.5505684E-04
 -0.1039613E+01  0.5299671E-04
 -0.1035743E+01  0.5277720E-04
 -0.1038422E+01  0.5288788E-04
 -0.1037242E+01  0.5280054E-04
 -0.1037423E+01  0.5278223E-04
 -0.1037689E+01  0.5276841E-04
 -0.1033662E+01  0.5250796E-04
 -0.1021313E+01  0.5185710E-04
 -0.1040755E+01  0.5283310E-04
 -0.1050864E+01  0.5334713E-04
 -0.1042608E+01  0.5308410E-04
 -0.1040182E+01  0.5280456E-04
 -0.1042355E+01  0.5291563E-04
 -0.1043693E+01  0.5298409E-04
 -0.1044323E+01  0.5301643E-04
 -0.1044541E+01  0.5302765E-04
 -0.1044348E+01  0.5301772E-04
 -0.1043994E+01  0.5299952E-04
 -0.1043807E+01  0.5299004E-04
 -0.1043772E+01  0.5298815E-04
 -0.1043651E+01  0.5298193E-04
 -0.1043514E+01  0.5297502E-04
 -0.1043420E+01  0.5297040E-04
 -0.1043447E+01  0.5297146E-04
 -0.1043508E+01  0.5297458E-04
 -0.1043699E+01  0.5298433E-04
 -0.1043956E+01  0.5299741E-04
 -0.1044229E+01  0.5301128E-04
 -0.1044454E+01  0.5302269E-04
 -0.1044544E+01  0.5302712E-04
 -0.1044352E+01  0.5301743E-04
 -0.1044057E+01  0.5300248E-04
 -0.1044080E+01  0.5300368E-04
 -0.1044092E+01  0.5300438E-04
 -0.1043683E+01  0.5298342E-04
 -0.1042797E+01  0.5293821E-04
 -0.1041504E+01  0.5287249E-04
 -0.1031449E+01  0.5248879E-04
 -0.1071515E+01  0.5452220E-04
 -0.1036430E+01  0.5267754E-04
 -0.1050438E+01  0.5341593E-04
 -0.1056235E+01  0.5374123E-04
 -0.1040612E+01  0.5304861E-04
 -0.1042336E+01  0.5296267E-04
 -0.1080770E+01  0.5510515E-04
 -0.1081488E+01  0.5514161E-04
 -0.1080205E+01  0.5507651E-04
 -0.1080369E+01  0.5508469E-04
 -0.1080665E+01  0.5509974E-04
 -0.1079493E+01  0.5503991E-04
 -0.1078427E+01  0.5498566E-04
 -0.1077743E+01  0.5495079E-04
 -0.1077333E+01  0.5492966E-04
 -0.1077043E+01  0.5491502E-04
 -0.1076771E+01  0.5490128E-04
 -0.1076574E+01  0.5489117E-04
 -0.1076419E+01  0.5488324E-04
 -0.1076242E+01  0.5487425E-04
 -0.1076090E+01  0.5486650E-04
 -0.1075938E+01  0.5485895E-04
 -0.1075763E+01  0.5485000E-04
 -0.1075673E+01  0.5484531E-04
 -0.1075623E+01  0.5484275E-04
 -0.1075533E+01  0.5483822E-04
 -0.1075527E+01  0.5483786E-04
 -0.1075567E+01  0.5483976E-04
 -0.1075544E+01  0.5483867E-04
 -0.1075584E+01  0.5484080E-04
 -0.1075646E+01  0.5484386E-04
 -0.1075636E+01  0.5484345E-04
 -0.1075696E+01  0.5484650E-04
 -0.1075788E+01  0.5485110E-04
 -0.1075838E+01  0.5485368E-04
 -0.1075926E+01  0.5485813E-04
 -0.1076074E+01  0.5486544E-04
 -0.1076169E+01  0.5487036E-04
 -0.1076312E+01  0.5487772E-04
 -0.1076475E+01  0.5488611E-04
 -0.1076580E+01  0.5489149E-04
 -0.1076735E+01  0.5489929E-04
 -0.1076884E+01  0.5490706E-04
 -0.1076973E+01  0.5491169E-04
 -0.1077092E+01  0.5491760E-04
 -0.1077202E+01  0.5492332E-04
 -0.1077248E+01  0.5492548E-04
 -0.1077298E+01  0.5492815E-04
 -0.1077379E+01  0.5493245E-04
 -0.1077444E+01  0.5493552E-04
 -0.1077537E+01  0.5494026E-04
 -0.1077592E+01  0.5494330E-04
 -0.1077566E+01  0.5494208E-04
 -0.1077565E+01  0.5494173E-04
 -0.1077551E+01  0.5494112E-04
 -0.1077455E+01  0.5493627E-04
 -0.1077396E+01  0.5493320E-04
 -0.1077423E+01  0.5493460E-04
 -0.1077410E+01  0.5493380E-04
 -0.1077352E+01  0.5493089E-04
 -0.1077290E+01  0.5492766E-04
 -0.1077200E+01  0.5492326E-04
 -0.1077059E+01  0.5491599E-04
 -0.1076896E+01  0.5490777E-04
 -0.1076696E+01  0.5489753E-04
 -0.1076533E+01  0.5488917E-04
 -0.1076406E+01  0.5488278E-04
 -0.1076261E+01  0.5487539E-04
 -0.1076159E+01  0.5487018E-04
 -0.1076090E+01  0.5486658E-04
 -0.1076008E+01  0.5486226E-04
 -0.1076010E+01  0.5486226E-04
 -0.1076014E+01  0.5486258E-04
 -0.1076010E+01  0.5486252E-04
 -0.1076109E+01  0.5486756E-04
 -0.1076479E+01  0.5488623E-04
 -0.1077283E+01  0.5492705E-04
 -0.1078082E+01  0.5496740E-04
 -0.1078523E+01  0.5498964E-04
 -0.1078791E+01  0.5500317E-04
 -0.1079000E+01  0.5501396E-04
 -0.1079081E+01  0.5501790E-04
 -0.1079058E+01  0.5501711E-04
 -0.1079028E+01  0.5501539E-04
 -0.1079026E+01  0.5501523E-04
 -0.1079088E+01  0.5501842E-04
 -0.1079187E+01  0.5502367E-04
 -0.1079304E+01  0.5502949E-04
 -0.1079401E+01  0.5503431E-04
 -0.1079514E+01  0.5504023E-04
 -0.1079728E+01  0.5505130E-04
 -0.1079936E+01  0.5506169E-04
 -0.1079963E+01  0.5506308E-04
 -0.1079726E+01  0.5505121E-04
 -0.1079143E+01  0.5502146E-04
 -0.1078138E+01  0.5497045E-04
 -0.1077368E+01  0.5493154E-04
 -0.1077353E+01  0.5493075E-04
 -0.1078342E+01  0.5498144E-04
 -0.1040458E+01  0.5303912E-04
 -0.1016732E+01  0.5162341E-04
 -0.1037259E+01  0.5285352E-04
 -0.1041167E+01  0.5302663E-04
 -0.1043633E+01  0.5312429E-04
 -0.1044438E+01  0.5313749E-04
 -0.1045206E+01  0.5314881E-04
 -0.1025089E+01  0.5204610E-04
 -0.1032564E+01  0.5244859E-04
 -0.1025948E+01  0.5208968E-04
 -0.1051594E+01  0.5344886E-04
 -0.1024895E+01  0.5203789E-04
 -0.1026146E+01  0.5209957E-04
 -0.1025760E+01  0.5207975E-04
 -0.1025412E+01  0.5206188E-04
 -0.1025771E+01  0.5208050E-04
 -0.1026079E+01  0.5209622E-04
 -0.1025859E+01  0.5208495E-04
 -0.1025828E+01  0.5208343E-04
 -0.1025770E+01  0.5208043E-04
 -0.1025806E+01  0.5208225E-04
 -0.1025902E+01  0.5208725E-04
 -0.1025846E+01  0.5208446E-04
 -0.1025846E+01  0.5208405E-04
 -0.1025811E+01  0.5208222E-04
 -0.1025816E+01  0.5208235E-04
 -0.1025859E+01  0.5208431E-04
 -0.1025756E+01  0.5207880E-04
 -0.1025445E+01  0.5206306E-04
 -0.1025694E+01  0.5207650E-04
 -0.1026316E+01  0.5210825E-04
 -0.1026041E+01  0.5209395E-04
 -0.1025751E+01  0.5207919E-04
 -0.1025902E+01  0.5208769E-04
 -0.1029634E+01  0.5227957E-04
 -0.1032198E+01  0.5260355E-04
 -0.1068750E+01  0.5440501E-04
 -0.1051680E+01  0.5344423E-04
 -0.1080162E+01  0.5498403E-04
 -0.1042435E+01  0.5311071E-04
 -0.1055606E+01  0.5367772E-04
 -0.1040933E+01  0.5306482E-04
 -0.1044015E+01  0.5306225E-04
 -0.1042518E+01  0.5314445E-04
 -0.1041658E+01  0.5310014E-04
 -0.1041297E+01  0.5308152E-04
 -0.1041214E+01  0.5307720E-04
 -0.1041055E+01  0.5306898E-04
 -0.1040923E+01  0.5306199E-04
 -0.1040855E+01  0.5305861E-04
 -0.1040782E+01  0.5305476E-04
 -0.1040764E+01  0.5305383E-04
 -0.1040679E+01  0.5304948E-04
 -0.1040562E+01  0.5304332E-04
 -0.1040491E+01  0.5303976E-04
 -0.1040440E+01  0.5303705E-04
 -0.1040450E+01  0.5303758E-04
 -0.1040569E+01  0.5304352E-04
 -0.1040625E+01  0.5304632E-04
 -0.1040663E+01  0.5304830E-04
 -0.1040756E+01  0.5305303E-04
 -0.1040739E+01  0.5305226E-04
 -0.1040711E+01  0.5305093E-04
 -0.1040780E+01  0.5305425E-04
 -0.1040748E+01  0.5305259E-04
 -0.1040678E+01  0.5304912E-04
 -0.1040753E+01  0.5305288E-04
 -0.1040727E+01  0.5305172E-04
 -0.1040689E+01  0.5304996E-04
 -0.1040766E+01  0.5305385E-04
 -0.1040757E+01  0.5305343E-04
 -0.1040731E+01  0.5305207E-04
 -0.1040804E+01  0.5305593E-04
 -0.1040789E+01  0.5305528E-04
 -0.1040750E+01  0.5305325E-04
 -0.1040809E+01  0.5305636E-04
 -0.1040780E+01  0.5305494E-04
 -0.1040723E+01  0.5305202E-04
 -0.1040737E+01  0.5305272E-04
 -0.1040624E+01  0.5304713E-04
 -0.1040522E+01  0.5304182E-04
 -0.1040721E+01  0.5305198E-04
 -0.1040874E+01  0.5305985E-04
 -0.1040862E+01  0.5305907E-04
 -0.1040882E+01  0.5306017E-04
 -0.1040868E+01  0.5305944E-04
 -0.1040803E+01  0.5305613E-04
 -0.1040856E+01  0.5305887E-04
 -0.1040786E+01  0.5305526E-04
 -0.1040589E+01  0.5304567E-04
 -0.1040758E+01  0.5305438E-04
 -0.1040930E+01  0.5306304E-04
 -0.1040886E+01  0.5306078E-04
 -0.1040971E+01  0.5306502E-04
 -0.1040996E+01  0.5306600E-04
 -0.1040908E+01  0.5306132E-04
 -0.1040905E+01  0.5306108E-04
 -0.1040871E+01  0.5305918E-04
 -0.1040790E+01  0.5305497E-04
 -0.1040821E+01  0.5305661E-04
 -0.1040842E+01  0.5305747E-04
 -0.1040826E+01  0.5305657E-04
 -0.1040963E+01  0.5306369E-04
 -0.1041026E+01  0.5306696E-04
 -0.1041083E+01  0.5306960E-04
 -0.1041122E+01  0.5307148E-04
 -0.1041129E+01  0.5307184E-04
 -0.1041241E+01  0.5307754E-04
 -0.1041533E+01  0.5309227E-04
 -0.1041741E+01  0.5310310E-04
 -0.1041945E+01  0.5311372E-04
 -0.1042041E+01  0.5311891E-04
 -0.1042151E+01  0.5312457E-04
 -0.1042045E+01  0.5311915E-04
 -0.1042050E+01  0.5311907E-04
 -0.1042106E+01  0.5312176E-04
 -0.1042085E+01  0.5312064E-04
 -0.1042032E+01  0.5311797E-04
 -0.1042004E+01  0.5311662E-04
 -0.1042060E+01  0.5311947E-04
 -0.1042083E+01  0.5312077E-04
 -0.1041982E+01  0.5311576E-04
 -0.1041849E+01  0.5310910E-04
 -0.1041898E+01  0.5311177E-04
 -0.1041963E+01  0.5311521E-04
 -0.1041781E+01  0.5310603E-04
 -0.1041493E+01  0.5309129E-04
 -0.1040963E+01  0.5306433E-04
 -0.1040790E+01  0.5305536E-04
 -0.1040902E+01  0.5306117E-04
 -0.1035697E+01  0.5260691E-04
 -0.1032279E+01  0.5243539E-04
 -0.1042895E+01  0.5311344E-04
 -0.1045363E+01  0.5321110E-04
 -0.1053136E+01  0.5358139E-04
 -0.1044747E+01  0.5315261E-04
 -0.1045781E+01  0.5317896E-04
 -0.1023259E+01  0.5196676E-04
 -0.1036330E+01  0.5263890E-04
 -0.1035691E+01  0.5260612E-04
 -0.1038158E+01  0.5289875E-04
 -0.1035035E+01  0.5257276E-04
 -0.1036309E+01  0.5263881E-04
 -0.1036802E+01  0.5266424E-04
 -0.1035863E+01  0.5261521E-04
 -0.1035686E+01  0.5260580E-04
 -0.1035474E+01  0.5259506E-04
 -0.1035589E+01  0.5260113E-04
 -0.1035726E+01  0.5260851E-04
 -0.1035740E+01  0.5260900E-04
 -0.1035755E+01  0.5260930E-04
 -0.1035699E+01  0.5260644E-04
 -0.1035656E+01  0.5260387E-04
 -0.1035713E+01  0.5260662E-04
 -0.1035493E+01  0.5259537E-04
 -0.1035201E+01  0.5258105E-04
 -0.1036335E+01  0.5264025E-04
 -0.1037194E+01  0.5268450E-04
 -0.1035985E+01  0.5262152E-04
 -0.1035614E+01  0.5260258E-04
 -0.1037709E+01  0.5270999E-04
 -0.1031928E+01  0.5241530E-04
 -0.1042057E+01  0.5312160E-04
 -0.1041347E+01  0.5308634E-04
 -0.1039368E+01  0.5298604E-04
 -0.1024294E+01  0.5201134E-04
 -0.1054088E+01  0.5365794E-04
 -0.1047850E+01  0.5325480E-04
 -0.1041586E+01  0.5307493E-04
 -0.1039163E+01  0.5295131E-04
 -0.1038441E+01  0.5291308E-04
 -0.1037849E+01  0.5288312E-04
 -0.1037842E+01  0.5288279E-04
 -0.1038000E+01  0.5289086E-04
 -0.1037778E+01  0.5287960E-04
 -0.1037647E+01  0.5287283E-04
 -0.1037741E+01  0.5287757E-04
 -0.1037229E+01  0.5285164E-04
 -0.1037197E+01  0.5285010E-04
 -0.1037614E+01  0.5287071E-04
 -0.1037950E+01  0.5288725E-04
 -0.1037979E+01  0.5288868E-04
 -0.1038186E+01  0.5289958E-04
 -0.1038154E+01  0.5289814E-04
 -0.1037890E+01  0.5288479E-04
 -0.1037912E+01  0.5288625E-04
 -0.1038043E+01  0.5289275E-04
 -0.1037792E+01  0.5288021E-04
 -0.1037786E+01  0.5288000E-04
 -0.1037954E+01  0.5288834E-04
 -0.1037690E+01  0.5287504E-04
 -0.1037695E+01  0.5287535E-04
 -0.1037872E+01  0.5288437E-04
 -0.1037620E+01  0.5287168E-04
 -0.1037634E+01  0.5287236E-04
 -0.1037806E+01  0.5288111E-04
 -0.1037569E+01  0.5286908E-04
 -0.1037554E+01  0.5286845E-04
 -0.1037710E+01  0.5287636E-04
 -0.1037455E+01  0.5286344E-04
 -0.1037406E+01  0.5286116E-04
 -0.1037572E+01  0.5286934E-04
 -0.1037080E+01  0.5284438E-04
 -0.1036581E+01  0.5281961E-04
 -0.1037148E+01  0.5284813E-04
 -0.1037991E+01  0.5289047E-04
 -0.1037899E+01  0.5288584E-04
 -0.1037710E+01  0.5287633E-04
 -0.1037808E+01  0.5288125E-04
 -0.1037719E+01  0.5287681E-04
 -0.1037701E+01  0.5287606E-04
 -0.1037449E+01  0.5286355E-04
 -0.1036147E+01  0.5279858E-04
 -0.1036429E+01  0.5281308E-04
 -0.1037532E+01  0.5286848E-04
 -0.1037145E+01  0.5284897E-04
 -0.1037458E+01  0.5286455E-04
 -0.1037952E+01  0.5288903E-04
 -0.1037889E+01  0.5288542E-04
 -0.1037830E+01  0.5288231E-04
 -0.1037894E+01  0.5288543E-04
 -0.1037779E+01  0.5287965E-04
 -0.1037728E+01  0.5287677E-04
 -0.1037984E+01  0.5288956E-04
 -0.1038006E+01  0.5289063E-04
 -0.1038242E+01  0.5290272E-04
 -0.1038548E+01  0.5291804E-04
 -0.1038723E+01  0.5292671E-04
 -0.1038582E+01  0.5291938E-04
 -0.1038138E+01  0.5289720E-04
 -0.1038201E+01  0.5290083E-04
 -0.1038405E+01  0.5291141E-04
 -0.1037970E+01  0.5288993E-04
 -0.1038201E+01  0.5290212E-04
 -0.1037682E+01  0.5287622E-04
 -0.1038050E+01  0.5289504E-04
 -0.1037644E+01  0.5287405E-04
 -0.1038358E+01  0.5290952E-04
 -0.1038980E+01  0.5294051E-04
 -0.1038923E+01  0.5293726E-04
 -0.1038542E+01  0.5291799E-04
 -0.1038503E+01  0.5291620E-04
 -0.1038819E+01  0.5293209E-04
 -0.1038918E+01  0.5293715E-04
 -0.1038310E+01  0.5290710E-04
 -0.1036821E+01  0.5283263E-04
 -0.1036705E+01  0.5282722E-04
 -0.1037954E+01  0.5288993E-04
 -0.1037920E+01  0.5288788E-04
 -0.1037492E+01  0.5286649E-04
 -0.1036702E+01  0.5282576E-04
 -0.1038225E+01  0.5290219E-04
 -0.1047224E+01  0.5322180E-04
 -0.1049821E+01  0.5335445E-04
 -0.1032108E+01  0.5257773E-04
 -0.1032411E+01  0.5244671E-04
 -0.1046581E+01  0.5318951E-04
 -0.1046902E+01  0.5326894E-04
 -0.1040018E+01  0.5299742E-04
 -0.1045833E+01  0.5323460E-04
 -0.1052204E+01  0.5356096E-04
 -0.1050803E+01  0.5340850E-04
 -0.1037814E+01  0.5288257E-04
 -0.1050310E+01  0.5337971E-04
 -0.1056475E+01  0.5380806E-04
 -0.1043372E+01  0.5314451E-04
 -0.1048421E+01  0.5328186E-04
 -0.1047975E+01  0.5325788E-04
 -0.1047550E+01  0.5323622E-04
 -0.1048056E+01  0.5326253E-04
 -0.1048216E+01  0.5327142E-04
 -0.1048364E+01  0.5327859E-04
 -0.1048476E+01  0.5328421E-04
 -0.1048430E+01  0.5328193E-04
 -0.1048405E+01  0.5328056E-04
 -0.1048402E+01  0.5328044E-04
 -0.1048103E+01  0.5326564E-04
 -0.1048000E+01  0.5326113E-04
 -0.1051163E+01  0.5342618E-04
 -0.1052644E+01  0.5350390E-04
 -0.1047998E+01  0.5326116E-04
 -0.1046874E+01  0.5320275E-04
 -0.1042159E+01  0.5296649E-04
 -0.1045545E+01  0.5324753E-04
 -0.1038541E+01  0.5291856E-04
 -0.1039782E+01  0.5290246E-04
 -0.1029049E+01  0.5239748E-04
 -0.1051699E+01  0.5345414E-04
 -0.1045143E+01  0.5315514E-04
 -0.1054381E+01  0.5367469E-04
 -0.1045535E+01  0.5325116E-04
 -0.1057781E+01  0.5380094E-04
 -0.1047427E+01  0.5328254E-04
 -0.1026424E+01  0.5231134E-04
 -0.1041950E+01  0.5306979E-04
 -0.1066540E+01  0.5423712E-04
 -0.1042628E+01  0.5310150E-04
 -0.1040659E+01  0.5300227E-04
 -0.1040293E+01  0.5298419E-04
 -0.1040233E+01  0.5298112E-04
 -0.1041003E+01  0.5301975E-04
 -0.1038872E+01  0.5291257E-04
 -0.1038744E+01  0.5290588E-04
 -0.1040481E+01  0.5299217E-04
 -0.1041757E+01  0.5305601E-04
 -0.1041122E+01  0.5302403E-04
 -0.1041548E+01  0.5304662E-04
 -0.1041736E+01  0.5305634E-04
 -0.1040304E+01  0.5298470E-04
 -0.1040388E+01  0.5298920E-04
 -0.1041559E+01  0.5304828E-04
 -0.1040278E+01  0.5298364E-04
 -0.1040242E+01  0.5298189E-04
 -0.1041481E+01  0.5304425E-04
 -0.1040209E+01  0.5298020E-04
 -0.1040187E+01  0.5297899E-04
 -0.1041399E+01  0.5303994E-04
 -0.1040161E+01  0.5297763E-04
 -0.1040146E+01  0.5297683E-04
 -0.1041338E+01  0.5303677E-04
 -0.1040180E+01  0.5297854E-04
 -0.1040118E+01  0.5297532E-04
 -0.1041216E+01  0.5303049E-04
 -0.1040038E+01  0.5297113E-04
 -0.1040083E+01  0.5297341E-04
 -0.1041563E+01  0.5304797E-04
 -0.1039602E+01  0.5294905E-04
 -0.1036548E+01  0.5279561E-04
 -0.1038684E+01  0.5290304E-04
 -0.1042792E+01  0.5310960E-04
 -0.1041074E+01  0.5302267E-04
 -0.1040601E+01  0.5299878E-04
 -0.1041772E+01  0.5305780E-04
 -0.1040487E+01  0.5299299E-04
 -0.1040903E+01  0.5301480E-04
 -0.1041833E+01  0.5306266E-04
 -0.1034356E+01  0.5268642E-04
 -0.1035331E+01  0.5273642E-04
 -0.1041919E+01  0.5306848E-04
 -0.1037950E+01  0.5286764E-04
 -0.1039397E+01  0.5294057E-04
 -0.1042134E+01  0.5307754E-04
 -0.1040539E+01  0.5299659E-04
 -0.1040416E+01  0.5299048E-04
 -0.1041260E+01  0.5303274E-04
 -0.1040171E+01  0.5297786E-04
 -0.1039832E+01  0.5296029E-04
 -0.1041618E+01  0.5304961E-04
 -0.1040620E+01  0.5299911E-04
 -0.1041273E+01  0.5303291E-04
 -0.1042502E+01  0.5309491E-04
 -0.1042628E+01  0.5310057E-04
 -0.1042187E+01  0.5307814E-04
 -0.1040217E+01  0.5297958E-04
 -0.1040471E+01  0.5299350E-04
 -0.1041696E+01  0.5305567E-04
 -0.1038970E+01  0.5291907E-04
 -0.1040806E+01  0.5301346E-04
 -0.1038072E+01  0.5287501E-04
 -0.1039942E+01  0.5297025E-04
 -0.1037342E+01  0.5283694E-04
 -0.1041475E+01  0.5304413E-04
 -0.1043181E+01  0.5312921E-04
 -0.1042381E+01  0.5308855E-04
 -0.1040670E+01  0.5300239E-04
 -0.1040906E+01  0.5301479E-04
 -0.1042400E+01  0.5308988E-04
 -0.1042843E+01  0.5311242E-04
 -0.1041656E+01  0.5305391E-04
 -0.1034720E+01  0.5270559E-04
 -0.1034210E+01  0.5268005E-04
 -0.1042363E+01  0.5308962E-04
 -0.1041156E+01  0.5302841E-04
 -0.1037724E+01  0.5285747E-04
 -0.1042683E+01  0.5310430E-04
 -0.1039020E+01  0.5292064E-04
 -0.1046556E+01  0.5332958E-04
 -0.1060615E+01  0.5393377E-04
 -0.1063576E+01  0.5408682E-04
 -0.1060944E+01  0.5395431E-04
 -0.1076904E+01  0.5476551E-04
 -0.1047404E+01  0.5331055E-04
 -0.1030517E+01  0.5241155E-04
 -0.1058218E+01  0.5381477E-04
 -0.1051328E+01  0.5349188E-04
 -0.1063844E+01  0.5409605E-04
 -0.1060813E+01  0.5394507E-04
 -0.1058661E+01  0.5383361E-04
 -0.1061816E+01  0.5399666E-04
 -0.1061000E+01  0.5395501E-04
 -0.1060512E+01  0.5393066E-04
 -0.1060244E+01  0.5391762E-04
 -0.1060122E+01  0.5391171E-04
 -0.1059935E+01  0.5390276E-04
 -0.1059277E+01  0.5386988E-04
 -0.1058574E+01  0.5383260E-04
 -0.1012844E+01  0.5145794E-04
 -0.1082426E+01  0.5504873E-04
 -0.1061301E+01  0.5397210E-04
 -0.1056951E+01  0.5374708E-04
 -0.1070138E+01  0.5441743E-04
 -0.1040645E+01  0.5300213E-04
 -0.1058068E+01  0.5380304E-04
 -0.1041652E+01  0.5305268E-04
 -0.1052101E+01  0.5344264E-04
 -0.1050791E+01  0.5349123E-04
 -0.1036495E+01  0.5279197E-04
 -0.1037634E+01  0.5279076E-04
 -0.1048197E+01  0.5335900E-04
 -0.1098407E+01  0.5587596E-04
 -0.1030686E+01  0.5252742E-04
 -0.1075045E+01  0.5470021E-04
 -0.1073602E+01  0.5462476E-04
 -0.1045953E+01  0.5324773E-04
 -0.1038277E+01  0.5285922E-04
 -0.1038101E+01  0.5285141E-04
 -0.1038662E+01  0.5287996E-04
 -0.1035490E+01  0.5272063E-04
 -0.1042010E+01  0.5304598E-04
 -0.1044655E+01  0.5317475E-04
 -0.1039601E+01  0.5292076E-04
 -0.1042187E+01  0.5305614E-04
 -0.1046186E+01  0.5325879E-04
 -0.1038397E+01  0.5286662E-04
 -0.1039008E+01  0.5289801E-04
 -0.1046953E+01  0.5329863E-04
 -0.1038451E+01  0.5286976E-04
 -0.1038442E+01  0.5286931E-04
 -0.1046911E+01  0.5329640E-04
 -0.1038317E+01  0.5286262E-04
 -0.1038365E+01  0.5286500E-04
 -0.1046789E+01  0.5328980E-04
 -0.1038275E+01  0.5286016E-04
 -0.1038362E+01  0.5286452E-04
 -0.1046708E+01  0.5328528E-04
 -0.1038242E+01  0.5285822E-04
 -0.1038351E+01  0.5286363E-04
 -0.1046490E+01  0.5327394E-04
 -0.1038020E+01  0.5284655E-04
 -0.1038275E+01  0.5285945E-04
 -0.1048299E+01  0.5336521E-04
 -0.1040177E+01  0.5295592E-04
 -0.1042686E+01  0.5308347E-04
 -0.1038193E+01  0.5285249E-04
 -0.1038400E+01  0.5286343E-04
 -0.1047417E+01  0.5331827E-04
 -0.1037794E+01  0.5283293E-04
 -0.1039131E+01  0.5290192E-04
 -0.1058549E+01  0.5388690E-04
 -0.1061347E+01  0.5403078E-04
 -0.1049264E+01  0.5341703E-04
 -0.1049247E+01  0.5341337E-04
 -0.1038078E+01  0.5284947E-04
 -0.1038850E+01  0.5288923E-04
 -0.1045828E+01  0.5324116E-04
 -0.1038570E+01  0.5287518E-04
 -0.1036214E+01  0.5275427E-04
 -0.1047819E+01  0.5333728E-04
 -0.1038348E+01  0.5285873E-04
 -0.1040103E+01  0.5295198E-04
 -0.1046762E+01  0.5328757E-04
 -0.1045246E+01  0.5320926E-04
 -0.1046361E+01  0.5326663E-04
 -0.1037341E+01  0.5281291E-04
 -0.1038726E+01  0.5288473E-04
 -0.1049702E+01  0.5343972E-04
 -0.1046937E+01  0.5331448E-04
 -0.1041548E+01  0.5302948E-04
 -0.1047043E+01  0.5330317E-04
 -0.1049437E+01  0.5342204E-04
 -0.1044951E+01  0.5319440E-04
 -0.1038071E+01  0.5284831E-04
 -0.1039323E+01  0.5291260E-04
 -0.1046124E+01  0.5325542E-04
 -0.1045325E+01  0.5321468E-04
 -0.1049460E+01  0.5342701E-04
 -0.1030158E+01  0.5239820E-04
 -0.1039466E+01  0.5292044E-04
 -0.1084977E+01  0.5519505E-04
 -0.1082588E+01  0.5507767E-04
 -0.1081687E+01  0.5503390E-04
 -0.1067211E+01  0.5430019E-04
 -0.1064302E+01  0.5414976E-04
 -0.1071396E+01  0.5451078E-04
 -0.1085881E+01  0.5524354E-04
 -0.1047290E+01  0.5324998E-04
 -0.1047203E+01  0.5331080E-04
 -0.1080928E+01  0.5499330E-04
 -0.1081292E+01  0.5501256E-04
 -0.1081340E+01  0.5501544E-04
 -0.1081416E+01  0.5501987E-04
 -0.1079162E+01  0.5490633E-04
 -0.1064785E+01  0.5417679E-04
 -0.1022140E+01  0.5195538E-04
 -0.1089982E+01  0.5545593E-04
 -0.1080988E+01  0.5499778E-04
 -0.1046790E+01  0.5320101E-04
 -0.1062307E+01  0.5405034E-04
 -0.1034963E+01  0.5269341E-04
 -0.1070102E+01  0.5441743E-04
 -0.1060700E+01  0.5397010E-04
 -0.1057728E+01  0.5384813E-04
 -0.1055322E+01  0.5370013E-04
 -0.1074955E+01  0.5469031E-04
 -0.1080695E+01  0.5498064E-04
 -0.1042327E+01  0.5304372E-04
 -0.1064358E+01  0.5410443E-04
 -0.1039590E+01  0.5282150E-04
 -0.1046176E+01  0.5325671E-04
 -0.1049892E+01  0.5345685E-04
 -0.1080088E+01  0.5489906E-04
 -0.1012076E+01  0.5137945E-04
 -0.1037528E+01  0.5266959E-04
 -0.1049212E+01  0.5337760E-04
 -0.1067351E+01  0.5428331E-04
 -0.1031635E+01  0.5252526E-04
 -0.1048307E+01  0.5333270E-04
 -0.1051716E+01  0.5354657E-04
 -0.1069409E+01  0.5439093E-04
 -0.1041348E+01  0.5299899E-04
 -0.1029855E+01  0.5243763E-04
 -0.1031487E+01  0.5252022E-04
 -0.1038880E+01  0.5286567E-04
 -0.1067523E+01  0.5432134E-04
 -0.1056980E+01  0.5379597E-04
 -0.1042061E+01  0.5303249E-04
 -0.1037464E+01  0.5280201E-04
 -0.1040127E+01  0.5293063E-04
 -0.1040426E+01  0.5294916E-04
 -0.1039197E+01  0.5288509E-04
 -0.1042289E+01  0.5304310E-04
 -0.1042759E+01  0.5306670E-04
 -0.1040093E+01  0.5293062E-04
 -0.1039800E+01  0.5291640E-04
 -0.1039891E+01  0.5292156E-04
 -0.1039978E+01  0.5292647E-04
 -0.1040337E+01  0.5294522E-04
 -0.1041825E+01  0.5302118E-04
 -0.1056631E+01  0.5376639E-04
 -0.1044514E+01  0.5316117E-04
 -0.1041332E+01  0.5302403E-04
 -0.1042131E+01  0.5306291E-04
 -0.1034049E+01  0.5262533E-04
 -0.1040138E+01  0.5293266E-04
 -0.1028003E+01  0.5231536E-04
 -0.1031253E+01  0.5248019E-04
 -0.2333879E+00  0.1194256E-04
  0.5208155E-02 -0.1834674E-06
  0.7048192E-01 -0.3505763E-05
  0.9089337E-01 -0.4547388E-05
  0.9379890E-01 -0.4698328E-05
  0.8937714E-01 -0.4475864E-05
  0.8209877E-01 -0.4107468E-05
  0.7395307E-01 -0.3694558E-05
  0.6594923E-01 -0.3288329E-05
  0.5855154E-01 -0.2912581E-05
  0.5193654E-01 -0.2576331E-05
  0.4613479E-01 -0.2281252E-05
  0.4110978E-01 -0.2025342E-05
  0.3678703E-01 -0.1804947E-05
  0.3312836E-01 -0.1617961E-05
  0.3004870E-01 -0.1459978E-05
  0.2751168E-01 -0.1329129E-05
  0.2550749E-01 -0.1224594E-05
  0.2406982E-01 -0.1147760E-05
  0.2334369E-01 -0.1105072E-05
  0.2335223E-01 -0.1105451E-05
  0.2335780E-01 -0.1105713E-05
  0.2336126E-01 -0.1105871E-05
  0.2337306E-01 -0.1106475E-05
  0.2337740E-01 -0.1106764E-05
  0.2337446E-01 -0.1106630E-05
  0.2333989E-01 -0.1104890E-05
  0.2332134E-01 -0.1104003E-05
  0.2331462E-01 -0.1103667E-05
  0.2330905E-01 -0.1103402E-05
  0.2330119E-01 -0.1103020E-05
  0.2329155E-01 -0.1102538E-05
  0.2328174E-01 -0.1102104E-05
  0.2327293E-01 -0.1101709E-05
  0.2326588E-01 -0.1101338E-05
  0.2326114E-01 -0.1101070E-05
  0.2325814E-01 -0.1100959E-05
  0.2325712E-01 -0.1100919E-05
  0.2325781E-01 -0.1100961E-05
  0.2325985E-01 -0.1101136E-05
  0.2326317E-01 -0.1101346E-05
  0.2326762E-01 -0.1101526E-05
  0.2327302E-01 -0.1101761E-05
  0.2327922E-01 -0.1102050E-05
  0.2328648E-01 -0.1102358E-05
  0.2329505E-01 -0.1102735E-05
  0.2330455E-01 -0.1103158E-05
  0.2331452E-01 -0.1103646E-05
  0.2332442E-01 -0.1104161E-05
  0.2405095E-01 -0.1146808E-05
  0.2548897E-01 -0.1223673E-05
  0.2749225E-01 -0.1328178E-05
  0.3002737E-01 -0.1458975E-05
  0.3310850E-01 -0.1616940E-05
  0.3677470E-01 -0.1804365E-05
  0.4108630E-01 -0.2024214E-05
  0.4610975E-01 -0.2279956E-05
  0.5190766E-01 -0.2574930E-05
  0.5851834E-01 -0.2910947E-05
  0.6591055E-01 -0.3286374E-05
  0.7390670E-01 -0.3692209E-05
  0.8204101E-01 -0.4104653E-05
  0.8930010E-01 -0.4471966E-05
  0.9372038E-01 -0.4694351E-05
  0.9074855E-01 -0.4540075E-05
  0.7026189E-01 -0.3494597E-05
  0.4953775E-02 -0.1706275E-06
 -0.2331664E+00  0.1193141E-04
 -0.2334043E+00  0.1194347E-04
 -0.2336567E+00  0.1195625E-04
 -0.2337415E+00  0.1196055E-04
 -0.2338093E+00  0.1196406E-04
 -0.2338386E+00  0.1196557E-04
 -0.2338428E+00  0.1196569E-04
 -0.2338204E+00  0.1196447E-04
 -0.2338005E+00  0.1196344E-04
 -0.2338482E+00  0.1196582E-04
 -0.2339076E+00  0.1196882E-04
 -0.2339351E+00  0.1197024E-04
 -0.2339808E+00  0.1197256E-04
 -0.2340514E+00  0.1197620E-04
 -0.2340711E+00  0.1197727E-04
 -0.2340509E+00  0.1197629E-04
 -0.2339737E+00  0.1197240E-04
 -0.2339020E+00  0.1196879E-04
 -0.2338600E+00  0.1196672E-04
 -0.2337422E+00  0.1196087E-04
 -0.2336476E+00  0.1195618E-04
 -0.2335145E+00  0.1194944E-04
 -0.2334576E+00  0.1194660E-04
 -0.2334152E+00  0.1194446E-04
 -0.2332881E+00  0.1193796E-04
 -0.2330634E+00  0.1192644E-04
 -0.2327422E+00  0.1190997E-04
 -0.2321320E+00  0.1187882E-04
 -0.2328220E+00  0.1191386E-04
  0.9096576E-01 -0.4551007E-05
  0.9388771E-01 -0.4702835E-05
  0.8945917E-01 -0.4479966E-05
  0.8214215E-01 -0.4109628E-05
  0.7398873E-01 -0.3696364E-05
  0.6597982E-01 -0.3289860E-05
  0.5857830E-01 -0.2913893E-05
  0.5196228E-01 -0.2577621E-05
  0.4615704E-01 -0.2282322E-05
  0.4109302E-01 -0.2024500E-05
  0.3676666E-01 -0.1803901E-05
  0.3315024E-01 -0.1619077E-05
  0.3009420E-01 -0.1462229E-05
  0.2755311E-01 -0.1331174E-05
  0.2553223E-01 -0.1225808E-05
  0.2408316E-01 -0.1148429E-05
  0.2408854E-01 -0.1148664E-05
  0.2412013E-01 -0.1150219E-05
  0.2421064E-01 -0.1154749E-05
  0.2419884E-01 -0.1154093E-05
  0.2416685E-01 -0.1152515E-05
  0.2399716E-01 -0.1144052E-05
  0.2395375E-01 -0.1141859E-05
  0.2396486E-01 -0.1142431E-05
  0.2399498E-01 -0.1143943E-05
  0.2400887E-01 -0.1144696E-05
  0.2400856E-01 -0.1144737E-05
  0.2400181E-01 -0.1144356E-05
  0.2399372E-01 -0.1144003E-05
  0.2398684E-01 -0.1143758E-05
  0.2398176E-01 -0.1143573E-05
  0.2397903E-01 -0.1143424E-05
  0.2397852E-01 -0.1143403E-05
  0.2397923E-01 -0.1143496E-05
  0.2398157E-01 -0.1143556E-05
  0.2398520E-01 -0.1143665E-05
  0.2398971E-01 -0.1143885E-05
  0.2399513E-01 -0.1144139E-05
  0.2400213E-01 -0.1144484E-05
  0.2401076E-01 -0.1144913E-05
  0.2402005E-01 -0.1145359E-05
  0.2403019E-01 -0.1145833E-05
  0.2404140E-01 -0.1146359E-05
  0.2547694E-01 -0.1223118E-05
  0.2747886E-01 -0.1327539E-05
  0.3001203E-01 -0.1458223E-05
  0.3309073E-01 -0.1616060E-05
  0.3675405E-01 -0.1803396E-05
  0.4106360E-01 -0.2023045E-05
  0.4608377E-01 -0.2278706E-05
  0.5187855E-01 -0.2573456E-05
  0.5848411E-01 -0.2909282E-05
  0.6587013E-01 -0.3284344E-05
  0.7385763E-01 -0.3689749E-05
  0.8198159E-01 -0.4101687E-05
  0.8923645E-01 -0.4468778E-05
  0.9362483E-01 -0.4689509E-05
  0.9064539E-01 -0.4534868E-05
  0.7012653E-01 -0.3487825E-05
  0.4815266E-02 -0.1635872E-06
  0.4719342E-02 -0.1587207E-06
  0.4622716E-02 -0.1538565E-06
  0.4596781E-02 -0.1525564E-06
  0.4589533E-02 -0.1522263E-06
  0.4567383E-02 -0.1511681E-06
  0.4589071E-02 -0.1523192E-06
  0.4583444E-02 -0.1520927E-06
  0.4567277E-02 -0.1512790E-06
  0.4497736E-02 -0.1477350E-06
  0.4467710E-02 -0.1461796E-06
  0.4445408E-02 -0.1449582E-06
  0.4391437E-02 -0.1422032E-06
  0.4358365E-02 -0.1404996E-06
  0.4398463E-02 -0.1425174E-06
  0.4445451E-02 -0.1449029E-06
  0.4512992E-02 -0.1482803E-06
  0.4562156E-02 -0.1507207E-06
  0.4647664E-02 -0.1550826E-06
  0.4729711E-02 -0.1592334E-06
  0.4818299E-02 -0.1636306E-06
  0.4902084E-02 -0.1677899E-06
  0.4951126E-02 -0.1702539E-06
  0.4997485E-02 -0.1725702E-06
  0.5172811E-02 -0.1814922E-06
  0.5292361E-02 -0.1876226E-06
  0.5458294E-02 -0.1960971E-06
  0.5420825E-02 -0.1942057E-06
  0.7058417E-01 -0.3510949E-05
  0.9391090E-01 -0.4703952E-05
  0.7400995E-01 -0.3697379E-05
  0.6600472E-01 -0.3291062E-05
  0.5860435E-01 -0.2915205E-05
  0.5198647E-01 -0.2578867E-05
  0.4612464E-01 -0.2280656E-05
  0.4100184E-01 -0.2019923E-05
  0.3675421E-01 -0.1803248E-05
  0.3312784E-01 -0.1617907E-05
  0.3019037E-01 -0.1467104E-05
  0.2767640E-01 -0.1337334E-05
  0.2560347E-01 -0.1229381E-05
  0.2571752E-01 -0.1235119E-05
  0.2563947E-01 -0.1231241E-05
  0.2584041E-01 -0.1241299E-05
  0.2560131E-01 -0.1229305E-05
  0.2536261E-01 -0.1217300E-05
  0.2527347E-01 -0.1212819E-05
  0.2527638E-01 -0.1213017E-05
  0.2536001E-01 -0.1217225E-05
  0.2540905E-01 -0.1219710E-05
  0.2542544E-01 -0.1220569E-05
  0.2542630E-01 -0.1220647E-05
  0.2542114E-01 -0.1220390E-05
  0.2541508E-01 -0.1220082E-05
  0.2541055E-01 -0.1219832E-05
  0.2540798E-01 -0.1219760E-05
  0.2540728E-01 -0.1219801E-05
  0.2540859E-01 -0.1219822E-05
  0.2541116E-01 -0.1219941E-05
  0.2541444E-01 -0.1220144E-05
  0.2541910E-01 -0.1220403E-05
  0.2542596E-01 -0.1220737E-05
  0.2543408E-01 -0.1221105E-05
  0.2544353E-01 -0.1221511E-05
  0.2545448E-01 -0.1222026E-05
  0.2546649E-01 -0.1222632E-05
  0.2746563E-01 -0.1326896E-05
  0.3307259E-01 -0.1615240E-05
  0.2999677E-01 -0.1457459E-05
  0.3673502E-01 -0.1802431E-05
  0.4104215E-01 -0.2021973E-05
  0.4605928E-01 -0.2277540E-05
  0.5185044E-01 -0.2572096E-05
  0.5845176E-01 -0.2907639E-05
  0.6583077E-01 -0.3282400E-05
  0.7381138E-01 -0.3687467E-05
  0.8192594E-01 -0.4098840E-05
  0.8915621E-01 -0.4464751E-05
  0.9354172E-01 -0.4685348E-05
  0.9056507E-01 -0.4530833E-05
  0.7004385E-01 -0.3483676E-05
  0.6998199E-01 -0.3480516E-05
  0.6996647E-01 -0.3479799E-05
  0.6998148E-01 -0.3480533E-05
  0.6994072E-01 -0.3478530E-05
  0.6995258E-01 -0.3479194E-05
  0.6993047E-01 -0.3478080E-05
  0.6991774E-01 -0.3477404E-05
  0.6987534E-01 -0.3475211E-05
  0.6985338E-01 -0.3474115E-05
  0.6986293E-01 -0.3474609E-05
  0.6985024E-01 -0.3473932E-05
  0.6980675E-01 -0.3471686E-05
  0.6980589E-01 -0.3471583E-05
  0.6984697E-01 -0.3473620E-05
  0.6991031E-01 -0.3476778E-05
  0.6998884E-01 -0.3480742E-05
  0.7003475E-01 -0.3483030E-05
  0.7014223E-01 -0.3488425E-05
  0.7019887E-01 -0.3491289E-05
  0.7025975E-01 -0.3494360E-05
  0.7031433E-01 -0.3497080E-05
  0.7036609E-01 -0.3499718E-05
  0.7045221E-01 -0.3504152E-05
  0.7054090E-01 -0.3508670E-05
  0.7057624E-01 -0.3510487E-05
  0.8949420E-01 -0.4481739E-05
  0.8216412E-01 -0.4110727E-05
  0.9102508E-01 -0.4553987E-05
  0.5863306E-01 -0.2916637E-05
  0.6603294E-01 -0.3292487E-05
  0.4609499E-01 -0.2279178E-05
  0.4105987E-01 -0.2022834E-05
  0.3668448E-01 -0.1799784E-05
  0.3303387E-01 -0.1613137E-05
  0.3015551E-01 -0.1465368E-05
  0.2782541E-01 -0.1344806E-05
  0.2762897E-01 -0.1335018E-05
  0.2715793E-01 -0.1311392E-05
  0.2751824E-01 -0.1329389E-05
  0.2751740E-01 -0.1329356E-05
  0.2762590E-01 -0.1334793E-05
  0.2738578E-01 -0.1322804E-05
  0.2735081E-01 -0.1321080E-05
  0.2739359E-01 -0.1323230E-05
  0.2741345E-01 -0.1324231E-05
  0.2741763E-01 -0.1324505E-05
  0.2741238E-01 -0.1324287E-05
  0.2740592E-01 -0.1323987E-05
  0.2740157E-01 -0.1323812E-05
  0.2739933E-01 -0.1323700E-05
  0.2739922E-01 -0.1323673E-05
  0.2740027E-01 -0.1323755E-05
  0.2740228E-01 -0.1323883E-05
  0.2740613E-01 -0.1324038E-05
  0.2741208E-01 -0.1324282E-05
  0.2741995E-01 -0.1324705E-05
  0.2742977E-01 -0.1325193E-05
  0.2744064E-01 -0.1325697E-05
  0.2745394E-01 -0.1326327E-05
  0.4102255E-01 -0.2021088E-05
  0.4603780E-01 -0.2276426E-05
  0.3305626E-01 -0.1614462E-05
  0.3671630E-01 -0.1801474E-05
  0.2998195E-01 -0.1456759E-05
  0.5182503E-01 -0.2570902E-05
  0.5842314E-01 -0.2906181E-05
  0.6579689E-01 -0.3280720E-05
  0.7377235E-01 -0.3685531E-05
  0.8188843E-01 -0.4096999E-05
  0.8911936E-01 -0.4462873E-05
  0.9358927E-01 -0.4687866E-05
  0.9054308E-01 -0.4529782E-05
  0.9054687E-01 -0.4530097E-05
  0.9055620E-01 -0.4530586E-05
  0.9052604E-01 -0.4528998E-05
  0.9053330E-01 -0.4529419E-05
  0.9053672E-01 -0.4529507E-05
  0.9052570E-01 -0.4529054E-05
  0.9049310E-01 -0.4527412E-05
  0.9048200E-01 -0.4526833E-05
  0.9045798E-01 -0.4525577E-05
  0.9046564E-01 -0.4525946E-05
  0.9044036E-01 -0.4524621E-05
  0.9044981E-01 -0.4525068E-05
  0.9048665E-01 -0.4526909E-05
  0.9053290E-01 -0.4529210E-05
  0.9059960E-01 -0.4532548E-05
  0.9068403E-01 -0.4536788E-05
  0.9073894E-01 -0.4539600E-05
  0.9077071E-01 -0.4541135E-05
  0.9081618E-01 -0.4543388E-05
  0.9086941E-01 -0.4546039E-05
  0.9091556E-01 -0.4548331E-05
  0.9095334E-01 -0.4550282E-05
  0.9101269E-01 -0.4553328E-05
  0.8950903E-01 -0.4482524E-05
  0.8217087E-01 -0.4111059E-05
  0.5200345E-01 -0.2579706E-05
  0.9386372E-01 -0.4701452E-05
  0.7402643E-01 -0.3698163E-05
  0.4629536E-01 -0.2289282E-05
  0.4112290E-01 -0.2026019E-05
  0.2992379E-01 -0.1453674E-05
  0.3010916E-01 -0.1462974E-05
  0.3000538E-01 -0.1457795E-05
  0.3035018E-01 -0.1475101E-05
  0.3003363E-01 -0.1459189E-05
  0.2967300E-01 -0.1441098E-05
  0.2987475E-01 -0.1451240E-05
  0.6577120E-01 -0.3279457E-05
  0.2998814E-01 -0.1457014E-05
  0.2994815E-01 -0.1455066E-05
  0.2993573E-01 -0.1454473E-05
  0.2992720E-01 -0.1454056E-05
  0.2992236E-01 -0.1453824E-05
  0.2992022E-01 -0.1453724E-05
  0.2991993E-01 -0.1453720E-05
  0.2992052E-01 -0.1453780E-05
  0.2992311E-01 -0.1453899E-05
  0.2992812E-01 -0.1454162E-05
  0.2993585E-01 -0.1454569E-05
  0.2994556E-01 -0.1455002E-05
  0.2995689E-01 -0.1455519E-05
  0.2996976E-01 -0.1456153E-05
  0.5180426E-01 -0.2569847E-05
  0.5840007E-01 -0.2905094E-05
  0.4601851E-01 -0.2275489E-05
  0.4100325E-01 -0.2020124E-05
  0.3304105E-01 -0.1613713E-05
  0.3669889E-01 -0.1800656E-05
  0.9353503E-01 -0.4685254E-05
  0.7375212E-01 -0.3684522E-05
  0.8186321E-01 -0.4095772E-05
  0.8910744E-01 -0.4462325E-05
  0.9354694E-01 -0.4685736E-05
  0.9348491E-01 -0.4682628E-05
  0.9354646E-01 -0.4685811E-05
  0.9354752E-01 -0.4685788E-05
  0.9352141E-01 -0.4684469E-05
  0.9355514E-01 -0.4686146E-05
  0.9353544E-01 -0.4685131E-05
  0.9352042E-01 -0.4684481E-05
  0.9349822E-01 -0.4683285E-05
  0.9348390E-01 -0.4682524E-05
  0.9349421E-01 -0.4682994E-05
  0.9350125E-01 -0.4683344E-05
  0.9358320E-01 -0.4687481E-05
  0.9360542E-01 -0.4688536E-05
  0.9367068E-01 -0.4691803E-05
  0.9374741E-01 -0.4695645E-05
  0.9383607E-01 -0.4700141E-05
  0.9384060E-01 -0.4700385E-05
  0.9386636E-01 -0.4701656E-05
  0.9390491E-01 -0.4703581E-05
  0.9392958E-01 -0.4704787E-05
  0.7402923E-01 -0.3698293E-05
  0.5209367E-01 -0.2584277E-05
  0.8215631E-01 -0.4110350E-05
  0.3000930E-01 -0.1458043E-05
  0.8944391E-01 -0.4479188E-05
  0.6607647E-01 -0.3294626E-05
  0.3280789E-01 -0.1601837E-05
  0.3671552E-01 -0.1801374E-05
  0.5869884E-01 -0.2919946E-05
  0.4643417E-01 -0.2296259E-05
  0.4117744E-01 -0.2028767E-05
  0.3281591E-01 -0.1602197E-05
  0.3330519E-01 -0.1626786E-05
  0.3334346E-01 -0.1628761E-05
  0.3303283E-01 -0.1613153E-05
  0.3332923E-01 -0.1627958E-05
  0.3310602E-01 -0.1616751E-05
  0.8184826E-01 -0.4095056E-05
  0.3309053E-01 -0.1616145E-05
  0.4600137E-01 -0.2274654E-05
  0.3301023E-01 -0.1612117E-05
  0.3303562E-01 -0.1613372E-05
  0.3298732E-01 -0.1611077E-05
  0.3298488E-01 -0.1610958E-05
  0.3298403E-01 -0.1610881E-05
  0.3298461E-01 -0.1610940E-05
  0.3298931E-01 -0.1611173E-05
  0.3299613E-01 -0.1611484E-05
  0.3300527E-01 -0.1611948E-05
  0.3301536E-01 -0.1612472E-05
  0.3302778E-01 -0.1613078E-05
  0.3668342E-01 -0.1799879E-05
  0.8900195E-01 -0.4457113E-05
  0.5838423E-01 -0.2904337E-05
  0.5178319E-01 -0.2568789E-05
  0.4098625E-01 -0.2019296E-05
  0.8901840E-01 -0.4457937E-05
  0.8910462E-01 -0.4462251E-05
  0.8903999E-01 -0.4459045E-05
  0.7374042E-01 -0.3683985E-05
  0.8909181E-01 -0.4461654E-05
  0.8901805E-01 -0.4457881E-05
  0.8901332E-01 -0.4457732E-05
  0.8902642E-01 -0.4458391E-05
  0.8905701E-01 -0.4459911E-05
  0.8901596E-01 -0.4457807E-05
  0.8901540E-01 -0.4457715E-05
  0.8903221E-01 -0.4458542E-05
  0.8906869E-01 -0.4460313E-05
  0.8913566E-01 -0.4463691E-05
  0.8919103E-01 -0.4466466E-05
  0.8924644E-01 -0.4469214E-05
  0.8927643E-01 -0.4470688E-05
  0.8930790E-01 -0.4472254E-05
  0.8934113E-01 -0.4473943E-05
  0.8938938E-01 -0.4476409E-05
  0.6605760E-01 -0.3293643E-05
  0.5213670E-01 -0.2586470E-05
  0.3317389E-01 -0.1620272E-05
  0.8214606E-01 -0.4109841E-05
  0.3666050E-01 -0.1798598E-05
  0.5871663E-01 -0.2920878E-05
  0.7403804E-01 -0.3698740E-05
  0.3299328E-01 -0.1611309E-05
  0.6575165E-01 -0.3278495E-05
  0.4135648E-01 -0.2037761E-05
  0.3688823E-01 -0.1809994E-05
  0.3681608E-01 -0.1806342E-05
  0.4598361E-01 -0.2273823E-05
  0.3664602E-01 -0.1797993E-05
  0.3673122E-01 -0.1802174E-05
  0.8184060E-01 -0.4094693E-05
  0.3663509E-01 -0.1797522E-05
  0.4097064E-01 -0.2018521E-05
  0.6574523E-01 -0.3278209E-05
  0.3669120E-01 -0.1800189E-05
  0.3663504E-01 -0.1797501E-05
  0.3664311E-01 -0.1797891E-05
  0.3664968E-01 -0.1798231E-05
  0.3666049E-01 -0.1798790E-05
  0.3667072E-01 -0.1799263E-05
  0.8180449E-01 -0.4092784E-05
  0.5836758E-01 -0.2903496E-05
  0.8181634E-01 -0.4093500E-05
  0.8179989E-01 -0.4092587E-05
  0.5177105E-01 -0.2568205E-05
  0.8186011E-01 -0.4095493E-05
  0.8179113E-01 -0.4092096E-05
  0.8179199E-01 -0.4092172E-05
  0.8182670E-01 -0.4093858E-05
  0.8182659E-01 -0.4094004E-05
  0.8180774E-01 -0.4092994E-05
  0.7372902E-01 -0.3683391E-05
  0.3663613E-01 -0.1797527E-05
  0.3663719E-01 -0.1797545E-05
  0.8189548E-01 -0.4097293E-05
  0.8193548E-01 -0.4099301E-05
  0.8197397E-01 -0.4101213E-05
  0.8202033E-01 -0.4103503E-05
  0.8206991E-01 -0.4105942E-05
  0.8211463E-01 -0.4108191E-05
  0.7401113E-01 -0.3697449E-05
  0.5203592E-01 -0.2581369E-05
  0.5864163E-01 -0.2917101E-05
  0.4624959E-01 -0.2286951E-05
  0.3666284E-01 -0.1798795E-05
  0.8178713E-01 -0.4091880E-05
  0.3675248E-01 -0.1803198E-05
  0.3680280E-01 -0.1805652E-05
  0.6602594E-01 -0.3292096E-05
  0.8183606E-01 -0.4094446E-05
  0.3680871E-01 -0.1806032E-05
  0.4094278E-01 -0.2017080E-05
  0.7380743E-01 -0.3687184E-05
  0.7377064E-01 -0.3685369E-05
  0.7383509E-01 -0.3688580E-05
  0.4093184E-01 -0.2016642E-05
  0.7370252E-01 -0.3681959E-05
  0.6573367E-01 -0.3277698E-05
  0.4097923E-01 -0.2018926E-05
  0.4093280E-01 -0.2016652E-05
  0.4117104E-01 -0.2028372E-05
  0.4094084E-01 -0.2017131E-05
  0.4094975E-01 -0.2017571E-05
  0.7368970E-01 -0.3681455E-05
  0.5835613E-01 -0.2902893E-05
  0.7374149E-01 -0.3683966E-05
  0.7368645E-01 -0.3681287E-05
  0.7370023E-01 -0.3681932E-05
  0.7371788E-01 -0.3682713E-05
  0.5176245E-01 -0.2567826E-05
  0.7368363E-01 -0.3681101E-05
  0.7370758E-01 -0.3682330E-05
  0.4109318E-01 -0.2024457E-05
  0.4095810E-01 -0.2017901E-05
  0.7368940E-01 -0.3681340E-05
  0.7369510E-01 -0.3681723E-05
  0.7371022E-01 -0.3682460E-05
  0.7388919E-01 -0.3691298E-05
  0.7396745E-01 -0.3695269E-05
  0.4095494E-01 -0.2017727E-05
  0.5858879E-01 -0.2914436E-05
  0.4614139E-01 -0.2281565E-05
  0.5187282E-01 -0.2573088E-05
  0.4099092E-01 -0.2019411E-05
  0.4596704E-01 -0.2273025E-05
  0.4100120E-01 -0.2019927E-05
  0.4099198E-01 -0.2019484E-05
  0.4093533E-01 -0.2016832E-05
  0.6595868E-01 -0.3288713E-05
  0.4112880E-01 -0.2026312E-05
  0.4093554E-01 -0.2016761E-05
  0.6591065E-01 -0.3286335E-05
  0.6571014E-01 -0.3276468E-05
  0.4599655E-01 -0.2274259E-05
  0.4594385E-01 -0.2271824E-05
  0.5834774E-01 -0.2902502E-05
  0.4594825E-01 -0.2272041E-05
  0.4598522E-01 -0.2273772E-05
  0.4597190E-01 -0.2273079E-05
  0.4595570E-01 -0.2272400E-05
  0.4596123E-01 -0.2272694E-05
  0.6571025E-01 -0.3276476E-05
  0.6579052E-01 -0.3280308E-05
  0.6571014E-01 -0.3276456E-05
  0.6575339E-01 -0.3278491E-05
  0.4597064E-01 -0.2273082E-05
  0.6572135E-01 -0.3277087E-05
  0.6574129E-01 -0.3277941E-05
  0.6571373E-01 -0.3276692E-05
  0.6572653E-01 -0.3277342E-05
  0.4595032E-01 -0.2272164E-05
  0.4605412E-01 -0.2277196E-05
  0.6571301E-01 -0.3276588E-05
  0.4604849E-01 -0.2276862E-05
  0.6577204E-01 -0.3279400E-05
  0.4594459E-01 -0.2271862E-05
  0.4595536E-01 -0.2272399E-05
  0.5174872E-01 -0.2567167E-05
  0.6572390E-01 -0.3277092E-05
  0.5190154E-01 -0.2574532E-05
  0.4596908E-01 -0.2272943E-05
  0.6584926E-01 -0.3283265E-05
  0.5844293E-01 -0.2907068E-05
  0.5833173E-01 -0.2901707E-05
  0.5838053E-01 -0.2903997E-05
  0.5845281E-01 -0.2907582E-05
  0.5173676E-01 -0.2566459E-05
  0.5173781E-01 -0.2566592E-05
  0.5175600E-01 -0.2567340E-05
  0.3697348E-01 -0.1814252E-05
  0.5841092E-01 -0.2905500E-05
  0.5833405E-01 -0.2901793E-05
  0.5836629E-01 -0.2903293E-05
  0.5174028E-01 -0.2566743E-05
  0.5186091E-01 -0.2572530E-05
  0.5176459E-01 -0.2567829E-05
  0.5835781E-01 -0.2902918E-05
  0.5834130E-01 -0.2902184E-05
  0.5173328E-01 -0.2566330E-05
  0.5833833E-01 -0.2901974E-05
  0.5174901E-01 -0.2567036E-05
  0.5833162E-01 -0.2901722E-05
  0.5833595E-01 -0.2901926E-05
  0.5834539E-01 -0.2902334E-05
  0.5174796E-01 -0.2567013E-05
  0.5173206E-01 -0.2566236E-05
  0.5177224E-01 -0.2568104E-05
  0.5177113E-01 -0.2568065E-05
  0.1428797E+01 -0.7241690E-04
  0.1532073E+01 -0.7767976E-04
  0.1362230E+01 -0.6902787E-04
  0.1429123E+01 -0.7243358E-04
  0.1459065E+01 -0.7395022E-04
  0.1462829E+01 -0.7414121E-04
  0.1463229E+01 -0.7416137E-04
  0.1463406E+01 -0.7417029E-04
  0.1463471E+01 -0.7417370E-04
  0.1463510E+01 -0.7417570E-04
  0.1463526E+01 -0.7417641E-04
  0.1463539E+01 -0.7417710E-04
  0.1463532E+01 -0.7417681E-04
  0.1463527E+01 -0.7417658E-04
  0.1463554E+01 -0.7417786E-04
  0.1463566E+01 -0.7417865E-04
  0.1463575E+01 -0.7417903E-04
  0.1463599E+01 -0.7418017E-04
  0.1463616E+01 -0.7418111E-04
  0.1463615E+01 -0.7418104E-04
  0.1463549E+01 -0.7417771E-04
  0.1463358E+01 -0.7416810E-04
  0.1459954E+01 -0.7399566E-04
  0.1430105E+01 -0.7248364E-04
  0.1429698E+01 -0.7246296E-04
  0.1428908E+01 -0.7242290E-04
  0.1531950E+01 -0.7767360E-04
  0.1428872E+01 -0.7242103E-04
  0.1429736E+01 -0.7246497E-04
  0.1429041E+01 -0.7242972E-04
  0.1531205E+01 -0.7763587E-04
  0.1429234E+01 -0.7243951E-04
  0.1429265E+01 -0.7244103E-04
  0.1429434E+01 -0.7244961E-04
  0.1531064E+01 -0.7762857E-04
  0.1429520E+01 -0.7245399E-04
  0.1429095E+01 -0.7243243E-04
  0.1429490E+01 -0.7245263E-04
  0.1531022E+01 -0.7762657E-04
  0.1429479E+01 -0.7245196E-04
  0.1429183E+01 -0.7243700E-04
  0.1429467E+01 -0.7245145E-04
  0.1530892E+01 -0.7762008E-04
  0.1429399E+01 -0.7244782E-04
  0.1429145E+01 -0.7243508E-04
  0.1429300E+01 -0.7244287E-04
  0.1530724E+01 -0.7761144E-04
  0.1429205E+01 -0.7243814E-04
  0.1428976E+01 -0.7242652E-04
  0.1429147E+01 -0.7243521E-04
  0.1530717E+01 -0.7761125E-04
  0.1429067E+01 -0.7243123E-04
  0.1428962E+01 -0.7242584E-04
  0.1428975E+01 -0.7242646E-04
  0.1530822E+01 -0.7761655E-04
  0.1428910E+01 -0.7242319E-04
  0.1429031E+01 -0.7242943E-04
  0.1429007E+01 -0.7242805E-04
  0.1530950E+01 -0.7762304E-04
  0.1429121E+01 -0.7243395E-04
  0.1429121E+01 -0.7243385E-04
  0.1429132E+01 -0.7243434E-04
  0.1531078E+01 -0.7762950E-04
  0.1429101E+01 -0.7243274E-04
  0.1429204E+01 -0.7243804E-04
  0.1429428E+01 -0.7244930E-04
  0.1531226E+01 -0.7763702E-04
  0.1429801E+01 -0.7246814E-04
  0.1429261E+01 -0.7244105E-04
  0.1429487E+01 -0.7245224E-04
  0.1429251E+01 -0.7244014E-04
  0.1527056E+01 -0.7742551E-04
  0.1531384E+01 -0.7764495E-04
  0.1368160E+01 -0.6932867E-04
  0.1429358E+01 -0.7244598E-04
  0.1368162E+01 -0.6932887E-04
  0.1531530E+01 -0.7765250E-04
  0.1368308E+01 -0.6933619E-04
  0.1429443E+01 -0.7245025E-04
  0.1368496E+01 -0.6934584E-04
  0.1531614E+01 -0.7765659E-04
  0.1368636E+01 -0.6935291E-04
  0.1429517E+01 -0.7245404E-04
  0.1368659E+01 -0.6935419E-04
  0.1531619E+01 -0.7765692E-04
  0.1368618E+01 -0.6935208E-04
  0.1429526E+01 -0.7245440E-04
  0.1368628E+01 -0.6935261E-04
  0.1531626E+01 -0.7765721E-04
  0.1368596E+01 -0.6935096E-04
  0.1429518E+01 -0.7245394E-04
  0.1368538E+01 -0.6934805E-04
  0.1531561E+01 -0.7765392E-04
  0.1368475E+01 -0.6934484E-04
  0.1429526E+01 -0.7245450E-04
  0.1368451E+01 -0.6934362E-04
  0.1531379E+01 -0.7764468E-04
  0.1368417E+01 -0.6934185E-04
  0.1429427E+01 -0.7244933E-04
  0.1368336E+01 -0.6933788E-04
  0.1531070E+01 -0.7762900E-04
  0.1368279E+01 -0.6933486E-04
  0.1429194E+01 -0.7243747E-04
  0.1368248E+01 -0.6933327E-04
  0.1530807E+01 -0.7761554E-04
  0.1368342E+01 -0.6933806E-04
  0.1428993E+01 -0.7242725E-04
  0.1368398E+01 -0.6934094E-04
  0.1530762E+01 -0.7761321E-04
  0.1368325E+01 -0.6933719E-04
  0.1428915E+01 -0.7242331E-04
  0.1368267E+01 -0.6933419E-04
  0.1530984E+01 -0.7762467E-04
  0.1368578E+01 -0.6934990E-04
  0.1429046E+01 -0.7242995E-04
  0.1368774E+01 -0.6935995E-04
  0.1428389E+01 -0.7239641E-04
  0.1368569E+01 -0.6934949E-04
  0.1428451E+01 -0.7239944E-04
  0.0000000E+00  0.0000000E+00
  0.0000000E+00  0.0000000E+00
  0.0000000E+00  0.0000000E+00
  0.0000000E+00  0.0000000E+00
  0.0000000E+00  0.0000000E+00
  0.0000000E+00  0.0000000E+00
  0.0000000E+00  0.0000000E+00
  0.0000000E+00  0.0000000E+00
  0.0000000E+00  0.0000000E+00
  0.0000000E+00  0.0000000E+00
  0.0000000E+00  0.0000000E+00
  0.0000000E+00  0.0000000E+00
  0.0000000E+00  0.0000000E+00
  0.0000000E+00  0.0000000E+00
  0.0000000E+00  0.0000000E+00
  0.0000000E+00  0.0000000E+00
  0.0000000E+00  0.0000000E+00
  0.0000000E+00  0.0000000E+00
  0.0000000E+00  0.0000000E+00
  0.0000000E+00  0.0000000E+00
  0.0000000E+00  0.0000000E+00
  0.0000000E+00  0.0000000E+00
  0.0000000E+00  0.0000000E+00
  0.0000000E+00  0.0000000E+00
  0.0000000E+00  0.0000000E+00
  0.0000000E+00  0.0000000E+00
  0.0000000E+00  0.0000000E+00
  0.0000000E+00  0.0000000E+00
  0.0000000E+00  0.0000000E+00
  0.0000000E+00  0.0000000E+00
  0.0000000E+00  0.0000000E+00
  0.0000000E+00  0.0000000E+00
  0.0000000E+00  0.0000000E+00
  0.0000000E+00  0.0000000E+00
  0.0000000E+00  0.0000000E+00
  0.0000000E+00  0.0000000E+00
  0.0000000E+00  0.0000000E+00
  0.0000000E+00  0.0000000E+00
  0.0000000E+00  0.0000000E+00
  0.0000000E+00  0.0000000E+00
  0.0000000E+00  0.0000000E+00
  0.0000000E+00  0.0000000E+00
  0.0000000E+00  0.0000000E+00
  0.0000000E+00  0.0000000E+00
  0.0000000E+00  0.0000000E+00
  0.0000000E+00  0.0000000E+00
  0.0000000E+00  0.0000000E+00
  0.0000000E+00  0.0000000E+00
  0.0000000E+00  0.0000000E+00
  0.0000000E+00  0.0000000E+00
  0.0000000E+00  0.0000000E+00
  0.0000000E+00  0.0000000E+00
  0.0000000E+00  0.0000000E+00
  0.0000000E+00  0.0000000E+00
  0.0000000E+00  0.0000000E+00
  0.0000000E+00  0.0000000E+00
  0.0000000E+00  0.0000000E+00
  0.0000000E+00  0.0000000E+00
  0.0000000E+00  0.0000000E+00
  0.0000000E+00  0.0000000E+00
  0.0000000E+00  0.0000000E+00
  0.0000000E+00  0.0000000E+00
  0.0000000E+00  0.0000000E+00
  0.0000000E+00  0.0000000E+00
  0.0000000E+00  0.0000000E+00
  0.0000000E+00  0.0000000E+00
  0.0000000E+00  0.0000000E+00
  0.0000000E+00  0.0000000E+00
  0.0000000E+00  0.0000000E+00
  0.0000000E+00  0.0000000E+00
  0.0000000E+00  0.0000000E+00
  0.0000000E+00  0.0000000E+00
  0.0000000E+00  0.0000000E+00
  0.0000000E+00  0.0000000E+00
  0.0000000E+00  0.0000000E+00
  0.0000000E+00  0.0000000E+00
  0.0000000E+00  0.0000000E+00
  0.0000000E+00  0.0000000E+00
  0.0000000E+00  0.0000000E+00
  0.0000000E+00  0.0000000E+00
  0.0000000E+00  0.0000000E+00
  0.0000000E+00  0.0000000E+00
  0.0000000E+00  0.0000000E+00
  0.0000000E+00  0.0000000E+00
  0.0000000E+00  0.0000000E+00
  0.0000000E+00  0.0000000E+00
  0.0000000E+00  0.0000000E+00
  0.0000000E+00  0.0000000E+00
  0.0000000E+00  0.0000000E+00
  0.0000000E+00  0.0000000E+00
  0.0000000E+00  0.0000000E+00
  0.0000000E+00  0.0000000E+00
  0.0000000E+00  0.0000000E+00
  0.0000000E+00  0.0000000E+00
  0.0000000E+00  0.0000000E+00
  0.0000000E+00  0.0000000E+00
  0.0000000E+00  0.0000000E+00
  0.0000000E+00  0.0000000E+00
  0.0000000E+00  0.0000000E+00
  0.0000000E+00  0.0000000E+00
  0.0000000E+00  0.0000000E+00
  0.0000000E+00  0.0000000E+00
  0.0000000E+00  0.0000000E+00
  0.0000000E+00  0.0000000E+00
  0.0000000E+00  0.0000000E+00
  0.0000000E+00  0.0000000E+00
  0.0000000E+00  0.0000000E+00
  0.0000000E+00  0.0000000E+00
  0.0000000E+00  0.0000000E+00
  0.0000000E+00  0.0000000E+00
  0.0000000E+00  0.0000000E+00
  0.0000000E+00  0.0000000E+00
  0.0000000E+00  0.0000000E+00
  0.0000000E+00  0.0000000E+00
  0.0000000E+00  0.0000000E+00
  0.0000000E+00  0.0000000E+00
  0.0000000E+00  0.0000000E+00
  0.0000000E+00  0.0000000E+00
  0.0000000E+00  0.0000000E+00
  0.0000000E+00  0.0000000E+00
  0.0000000E+00  0.0000000E+00
  0.0000000E+00  0.0000000E+00
  0.0000000E+00  0.0000000E+00
  0.0000000E+00  0.0000000E+00
  0.0000000E+00  0.0000000E+00
  0.0000000E+00  0.0000000E+00
  0.0000000E+00  0.0000000E+00
  0.0000000E+00  0.0000000E+00
  0.0000000E+00  0.0000000E+00
  0.0000000E+00  0.0000000E+00
  0.0000000E+00  0.0000000E+00
  0.0000000E+00  0.0000000E+00
  0.0000000E+00  0.0000000E+00
  0.0000000E+00  0.0000000E+00
  0.0000000E+00  0.0000000E+00
  0.0000000E+00  0.0000000E+00
  0.0000000E+00  0.0000000E+00
  0.0000000E+00  0.0000000E+00
  0.0000000E+00  0.0000000E+00
  0.0000000E+00  0.0000000E+00
  0.0000000E+00  0.0000000E+00
  0.0000000E+00  0.0000000E+00
  0.0000000E+00  0.0000000E+00
  0.0000000E+00  0.0000000E+00
  0.0000000E+00  0.0000000E+00
  0.0000000E+00  0.0000000E+00
  0.0000000E+00  0.0000000E+00
  0.0000000E+00  0.0000000E+00
  0.0000000E+00  0.0000000E+00
  0.0000000E+00  0.0000000E+00
  0.0000000E+00  0.0000000E+00
  0.0000000E+00  0.0000000E+00
  0.0000000E+00  0.0000000E+00
  0.0000000E+00  0.0000000E+00
  0.0000000E+00  0.0000000E+00
  0.0000000E+00  0.0000000E+00
  0.0000000E+00  0.0000000E+00
  0.0000000E+00  0.0000000E+00
  0.0000000E+00  0.0000000E+00
  0.0000000E+00  0.0000000E+00
  0.0000000E+00  0.0000000E+00
  0.0000000E+00  0.0000000E+00
  0.0000000E+00  0.0000000E+00
  0.0000000E+00  0.0000000E+00
  0.0000000E+00  0.0000000E+00
  0.0000000E+00  0.0000000E+00
  0.0000000E+00  0.0000000E+00
  0.0000000E+00  0.0000000E+00
  0.0000000E+00  0.0000000E+00
  0.0000000E+00  0.0000000E+00
  0.0000000E+00  0.0000000E+00
  0.0000000E+00  0.0000000E+00
  0.0000000E+00  0.0000000E+00
  0.0000000E+00  0.0000000E+00
  0.0000000E+00  0.0000000E+00
  0.0000000E+00  0.0000000E+00
  0.0000000E+00  0.0000000E+00
  0.0000000E+00  0.0000000E+00
  0.0000000E+00  0.0000000E+00
  0.0000000E+00  0.0000000E+00
  0.0000000E+00  0.0000000E+00
  0.0000000E+00  0.0000000E+00
  0.0000000E+00  0.0000000E+00
  0.0000000E+00  0.0000000E+00
  0.0000000E+00  0.0000000E+00
  0.0000000E+00  0.0000000E+00
  0.0000000E+00  0.0000000E+00
  0.0000000E+00  0.0000000E+00
  0.0000000E+00  0.0000000E+00
  0.0000000E+00  0.0000000E+00
  0.0000000E+00  0.0000000E+00
  0.0000000E+00  0.0000000E+00
  0.0000000E+00  0.0000000E+00
  0.0000000E+00  0.0000000E+00
  0.0000000E+00  0.0000000E+00
  0.0000000E+00  0.0000000E+00
  0.0000000E+00  0.0000000E+00
  0.0000000E+00  0.0000000E+00
  0.0000000E+00  0.0000000E+00
  0.0000000E+00  0.0000000E+00
  0.0000000E+00  0.0000000E+00
  0.0000000E+00  0.0000000E+00
  0.0000000E+00  0.0000000E+00
  0.0000000E+00  0.0000000E+00
  0.0000000E+00  0.0000000E+00
  0.0000000E+00  0.0000000E+00
  0.0000000E+00  0.0000000E+00
  0.0000000E+00  0.0000000E+00
  0.0000000E+00  0.0000000E+00
  0.0000000E+00  0.0000000E+00
  0.0000000E+00  0.0000000E+00
  0.0000000E+00  0.0000000E+00
  0.0000000E+00  0.0000000E+00
  0.0000000E+00  0.0000000E+00
  0.0000000E+00  0.0000000E+00
  0.0000000E+00  0.0000000E+00
  0.0000000E+00  0.0000000E+00
  0.0000000E+00  0.0000000E+00
  0.0000000E+00  0.0000000E+00
  0.0000000E+00  0.0000000E+00
  0.0000000E+00  0.0000000E+00
  0.0000000E+00  0.0000000E+00
  0.0000000E+00  0.0000000E+00
  0.0000000E+00  0.0000000E+00
  0.0000000E+00  0.0000000E+00
  0.0000000E+00  0.0000000E+00
  0.0000000E+00  0.0000000E+00
  0.0000000E+00  0.0000000E+00
  0.0000000E+00  0.0000000E+00
  0.0000000E+00  0.0000000E+00
  0.0000000E+00  0.0000000E+00
  0.0000000E+00  0.0000000E+00
  0.0000000E+00  0.0000000E+00
  0.0000000E+00  0.0000000E+00
  0.0000000E+00  0.0000000E+00
  0.0000000E+00  0.0000000E+00
  0.0000000E+00  0.0000000E+00
  0.0000000E+00  0.0000000E+00
  0.0000000E+00  0.0000000E+00
  0.0000000E+00  0.0000000E+00
  0.0000000E+00  0.0000000E+00
  0.0000000E+00  0.0000000E+00
  0.0000000E+00  0.0000000E+00
  0.0000000E+00  0.0000000E+00
  0.0000000E+00  0.0000000E+00
  0.0000000E+00  0.0000000E+00
  0.0000000E+00  0.0000000E+00
  0.0000000E+00  0.0000000E+00
  0.0000000E+00  0.0000000E+00
  0.0000000E+00  0.0000000E+00
  0.0000000E+00  0.0000000E+00
  0.0000000E+00  0.0000000E+00
  0.0000000E+00  0.0000000E+00
  0.0000000E+00  0.0000000E+00
  0.0000000E+00  0.0000000E+00
  0.0000000E+00  0.0000000E+00
  0.0000000E+00  0.0000000E+00
  0.0000000E+00  0.0000000E+00
  0.0000000E+00  0.0000000E+00
  0.0000000E+00  0.0000000E+00
  0.0000000E+00  0.0000000E+00
  0.0000000E+00  0.0000000E+00
  0.0000000E+00  0.0000000E+00
  0.0000000E+00  0.0000000E+00
  0.0000000E+00  0.0000000E+00
  0.0000000E+00  0.0000000E+00
  0.0000000E+00  0.0000000E+00
  0.0000000E+00  0.0000000E+00
  0.0000000E+00  0.0000000E+00
  0.0000000E+00  0.0000000E+00
  0.0000000E+00  0.0000000E+00
  0.0000000E+00  0.0000000E+00
  0.0000000E+00  0.0000000E+00
  0.0000000E+00  0.0000000E+00
  0.0000000E+00  0.0000000E+00
  0.0000000E+00  0.0000000E+00
  0.0000000E+00  0.0000000E+00
  0.0000000E+00  0.0000000E+00
  0.0000000E+00  0.0000000E+00
  0.0000000E+00  0.0000000E+00
  0.0000000E+00  0.0000000E+00
  0.0000000E+00  0.0000000E+00
  0.0000000E+00  0.0000000E+00
  0.0000000E+00  0.0000000E+00
  0.0000000E+00  0.0000000E+00
  0.0000000E+00  0.0000000E+00
  0.0000000E+00  0.0000000E+00
  0.0000000E+00  0.0000000E+00
  0.0000000E+00  0.0000000E+00
  0.0000000E+00  0.0000000E+00
  0.0000000E+00  0.0000000E+00
  0.0000000E+00  0.0000000E+00
  0.0000000E+00  0.0000000E+00
  0.0000000E+00  0.0000000E+00
  0.0000000E+00  0.0000000E+00
  0.0000000E+00  0.0000000E+00
  0.0000000E+00  0.0000000E+00
  0.0000000E+00  0.0000000E+00
  0.0000000E+00  0.0000000E+00
  0.0000000E+00  0.0000000E+00
  0.0000000E+00  0.0000000E+00
  0.0000000E+00  0.0000000E+00
  0.0000000E+00  0.0000000E+00
  0.0000000E+00  0.0000000E+00
  0.0000000E+00  0.0000000E+00
  0.0000000E+00  0.0000000E+00
  0.0000000E+00  0.0000000E+00
  0.0000000E+00  0.0000000E+00
  0.0000000E+00  0.0000000E+00
  0.0000000E+00  0.0000000E+00
  0.0000000E+00  0.0000000E+00
  0.0000000E+00  0.0000000E+00
  0.0000000E+00  0.0000000E+00
  0.0000000E+00  0.0000000E+00
  0.0000000E+00  0.0000000E+00
  0.0000000E+00  0.0000000E+00
  0.0000000E+00  0.0000000E+00
  0.0000000E+00  0.0000000E+00
  0.0000000E+00  0.0000000E+00
  0.0000000E+00  0.0000000E+00
  0.0000000E+00  0.0000000E+00
  0.0000000E+00  0.0000000E+00
  0.0000000E+00  0.0000000E+00
  0.0000000E+00  0.0000000E+00
  0.0000000E+00  0.0000000E+00
  0.0000000E+00  0.0000000E+00
  0.0000000E+00  0.0000000E+00
  0.0000000E+00  0.0000000E+00
  0.0000000E+00  0.0000000E+00
  0.0000000E+00  0.0000000E+00
  0.0000000E+00  0.0000000E+00
  0.0000000E+00  0.0000000E+00
  0.0000000E+00  0.0000000E+00
  0.0000000E+00  0.0000000E+00
  0.0000000E+00  0.0000000E+00
  0.0000000E+00  0.0000000E+00
  0.0000000E+00  0.0000000E+00
  0.0000000E+00  0.0000000E+00
  0.0000000E+00  0.0000000E+00
  0.0000000E+00  0.0000000E+00
  0.0000000E+00  0.0000000E+00
  0.0000000E+00  0.0000000E+00
  0.0000000E+00  0.0000000E+00
  0.0000000E+00  0.0000000E+00
  0.0000000E+00  0.0000000E+00
  0.0000000E+00  0.0000000E+00
  0.0000000E+00  0.0000000E+00
  0.0000000E+00  0.0000000E+00
  0.0000000E+00  0.0000000E+00
  0.0000000E+00  0.0000000E+00
  0.0000000E+00  0.0000000E+00
  0.0000000E+00  0.0000000E+00
  0.0000000E+00  0.0000000E+00
  0.0000000E+00  0.0000000E+00
  0.0000000E+00  0.0000000E+00
  0.0000000E+00  0.0000000E+00
  0.0000000E+00  0.0000000E+00
  0.0000000E+00  0.0000000E+00
  0.0000000E+00  0.0000000E+00
  0.0000000E+00  0.0000000E+00
  0.0000000E+00  0.0000000E+00
  0.0000000E+00  0.0000000E+00
  0.0000000E+00  0.0000000E+00
  0.0000000E+00  0.0000000E+00
  0.0000000E+00  0.0000000E+00
  0.0000000E+00  0.0000000E+00
  0.0000000E+00  0.0000000E+00
  0.0000000E+00  0.0000000E+00
  0.0000000E+00  0.0000000E+00
  0.0000000E+00  0.0000000E+00
  0.0000000E+00  0.0000000E+00
  0.0000000E+00  0.0000000E+00
  0.0000000E+00  0.0000000E+00
  0.0000000E+00  0.0000000E+00
  0.0000000E+00  0.0000000E+00
  0.0000000E+00  0.0000000E+00
  0.0000000E+00  0.0000000E+00
  0.0000000E+00  0.0000000E+00
  0.0000000E+00  0.0000000E+00
  0.0000000E+00  0.0000000E+00
  0.0000000E+00  0.0000000E+00
  0.0000000E+00  0.0000000E+00
  0.0000000E+00  0.0000000E+00
  0.0000000E+00  0.0000000E+00
  0.0000000E+00  0.0000000E+00
  0.0000000E+00  0.0000000E+00
  0.0000000E+00  0.0000000E+00
  0.0000000E+00  0.0000000E+00
  0.0000000E+00  0.0000000E+00
  0.0000000E+00  0.0000000E+00
  0.0000000E+00  0.0000000E+00
  0.0000000E+00  0.0000000E+00
  0.0000000E+00  0.0000000E+00
  0.0000000E+00  0.0000000E+00
  0.0000000E+00  0.0000000E+00
  0.0000000E+00  0.0000000E+00
  0.0000000E+00  0.0000000E+00
  0.0000000E+00  0.0000000E+00
  0.0000000E+00  0.0000000E+00
  0.0000000E+00  0.0000000E+00
  0.0000000E+00  0.0000000E+00
  0.0000000E+00  0.0000000E+00
  0.0000000E+00  0.0000000E+00
  0.0000000E+00  0.0000000E+00
  0.0000000E+00  0.0000000E+00
  0.0000000E+00  0.0000000E+00
  0.0000000E+00  0.0000000E+00
  0.0000000E+00  0.0000000E+00
  0.0000000E+00  0.0000000E+00
  0.0000000E+00  0.0000000E+00
  0.0000000E+00  0.0000000E+00
  0.0000000E+00  0.0000000E+00
  0.0000000E+00  0.0000000E+00
  0.0000000E+00  0.0000000E+00
  0.0000000E+00  0.0000000E+00
  0.0000000E+00  0.0000000E+00
  0.0000000E+00  0.0000000E+00
  0.0000000E+00  0.0000000E+00
  0.0000000E+00  0.0000000E+00
  0.0000000E+00  0.0000000E+00
  0.0000000E+00  0.0000000E+00
  0.0000000E+00  0.0000000E+00
  0.0000000E+00  0.0000000E+00
  0.0000000E+00  0.0000000E+00
  0.0000000E+00  0.0000000E+00
  0.0000000E+00  0.0000000E+00
  0.0000000E+00  0.0000000E+00
  0.0000000E+00  0.0000000E+00
  0.0000000E+00  0.0000000E+00
  0.0000000E+00  0.0000000E+00
  0.0000000E+00  0.0000000E+00
  0.0000000E+00  0.0000000E+00
  0.0000000E+00  0.0000000E+00
  0.0000000E+00  0.0000000E+00
  0.0000000E+00  0.0000000E+00
  0.0000000E+00  0.0000000E+00
  0.0000000E+00  0.0000000E+00
  0.0000000E+00  0.0000000E+00
  0.0000000E+00  0.0000000E+00
  0.0000000E+00  0.0000000E+00
  0.0000000E+00  0.0000000E+00
  0.0000000E+00  0.0000000E+00
  0.0000000E+00  0.0000000E+00
  0.0000000E+00  0.0000000E+00
  0.0000000E+00  0.0000000E+00
  0.0000000E+00  0.0000000E+00
  0.0000000E+00  0.0000000E+00
  0.0000000E+00  0.0000000E+00
  0.0000000E+00  0.0000000E+00
  0.0000000E+00  0.0000000E+00
  0.0000000E+00  0.0000000E+00
  0.0000000E+00  0.0000000E+00
  0.0000000E+00  0.0000000E+00
  0.0000000E+00  0.0000000E+00
  0.0000000E+00  0.0000000E+00
  0.0000000E+00  0.0000000E+00
  0.0000000E+00  0.0000000E+00
  0.0000000E+00  0.0000000E+00
  0.0000000E+00  0.0000000E+00
  0.0000000E+00  0.0000000E+00
  0.0000000E+00  0.0000000E+00
  0.0000000E+00  0.0000000E+00
  0.0000000E+00  0.0000000E+00
  0.0000000E+00  0.0000000E+00
  0.0000000E+00  0.0000000E+00
  0.0000000E+00  0.0000000E+00
  0.0000000E+00  0.0000000E+00
  0.0000000E+00  0.0000000E+00
  0.0000000E+00  0.0000000E+00
  0.0000000E+00  0.0000000E+00
  0.0000000E+00  0.0000000E+00
  0.0000000E+00  0.0000000E+00
  0.0000000E+00  0.0000000E+00
  0.0000000E+00  0.0000000E+00
  0.0000000E+00  0.0000000E+00
  0.0000000E+00  0.0000000E+00
  0.0000000E+00  0.0000000E+00
  0.0000000E+00  0.0000000E+00
  0.0000000E+00  0.0000000E+00
  0.0000000E+00  0.0000000E+00
  0.0000000E+00  0.0000000E+00
  0.0000000E+00  0.0000000E+00
  0.0000000E+00  0.0000000E+00
  0.0000000E+00  0.0000000E+00
  0.0000000E+00  0.0000000E+00
  0.0000000E+00  0.0000000E+00
  0.0000000E+00  0.0000000E+00
  0.0000000E+00  0.0000000E+00
  0.0000000E+00  0.0000000E+00
  0.0000000E+00  0.0000000E+00
  0.0000000E+00  0.0000000E+00
  0.0000000E+00  0.0000000E+00
  0.0000000E+00  0.0000000E+00
  0.0000000E+00  0.0000000E+00
  0.0000000E+00  0.0000000E+00
  0.0000000E+00  0.0000000E+00
  0.0000000E+00  0.0000000E+00
  0.0000000E+00  0.0000000E+00
  0.0000000E+00  0.0000000E+00
  0.0000000E+00  0.0000000E+00
  0.0000000E+00  0.0000000E+00
  0.0000000E+00  0.0000000E+00
  0.0000000E+00  0.0000000E+00
  0.0000000E+00  0.0000000E+00
  0.0000000E+00  0.0000000E+00
  0.0000000E+00  0.0000000E+00
  0.0000000E+00  0.0000000E+00
  0.0000000E+00  0.0000000E+00
  0.0000000E+00  0.0000000E+00
  0.0000000E+00  0.0000000E+00
  0.0000000E+00  0.0000000E+00
  0.0000000E+00  0.0000000E+00
  0.0000000E+00  0.0000000E+00
  0.0000000E+00  0.0000000E+00
  0.0000000E+00  0.0000000E+00
  0.0000000E+00  0.0000000E+00
  0.0000000E+00  0.0000000E+00
  0.0000000E+00  0.0000000E+00
  0.0000000E+00  0.0000000E+00
  0.0000000E+00  0.0000000E+00
  0.0000000E+00  0.0000000E+00
  0.0000000E+00  0.0000000E+00
  0.0000000E+00  0.0000000E+00
  0.0000000E+00  0.0000000E+00
  0.0000000E+00  0.0000000E+00
  0.0000000E+00  0.0000000E+00
  0.0000000E+00  0.0000000E+00
  0.0000000E+00  0.0000000E+00
  0.0000000E+00  0.0000000E+00
  0.0000000E+00  0.0000000E+00
  0.0000000E+00  0.0000000E+00
  0.0000000E+00  0.0000000E+00
  0.0000000E+00  0.0000000E+00
  0.0000000E+00  0.0000000E+00
  0.0000000E+00  0.0000000E+00
  0.0000000E+00  0.0000000E+00
  0.0000000E+00  0.0000000E+00
  0.0000000E+00  0.0000000E+00
  0.0000000E+00  0.0000000E+00
  0.0000000E+00  0.0000000E+00
  0.0000000E+00  0.0000000E+00
  0.0000000E+00  0.0000000E+00
  0.0000000E+00  0.0000000E+00
  0.0000000E+00  0.0000000E+00
  0.0000000E+00  0.0000000E+00
  0.0000000E+00  0.0000000E+00
  0.0000000E+00  0.0000000E+00
  0.0000000E+00  0.0000000E+00
  0.0000000E+00  0.0000000E+00
  0.0000000E+00  0.0000000E+00
  0.0000000E+00  0.0000000E+00
  0.0000000E+00  0.0000000E+00
  0.0000000E+00  0.0000000E+00
  0.0000000E+00  0.0000000E+00
  0.0000000E+00  0.0000000E+00
  0.0000000E+00  0.0000000E+00
  0.0000000E+00  0.0000000E+00
  0.0000000E+00  0.0000000E+00
  0.0000000E+00  0.0000000E+00
  0.0000000E+00  0.0000000E+00
  0.0000000E+00  0.0000000E+00
  0.0000000E+00  0.0000000E+00
  0.0000000E+00  0.0000000E+00
  0.0000000E+00  0.0000000E+00
  0.0000000E+00  0.0000000E+00
  0.0000000E+00  0.0000000E+00
  0.0000000E+00  0.0000000E+00
  0.0000000E+00  0.0000000E+00
  0.0000000E+00  0.0000000E+00
  0.0000000E+00  0.0000000E+00
  0.0000000E+00  0.0000000E+00
  0.0000000E+00  0.0000000E+00
  0.0000000E+00  0.0000000E+00
  0.0000000E+00  0.0000000E+00
  0.0000000E+00  0.0000000E+00
  0.0000000E+00  0.0000000E+00
  0.0000000E+00  0.0000000E+00
  0.0000000E+00  0.0000000E+00
  0.0000000E+00  0.0000000E+00
  0.0000000E+00  0.0000000E+00
  0.0000000E+00  0.0000000E+00
  0.0000000E+00  0.0000000E+00
  0.0000000E+00  0.0000000E+00
  0.0000000E+00  0.0000000E+00
  0.0000000E+00  0.0000000E+00
  0.0000000E+00  0.0000000E+00
  0.0000000E+00  0.0000000E+00
  0.0000000E+00  0.0000000E+00
  0.0000000E+00  0.0000000E+00
  0.0000000E+00  0.0000000E+00
  0.0000000E+00  0.0000000E+00
  0.0000000E+00  0.0000000E+00
  0.0000000E+00  0.0000000E+00
  0.0000000E+00  0.0000000E+00
  0.0000000E+00  0.0000000E+00
  0.0000000E+00  0.0000000E+00
  0.0000000E+00  0.0000000E+00
  0.0000000E+00  0.0000000E+00
  0.0000000E+00  0.0000000E+00
  0.0000000E+00  0.0000000E+00
  0.0000000E+00  0.0000000E+00
  0.0000000E+00  0.0000000E+00
  0.0000000E+00  0.0000000E+00
  0.0000000E+00  0.0000000E+00
  0.0000000E+00  0.0000000E+00
  0.0000000E+00  0.0000000E+00
  0.0000000E+00  0.0000000E+00
  0.0000000E+00  0.0000000E+00
  0.0000000E+00  0.0000000E+00
  0.0000000E+00  0.0000000E+00
  0.0000000E+00  0.0000000E+00
  0.0000000E+00  0.0000000E+00
  0.0000000E+00  0.0000000E+00
  0.0000000E+00  0.0000000E+00
  0.0000000E+00  0.0000000E+00
  0.0000000E+00  0.0000000E+00
  0.0000000E+00  0.0000000E+00
  0.0000000E+00  0.0000000E+00
  0.0000000E+00  0.0000000E+00
  0.0000000E+00  0.0000000E+00
  0.0000000E+00  0.0000000E+00
  0.0000000E+00  0.0000000E+00
  0.0000000E+00  0.0000000E+00
  0.0000000E+00  0.0000000E+00
  0.0000000E+00  0.0000000E+00
  0.0000000E+00  0.0000000E+00
  0.0000000E+00  0.0000000E+00
  0.0000000E+00  0.0000000E+00
  0.0000000E+00  0.0000000E+00
  0.0000000E+00  0.0000000E+00
  0.0000000E+00  0.0000000E+00
  0.0000000E+00  0.0000000E+00
  0.0000000E+00  0.0000000E+00
  0.0000000E+00  0.0000000E+00
  0.0000000E+00  0.0000000E+00
  0.0000000E+00  0.0000000E+00
  0.0000000E+00  0.0000000E+00
  0.0000000E+00  0.0000000E+00
  0.0000000E+00  0.0000000E+00
  0.0000000E+00  0.0000000E+00
  0.0000000E+00  0.0000000E+00
  0.0000000E+00  0.0000000E+00
  0.0000000E+00  0.0000000E+00
  0.0000000E+00  0.0000000E+00
  0.0000000E+00  0.0000000E+00
  0.0000000E+00  0.0000000E+00
  0.0000000E+00  0.0000000E+00
  0.0000000E+00  0.0000000E+00
  0.0000000E+00  0.0000000E+00
  0.0000000E+00  0.0000000E+00
  0.0000000E+00  0.0000000E+00
  0.0000000E+00  0.0000000E+00
  0.0000000E+00  0.0000000E+00
  0.0000000E+00  0.0000000E+00
  0.0000000E+00  0.0000000E+00
  0.0000000E+00  0.0000000E+00
  0.0000000E+00  0.0000000E+00
  0.0000000E+00  0.0000000E+00
  0.0000000E+00  0.0000000E+00
  0.0000000E+00  0.0000000E+00
  0.0000000E+00  0.0000000E+00
  0.0000000E+00  0.0000000E+00
  0.0000000E+00  0.0000000E+00
  0.0000000E+00  0.0000000E+00
  0.0000000E+00  0.0000000E+00
  0.0000000E+00  0.0000000E+00
  0.0000000E+00  0.0000000E+00
  0.0000000E+00  0.0000000E+00
  0.0000000E+00  0.0000000E+00
  0.0000000E+00  0.0000000E+00
  0.0000000E+00  0.0000000E+00
  0.0000000E+00  0.0000000E+00
  0.0000000E+00  0.0000000E+00
  0.0000000E+00  0.0000000E+00
  0.0000000E+00  0.0000000E+00
  0.0000000E+00  0.0000000E+00
  0.0000000E+00  0.0000000E+00
  0.0000000E+00  0.0000000E+00
  0.0000000E+00  0.0000000E+00
  0.0000000E+00  0.0000000E+00
  0.0000000E+00  0.0000000E+00
  0.0000000E+00  0.0000000E+00
  0.0000000E+00  0.0000000E+00
  0.0000000E+00  0.0000000E+00
  0.0000000E+00  0.0000000E+00
  0.0000000E+00  0.0000000E+00
  0.0000000E+00  0.0000000E+00
  0.0000000E+00  0.0000000E+00
  0.0000000E+00  0.0000000E+00
  0.0000000E+00  0.0000000E+00
  0.0000000E+00  0.0000000E+00
  0.0000000E+00  0.0000000E+00
  0.0000000E+00  0.0000000E+00
  0.0000000E+00  0.0000000E+00
  0.0000000E+00  0.0000000E+00
  0.0000000E+00  0.0000000E+00
  0.0000000E+00  0.0000000E+00
  0.0000000E+00  0.0000000E+00
  0.0000000E+00  0.0000000E+00
  0.0000000E+00  0.0000000E+00
  0.0000000E+00  0.0000000E+00
  0.0000000E+00  0.0000000E+00
  0.0000000E+00  0.0000000E+00
  0.0000000E+00  0.0000000E+00
  0.0000000E+00  0.0000000E+00
  0.0000000E+00  0.0000000E+00
  0.0000000E+00  0.0000000E+00
  0.0000000E+00  0.0000000E+00
  0.0000000E+00  0.0000000E+00
  0.0000000E+00  0.0000000E+00
  0.0000000E+00  0.0000000E+00
  0.0000000E+00  0.0000000E+00
  0.0000000E+00  0.0000000E+00
  0.0000000E+00  0.0000000E+00
  0.0000000E+00  0.0000000E+00
  0.0000000E+00  0.0000000E+00
  0.0000000E+00  0.0000000E+00
  0.0000000E+00  0.0000000E+00
  0.0000000E+00  0.0000000E+00
  0.0000000E+00  0.0000000E+00
  0.0000000E+00  0.0000000E+00
  0.0000000E+00  0.0000000E+00
  0.0000000E+00  0.0000000E+00
  0.0000000E+00  0.0000000E+00
  0.0000000E+00  0.0000000E+00
  0.0000000E+00  0.0000000E+00
  0.0000000E+00  0.0000000E+00
  0.0000000E+00  0.0000000E+00
  0.0000000E+00  0.0000000E+00
  0.0000000E+00  0.0000000E+00
  0.0000000E+00  0.0000000E+00
  0.0000000E+00  0.0000000E+00
  0.0000000E+00  0.0000000E+00
  0.0000000E+00  0.0000000E+00
  0.0000000E+00  0.0000000E+00
  0.0000000E+00  0.0000000E+00
  0.0000000E+00  0.0000000E+00
  0.0000000E+00  0.0000000E+00
  0.0000000E+00  0.0000000E+00
  0.0000000E+00  0.0000000E+00
  0.0000000E+00  0.0000000E+00
  0.0000000E+00  0.0000000E+00
  0.0000000E+00  0.0000000E+00
  0.0000000E+00  0.0000000E+00
  0.0000000E+00  0.0000000E+00
  0.0000000E+00  0.0000000E+00
  0.0000000E+00  0.0000000E+00
  0.0000000E+00  0.0000000E+00
  0.0000000E+00  0.0000000E+00
  0.0000000E+00  0.0000000E+00
  0.0000000E+00  0.0000000E+00
  0.0000000E+00  0.0000000E+00
  0.0000000E+00  0.0000000E+00
  0.0000000E+00  0.0000000E+00
  0.0000000E+00  0.0000000E+00
  0.0000000E+00  0.0000000E+00
  0.0000000E+00  0.0000000E+00
  0.0000000E+00  0.0000000E+00
  0.0000000E+00  0.0000000E+00
  0.0000000E+00  0.0000000E+00
  0.0000000E+00  0.0000000E+00
  0.0000000E+00  0.0000000E+00
  0.0000000E+00  0.0000000E+00
  0.0000000E+00  0.0000000E+00
  0.0000000E+00  0.0000000E+00
  0.0000000E+00  0.0000000E+00
  0.0000000E+00  0.0000000E+00
  0.0000000E+00  0.0000000E+00
  0.0000000E+00  0.0000000E+00
  0.0000000E+00  0.0000000E+00
  0.0000000E+00  0.0000000E+00
  0.0000000E+00  0.0000000E+00
  0.0000000E+00  0.0000000E+00
  0.0000000E+00  0.0000000E+00
  0.0000000E+00  0.0000000E+00
  0.0000000E+00  0.0000000E+00
  0.0000000E+00  0.0000000E+00
  0.0000000E+00  0.0000000E+00
  0.0000000E+00  0.0000000E+00
  0.0000000E+00  0.0000000E+00
  0.0000000E+00  0.0000000E+00
  0.0000000E+00  0.0000000E+00
  0.0000000E+00  0.0000000E+00
  0.0000000E+00  0.0000000E+00
  0.0000000E+00  0.0000000E+00
  0.0000000E+00  0.0000000E+00
  0.0000000E+00  0.0000000E+00
  0.0000000E+00  0.0000000E+00
  0.0000000E+00  0.0000000E+00
  0.0000000E+00  0.0000000E+00
  0.0000000E+00  0.0000000E+00
  0.0000000E+00  0.0000000E+00
  0.0000000E+00  0.0000000E+00
  0.0000000E+00  0.0000000E+00
  0.0000000E+00  0.0000000E+00
  0.0000000E+00  0.0000000E+00
  0.0000000E+00  0.0000000E+00
  0.0000000E+00  0.0000000E+00
  0.0000000E+00  0.0000000E+00
  0.0000000E+00  0.0000000E+00
  0.0000000E+00  0.0000000E+00
  0.0000000E+00  0.0000000E+00
  0.0000000E+00  0.0000000E+00
  0.0000000E+00  0.0000000E+00
  0.0000000E+00  0.0000000E+00
  0.0000000E+00  0.0000000E+00
  0.0000000E+00  0.0000000E+00
  0.0000000E+00  0.0000000E+00
  0.0000000E+00  0.0000000E+00
  0.0000000E+00  0.0000000E+00
  0.0000000E+00  0.0000000E+00
  0.0000000E+00  0.0000000E+00
  0.0000000E+00  0.0000000E+00
  0.0000000E+00  0.0000000E+00
  0.0000000E+00  0.0000000E+00
  0.0000000E+00  0.0000000E+00
  0.0000000E+00  0.0000000E+00
  0.0000000E+00  0.0000000E+00
  0.0000000E+00  0.0000000E+00
  0.0000000E+00  0.0000000E+00
  0.0000000E+00  0.0000000E+00
  0.0000000E+00  0.0000000E+00
  0.0000000E+00  0.0000000E+00
  0.0000000E+00  0.0000000E+00
  0.0000000E+00  0.0000000E+00
  0.0000000E+00  0.0000000E+00
  0.0000000E+00  0.0000000E+00
  0.0000000E+00  0.0000000E+00
  0.0000000E+00  0.0000000E+00
  0.0000000E+00  0.0000000E+00
  0.0000000E+00  0.0000000E+00
  0.0000000E+00  0.0000000E+00
  0.0000000E+00  0.0000000E+00
  0.0000000E+00  0.0000000E+00
  0.0000000E+00  0.0000000E+00
  0.0000000E+00  0.0000000E+00
  0.0000000E+00  0.0000000E+00
  0.0000000E+00  0.0000000E+00
  0.0000000E+00  0.0000000E+00
  0.0000000E+00  0.0000000E+00
  0.0000000E+00  0.0000000E+00
  0.0000000E+00  0.0000000E+00
  0.0000000E+00  0.0000000E+00
  0.0000000E+00  0.0000000E+00
  0.0000000E+00  0.0000000E+00
  0.0000000E+00  0.0000000E+00
  0.0000000E+00  0.0000000E+00
  0.0000000E+00  0.0000000E+00
  0.0000000E+00  0.0000000E+00
  0.0000000E+00  0.0000000E+00
  0.0000000E+00  0.0000000E+00
  0.0000000E+00  0.0000000E+00
  0.0000000E+00  0.0000000E+00
  0.0000000E+00  0.0000000E+00
  0.0000000E+00  0.0000000E+00
  0.0000000E+00  0.0000000E+00
  0.0000000E+00  0.0000000E+00
  0.0000000E+00  0.0000000E+00
  0.0000000E+00  0.0000000E+00
  0.0000000E+00  0.0000000E+00
  0.0000000E+00  0.0000000E+00
  0.0000000E+00  0.0000000E+00
  0.0000000E+00  0.0000000E+00
  0.0000000E+00  0.0000000E+00
  0.0000000E+00  0.0000000E+00
  0.0000000E+00  0.0000000E+00
  0.0000000E+00  0.0000000E+00
  0.0000000E+00  0.0000000E+00
  0.0000000E+00  0.0000000E+00
  0.0000000E+00  0.0000000E+00
  0.0000000E+00  0.0000000E+00
  0.0000000E+00  0.0000000E+00
  0.0000000E+00  0.0000000E+00
  0.0000000E+00  0.0000000E+00
  0.0000000E+00  0.0000000E+00
  0.0000000E+00  0.0000000E+00
  0.0000000E+00  0.0000000E+00
  0.0000000E+00  0.0000000E+00
  0.0000000E+00  0.0000000E+00
  0.0000000E+00  0.0000000E+00
  0.0000000E+00  0.0000000E+00
  0.0000000E+00  0.0000000E+00
  0.0000000E+00  0.0000000E+00
  0.0000000E+00  0.0000000E+00
  0.0000000E+00  0.0000000E+00
  0.0000000E+00  0.0000000E+00
  0.0000000E+00  0.0000000E+00
  0.0000000E+00  0.0000000E+00
  0.0000000E+00  0.0000000E+00
  0.0000000E+00  0.0000000E+00
  0.0000000E+00  0.0000000E+00
  0.0000000E+00  0.0000000E+00
  0.0000000E+00  0.0000000E+00
  0.0000000E+00  0.0000000E+00
  0.0000000E+00  0.0000000E+00
  0.0000000E+00  0.0000000E+00
  0.0000000E+00  0.0000000E+00
  0.0000000E+00  0.0000000E+00
  0.0000000E+00  0.0000000E+00
  0.0000000E+00  0.0000000E+00
  0.0000000E+00  0.0000000E+00
  0.0000000E+00  0.0000000E+00
  0.0000000E+00  0.0000000E+00
  0.0000000E+00  0.0000000E+00
  0.0000000E+00  0.0000000E+00
  0.0000000E+00  0.0000000E+00
  0.0000000E+00  0.0000000E+00
  0.0000000E+00  0.0000000E+00
  0.0000000E+00  0.0000000E+00
  0.0000000E+00  0.0000000E+00
  0.0000000E+00  0.0000000E+00
  0.0000000E+00  0.0000000E+00
  0.0000000E+00  0.0000000E+00
  0.0000000E+00  0.0000000E+00
  0.0000000E+00  0.0000000E+00
  0.0000000E+00  0.0000000E+00
  0.0000000E+00  0.0000000E+00
  0.0000000E+00  0.0000000E+00
  0.0000000E+00  0.0000000E+00
  0.0000000E+00  0.0000000E+00
  0.0000000E+00  0.0000000E+00
  0.0000000E+00  0.0000000E+00
  0.0000000E+00  0.0000000E+00
  0.0000000E+00  0.0000000E+00
  0.0000000E+00  0.0000000E+00
  0.0000000E+00  0.0000000E+00
  0.0000000E+00  0.0000000E+00
  0.0000000E+00  0.0000000E+00
  0.0000000E+00  0.0000000E+00
  0.0000000E+00  0.0000000E+00
  0.0000000E+00  0.0000000E+00
  0.0000000E+00  0.0000000E+00
  0.0000000E+00  0.0000000E+00
  0.0000000E+00  0.0000000E+00
  0.0000000E+00  0.0000000E+00
  0.0000000E+00  0.0000000E+00
  0.0000000E+00  0.0000000E+00
  0.0000000E+00  0.0000000E+00
  0.0000000E+00  0.0000000E+00
  0.0000000E+00  0.0000000E+00
  0.0000000E+00  0.0000000E+00
  0.0000000E+00  0.0000000E+00
  0.0000000E+00  0.0000000E+00
  0.0000000E+00  0.0000000E+00
  0.0000000E+00  0.0000000E+00
  0.0000000E+00  0.0000000E+00
  0.0000000E+00  0.0000000E+00
  0.0000000E+00  0.0000000E+00
  0.0000000E+00  0.0000000E+00
  0.0000000E+00  0.0000000E+00
  0.0000000E+00  0.0000000E+00
  0.0000000E+00  0.0000000E+00
  0.0000000E+00  0.0000000E+00
  0.0000000E+00  0.0000000E+00
  0.0000000E+00  0.0000000E+00
  0.0000000E+00  0.0000000E+00
  0.0000000E+00  0.0000000E+00
  0.0000000E+00  0.0000000E+00
  0.0000000E+00  0.0000000E+00
  0.0000000E+00  0.0000000E+00
  0.0000000E+00  0.0000000E+00
  0.0000000E+00  0.0000000E+00
  0.0000000E+00  0.0000000E+00
  0.0000000E+00  0.0000000E+00
  0.0000000E+00  0.0000000E+00
  0.0000000E+00  0.0000000E+00
  0.0000000E+00  0.0000000E+00
  0.0000000E+00  0.0000000E+00
  0.0000000E+00  0.0000000E+00
  0.0000000E+00  0.0000000E+00
  0.0000000E+00  0.0000000E+00
  0.0000000E+00  0.0000000E+00
  0.0000000E+00  0.0000000E+00
  0.0000000E+00  0.0000000E+00
  0.0000000E+00  0.0000000E+00
  0.0000000E+00  0.0000000E+00
  0.0000000E+00  0.0000000E+00
  0.0000000E+00  0.0000000E+00
  0.0000000E+00  0.0000000E+00
  0.0000000E+00  0.0000000E+00
  0.0000000E+00  0.0000000E+00
  0.0000000E+00  0.0000000E+00
  0.0000000E+00  0.0000000E+00
  0.0000000E+00  0.0000000E+00
  0.0000000E+00  0.0000000E+00
  0.0000000E+00  0.0000000E+00
  0.0000000E+00  0.0000000E+00
  0.0000000E+00  0.0000000E+00
  0.0000000E+00  0.0000000E+00
  0.0000000E+00  0.0000000E+00
  0.0000000E+00  0.0000000E+00
  0.0000000E+00  0.0000000E+00
  0.0000000E+00  0.0000000E+00
  0.0000000E+00  0.0000000E+00
  0.0000000E+00  0.0000000E+00
  0.0000000E+00  0.0000000E+00
  0.0000000E+00  0.0000000E+00
  0.0000000E+00  0.0000000E+00
  0.0000000E+00  0.0000000E+00
  0.0000000E+00  0.0000000E+00
  0.0000000E+00  0.0000000E+00
  0.0000000E+00  0.0000000E+00
  0.0000000E+00  0.0000000E+00
  0.0000000E+00  0.0000000E+00
  0.0000000E+00  0.0000000E+00
  0.0000000E+00  0.0000000E+00
  0.0000000E+00  0.0000000E+00
  0.0000000E+00  0.0000000E+00
  0.0000000E+00  0.0000000E+00
  0.0000000E+00  0.0000000E+00
  0.0000000E+00  0.0000000E+00
  0.0000000E+00  0.0000000E+00
  0.0000000E+00  0.0000000E+00
  0.0000000E+00  0.0000000E+00
  0.0000000E+00  0.0000000E+00
  0.0000000E+00  0.0000000E+00
  0.0000000E+00  0.0000000E+00
  0.0000000E+00  0.0000000E+00
  0.0000000E+00  0.0000000E+00
  0.0000000E+00  0.0000000E+00
  0.0000000E+00  0.0000000E+00
  0.0000000E+00  0.0000000E+00
  0.0000000E+00  0.0000000E+00
  0.0000000E+00  0.0000000E+00
  0.0000000E+00  0.0000000E+00
  0.0000000E+00  0.0000000E+00
  0.0000000E+00  0.0000000E+00
  0.0000000E+00  0.0000000E+00
  0.0000000E+00  0.0000000E+00
  0.0000000E+00  0.0000000E+00
  0.0000000E+00  0.0000000E+00
  0.0000000E+00  0.0000000E+00
  0.0000000E+00  0.0000000E+00
  0.0000000E+00  0.0000000E+00
  0.0000000E+00  0.0000000E+00
  0.0000000E+00  0.0000000E+00
  0.0000000E+00  0.0000000E+00
  0.0000000E+00  0.0000000E+00
  0.0000000E+00  0.0000000E+00
  0.0000000E+00  0.0000000E+00
  0.0000000E+00  0.0000000E+00
  0.0000000E+00  0.0000000E+00
  0.0000000E+00  0.0000000E+00
  0.0000000E+00  0.0000000E+00
  0.0000000E+00  0.0000000E+00
  0.0000000E+00  0.0000000E+00
  0.0000000E+00  0.0000000E+00
  0.0000000E+00  0.0000000E+00
  0.0000000E+00  0.0000000E+00
  0.0000000E+00  0.0000000E+00
  0.0000000E+00  0.0000000E+00
  0.0000000E+00  0.0000000E+00
  0.0000000E+00  0.0000000E+00
  0.0000000E+00  0.0000000E+00
  0.0000000E+00  0.0000000E+00
  0.0000000E+00  0.0000000E+00
  0.0000000E+00  0.0000000E+00
  0.0000000E+00  0.0000000E+00
  0.0000000E+00  0.0000000E+00
  0.0000000E+00  0.0000000E+00
  0.0000000E+00  0.0000000E+00
  0.0000000E+00  0.0000000E+00
  0.0000000E+00  0.0000000E+00
  0.0000000E+00  0.0000000E+00
  0.0000000E+00  0.0000000E+00
  0.0000000E+00  0.0000000E+00
  0.0000000E+00  0.0000000E+00
  0.0000000E+00  0.0000000E+00
  0.0000000E+00  0.0000000E+00
  0.0000000E+00  0.0000000E+00
  0.0000000E+00  0.0000000E+00
  0.0000000E+00  0.0000000E+00
  0.0000000E+00  0.0000000E+00
  0.0000000E+00  0.0000000E+00
  0.0000000E+00  0.0000000E+00
  0.0000000E+00  0.0000000E+00
  0.0000000E+00  0.0000000E+00
  0.0000000E+00  0.0000000E+00
  0.0000000E+00  0.0000000E+00
  0.0000000E+00  0.0000000E+00
  0.0000000E+00  0.0000000E+00
  0.0000000E+00  0.0000000E+00
  0.0000000E+00  0.0000000E+00
  0.0000000E+00  0.0000000E+00
  0.0000000E+00  0.0000000E+00
  0.0000000E+00  0.0000000E+00
  0.0000000E+00  0.0000000E+00
  0.0000000E+00  0.0000000E+00
  0.0000000E+00  0.0000000E+00
  0.0000000E+00  0.0000000E+00
  0.0000000E+00  0.0000000E+00
  0.0000000E+00  0.0000000E+00
  0.0000000E+00  0.0000000E+00
  0.0000000E+00  0.0000000E+00
  0.0000000E+00  0.0000000E+00
  0.0000000E+00  0.0000000E+00
  0.0000000E+00  0.0000000E+00
  0.0000000E+00  0.0000000E+00
  0.0000000E+00  0.0000000E+00
  0.0000000E+00  0.0000000E+00
  0.0000000E+00  0.0000000E+00
  0.0000000E+00  0.0000000E+00
  0.0000000E+00  0.0000000E+00
  0.0000000E+00  0.0000000E+00
  0.0000000E+00  0.0000000E+00
  0.0000000E+00  0.0000000E+00
  0.0000000E+00  0.0000000E+00
  0.0000000E+00  0.0000000E+00
  0.0000000E+00  0.0000000E+00
  0.0000000E+00  0.0000000E+00
  0.0000000E+00  0.0000000E+00
  0.0000000E+00  0.0000000E+00
  0.0000000E+00  0.0000000E+00
  0.0000000E+00  0.0000000E+00
  0.0000000E+00  0.0000000E+00
  0.0000000E+00  0.0000000E+00
  0.0000000E+00  0.0000000E+00
  0.0000000E+00  0.0000000E+00
  0.0000000E+00  0.0000000E+00
  0.0000000E+00  0.0000000E+00
  0.0000000E+00  0.0000000E+00
  0.0000000E+00  0.0000000E+00
  0.0000000E+00  0.0000000E+00
  0.0000000E+00  0.0000000E+00
  0.0000000E+00  0.0000000E+00
  0.0000000E+00  0.0000000E+00
  0.0000000E+00  0.0000000E+00
  0.0000000E+00  0.0000000E+00
  0.0000000E+00  0.0000000E+00
  0.0000000E+00  0.0000000E+00
  0.0000000E+00  0.0000000E+00
  0.0000000E+00  0.0000000E+00
  0.0000000E+00  0.0000000E+00
  0.0000000E+00  0.0000000E+00
  0.0000000E+00  0.0000000E+00
  0.0000000E+00  0.0000000E+00
  0.0000000E+00  0.0000000E+00
  0.0000000E+00  0.0000000E+00
  0.0000000E+00  0.0000000E+00
  0.0000000E+00  0.0000000E+00
  0.0000000E+00  0.0000000E+00
  0.0000000E+00  0.0000000E+00
  0.0000000E+00  0.0000000E+00
  0.0000000E+00  0.0000000E+00
  0.0000000E+00  0.0000000E+00
  0.0000000E+00  0.0000000E+00
  0.0000000E+00  0.0000000E+00
  0.0000000E+00  0.0000000E+00
  0.0000000E+00  0.0000000E+00
  0.0000000E+00  0.0000000E+00
  0.0000000E+00  0.0000000E+00
  0.0000000E+00  0.0000000E+00
  0.0000000E+00  0.0000000E+00
  0.0000000E+00  0.0000000E+00
  0.0000000E+00  0.0000000E+00
  0.0000000E+00  0.0000000E+00
  0.0000000E+00  0.0000000E+00
  0.0000000E+00  0.0000000E+00
  0.0000000E+00  0.0000000E+00
  0.0000000E+00  0.0000000E+00
  0.0000000E+00  0.0000000E+00
  0.0000000E+00  0.0000000E+00
  0.0000000E+00  0.0000000E+00
  0.0000000E+00  0.0000000E+00
  0.0000000E+00  0.0000000E+00
  0.0000000E+00  0.0000000E+00
  0.0000000E+00  0.0000000E+00
  0.0000000E+00  0.0000000E+00
  0.0000000E+00  0.0000000E+00
  0.0000000E+00  0.0000000E+00
  0.0000000E+00  0.0000000E+00
  0.0000000E+00  0.0000000E+00
  0.0000000E+00  0.0000000E+00
  0.0000000E+00  0.0000000E+00
  0.0000000E+00  0.0000000E+00
  0.0000000E+00  0.0000000E+00
  0.0000000E+00  0.0000000E+00
  0.0000000E+00  0.0000000E+00
  0.0000000E+00  0.0000000E+00
  0.0000000E+00  0.0000000E+00
  0.0000000E+00  0.0000000E+00
  0.0000000E+00  0.0000000E+00
  0.0000000E+00  0.0000000E+00
  0.0000000E+00  0.0000000E+00
  0.0000000E+00  0.0000000E+00
  0.0000000E+00  0.0000000E+00
  0.0000000E+00  0.0000000E+00
  0.0000000E+00  0.0000000E+00
  0.0000000E+00  0.0000000E+00
  0.0000000E+00  0.0000000E+00
  0.0000000E+00  0.0000000E+00
  0.0000000E+00  0.0000000E+00
  0.0000000E+00  0.0000000E+00
  0.0000000E+00  0.0000000E+00
  0.0000000E+00  0.0000000E+00
  0.0000000E+00  0.0000000E+00
  0.0000000E+00  0.0000000E+00
  0.0000000E+00  0.0000000E+00
  0.0000000E+00  0.0000000E+00
  0.0000000E+00  0.0000000E+00
  0.0000000E+00  0.0000000E+00
  0.0000000E+00  0.0000000E+00
  0.0000000E+00  0.0000000E+00
  0.0000000E+00  0.0000000E+00
  0.0000000E+00  0.0000000E+00
  0.0000000E+00  0.0000000E+00
  0.0000000E+00  0.0000000E+00
  0.0000000E+00  0.0000000E+00
  0.0000000E+00  0.0000000E+00
  0.0000000E+00  0.0000000E+00
  0.0000000E+00  0.0000000E+00
  0.0000000E+00  0.0000000E+00
  0.0000000E+00  0.0000000E+00
  0.0000000E+00  0.0000000E+00
  0.0000000E+00  0.0000000E+00
  0.0000000E+00  0.0000000E+00
  0.0000000E+00  0.0000000E+00
  0.0000000E+00  0.0000000E+00
  0.0000000E+00  0.0000000E+00
  0.0000000E+00  0.0000000E+00
  0.0000000E+00  0.0000000E+00
  0.0000000E+00  0.0000000E+00
  0.0000000E+00  0.0000000E+00
  0.0000000E+00  0.0000000E+00
  0.0000000E+00  0.0000000E+00
  0.0000000E+00  0.0000000E+00
  0.0000000E+00  0.0000000E+00
  0.0000000E+00  0.0000000E+00
  0.0000000E+00  0.0000000E+00
  0.0000000E+00  0.0000000E+00
  0.0000000E+00  0.0000000E+00
  0.0000000E+00  0.0000000E+00
  0.0000000E+00  0.0000000E+00
  0.0000000E+00  0.0000000E+00
  0.0000000E+00  0.0000000E+00
  0.0000000E+00  0.0000000E+00
  0.0000000E+00  0.0000000E+00
  0.0000000E+00  0.0000000E+00
  0.0000000E+00  0.0000000E+00
  0.0000000E+00  0.0000000E+00
  0.0000000E+00  0.0000000E+00
  0.0000000E+00  0.0000000E+00
  0.0000000E+00  0.0000000E+00
  0.0000000E+00  0.0000000E+00
  0.0000000E+00  0.0000000E+00
  0.0000000E+00  0.0000000E+00
  0.0000000E+00  0.0000000E+00
  0.0000000E+00  0.0000000E+00
  0.0000000E+00  0.0000000E+00
  0.0000000E+00  0.0000000E+00
  0.0000000E+00  0.0000000E+00
  0.0000000E+00  0.0000000E+00
  0.0000000E+00  0.0000000E+00
  0.0000000E+00  0.0000000E+00
  0.0000000E+00  0.0000000E+00
  0.0000000E+00  0.0000000E+00
  0.0000000E+00  0.0000000E+00
  0.0000000E+00  0.0000000E+00
  0.0000000E+00  0.0000000E+00
  0.0000000E+00  0.0000000E+00
  0.0000000E+00  0.0000000E+00
  0.0000000E+00  0.0000000E+00
  0.0000000E+00  0.0000000E+00
  0.0000000E+00  0.0000000E+00
  0.0000000E+00  0.0000000E+00
  0.0000000E+00  0.0000000E+00
  0.0000000E+00  0.0000000E+00
  0.0000000E+00  0.0000000E+00
  0.0000000E+00  0.0000000E+00
  0.0000000E+00  0.0000000E+00
  0.0000000E+00  0.0000000E+00
  0.0000000E+00  0.0000000E+00
  0.0000000E+00  0.0000000E+00
  0.0000000E+00  0.0000000E+00
  0.0000000E+00  0.0000000E+00
  0.0000000E+00  0.0000000E+00
  0.0000000E+00  0.0000000E+00
  0.0000000E+00  0.0000000E+00
  0.0000000E+00  0.0000000E+00
  0.0000000E+00  0.0000000E+00
  0.0000000E+00  0.0000000E+00
  0.0000000E+00  0.0000000E+00
  0.0000000E+00  0.0000000E+00
  0.0000000E+00  0.0000000E+00
  0.0000000E+00  0.0000000E+00
  0.0000000E+00  0.0000000E+00
  0.0000000E+00  0.0000000E+00
  0.0000000E+00  0.0000000E+00
  0.0000000E+00  0.0000000E+00
  0.0000000E+00  0.0000000E+00
  0.0000000E+00  0.0000000E+00
  0.0000000E+00  0.0000000E+00
  0.0000000E+00  0.0000000E+00
  0.0000000E+00  0.0000000E+00
  0.0000000E+00  0.0000000E+00
  0.0000000E+00  0.0000000E+00
  0.0000000E+00  0.0000000E+00
  0.0000000E+00  0.0000000E+00
  0.0000000E+00  0.0000000E+00
  0.0000000E+00  0.0000000E+00
  0.0000000E+00  0.0000000E+00
  0.0000000E+00  0.0000000E+00
  0.0000000E+00  0.0000000E+00
  0.0000000E+00  0.0000000E+00
  0.0000000E+00  0.0000000E+00
  0.0000000E+00  0.0000000E+00
  0.0000000E+00  0.0000000E+00
  0.0000000E+00  0.0000000E+00
  0.0000000E+00  0.0000000E+00
  0.0000000E+00  0.0000000E+00
  0.0000000E+00  0.0000000E+00
  0.0000000E+00  0.0000000E+00
  0.0000000E+00  0.0000000E+00
  0.0000000E+00  0.0000000E+00
  0.0000000E+00  0.0000000E+00
  0.0000000E+00  0.0000000E+00
  0.0000000E+00  0.0000000E+00
  0.0000000E+00  0.0000000E+00
  0.0000000E+00  0.0000000E+00
  0.0000000E+00  0.0000000E+00
  0.0000000E+00  0.0000000E+00
  0.0000000E+00  0.0000000E+00
  0.0000000E+00  0.0000000E+00
  0.0000000E+00  0.0000000E+00
  0.0000000E+00  0.0000000E+00
  0.0000000E+00  0.0000000E+00
  0.0000000E+00  0.0000000E+00
  0.0000000E+00  0.0000000E+00
  0.0000000E+00  0.0000000E+00
  0.0000000E+00  0.0000000E+00
  0.0000000E+00  0.0000000E+00
  0.0000000E+00  0.0000000E+00
  0.0000000E+00  0.0000000E+00
  0.0000000E+00  0.0000000E+00
  0.0000000E+00  0.0000000E+00
  0.0000000E+00  0.0000000E+00
  0.0000000E+00  0.0000000E+00
  0.0000000E+00  0.0000000E+00
  0.0000000E+00  0.0000000E+00
  0.0000000E+00  0.0000000E+00
  0.0000000E+00  0.0000000E+00
  0.0000000E+00  0.0000000E+00
  0.0000000E+00  0.0000000E+00
  0.0000000E+00  0.0000000E+00
  0.0000000E+00  0.0000000E+00
  0.0000000E+00  0.0000000E+00
  0.0000000E+00  0.0000000E+00
  0.0000000E+00  0.0000000E+00
  0.0000000E+00  0.0000000E+00
  0.0000000E+00  0.0000000E+00
  0.0000000E+00  0.0000000E+00
  0.0000000E+00  0.0000000E+00
  0.0000000E+00  0.0000000E+00
  0.0000000E+00  0.0000000E+00
  0.0000000E+00  0.0000000E+00
  0.0000000E+00  0.0000000E+00
  0.0000000E+00  0.0000000E+00
  0.0000000E+00  0.0000000E+00
  0.0000000E+00  0.0000000E+00
  0.0000000E+00  0.0000000E+00
  0.0000000E+00  0.0000000E+00
  0.0000000E+00  0.0000000E+00
  0.0000000E+00  0.0000000E+00
  0.0000000E+00  0.0000000E+00
  0.0000000E+00  0.0000000E+00
  0.0000000E+00  0.0000000E+00
  0.0000000E+00  0.0000000E+00
  0.0000000E+00  0.0000000E+00
  0.0000000E+00  0.0000000E+00
  0.0000000E+00  0.0000000E+00
  0.0000000E+00  0.0000000E+00
  0.0000000E+00  0.0000000E+00
  0.0000000E+00  0.0000000E+00
  0.0000000E+00  0.0000000E+00
  0.0000000E+00  0.0000000E+00
  0.0000000E+00  0.0000000E+00
  0.0000000E+00  0.0000000E+00
  0.0000000E+00  0.0000000E+00
  0.0000000E+00  0.0000000E+00
  0.0000000E+00  0.0000000E+00
  0.0000000E+00  0.0000000E+00
  0.0000000E+00  0.0000000E+00
  0.0000000E+00  0.0000000E+00
  0.0000000E+00  0.0000000E+00
  0.0000000E+00  0.0000000E+00
  0.0000000E+00  0.0000000E+00
  0.0000000E+00  0.0000000E+00
  0.0000000E+00  0.0000000E+00
  0.0000000E+00  0.0000000E+00
  0.0000000E+00  0.0000000E+00
  0.0000000E+00  0.0000000E+00
  0.0000000E+00  0.0000000E+00
  0.0000000E+00  0.0000000E+00
  0.0000000E+00  0.0000000E+00
  0.0000000E+00  0.0000000E+00
  0.0000000E+00  0.0000000E+00
  0.0000000E+00  0.0000000E+00
  0.0000000E+00  0.0000000E+00
  0.0000000E+00  0.0000000E+00
  0.0000000E+00  0.0000000E+00
  0.0000000E+00  0.0000000E+00
  0.0000000E+00  0.0000000E+00
  0.0000000E+00  0.0000000E+00
  0.0000000E+00  0.0000000E+00
  0.0000000E+00  0.0000000E+00
  0.0000000E+00  0.0000000E+00
  0.0000000E+00  0.0000000E+00
  0.0000000E+00  0.0000000E+00
  0.0000000E+00  0.0000000E+00
  0.0000000E+00  0.0000000E+00
  0.0000000E+00  0.0000000E+00
  0.0000000E+00  0.0000000E+00
  0.0000000E+00  0.0000000E+00
  0.0000000E+00  0.0000000E+00
  0.0000000E+00  0.0000000E+00
  0.0000000E+00  0.0000000E+00
  0.0000000E+00  0.0000000E+00
  0.0000000E+00  0.0000000E+00
  0.0000000E+00  0.0000000E+00
  0.0000000E+00  0.0000000E+00
  0.0000000E+00  0.0000000E+00
  0.0000000E+00  0.0000000E+00
  0.0000000E+00  0.0000000E+00
  0.0000000E+00  0.0000000E+00
  0.0000000E+00  0.0000000E+00
  0.0000000E+00  0.0000000E+00
  0.0000000E+00  0.0000000E+00
  0.0000000E+00  0.0000000E+00
  0.0000000E+00  0.0000000E+00
  0.0000000E+00  0.0000000E+00
  0.0000000E+00  0.0000000E+00
  0.0000000E+00  0.0000000E+00
  0.0000000E+00  0.0000000E+00
  0.0000000E+00  0.0000000E+00
  0.0000000E+00  0.0000000E+00
  0.0000000E+00  0.0000000E+00
  0.0000000E+00  0.0000000E+00
  0.0000000E+00  0.0000000E+00
  0.0000000E+00  0.0000000E+00
  0.0000000E+00  0.0000000E+00
  0.0000000E+00  0.0000000E+00
  0.0000000E+00  0.0000000E+00
  0.0000000E+00  0.0000000E+00
  0.0000000E+00  0.0000000E+00
  0.0000000E+00  0.0000000E+00
  0.0000000E+00  0.0000000E+00
  0.0000000E+00  0.0000000E+00
  0.0000000E+00  0.0000000E+00
  0.0000000E+00  0.0000000E+00
  0.0000000E+00  0.0000000E+00
  0.0000000E+00  0.0000000E+00
  0.0000000E+00  0.0000000E+00
  0.0000000E+00  0.0000000E+00
  0.0000000E+00  0.0000000E+00
  0.0000000E+00  0.0000000E+00
  0.0000000E+00  0.0000000E+00
  0.0000000E+00  0.0000000E+00
  0.0000000E+00  0.0000000E+00
  0.0000000E+00  0.0000000E+00
  0.0000000E+00  0.0000000E+00
  0.0000000E+00  0.0000000E+00
  0.0000000E+00  0.0000000E+00
  0.0000000E+00  0.0000000E+00
  0.0000000E+00  0.0000000E+00
  0.0000000E+00  0.0000000E+00
  0.0000000E+00  0.0000000E+00
  0.0000000E+00  0.0000000E+00
  0.0000000E+00  0.0000000E+00
  0.0000000E+00  0.0000000E+00
  0.0000000E+00  0.0000000E+00
  0.0000000E+00  0.0000000E+00
  0.0000000E+00  0.0000000E+00
  0.0000000E+00  0.0000000E+00
  0.0000000E+00  0.0000000E+00
  0.0000000E+00  0.0000000E+00
  0.0000000E+00  0.0000000E+00
  0.0000000E+00  0.0000000E+00
  0.0000000E+00  0.0000000E+00
  0.0000000E+00  0.0000000E+00
  0.0000000E+00  0.0000000E+00
  0.0000000E+00  0.0000000E+00
  0.0000000E+00  0.0000000E+00
  0.0000000E+00  0.0000000E+00
  0.0000000E+00  0.0000000E+00
  0.0000000E+00  0.0000000E+00
  0.0000000E+00  0.0000000E+00
  0.0000000E+00  0.0000000E+00
  0.0000000E+00  0.0000000E+00
  0.0000000E+00  0.0000000E+00
  0.0000000E+00  0.0000000E+00
  0.0000000E+00  0.0000000E+00
  0.0000000E+00  0.0000000E+00
  0.0000000E+00  0.0000000E+00
  0.0000000E+00  0.0000000E+00
  0.0000000E+00  0.0000000E+00
  0.0000000E+00  0.0000000E+00
  0.0000000E+00  0.0000000E+00
  0.0000000E+00  0.0000000E+00
  0.0000000E+00  0.0000000E+00
  0.0000000E+00  0.0000000E+00
  0.0000000E+00  0.0000000E+00
  0.0000000E+00  0.0000000E+00
  0.0000000E+00  0.0000000E+00
  0.0000000E+00  0.0000000E+00
  0.0000000E+00  0.0000000E+00
  0.0000000E+00  0.0000000E+00
  0.0000000E+00  0.0000000E+00
  0.0000000E+00  0.0000000E+00
