 -0.6811894E-01 -0.2390379E-06
 -0.1289082E-01 -0.2586411E-06
  0.1787550E-01 -0.2750945E-06
  0.3850984E-01 -0.2850730E-06
  0.5872026E-01 -0.2903045E-06
  0.8590645E-01 -0.2934947E-06
 -0.1049385E+01 -0.5257664E-06
  0.5400920E-01 -0.3067471E-06
  0.5750899E-01 -0.3098045E-06
  0.6115188E-01 -0.3242339E-06
  0.7032628E-01 -0.3989659E-06
  0.2088665E+00 -0.3933506E-06
  0.3455614E+00 -0.3888356E-06
  0.4795885E+00 -0.3841945E-06
  0.6104657E+00 -0.3800677E-06
  0.7386258E+00 -0.3759962E-06
  0.8622640E+00 -0.3714836E-06
  0.9806325E+00 -0.3662371E-06
  0.1095974E+01 -0.3621942E-06
  0.1206600E+01 -0.3586174E-06
  0.1310430E+01 -0.3544119E-06
  0.1410254E+01 -0.3506234E-06
  0.1503803E+01 -0.3476318E-06
  0.1588828E+01 -0.3443842E-06
  0.1669110E+01 -0.3412207E-06
  0.1741942E+01 -0.3393973E-06
  0.1804873E+01 -0.3368292E-06
  0.1862513E+01 -0.3344071E-06
  0.1911836E+01 -0.3336306E-06
  0.1950327E+01 -0.3315109E-06
  0.1983201E+01 -0.3304948E-06
  0.2007143E+01 -0.3299963E-06
  0.2019760E+01 -0.3296767E-06
  0.2026644E+01 -0.3292258E-06
  0.2024320E+01 -0.3300208E-06
  0.2010531E+01 -0.3299002E-06
  0.1991120E+01 -0.3305287E-06
  0.1962570E+01 -0.3326944E-06
  0.1922883E+01 -0.3338470E-06
  0.1877873E+01 -0.3358415E-06
  0.1824140E+01 -0.3382422E-06
  0.1760005E+01 -0.3404715E-06
  0.1691054E+01 -0.3426727E-06
  0.1614108E+01 -0.3464802E-06
  0.1527900E+01 -0.3494973E-06
  0.1437596E+01 -0.3521514E-06
  0.1340348E+01 -0.3563547E-06
  0.1235379E+01 -0.3600028E-06
  0.1127178E+01 -0.3639455E-06
  0.1013392E+01 -0.3678486E-06
  0.8937529E+00 -0.3719538E-06
  0.7719111E+00 -0.3762200E-06
  0.6460910E+00 -0.3811982E-06
  0.5165349E+00 -0.3852086E-06
  0.3859109E+00 -0.3894711E-06
  0.2530889E+00 -0.3940917E-06
  0.1187811E+00 -0.3984750E-06
 -0.1544530E-01 -0.4031867E-06
 -0.1499388E+00 -0.4079598E-06
 -0.2835844E+00 -0.4122760E-06
 -0.4159788E+00 -0.4165433E-06
 -0.5467358E+00 -0.4209484E-06
 -0.6744011E+00 -0.4250381E-06
 -0.7997533E+00 -0.4287964E-06
 -0.9216270E+00 -0.4335727E-06
 -0.1038255E+01 -0.4370776E-06
 -0.1151607E+01 -0.4404504E-06
 -0.1259842E+01 -0.4445562E-06
 -0.1360869E+01 -0.4474410E-06
 -0.1457695E+01 -0.4506850E-06
 -0.1548018E+01 -0.4538018E-06
 -0.1629566E+01 -0.4560779E-06
 -0.1706281E+01 -0.4587876E-06
 -0.1775349E+01 -0.4610574E-06
 -0.1834370E+01 -0.4623426E-06
 -0.1888071E+01 -0.4645487E-06
 -0.1933337E+01 -0.4660612E-06
 -0.1967711E+01 -0.4666901E-06
 -0.1996548E+01 -0.4678072E-06
 -0.2016618E+01 -0.4688004E-06
 -0.2026695E+01 -0.4692027E-06
 -0.2034261E+01 -0.4698216E-06
 -0.2027092E+01 -0.4682408E-06
 -0.2010425E+01 -0.4670757E-06
 -0.1985130E+01 -0.4658868E-06
 -0.1951471E+01 -0.4644110E-06
 -0.1909303E+01 -0.4629389E-06
 -0.1858672E+01 -0.4613352E-06
 -0.1799837E+01 -0.4593516E-06
 -0.1733119E+01 -0.4574000E-06
 -0.1658861E+01 -0.4548067E-06
 -0.1577374E+01 -0.4519793E-06
 -0.1488972E+01 -0.4491090E-06
 -0.1393983E+01 -0.4461888E-06
 -0.1292842E+01 -0.4430971E-06
 -0.1186082E+01 -0.4396190E-06
 -0.1074100E+01 -0.4357952E-06
 -0.9572510E+00 -0.4321251E-06
 -0.8360599E+00 -0.4279856E-06
 -0.7111728E+00 -0.4235850E-06
 -0.5823278E+00 -0.4177801E-06
 -0.4523624E+00 -0.4131640E-06
 -0.3232992E+00 -0.4096734E-06
 -0.1942524E+00 -0.4066800E-06
 -0.6525888E-01 -0.4047920E-06
 -0.4929287E-01 -0.3329312E-06
 -0.4197115E-01 -0.3207066E-06
 -0.3732913E-01 -0.3193757E-06
 -0.3388692E-01 -0.3199452E-06
 -0.3101427E-01 -0.3199947E-06
 -0.2771840E-01 -0.3208973E-06
 -0.2410426E-01 -0.3224475E-06
 -0.1478682E-01 -0.3370784E-06
  0.1156648E-01 -0.3402684E-06
  0.6181120E-01 -0.3690510E-06
  0.1927916E+00 -0.4969002E-06
 -0.1038568E+01 -0.5353519E-06
  0.4459831E+00 -0.7528812E-06
  0.5622081E+00 -0.8565021E-06
  0.6473531E+00 -0.9345346E-06
  0.6999684E+00 -0.9831936E-06
  0.7188354E+00 -0.1000907E-05
  0.7018850E+00 -0.9857129E-06
  0.6513929E+00 -0.9402863E-06
  0.5747687E+00 -0.8683317E-06
  0.4750051E+00 -0.7732678E-06
  0.3542247E+00 -0.6583116E-06
  0.2183477E+00 -0.5278654E-06
  0.7373682E-01 -0.3890408E-06
 -0.7374761E-01 -0.2466219E-06
 -0.2183633E+00 -0.1071196E-06
 -0.3543627E+00  0.2365750E-07
 -0.4761317E+00  0.1405756E-06
 -0.5781336E+00  0.2380890E-06
 -0.6552324E+00  0.3116958E-06
 -0.7027770E+00  0.3576395E-06
 -0.7168677E+00  0.3726632E-06
 -0.6976044E+00  0.3567917E-06
 -0.6500925E+00  0.3132314E-06
 -0.5758638E+00  0.2425152E-06
 -0.4745491E+00  0.1468820E-06
 -0.3506587E+00  0.3109614E-07
 -0.2106571E+00 -0.1012868E-06
 -0.5562932E+00 -0.4710467E-06
 -0.5031870E+00 -0.4570673E-06
  0.1069015E+00 -0.2303028E-06
  0.1622856E+00 -0.2413515E-06
  0.2252864E+00 -0.2473175E-06
  0.1684107E+00 -0.2963283E-06
 -0.2505663E+00 -0.5412856E-06
  0.2975919E+00 -0.3026159E-06
  0.1813664E+00 -0.3135738E-06
  0.4103150E+00 -0.2929463E-06
  0.5193776E+00 -0.2832612E-06
  0.6245444E+00 -0.2742986E-06
  0.7249430E+00 -0.2648344E-06
  0.8222908E+00 -0.2553556E-06
  0.9159577E+00 -0.2466819E-06
  0.1005430E+01 -0.2384138E-06
  0.1090474E+01 -0.2303111E-06
  0.1170695E+01 -0.2232580E-06
  0.1245746E+01 -0.2167292E-06
  0.1315410E+01 -0.2103065E-06
  0.1379367E+01 -0.2044928E-06
  0.1437260E+01 -0.1993738E-06
  0.1488882E+01 -0.1947087E-06
  0.1534045E+01 -0.1905184E-06
  0.1572558E+01 -0.1869532E-06
  0.1604285E+01 -0.1840789E-06
  0.1629016E+01 -0.1818071E-06
  0.1646732E+01 -0.1805105E-06
  0.1657443E+01 -0.1797193E-06
  0.1660903E+01 -0.1793156E-06
  0.1657141E+01 -0.1796386E-06
  0.1646245E+01 -0.1807601E-06
  0.1628090E+01 -0.1829079E-06
  0.1602817E+01 -0.1853178E-06
  0.1570622E+01 -0.1883925E-06
  0.1531509E+01 -0.1922910E-06
  0.1485629E+01 -0.1966302E-06
  0.1433315E+01 -0.2015772E-06
  0.1374653E+01 -0.2066859E-06
  0.1309876E+01 -0.2130167E-06
  0.1239371E+01 -0.2193862E-06
  0.1163354E+01 -0.2264506E-06
  0.1082132E+01 -0.2341176E-06
  0.9961483E+00 -0.2417784E-06
  0.9057355E+00 -0.2499924E-06
  0.8112481E+00 -0.2587770E-06
  0.7132048E+00 -0.2680036E-06
  0.6119952E+00 -0.2768974E-06
  0.5080537E+00 -0.2860329E-06
  0.4019512E+00 -0.2956981E-06
  0.2940719E+00 -0.3054587E-06
  0.1847905E+00 -0.3151239E-06
  0.7469144E-01 -0.3252733E-06
 -0.3567942E-01 -0.3347847E-06
 -0.1458311E+00 -0.3443310E-06
 -0.2552522E+00 -0.3542322E-06
 -0.3634587E+00 -0.3638153E-06
 -0.4700015E+00 -0.3733863E-06
 -0.5744443E+00 -0.3828083E-06
 -0.6762828E+00 -0.3915980E-06
 -0.7750257E+00 -0.4007299E-06
 -0.8704358E+00 -0.4089394E-06
 -0.9620509E+00 -0.4170582E-06
 -0.1049298E+01 -0.4248068E-06
 -0.1131902E+01 -0.4321960E-06
 -0.1209525E+01 -0.4392473E-06
 -0.1281820E+01 -0.4455629E-06
 -0.1348602E+01 -0.4517892E-06
 -0.1409537E+01 -0.4568969E-06
 -0.1464265E+01 -0.4619340E-06
 -0.1512691E+01 -0.4660479E-06
 -0.1554595E+01 -0.4698599E-06
 -0.1589767E+01 -0.4727718E-06
 -0.1618070E+01 -0.4755276E-06
 -0.1639379E+01 -0.4772158E-06
 -0.1653691E+01 -0.4784712E-06
 -0.1661164E+01 -0.4791085E-06
 -0.1661712E+01 -0.4790328E-06
 -0.1654953E+01 -0.4781106E-06
 -0.1640792E+01 -0.4763482E-06
 -0.1619400E+01 -0.4740996E-06
 -0.1590831E+01 -0.4712131E-06
 -0.1554962E+01 -0.4680491E-06
 -0.1512007E+01 -0.4639230E-06
 -0.1462347E+01 -0.4599810E-06
 -0.1406346E+01 -0.4544561E-06
 -0.1344311E+01 -0.4488749E-06
 -0.1276453E+01 -0.4428882E-06
 -0.1202969E+01 -0.4362673E-06
 -0.1124129E+01 -0.4292766E-06
 -0.1040394E+01 -0.4214797E-06
 -0.9523057E+00 -0.4133778E-06
 -0.8599777E+00 -0.4051657E-06
 -0.7635793E+00 -0.3969434E-06
 -0.6637287E+00 -0.3876034E-06
 -0.5612175E+00 -0.3784394E-06
 -0.4570164E+00 -0.3690607E-06
 -0.3526675E+00 -0.3596299E-06
 -0.2496129E+00 -0.3502709E-06
 -0.1484242E+00 -0.3416293E-06
 -0.1272351E+00 -0.3313104E-06
  0.4325600E-01 -0.4120281E-06
 -0.1132818E+00 -0.3310415E-06
 -0.1027250E+00 -0.3340155E-06
 -0.9269224E-01 -0.3368140E-06
 -0.8241023E-01 -0.3407284E-06
 -0.7520566E-01 -0.3473913E-06
  0.1498320E+00 -0.6802405E-06
 -0.2779698E-01 -0.4034720E-06
  0.1805711E+00 -0.7305932E-06
 -0.2672159E+00 -0.5228913E-06
  0.1048868E+00 -0.6179121E-06
  0.2006990E+00 -0.7635032E-06
  0.2079763E+00 -0.7742388E-06
  0.2008111E+00 -0.7633349E-06
  0.1817166E+00 -0.7331612E-06
  0.1595803E+00 -0.6856530E-06
  0.1334567E+00 -0.6214596E-06
  0.9981780E-01 -0.5433207E-06
  0.6131141E-01 -0.4545142E-06
  0.2070285E-01 -0.3601136E-06
 -0.2049381E-01 -0.2632318E-06
 -0.6106792E-01 -0.1676014E-06
 -0.9977048E-01 -0.7819092E-07
 -0.1354096E+00  0.8332908E-09
 -0.1662382E+00  0.6727349E-07
 -0.1900186E+00  0.1163460E-06
 -0.2036017E+00  0.1468326E-06
 -0.2042566E+00  0.1559379E-06
 -0.1942005E+00  0.1458910E-06
 -0.1810935E+00  0.1177468E-06
 -0.1621232E+00  0.6986274E-07
 -0.1319780E+00  0.5836956E-08
 -0.9325448E-01 -0.7076233E-07
 -0.4973068E-01 -0.1607943E-06
  0.2669412E+00 -0.2804762E-06
  0.3174371E+00 -0.2537023E-06
 -0.9593316E-01 -0.4003763E-06
  0.9147577E-01 -0.3044680E-06
  0.1910808E+00 -0.2839827E-06
  0.2554623E+00 -0.2032455E-06
  0.2732686E+00 -0.2847729E-06
  0.1716325E+00 -0.1870603E-06
  0.6553288E+00 -0.2395701E-06
  0.7429485E+00 -0.2278137E-06
  0.8267992E+00 -0.2169293E-06
  0.9063080E+00 -0.2078802E-06
  0.9817671E+00 -0.1981619E-06
  0.1052911E+01 -0.1896822E-06
  0.1119347E+01 -0.1815714E-06
  0.1180839E+01 -0.1742865E-06
  0.1237295E+01 -0.1678891E-06
  0.1288137E+01 -0.1609718E-06
  0.1333185E+01 -0.1559980E-06
  0.1372667E+01 -0.1509129E-06
  0.1406130E+01 -0.1473571E-06
  0.1433185E+01 -0.1436697E-06
  0.1454178E+01 -0.1411457E-06
  0.1469218E+01 -0.1393713E-06
  0.1478020E+01 -0.1384853E-06
  0.1480488E+01 -0.1385016E-06
  0.1476606E+01 -0.1389986E-06
  0.1466116E+01 -0.1401776E-06
  0.1449133E+01 -0.1422503E-06
  0.1425877E+01 -0.1458110E-06
  0.1396271E+01 -0.1492561E-06
  0.1360546E+01 -0.1539327E-06
  0.1318922E+01 -0.1590331E-06
  0.1271424E+01 -0.1653074E-06
  0.1218294E+01 -0.1714588E-06
  0.1159849E+01 -0.1791576E-06
  0.1096219E+01 -0.1865298E-06
  0.1027715E+01 -0.1949620E-06
  0.9546893E+00 -0.2039033E-06
  0.8773796E+00 -0.2135553E-06
  0.7961570E+00 -0.2236308E-06
  0.7114264E+00 -0.2338766E-06
  0.6235293E+00 -0.2444730E-06
  0.5328590E+00 -0.2552545E-06
  0.4399420E+00 -0.2666575E-06
  0.3452761E+00 -0.2779386E-06
  0.2488472E+00 -0.2894980E-06
  0.1509207E+00 -0.3012849E-06
  0.5216488E-01 -0.3135057E-06
 -0.4671049E-01 -0.3249442E-06
 -0.1451707E+00 -0.3369130E-06
 -0.2428242E+00 -0.3488861E-06
 -0.3393092E+00 -0.3603622E-06
 -0.4341744E+00 -0.3714581E-06
 -0.5270026E+00 -0.3828547E-06
 -0.6173619E+00 -0.3931114E-06
 -0.7046835E+00 -0.4037711E-06
 -0.7892768E+00 -0.4138473E-06
 -0.8704972E+00 -0.4238441E-06
 -0.9474524E+00 -0.4328946E-06
 -0.1020235E+01 -0.4418133E-06
 -0.1088648E+01 -0.4503139E-06
 -0.1152244E+01 -0.4580798E-06
 -0.1210965E+01 -0.4644464E-06
 -0.1264459E+01 -0.4715708E-06
 -0.1312162E+01 -0.4772219E-06
 -0.1354267E+01 -0.4828059E-06
 -0.1390825E+01 -0.4870107E-06
 -0.1421171E+01 -0.4903280E-06
 -0.1445140E+01 -0.4934403E-06
 -0.1462962E+01 -0.4959017E-06
 -0.1474848E+01 -0.4970091E-06
 -0.1480623E+01 -0.4973567E-06
 -0.1480255E+01 -0.4970508E-06
 -0.1473992E+01 -0.4955994E-06
 -0.1461468E+01 -0.4937745E-06
 -0.1442259E+01 -0.4910469E-06
 -0.1416189E+01 -0.4874080E-06
 -0.1382704E+01 -0.4834006E-06
 -0.1342526E+01 -0.4787570E-06
 -0.1296484E+01 -0.4734543E-06
 -0.1245129E+01 -0.4673847E-06
 -0.1188850E+01 -0.4605666E-06
 -0.1127604E+01 -0.4532387E-06
 -0.1061309E+01 -0.4450148E-06
 -0.9902946E+00 -0.4361304E-06
 -0.9154291E+00 -0.4268608E-06
 -0.8374570E+00 -0.4171725E-06
 -0.7554360E+00 -0.4073209E-06
 -0.6691676E+00 -0.3968720E-06
 -0.5801052E+00 -0.3858373E-06
 -0.4893191E+00 -0.3753833E-06
 -0.3974819E+00 -0.3642960E-06
 -0.3060765E+00 -0.3532265E-06
 -0.2157283E+00 -0.3424754E-06
 -0.1125575E+00 -0.6572340E-06
 -0.1045057E+00 -0.5731978E-06
 -0.1758464E+00 -0.3484309E-06
 -0.1584028E+00 -0.3535989E-06
  0.3344944E+00 -0.2133787E-06
 -0.1389352E+00 -0.3592664E-06
 -0.1268535E+00 -0.3723280E-06
 -0.6570789E-02 -0.4717764E-06
 -0.1154156E+00 -0.6842253E-06
 -0.1158414E+00 -0.6917277E-06
 -0.1929558E+00 -0.3436580E-06
 -0.1175567E+00 -0.6818745E-06
 -0.1211376E+00 -0.6573360E-06
 -0.1070672E+00 -0.6199369E-06
 -0.8093065E-01 -0.5677066E-06
 -0.5836774E-01 -0.5046008E-06
 -0.3637345E-01 -0.4329836E-06
 -0.1282378E-01 -0.3557438E-06
  0.1243396E-01 -0.2741746E-06
  0.3737233E-01 -0.1949971E-06
  0.5974917E-01 -0.1224917E-06
  0.7818879E-01 -0.5786688E-07
  0.9226003E-01 -0.5237885E-08
  0.1027030E+00  0.3460985E-07
  0.1117520E+00  0.5843460E-07
  0.1215167E+00  0.6535522E-07
  0.1309573E+00  0.5716827E-07
  0.1214044E+00  0.3742055E-07
  0.9963737E-01 -0.1960656E-08
  0.8486461E-01 -0.5238049E-07
  0.7430637E-01 -0.1126320E-06
 -0.1050480E+00 -0.6181104E-06
  0.3766505E+00 -0.2726875E-06
  0.5672830E+00 -0.2507550E-06
  0.4739503E+00 -0.2608373E-06
  0.4756967E-01 -0.5444682E-06
  0.4205520E+00 -0.2213753E-06
  0.2233146E+00 -0.1371231E-06
  0.5820324E+00 -0.2300929E-06
  0.6672122E+00 -0.2158758E-06
  0.8837530E+00 -0.1824045E-06
  0.9482509E+00 -0.1730338E-06
  0.1008136E+01 -0.1638480E-06
  0.1063247E+01 -0.1556695E-06
  0.1113914E+01 -0.1483076E-06
  0.1159111E+01 -0.1410835E-06
  0.1198979E+01 -0.1352548E-06
  0.1234257E+01 -0.1298386E-06
  0.1263560E+01 -0.1257272E-06
  0.1285834E+01 -0.1217262E-06
  0.1302988E+01 -0.1194463E-06
  0.1316267E+01 -0.1169656E-06
  0.1324660E+01 -0.1164703E-06
  0.1327031E+01 -0.1159707E-06
  0.1324142E+01 -0.1168963E-06
  0.1314762E+01 -0.1193838E-06
  0.1298787E+01 -0.1215125E-06
  0.1277707E+01 -0.1249067E-06
  0.1250714E+01 -0.1290544E-06
  0.1217767E+01 -0.1338606E-06
  0.1180110E+01 -0.1393406E-06
  0.1137064E+01 -0.1461189E-06
  0.1088563E+01 -0.1538247E-06
  0.1035831E+01 -0.1615659E-06
  0.9783905E+00 -0.1706833E-06
  0.9162363E+00 -0.1800294E-06
  0.8505014E+00 -0.1902614E-06
  0.7808715E+00 -0.2004794E-06
  0.7074845E+00 -0.2116060E-06
  0.6313622E+00 -0.2230757E-06
  0.5523715E+00 -0.2348899E-06
  0.4707129E+00 -0.2470601E-06
  0.3875510E+00 -0.2593751E-06
  0.3037136E+00 -0.2721585E-06
  0.2171203E+00 -0.2853945E-06
  0.1280912E+00 -0.2988122E-06
  0.3798567E-01 -0.3122813E-06
 -0.5186427E-01 -0.3258799E-06
 -0.1408379E+00 -0.3392550E-06
 -0.2288666E+00 -0.3522458E-06
 -0.3158202E+00 -0.3655190E-06
 -0.4013005E+00 -0.3776615E-06
 -0.4845891E+00 -0.3892276E-06
 -0.5649309E+00 -0.4006860E-06
 -0.6415247E+00 -0.4127558E-06
 -0.7172185E+00 -0.4241639E-06
 -0.7896761E+00 -0.4349582E-06
 -0.8573083E+00 -0.4456463E-06
 -0.9220693E+00 -0.4556678E-06
 -0.9829426E+00 -0.4651395E-06
 -0.1039278E+01 -0.4732837E-06
 -0.1091743E+01 -0.4814195E-06
 -0.1138843E+01 -0.4884996E-06
 -0.1179981E+01 -0.4949998E-06
 -0.1217100E+01 -0.5003635E-06
 -0.1249735E+01 -0.5055327E-06
 -0.1275760E+01 -0.5097939E-06
 -0.1295767E+01 -0.5128098E-06
 -0.1311136E+01 -0.5152526E-06
 -0.1322506E+01 -0.5165346E-06
 -0.1328550E+01 -0.5162023E-06
 -0.1328589E+01 -0.5158722E-06
 -0.1324780E+01 -0.5137358E-06
 -0.1315409E+01 -0.5113070E-06
 -0.1298556E+01 -0.5079576E-06
 -0.1275100E+01 -0.5044370E-06
 -0.1241828E+01 -0.4999173E-06
 -0.1201908E+01 -0.4953319E-06
 -0.1157425E+01 -0.4895213E-06
 -0.1109333E+01 -0.4832229E-06
 -0.1058358E+01 -0.4746751E-06
 -0.1003124E+01 -0.4660058E-06
 -0.9427770E+00 -0.4571519E-06
 -0.8783800E+00 -0.4474328E-06
 -0.8123008E+00 -0.4370117E-06
 -0.7461889E+00 -0.4252192E-06
 -0.6745546E+00 -0.4142739E-06
 -0.5963984E+00 -0.4036296E-06
 -0.5168903E+00 -0.3921245E-06
 -0.4373488E+00 -0.3796084E-06
 -0.3558465E+00 -0.3674995E-06
 -0.2747052E+00 -0.3563979E-06
 -0.3950680E+00 -0.6319357E-06
 -0.4002872E+00 -0.6441588E-06
  0.3314403E+00 -0.2602414E-06
 -0.1158240E+00 -0.5170301E-06
 -0.3637642E+00 -0.6150627E-06
  0.4321744E+00 -0.1852737E-06
  0.3482767E+00 -0.2656293E-06
 -0.2288121E+00 -0.3713317E-06
  0.1016537E+00 -0.2967360E-06
 -0.3997254E+00 -0.6126332E-06
  0.7444330E+00 -0.2047171E-06
 -0.3935004E+00 -0.6379274E-06
  0.6520580E-01 -0.3065698E-06
  0.4092618E+00 -0.2424311E-06
 -0.2642730E+00 -0.5369682E-06
 -0.1925455E+00 -0.4839279E-06
 -0.1204912E+00 -0.4223928E-06
 -0.4366760E-01 -0.3557808E-06
  0.4042854E-01 -0.2837517E-06
  0.1239533E+00 -0.2129548E-06
  0.1991506E+00 -0.1503317E-06
  0.2637607E+00 -0.9631756E-07
  0.3164180E+00 -0.5149356E-07
  0.3565519E+00 -0.1834152E-07
  0.3850841E+00  0.1718572E-08
  0.4041758E+00  0.6739040E-08
  0.4303645E+00 -0.1465979E-08
  0.4019884E+00 -0.1343015E-07
  0.3260460E+00 -0.4841007E-07
  0.2718447E+00 -0.9003525E-07
 -0.3172072E+00 -0.5850166E-06
 -0.2540770E+00 -0.3643114E-06
  0.8154589E+00 -0.1932306E-06
 -0.1951243E+00 -0.3752443E-06
  0.2461656E+00 -0.2631152E-06
 -0.3516268E+00 -0.5818287E-06
 -0.1884308E+00 -0.3898571E-06
  0.5193564E+00 -0.2005135E-06
  0.5027447E+00 -0.2246957E-06
 -0.3761244E+00 -0.4656339E-06
 -0.3074364E+00 -0.4226868E-06
  0.4291828E+00 -0.2503001E-06
  0.5892484E+00 -0.2086835E-06
 -0.6537958E+00 -0.6029362E-06
  0.7830240E+00 -0.1706546E-06
  0.8442954E+00 -0.1596239E-06
  0.9945617E+00 -0.1332418E-06
  0.1034904E+01 -0.1259238E-06
  0.1069204E+01 -0.1197260E-06
  0.1103045E+01 -0.1136581E-06
  0.1128195E+01 -0.1094047E-06
  0.1141098E+01 -0.1045932E-06
  0.1151356E+01 -0.1009875E-06
  0.1165329E+01 -0.9904753E-07
  0.1176493E+01 -0.9853603E-07
  0.1179395E+01 -0.9882807E-07
  0.1180466E+01 -0.9999851E-07
  0.1172959E+01 -0.1023129E-06
  0.1156524E+01 -0.1047923E-06
  0.1139230E+01 -0.1086716E-06
  0.1114959E+01 -0.1131532E-06
  0.1083056E+01 -0.1188931E-06
  0.1050759E+01 -0.1252526E-06
  0.1012107E+01 -0.1316561E-06
  0.9665396E+00 -0.1402242E-06
  0.9206708E+00 -0.1488322E-06
  0.8692464E+00 -0.1583772E-06
  0.8118801E+00 -0.1685369E-06
  0.7542887E+00 -0.1797782E-06
  0.6920944E+00 -0.1902763E-06
  0.6252236E+00 -0.2033338E-06
  0.5582731E+00 -0.2156046E-06
  0.4877922E+00 -0.2284716E-06
  0.4135422E+00 -0.2421680E-06
  0.3396010E+00 -0.2556720E-06
  0.2698433E+00 -0.2685039E-06
  0.1933419E+00 -0.2822696E-06
  0.1114370E+00 -0.2977699E-06
  0.2763829E-01 -0.3135250E-06
 -0.5427360E-01 -0.3281996E-06
 -0.1344299E+00 -0.3435623E-06
 -0.2138672E+00 -0.3580451E-06
 -0.2926561E+00 -0.3720874E-06
 -0.3710096E+00 -0.3865243E-06
 -0.4450282E+00 -0.3953291E-06
 -0.5132346E+00 -0.4070495E-06
 -0.5758222E+00 -0.4217057E-06
 -0.6449531E+00 -0.4336640E-06
 -0.7087337E+00 -0.4452293E-06
 -0.7654805E+00 -0.4583745E-06
 -0.8244928E+00 -0.4686352E-06
 -0.8792443E+00 -0.4788742E-06
 -0.9279580E+00 -0.4885886E-06
 -0.9757745E+00 -0.4963883E-06
 -0.1015964E+01 -0.5040652E-06
 -0.1047851E+01 -0.5126726E-06
 -0.1081471E+01 -0.5181012E-06
 -0.1112893E+01 -0.5229872E-06
 -0.1133505E+01 -0.5280191E-06
 -0.1148727E+01 -0.5323737E-06
 -0.1163495E+01 -0.5339229E-06
 -0.1178894E+01 -0.5338964E-06
 -0.1187115E+01 -0.5338524E-06
 -0.1185825E+01 -0.5331411E-06
 -0.1187376E+01 -0.5302247E-06
 -0.1182665E+01 -0.5271682E-06
 -0.1166494E+01 -0.5225649E-06
 -0.1148126E+01 -0.5192361E-06
 -0.1111144E+01 -0.5143307E-06
 -0.1068431E+01 -0.5117232E-06
 -0.1022963E+01 -0.5062475E-06
 -0.9773318E+00 -0.4979370E-06
 -0.9341279E+00 -0.4882775E-06
 -0.8858067E+00 -0.4791930E-06
 -0.8298056E+00 -0.4699012E-06
 -0.7704576E+00 -0.4584440E-06
 -0.7134772E+00 -0.4455907E-06
 -0.6661866E+00 -0.4311006E-06
 -0.6073513E+00 -0.4201627E-06
 -0.5317978E+00 -0.4131762E-06
 -0.4599969E+00 -0.3987255E-06
 -0.3974161E+00 -0.3847685E-06
  0.7200013E+00 -0.1825694E-06
  0.6602845E+00 -0.1949119E-06
  0.4907464E+00 -0.2481780E-06
 -0.7821549E-01 -0.3581774E-06
 -0.4468594E+00 -0.5155143E-06
 -0.6122955E+00 -0.5830793E-06
 -0.5538721E+00 -0.5535394E-06
 -0.2950861E+00 -0.3905115E-06
  0.3332047E+00 -0.1702687E-06
 -0.6597971E+00 -0.5961193E-06
  0.5084631E+00 -0.1650397E-06
  0.3721261E+00 -0.1586161E-06
 -0.4363036E+00 -0.5138539E-06
 -0.3204711E+00 -0.4689405E-06
  0.6879237E-01 -0.2912151E-06
  0.2155080E+00 -0.2262745E-06
  0.3424221E+00 -0.1719100E-06
  0.4506546E+00 -0.1252210E-06
  0.5401121E+00 -0.8670325E-07
  0.6086350E+00 -0.5782760E-07
  0.6548851E+00 -0.4070530E-07
  0.6699185E+00 -0.3704460E-07
  0.5049593E-01 -0.2145666E-06
  0.6546982E+00 -0.6524200E-07
  0.5422141E+00 -0.8600784E-07
  0.4503647E+00 -0.1199084E-06
 -0.5306892E+00 -0.5573245E-06
  0.8994299E+00 -0.1507733E-06
 -0.2031196E+00 -0.4158492E-06
  0.9477752E+00 -0.1415168E-06
  0.6296106E-01 -0.1862455E-06
  0.6184026E+00 -0.1760201E-06
 -0.3256069E+00 -0.3734167E-06
 -0.2478606E+00 -0.3934199E-06
  0.6805618E+00 -0.1594901E-06
  0.9242299E-01 -0.3071933E-06
  0.1441415E+00 -0.2888072E-06
 -0.8807340E+00 -0.5728014E-06
 -0.4280096E+00 -0.4527072E-06
  0.9417923E+00 -0.1057001E-06
  0.7452360E+00 -0.1470615E-06
  0.8814858E+00 -0.1190477E-06
  0.9165024E+00 -0.1119809E-06
  0.1006319E+01 -0.9475048E-07
  0.9937745E+00 -0.8936009E-07
  0.9779023E+00 -0.8215545E-07
  0.1000408E+01 -0.7978360E-07
  0.1033192E+01 -0.8184425E-07
  0.1033041E+01 -0.8235229E-07
  0.1045792E+01 -0.8442331E-07
  0.1040642E+01 -0.8649631E-07
  0.1016615E+01 -0.9033304E-07
  0.1008808E+01 -0.9352206E-07
  0.9878125E+00 -0.9783655E-07
  0.9501954E+00 -0.1044392E-06
  0.9286159E+00 -0.1111781E-06
  0.8954122E+00 -0.1178069E-06
  0.8464118E+00 -0.1279647E-06
  0.8120139E+00 -0.1363425E-06
  0.7678732E+00 -0.1458251E-06
  0.7094446E+00 -0.1580388E-06
  0.6635320E+00 -0.1691755E-06
  0.6102697E+00 -0.1803049E-06
  0.5448767E+00 -0.1955400E-06
  0.4893850E+00 -0.2081818E-06
  0.4286404E+00 -0.2205717E-06
  0.3564258E+00 -0.2391656E-06
  0.2892084E+00 -0.2539063E-06
  0.1894958E+00 -0.2755689E-06
  0.1988349E-01 -0.3129664E-06
 -0.5209998E-01 -0.3281962E-06
 -0.1245111E+00 -0.3489507E-06
 -0.1978433E+00 -0.3622368E-06
 -0.2685151E+00 -0.3767459E-06
 -0.3522455E+00 -0.4035569E-06
 -0.5030190E+00 -0.4327151E-06
 -0.6077009E+00 -0.4534051E-06
 -0.6654431E+00 -0.4716090E-06
 -0.7286033E+00 -0.4795317E-06
 -0.7785083E+00 -0.4897576E-06
 -0.8158267E+00 -0.5031480E-06
 -0.8647905E+00 -0.5090650E-06
 -0.8935176E+00 -0.5154602E-06
 -0.9011983E+00 -0.5298692E-06
 -0.9368526E+00 -0.5335966E-06
 -0.9845831E+00 -0.5371827E-06
 -0.9949028E+00 -0.5455034E-06
 -0.1001121E+01 -0.5498289E-06
 -0.1017698E+01 -0.5525857E-06
 -0.1046110E+01 -0.5470641E-06
 -0.1058159E+01 -0.5470144E-06
 -0.1050643E+01 -0.5498659E-06
  0.2385708E+00 -0.2695839E-06
 -0.9982842E+00 -0.5302340E-06
 -0.9413942E+00 -0.5296678E-06
 -0.8898931E+00 -0.5227742E-06
 -0.8433027E+00 -0.5111106E-06
 -0.8165698E+00 -0.4979800E-06
 -0.7784098E+00 -0.4893923E-06
 -0.7224276E+00 -0.4809185E-06
 -0.6616665E+00 -0.4677915E-06
 -0.6098136E+00 -0.4522538E-06
 -0.7070190E+00 -0.5868315E-06
  0.7953846E+00 -0.1380187E-06
 -0.1076412E+00 -0.3621819E-06
 -0.6108916E+00 -0.4995268E-06
 -0.8155308E+00 -0.5548621E-06
 -0.6961393E+00 -0.5209027E-06
  0.5855541E+00 -0.1444676E-06
 -0.2957533E+00 -0.4112196E-06
  0.2966708E+00 -0.2452530E-06
 -0.2068420E+00 -0.4183206E-06
  0.8325726E+00 -0.1286319E-06
  0.4633106E+00 -0.1970669E-06
  0.6056492E+00 -0.1578105E-06
  0.7240214E+00 -0.1247400E-06
  0.8143769E+00 -0.1003250E-06
  0.8726383E+00 -0.8420553E-07
  0.8802223E+00 -0.7017406E-07
 -0.6425159E-01 -0.3464424E-06
  0.8283283E+00 -0.1049880E-06
  0.7152168E+00 -0.1239941E-06
 -0.2532426E-01 -0.3346889E-06
 -0.8582315E+00 -0.5696394E-06
  0.9825798E+00 -0.9914341E-07
 -0.6749638E+00 -0.6066742E-06
 -0.8755822E+00 -0.5743244E-06
 -0.1048628E+01 -0.5472136E-06
 -0.8939339E+00 -0.5707734E-06
 -0.5688335E+00 -0.4939541E-06
 -0.7175862E+00 -0.5314704E-06
  0.2099918E+00 -0.2606857E-06
 -0.2410597E+00 -0.4660681E-06
 -0.1205362E+00 -0.4629407E-06
 -0.4829842E+00 -0.4286482E-06
 -0.3474030E+00 -0.3875938E-06
 -0.1463365E+00 -0.3957907E-06
  0.1381547E+00 -0.4991069E-06
  0.3072886E+00 -0.6320894E-06
  0.7839938E+00 -0.5992186E-07
  0.7085723E+00 -0.4692989E-07
  0.5847280E+00 -0.1846590E-06
 -0.7086924E+00 -0.5488909E-06
 -0.4030706E+00 -0.4071798E-06
 -0.6805146E+00 -0.5808984E-06
 -0.9406207E+00 -0.5602229E-06
 -0.5749300E+00 -0.4377586E-06
 -0.1064588E+01 -0.5404465E-06
 -0.1531744E-01 -0.3208906E-06
 -0.8742017E+00 -0.5530504E-06
 -0.3851143E+00 -0.4159940E-06
 -0.7761485E+00 -0.5246990E-06
  0.8927410E+00 -0.8818961E-07
 -0.2087326E+00 -0.3751556E-06
  0.7915450E+00 -0.1024374E-06
  0.3995793E+00 -0.2072591E-06
 -0.6640807E+00 -0.4961573E-06
  0.6788203E+00 -0.1316237E-06
 -0.6937025E+00 -0.5040540E-06
  0.5568463E+00 -0.1657290E-06
  0.6919699E+00 -0.1295284E-06
  0.8000202E+00 -0.1014877E-06
  0.8774021E+00 -0.8190453E-07
  0.9202138E+00 -0.7163722E-07
  0.8957747E+00 -0.6987055E-07
 -0.9009298E+00 -0.5496797E-06
 -0.5821309E+00 -0.4334376E-06
 -0.4399937E+00 -0.4088122E-06
 -0.8766739E+00 -0.5562526E-06
  0.8791410E+00 -0.7802623E-07
 -0.7683663E+00 -0.5307341E-06
 -0.5109009E+00 -0.4556925E-06
  0.1257980E+00 -0.1605998E-06
  0.1424522E+00 -0.7443904E-07
  0.1657354E+00 -0.5009385E-07
  0.1892901E+00 -0.4162756E-07
  0.2123659E+00 -0.3928933E-07
  0.2348673E+00 -0.3952803E-07
  0.2568081E+00 -0.4085124E-07
  0.2782091E+00 -0.4257033E-07
  0.2990908E+00 -0.4426866E-07
  0.3194738E+00 -0.4584393E-07
  0.3393237E+00 -0.4720393E-07
  0.3586414E+00 -0.4833646E-07
  0.3774207E+00 -0.4922639E-07
  0.3957004E+00 -0.4991499E-07
  0.4135744E+00 -0.5039701E-07
  0.4312364E+00 -0.5074975E-07
  0.4491849E+00 -0.5100766E-07
  0.4684346E+00 -0.5131025E-07
  0.4912243E+00 -0.5186011E-07
  0.5228778E+00 -0.5319179E-07
  0.1545757E+01 -0.1750177E-06
  0.2501052E+01 -0.2889541E-06
  0.3347070E+01 -0.3900201E-06
  0.4046795E+01 -0.4738429E-06
  0.4569674E+01 -0.5367786E-06
  0.4892787E+01 -0.5760403E-06
  0.5001992E+01 -0.5898317E-06
  0.4892638E+01 -0.5777204E-06
  0.4569494E+01 -0.5400650E-06
  0.4046646E+01 -0.4786585E-06
  0.3346947E+01 -0.3960529E-06
  0.2500937E+01 -0.2959759E-06
  0.1545636E+01 -0.1827037E-06
  0.5227826E+00 -0.6126693E-07
 -0.5229250E+00  0.6307133E-07
 -0.1545777E+01  0.1848696E-06
 -0.2501072E+01  0.2988178E-06
 -0.3347054E+01  0.3999098E-06
 -0.4046758E+01  0.4837509E-06
 -0.4569602E+01  0.5466213E-06
 -0.4892728E+01  0.5858656E-06
 -0.5002017E+01  0.5997139E-06
 -0.4892691E+01  0.5875383E-06
 -0.4569532E+01  0.5499069E-06
 -0.4046667E+01  0.4884835E-06
 -0.3346950E+01  0.4059253E-06
 -0.2500956E+01  0.3058352E-06
 -0.1545673E+01  0.1925908E-06
 -0.5228350E+00  0.7115030E-07
 -0.4911588E+00  0.7041716E-07
 -0.4683628E+00  0.7093443E-07
 -0.4491069E+00  0.7205269E-07
 -0.4311469E+00  0.7350132E-07
 -0.4134646E+00  0.7518177E-07
 -0.3955800E+00  0.7708200E-07
 -0.3772811E+00  0.7913022E-07
 -0.3584745E+00  0.8140844E-07
 -0.3391569E+00  0.8393177E-07
 -0.3193241E+00  0.8666872E-07
 -0.2989666E+00  0.8969364E-07
 -0.2780929E+00  0.9289872E-07
 -0.2566939E+00  0.9624019E-07
 -0.2347493E+00  0.9940799E-07
 -0.2122164E+00  0.1019250E-06
 -0.1890763E+00  0.1026055E-06
 -0.1654102E+00  0.9894146E-07
 -0.1418265E+00  0.8427583E-07
 -0.1245716E+00  0.2865307E-07
 -0.3693558E+00  0.2130077E-06
 -0.5982040E+00  0.3853441E-06
 -0.8008748E+00  0.5376604E-06
 -0.9682780E+00  0.6633881E-06
 -0.1093341E+01  0.7568278E-06
 -0.1170876E+01  0.8139356E-06
 -0.1197287E+01  0.8324211E-06
 -0.1171258E+01  0.8114700E-06
 -0.1093935E+01  0.7517570E-06
 -0.9687556E+00  0.6560829E-06
 -0.8012226E+00  0.5285874E-06
 -0.5986998E+00  0.3747720E-06
 -0.3700173E+00  0.2014352E-06
 -0.1251581E+00  0.1615431E-07
  0.1251710E+00 -0.1729729E-06
  0.3700209E+00 -0.3576979E-06
  0.5986356E+00 -0.5298909E-06
  0.8010346E+00 -0.6821752E-06
  0.9684432E+00 -0.8077448E-06
  0.1093713E+01 -0.9011387E-06
  0.1171267E+01 -0.9584841E-06
  0.1197529E+01 -0.9770343E-06
  0.1171386E+01 -0.9560981E-06
  0.1094127E+01 -0.8963213E-06
  0.9689486E+00 -0.8003685E-06
  0.8008026E+00 -0.6722462E-06
  0.5963546E+00 -0.5175498E-06
  0.3686954E+00 -0.3448901E-06
  0.5594081E+00 -0.1828765E-06
  0.6276980E+00 -0.1775691E-06
  0.6942497E+00 -0.1756111E-06
  0.7591314E+00 -0.1751357E-06
  0.8224140E+00 -0.1752569E-06
  0.8841553E+00 -0.1754834E-06
  0.9443943E+00 -0.1756558E-06
  0.1003071E+01 -0.1756592E-06
  0.1060174E+01 -0.1754034E-06
  0.1115818E+01 -0.1749760E-06
  0.1170116E+01 -0.1743696E-06
  0.1223054E+01 -0.1735019E-06
  0.1275201E+01 -0.1725083E-06
  0.1328114E+01 -0.1715667E-06
  0.1384904E+01 -0.1710515E-06
  0.1452185E+01 -0.1716242E-06
  0.2349656E+01 -0.2836661E-06
  0.3144486E+01 -0.3831020E-06
  0.3802188E+01 -0.4655486E-06
  0.4293567E+01 -0.5274458E-06
  0.4597013E+01 -0.5660158E-06
  0.4698862E+01 -0.5795358E-06
  0.4595874E+01 -0.5675291E-06
  0.4292326E+01 -0.5305332E-06
  0.3801266E+01 -0.4701594E-06
  0.3144036E+01 -0.3889625E-06
  0.2349330E+01 -0.2905441E-06
  0.1451886E+01 -0.1791799E-06
  0.4909969E+00 -0.5976708E-07
 -0.4913649E+00  0.6248801E-07
 -0.1452252E+01  0.1822623E-06
 -0.2349670E+01  0.2942954E-06
 -0.3144392E+01  0.3936912E-06
 -0.3801691E+01  0.4761313E-06
 -0.4292850E+01  0.5380115E-06
 -0.4596373E+01  0.5765629E-06
 -0.4699015E+01  0.5901381E-06
 -0.4596286E+01  0.5782205E-06
 -0.4292681E+01  0.5412020E-06
 -0.3801472E+01  0.4807981E-06
 -0.3144127E+01  0.3996197E-06
 -0.2349398E+01  0.3011561E-06
 -0.1451994E+01  0.1898381E-06
 -0.1384599E+01  0.1903056E-06
 -0.1327662E+01  0.1922187E-06
 -0.1274565E+01  0.1948370E-06
 -0.1222300E+01  0.1978188E-06
 -0.1169458E+01  0.2010407E-06
 -0.1115392E+01  0.2044715E-06
 -0.1059841E+01  0.2080805E-06
 -0.1002743E+01  0.2119528E-06
 -0.9440925E+00  0.2160760E-06
 -0.8839052E+00  0.2204716E-06
 -0.8221916E+00  0.2252041E-06
 -0.7589328E+00  0.2301120E-06
 -0.6940627E+00  0.2351008E-06
 -0.6274851E+00  0.2398002E-06
 -0.5591742E+00  0.2434442E-06
 -0.4893259E+00  0.2445045E-06
 -0.4199055E+00  0.2392130E-06
 -0.6796039E+00  0.3837164E-06
 -0.9095625E+00  0.5114938E-06
 -0.1099713E+01  0.6169381E-06
 -0.1241819E+01  0.6953730E-06
 -0.1329704E+01  0.7432404E-06
 -0.1359482E+01  0.7588253E-06
 -0.1329818E+01  0.7412017E-06
 -0.1242020E+01  0.6911224E-06
 -0.1099920E+01  0.6107607E-06
 -0.9097500E+00  0.5038288E-06
 -0.6798254E+00  0.3748036E-06
 -0.4201835E+00  0.2293521E-06
 -0.1421677E+00  0.7386583E-07
  0.1420725E+00 -0.8480543E-07
  0.4200876E+00 -0.2398150E-06
  0.6797198E+00 -0.3843686E-06
  0.9096524E+00 -0.5121037E-06
  0.1099828E+01 -0.6174861E-06
  0.1241971E+01 -0.6959079E-06
  0.1329864E+01 -0.7439442E-06
  0.1359625E+01 -0.7594560E-06
  0.1329980E+01 -0.7418708E-06
  0.1242238E+01 -0.6918375E-06
  0.1100215E+01 -0.6114940E-06
  0.9099786E+00 -0.5043539E-06
  0.6798747E+00 -0.3751869E-06
  0.4202901E+00 -0.2297978E-06
  0.4896289E+00 -0.1961279E-06
  0.1015571E+01 -0.3069913E-06
  0.1330628E+01 -0.2993512E-06
  0.1430545E+01 -0.2982143E-06
  0.1527954E+01 -0.2970746E-06
  0.1622858E+01 -0.2958066E-06
  0.1715330E+01 -0.2943293E-06
  0.1805908E+01 -0.2927678E-06
  0.1894204E+01 -0.2909512E-06
  0.1980289E+01 -0.2888632E-06
  0.2064607E+01 -0.2866042E-06
  0.2149644E+01 -0.2844264E-06
  0.2240982E+01 -0.2830612E-06
  0.2999567E+01 -0.3825572E-06
  0.4096206E+01 -0.5270124E-06
  0.3627910E+01 -0.4651000E-06
  0.4385068E+01 -0.5654446E-06
  0.4480686E+01 -0.5788020E-06
  0.4381784E+01 -0.5667106E-06
  0.4092195E+01 -0.5296835E-06
  0.3624336E+01 -0.4693742E-06
  0.2997844E+01 -0.3882591E-06
  0.2240149E+01 -0.2898956E-06
  0.1384420E+01 -0.1785870E-06
  0.4681263E+00 -0.5920093E-07
 -0.4686606E+00  0.6301556E-07
 -0.1384960E+01  0.1827509E-06
 -0.2240736E+01  0.2947340E-06
 -0.2998581E+01  0.3941160E-06
 -0.3625370E+01  0.4765253E-06
 -0.4093708E+01  0.5383391E-06
 -0.4383136E+01  0.5768999E-06
 -0.4480997E+01  0.5904995E-06
 -0.4383014E+01  0.5785298E-06
 -0.4093479E+01  0.5415553E-06
 -0.3625053E+01  0.4811724E-06
 -0.2998219E+01  0.3999961E-06
 -0.2240353E+01  0.3016264E-06
 -0.2148225E+01  0.3042651E-06
 -0.1977760E+01  0.3121874E-06
 -0.2062318E+01  0.3079799E-06
 -0.1892256E+01  0.3166714E-06
 -0.1804796E+01  0.3213567E-06
 -0.1714925E+01  0.3262444E-06
 -0.1622538E+01  0.3313488E-06
 -0.1527635E+01  0.3367548E-06
 -0.1430238E+01  0.3424497E-06
 -0.1330379E+01  0.3485384E-06
 -0.1228014E+01  0.3549473E-06
 -0.1123054E+01  0.3616194E-06
 -0.1015343E+01  0.3683495E-06
 -0.9048477E+00  0.3748135E-06
 -0.7918745E+00  0.3802471E-06
 -0.1059787E+01  0.5002664E-06
 -0.1446940E+01  0.6729622E-06
 -0.1281377E+01  0.5992386E-06
 -0.1549274E+01  0.7180188E-06
 -0.1583907E+01  0.7325880E-06
 -0.1549309E+01  0.7160529E-06
 -0.1447002E+01  0.6689821E-06
 -0.1281452E+01  0.5936033E-06
 -0.1059910E+01  0.4930815E-06
 -0.7920391E+00  0.3718900E-06
 -0.4895480E+00  0.2352792E-06
 -0.1656610E+00  0.8919648E-07
  0.1654716E+00 -0.5986518E-07
  0.4893635E+00 -0.2054791E-06
  0.7918718E+00 -0.3412288E-06
  0.1059772E+01 -0.4613026E-06
  0.1281363E+01 -0.5602610E-06
  0.1446975E+01 -0.6339492E-06
  0.1549356E+01 -0.6790785E-06
  0.1584006E+01 -0.6936151E-06
  0.1549443E+01 -0.6770574E-06
  0.1447174E+01 -0.6300313E-06
  0.1281637E+01 -0.5546095E-06
  0.1060055E+01 -0.4540192E-06
  0.7921249E+00 -0.3327402E-06
  0.1123254E+01 -0.3029556E-06
  0.1228230E+01 -0.3007539E-06
  0.9050646E+00 -0.3150954E-06
  0.2044356E+01 -0.4047599E-06
  0.1914149E+01 -0.4070788E-06
  0.2295005E+01 -0.3998384E-06
  0.2416262E+01 -0.3972186E-06
  0.2535192E+01 -0.3944958E-06
  0.2651573E+01 -0.3914878E-06
  0.2765121E+01 -0.3880998E-06
  0.2878400E+01 -0.3847501E-06
  0.4296926E+01 -0.5819433E-06
  0.4200379E+01 -0.5695528E-06
  0.3929582E+01 -0.5302579E-06
  0.4205886E+01 -0.5688644E-06
  0.3481383E+01 -0.4680955E-06
  0.3923257E+01 -0.5323423E-06
  0.3474723E+01 -0.4717064E-06
  0.2874276E+01 -0.3901528E-06
  0.2147880E+01 -0.2911833E-06
  0.1327396E+01 -0.1791078E-06
  0.4487990E+00 -0.5895400E-07
 -0.4494659E+00  0.6409569E-07
 -0.1328089E+01  0.1846098E-06
 -0.2148681E+01  0.2973463E-06
 -0.2875363E+01  0.3973951E-06
 -0.3476377E+01  0.4803524E-06
 -0.3925447E+01  0.5425445E-06
 -0.4202954E+01  0.5814035E-06
 -0.4296770E+01  0.5950552E-06
 -0.4202813E+01  0.5830619E-06
 -0.3925183E+01  0.5458357E-06
 -0.3476010E+01  0.4850446E-06
 -0.2874941E+01  0.4033108E-06
 -0.2415324E+01  0.4246693E-06
 -0.2295078E+01  0.4306778E-06
 -0.2646806E+01  0.4132752E-06
 -0.2532389E+01  0.4188713E-06
 -0.2759973E+01  0.4079856E-06
 -0.2171440E+01  0.4369198E-06
 -0.2044423E+01  0.4434458E-06
 -0.1914070E+01  0.4502683E-06
 -0.1780407E+01  0.4575539E-06
 -0.1643408E+01  0.4653129E-06
 -0.1502950E+01  0.4734686E-06
 -0.1358831E+01  0.4820203E-06
 -0.1210969E+01  0.4909245E-06
 -0.1809723E+01  0.7157108E-06
 -0.1770181E+01  0.6996727E-06
 -0.1653287E+01  0.6579897E-06
 -0.1770186E+01  0.7016425E-06
 -0.1464129E+01  0.5867306E-06
 -0.1653266E+01  0.6541467E-06
 -0.1464115E+01  0.5812180E-06
 -0.1211002E+01  0.4839732E-06
 -0.9049525E+00  0.3667036E-06
 -0.5593519E+00  0.2345339E-06
 -0.1893015E+00  0.9326228E-07
  0.1890205E+00 -0.5097412E-07
  0.5590842E+00 -0.1919069E-06
  0.9047141E+00 -0.3232677E-06
  0.1210807E+01 -0.4393078E-06
  0.1463998E+01 -0.5351399E-06
  0.1653216E+01 -0.6064363E-06
  0.1770168E+01 -0.6501087E-06
  0.1809783E+01 -0.6641222E-06
  0.1770293E+01 -0.6481100E-06
  0.1653443E+01 -0.6026061E-06
  0.1464313E+01 -0.5296599E-06
  0.1211167E+01 -0.4323647E-06
  0.1503129E+01 -0.4158893E-06
  0.1643568E+01 -0.4122038E-06
  0.2171198E+01 -0.4023254E-06
  0.1359019E+01 -0.4218149E-06
  0.1780547E+01 -0.4094317E-06
  0.2772155E+01 -0.4870039E-06
  0.2918133E+01 -0.4834325E-06
  0.3343101E+01 -0.4721743E-06
  0.3767220E+01 -0.5366110E-06
  0.3336270E+01 -0.4753912E-06
  0.4033227E+01 -0.5741010E-06
  0.4125320E+01 -0.5868283E-06
  0.3771662E+01 -0.5347418E-06
  0.4036943E+01 -0.5735961E-06
 -0.2314198E+01  0.5392296E-06
  0.2062055E+01 -0.2931862E-06
  0.1274266E+01 -0.1800869E-06
  0.4308027E+00 -0.5874863E-07
 -0.4315417E+00  0.6545434E-07
 -0.1275029E+01  0.1871420E-06
 -0.2062805E+01  0.3009636E-06
 -0.2760423E+01  0.4019927E-06
 -0.3337393E+01  0.4857319E-06
 -0.3768482E+01  0.5485370E-06
 -0.4034877E+01  0.5877519E-06
 -0.4124932E+01  0.6016389E-06
 -0.4034729E+01  0.5894462E-06
 -0.3768208E+01  0.5518345E-06
 -0.3337005E+01  0.4904560E-06
 -0.2625391E+01  0.5239276E-06
 -0.2471815E+01  0.5314122E-06
 -0.2774869E+01  0.5168136E-06
 -0.2920296E+01  0.5098790E-06
 -0.3200184E+01  0.4966145E-06
 -0.3061840E+01  0.5031426E-06
 -0.1358775E+01  0.4752433E-06
 -0.2152590E+01  0.5475052E-06
 -0.1986931E+01  0.5562846E-06
 -0.1817127E+01  0.5657272E-06
 -0.1642901E+01  0.5757453E-06
 -0.1854990E+01  0.6418384E-06
 -0.1642795E+01  0.5703347E-06
 -0.1986183E+01  0.6863047E-06
 -0.2030578E+01  0.7020932E-06
 -0.1855143E+01  0.6455566E-06
 -0.1986272E+01  0.6882838E-06
 -0.1015388E+01  0.3604411E-06
 -0.6276170E+00  0.2310766E-06
 -0.2124200E+00  0.9271955E-07
  0.2120537E+00 -0.4840306E-07
  0.6272641E+00 -0.1863067E-06
  0.1015076E+01 -0.3148899E-06
  0.1358520E+01 -0.4285120E-06
  0.1642603E+01 -0.5222797E-06
  0.1854909E+01 -0.5920333E-06
  0.1986152E+01 -0.6347991E-06
  0.2030609E+01 -0.6486180E-06
  0.1986340E+01 -0.6329166E-06
  0.1855248E+01 -0.5883817E-06
  0.1643051E+01 -0.5169327E-06
  0.2152522E+01 -0.5007218E-06
  0.2623357E+01 -0.4904875E-06
  0.1986968E+01 -0.5046051E-06
  0.2759576E+01 -0.3931034E-06
  0.1817233E+01 -0.5096359E-06
  0.2313781E+01 -0.4972942E-06
  0.3204098E+01 -0.4761964E-06
  0.3062197E+01 -0.4798889E-06
  0.2470742E+01 -0.4939006E-06
  0.3128317E+01 -0.5522371E-06
  0.3292456E+01 -0.5478749E-06
  0.3868968E+01 -0.5785350E-06
  0.3615477E+01 -0.5418451E-06
  0.3201667E+01 -0.4798080E-06
  0.3614399E+01 -0.5392108E-06
  0.3870311E+01 -0.5797645E-06
  0.3955963E+01 -0.5922341E-06
 -0.2243582E+01  0.6240273E-06
  0.1977963E+01 -0.2954822E-06
 -0.3133365E+01  0.5808641E-06
  0.4131396E+00 -0.5849933E-07
  0.1222128E+01 -0.1811219E-06
 -0.1222779E+01  0.1900465E-06
 -0.1978253E+01  0.3051136E-06
 -0.2647253E+01  0.4071791E-06
 -0.3200553E+01  0.4918244E-06
 -0.3613933E+01  0.5553401E-06
 -0.3869396E+01  0.5949379E-06
 -0.3955766E+01  0.6089393E-06
 -0.3869269E+01  0.5966573E-06
 -0.3613685E+01  0.5586645E-06
 -0.3457449E+01  0.5658583E-06
 -0.1502749E+01  0.4667293E-06
 -0.2791106E+01  0.5968408E-06
 -0.2964549E+01  0.5887017E-06
 -0.3297593E+01  0.5732790E-06
 -0.6941320E+00  0.2265035E-06
 -0.2051850E+01  0.6343163E-06
 -0.2196700E+01  0.6744859E-06
 -0.2430621E+01  0.6143845E-06
 -0.2196871E+01  0.6764065E-06
 -0.2349459E+00  0.9038597E-07
 -0.1816862E+01  0.5604061E-06
 -0.2051602E+01  0.6306263E-06
 -0.2245858E+01  0.6899567E-06
 -0.1122985E+01  0.3538214E-06
  0.2345143E+00 -0.4857556E-07
  0.6937214E+00 -0.1842526E-06
  0.1122619E+01 -0.3108172E-06
  0.1502458E+01 -0.4226111E-06
  0.1816643E+01 -0.5149311E-06
  0.2051450E+01 -0.5835292E-06
  0.2196624E+01 -0.6255921E-06
  0.2245800E+01 -0.6391596E-06
  0.2196847E+01 -0.6237426E-06
  0.2051879E+01 -0.5799125E-06
  0.2612196E+01 -0.5649746E-06
  0.2961173E+01 -0.5565522E-06
  0.2647592E+01 -0.3965532E-06
  0.2243481E+01 -0.5739078E-06
  0.3454880E+01 -0.5436156E-06
  0.2789184E+01 -0.5608319E-06
  0.2430269E+01 -0.5691981E-06
 -0.4138731E+00  0.6705561E-07
 -0.2613118E+01  0.6054234E-06
  0.3526894E+01 -0.5883498E-06
  0.3784809E+01 -0.5976942E-06
  0.3065395E+01 -0.4844372E-06
 -0.3354903E+01  0.6200913E-06
 -0.3959843E+00  0.6885061E-07
  0.1893062E+01 -0.2978176E-06
 -0.2402133E+01  0.6654829E-06
 -0.2532783E+01  0.4126973E-06
 -0.3530759E+01  0.6120853E-06
 -0.2797783E+01  0.6458728E-06
  0.1169517E+01 -0.1820938E-06
 -0.1892707E+01  0.3095062E-06
 -0.3457645E+01  0.5624617E-06
 -0.3702035E+01  0.6025452E-06
 -0.3784694E+01  0.6166931E-06
 -0.3701952E+01  0.6042438E-06
  0.2564071E+00 -0.4972841E-07
 -0.2988374E+01  0.6368784E-06
 -0.2243259E+01  0.6203514E-06
 -0.1643117E+01  0.4586527E-06
 -0.3174102E+01  0.6283194E-06
  0.1227462E+01 -0.3084468E-06
 -0.2568897E+00  0.8731651E-07
 -0.1227868E+01  0.3471743E-06
  0.7585038E+00 -0.1835889E-06
 -0.2401946E+01  0.6635979E-06
 -0.1986586E+01  0.5509893E-06
 -0.2602392E+01  0.6553603E-06
 -0.3062124E+01  0.4982729E-06
 -0.1169903E+01  0.1931895E-06
  0.1642772E+01 -0.4187950E-06
  0.1986318E+01 -0.5098301E-06
  0.2243098E+01 -0.5775755E-06
  0.2401840E+01 -0.6190613E-06
  0.2455585E+01 -0.6324512E-06
  0.2401993E+01 -0.6172081E-06
  0.2601964E+01 -0.6119134E-06
  0.3171442E+01 -0.5980198E-06
  0.2986713E+01 -0.6026621E-06
  0.3351272E+01 -0.5933461E-06
  0.3953210E+00 -0.5808740E-07
 -0.7589642E+00  0.2216168E-06
  0.3699170E+01 -0.5834181E-06
  0.3461211E+01 -0.5471348E-06
  0.2796862E+01 -0.6072177E-06
 -0.2455692E+01  0.6788969E-06
  0.2534523E+01 -0.4000882E-06
 -0.3776594E+00  0.7083256E-07
  0.2152040E+01 -0.5059483E-06
  0.1779821E+01 -0.4160007E-06
  0.2430280E+01 -0.5728847E-06
 -0.2415600E+01  0.4184178E-06
  0.2777815E+00 -0.5129250E-07
 -0.2860166E+01  0.6589380E-06
  0.1115567E+01 -0.1829043E-06
 -0.1805131E+01  0.3140971E-06
  0.3609534E+01 -0.6030207E-06
 -0.3297674E+01  0.5698322E-06
 -0.3530806E+01  0.6103216E-06
 -0.1780074E+01  0.4509612E-06
 -0.3055047E+01  0.6497821E-06
  0.1329829E+01 -0.3069303E-06
 -0.1330204E+01  0.3408881E-06
 -0.2430271E+01  0.6107811E-06
  0.8217487E+00 -0.1836038E-06
 -0.3244935E+01  0.6410546E-06
 -0.8222257E+00  0.2167843E-06
 -0.2602182E+01  0.6535068E-06
  0.3533784E+01 -0.5908170E-06
 -0.3609650E+01  0.6246086E-06
 -0.2783009E+00  0.8411886E-07
 -0.2152184E+01  0.5422737E-06
 -0.2660409E+01  0.6685477E-06
  0.2602172E+01 -0.6138803E-06
  0.2660145E+01 -0.6270025E-06
  0.3770652E+00 -0.5750353E-07
  0.3054427E+01 -0.6175924E-06
  0.3429406E+01 -0.6081050E-06
  0.3244315E+01 -0.6129044E-06
  0.2924127E+01 -0.4887193E-06
 -0.3429782E+01  0.6327334E-06
  0.2417905E+01 -0.4033383E-06
  0.1805845E+01 -0.2999099E-06
 -0.2920461E+01  0.5049009E-06
  0.2859749E+01 -0.6221705E-06
  0.3301601E+01 -0.5520960E-06
 -0.1115784E+01  0.1965059E-06
  0.2797816E+01 -0.6092777E-06
 -0.1430097E+01  0.3348646E-06
  0.3136560E+01 -0.5566945E-06
 -0.2295167E+01  0.4243274E-06
 -0.2988222E+01  0.6350458E-06
 -0.2774869E+01  0.5117631E-06
  0.1715836E+01 -0.3017047E-06
  0.2297160E+01 -0.4063162E-06
 -0.3133330E+01  0.5773639E-06
 -0.3354861E+01  0.6183382E-06
 -0.1913767E+01  0.4437098E-06
  0.2314165E+01 -0.5025806E-06
 -0.8839638E+00  0.2121792E-06
  0.1429898E+01 -0.3057203E-06
  0.3583029E+00 -0.5670907E-07
 -0.2612788E+01  0.6017340E-06
  0.8835616E+00 -0.1837421E-06
 -0.2313824E+01  0.5339842E-06
 -0.2797588E+01  0.6439721E-06
 -0.1060145E+01  0.2000487E-06
  0.3357074E+01 -0.5957579E-06
 -0.2991978E+00  0.8102636E-07
  0.2777989E+01 -0.4925565E-06
  0.1913852E+01 -0.4136064E-06
 -0.1715129E+01  0.3188876E-06
 -0.3588143E+00  0.7300721E-07
 -0.3173990E+01  0.6264935E-06
  0.2986822E+00 -0.5291266E-07
  0.3175452E+01 -0.6004186E-06
  0.1059983E+01 -0.1834499E-06
  0.2613279E+01 -0.5687762E-06
  0.2988985E+01 -0.6048166E-06
 -0.1527586E+01  0.3292348E-06
  0.2044889E+01 -0.4113028E-06
  0.2792092E+01 -0.5648188E-06
 -0.1002949E+01  0.2038104E-06
 -0.2625228E+01  0.5188443E-06
  0.1623074E+01 -0.3032627E-06
  0.3704751E+01 -0.5853856E-06
  0.2472672E+01 -0.4993764E-06
 -0.9442157E+00  0.2078729E-06
  0.1527723E+01 -0.3045786E-06
 -0.2964380E+01  0.5851656E-06
  0.2966533E+01 -0.5608112E-06
  0.1002792E+01 -0.1837599E-06
  0.9439518E+00 -0.1838164E-06
 -0.2790845E+01  0.5932482E-06
 -0.2171356E+01  0.4304592E-06
 -0.3195630E+00  0.7808012E-07
  0.3390005E+00 -0.5569135E-07
 -0.2044214E+01  0.4369130E-06
 -0.2471524E+01  0.5262306E-06
  0.3191151E+00 -0.5441291E-07
 -0.3394350E+00  0.7543218E-07
 -0.1622604E+01  0.3239315E-06
  0.2627409E+01 -0.4960909E-06
  0.2172722E+01 -0.4089214E-06
  0.4442164E-01  0.4191292E-06
 -0.3364235E+00  0.5621679E-06
  0.3437194E+00  0.2859295E-06
  0.3109398E+00  0.3369926E-06
  0.4485674E+00  0.3030358E-06
  0.5350186E+00  0.2777844E-06
  0.6183375E+00  0.2518008E-06
  0.6988938E+00  0.2270478E-06
  0.7763512E+00  0.2032201E-06
  0.8503885E+00  0.1800772E-06
  0.9206951E+00  0.1583707E-06
  0.9869789E+00  0.1374079E-06
  0.1048948E+01  0.1182897E-06
  0.1106343E+01  0.9977872E-07
  0.1158929E+01  0.8383117E-07
  0.1206453E+01  0.6901447E-07
  0.1248724E+01  0.5592615E-07
  0.1285552E+01  0.4405347E-07
  0.1316755E+01  0.3457144E-07
  0.1342185E+01  0.2637110E-07
  0.1361717E+01  0.2008548E-07
  0.1375216E+01  0.1580032E-07
  0.1380001E+01  0.1375335E-07
  0.1354652E+01  0.1419174E-07
 -0.2232009E+00  0.5014870E-06
  0.1313457E+01  0.2578661E-07
 -0.6272408E+00  0.6383408E-06
  0.1222008E+01  0.5331212E-07
 -0.4822018E+00  0.5811424E-06
  0.1082805E+01  0.9578170E-07
 -0.8932152E+00  0.7073174E-06
  0.9011101E+00  0.1511052E-06
 -0.7222722E+00  0.6543215E-06
  0.6840318E+00  0.2174627E-06
 -0.1124349E+01  0.7667836E-06
  0.4400314E+00  0.2925167E-06
 -0.9341385E+00  0.7191739E-06
  0.1787068E+00  0.3726497E-06
 -0.1311319E+01  0.8143687E-06
 -0.8960278E-01  0.4546812E-06
 -0.1109421E+01  0.7726456E-06
 -0.3543762E+00  0.5367630E-06
 -0.1446726E+01  0.8481608E-06
 -0.6052294E+00  0.6137527E-06
 -0.1241028E+01  0.8125654E-06
 -0.8323423E+00  0.6836711E-06
 -0.1525297E+01  0.8667483E-06
 -0.1026789E+01  0.7441613E-06
 -0.1323798E+01  0.8372901E-06
 -0.1180939E+01  0.7915256E-06
 -0.1544232E+01  0.8690575E-06
 -0.1288722E+01  0.8250660E-06
 -0.1354809E+01  0.8464686E-06
 -0.1345890E+01  0.8433732E-06
 -0.1502660E+01  0.8558440E-06
 -0.1350226E+01  0.8452110E-06
 -0.1332748E+01  0.8391234E-06
 -0.1301770E+01  0.8306251E-06
 -0.1402098E+01  0.8269997E-06
 -0.1202253E+01  0.8008960E-06
 -0.1258350E+01  0.8157804E-06
 -0.1055456E+01  0.7561172E-06
 -0.1246498E+01  0.7840010E-06
 -0.8671427E+00  0.6987996E-06
 -0.1134544E+01  0.7771405E-06
 -0.6449198E+00  0.6313118E-06
 -0.1041968E+01  0.7280182E-06
 -0.3974342E+00  0.5553912E-06
 -0.9661903E+00  0.7252338E-06
 -0.1344486E+00  0.4742034E-06
 -0.4520771E-01  0.4467461E-06
  0.1542499E+01  0.5221591E-07
 -0.7965057E+00  0.6614756E-06
  0.1176458E+01  0.1337199E-07
 -0.7599272E+00  0.6614776E-06
  0.1081348E+01  0.4701764E-07
 -0.5197678E+00  0.5878678E-06
  0.9439296E+00  0.9501561E-07
 -0.5238299E+00  0.5885858E-06
  0.7694793E+00  0.1549961E-06
 -0.2226002E+00  0.5081500E-06
  0.5648118E+00  0.2256047E-06
 -0.2671956E+00  0.5097046E-06
  0.3378880E+00  0.3038385E-06
  0.8334041E-01  0.4275787E-06
  0.9771359E-01  0.3853398E-06
 -0.6009479E-04  0.4272396E-06
 -0.1462666E+00  0.4686386E-06
  0.3860203E+00  0.3476440E-06
 -0.3844916E+00  0.5492917E-06
  0.2671072E+00  0.3451452E-06
 -0.6076435E+00  0.6242904E-06
  0.6735441E+00  0.2722076E-06
 -0.8069792E+00  0.6917027E-06
  0.5238059E+00  0.2668839E-06
 -0.9746625E+00  0.7474004E-06
  0.9345161E+00  0.2041682E-06
 -0.1104095E+01  0.7904380E-06
  0.7598894E+00  0.1945881E-06
 -0.1190152E+01  0.8182425E-06
  0.1158713E+01  0.1467100E-06
 -0.1229475E+01  0.8303747E-06
  0.9660561E+00  0.1313802E-06
 -0.1220549E+01  0.8265538E-06
  0.1337410E+01  0.1013825E-06
 -0.1163889E+01  0.8052979E-06
  0.1134307E+01  0.7993567E-07
 -0.1061511E+01  0.7694541E-06
  0.1463795E+01  0.6991027E-07
 -0.9173658E+00  0.7193455E-06
  0.1258122E+01  0.4209408E-07
 -0.7371776E+00  0.6570086E-06
  0.1533154E+01  0.5415001E-07
 -0.5282089E+00  0.5854009E-06
  0.1332821E+01  0.2010768E-07
 -0.2986065E+00  0.5067653E-06
  0.2228674E+00  0.3641320E-06
  0.1225848E+01 -0.4588321E-08
  0.1339701E+00  0.3916809E-06
  0.0000000E+00  0.0000000E+00
  0.0000000E+00  0.0000000E+00
  0.0000000E+00  0.0000000E+00
  0.0000000E+00  0.0000000E+00
  0.0000000E+00  0.0000000E+00
  0.0000000E+00  0.0000000E+00
  0.0000000E+00  0.0000000E+00
  0.0000000E+00  0.0000000E+00
  0.0000000E+00  0.0000000E+00
  0.0000000E+00  0.0000000E+00
  0.0000000E+00  0.0000000E+00
  0.0000000E+00  0.0000000E+00
  0.0000000E+00  0.0000000E+00
  0.0000000E+00  0.0000000E+00
  0.0000000E+00  0.0000000E+00
  0.0000000E+00  0.0000000E+00
  0.0000000E+00  0.0000000E+00
  0.0000000E+00  0.0000000E+00
  0.0000000E+00  0.0000000E+00
  0.0000000E+00  0.0000000E+00
  0.0000000E+00  0.0000000E+00
  0.0000000E+00  0.0000000E+00
  0.0000000E+00  0.0000000E+00
  0.0000000E+00  0.0000000E+00
  0.0000000E+00  0.0000000E+00
  0.0000000E+00  0.0000000E+00
  0.0000000E+00  0.0000000E+00
  0.0000000E+00  0.0000000E+00
  0.0000000E+00  0.0000000E+00
  0.0000000E+00  0.0000000E+00
  0.0000000E+00  0.0000000E+00
  0.0000000E+00  0.0000000E+00
  0.0000000E+00  0.0000000E+00
  0.0000000E+00  0.0000000E+00
  0.0000000E+00  0.0000000E+00
  0.0000000E+00  0.0000000E+00
  0.0000000E+00  0.0000000E+00
  0.0000000E+00  0.0000000E+00
  0.0000000E+00  0.0000000E+00
  0.0000000E+00  0.0000000E+00
  0.0000000E+00  0.0000000E+00
  0.0000000E+00  0.0000000E+00
  0.0000000E+00  0.0000000E+00
  0.0000000E+00  0.0000000E+00
  0.0000000E+00  0.0000000E+00
  0.0000000E+00  0.0000000E+00
  0.0000000E+00  0.0000000E+00
  0.0000000E+00  0.0000000E+00
  0.0000000E+00  0.0000000E+00
  0.0000000E+00  0.0000000E+00
  0.0000000E+00  0.0000000E+00
  0.0000000E+00  0.0000000E+00
  0.0000000E+00  0.0000000E+00
  0.0000000E+00  0.0000000E+00
  0.0000000E+00  0.0000000E+00
  0.0000000E+00  0.0000000E+00
  0.0000000E+00  0.0000000E+00
  0.0000000E+00  0.0000000E+00
  0.0000000E+00  0.0000000E+00
  0.0000000E+00  0.0000000E+00
  0.0000000E+00  0.0000000E+00
  0.0000000E+00  0.0000000E+00
  0.0000000E+00  0.0000000E+00
  0.0000000E+00  0.0000000E+00
  0.0000000E+00  0.0000000E+00
  0.0000000E+00  0.0000000E+00
  0.0000000E+00  0.0000000E+00
  0.0000000E+00  0.0000000E+00
  0.0000000E+00  0.0000000E+00
  0.0000000E+00  0.0000000E+00
  0.0000000E+00  0.0000000E+00
  0.0000000E+00  0.0000000E+00
  0.0000000E+00  0.0000000E+00
  0.0000000E+00  0.0000000E+00
  0.0000000E+00  0.0000000E+00
  0.0000000E+00  0.0000000E+00
  0.0000000E+00  0.0000000E+00
  0.0000000E+00  0.0000000E+00
  0.0000000E+00  0.0000000E+00
  0.0000000E+00  0.0000000E+00
  0.0000000E+00  0.0000000E+00
  0.0000000E+00  0.0000000E+00
  0.0000000E+00  0.0000000E+00
  0.0000000E+00  0.0000000E+00
  0.0000000E+00  0.0000000E+00
  0.0000000E+00  0.0000000E+00
  0.0000000E+00  0.0000000E+00
  0.0000000E+00  0.0000000E+00
  0.0000000E+00  0.0000000E+00
  0.0000000E+00  0.0000000E+00
  0.0000000E+00  0.0000000E+00
  0.0000000E+00  0.0000000E+00
  0.0000000E+00  0.0000000E+00
  0.0000000E+00  0.0000000E+00
  0.0000000E+00  0.0000000E+00
  0.0000000E+00  0.0000000E+00
  0.0000000E+00  0.0000000E+00
  0.0000000E+00  0.0000000E+00
  0.0000000E+00  0.0000000E+00
  0.0000000E+00  0.0000000E+00
  0.0000000E+00  0.0000000E+00
  0.0000000E+00  0.0000000E+00
  0.0000000E+00  0.0000000E+00
  0.0000000E+00  0.0000000E+00
  0.0000000E+00  0.0000000E+00
  0.0000000E+00  0.0000000E+00
  0.0000000E+00  0.0000000E+00
  0.0000000E+00  0.0000000E+00
  0.0000000E+00  0.0000000E+00
  0.0000000E+00  0.0000000E+00
  0.0000000E+00  0.0000000E+00
  0.0000000E+00  0.0000000E+00
  0.0000000E+00  0.0000000E+00
  0.0000000E+00  0.0000000E+00
  0.0000000E+00  0.0000000E+00
  0.0000000E+00  0.0000000E+00
  0.0000000E+00  0.0000000E+00
  0.0000000E+00  0.0000000E+00
  0.0000000E+00  0.0000000E+00
  0.0000000E+00  0.0000000E+00
  0.0000000E+00  0.0000000E+00
  0.0000000E+00  0.0000000E+00
  0.0000000E+00  0.0000000E+00
  0.0000000E+00  0.0000000E+00
  0.0000000E+00  0.0000000E+00
  0.0000000E+00  0.0000000E+00
  0.0000000E+00  0.0000000E+00
  0.0000000E+00  0.0000000E+00
  0.0000000E+00  0.0000000E+00
  0.0000000E+00  0.0000000E+00
  0.0000000E+00  0.0000000E+00
  0.0000000E+00  0.0000000E+00
  0.0000000E+00  0.0000000E+00
  0.0000000E+00  0.0000000E+00
  0.0000000E+00  0.0000000E+00
  0.0000000E+00  0.0000000E+00
  0.0000000E+00  0.0000000E+00
  0.0000000E+00  0.0000000E+00
  0.0000000E+00  0.0000000E+00
  0.0000000E+00  0.0000000E+00
  0.0000000E+00  0.0000000E+00
  0.0000000E+00  0.0000000E+00
  0.0000000E+00  0.0000000E+00
  0.0000000E+00  0.0000000E+00
  0.0000000E+00  0.0000000E+00
  0.0000000E+00  0.0000000E+00
  0.0000000E+00  0.0000000E+00
  0.0000000E+00  0.0000000E+00
  0.0000000E+00  0.0000000E+00
  0.0000000E+00  0.0000000E+00
  0.0000000E+00  0.0000000E+00
  0.0000000E+00  0.0000000E+00
  0.0000000E+00  0.0000000E+00
  0.0000000E+00  0.0000000E+00
  0.0000000E+00  0.0000000E+00
  0.0000000E+00  0.0000000E+00
  0.0000000E+00  0.0000000E+00
  0.0000000E+00  0.0000000E+00
  0.0000000E+00  0.0000000E+00
  0.0000000E+00  0.0000000E+00
  0.0000000E+00  0.0000000E+00
  0.0000000E+00  0.0000000E+00
  0.0000000E+00  0.0000000E+00
  0.0000000E+00  0.0000000E+00
  0.0000000E+00  0.0000000E+00
  0.0000000E+00  0.0000000E+00
  0.0000000E+00  0.0000000E+00
  0.0000000E+00  0.0000000E+00
  0.0000000E+00  0.0000000E+00
  0.0000000E+00  0.0000000E+00
  0.0000000E+00  0.0000000E+00
  0.0000000E+00  0.0000000E+00
  0.0000000E+00  0.0000000E+00
  0.0000000E+00  0.0000000E+00
  0.0000000E+00  0.0000000E+00
  0.0000000E+00  0.0000000E+00
  0.0000000E+00  0.0000000E+00
  0.0000000E+00  0.0000000E+00
  0.0000000E+00  0.0000000E+00
  0.0000000E+00  0.0000000E+00
  0.0000000E+00  0.0000000E+00
  0.0000000E+00  0.0000000E+00
  0.0000000E+00  0.0000000E+00
  0.0000000E+00  0.0000000E+00
  0.0000000E+00  0.0000000E+00
  0.0000000E+00  0.0000000E+00
  0.0000000E+00  0.0000000E+00
  0.0000000E+00  0.0000000E+00
  0.0000000E+00  0.0000000E+00
  0.0000000E+00  0.0000000E+00
  0.0000000E+00  0.0000000E+00
  0.0000000E+00  0.0000000E+00
  0.0000000E+00  0.0000000E+00
  0.0000000E+00  0.0000000E+00
  0.0000000E+00  0.0000000E+00
  0.0000000E+00  0.0000000E+00
  0.0000000E+00  0.0000000E+00
  0.0000000E+00  0.0000000E+00
  0.0000000E+00  0.0000000E+00
  0.0000000E+00  0.0000000E+00
  0.0000000E+00  0.0000000E+00
  0.0000000E+00  0.0000000E+00
  0.0000000E+00  0.0000000E+00
  0.0000000E+00  0.0000000E+00
  0.0000000E+00  0.0000000E+00
  0.0000000E+00  0.0000000E+00
  0.0000000E+00  0.0000000E+00
  0.0000000E+00  0.0000000E+00
  0.0000000E+00  0.0000000E+00
  0.0000000E+00  0.0000000E+00
  0.0000000E+00  0.0000000E+00
  0.0000000E+00  0.0000000E+00
  0.0000000E+00  0.0000000E+00
  0.0000000E+00  0.0000000E+00
  0.0000000E+00  0.0000000E+00
  0.0000000E+00  0.0000000E+00
  0.0000000E+00  0.0000000E+00
  0.0000000E+00  0.0000000E+00
  0.0000000E+00  0.0000000E+00
  0.0000000E+00  0.0000000E+00
  0.0000000E+00  0.0000000E+00
  0.0000000E+00  0.0000000E+00
  0.0000000E+00  0.0000000E+00
  0.0000000E+00  0.0000000E+00
  0.0000000E+00  0.0000000E+00
  0.0000000E+00  0.0000000E+00
  0.0000000E+00  0.0000000E+00
  0.0000000E+00  0.0000000E+00
  0.0000000E+00  0.0000000E+00
  0.0000000E+00  0.0000000E+00
  0.0000000E+00  0.0000000E+00
  0.0000000E+00  0.0000000E+00
  0.0000000E+00  0.0000000E+00
  0.0000000E+00  0.0000000E+00
  0.0000000E+00  0.0000000E+00
  0.0000000E+00  0.0000000E+00
  0.0000000E+00  0.0000000E+00
  0.0000000E+00  0.0000000E+00
  0.0000000E+00  0.0000000E+00
  0.0000000E+00  0.0000000E+00
  0.0000000E+00  0.0000000E+00
  0.0000000E+00  0.0000000E+00
  0.0000000E+00  0.0000000E+00
  0.0000000E+00  0.0000000E+00
  0.0000000E+00  0.0000000E+00
  0.0000000E+00  0.0000000E+00
  0.0000000E+00  0.0000000E+00
  0.0000000E+00  0.0000000E+00
  0.0000000E+00  0.0000000E+00
  0.0000000E+00  0.0000000E+00
  0.0000000E+00  0.0000000E+00
  0.0000000E+00  0.0000000E+00
  0.0000000E+00  0.0000000E+00
  0.0000000E+00  0.0000000E+00
  0.0000000E+00  0.0000000E+00
  0.0000000E+00  0.0000000E+00
  0.0000000E+00  0.0000000E+00
  0.0000000E+00  0.0000000E+00
  0.0000000E+00  0.0000000E+00
  0.0000000E+00  0.0000000E+00
  0.0000000E+00  0.0000000E+00
  0.0000000E+00  0.0000000E+00
  0.0000000E+00  0.0000000E+00
  0.0000000E+00  0.0000000E+00
  0.0000000E+00  0.0000000E+00
  0.0000000E+00  0.0000000E+00
  0.0000000E+00  0.0000000E+00
  0.0000000E+00  0.0000000E+00
  0.0000000E+00  0.0000000E+00
  0.0000000E+00  0.0000000E+00
  0.0000000E+00  0.0000000E+00
  0.0000000E+00  0.0000000E+00
  0.0000000E+00  0.0000000E+00
  0.0000000E+00  0.0000000E+00
  0.0000000E+00  0.0000000E+00
  0.0000000E+00  0.0000000E+00
  0.0000000E+00  0.0000000E+00
  0.0000000E+00  0.0000000E+00
  0.0000000E+00  0.0000000E+00
  0.0000000E+00  0.0000000E+00
  0.0000000E+00  0.0000000E+00
  0.0000000E+00  0.0000000E+00
  0.0000000E+00  0.0000000E+00
  0.0000000E+00  0.0000000E+00
  0.0000000E+00  0.0000000E+00
  0.0000000E+00  0.0000000E+00
  0.0000000E+00  0.0000000E+00
  0.0000000E+00  0.0000000E+00
  0.0000000E+00  0.0000000E+00
  0.0000000E+00  0.0000000E+00
  0.0000000E+00  0.0000000E+00
  0.0000000E+00  0.0000000E+00
  0.0000000E+00  0.0000000E+00
  0.0000000E+00  0.0000000E+00
  0.0000000E+00  0.0000000E+00
  0.0000000E+00  0.0000000E+00
  0.0000000E+00  0.0000000E+00
  0.0000000E+00  0.0000000E+00
  0.0000000E+00  0.0000000E+00
  0.0000000E+00  0.0000000E+00
  0.0000000E+00  0.0000000E+00
  0.0000000E+00  0.0000000E+00
  0.0000000E+00  0.0000000E+00
  0.0000000E+00  0.0000000E+00
  0.0000000E+00  0.0000000E+00
  0.0000000E+00  0.0000000E+00
  0.0000000E+00  0.0000000E+00
  0.0000000E+00  0.0000000E+00
  0.0000000E+00  0.0000000E+00
  0.0000000E+00  0.0000000E+00
  0.0000000E+00  0.0000000E+00
  0.0000000E+00  0.0000000E+00
  0.0000000E+00  0.0000000E+00
  0.0000000E+00  0.0000000E+00
  0.0000000E+00  0.0000000E+00
  0.0000000E+00  0.0000000E+00
  0.0000000E+00  0.0000000E+00
  0.0000000E+00  0.0000000E+00
  0.0000000E+00  0.0000000E+00
  0.0000000E+00  0.0000000E+00
  0.0000000E+00  0.0000000E+00
  0.0000000E+00  0.0000000E+00
  0.0000000E+00  0.0000000E+00
  0.0000000E+00  0.0000000E+00
  0.0000000E+00  0.0000000E+00
  0.0000000E+00  0.0000000E+00
  0.0000000E+00  0.0000000E+00
  0.0000000E+00  0.0000000E+00
  0.0000000E+00  0.0000000E+00
  0.0000000E+00  0.0000000E+00
  0.0000000E+00  0.0000000E+00
  0.0000000E+00  0.0000000E+00
  0.0000000E+00  0.0000000E+00
  0.0000000E+00  0.0000000E+00
  0.0000000E+00  0.0000000E+00
  0.0000000E+00  0.0000000E+00
  0.0000000E+00  0.0000000E+00
  0.0000000E+00  0.0000000E+00
  0.0000000E+00  0.0000000E+00
  0.0000000E+00  0.0000000E+00
  0.0000000E+00  0.0000000E+00
  0.0000000E+00  0.0000000E+00
  0.0000000E+00  0.0000000E+00
  0.0000000E+00  0.0000000E+00
  0.0000000E+00  0.0000000E+00
  0.0000000E+00  0.0000000E+00
  0.0000000E+00  0.0000000E+00
  0.0000000E+00  0.0000000E+00
  0.0000000E+00  0.0000000E+00
  0.0000000E+00  0.0000000E+00
  0.0000000E+00  0.0000000E+00
  0.0000000E+00  0.0000000E+00
  0.0000000E+00  0.0000000E+00
  0.0000000E+00  0.0000000E+00
  0.0000000E+00  0.0000000E+00
  0.0000000E+00  0.0000000E+00
  0.0000000E+00  0.0000000E+00
  0.0000000E+00  0.0000000E+00
  0.0000000E+00  0.0000000E+00
  0.0000000E+00  0.0000000E+00
  0.0000000E+00  0.0000000E+00
  0.0000000E+00  0.0000000E+00
  0.0000000E+00  0.0000000E+00
  0.0000000E+00  0.0000000E+00
  0.0000000E+00  0.0000000E+00
  0.0000000E+00  0.0000000E+00
  0.0000000E+00  0.0000000E+00
  0.0000000E+00  0.0000000E+00
  0.0000000E+00  0.0000000E+00
  0.0000000E+00  0.0000000E+00
  0.0000000E+00  0.0000000E+00
  0.0000000E+00  0.0000000E+00
  0.0000000E+00  0.0000000E+00
  0.0000000E+00  0.0000000E+00
  0.0000000E+00  0.0000000E+00
  0.0000000E+00  0.0000000E+00
  0.0000000E+00  0.0000000E+00
  0.0000000E+00  0.0000000E+00
  0.0000000E+00  0.0000000E+00
  0.0000000E+00  0.0000000E+00
  0.0000000E+00  0.0000000E+00
  0.0000000E+00  0.0000000E+00
  0.0000000E+00  0.0000000E+00
  0.0000000E+00  0.0000000E+00
  0.0000000E+00  0.0000000E+00
  0.0000000E+00  0.0000000E+00
  0.0000000E+00  0.0000000E+00
  0.0000000E+00  0.0000000E+00
  0.0000000E+00  0.0000000E+00
  0.0000000E+00  0.0000000E+00
  0.0000000E+00  0.0000000E+00
  0.0000000E+00  0.0000000E+00
  0.0000000E+00  0.0000000E+00
  0.0000000E+00  0.0000000E+00
  0.0000000E+00  0.0000000E+00
  0.0000000E+00  0.0000000E+00
  0.0000000E+00  0.0000000E+00
  0.0000000E+00  0.0000000E+00
  0.0000000E+00  0.0000000E+00
  0.0000000E+00  0.0000000E+00
  0.0000000E+00  0.0000000E+00
  0.0000000E+00  0.0000000E+00
  0.0000000E+00  0.0000000E+00
  0.0000000E+00  0.0000000E+00
  0.0000000E+00  0.0000000E+00
  0.0000000E+00  0.0000000E+00
  0.0000000E+00  0.0000000E+00
  0.0000000E+00  0.0000000E+00
  0.0000000E+00  0.0000000E+00
  0.0000000E+00  0.0000000E+00
  0.0000000E+00  0.0000000E+00
  0.0000000E+00  0.0000000E+00
  0.0000000E+00  0.0000000E+00
  0.0000000E+00  0.0000000E+00
  0.0000000E+00  0.0000000E+00
  0.0000000E+00  0.0000000E+00
  0.0000000E+00  0.0000000E+00
  0.0000000E+00  0.0000000E+00
  0.0000000E+00  0.0000000E+00
  0.0000000E+00  0.0000000E+00
  0.0000000E+00  0.0000000E+00
  0.0000000E+00  0.0000000E+00
  0.0000000E+00  0.0000000E+00
  0.0000000E+00  0.0000000E+00
  0.0000000E+00  0.0000000E+00
  0.0000000E+00  0.0000000E+00
  0.0000000E+00  0.0000000E+00
  0.0000000E+00  0.0000000E+00
  0.0000000E+00  0.0000000E+00
  0.0000000E+00  0.0000000E+00
  0.0000000E+00  0.0000000E+00
  0.0000000E+00  0.0000000E+00
  0.0000000E+00  0.0000000E+00
  0.0000000E+00  0.0000000E+00
  0.0000000E+00  0.0000000E+00
  0.0000000E+00  0.0000000E+00
  0.0000000E+00  0.0000000E+00
  0.0000000E+00  0.0000000E+00
  0.0000000E+00  0.0000000E+00
  0.0000000E+00  0.0000000E+00
  0.0000000E+00  0.0000000E+00
  0.0000000E+00  0.0000000E+00
  0.0000000E+00  0.0000000E+00
  0.0000000E+00  0.0000000E+00
  0.0000000E+00  0.0000000E+00
  0.0000000E+00  0.0000000E+00
  0.0000000E+00  0.0000000E+00
  0.0000000E+00  0.0000000E+00
  0.0000000E+00  0.0000000E+00
  0.0000000E+00  0.0000000E+00
  0.0000000E+00  0.0000000E+00
  0.0000000E+00  0.0000000E+00
  0.0000000E+00  0.0000000E+00
  0.0000000E+00  0.0000000E+00
  0.0000000E+00  0.0000000E+00
  0.0000000E+00  0.0000000E+00
  0.0000000E+00  0.0000000E+00
  0.0000000E+00  0.0000000E+00
  0.0000000E+00  0.0000000E+00
  0.0000000E+00  0.0000000E+00
  0.0000000E+00  0.0000000E+00
  0.0000000E+00  0.0000000E+00
  0.0000000E+00  0.0000000E+00
  0.0000000E+00  0.0000000E+00
  0.0000000E+00  0.0000000E+00
  0.0000000E+00  0.0000000E+00
  0.0000000E+00  0.0000000E+00
  0.0000000E+00  0.0000000E+00
  0.0000000E+00  0.0000000E+00
  0.0000000E+00  0.0000000E+00
  0.0000000E+00  0.0000000E+00
  0.0000000E+00  0.0000000E+00
  0.0000000E+00  0.0000000E+00
  0.0000000E+00  0.0000000E+00
  0.0000000E+00  0.0000000E+00
  0.0000000E+00  0.0000000E+00
  0.0000000E+00  0.0000000E+00
  0.0000000E+00  0.0000000E+00
  0.0000000E+00  0.0000000E+00
  0.0000000E+00  0.0000000E+00
  0.0000000E+00  0.0000000E+00
  0.0000000E+00  0.0000000E+00
  0.0000000E+00  0.0000000E+00
  0.0000000E+00  0.0000000E+00
  0.0000000E+00  0.0000000E+00
  0.0000000E+00  0.0000000E+00
  0.0000000E+00  0.0000000E+00
  0.0000000E+00  0.0000000E+00
  0.0000000E+00  0.0000000E+00
  0.0000000E+00  0.0000000E+00
  0.0000000E+00  0.0000000E+00
  0.0000000E+00  0.0000000E+00
  0.0000000E+00  0.0000000E+00
  0.0000000E+00  0.0000000E+00
  0.0000000E+00  0.0000000E+00
  0.0000000E+00  0.0000000E+00
  0.0000000E+00  0.0000000E+00
  0.0000000E+00  0.0000000E+00
  0.0000000E+00  0.0000000E+00
  0.0000000E+00  0.0000000E+00
  0.0000000E+00  0.0000000E+00
  0.0000000E+00  0.0000000E+00
  0.0000000E+00  0.0000000E+00
  0.0000000E+00  0.0000000E+00
  0.0000000E+00  0.0000000E+00
  0.0000000E+00  0.0000000E+00
  0.0000000E+00  0.0000000E+00
  0.0000000E+00  0.0000000E+00
  0.0000000E+00  0.0000000E+00
  0.0000000E+00  0.0000000E+00
  0.0000000E+00  0.0000000E+00
  0.0000000E+00  0.0000000E+00
  0.0000000E+00  0.0000000E+00
  0.0000000E+00  0.0000000E+00
  0.0000000E+00  0.0000000E+00
  0.0000000E+00  0.0000000E+00
  0.0000000E+00  0.0000000E+00
  0.0000000E+00  0.0000000E+00
  0.0000000E+00  0.0000000E+00
  0.0000000E+00  0.0000000E+00
  0.0000000E+00  0.0000000E+00
  0.0000000E+00  0.0000000E+00
  0.0000000E+00  0.0000000E+00
  0.0000000E+00  0.0000000E+00
  0.0000000E+00  0.0000000E+00
  0.0000000E+00  0.0000000E+00
  0.0000000E+00  0.0000000E+00
  0.0000000E+00  0.0000000E+00
  0.0000000E+00  0.0000000E+00
  0.0000000E+00  0.0000000E+00
  0.0000000E+00  0.0000000E+00
  0.0000000E+00  0.0000000E+00
  0.0000000E+00  0.0000000E+00
  0.0000000E+00  0.0000000E+00
  0.0000000E+00  0.0000000E+00
  0.0000000E+00  0.0000000E+00
  0.0000000E+00  0.0000000E+00
  0.0000000E+00  0.0000000E+00
  0.0000000E+00  0.0000000E+00
  0.0000000E+00  0.0000000E+00
  0.0000000E+00  0.0000000E+00
  0.0000000E+00  0.0000000E+00
  0.0000000E+00  0.0000000E+00
  0.0000000E+00  0.0000000E+00
  0.0000000E+00  0.0000000E+00
  0.0000000E+00  0.0000000E+00
  0.0000000E+00  0.0000000E+00
  0.0000000E+00  0.0000000E+00
  0.0000000E+00  0.0000000E+00
  0.0000000E+00  0.0000000E+00
  0.0000000E+00  0.0000000E+00
  0.0000000E+00  0.0000000E+00
  0.0000000E+00  0.0000000E+00
  0.0000000E+00  0.0000000E+00
  0.0000000E+00  0.0000000E+00
  0.0000000E+00  0.0000000E+00
  0.0000000E+00  0.0000000E+00
  0.0000000E+00  0.0000000E+00
  0.0000000E+00  0.0000000E+00
  0.0000000E+00  0.0000000E+00
  0.0000000E+00  0.0000000E+00
  0.0000000E+00  0.0000000E+00
  0.0000000E+00  0.0000000E+00
  0.0000000E+00  0.0000000E+00
  0.0000000E+00  0.0000000E+00
  0.0000000E+00  0.0000000E+00
  0.0000000E+00  0.0000000E+00
  0.0000000E+00  0.0000000E+00
  0.0000000E+00  0.0000000E+00
  0.0000000E+00  0.0000000E+00
  0.0000000E+00  0.0000000E+00
  0.0000000E+00  0.0000000E+00
  0.0000000E+00  0.0000000E+00
  0.0000000E+00  0.0000000E+00
  0.0000000E+00  0.0000000E+00
  0.0000000E+00  0.0000000E+00
  0.0000000E+00  0.0000000E+00
  0.0000000E+00  0.0000000E+00
  0.0000000E+00  0.0000000E+00
  0.0000000E+00  0.0000000E+00
  0.0000000E+00  0.0000000E+00
  0.0000000E+00  0.0000000E+00
  0.0000000E+00  0.0000000E+00
  0.0000000E+00  0.0000000E+00
  0.0000000E+00  0.0000000E+00
  0.0000000E+00  0.0000000E+00
  0.0000000E+00  0.0000000E+00
  0.0000000E+00  0.0000000E+00
  0.0000000E+00  0.0000000E+00
  0.0000000E+00  0.0000000E+00
  0.0000000E+00  0.0000000E+00
  0.0000000E+00  0.0000000E+00
  0.0000000E+00  0.0000000E+00
  0.0000000E+00  0.0000000E+00
  0.0000000E+00  0.0000000E+00
  0.0000000E+00  0.0000000E+00
  0.0000000E+00  0.0000000E+00
  0.0000000E+00  0.0000000E+00
  0.0000000E+00  0.0000000E+00
  0.0000000E+00  0.0000000E+00
  0.0000000E+00  0.0000000E+00
  0.0000000E+00  0.0000000E+00
  0.0000000E+00  0.0000000E+00
  0.0000000E+00  0.0000000E+00
  0.0000000E+00  0.0000000E+00
  0.0000000E+00  0.0000000E+00
  0.0000000E+00  0.0000000E+00
  0.0000000E+00  0.0000000E+00
  0.0000000E+00  0.0000000E+00
  0.0000000E+00  0.0000000E+00
  0.0000000E+00  0.0000000E+00
  0.0000000E+00  0.0000000E+00
  0.0000000E+00  0.0000000E+00
  0.0000000E+00  0.0000000E+00
  0.0000000E+00  0.0000000E+00
  0.0000000E+00  0.0000000E+00
  0.0000000E+00  0.0000000E+00
  0.0000000E+00  0.0000000E+00
  0.0000000E+00  0.0000000E+00
  0.0000000E+00  0.0000000E+00
  0.0000000E+00  0.0000000E+00
  0.0000000E+00  0.0000000E+00
  0.0000000E+00  0.0000000E+00
  0.0000000E+00  0.0000000E+00
  0.0000000E+00  0.0000000E+00
  0.0000000E+00  0.0000000E+00
  0.0000000E+00  0.0000000E+00
  0.0000000E+00  0.0000000E+00
  0.0000000E+00  0.0000000E+00
  0.0000000E+00  0.0000000E+00
  0.0000000E+00  0.0000000E+00
  0.0000000E+00  0.0000000E+00
  0.0000000E+00  0.0000000E+00
  0.0000000E+00  0.0000000E+00
  0.0000000E+00  0.0000000E+00
  0.0000000E+00  0.0000000E+00
  0.0000000E+00  0.0000000E+00
  0.0000000E+00  0.0000000E+00
  0.0000000E+00  0.0000000E+00
  0.0000000E+00  0.0000000E+00
  0.0000000E+00  0.0000000E+00
  0.0000000E+00  0.0000000E+00
  0.0000000E+00  0.0000000E+00
  0.0000000E+00  0.0000000E+00
  0.0000000E+00  0.0000000E+00
  0.0000000E+00  0.0000000E+00
  0.0000000E+00  0.0000000E+00
  0.0000000E+00  0.0000000E+00
  0.0000000E+00  0.0000000E+00
  0.0000000E+00  0.0000000E+00
  0.0000000E+00  0.0000000E+00
  0.0000000E+00  0.0000000E+00
  0.0000000E+00  0.0000000E+00
  0.0000000E+00  0.0000000E+00
  0.0000000E+00  0.0000000E+00
  0.0000000E+00  0.0000000E+00
  0.0000000E+00  0.0000000E+00
  0.0000000E+00  0.0000000E+00
  0.0000000E+00  0.0000000E+00
  0.0000000E+00  0.0000000E+00
  0.0000000E+00  0.0000000E+00
  0.0000000E+00  0.0000000E+00
  0.0000000E+00  0.0000000E+00
  0.0000000E+00  0.0000000E+00
  0.0000000E+00  0.0000000E+00
  0.0000000E+00  0.0000000E+00
  0.0000000E+00  0.0000000E+00
  0.0000000E+00  0.0000000E+00
  0.0000000E+00  0.0000000E+00
  0.0000000E+00  0.0000000E+00
  0.0000000E+00  0.0000000E+00
  0.0000000E+00  0.0000000E+00
  0.0000000E+00  0.0000000E+00
  0.0000000E+00  0.0000000E+00
  0.0000000E+00  0.0000000E+00
  0.0000000E+00  0.0000000E+00
  0.0000000E+00  0.0000000E+00
  0.0000000E+00  0.0000000E+00
  0.0000000E+00  0.0000000E+00
  0.0000000E+00  0.0000000E+00
  0.0000000E+00  0.0000000E+00
  0.0000000E+00  0.0000000E+00
  0.0000000E+00  0.0000000E+00
  0.0000000E+00  0.0000000E+00
  0.0000000E+00  0.0000000E+00
  0.0000000E+00  0.0000000E+00
  0.0000000E+00  0.0000000E+00
  0.0000000E+00  0.0000000E+00
  0.0000000E+00  0.0000000E+00
  0.0000000E+00  0.0000000E+00
  0.0000000E+00  0.0000000E+00
  0.0000000E+00  0.0000000E+00
  0.0000000E+00  0.0000000E+00
  0.0000000E+00  0.0000000E+00
  0.0000000E+00  0.0000000E+00
  0.0000000E+00  0.0000000E+00
  0.0000000E+00  0.0000000E+00
  0.0000000E+00  0.0000000E+00
  0.0000000E+00  0.0000000E+00
  0.0000000E+00  0.0000000E+00
  0.0000000E+00  0.0000000E+00
  0.0000000E+00  0.0000000E+00
  0.0000000E+00  0.0000000E+00
  0.0000000E+00  0.0000000E+00
  0.0000000E+00  0.0000000E+00
  0.0000000E+00  0.0000000E+00
  0.0000000E+00  0.0000000E+00
  0.0000000E+00  0.0000000E+00
  0.0000000E+00  0.0000000E+00
  0.0000000E+00  0.0000000E+00
  0.0000000E+00  0.0000000E+00
  0.0000000E+00  0.0000000E+00
  0.0000000E+00  0.0000000E+00
  0.0000000E+00  0.0000000E+00
  0.0000000E+00  0.0000000E+00
  0.0000000E+00  0.0000000E+00
  0.0000000E+00  0.0000000E+00
  0.0000000E+00  0.0000000E+00
  0.0000000E+00  0.0000000E+00
  0.0000000E+00  0.0000000E+00
  0.0000000E+00  0.0000000E+00
  0.0000000E+00  0.0000000E+00
  0.0000000E+00  0.0000000E+00
  0.0000000E+00  0.0000000E+00
  0.0000000E+00  0.0000000E+00
  0.0000000E+00  0.0000000E+00
  0.0000000E+00  0.0000000E+00
  0.0000000E+00  0.0000000E+00
  0.0000000E+00  0.0000000E+00
  0.0000000E+00  0.0000000E+00
  0.0000000E+00  0.0000000E+00
  0.0000000E+00  0.0000000E+00
  0.0000000E+00  0.0000000E+00
  0.0000000E+00  0.0000000E+00
  0.0000000E+00  0.0000000E+00
  0.0000000E+00  0.0000000E+00
  0.0000000E+00  0.0000000E+00
  0.0000000E+00  0.0000000E+00
  0.0000000E+00  0.0000000E+00
  0.0000000E+00  0.0000000E+00
  0.0000000E+00  0.0000000E+00
  0.0000000E+00  0.0000000E+00
  0.0000000E+00  0.0000000E+00
  0.0000000E+00  0.0000000E+00
  0.0000000E+00  0.0000000E+00
  0.0000000E+00  0.0000000E+00
  0.0000000E+00  0.0000000E+00
  0.0000000E+00  0.0000000E+00
  0.0000000E+00  0.0000000E+00
  0.0000000E+00  0.0000000E+00
  0.0000000E+00  0.0000000E+00
  0.0000000E+00  0.0000000E+00
  0.0000000E+00  0.0000000E+00
  0.0000000E+00  0.0000000E+00
  0.0000000E+00  0.0000000E+00
  0.0000000E+00  0.0000000E+00
  0.0000000E+00  0.0000000E+00
  0.0000000E+00  0.0000000E+00
  0.0000000E+00  0.0000000E+00
  0.0000000E+00  0.0000000E+00
  0.0000000E+00  0.0000000E+00
  0.0000000E+00  0.0000000E+00
  0.0000000E+00  0.0000000E+00
  0.0000000E+00  0.0000000E+00
  0.0000000E+00  0.0000000E+00
  0.0000000E+00  0.0000000E+00
  0.0000000E+00  0.0000000E+00
  0.0000000E+00  0.0000000E+00
  0.0000000E+00  0.0000000E+00
  0.0000000E+00  0.0000000E+00
  0.0000000E+00  0.0000000E+00
  0.0000000E+00  0.0000000E+00
  0.0000000E+00  0.0000000E+00
  0.0000000E+00  0.0000000E+00
  0.0000000E+00  0.0000000E+00
  0.0000000E+00  0.0000000E+00
  0.0000000E+00  0.0000000E+00
  0.0000000E+00  0.0000000E+00
  0.0000000E+00  0.0000000E+00
  0.0000000E+00  0.0000000E+00
  0.0000000E+00  0.0000000E+00
  0.0000000E+00  0.0000000E+00
  0.0000000E+00  0.0000000E+00
  0.0000000E+00  0.0000000E+00
  0.0000000E+00  0.0000000E+00
  0.0000000E+00  0.0000000E+00
  0.0000000E+00  0.0000000E+00
  0.0000000E+00  0.0000000E+00
  0.0000000E+00  0.0000000E+00
  0.0000000E+00  0.0000000E+00
  0.0000000E+00  0.0000000E+00
  0.0000000E+00  0.0000000E+00
  0.0000000E+00  0.0000000E+00
  0.0000000E+00  0.0000000E+00
  0.0000000E+00  0.0000000E+00
  0.0000000E+00  0.0000000E+00
  0.0000000E+00  0.0000000E+00
  0.0000000E+00  0.0000000E+00
  0.0000000E+00  0.0000000E+00
  0.0000000E+00  0.0000000E+00
  0.0000000E+00  0.0000000E+00
  0.0000000E+00  0.0000000E+00
  0.0000000E+00  0.0000000E+00
  0.0000000E+00  0.0000000E+00
  0.0000000E+00  0.0000000E+00
  0.0000000E+00  0.0000000E+00
  0.0000000E+00  0.0000000E+00
  0.0000000E+00  0.0000000E+00
  0.0000000E+00  0.0000000E+00
  0.0000000E+00  0.0000000E+00
  0.0000000E+00  0.0000000E+00
  0.0000000E+00  0.0000000E+00
  0.0000000E+00  0.0000000E+00
  0.0000000E+00  0.0000000E+00
  0.0000000E+00  0.0000000E+00
  0.0000000E+00  0.0000000E+00
  0.0000000E+00  0.0000000E+00
  0.0000000E+00  0.0000000E+00
  0.0000000E+00  0.0000000E+00
  0.0000000E+00  0.0000000E+00
  0.0000000E+00  0.0000000E+00
  0.0000000E+00  0.0000000E+00
  0.0000000E+00  0.0000000E+00
  0.0000000E+00  0.0000000E+00
  0.0000000E+00  0.0000000E+00
  0.0000000E+00  0.0000000E+00
  0.0000000E+00  0.0000000E+00
  0.0000000E+00  0.0000000E+00
  0.0000000E+00  0.0000000E+00
  0.0000000E+00  0.0000000E+00
  0.0000000E+00  0.0000000E+00
  0.0000000E+00  0.0000000E+00
  0.0000000E+00  0.0000000E+00
  0.0000000E+00  0.0000000E+00
  0.0000000E+00  0.0000000E+00
  0.0000000E+00  0.0000000E+00
  0.0000000E+00  0.0000000E+00
  0.0000000E+00  0.0000000E+00
  0.0000000E+00  0.0000000E+00
  0.0000000E+00  0.0000000E+00
  0.0000000E+00  0.0000000E+00
  0.0000000E+00  0.0000000E+00
  0.0000000E+00  0.0000000E+00
  0.0000000E+00  0.0000000E+00
  0.0000000E+00  0.0000000E+00
  0.0000000E+00  0.0000000E+00
  0.0000000E+00  0.0000000E+00
  0.0000000E+00  0.0000000E+00
  0.0000000E+00  0.0000000E+00
  0.0000000E+00  0.0000000E+00
  0.0000000E+00  0.0000000E+00
  0.0000000E+00  0.0000000E+00
  0.0000000E+00  0.0000000E+00
  0.0000000E+00  0.0000000E+00
  0.0000000E+00  0.0000000E+00
  0.0000000E+00  0.0000000E+00
  0.0000000E+00  0.0000000E+00
  0.0000000E+00  0.0000000E+00
  0.0000000E+00  0.0000000E+00
  0.0000000E+00  0.0000000E+00
  0.0000000E+00  0.0000000E+00
  0.0000000E+00  0.0000000E+00
  0.0000000E+00  0.0000000E+00
  0.0000000E+00  0.0000000E+00
  0.0000000E+00  0.0000000E+00
  0.0000000E+00  0.0000000E+00
  0.0000000E+00  0.0000000E+00
  0.0000000E+00  0.0000000E+00
  0.0000000E+00  0.0000000E+00
  0.0000000E+00  0.0000000E+00
  0.0000000E+00  0.0000000E+00
  0.0000000E+00  0.0000000E+00
  0.0000000E+00  0.0000000E+00
  0.0000000E+00  0.0000000E+00
  0.0000000E+00  0.0000000E+00
  0.0000000E+00  0.0000000E+00
  0.0000000E+00  0.0000000E+00
  0.0000000E+00  0.0000000E+00
  0.0000000E+00  0.0000000E+00
  0.0000000E+00  0.0000000E+00
  0.0000000E+00  0.0000000E+00
  0.0000000E+00  0.0000000E+00
  0.0000000E+00  0.0000000E+00
  0.0000000E+00  0.0000000E+00
  0.0000000E+00  0.0000000E+00
  0.0000000E+00  0.0000000E+00
  0.0000000E+00  0.0000000E+00
  0.0000000E+00  0.0000000E+00
  0.0000000E+00  0.0000000E+00
  0.0000000E+00  0.0000000E+00
  0.0000000E+00  0.0000000E+00
  0.0000000E+00  0.0000000E+00
  0.0000000E+00  0.0000000E+00
  0.0000000E+00  0.0000000E+00
  0.0000000E+00  0.0000000E+00
  0.0000000E+00  0.0000000E+00
  0.0000000E+00  0.0000000E+00
  0.0000000E+00  0.0000000E+00
  0.0000000E+00  0.0000000E+00
  0.0000000E+00  0.0000000E+00
  0.0000000E+00  0.0000000E+00
  0.0000000E+00  0.0000000E+00
  0.0000000E+00  0.0000000E+00
  0.0000000E+00  0.0000000E+00
  0.0000000E+00  0.0000000E+00
  0.0000000E+00  0.0000000E+00
  0.0000000E+00  0.0000000E+00
  0.0000000E+00  0.0000000E+00
  0.0000000E+00  0.0000000E+00
  0.0000000E+00  0.0000000E+00
  0.0000000E+00  0.0000000E+00
  0.0000000E+00  0.0000000E+00
  0.0000000E+00  0.0000000E+00
  0.0000000E+00  0.0000000E+00
  0.0000000E+00  0.0000000E+00
  0.0000000E+00  0.0000000E+00
  0.0000000E+00  0.0000000E+00
  0.0000000E+00  0.0000000E+00
  0.0000000E+00  0.0000000E+00
  0.0000000E+00  0.0000000E+00
  0.0000000E+00  0.0000000E+00
  0.0000000E+00  0.0000000E+00
  0.0000000E+00  0.0000000E+00
  0.0000000E+00  0.0000000E+00
  0.0000000E+00  0.0000000E+00
  0.0000000E+00  0.0000000E+00
  0.0000000E+00  0.0000000E+00
  0.0000000E+00  0.0000000E+00
  0.0000000E+00  0.0000000E+00
  0.0000000E+00  0.0000000E+00
  0.0000000E+00  0.0000000E+00
  0.0000000E+00  0.0000000E+00
  0.0000000E+00  0.0000000E+00
  0.0000000E+00  0.0000000E+00
  0.0000000E+00  0.0000000E+00
  0.0000000E+00  0.0000000E+00
  0.0000000E+00  0.0000000E+00
  0.0000000E+00  0.0000000E+00
  0.0000000E+00  0.0000000E+00
  0.0000000E+00  0.0000000E+00
  0.0000000E+00  0.0000000E+00
  0.0000000E+00  0.0000000E+00
  0.0000000E+00  0.0000000E+00
  0.0000000E+00  0.0000000E+00
  0.0000000E+00  0.0000000E+00
  0.0000000E+00  0.0000000E+00
  0.0000000E+00  0.0000000E+00
  0.0000000E+00  0.0000000E+00
  0.0000000E+00  0.0000000E+00
  0.0000000E+00  0.0000000E+00
  0.0000000E+00  0.0000000E+00
  0.0000000E+00  0.0000000E+00
  0.0000000E+00  0.0000000E+00
  0.0000000E+00  0.0000000E+00
  0.0000000E+00  0.0000000E+00
  0.0000000E+00  0.0000000E+00
  0.0000000E+00  0.0000000E+00
  0.0000000E+00  0.0000000E+00
  0.0000000E+00  0.0000000E+00
  0.0000000E+00  0.0000000E+00
  0.0000000E+00  0.0000000E+00
  0.0000000E+00  0.0000000E+00
  0.0000000E+00  0.0000000E+00
  0.0000000E+00  0.0000000E+00
  0.0000000E+00  0.0000000E+00
  0.0000000E+00  0.0000000E+00
  0.0000000E+00  0.0000000E+00
  0.0000000E+00  0.0000000E+00
  0.0000000E+00  0.0000000E+00
  0.0000000E+00  0.0000000E+00
  0.0000000E+00  0.0000000E+00
  0.0000000E+00  0.0000000E+00
  0.0000000E+00  0.0000000E+00
  0.0000000E+00  0.0000000E+00
  0.0000000E+00  0.0000000E+00
  0.0000000E+00  0.0000000E+00
  0.0000000E+00  0.0000000E+00
  0.0000000E+00  0.0000000E+00
  0.0000000E+00  0.0000000E+00
  0.0000000E+00  0.0000000E+00
  0.0000000E+00  0.0000000E+00
  0.0000000E+00  0.0000000E+00
  0.0000000E+00  0.0000000E+00
  0.0000000E+00  0.0000000E+00
  0.0000000E+00  0.0000000E+00
  0.0000000E+00  0.0000000E+00
  0.0000000E+00  0.0000000E+00
  0.0000000E+00  0.0000000E+00
  0.0000000E+00  0.0000000E+00
  0.0000000E+00  0.0000000E+00
  0.0000000E+00  0.0000000E+00
  0.0000000E+00  0.0000000E+00
  0.0000000E+00  0.0000000E+00
  0.0000000E+00  0.0000000E+00
  0.0000000E+00  0.0000000E+00
  0.0000000E+00  0.0000000E+00
  0.0000000E+00  0.0000000E+00
  0.0000000E+00  0.0000000E+00
  0.0000000E+00  0.0000000E+00
  0.0000000E+00  0.0000000E+00
  0.0000000E+00  0.0000000E+00
  0.0000000E+00  0.0000000E+00
  0.0000000E+00  0.0000000E+00
  0.0000000E+00  0.0000000E+00
  0.0000000E+00  0.0000000E+00
  0.0000000E+00  0.0000000E+00
  0.0000000E+00  0.0000000E+00
  0.0000000E+00  0.0000000E+00
  0.0000000E+00  0.0000000E+00
  0.0000000E+00  0.0000000E+00
  0.0000000E+00  0.0000000E+00
  0.0000000E+00  0.0000000E+00
  0.0000000E+00  0.0000000E+00
  0.0000000E+00  0.0000000E+00
  0.0000000E+00  0.0000000E+00
  0.0000000E+00  0.0000000E+00
  0.0000000E+00  0.0000000E+00
  0.0000000E+00  0.0000000E+00
  0.0000000E+00  0.0000000E+00
  0.0000000E+00  0.0000000E+00
  0.0000000E+00  0.0000000E+00
  0.0000000E+00  0.0000000E+00
  0.0000000E+00  0.0000000E+00
  0.0000000E+00  0.0000000E+00
  0.0000000E+00  0.0000000E+00
  0.0000000E+00  0.0000000E+00
  0.0000000E+00  0.0000000E+00
  0.0000000E+00  0.0000000E+00
  0.0000000E+00  0.0000000E+00
  0.0000000E+00  0.0000000E+00
  0.0000000E+00  0.0000000E+00
  0.0000000E+00  0.0000000E+00
  0.0000000E+00  0.0000000E+00
  0.0000000E+00  0.0000000E+00
  0.0000000E+00  0.0000000E+00
  0.0000000E+00  0.0000000E+00
  0.0000000E+00  0.0000000E+00
  0.0000000E+00  0.0000000E+00
  0.0000000E+00  0.0000000E+00
  0.0000000E+00  0.0000000E+00
  0.0000000E+00  0.0000000E+00
  0.0000000E+00  0.0000000E+00
  0.0000000E+00  0.0000000E+00
  0.0000000E+00  0.0000000E+00
  0.0000000E+00  0.0000000E+00
  0.0000000E+00  0.0000000E+00
  0.0000000E+00  0.0000000E+00
  0.0000000E+00  0.0000000E+00
  0.0000000E+00  0.0000000E+00
  0.0000000E+00  0.0000000E+00
  0.0000000E+00  0.0000000E+00
  0.0000000E+00  0.0000000E+00
  0.0000000E+00  0.0000000E+00
  0.0000000E+00  0.0000000E+00
  0.0000000E+00  0.0000000E+00
  0.0000000E+00  0.0000000E+00
  0.0000000E+00  0.0000000E+00
  0.0000000E+00  0.0000000E+00
  0.0000000E+00  0.0000000E+00
  0.0000000E+00  0.0000000E+00
  0.0000000E+00  0.0000000E+00
  0.0000000E+00  0.0000000E+00
  0.0000000E+00  0.0000000E+00
  0.0000000E+00  0.0000000E+00
  0.0000000E+00  0.0000000E+00
  0.0000000E+00  0.0000000E+00
  0.0000000E+00  0.0000000E+00
  0.0000000E+00  0.0000000E+00
  0.0000000E+00  0.0000000E+00
  0.0000000E+00  0.0000000E+00
  0.0000000E+00  0.0000000E+00
  0.0000000E+00  0.0000000E+00
  0.0000000E+00  0.0000000E+00
  0.0000000E+00  0.0000000E+00
  0.0000000E+00  0.0000000E+00
  0.0000000E+00  0.0000000E+00
  0.0000000E+00  0.0000000E+00
  0.0000000E+00  0.0000000E+00
  0.0000000E+00  0.0000000E+00
  0.0000000E+00  0.0000000E+00
  0.0000000E+00  0.0000000E+00
  0.0000000E+00  0.0000000E+00
  0.0000000E+00  0.0000000E+00
  0.0000000E+00  0.0000000E+00
  0.0000000E+00  0.0000000E+00
  0.0000000E+00  0.0000000E+00
  0.0000000E+00  0.0000000E+00
  0.0000000E+00  0.0000000E+00
  0.0000000E+00  0.0000000E+00
  0.0000000E+00  0.0000000E+00
  0.0000000E+00  0.0000000E+00
  0.0000000E+00  0.0000000E+00
  0.0000000E+00  0.0000000E+00
  0.0000000E+00  0.0000000E+00
  0.0000000E+00  0.0000000E+00
  0.0000000E+00  0.0000000E+00
  0.0000000E+00  0.0000000E+00
  0.0000000E+00  0.0000000E+00
  0.0000000E+00  0.0000000E+00
  0.0000000E+00  0.0000000E+00
  0.0000000E+00  0.0000000E+00
  0.0000000E+00  0.0000000E+00
  0.0000000E+00  0.0000000E+00
  0.0000000E+00  0.0000000E+00
  0.0000000E+00  0.0000000E+00
  0.0000000E+00  0.0000000E+00
  0.0000000E+00  0.0000000E+00
  0.0000000E+00  0.0000000E+00
  0.0000000E+00  0.0000000E+00
  0.0000000E+00  0.0000000E+00
  0.0000000E+00  0.0000000E+00
  0.0000000E+00  0.0000000E+00
  0.0000000E+00  0.0000000E+00
  0.0000000E+00  0.0000000E+00
  0.0000000E+00  0.0000000E+00
  0.0000000E+00  0.0000000E+00
  0.0000000E+00  0.0000000E+00
  0.0000000E+00  0.0000000E+00
  0.0000000E+00  0.0000000E+00
  0.0000000E+00  0.0000000E+00
  0.0000000E+00  0.0000000E+00
  0.0000000E+00  0.0000000E+00
  0.0000000E+00  0.0000000E+00
  0.0000000E+00  0.0000000E+00
  0.0000000E+00  0.0000000E+00
  0.0000000E+00  0.0000000E+00
  0.0000000E+00  0.0000000E+00
  0.0000000E+00  0.0000000E+00
  0.0000000E+00  0.0000000E+00
  0.0000000E+00  0.0000000E+00
  0.0000000E+00  0.0000000E+00
  0.0000000E+00  0.0000000E+00
  0.0000000E+00  0.0000000E+00
  0.0000000E+00  0.0000000E+00
  0.0000000E+00  0.0000000E+00
  0.0000000E+00  0.0000000E+00
  0.0000000E+00  0.0000000E+00
  0.0000000E+00  0.0000000E+00
  0.0000000E+00  0.0000000E+00
  0.0000000E+00  0.0000000E+00
  0.0000000E+00  0.0000000E+00
  0.0000000E+00  0.0000000E+00
  0.0000000E+00  0.0000000E+00
  0.0000000E+00  0.0000000E+00
  0.0000000E+00  0.0000000E+00
  0.0000000E+00  0.0000000E+00
  0.0000000E+00  0.0000000E+00
  0.0000000E+00  0.0000000E+00
  0.0000000E+00  0.0000000E+00
  0.0000000E+00  0.0000000E+00
  0.0000000E+00  0.0000000E+00
  0.0000000E+00  0.0000000E+00
  0.0000000E+00  0.0000000E+00
  0.0000000E+00  0.0000000E+00
  0.0000000E+00  0.0000000E+00
  0.0000000E+00  0.0000000E+00
  0.0000000E+00  0.0000000E+00
  0.0000000E+00  0.0000000E+00
  0.0000000E+00  0.0000000E+00
  0.0000000E+00  0.0000000E+00
  0.0000000E+00  0.0000000E+00
  0.0000000E+00  0.0000000E+00
  0.0000000E+00  0.0000000E+00
  0.0000000E+00  0.0000000E+00
  0.0000000E+00  0.0000000E+00
  0.0000000E+00  0.0000000E+00
  0.0000000E+00  0.0000000E+00
  0.0000000E+00  0.0000000E+00
  0.0000000E+00  0.0000000E+00
  0.0000000E+00  0.0000000E+00
  0.0000000E+00  0.0000000E+00
  0.0000000E+00  0.0000000E+00
  0.0000000E+00  0.0000000E+00
  0.0000000E+00  0.0000000E+00
  0.0000000E+00  0.0000000E+00
  0.0000000E+00  0.0000000E+00
  0.0000000E+00  0.0000000E+00
  0.0000000E+00  0.0000000E+00
  0.0000000E+00  0.0000000E+00
  0.0000000E+00  0.0000000E+00
  0.0000000E+00  0.0000000E+00
  0.0000000E+00  0.0000000E+00
  0.0000000E+00  0.0000000E+00
  0.0000000E+00  0.0000000E+00
  0.0000000E+00  0.0000000E+00
  0.0000000E+00  0.0000000E+00
  0.0000000E+00  0.0000000E+00
  0.0000000E+00  0.0000000E+00
  0.0000000E+00  0.0000000E+00
  0.0000000E+00  0.0000000E+00
  0.0000000E+00  0.0000000E+00
  0.0000000E+00  0.0000000E+00
  0.0000000E+00  0.0000000E+00
  0.0000000E+00  0.0000000E+00
  0.0000000E+00  0.0000000E+00
  0.0000000E+00  0.0000000E+00
  0.0000000E+00  0.0000000E+00
  0.0000000E+00  0.0000000E+00
  0.0000000E+00  0.0000000E+00
  0.0000000E+00  0.0000000E+00
  0.0000000E+00  0.0000000E+00
  0.0000000E+00  0.0000000E+00
  0.0000000E+00  0.0000000E+00
  0.0000000E+00  0.0000000E+00
  0.0000000E+00  0.0000000E+00
  0.0000000E+00  0.0000000E+00
  0.0000000E+00  0.0000000E+00
  0.0000000E+00  0.0000000E+00
  0.0000000E+00  0.0000000E+00
  0.0000000E+00  0.0000000E+00
  0.0000000E+00  0.0000000E+00
  0.0000000E+00  0.0000000E+00
  0.0000000E+00  0.0000000E+00
  0.0000000E+00  0.0000000E+00
  0.0000000E+00  0.0000000E+00
  0.0000000E+00  0.0000000E+00
  0.0000000E+00  0.0000000E+00
  0.0000000E+00  0.0000000E+00
  0.0000000E+00  0.0000000E+00
  0.0000000E+00  0.0000000E+00
  0.0000000E+00  0.0000000E+00
  0.0000000E+00  0.0000000E+00
  0.0000000E+00  0.0000000E+00
  0.0000000E+00  0.0000000E+00
  0.0000000E+00  0.0000000E+00
  0.0000000E+00  0.0000000E+00
  0.0000000E+00  0.0000000E+00
  0.0000000E+00  0.0000000E+00
  0.0000000E+00  0.0000000E+00
  0.0000000E+00  0.0000000E+00
  0.0000000E+00  0.0000000E+00
  0.0000000E+00  0.0000000E+00
  0.0000000E+00  0.0000000E+00
  0.0000000E+00  0.0000000E+00
  0.0000000E+00  0.0000000E+00
  0.0000000E+00  0.0000000E+00
  0.0000000E+00  0.0000000E+00
  0.0000000E+00  0.0000000E+00
  0.0000000E+00  0.0000000E+00
  0.0000000E+00  0.0000000E+00
  0.0000000E+00  0.0000000E+00
  0.0000000E+00  0.0000000E+00
  0.0000000E+00  0.0000000E+00
  0.0000000E+00  0.0000000E+00
  0.0000000E+00  0.0000000E+00
  0.0000000E+00  0.0000000E+00
  0.0000000E+00  0.0000000E+00
  0.0000000E+00  0.0000000E+00
  0.0000000E+00  0.0000000E+00
  0.0000000E+00  0.0000000E+00
  0.0000000E+00  0.0000000E+00
  0.0000000E+00  0.0000000E+00
  0.0000000E+00  0.0000000E+00
  0.0000000E+00  0.0000000E+00
  0.0000000E+00  0.0000000E+00
  0.0000000E+00  0.0000000E+00
  0.0000000E+00  0.0000000E+00
  0.0000000E+00  0.0000000E+00
  0.0000000E+00  0.0000000E+00
  0.0000000E+00  0.0000000E+00
  0.0000000E+00  0.0000000E+00
  0.0000000E+00  0.0000000E+00
  0.0000000E+00  0.0000000E+00
  0.0000000E+00  0.0000000E+00
  0.0000000E+00  0.0000000E+00
  0.0000000E+00  0.0000000E+00
  0.0000000E+00  0.0000000E+00
  0.0000000E+00  0.0000000E+00
  0.0000000E+00  0.0000000E+00
  0.0000000E+00  0.0000000E+00
  0.0000000E+00  0.0000000E+00
  0.0000000E+00  0.0000000E+00
  0.0000000E+00  0.0000000E+00
  0.0000000E+00  0.0000000E+00
  0.0000000E+00  0.0000000E+00
  0.0000000E+00  0.0000000E+00
  0.0000000E+00  0.0000000E+00
  0.0000000E+00  0.0000000E+00
  0.0000000E+00  0.0000000E+00
  0.0000000E+00  0.0000000E+00
  0.0000000E+00  0.0000000E+00
  0.0000000E+00  0.0000000E+00
  0.0000000E+00  0.0000000E+00
  0.0000000E+00  0.0000000E+00
  0.0000000E+00  0.0000000E+00
  0.0000000E+00  0.0000000E+00
  0.0000000E+00  0.0000000E+00
  0.0000000E+00  0.0000000E+00
  0.0000000E+00  0.0000000E+00
  0.0000000E+00  0.0000000E+00
  0.0000000E+00  0.0000000E+00
  0.0000000E+00  0.0000000E+00
  0.0000000E+00  0.0000000E+00
  0.0000000E+00  0.0000000E+00
  0.0000000E+00  0.0000000E+00
  0.0000000E+00  0.0000000E+00
  0.0000000E+00  0.0000000E+00
  0.0000000E+00  0.0000000E+00
  0.0000000E+00  0.0000000E+00
  0.0000000E+00  0.0000000E+00
  0.0000000E+00  0.0000000E+00
  0.0000000E+00  0.0000000E+00
  0.0000000E+00  0.0000000E+00
  0.0000000E+00  0.0000000E+00
  0.0000000E+00  0.0000000E+00
  0.0000000E+00  0.0000000E+00
  0.0000000E+00  0.0000000E+00
  0.0000000E+00  0.0000000E+00
  0.0000000E+00  0.0000000E+00
  0.0000000E+00  0.0000000E+00
  0.0000000E+00  0.0000000E+00
  0.0000000E+00  0.0000000E+00
  0.0000000E+00  0.0000000E+00
  0.0000000E+00  0.0000000E+00
  0.0000000E+00  0.0000000E+00
  0.0000000E+00  0.0000000E+00
  0.0000000E+00  0.0000000E+00
  0.0000000E+00  0.0000000E+00
  0.0000000E+00  0.0000000E+00
  0.0000000E+00  0.0000000E+00
  0.0000000E+00  0.0000000E+00
  0.0000000E+00  0.0000000E+00
  0.0000000E+00  0.0000000E+00
  0.0000000E+00  0.0000000E+00
  0.0000000E+00  0.0000000E+00
  0.0000000E+00  0.0000000E+00
  0.0000000E+00  0.0000000E+00
  0.0000000E+00  0.0000000E+00
  0.0000000E+00  0.0000000E+00
  0.0000000E+00  0.0000000E+00
  0.0000000E+00  0.0000000E+00
  0.0000000E+00  0.0000000E+00
  0.0000000E+00  0.0000000E+00
  0.0000000E+00  0.0000000E+00
  0.0000000E+00  0.0000000E+00
  0.0000000E+00  0.0000000E+00
  0.0000000E+00  0.0000000E+00
  0.0000000E+00  0.0000000E+00
  0.0000000E+00  0.0000000E+00
  0.0000000E+00  0.0000000E+00
  0.0000000E+00  0.0000000E+00
  0.0000000E+00  0.0000000E+00
  0.0000000E+00  0.0000000E+00
  0.0000000E+00  0.0000000E+00
  0.0000000E+00  0.0000000E+00
  0.0000000E+00  0.0000000E+00
  0.0000000E+00  0.0000000E+00
  0.0000000E+00  0.0000000E+00
  0.0000000E+00  0.0000000E+00
  0.0000000E+00  0.0000000E+00
  0.0000000E+00  0.0000000E+00
  0.0000000E+00  0.0000000E+00
  0.0000000E+00  0.0000000E+00
  0.0000000E+00  0.0000000E+00
  0.0000000E+00  0.0000000E+00
  0.0000000E+00  0.0000000E+00
  0.0000000E+00  0.0000000E+00
  0.0000000E+00  0.0000000E+00
  0.0000000E+00  0.0000000E+00
  0.0000000E+00  0.0000000E+00
  0.0000000E+00  0.0000000E+00
  0.0000000E+00  0.0000000E+00
  0.0000000E+00  0.0000000E+00
  0.0000000E+00  0.0000000E+00
  0.0000000E+00  0.0000000E+00
  0.0000000E+00  0.0000000E+00
  0.0000000E+00  0.0000000E+00
  0.0000000E+00  0.0000000E+00
  0.0000000E+00  0.0000000E+00
  0.0000000E+00  0.0000000E+00
  0.0000000E+00  0.0000000E+00
  0.0000000E+00  0.0000000E+00
  0.0000000E+00  0.0000000E+00
  0.0000000E+00  0.0000000E+00
  0.0000000E+00  0.0000000E+00
  0.0000000E+00  0.0000000E+00
  0.0000000E+00  0.0000000E+00
  0.0000000E+00  0.0000000E+00
  0.0000000E+00  0.0000000E+00
  0.0000000E+00  0.0000000E+00
  0.0000000E+00  0.0000000E+00
  0.0000000E+00  0.0000000E+00
  0.0000000E+00  0.0000000E+00
  0.0000000E+00  0.0000000E+00
  0.0000000E+00  0.0000000E+00
  0.0000000E+00  0.0000000E+00
  0.0000000E+00  0.0000000E+00
  0.0000000E+00  0.0000000E+00
  0.0000000E+00  0.0000000E+00
  0.0000000E+00  0.0000000E+00
  0.0000000E+00  0.0000000E+00
  0.0000000E+00  0.0000000E+00
  0.0000000E+00  0.0000000E+00
  0.0000000E+00  0.0000000E+00
  0.0000000E+00  0.0000000E+00
  0.0000000E+00  0.0000000E+00
  0.0000000E+00  0.0000000E+00
  0.0000000E+00  0.0000000E+00
  0.0000000E+00  0.0000000E+00
  0.0000000E+00  0.0000000E+00
  0.0000000E+00  0.0000000E+00
  0.0000000E+00  0.0000000E+00
  0.0000000E+00  0.0000000E+00
  0.0000000E+00  0.0000000E+00
  0.0000000E+00  0.0000000E+00
  0.0000000E+00  0.0000000E+00
  0.0000000E+00  0.0000000E+00
  0.0000000E+00  0.0000000E+00
  0.0000000E+00  0.0000000E+00
  0.0000000E+00  0.0000000E+00
  0.0000000E+00  0.0000000E+00
  0.0000000E+00  0.0000000E+00
  0.0000000E+00  0.0000000E+00
  0.0000000E+00  0.0000000E+00
  0.0000000E+00  0.0000000E+00
  0.0000000E+00  0.0000000E+00
  0.0000000E+00  0.0000000E+00
  0.0000000E+00  0.0000000E+00
  0.0000000E+00  0.0000000E+00
  0.0000000E+00  0.0000000E+00
  0.0000000E+00  0.0000000E+00
  0.0000000E+00  0.0000000E+00
  0.0000000E+00  0.0000000E+00
  0.0000000E+00  0.0000000E+00
  0.0000000E+00  0.0000000E+00
  0.0000000E+00  0.0000000E+00
  0.0000000E+00  0.0000000E+00
  0.0000000E+00  0.0000000E+00
  0.0000000E+00  0.0000000E+00
  0.0000000E+00  0.0000000E+00
  0.0000000E+00  0.0000000E+00
  0.0000000E+00  0.0000000E+00
  0.0000000E+00  0.0000000E+00
  0.0000000E+00  0.0000000E+00
  0.0000000E+00  0.0000000E+00
  0.0000000E+00  0.0000000E+00
  0.0000000E+00  0.0000000E+00
  0.0000000E+00  0.0000000E+00
  0.0000000E+00  0.0000000E+00
  0.0000000E+00  0.0000000E+00
  0.0000000E+00  0.0000000E+00
  0.0000000E+00  0.0000000E+00
  0.0000000E+00  0.0000000E+00
  0.0000000E+00  0.0000000E+00
  0.0000000E+00  0.0000000E+00
  0.0000000E+00  0.0000000E+00
  0.0000000E+00  0.0000000E+00
  0.0000000E+00  0.0000000E+00
  0.0000000E+00  0.0000000E+00
  0.0000000E+00  0.0000000E+00
  0.0000000E+00  0.0000000E+00
  0.0000000E+00  0.0000000E+00
  0.0000000E+00  0.0000000E+00
  0.0000000E+00  0.0000000E+00
  0.0000000E+00  0.0000000E+00
  0.0000000E+00  0.0000000E+00
  0.0000000E+00  0.0000000E+00
  0.0000000E+00  0.0000000E+00
  0.0000000E+00  0.0000000E+00
  0.0000000E+00  0.0000000E+00
  0.0000000E+00  0.0000000E+00
  0.0000000E+00  0.0000000E+00
  0.0000000E+00  0.0000000E+00
  0.0000000E+00  0.0000000E+00
  0.0000000E+00  0.0000000E+00
  0.0000000E+00  0.0000000E+00
  0.0000000E+00  0.0000000E+00
  0.0000000E+00  0.0000000E+00
  0.0000000E+00  0.0000000E+00
  0.0000000E+00  0.0000000E+00
  0.0000000E+00  0.0000000E+00
  0.0000000E+00  0.0000000E+00
  0.0000000E+00  0.0000000E+00
  0.0000000E+00  0.0000000E+00
  0.0000000E+00  0.0000000E+00
  0.0000000E+00  0.0000000E+00
  0.0000000E+00  0.0000000E+00
  0.0000000E+00  0.0000000E+00
  0.0000000E+00  0.0000000E+00
  0.0000000E+00  0.0000000E+00
  0.0000000E+00  0.0000000E+00
  0.0000000E+00  0.0000000E+00
  0.0000000E+00  0.0000000E+00
  0.0000000E+00  0.0000000E+00
  0.0000000E+00  0.0000000E+00
  0.0000000E+00  0.0000000E+00
  0.0000000E+00  0.0000000E+00
  0.0000000E+00  0.0000000E+00
  0.0000000E+00  0.0000000E+00
  0.0000000E+00  0.0000000E+00
  0.0000000E+00  0.0000000E+00
  0.0000000E+00  0.0000000E+00
  0.0000000E+00  0.0000000E+00
  0.0000000E+00  0.0000000E+00
  0.0000000E+00  0.0000000E+00
  0.0000000E+00  0.0000000E+00
  0.0000000E+00  0.0000000E+00
  0.0000000E+00  0.0000000E+00
  0.0000000E+00  0.0000000E+00
  0.0000000E+00  0.0000000E+00
  0.0000000E+00  0.0000000E+00
  0.0000000E+00  0.0000000E+00
  0.0000000E+00  0.0000000E+00
  0.0000000E+00  0.0000000E+00
  0.0000000E+00  0.0000000E+00
  0.0000000E+00  0.0000000E+00
  0.0000000E+00  0.0000000E+00
  0.0000000E+00  0.0000000E+00
