 -0.9779313E+00  0.1795304E-01
 -0.9685504E+00  0.1784235E-01
 -0.9800158E+00  0.1818073E-01
 -0.9813452E+00  0.1836011E-01
 -0.9840944E+00  0.1857365E-01
 -0.9845787E+00  0.1875956E-01
 -0.9505307E+00  0.1834971E-01
 -0.9601702E+00  0.1873187E-01
 -0.9628249E+00  0.1889672E-01
 -0.1000814E+01  0.1968892E-01
 -0.1227356E+01  0.2385900E-01
 -0.1223658E+01  0.2379221E-01
 -0.1222363E+01  0.2377057E-01
 -0.1223525E+01  0.2379159E-01
 -0.1223842E+01  0.2379521E-01
 -0.1222925E+01  0.2378130E-01
 -0.1223010E+01  0.2378266E-01
 -0.1220370E+01  0.2373283E-01
 -0.1217809E+01  0.2368876E-01
 -0.1219044E+01  0.2371073E-01
 -0.1217735E+01  0.2368488E-01
 -0.1215955E+01  0.2365496E-01
 -0.1217527E+01  0.2368300E-01
 -0.1216427E+01  0.2366101E-01
 -0.1214696E+01  0.2363195E-01
 -0.1216324E+01  0.2366106E-01
 -0.1215299E+01  0.2364042E-01
 -0.1213626E+01  0.2361234E-01
 -0.1215339E+01  0.2364314E-01
 -0.1214478E+01  0.2362556E-01
 -0.1212937E+01  0.2359993E-01
 -0.1214765E+01  0.2363284E-01
 -0.1214067E+01  0.2361823E-01
 -0.1212666E+01  0.2359511E-01
 -0.1214595E+01  0.2362970E-01
 -0.1214026E+01  0.2361739E-01
 -0.1212763E+01  0.2359680E-01
 -0.1214853E+01  0.2363442E-01
 -0.1214421E+01  0.2362459E-01
 -0.1213300E+01  0.2360655E-01
 -0.1215541E+01  0.2364692E-01
 -0.1215221E+01  0.2363904E-01
 -0.1214201E+01  0.2362297E-01
 -0.1216549E+01  0.2366532E-01
 -0.1216265E+01  0.2365811E-01
 -0.1215309E+01  0.2364315E-01
 -0.1217701E+01  0.2368624E-01
 -0.1217393E+01  0.2367869E-01
 -0.1216423E+01  0.2366343E-01
 -0.1218790E+01  0.2370605E-01
 -0.1218397E+01  0.2369694E-01
 -0.1217344E+01  0.2368024E-01
 -0.1219619E+01  0.2372120E-01
 -0.1219103E+01  0.2370978E-01
 -0.1217968E+01  0.2369161E-01
 -0.1220165E+01  0.2373104E-01
 -0.1219523E+01  0.2371740E-01
 -0.1218252E+01  0.2369677E-01
 -0.1220309E+01  0.2373374E-01
 -0.1219546E+01  0.2371792E-01
 -0.1218117E+01  0.2369437E-01
 -0.1219983E+01  0.2372769E-01
 -0.1219120E+01  0.2371005E-01
 -0.1217682E+01  0.2368632E-01
 -0.1219465E+01  0.2371826E-01
 -0.1218461E+01  0.2369806E-01
 -0.1216864E+01  0.2367144E-01
 -0.1218571E+01  0.2370202E-01
 -0.1217494E+01  0.2368040E-01
 -0.1215749E+01  0.2365109E-01
 -0.1217343E+01  0.2367967E-01
 -0.1216266E+01  0.2365813E-01
 -0.1214593E+01  0.2363005E-01
 -0.1216249E+01  0.2365976E-01
 -0.1215301E+01  0.2364063E-01
 -0.1213721E+01  0.2361427E-01
 -0.1215534E+01  0.2364690E-01
 -0.1214769E+01  0.2363101E-01
 -0.1213260E+01  0.2360605E-01
 -0.1214507E+01  0.2362907E-01
 -0.1212059E+01  0.2358552E-01
 -0.1216073E+01  0.2365944E-01
 -0.1222839E+01  0.2377479E-01
 -0.1224094E+01  0.2379558E-01
 -0.1224156E+01  0.2379626E-01
 -0.1224359E+01  0.2379981E-01
 -0.1224625E+01  0.2380464E-01
 -0.1224806E+01  0.2380797E-01
 -0.1224934E+01  0.2381025E-01
 -0.1225084E+01  0.2381294E-01
 -0.1225311E+01  0.2381711E-01
 -0.1225613E+01  0.2382254E-01
 -0.1225948E+01  0.2382863E-01
 -0.1226256E+01  0.2383416E-01
 -0.1226552E+01  0.2383954E-01
 -0.1226958E+01  0.2384689E-01
 -0.1227391E+01  0.2385471E-01
 -0.1227707E+01  0.2386044E-01
 -0.1228177E+01  0.2386852E-01
 -0.1229618E+01  0.2389306E-01
 -0.1226103E+01  0.2382823E-01
 -0.1219473E+01  0.2371266E-01
 -0.1219232E+01  0.2371042E-01
 -0.1222955E+01  0.2377801E-01
 -0.1230398E+01  0.2391243E-01
 -0.9973643E+00  0.1962301E-01
 -0.9584182E+00  0.1880912E-01
 -0.9557028E+00  0.1863491E-01
 -0.9599203E+00  0.1857194E-01
 -0.9611269E+00  0.1844214E-01
 -0.9639162E+00  0.1833959E-01
 -0.9668365E+00  0.1824305E-01
 -0.9685987E+00  0.1796916E-01
 -0.9594321E+00  0.1766789E-01
 -0.9787099E+00  0.1796312E-01
 -0.9881305E+00  0.1813977E-01
 -0.9654827E+00  0.1858355E-01
 -0.9780998E+00  0.1795496E-01
 -0.9800371E+00  0.1799506E-01
 -0.9812294E+00  0.1801983E-01
 -0.9817923E+00  0.1803152E-01
 -0.9819942E+00  0.1803534E-01
 -0.9818223E+00  0.1803162E-01
 -0.9814990E+00  0.1802509E-01
 -0.9813383E+00  0.1802169E-01
 -0.9813113E+00  0.1802084E-01
 -0.9812033E+00  0.1801842E-01
 -0.9810851E+00  0.1801573E-01
 -0.9810103E+00  0.1801395E-01
 -0.9810300E+00  0.1801420E-01
 -0.9810860E+00  0.1801516E-01
 -0.9812678E+00  0.1801847E-01
 -0.9815000E+00  0.1802299E-01
 -0.9817443E+00  0.1802787E-01
 -0.9819506E+00  0.1803193E-01
 -0.9820272E+00  0.1803348E-01
 -0.9818593E+00  0.1803008E-01
 -0.9815899E+00  0.1802500E-01
 -0.9816040E+00  0.1802574E-01
 -0.9816240E+00  0.1802598E-01
 -0.9812568E+00  0.1801856E-01
 -0.9804509E+00  0.1800281E-01
 -0.9792579E+00  0.1798011E-01
 -0.9574674E+00  0.1827664E-01
 -0.9953247E+00  0.1896812E-01
 -0.9682610E+00  0.1812247E-01
 -0.9786916E+00  0.1846535E-01
 -0.9810951E+00  0.1868049E-01
 -0.9591045E+00  0.1882860E-01
 -0.9754556E+00  0.1817079E-01
 -0.9979998E+00  0.1963565E-01
 -0.9987522E+00  0.1964997E-01
 -0.9975588E+00  0.1962684E-01
 -0.9978192E+00  0.1963215E-01
 -0.9979916E+00  0.1963567E-01
 -0.9969112E+00  0.1961435E-01
 -0.9958557E+00  0.1959376E-01
 -0.9950693E+00  0.1957881E-01
 -0.9947220E+00  0.1957184E-01
 -0.9944508E+00  0.1956653E-01
 -0.9940953E+00  0.1955990E-01
 -0.9939613E+00  0.1955714E-01
 -0.9938198E+00  0.1955424E-01
 -0.9935468E+00  0.1954921E-01
 -0.9934513E+00  0.1954721E-01
 -0.9933224E+00  0.1954464E-01
 -0.9930660E+00  0.1953999E-01
 -0.9930515E+00  0.1953942E-01
 -0.9930459E+00  0.1953916E-01
 -0.9928883E+00  0.1953633E-01
 -0.9929485E+00  0.1953729E-01
 -0.9930081E+00  0.1953824E-01
 -0.9929029E+00  0.1953652E-01
 -0.9929911E+00  0.1953808E-01
 -0.9930539E+00  0.1953921E-01
 -0.9929619E+00  0.1953771E-01
 -0.9930833E+00  0.1953985E-01
 -0.9931945E+00  0.1954195E-01
 -0.9931611E+00  0.1954161E-01
 -0.9933096E+00  0.1954435E-01
 -0.9934715E+00  0.1954740E-01
 -0.9934840E+00  0.1954791E-01
 -0.9936899E+00  0.1955172E-01
 -0.9938684E+00  0.1955520E-01
 -0.9938956E+00  0.1955593E-01
 -0.9941103E+00  0.1955997E-01
 -0.9942810E+00  0.1956322E-01
 -0.9942889E+00  0.1956366E-01
 -0.9944686E+00  0.1956700E-01
 -0.9945986E+00  0.1956950E-01
 -0.9945511E+00  0.1956888E-01
 -0.9946577E+00  0.1957080E-01
 -0.9947482E+00  0.1957251E-01
 -0.9947168E+00  0.1957217E-01
 -0.9948772E+00  0.1957510E-01
 -0.9949558E+00  0.1957663E-01
 -0.9948424E+00  0.1957471E-01
 -0.9949195E+00  0.1957593E-01
 -0.9949439E+00  0.1957634E-01
 -0.9947613E+00  0.1957314E-01
 -0.9947745E+00  0.1957316E-01
 -0.9948245E+00  0.1957402E-01
 -0.9947228E+00  0.1957235E-01
 -0.9947354E+00  0.1957240E-01
 -0.9947047E+00  0.1957166E-01
 -0.9945345E+00  0.1956856E-01
 -0.9944529E+00  0.1956685E-01
 -0.9943100E+00  0.1956397E-01
 -0.9940281E+00  0.1955871E-01
 -0.9939306E+00  0.1955666E-01
 -0.9938282E+00  0.1955453E-01
 -0.9935901E+00  0.1955012E-01
 -0.9935573E+00  0.1954932E-01
 -0.9935192E+00  0.1954840E-01
 -0.9933742E+00  0.1954574E-01
 -0.9934757E+00  0.1954730E-01
 -0.9934862E+00  0.1954735E-01
 -0.9933671E+00  0.1954522E-01
 -0.9933991E+00  0.1954586E-01
 -0.9936631E+00  0.1955056E-01
 -0.9947203E+00  0.1956929E-01
 -0.9959403E+00  0.1959072E-01
 -0.9965373E+00  0.1960126E-01
 -0.9968352E+00  0.1960674E-01
 -0.9970375E+00  0.1961065E-01
 -0.9971008E+00  0.1961182E-01
 -0.9970679E+00  0.1961129E-01
 -0.9970270E+00  0.1961043E-01
 -0.9970077E+00  0.1961007E-01
 -0.9970674E+00  0.1961121E-01
 -0.9971594E+00  0.1961304E-01
 -0.9972516E+00  0.1961480E-01
 -0.9973344E+00  0.1961645E-01
 -0.9974367E+00  0.1961858E-01
 -0.9976390E+00  0.1962260E-01
 -0.9978437E+00  0.1962662E-01
 -0.9979067E+00  0.1962792E-01
 -0.9977884E+00  0.1962581E-01
 -0.9973507E+00  0.1961779E-01
 -0.9962131E+00  0.1959746E-01
 -0.9951080E+00  0.1957809E-01
 -0.9949088E+00  0.1957519E-01
 -0.9958678E+00  0.1959397E-01
 -0.9592157E+00  0.1882117E-01
 -0.9552603E+00  0.1758341E-01
 -0.9573448E+00  0.1866136E-01
 -0.9625904E+00  0.1861609E-01
 -0.9672238E+00  0.1854992E-01
 -0.9705771E+00  0.1845793E-01
 -0.9740245E+00  0.1836843E-01
 -0.9632492E+00  0.1772320E-01
 -0.9679248E+00  0.1793587E-01
 -0.9640779E+00  0.1773685E-01
 -0.9822946E+00  0.1838992E-01
 -0.9628888E+00  0.1772624E-01
 -0.9642786E+00  0.1773950E-01
 -0.9639410E+00  0.1773203E-01
 -0.9636124E+00  0.1772583E-01
 -0.9639048E+00  0.1773349E-01
 -0.9641719E+00  0.1773942E-01
 -0.9639915E+00  0.1773491E-01
 -0.9639712E+00  0.1773423E-01
 -0.9639111E+00  0.1773322E-01
 -0.9639277E+00  0.1773415E-01
 -0.9640096E+00  0.1773610E-01
 -0.9639746E+00  0.1773474E-01
 -0.9639874E+00  0.1773405E-01
 -0.9639771E+00  0.1773284E-01
 -0.9640012E+00  0.1773229E-01
 -0.9640546E+00  0.1773247E-01
 -0.9639639E+00  0.1773033E-01
 -0.9636605E+00  0.1772541E-01
 -0.9638494E+00  0.1773146E-01
 -0.9643933E+00  0.1774338E-01
 -0.9641760E+00  0.1773754E-01
 -0.9639081E+00  0.1773274E-01
 -0.9639778E+00  0.1773811E-01
 -0.9671974E+00  0.1781189E-01
 -0.9519032E+00  0.1859784E-01
 -0.9903095E+00  0.1900565E-01
 -0.9833545E+00  0.1835880E-01
 -0.1001107E+01  0.1920238E-01
 -0.9622267E+00  0.1871912E-01
 -0.9836885E+00  0.1855198E-01
 -0.9593821E+00  0.1883235E-01
 -0.9754251E+00  0.1825244E-01
 -0.9610198E+00  0.1885810E-01
 -0.9602253E+00  0.1884013E-01
 -0.9598683E+00  0.1883175E-01
 -0.9597971E+00  0.1882898E-01
 -0.9596609E+00  0.1882568E-01
 -0.9595138E+00  0.1882256E-01
 -0.9594425E+00  0.1882097E-01
 -0.9593691E+00  0.1881933E-01
 -0.9593236E+00  0.1881829E-01
 -0.9592346E+00  0.1881631E-01
 -0.9591315E+00  0.1881399E-01
 -0.9590600E+00  0.1881246E-01
 -0.9590189E+00  0.1881152E-01
 -0.9590548E+00  0.1881175E-01
 -0.9591761E+00  0.1881355E-01
 -0.9592392E+00  0.1881463E-01
 -0.9592986E+00  0.1881582E-01
 -0.9593700E+00  0.1881725E-01
 -0.9593543E+00  0.1881729E-01
 -0.9593171E+00  0.1881682E-01
 -0.9593712E+00  0.1881782E-01
 -0.9593382E+00  0.1881744E-01
 -0.9592840E+00  0.1881662E-01
 -0.9593429E+00  0.1881776E-01
 -0.9593174E+00  0.1881761E-01
 -0.9592923E+00  0.1881747E-01
 -0.9593526E+00  0.1881872E-01
 -0.9593441E+00  0.1881887E-01
 -0.9593304E+00  0.1881893E-01
 -0.9593905E+00  0.1882020E-01
 -0.9593788E+00  0.1882031E-01
 -0.9593461E+00  0.1882011E-01
 -0.9593964E+00  0.1882114E-01
 -0.9593643E+00  0.1882081E-01
 -0.9593149E+00  0.1882021E-01
 -0.9592982E+00  0.1881997E-01
 -0.9591861E+00  0.1881798E-01
 -0.9590891E+00  0.1881653E-01
 -0.9592600E+00  0.1881980E-01
 -0.9594105E+00  0.1882241E-01
 -0.9594140E+00  0.1882253E-01
 -0.9593967E+00  0.1882222E-01
 -0.9594043E+00  0.1882232E-01
 -0.9593840E+00  0.1882198E-01
 -0.9594383E+00  0.1882293E-01
 -0.9593520E+00  0.1882152E-01
 -0.9591689E+00  0.1881928E-01
 -0.9593523E+00  0.1882309E-01
 -0.9595215E+00  0.1882560E-01
 -0.9594956E+00  0.1882498E-01
 -0.9595615E+00  0.1882590E-01
 -0.9595777E+00  0.1882536E-01
 -0.9595035E+00  0.1882327E-01
 -0.9594887E+00  0.1882239E-01
 -0.9594625E+00  0.1882133E-01
 -0.9593967E+00  0.1881978E-01
 -0.9594175E+00  0.1881991E-01
 -0.9594405E+00  0.1881984E-01
 -0.9594519E+00  0.1881970E-01
 -0.9595906E+00  0.1882216E-01
 -0.9596871E+00  0.1882368E-01
 -0.9597671E+00  0.1882463E-01
 -0.9598035E+00  0.1882496E-01
 -0.9598331E+00  0.1882547E-01
 -0.9599911E+00  0.1882851E-01
 -0.9603623E+00  0.1883546E-01
 -0.9606460E+00  0.1884141E-01
 -0.9609097E+00  0.1884724E-01
 -0.9610126E+00  0.1885000E-01
 -0.9611421E+00  0.1885295E-01
 -0.9610562E+00  0.1885109E-01
 -0.9610556E+00  0.1885018E-01
 -0.9611019E+00  0.1885012E-01
 -0.9610804E+00  0.1884929E-01
 -0.9610144E+00  0.1884813E-01
 -0.9609819E+00  0.1884778E-01
 -0.9610233E+00  0.1884875E-01
 -0.9610412E+00  0.1884920E-01
 -0.9609321E+00  0.1884804E-01
 -0.9607648E+00  0.1884666E-01
 -0.9608368E+00  0.1884912E-01
 -0.9608861E+00  0.1884973E-01
 -0.9607058E+00  0.1884624E-01
 -0.9603935E+00  0.1884069E-01
 -0.9599014E+00  0.1883130E-01
 -0.9596633E+00  0.1882626E-01
 -0.9597747E+00  0.1882885E-01
 -0.9709480E+00  0.1798745E-01
 -0.9675405E+00  0.1793587E-01
 -0.9643275E+00  0.1864308E-01
 -0.9689919E+00  0.1857640E-01
 -0.9784939E+00  0.1861753E-01
 -0.9709099E+00  0.1846188E-01
 -0.9744477E+00  0.1838239E-01
 -0.9601523E+00  0.1774079E-01
 -0.9715270E+00  0.1799818E-01
 -0.9709706E+00  0.1798584E-01
 -0.9582199E+00  0.1867443E-01
 -0.9703621E+00  0.1797453E-01
 -0.9714107E+00  0.1800168E-01
 -0.9718455E+00  0.1801088E-01
 -0.9711062E+00  0.1798967E-01
 -0.9709820E+00  0.1798504E-01
 -0.9707875E+00  0.1798130E-01
 -0.9708534E+00  0.1798441E-01
 -0.9709461E+00  0.1798779E-01
 -0.9709867E+00  0.1798725E-01
 -0.9710204E+00  0.1798663E-01
 -0.9710002E+00  0.1798483E-01
 -0.9709829E+00  0.1798317E-01
 -0.9710572E+00  0.1798351E-01
 -0.9708475E+00  0.1797984E-01
 -0.9705225E+00  0.1797685E-01
 -0.9714434E+00  0.1800166E-01
 -0.9721503E+00  0.1801904E-01
 -0.9712096E+00  0.1799219E-01
 -0.9709042E+00  0.1798516E-01
 -0.9727476E+00  0.1802604E-01
 -0.9674555E+00  0.1792143E-01
 -0.9605268E+00  0.1885275E-01
 -0.9599367E+00  0.1884551E-01
 -0.9580589E+00  0.1881197E-01
 -0.9619449E+00  0.1772980E-01
 -0.9768062E+00  0.1874185E-01
 -0.9792404E+00  0.1831047E-01
 -0.9611093E+00  0.1873894E-01
 -0.9587914E+00  0.1869313E-01
 -0.9582095E+00  0.1867455E-01
 -0.9576823E+00  0.1866530E-01
 -0.9576591E+00  0.1866497E-01
 -0.9577524E+00  0.1866633E-01
 -0.9575641E+00  0.1866307E-01
 -0.9574338E+00  0.1866034E-01
 -0.9574911E+00  0.1866070E-01
 -0.9570438E+00  0.1865292E-01
 -0.9570299E+00  0.1865237E-01
 -0.9574136E+00  0.1865733E-01
 -0.9577951E+00  0.1866265E-01
 -0.9578465E+00  0.1866378E-01
 -0.9580031E+00  0.1866752E-01
 -0.9579914E+00  0.1866813E-01
 -0.9577445E+00  0.1866501E-01
 -0.9577128E+00  0.1866502E-01
 -0.9578710E+00  0.1866782E-01
 -0.9576356E+00  0.1866409E-01
 -0.9575793E+00  0.1866332E-01
 -0.9577798E+00  0.1866661E-01
 -0.9575242E+00  0.1866250E-01
 -0.9574879E+00  0.1866204E-01
 -0.9577006E+00  0.1866556E-01
 -0.9574524E+00  0.1866166E-01
 -0.9574224E+00  0.1866139E-01
 -0.9576322E+00  0.1866492E-01
 -0.9573989E+00  0.1866126E-01
 -0.9573404E+00  0.1866043E-01
 -0.9575226E+00  0.1866342E-01
 -0.9572663E+00  0.1865933E-01
 -0.9571611E+00  0.1865759E-01
 -0.9573497E+00  0.1866044E-01
 -0.9568651E+00  0.1865216E-01
 -0.9563233E+00  0.1864418E-01
 -0.9569041E+00  0.1865420E-01
 -0.9577309E+00  0.1866703E-01
 -0.9576285E+00  0.1866502E-01
 -0.9574854E+00  0.1866270E-01
 -0.9575861E+00  0.1866410E-01
 -0.9574650E+00  0.1866209E-01
 -0.9574887E+00  0.1866332E-01
 -0.9572511E+00  0.1866102E-01
 -0.9559606E+00  0.1864272E-01
 -0.9562207E+00  0.1864917E-01
 -0.9572822E+00  0.1866568E-01
 -0.9568782E+00  0.1865813E-01
 -0.9572245E+00  0.1866338E-01
 -0.9577277E+00  0.1866949E-01
 -0.9576395E+00  0.1866639E-01
 -0.9576329E+00  0.1866521E-01
 -0.9577149E+00  0.1866571E-01
 -0.9575695E+00  0.1866303E-01
 -0.9575553E+00  0.1866220E-01
 -0.9578319E+00  0.1866574E-01
 -0.9578316E+00  0.1866541E-01
 -0.9581021E+00  0.1867062E-01
 -0.9584433E+00  0.1867590E-01
 -0.9586166E+00  0.1867780E-01
 -0.9585756E+00  0.1867691E-01
 -0.9581397E+00  0.1867045E-01
 -0.9582081E+00  0.1867335E-01
 -0.9584451E+00  0.1867903E-01
 -0.9579941E+00  0.1867408E-01
 -0.9582402E+00  0.1868171E-01
 -0.9577610E+00  0.1867503E-01
 -0.9581350E+00  0.1868278E-01
 -0.9577921E+00  0.1867414E-01
 -0.9585089E+00  0.1868285E-01
 -0.9591254E+00  0.1869072E-01
 -0.9590848E+00  0.1868854E-01
 -0.9587144E+00  0.1868224E-01
 -0.9586510E+00  0.1868168E-01
 -0.9589485E+00  0.1868668E-01
 -0.9590257E+00  0.1868855E-01
 -0.9584162E+00  0.1868067E-01
 -0.9569478E+00  0.1866048E-01
 -0.9567640E+00  0.1865942E-01
 -0.9579912E+00  0.1867750E-01
 -0.9579041E+00  0.1867491E-01
 -0.9574808E+00  0.1866926E-01
 -0.9567574E+00  0.1865290E-01
 -0.9582554E+00  0.1867470E-01
 -0.9787979E+00  0.1829528E-01
 -0.9811175E+00  0.1834258E-01
 -0.9529736E+00  0.1850149E-01
 -0.9672394E+00  0.1795452E-01
 -0.9781148E+00  0.1828518E-01
 -0.9722683E+00  0.1852410E-01
 -0.9594337E+00  0.1872037E-01
 -0.9694796E+00  0.1858365E-01
 -0.9751654E+00  0.1870331E-01
 -0.9816450E+00  0.1837455E-01
 -0.9576026E+00  0.1866906E-01
 -0.9815248E+00  0.1835261E-01
 -0.9765387E+00  0.1889756E-01
 -0.9640489E+00  0.1867742E-01
 -0.9799634E+00  0.1831302E-01
 -0.9796790E+00  0.1830034E-01
 -0.9793058E+00  0.1829211E-01
 -0.9796945E+00  0.1830320E-01
 -0.9797434E+00  0.1830846E-01
 -0.9799252E+00  0.1831036E-01
 -0.9800404E+00  0.1831231E-01
 -0.9799990E+00  0.1831145E-01
 -0.9799823E+00  0.1831084E-01
 -0.9799827E+00  0.1831106E-01
 -0.9796747E+00  0.1830713E-01
 -0.9795156E+00  0.1830821E-01
 -0.9820417E+00  0.1837875E-01
 -0.9830797E+00  0.1841271E-01
 -0.9794835E+00  0.1830862E-01
 -0.9785862E+00  0.1828450E-01
 -0.9737500E+00  0.1821302E-01
 -0.9668978E+00  0.1868869E-01
 -0.9583303E+00  0.1867835E-01
 -0.9661125E+00  0.1838287E-01
 -0.9522085E+00  0.1834996E-01
 -0.9824420E+00  0.1839017E-01
 -0.9730065E+00  0.1840265E-01
 -0.9769636E+00  0.1875461E-01
 -0.9664329E+00  0.1870360E-01
 -0.9844015E+00  0.1863632E-01
 -0.9740195E+00  0.1848520E-01
 -0.9464136E+00  0.1850282E-01
 -0.9630388E+00  0.1864474E-01
 -0.9934528E+00  0.1875722E-01
 -0.9639083E+00  0.1864501E-01
 -0.9619749E+00  0.1861446E-01
 -0.9615501E+00  0.1860943E-01
 -0.9614713E+00  0.1860788E-01
 -0.9622311E+00  0.1861953E-01
 -0.9601654E+00  0.1858592E-01
 -0.9600602E+00  0.1858355E-01
 -0.9618434E+00  0.1860739E-01
 -0.9631465E+00  0.1862459E-01
 -0.9625130E+00  0.1861565E-01
 -0.9628671E+00  0.1862631E-01
 -0.9630409E+00  0.1863106E-01
 -0.9616154E+00  0.1861049E-01
 -0.9616699E+00  0.1861305E-01
 -0.9628094E+00  0.1863138E-01
 -0.9615602E+00  0.1861122E-01
 -0.9615296E+00  0.1861079E-01
 -0.9627395E+00  0.1862984E-01
 -0.9614992E+00  0.1860978E-01
 -0.9614722E+00  0.1860934E-01
 -0.9626679E+00  0.1862799E-01
 -0.9614574E+00  0.1860852E-01
 -0.9614417E+00  0.1860825E-01
 -0.9626151E+00  0.1862653E-01
 -0.9614834E+00  0.1860841E-01
 -0.9614227E+00  0.1860736E-01
 -0.9625084E+00  0.1862401E-01
 -0.9613234E+00  0.1860489E-01
 -0.9613453E+00  0.1860504E-01
 -0.9627813E+00  0.1862784E-01
 -0.9608644E+00  0.1859622E-01
 -0.9578567E+00  0.1855011E-01
 -0.9599365E+00  0.1858321E-01
 -0.9640161E+00  0.1864621E-01
 -0.9623703E+00  0.1861776E-01
 -0.9619170E+00  0.1861050E-01
 -0.9630747E+00  0.1862856E-01
 -0.9618045E+00  0.1860850E-01
 -0.9621692E+00  0.1861861E-01
 -0.9629928E+00  0.1863742E-01
 -0.9556615E+00  0.1852150E-01
 -0.9565355E+00  0.1854124E-01
 -0.9629644E+00  0.1864499E-01
 -0.9591593E+00  0.1857883E-01
 -0.9605945E+00  0.1860174E-01
 -0.9633073E+00  0.1864150E-01
 -0.9617984E+00  0.1861410E-01
 -0.9616951E+00  0.1861187E-01
 -0.9625371E+00  0.1862446E-01
 -0.9614763E+00  0.1860714E-01
 -0.9611826E+00  0.1860016E-01
 -0.9629695E+00  0.1862606E-01
 -0.9620035E+00  0.1860989E-01
 -0.9626117E+00  0.1862378E-01
 -0.9638340E+00  0.1864275E-01
 -0.9640188E+00  0.1864298E-01
 -0.9636227E+00  0.1863703E-01
 -0.9617012E+00  0.1860940E-01
 -0.9619254E+00  0.1861805E-01
 -0.9631311E+00  0.1864008E-01
 -0.9604797E+00  0.1860072E-01
 -0.9621823E+00  0.1863766E-01
 -0.9595811E+00  0.1859222E-01
 -0.9613324E+00  0.1862665E-01
 -0.9589989E+00  0.1857646E-01
 -0.9630640E+00  0.1863740E-01
 -0.9647800E+00  0.1866091E-01
 -0.9640426E+00  0.1864581E-01
 -0.9623524E+00  0.1861913E-01
 -0.9625552E+00  0.1862436E-01
 -0.9639959E+00  0.1864779E-01
 -0.9644060E+00  0.1865589E-01
 -0.9631836E+00  0.1864177E-01
 -0.9563556E+00  0.1853754E-01
 -0.9558399E+00  0.1852970E-01
 -0.9638311E+00  0.1865286E-01
 -0.9626308E+00  0.1863167E-01
 -0.9591020E+00  0.1858421E-01
 -0.9639379E+00  0.1864748E-01
 -0.9603184E+00  0.1859233E-01
 -0.9655238E+00  0.1883326E-01
 -0.9880956E+00  0.1864386E-01
 -0.9906232E+00  0.1870569E-01
 -0.9880697E+00  0.1866399E-01
 -0.1003109E+01  0.1894325E-01
 -0.9713305E+00  0.1859690E-01
 -0.9593191E+00  0.1814542E-01
 -0.9857013E+00  0.1861352E-01
 -0.9766147E+00  0.1859580E-01
 -0.9914442E+00  0.1869464E-01
 -0.9882347E+00  0.1865193E-01
 -0.9863998E+00  0.1860630E-01
 -0.9889919E+00  0.1867040E-01
 -0.9882913E+00  0.1865634E-01
 -0.9878172E+00  0.1864981E-01
 -0.9875138E+00  0.1864719E-01
 -0.9873670E+00  0.1864623E-01
 -0.9871441E+00  0.1864474E-01
 -0.9864748E+00  0.1863576E-01
 -0.9860352E+00  0.1861826E-01
 -0.9483994E+00  0.1763156E-01
 -0.1007903E+01  0.1904852E-01
 -0.9884251E+00  0.1866763E-01
 -0.9848371E+00  0.1857845E-01
 -0.9971176E+00  0.1880995E-01
 -0.9619172E+00  0.1861553E-01
 -0.9858996E+00  0.1859447E-01
 -0.9628816E+00  0.1863115E-01
 -0.9861368E+00  0.1828130E-01
 -0.9736930E+00  0.1868800E-01
 -0.9581401E+00  0.1854907E-01
 -0.9643361E+00  0.1833604E-01
 -0.9712881E+00  0.1864076E-01
 -0.1021670E+01  0.1938870E-01
 -0.9504139E+00  0.1857399E-01
 -0.9986925E+00  0.1902381E-01
 -0.9973568E+00  0.1898768E-01
 -0.9688857E+00  0.1861201E-01
 -0.9615781E+00  0.1848401E-01
 -0.9612700E+00  0.1848491E-01
 -0.9617949E+00  0.1849457E-01
 -0.9586220E+00  0.1844752E-01
 -0.9653139E+00  0.1853755E-01
 -0.9683218E+00  0.1856172E-01
 -0.9633207E+00  0.1848451E-01
 -0.9653777E+00  0.1854625E-01
 -0.9692065E+00  0.1861351E-01
 -0.9615706E+00  0.1849215E-01
 -0.9621081E+00  0.1850429E-01
 -0.9698572E+00  0.1863126E-01
 -0.9615976E+00  0.1849396E-01
 -0.9615903E+00  0.1849377E-01
 -0.9698551E+00  0.1862915E-01
 -0.9615006E+00  0.1849039E-01
 -0.9615461E+00  0.1849118E-01
 -0.9697621E+00  0.1862566E-01
 -0.9614899E+00  0.1848850E-01
 -0.9615709E+00  0.1848981E-01
 -0.9697114E+00  0.1862279E-01
 -0.9614874E+00  0.1848656E-01
 -0.9615913E+00  0.1848824E-01
 -0.9695420E+00  0.1861767E-01
 -0.9613132E+00  0.1848125E-01
 -0.9615405E+00  0.1848477E-01
 -0.9712269E+00  0.1864590E-01
 -0.9632808E+00  0.1851710E-01
 -0.9656739E+00  0.1856035E-01
 -0.9616551E+00  0.1847242E-01
 -0.9618245E+00  0.1847794E-01
 -0.9706113E+00  0.1862272E-01
 -0.9612671E+00  0.1846904E-01
 -0.9623992E+00  0.1849656E-01
 -0.9808024E+00  0.1882913E-01
 -0.9833444E+00  0.1888541E-01
 -0.9719161E+00  0.1867466E-01
 -0.9721719E+00  0.1866333E-01
 -0.9613369E+00  0.1848170E-01
 -0.9620193E+00  0.1849719E-01
 -0.9688237E+00  0.1860961E-01
 -0.9617658E+00  0.1849343E-01
 -0.9596341E+00  0.1844773E-01
 -0.9711453E+00  0.1862438E-01
 -0.9620030E+00  0.1847000E-01
 -0.9632784E+00  0.1851642E-01
 -0.9697996E+00  0.1862237E-01
 -0.9685034E+00  0.1859042E-01
 -0.9695396E+00  0.1861307E-01
 -0.9606998E+00  0.1847472E-01
 -0.9618893E+00  0.1850480E-01
 -0.9724564E+00  0.1868713E-01
 -0.9682357E+00  0.1869295E-01
 -0.9645231E+00  0.1856198E-01
 -0.9701701E+00  0.1863554E-01
 -0.9726343E+00  0.1866664E-01
 -0.9683893E+00  0.1858908E-01
 -0.9616272E+00  0.1848272E-01
 -0.9627233E+00  0.1850681E-01
 -0.9693615E+00  0.1861467E-01
 -0.9686232E+00  0.1860040E-01
 -0.9723582E+00  0.1868218E-01
 -0.9584709E+00  0.1815704E-01
 -0.9626111E+00  0.1850780E-01
 -0.1008925E+01  0.1915911E-01
 -0.1006400E+01  0.1913514E-01
 -0.1005408E+01  0.1912623E-01
 -0.9914811E+00  0.1887873E-01
 -0.9889413E+00  0.1881684E-01
 -0.9955109E+00  0.1894191E-01
 -0.1009520E+01  0.1918459E-01
 -0.9764078E+00  0.1838690E-01
 -0.9701117E+00  0.1863197E-01
 -0.1004731E+01  0.1910356E-01
 -0.1005024E+01  0.1911234E-01
 -0.1005022E+01  0.1911505E-01
 -0.1005046E+01  0.1911837E-01
 -0.1002826E+01  0.1908291E-01
 -0.9891973E+00  0.1883486E-01
 -0.9545373E+00  0.1788720E-01
 -0.1012993E+01  0.1927104E-01
 -0.1004647E+01  0.1910896E-01
 -0.9783452E+00  0.1829232E-01
 -0.9869363E+00  0.1879000E-01
 -0.9581857E+00  0.1843617E-01
 -0.9969645E+00  0.1881623E-01
 -0.9853067E+00  0.1876733E-01
 -0.9800374E+00  0.1883074E-01
 -0.9799763E+00  0.1868697E-01
 -0.9990172E+00  0.1900037E-01
 -0.1004701E+01  0.1909834E-01
 -0.9672502E+00  0.1847185E-01
 -0.9936630E+00  0.1863739E-01
 -0.9729005E+00  0.1811573E-01
 -0.9694924E+00  0.1860994E-01
 -0.9719779E+00  0.1871955E-01
 -0.1009071E+01  0.1889746E-01
 -0.9516667E+00  0.1747474E-01
 -0.9757374E+00  0.1790635E-01
 -0.9752267E+00  0.1853135E-01
 -0.9937677E+00  0.1878894E-01
 -0.9550328E+00  0.1838243E-01
 -0.9743252E+00  0.1852017E-01
 -0.9740553E+00  0.1874099E-01
 -0.9954571E+00  0.1883589E-01
 -0.9660341E+00  0.1847668E-01
 -0.9530964E+00  0.1836198E-01
 -0.9548451E+00  0.1839296E-01
 -0.9643037E+00  0.1840068E-01
 -0.9913387E+00  0.1890478E-01
 -0.9804810E+00  0.1876048E-01
 -0.9668615E+00  0.1847738E-01
 -0.9622546E+00  0.1840847E-01
 -0.9653605E+00  0.1842913E-01
 -0.9653104E+00  0.1844639E-01
 -0.9643430E+00  0.1842018E-01
 -0.9671786E+00  0.1847748E-01
 -0.9676218E+00  0.1848404E-01
 -0.9653218E+00  0.1843740E-01
 -0.9648503E+00  0.1843307E-01
 -0.9648939E+00  0.1843651E-01
 -0.9649410E+00  0.1843974E-01
 -0.9652289E+00  0.1844789E-01
 -0.9665889E+00  0.1847551E-01
 -0.9811354E+00  0.1870692E-01
 -0.9689440E+00  0.1853759E-01
 -0.9638883E+00  0.1858034E-01
 -0.9644905E+00  0.1858171E-01
 -0.9593158E+00  0.1833640E-01
 -0.9652452E+00  0.1843536E-01
 -0.9539846E+00  0.1822187E-01
 -0.9569658E+00  0.1827526E-01
 -0.2083809E+00  0.4356840E-02
  0.1383503E-01  0.1979704E-03
  0.7370026E-01 -0.9521244E-03
  0.9177519E-01 -0.1317251E-02
  0.9366605E-01 -0.1373797E-02
  0.8883978E-01 -0.1299382E-02
  0.8146086E-01 -0.1172977E-02
  0.7338712E-01 -0.1030412E-02
  0.6555010E-01 -0.8898356E-03
  0.5833413E-01 -0.7590429E-03
  0.5187900E-01 -0.6410101E-03
  0.4621622E-01 -0.5365599E-03
  0.4131249E-01 -0.4450915E-03
  0.3710149E-01 -0.3653813E-03
  0.3355451E-01 -0.2965671E-03
  0.3057770E-01 -0.2365739E-03
  0.2813318E-01 -0.1840939E-03
  0.2621196E-01 -0.1379059E-03
  0.2485095E-01 -0.9691149E-04
  0.2420848E-01 -0.6019438E-04
  0.2421823E-01 -0.6021652E-04
  0.2422500E-01 -0.6022703E-04
  0.2422945E-01 -0.6022940E-04
  0.2424173E-01 -0.6038825E-04
  0.2424637E-01 -0.6047799E-04
  0.2424346E-01 -0.6046893E-04
  0.2420907E-01 -0.6000891E-04
  0.2419008E-01 -0.5981963E-04
  0.2418244E-01 -0.5981200E-04
  0.2417564E-01 -0.5984111E-04
  0.2416649E-01 -0.5984732E-04
  0.2415553E-01 -0.5983390E-04
  0.2414449E-01 -0.5983702E-04
  0.2413447E-01 -0.5984850E-04
  0.2412634E-01 -0.5986002E-04
  0.2412069E-01 -0.5988732E-04
  0.2411686E-01 -0.5994113E-04
  0.2411525E-01 -0.5999060E-04
  0.2411556E-01 -0.6003659E-04
  0.2411735E-01 -0.6009018E-04
  0.2412063E-01 -0.6012303E-04
  0.2412527E-01 -0.6011709E-04
  0.2413104E-01 -0.6009914E-04
  0.2413776E-01 -0.6007525E-04
  0.2414573E-01 -0.6004018E-04
  0.2415523E-01 -0.6001519E-04
  0.2416577E-01 -0.6000108E-04
  0.2417685E-01 -0.6001013E-04
  0.2418803E-01 -0.6003598E-04
  0.2483089E-01 -0.9673725E-04
  0.2619218E-01 -0.1377370E-03
  0.2811248E-01 -0.1839129E-03
  0.3055483E-01 -0.2363726E-03
  0.3353306E-01 -0.2963573E-03
  0.3708737E-01 -0.3653038E-03
  0.4128735E-01 -0.4448476E-03
  0.4618949E-01 -0.5362586E-03
  0.5184839E-01 -0.6406709E-03
  0.5829915E-01 -0.7586263E-03
  0.6551006E-01 -0.8893121E-03
  0.7333940E-01 -0.1029755E-02
  0.8140224E-01 -0.1172161E-02
  0.8876289E-01 -0.1298199E-02
  0.9358779E-01 -0.1372589E-02
  0.9163497E-01 -0.1314902E-02
  0.7348994E-01 -0.9484510E-03
  0.1359405E-01  0.2022438E-03
 -0.2081667E+00  0.4353149E-02
 -0.2083827E+00  0.4357303E-02
 -0.2086216E+00  0.4361416E-02
 -0.2086993E+00  0.4362685E-02
 -0.2087546E+00  0.4363803E-02
 -0.2087777E+00  0.4364193E-02
 -0.2087871E+00  0.4363901E-02
 -0.2087743E+00  0.4363182E-02
 -0.2087585E+00  0.4362672E-02
 -0.2088030E+00  0.4363460E-02
 -0.2088588E+00  0.4364542E-02
 -0.2088821E+00  0.4365098E-02
 -0.2089217E+00  0.4366047E-02
 -0.2089823E+00  0.4367503E-02
 -0.2089960E+00  0.4368087E-02
 -0.2089755E+00  0.4367900E-02
 -0.2089009E+00  0.4366713E-02
 -0.2088275E+00  0.4365680E-02
 -0.2087799E+00  0.4365231E-02
 -0.2086610E+00  0.4363470E-02
 -0.2085660E+00  0.4362016E-02
 -0.2084342E+00  0.4359884E-02
 -0.2083730E+00  0.4359175E-02
 -0.2083290E+00  0.4358663E-02
 -0.2082169E+00  0.4356420E-02
 -0.2080240E+00  0.4352253E-02
 -0.2077463E+00  0.4346222E-02
 -0.2071968E+00  0.4335235E-02
 -0.2078454E+00  0.4347178E-02
  0.9184888E-01 -0.1318369E-02
  0.9375472E-01 -0.1375224E-02
  0.8892190E-01 -0.1300667E-02
  0.8150625E-01 -0.1173605E-02
  0.7342475E-01 -0.1030918E-02
  0.6558293E-01 -0.8902508E-03
  0.5836305E-01 -0.7593838E-03
  0.5190676E-01 -0.6413397E-03
  0.4624033E-01 -0.5368161E-03
  0.4129827E-01 -0.4447561E-03
  0.3708361E-01 -0.3649835E-03
  0.3357794E-01 -0.2968285E-03
  0.3062414E-01 -0.2371754E-03
  0.2817555E-01 -0.1846272E-03
  0.2623774E-01 -0.1381839E-03
  0.2486553E-01 -0.9702425E-04
  0.2487209E-01 -0.9703088E-04
  0.2490426E-01 -0.9745013E-04
  0.2499392E-01 -0.9876856E-04
  0.2498278E-01 -0.9858081E-04
  0.2495132E-01 -0.9813769E-04
  0.2478420E-01 -0.9568518E-04
  0.2474073E-01 -0.9509538E-04
  0.2475051E-01 -0.9535089E-04
  0.2477877E-01 -0.9590380E-04
  0.2479089E-01 -0.9624378E-04
  0.2478907E-01 -0.9638040E-04
  0.2478098E-01 -0.9639697E-04
  0.2477163E-01 -0.9641780E-04
  0.2476356E-01 -0.9646351E-04
  0.2475751E-01 -0.9651328E-04
  0.2475405E-01 -0.9655506E-04
  0.2475281E-01 -0.9661027E-04
  0.2475317E-01 -0.9667179E-04
  0.2475529E-01 -0.9669201E-04
  0.2475889E-01 -0.9669635E-04
  0.2476362E-01 -0.9670353E-04
  0.2476937E-01 -0.9669412E-04
  0.2477686E-01 -0.9668907E-04
  0.2478625E-01 -0.9669316E-04
  0.2479641E-01 -0.9669292E-04
  0.2480762E-01 -0.9669832E-04
  0.2481995E-01 -0.9672403E-04
  0.2617871E-01 -0.1376887E-03
  0.2809763E-01 -0.1838374E-03
  0.3053822E-01 -0.2362617E-03
  0.3351388E-01 -0.2962053E-03
  0.3706532E-01 -0.3651240E-03
  0.4126332E-01 -0.4446040E-03
  0.4616208E-01 -0.5359894E-03
  0.5181793E-01 -0.6403289E-03
  0.5826366E-01 -0.7582167E-03
  0.6546872E-01 -0.8887833E-03
  0.7328981E-01 -0.1029081E-02
  0.8134285E-01 -0.1171319E-02
  0.8869961E-01 -0.1297283E-02
  0.9349467E-01 -0.1371109E-02
  0.9153455E-01 -0.1313304E-02
  0.7335997E-01 -0.9463185E-03
  0.1346249E-01  0.2044852E-03
  0.1337042E-01  0.2059284E-03
  0.1327949E-01  0.2073802E-03
  0.1325731E-01  0.2076437E-03
  0.1325174E-01  0.2075629E-03
  0.1322787E-01  0.2077018E-03
  0.1324425E-01  0.2071078E-03
  0.1323673E-01  0.2070639E-03
  0.1322086E-01  0.2073112E-03
  0.1315592E-01  0.2085660E-03
  0.1312935E-01  0.2091717E-03
  0.1311068E-01  0.2097146E-03
  0.1306346E-01  0.2108275E-03
  0.1303581E-01  0.2115808E-03
  0.1307567E-01  0.2110402E-03
  0.1312289E-01  0.2103747E-03
  0.1319114E-01  0.2093779E-03
  0.1324371E-01  0.2087222E-03
  0.1333059E-01  0.2073954E-03
  0.1341441E-01  0.2061199E-03
  0.1350354E-01  0.2047717E-03
  0.1358783E-01  0.2035325E-03
  0.1363716E-01  0.2028555E-03
  0.1367877E-01  0.2021447E-03
  0.1383624E-01  0.1990802E-03
  0.1393850E-01  0.1969188E-03
  0.1408384E-01  0.1939100E-03
  0.1404047E-01  0.1944357E-03
  0.7380235E-01 -0.9537718E-03
  0.9378201E-01 -0.1375532E-02
  0.7344899E-01 -0.1031188E-02
  0.6561049E-01 -0.8905822E-03
  0.5839135E-01 -0.7597453E-03
  0.5193308E-01 -0.6416818E-03
  0.4621121E-01 -0.5362599E-03
  0.4121125E-01 -0.4433046E-03
  0.3707343E-01 -0.3647392E-03
  0.3355779E-01 -0.2964220E-03
  0.3072011E-01 -0.2385882E-03
  0.2829811E-01 -0.1864165E-03
  0.2630903E-01 -0.1391887E-03
  0.2642216E-01 -0.1408585E-03
  0.2634669E-01 -0.1396991E-03
  0.2654364E-01 -0.1426673E-03
  0.2630929E-01 -0.1391248E-03
  0.2607440E-01 -0.1355943E-03
  0.2598608E-01 -0.1342983E-03
  0.2598779E-01 -0.1344445E-03
  0.2606845E-01 -0.1358042E-03
  0.2611499E-01 -0.1366671E-03
  0.2612949E-01 -0.1370517E-03
  0.2612884E-01 -0.1372046E-03
  0.2612227E-01 -0.1372537E-03
  0.2611510E-01 -0.1372818E-03
  0.2610959E-01 -0.1373123E-03
  0.2610610E-01 -0.1373765E-03
  0.2610465E-01 -0.1374502E-03
  0.2610549E-01 -0.1374903E-03
  0.2610787E-01 -0.1375295E-03
  0.2611111E-01 -0.1375624E-03
  0.2611595E-01 -0.1375823E-03
  0.2612317E-01 -0.1375983E-03
  0.2613180E-01 -0.1376019E-03
  0.2614204E-01 -0.1376020E-03
  0.2615398E-01 -0.1376251E-03
  0.2616702E-01 -0.1376728E-03
  0.2808317E-01 -0.1837738E-03
  0.3349448E-01 -0.2960844E-03
  0.3052174E-01 -0.2361606E-03
  0.3704513E-01 -0.3649615E-03
  0.4124064E-01 -0.4444062E-03
  0.4613646E-01 -0.5357609E-03
  0.5178887E-01 -0.6400372E-03
  0.5823051E-01 -0.7578317E-03
  0.6542888E-01 -0.8883050E-03
  0.7324352E-01 -0.1028488E-02
  0.8128759E-01 -0.1170535E-02
  0.8862133E-01 -0.1296104E-02
  0.9341382E-01 -0.1369890E-02
  0.9145670E-01 -0.1312139E-02
  0.7328022E-01 -0.9451131E-03
  0.7322113E-01 -0.9442563E-03
  0.7320637E-01 -0.9444266E-03
  0.7322050E-01 -0.9444794E-03
  0.7318074E-01 -0.9441860E-03
  0.7318946E-01 -0.9445669E-03
  0.7316764E-01 -0.9442907E-03
  0.7315470E-01 -0.9440939E-03
  0.7311515E-01 -0.9433195E-03
  0.7309566E-01 -0.9428807E-03
  0.7310608E-01 -0.9429459E-03
  0.7309639E-01 -0.9425747E-03
  0.7305840E-01 -0.9416488E-03
  0.7306071E-01 -0.9414569E-03
  0.7310251E-01 -0.9419994E-03
  0.7316662E-01 -0.9429272E-03
  0.7324594E-01 -0.9441267E-03
  0.7329498E-01 -0.9447507E-03
  0.7340220E-01 -0.9464574E-03
  0.7346094E-01 -0.9472877E-03
  0.7352304E-01 -0.9481785E-03
  0.7357679E-01 -0.9489721E-03
  0.7362428E-01 -0.9497855E-03
  0.7370079E-01 -0.9512674E-03
  0.7377686E-01 -0.9528314E-03
  0.7380238E-01 -0.9535086E-03
  0.8896006E-01 -0.1301196E-02
  0.8153172E-01 -0.1173903E-02
  0.9191138E-01 -0.1319308E-02
  0.5842238E-01 -0.7601812E-03
  0.6564125E-01 -0.8910070E-03
  0.4618445E-01 -0.5358199E-03
  0.4126994E-01 -0.4442354E-03
  0.3700681E-01 -0.3637119E-03
  0.3346727E-01 -0.2949775E-03
  0.3068743E-01 -0.2380411E-03
  0.2844563E-01 -0.1886192E-03
  0.2825380E-01 -0.1857042E-03
  0.2779089E-01 -0.1786631E-03
  0.2814551E-01 -0.1840422E-03
  0.2814489E-01 -0.1840039E-03
  0.2825087E-01 -0.1856165E-03
  0.2801328E-01 -0.1821404E-03
  0.2797744E-01 -0.1817424E-03
  0.2801769E-01 -0.1825222E-03
  0.2803545E-01 -0.1829602E-03
  0.2803796E-01 -0.1831768E-03
  0.2803131E-01 -0.1832397E-03
  0.2802359E-01 -0.1832712E-03
  0.2801814E-01 -0.1833256E-03
  0.2801501E-01 -0.1833796E-03
  0.2801423E-01 -0.1834346E-03
  0.2801475E-01 -0.1834944E-03
  0.2801645E-01 -0.1835370E-03
  0.2802031E-01 -0.1835562E-03
  0.2802634E-01 -0.1835714E-03
  0.2803457E-01 -0.1836145E-03
  0.2804483E-01 -0.1836533E-03
  0.2805628E-01 -0.1836811E-03
  0.2807055E-01 -0.1837377E-03
  0.4122013E-01 -0.4442740E-03
  0.4611417E-01 -0.5355574E-03
  0.3347709E-01 -0.2959842E-03
  0.3702548E-01 -0.3648071E-03
  0.3050585E-01 -0.2360844E-03
  0.5176261E-01 -0.6398080E-03
  0.5820128E-01 -0.7575182E-03
  0.6539484E-01 -0.8879220E-03
  0.7320450E-01 -0.1028022E-02
  0.8124997E-01 -0.1170103E-02
  0.8858489E-01 -0.1295669E-02
  0.9345630E-01 -0.1370963E-02
  0.9143454E-01 -0.1312002E-02
  0.9143343E-01 -0.1312838E-02
  0.9144133E-01 -0.1313102E-02
  0.9141679E-01 -0.1312146E-02
  0.9142230E-01 -0.1312463E-02
  0.9142762E-01 -0.1312119E-02
  0.9141221E-01 -0.1312613E-02
  0.9138159E-01 -0.1312032E-02
  0.9137177E-01 -0.1311779E-02
  0.9135079E-01 -0.1311255E-02
  0.9135988E-01 -0.1311258E-02
  0.9133887E-01 -0.1310655E-02
  0.9135041E-01 -0.1310652E-02
  0.9138842E-01 -0.1311126E-02
  0.9143630E-01 -0.1311754E-02
  0.9150413E-01 -0.1312742E-02
  0.9158877E-01 -0.1314048E-02
  0.9164640E-01 -0.1314867E-02
  0.9168153E-01 -0.1315250E-02
  0.9172842E-01 -0.1315887E-02
  0.9178078E-01 -0.1316675E-02
  0.9182367E-01 -0.1317373E-02
  0.9185600E-01 -0.1318000E-02
  0.9190590E-01 -0.1319037E-02
  0.8897886E-01 -0.1301437E-02
  0.8154269E-01 -0.1173969E-02
  0.5195202E-01 -0.6419420E-03
  0.9374301E-01 -0.1374634E-02
  0.7346854E-01 -0.1031406E-02
  0.4638179E-01 -0.5390361E-03
  0.4133265E-01 -0.4453267E-03
  0.3046113E-01 -0.2345577E-03
  0.3064110E-01 -0.2373513E-03
  0.3053776E-01 -0.2359234E-03
  0.3087858E-01 -0.2409853E-03
  0.3056913E-01 -0.2361718E-03
  0.3021546E-01 -0.2308211E-03
  0.3041365E-01 -0.2338164E-03
  0.6536902E-01 -0.8876767E-03
  0.3051708E-01 -0.2359952E-03
  0.3047611E-01 -0.2355503E-03
  0.3046240E-01 -0.2355034E-03
  0.3045254E-01 -0.2354992E-03
  0.3044652E-01 -0.2355382E-03
  0.3044350E-01 -0.2355975E-03
  0.3044238E-01 -0.2356607E-03
  0.3044248E-01 -0.2357152E-03
  0.3044475E-01 -0.2357565E-03
  0.3044979E-01 -0.2358097E-03
  0.3045757E-01 -0.2358756E-03
  0.3046761E-01 -0.2359212E-03
  0.3047937E-01 -0.2359690E-03
  0.3049271E-01 -0.2360347E-03
  0.5174135E-01 -0.6396255E-03
  0.5817782E-01 -0.7573272E-03
  0.4609449E-01 -0.5354136E-03
  0.4120003E-01 -0.4441158E-03
  0.3346105E-01 -0.2958928E-03
  0.3700729E-01 -0.3646946E-03
  0.9339929E-01 -0.1370824E-02
  0.7318360E-01 -0.1027870E-02
  0.8122452E-01 -0.1169877E-02
  0.8857200E-01 -0.1295685E-02
  0.9341502E-01 -0.1370446E-02
  0.9335229E-01 -0.1369984E-02
  0.9340942E-01 -0.1371069E-02
  0.9341126E-01 -0.1371031E-02
  0.9338767E-01 -0.1370492E-02
  0.9342135E-01 -0.1370781E-02
  0.9340192E-01 -0.1370595E-02
  0.9338653E-01 -0.1370470E-02
  0.9336752E-01 -0.1369939E-02
  0.9335638E-01 -0.1369535E-02
  0.9336917E-01 -0.1369546E-02
  0.9337967E-01 -0.1369504E-02
  0.9346067E-01 -0.1370769E-02
  0.9348677E-01 -0.1370977E-02
  0.9355325E-01 -0.1371951E-02
  0.9363048E-01 -0.1373130E-02
  0.9371856E-01 -0.1374534E-02
  0.9372653E-01 -0.1374496E-02
  0.9375256E-01 -0.1374824E-02
  0.9378862E-01 -0.1375407E-02
  0.9380945E-01 -0.1375776E-02
  0.7347453E-01 -0.1031437E-02
  0.5204224E-01 -0.6434131E-03
  0.8153231E-01 -0.1173725E-02
  0.3053956E-01 -0.2361548E-03
  0.8892184E-01 -0.1300296E-02
  0.6568652E-01 -0.8916835E-03
  0.3324685E-01 -0.2916242E-03
  0.3703803E-01 -0.3642965E-03
  0.5848858E-01 -0.7612311E-03
  0.4651830E-01 -0.5412326E-03
  0.4138672E-01 -0.4462107E-03
  0.3325546E-01 -0.2917022E-03
  0.3373260E-01 -0.2990844E-03
  0.3376801E-01 -0.2998077E-03
  0.3346762E-01 -0.2950942E-03
  0.3375740E-01 -0.2994196E-03
  0.3353952E-01 -0.2960540E-03
  0.8120926E-01 -0.1169812E-02
  0.3351621E-01 -0.2963157E-03
  0.4607688E-01 -0.5352894E-03
  0.3343393E-01 -0.2953767E-03
  0.3346049E-01 -0.2956242E-03
  0.3340871E-01 -0.2952946E-03
  0.3340526E-01 -0.2953480E-03
  0.3340352E-01 -0.2953908E-03
  0.3340378E-01 -0.2954485E-03
  0.3340794E-01 -0.2955245E-03
  0.3341483E-01 -0.2955945E-03
  0.3342399E-01 -0.2956782E-03
  0.3343434E-01 -0.2957520E-03
  0.3344699E-01 -0.2958250E-03
  0.3699128E-01 -0.3645859E-03
  0.8847042E-01 -0.1294440E-02
  0.5816159E-01 -0.7572331E-03
  0.5172003E-01 -0.6394361E-03
  0.4118265E-01 -0.4439927E-03
  0.8848803E-01 -0.1294525E-02
  0.8856817E-01 -0.1295847E-02
  0.8850538E-01 -0.1295119E-02
  0.7317137E-01 -0.1027855E-02
  0.8855521E-01 -0.1295803E-02
  0.8849005E-01 -0.1294369E-02
  0.8848029E-01 -0.1294699E-02
  0.8849257E-01 -0.1294937E-02
  0.8852188E-01 -0.1295333E-02
  0.8848437E-01 -0.1294597E-02
  0.8849035E-01 -0.1294158E-02
  0.8850966E-01 -0.1294283E-02
  0.8854795E-01 -0.1294730E-02
  0.8861519E-01 -0.1295735E-02
  0.8867214E-01 -0.1296536E-02
  0.8872923E-01 -0.1297343E-02
  0.8876174E-01 -0.1297720E-02
  0.8879488E-01 -0.1298136E-02
  0.8882802E-01 -0.1298613E-02
  0.8887305E-01 -0.1299381E-02
  0.6566979E-01 -0.8913969E-03
  0.5208545E-01 -0.6441268E-03
  0.3359998E-01 -0.2974076E-03
  0.8152485E-01 -0.1173569E-02
  0.3698482E-01 -0.3634642E-03
  0.5850745E-01 -0.7615527E-03
  0.7348519E-01 -0.1031591E-02
  0.3341581E-01 -0.2952550E-03
  0.6534920E-01 -0.8875224E-03
  0.4156236E-01 -0.4488938E-03
  0.3720808E-01 -0.3667939E-03
  0.3713349E-01 -0.3657769E-03
  0.4605860E-01 -0.5351474E-03
  0.3695738E-01 -0.3639748E-03
  0.3704620E-01 -0.3648372E-03
  0.8120115E-01 -0.1169844E-02
  0.3694343E-01 -0.3641003E-03
  0.4116667E-01 -0.4438687E-03
  0.6534235E-01 -0.8875666E-03
  0.3700495E-01 -0.3643833E-03
  0.3694419E-01 -0.3640263E-03
  0.3695053E-01 -0.3642606E-03
  0.3695697E-01 -0.3643400E-03
  0.3696772E-01 -0.3644528E-03
  0.3697818E-01 -0.3645098E-03
  0.8117406E-01 -0.1168911E-02
  0.5814458E-01 -0.7570958E-03
  0.8117706E-01 -0.1169678E-02
  0.8116232E-01 -0.1169318E-02
  0.5170776E-01 -0.6393796E-03
  0.8123334E-01 -0.1169524E-02
  0.8115909E-01 -0.1168826E-02
  0.8115621E-01 -0.1169097E-02
  0.8119815E-01 -0.1169124E-02
  0.8118648E-01 -0.1169812E-02
  0.8116901E-01 -0.1169503E-02
  0.7315955E-01 -0.1027806E-02
  0.3694394E-01 -0.3641417E-03
  0.3694740E-01 -0.3639483E-03
  0.8127086E-01 -0.1169991E-02
  0.8131297E-01 -0.1170534E-02
  0.8135335E-01 -0.1171056E-02
  0.8140096E-01 -0.1171706E-02
  0.8145109E-01 -0.1172415E-02
  0.8149527E-01 -0.1173077E-02
  0.7345983E-01 -0.1031217E-02
  0.5198739E-01 -0.6425384E-03
  0.5843458E-01 -0.7603895E-03
  0.4633834E-01 -0.5383050E-03
  0.3697545E-01 -0.3640949E-03
  0.8115309E-01 -0.1168885E-02
  0.3707520E-01 -0.3648105E-03
  0.3712219E-01 -0.3654678E-03
  0.6563961E-01 -0.8909407E-03
  0.8119603E-01 -0.1169877E-02
  0.3712406E-01 -0.3658492E-03
  0.4114294E-01 -0.4432768E-03
  0.7325403E-01 -0.1028244E-02
  0.7321534E-01 -0.1027767E-02
  0.7328361E-01 -0.1028595E-02
  0.4112883E-01 -0.4434147E-03
  0.7314132E-01 -0.1027053E-02
  0.6533056E-01 -0.8875121E-03
  0.4118200E-01 -0.4435813E-03
  0.4113064E-01 -0.4433509E-03
  0.4138066E-01 -0.4459218E-03
  0.4113675E-01 -0.4436136E-03
  0.4114542E-01 -0.4437237E-03
  0.7312184E-01 -0.1027341E-02
  0.5813291E-01 -0.7570069E-03
  0.7318416E-01 -0.1027435E-02
  0.7312012E-01 -0.1027203E-02
  0.7313084E-01 -0.1027548E-02
  0.7315843E-01 -0.1027159E-02
  0.5169884E-01 -0.6393584E-03
  0.7311884E-01 -0.1027036E-02
  0.7313807E-01 -0.1027639E-02
  0.4130348E-01 -0.4446920E-03
  0.4115383E-01 -0.4437659E-03
  0.7312635E-01 -0.1026985E-02
  0.7312641E-01 -0.1027475E-02
  0.7314111E-01 -0.1027604E-02
  0.7333875E-01 -0.1029381E-02
  0.7341672E-01 -0.1030577E-02
  0.4115644E-01 -0.4433494E-03
  0.5838217E-01 -0.7595775E-03
  0.4623220E-01 -0.5365924E-03
  0.5182736E-01 -0.6399584E-03
  0.4119978E-01 -0.4432873E-03
  0.4604212E-01 -0.5349963E-03
  0.4120782E-01 -0.4435815E-03
  0.4119668E-01 -0.4436049E-03
  0.4113162E-01 -0.4435138E-03
  0.6557329E-01 -0.8899174E-03
  0.4133673E-01 -0.4453173E-03
  0.4113447E-01 -0.4432907E-03
  0.6552494E-01 -0.8892194E-03
  0.6530947E-01 -0.8870963E-03
  0.4608743E-01 -0.5343825E-03
  0.4601999E-01 -0.5346615E-03
  0.5812449E-01 -0.7569537E-03
  0.4602392E-01 -0.5347717E-03
  0.4606985E-01 -0.5345836E-03
  0.4605932E-01 -0.5342311E-03
  0.4603074E-01 -0.5348896E-03
  0.4603600E-01 -0.5349519E-03
  0.6530835E-01 -0.8871775E-03
  0.6540309E-01 -0.8874814E-03
  0.6531078E-01 -0.8869890E-03
  0.6536136E-01 -0.8871262E-03
  0.4605141E-01 -0.5346456E-03
  0.6531815E-01 -0.8874257E-03
  0.6534722E-01 -0.8870767E-03
  0.6531094E-01 -0.8872900E-03
  0.6532334E-01 -0.8874731E-03
  0.4602854E-01 -0.5346047E-03
  0.4614567E-01 -0.5352402E-03
  0.6531538E-01 -0.8869084E-03
  0.4613613E-01 -0.5352752E-03
  0.6538238E-01 -0.8872979E-03
  0.4602169E-01 -0.5346047E-03
  0.4603485E-01 -0.5345612E-03
  0.5168496E-01 -0.6392139E-03
  0.6532791E-01 -0.8869381E-03
  0.5185426E-01 -0.6404200E-03
  0.4605198E-01 -0.5344714E-03
  0.6546289E-01 -0.8883225E-03
  0.5823842E-01 -0.7573076E-03
  0.5811091E-01 -0.7566099E-03
  0.5817045E-01 -0.7566042E-03
  0.5824592E-01 -0.7575307E-03
  0.5167626E-01 -0.6388005E-03
  0.5167478E-01 -0.6390583E-03
  0.5170267E-01 -0.6385649E-03
  0.3729071E-01 -0.3680561E-03
  0.5820268E-01 -0.7569676E-03
  0.5811452E-01 -0.7565390E-03
  0.5815399E-01 -0.7565043E-03
  0.5167670E-01 -0.6391088E-03
  0.5181222E-01 -0.6398562E-03
  0.5170880E-01 -0.6388507E-03
  0.5814335E-01 -0.7565141E-03
  0.5811815E-01 -0.7568845E-03
  0.5167075E-01 -0.6389312E-03
  0.5812042E-01 -0.7564782E-03
  0.5169147E-01 -0.6387354E-03
  0.5810983E-01 -0.7566900E-03
  0.5811333E-01 -0.7567965E-03
  0.5812905E-01 -0.7564619E-03
  0.5168872E-01 -0.6388564E-03
  0.5167074E-01 -0.6388343E-03
  0.5172337E-01 -0.6385603E-03
  0.5171987E-01 -0.6386630E-03
  0.1394591E+01 -0.2485624E-01
  0.1488542E+01 -0.2669036E-01
  0.1337513E+01 -0.2375606E-01
  0.1395176E+01 -0.2486758E-01
  0.1429669E+01 -0.2547744E-01
  0.1431270E+01 -0.2550657E-01
  0.1431158E+01 -0.2550479E-01
  0.1431190E+01 -0.2550552E-01
  0.1431225E+01 -0.2550621E-01
  0.1431244E+01 -0.2550653E-01
  0.1431264E+01 -0.2550692E-01
  0.1431276E+01 -0.2550709E-01
  0.1431279E+01 -0.2550714E-01
  0.1431296E+01 -0.2550748E-01
  0.1431334E+01 -0.2550813E-01
  0.1431348E+01 -0.2550843E-01
  0.1431387E+01 -0.2550922E-01
  0.1431444E+01 -0.2551033E-01
  0.1431495E+01 -0.2551134E-01
  0.1431551E+01 -0.2551251E-01
  0.1431564E+01 -0.2551286E-01
  0.1431480E+01 -0.2551154E-01
  0.1427597E+01 -0.2544314E-01
  0.1395370E+01 -0.2487343E-01
  0.1395809E+01 -0.2488067E-01
  0.1395464E+01 -0.2487464E-01
  0.1488415E+01 -0.2668808E-01
  0.1395441E+01 -0.2487416E-01
  0.1395848E+01 -0.2488147E-01
  0.1395553E+01 -0.2487635E-01
  0.1487850E+01 -0.2667802E-01
  0.1395684E+01 -0.2487876E-01
  0.1395545E+01 -0.2487625E-01
  0.1395851E+01 -0.2488200E-01
  0.1487770E+01 -0.2667689E-01
  0.1395897E+01 -0.2488297E-01
  0.1395503E+01 -0.2487584E-01
  0.1395848E+01 -0.2488207E-01
  0.1487775E+01 -0.2667727E-01
  0.1395847E+01 -0.2488215E-01
  0.1395646E+01 -0.2487883E-01
  0.1395881E+01 -0.2488302E-01
  0.1487681E+01 -0.2667577E-01
  0.1395824E+01 -0.2488214E-01
  0.1395661E+01 -0.2487934E-01
  0.1395779E+01 -0.2488150E-01
  0.1487525E+01 -0.2667299E-01
  0.1395727E+01 -0.2488063E-01
  0.1395496E+01 -0.2487640E-01
  0.1395702E+01 -0.2488036E-01
  0.1487540E+01 -0.2667343E-01
  0.1395658E+01 -0.2487958E-01
  0.1395492E+01 -0.2487649E-01
  0.1395592E+01 -0.2487828E-01
  0.1487630E+01 -0.2667518E-01
  0.1395507E+01 -0.2487659E-01
  0.1395580E+01 -0.2487823E-01
  0.1395595E+01 -0.2487808E-01
  0.1487734E+01 -0.2667708E-01
  0.1395689E+01 -0.2487964E-01
  0.1395646E+01 -0.2487943E-01
  0.1395634E+01 -0.2487838E-01
  0.1487830E+01 -0.2667872E-01
  0.1395558E+01 -0.2487661E-01
  0.1395684E+01 -0.2488009E-01
  0.1395707E+01 -0.2487897E-01
  0.1487936E+01 -0.2668057E-01
  0.1395992E+01 -0.2488408E-01
  0.1395699E+01 -0.2488023E-01
  0.1395570E+01 -0.2487585E-01
  0.1395218E+01 -0.2486872E-01
  0.1482725E+01 -0.2658718E-01
  0.1488051E+01 -0.2668252E-01
  0.1341798E+01 -0.2383452E-01
  0.1395751E+01 -0.2488103E-01
  0.1341792E+01 -0.2383443E-01
  0.1488169E+01 -0.2668457E-01
  0.1341868E+01 -0.2383589E-01
  0.1395794E+01 -0.2488166E-01
  0.1341978E+01 -0.2383792E-01
  0.1488242E+01 -0.2668569E-01
  0.1342092E+01 -0.2384020E-01
  0.1395859E+01 -0.2488267E-01
  0.1342064E+01 -0.2383975E-01
  0.1488209E+01 -0.2668488E-01
  0.1342003E+01 -0.2383864E-01
  0.1395820E+01 -0.2488176E-01
  0.1342040E+01 -0.2383949E-01
  0.1488226E+01 -0.2668516E-01
  0.1342048E+01 -0.2383984E-01
  0.1395804E+01 -0.2488133E-01
  0.1342025E+01 -0.2383958E-01
  0.1488194E+01 -0.2668451E-01
  0.1342024E+01 -0.2383975E-01
  0.1395856E+01 -0.2488229E-01
  0.1342052E+01 -0.2384044E-01
  0.1488044E+01 -0.2668160E-01
  0.1342067E+01 -0.2384083E-01
  0.1395784E+01 -0.2488080E-01
  0.1342019E+01 -0.2384000E-01
  0.1487788E+01 -0.2667678E-01
  0.1341947E+01 -0.2383856E-01
  0.1395595E+01 -0.2487721E-01
  0.1341906E+01 -0.2383760E-01
  0.1487590E+01 -0.2667308E-01
  0.1342007E+01 -0.2383942E-01
  0.1395464E+01 -0.2487477E-01
  0.1342005E+01 -0.2383914E-01
  0.1487568E+01 -0.2667263E-01
  0.1341868E+01 -0.2383627E-01
  0.1395427E+01 -0.2487405E-01
  0.1341719E+01 -0.2383315E-01
  0.1487449E+01 -0.2667084E-01
  0.1341798E+01 -0.2383419E-01
  0.1395460E+01 -0.2487476E-01
  0.1341977E+01 -0.2383746E-01
  0.1394308E+01 -0.2485168E-01
  0.1341904E+01 -0.2383667E-01
  0.1394278E+01 -0.2485064E-01
  0.0000000E+00  0.0000000E+00
  0.0000000E+00  0.0000000E+00
  0.0000000E+00  0.0000000E+00
  0.0000000E+00  0.0000000E+00
  0.0000000E+00  0.0000000E+00
  0.0000000E+00  0.0000000E+00
  0.0000000E+00  0.0000000E+00
  0.0000000E+00  0.0000000E+00
  0.0000000E+00  0.0000000E+00
  0.0000000E+00  0.0000000E+00
  0.0000000E+00  0.0000000E+00
  0.0000000E+00  0.0000000E+00
  0.0000000E+00  0.0000000E+00
  0.0000000E+00  0.0000000E+00
  0.0000000E+00  0.0000000E+00
  0.0000000E+00  0.0000000E+00
  0.0000000E+00  0.0000000E+00
  0.0000000E+00  0.0000000E+00
  0.0000000E+00  0.0000000E+00
  0.0000000E+00  0.0000000E+00
  0.0000000E+00  0.0000000E+00
  0.0000000E+00  0.0000000E+00
  0.0000000E+00  0.0000000E+00
  0.0000000E+00  0.0000000E+00
  0.0000000E+00  0.0000000E+00
  0.0000000E+00  0.0000000E+00
  0.0000000E+00  0.0000000E+00
  0.0000000E+00  0.0000000E+00
  0.0000000E+00  0.0000000E+00
  0.0000000E+00  0.0000000E+00
  0.0000000E+00  0.0000000E+00
  0.0000000E+00  0.0000000E+00
  0.0000000E+00  0.0000000E+00
  0.0000000E+00  0.0000000E+00
  0.0000000E+00  0.0000000E+00
  0.0000000E+00  0.0000000E+00
  0.0000000E+00  0.0000000E+00
  0.0000000E+00  0.0000000E+00
  0.0000000E+00  0.0000000E+00
  0.0000000E+00  0.0000000E+00
  0.0000000E+00  0.0000000E+00
  0.0000000E+00  0.0000000E+00
  0.0000000E+00  0.0000000E+00
  0.0000000E+00  0.0000000E+00
  0.0000000E+00  0.0000000E+00
  0.0000000E+00  0.0000000E+00
  0.0000000E+00  0.0000000E+00
  0.0000000E+00  0.0000000E+00
  0.0000000E+00  0.0000000E+00
  0.0000000E+00  0.0000000E+00
  0.0000000E+00  0.0000000E+00
  0.0000000E+00  0.0000000E+00
  0.0000000E+00  0.0000000E+00
  0.0000000E+00  0.0000000E+00
  0.0000000E+00  0.0000000E+00
  0.0000000E+00  0.0000000E+00
  0.0000000E+00  0.0000000E+00
  0.0000000E+00  0.0000000E+00
  0.0000000E+00  0.0000000E+00
  0.0000000E+00  0.0000000E+00
  0.0000000E+00  0.0000000E+00
  0.0000000E+00  0.0000000E+00
  0.0000000E+00  0.0000000E+00
  0.0000000E+00  0.0000000E+00
  0.0000000E+00  0.0000000E+00
  0.0000000E+00  0.0000000E+00
  0.0000000E+00  0.0000000E+00
  0.0000000E+00  0.0000000E+00
  0.0000000E+00  0.0000000E+00
  0.0000000E+00  0.0000000E+00
  0.0000000E+00  0.0000000E+00
  0.0000000E+00  0.0000000E+00
  0.0000000E+00  0.0000000E+00
  0.0000000E+00  0.0000000E+00
  0.0000000E+00  0.0000000E+00
  0.0000000E+00  0.0000000E+00
  0.0000000E+00  0.0000000E+00
  0.0000000E+00  0.0000000E+00
  0.0000000E+00  0.0000000E+00
  0.0000000E+00  0.0000000E+00
  0.0000000E+00  0.0000000E+00
  0.0000000E+00  0.0000000E+00
  0.0000000E+00  0.0000000E+00
  0.0000000E+00  0.0000000E+00
  0.0000000E+00  0.0000000E+00
  0.0000000E+00  0.0000000E+00
  0.0000000E+00  0.0000000E+00
  0.0000000E+00  0.0000000E+00
  0.0000000E+00  0.0000000E+00
  0.0000000E+00  0.0000000E+00
  0.0000000E+00  0.0000000E+00
  0.0000000E+00  0.0000000E+00
  0.0000000E+00  0.0000000E+00
  0.0000000E+00  0.0000000E+00
  0.0000000E+00  0.0000000E+00
  0.0000000E+00  0.0000000E+00
  0.0000000E+00  0.0000000E+00
  0.0000000E+00  0.0000000E+00
  0.0000000E+00  0.0000000E+00
  0.0000000E+00  0.0000000E+00
  0.0000000E+00  0.0000000E+00
  0.0000000E+00  0.0000000E+00
  0.0000000E+00  0.0000000E+00
  0.0000000E+00  0.0000000E+00
  0.0000000E+00  0.0000000E+00
  0.0000000E+00  0.0000000E+00
  0.0000000E+00  0.0000000E+00
  0.0000000E+00  0.0000000E+00
  0.0000000E+00  0.0000000E+00
  0.0000000E+00  0.0000000E+00
  0.0000000E+00  0.0000000E+00
  0.0000000E+00  0.0000000E+00
  0.0000000E+00  0.0000000E+00
  0.0000000E+00  0.0000000E+00
  0.0000000E+00  0.0000000E+00
  0.0000000E+00  0.0000000E+00
  0.0000000E+00  0.0000000E+00
  0.0000000E+00  0.0000000E+00
  0.0000000E+00  0.0000000E+00
  0.0000000E+00  0.0000000E+00
  0.0000000E+00  0.0000000E+00
  0.0000000E+00  0.0000000E+00
  0.0000000E+00  0.0000000E+00
  0.0000000E+00  0.0000000E+00
  0.0000000E+00  0.0000000E+00
  0.0000000E+00  0.0000000E+00
  0.0000000E+00  0.0000000E+00
  0.0000000E+00  0.0000000E+00
  0.0000000E+00  0.0000000E+00
  0.0000000E+00  0.0000000E+00
  0.0000000E+00  0.0000000E+00
  0.0000000E+00  0.0000000E+00
  0.0000000E+00  0.0000000E+00
  0.0000000E+00  0.0000000E+00
  0.0000000E+00  0.0000000E+00
  0.0000000E+00  0.0000000E+00
  0.0000000E+00  0.0000000E+00
  0.0000000E+00  0.0000000E+00
  0.0000000E+00  0.0000000E+00
  0.0000000E+00  0.0000000E+00
  0.0000000E+00  0.0000000E+00
  0.0000000E+00  0.0000000E+00
  0.0000000E+00  0.0000000E+00
  0.0000000E+00  0.0000000E+00
  0.0000000E+00  0.0000000E+00
  0.0000000E+00  0.0000000E+00
  0.0000000E+00  0.0000000E+00
  0.0000000E+00  0.0000000E+00
  0.0000000E+00  0.0000000E+00
  0.0000000E+00  0.0000000E+00
  0.0000000E+00  0.0000000E+00
  0.0000000E+00  0.0000000E+00
  0.0000000E+00  0.0000000E+00
  0.0000000E+00  0.0000000E+00
  0.0000000E+00  0.0000000E+00
  0.0000000E+00  0.0000000E+00
  0.0000000E+00  0.0000000E+00
  0.0000000E+00  0.0000000E+00
  0.0000000E+00  0.0000000E+00
  0.0000000E+00  0.0000000E+00
  0.0000000E+00  0.0000000E+00
  0.0000000E+00  0.0000000E+00
  0.0000000E+00  0.0000000E+00
  0.0000000E+00  0.0000000E+00
  0.0000000E+00  0.0000000E+00
  0.0000000E+00  0.0000000E+00
  0.0000000E+00  0.0000000E+00
  0.0000000E+00  0.0000000E+00
  0.0000000E+00  0.0000000E+00
  0.0000000E+00  0.0000000E+00
  0.0000000E+00  0.0000000E+00
  0.0000000E+00  0.0000000E+00
  0.0000000E+00  0.0000000E+00
  0.0000000E+00  0.0000000E+00
  0.0000000E+00  0.0000000E+00
  0.0000000E+00  0.0000000E+00
  0.0000000E+00  0.0000000E+00
  0.0000000E+00  0.0000000E+00
  0.0000000E+00  0.0000000E+00
  0.0000000E+00  0.0000000E+00
  0.0000000E+00  0.0000000E+00
  0.0000000E+00  0.0000000E+00
  0.0000000E+00  0.0000000E+00
  0.0000000E+00  0.0000000E+00
  0.0000000E+00  0.0000000E+00
  0.0000000E+00  0.0000000E+00
  0.0000000E+00  0.0000000E+00
  0.0000000E+00  0.0000000E+00
  0.0000000E+00  0.0000000E+00
  0.0000000E+00  0.0000000E+00
  0.0000000E+00  0.0000000E+00
  0.0000000E+00  0.0000000E+00
  0.0000000E+00  0.0000000E+00
  0.0000000E+00  0.0000000E+00
  0.0000000E+00  0.0000000E+00
  0.0000000E+00  0.0000000E+00
  0.0000000E+00  0.0000000E+00
  0.0000000E+00  0.0000000E+00
  0.0000000E+00  0.0000000E+00
  0.0000000E+00  0.0000000E+00
  0.0000000E+00  0.0000000E+00
  0.0000000E+00  0.0000000E+00
  0.0000000E+00  0.0000000E+00
  0.0000000E+00  0.0000000E+00
  0.0000000E+00  0.0000000E+00
  0.0000000E+00  0.0000000E+00
  0.0000000E+00  0.0000000E+00
  0.0000000E+00  0.0000000E+00
  0.0000000E+00  0.0000000E+00
  0.0000000E+00  0.0000000E+00
  0.0000000E+00  0.0000000E+00
  0.0000000E+00  0.0000000E+00
  0.0000000E+00  0.0000000E+00
  0.0000000E+00  0.0000000E+00
  0.0000000E+00  0.0000000E+00
  0.0000000E+00  0.0000000E+00
  0.0000000E+00  0.0000000E+00
  0.0000000E+00  0.0000000E+00
  0.0000000E+00  0.0000000E+00
  0.0000000E+00  0.0000000E+00
  0.0000000E+00  0.0000000E+00
  0.0000000E+00  0.0000000E+00
  0.0000000E+00  0.0000000E+00
  0.0000000E+00  0.0000000E+00
  0.0000000E+00  0.0000000E+00
  0.0000000E+00  0.0000000E+00
  0.0000000E+00  0.0000000E+00
  0.0000000E+00  0.0000000E+00
  0.0000000E+00  0.0000000E+00
  0.0000000E+00  0.0000000E+00
  0.0000000E+00  0.0000000E+00
  0.0000000E+00  0.0000000E+00
  0.0000000E+00  0.0000000E+00
  0.0000000E+00  0.0000000E+00
  0.0000000E+00  0.0000000E+00
  0.0000000E+00  0.0000000E+00
  0.0000000E+00  0.0000000E+00
  0.0000000E+00  0.0000000E+00
  0.0000000E+00  0.0000000E+00
  0.0000000E+00  0.0000000E+00
  0.0000000E+00  0.0000000E+00
  0.0000000E+00  0.0000000E+00
  0.0000000E+00  0.0000000E+00
  0.0000000E+00  0.0000000E+00
  0.0000000E+00  0.0000000E+00
  0.0000000E+00  0.0000000E+00
  0.0000000E+00  0.0000000E+00
  0.0000000E+00  0.0000000E+00
  0.0000000E+00  0.0000000E+00
  0.0000000E+00  0.0000000E+00
  0.0000000E+00  0.0000000E+00
  0.0000000E+00  0.0000000E+00
  0.0000000E+00  0.0000000E+00
  0.0000000E+00  0.0000000E+00
  0.0000000E+00  0.0000000E+00
  0.0000000E+00  0.0000000E+00
  0.0000000E+00  0.0000000E+00
  0.0000000E+00  0.0000000E+00
  0.0000000E+00  0.0000000E+00
  0.0000000E+00  0.0000000E+00
  0.0000000E+00  0.0000000E+00
  0.0000000E+00  0.0000000E+00
  0.0000000E+00  0.0000000E+00
  0.0000000E+00  0.0000000E+00
  0.0000000E+00  0.0000000E+00
  0.0000000E+00  0.0000000E+00
  0.0000000E+00  0.0000000E+00
  0.0000000E+00  0.0000000E+00
  0.0000000E+00  0.0000000E+00
  0.0000000E+00  0.0000000E+00
  0.0000000E+00  0.0000000E+00
  0.0000000E+00  0.0000000E+00
  0.0000000E+00  0.0000000E+00
  0.0000000E+00  0.0000000E+00
  0.0000000E+00  0.0000000E+00
  0.0000000E+00  0.0000000E+00
  0.0000000E+00  0.0000000E+00
  0.0000000E+00  0.0000000E+00
  0.0000000E+00  0.0000000E+00
  0.0000000E+00  0.0000000E+00
  0.0000000E+00  0.0000000E+00
  0.0000000E+00  0.0000000E+00
  0.0000000E+00  0.0000000E+00
  0.0000000E+00  0.0000000E+00
  0.0000000E+00  0.0000000E+00
  0.0000000E+00  0.0000000E+00
  0.0000000E+00  0.0000000E+00
  0.0000000E+00  0.0000000E+00
  0.0000000E+00  0.0000000E+00
  0.0000000E+00  0.0000000E+00
  0.0000000E+00  0.0000000E+00
  0.0000000E+00  0.0000000E+00
  0.0000000E+00  0.0000000E+00
  0.0000000E+00  0.0000000E+00
  0.0000000E+00  0.0000000E+00
  0.0000000E+00  0.0000000E+00
  0.0000000E+00  0.0000000E+00
  0.0000000E+00  0.0000000E+00
  0.0000000E+00  0.0000000E+00
  0.0000000E+00  0.0000000E+00
  0.0000000E+00  0.0000000E+00
  0.0000000E+00  0.0000000E+00
  0.0000000E+00  0.0000000E+00
  0.0000000E+00  0.0000000E+00
  0.0000000E+00  0.0000000E+00
  0.0000000E+00  0.0000000E+00
  0.0000000E+00  0.0000000E+00
  0.0000000E+00  0.0000000E+00
  0.0000000E+00  0.0000000E+00
  0.0000000E+00  0.0000000E+00
  0.0000000E+00  0.0000000E+00
  0.0000000E+00  0.0000000E+00
  0.0000000E+00  0.0000000E+00
  0.0000000E+00  0.0000000E+00
  0.0000000E+00  0.0000000E+00
  0.0000000E+00  0.0000000E+00
  0.0000000E+00  0.0000000E+00
  0.0000000E+00  0.0000000E+00
  0.0000000E+00  0.0000000E+00
  0.0000000E+00  0.0000000E+00
  0.0000000E+00  0.0000000E+00
  0.0000000E+00  0.0000000E+00
  0.0000000E+00  0.0000000E+00
  0.0000000E+00  0.0000000E+00
  0.0000000E+00  0.0000000E+00
  0.0000000E+00  0.0000000E+00
  0.0000000E+00  0.0000000E+00
  0.0000000E+00  0.0000000E+00
  0.0000000E+00  0.0000000E+00
  0.0000000E+00  0.0000000E+00
  0.0000000E+00  0.0000000E+00
  0.0000000E+00  0.0000000E+00
  0.0000000E+00  0.0000000E+00
  0.0000000E+00  0.0000000E+00
  0.0000000E+00  0.0000000E+00
  0.0000000E+00  0.0000000E+00
  0.0000000E+00  0.0000000E+00
  0.0000000E+00  0.0000000E+00
  0.0000000E+00  0.0000000E+00
  0.0000000E+00  0.0000000E+00
  0.0000000E+00  0.0000000E+00
  0.0000000E+00  0.0000000E+00
  0.0000000E+00  0.0000000E+00
  0.0000000E+00  0.0000000E+00
  0.0000000E+00  0.0000000E+00
  0.0000000E+00  0.0000000E+00
  0.0000000E+00  0.0000000E+00
  0.0000000E+00  0.0000000E+00
  0.0000000E+00  0.0000000E+00
  0.0000000E+00  0.0000000E+00
  0.0000000E+00  0.0000000E+00
  0.0000000E+00  0.0000000E+00
  0.0000000E+00  0.0000000E+00
  0.0000000E+00  0.0000000E+00
  0.0000000E+00  0.0000000E+00
  0.0000000E+00  0.0000000E+00
  0.0000000E+00  0.0000000E+00
  0.0000000E+00  0.0000000E+00
  0.0000000E+00  0.0000000E+00
  0.0000000E+00  0.0000000E+00
  0.0000000E+00  0.0000000E+00
  0.0000000E+00  0.0000000E+00
  0.0000000E+00  0.0000000E+00
  0.0000000E+00  0.0000000E+00
  0.0000000E+00  0.0000000E+00
  0.0000000E+00  0.0000000E+00
  0.0000000E+00  0.0000000E+00
  0.0000000E+00  0.0000000E+00
  0.0000000E+00  0.0000000E+00
  0.0000000E+00  0.0000000E+00
  0.0000000E+00  0.0000000E+00
  0.0000000E+00  0.0000000E+00
  0.0000000E+00  0.0000000E+00
  0.0000000E+00  0.0000000E+00
  0.0000000E+00  0.0000000E+00
  0.0000000E+00  0.0000000E+00
  0.0000000E+00  0.0000000E+00
  0.0000000E+00  0.0000000E+00
  0.0000000E+00  0.0000000E+00
  0.0000000E+00  0.0000000E+00
  0.0000000E+00  0.0000000E+00
  0.0000000E+00  0.0000000E+00
  0.0000000E+00  0.0000000E+00
  0.0000000E+00  0.0000000E+00
  0.0000000E+00  0.0000000E+00
  0.0000000E+00  0.0000000E+00
  0.0000000E+00  0.0000000E+00
  0.0000000E+00  0.0000000E+00
  0.0000000E+00  0.0000000E+00
  0.0000000E+00  0.0000000E+00
  0.0000000E+00  0.0000000E+00
  0.0000000E+00  0.0000000E+00
  0.0000000E+00  0.0000000E+00
  0.0000000E+00  0.0000000E+00
  0.0000000E+00  0.0000000E+00
  0.0000000E+00  0.0000000E+00
  0.0000000E+00  0.0000000E+00
  0.0000000E+00  0.0000000E+00
  0.0000000E+00  0.0000000E+00
  0.0000000E+00  0.0000000E+00
  0.0000000E+00  0.0000000E+00
  0.0000000E+00  0.0000000E+00
  0.0000000E+00  0.0000000E+00
  0.0000000E+00  0.0000000E+00
  0.0000000E+00  0.0000000E+00
  0.0000000E+00  0.0000000E+00
  0.0000000E+00  0.0000000E+00
  0.0000000E+00  0.0000000E+00
  0.0000000E+00  0.0000000E+00
  0.0000000E+00  0.0000000E+00
  0.0000000E+00  0.0000000E+00
  0.0000000E+00  0.0000000E+00
  0.0000000E+00  0.0000000E+00
  0.0000000E+00  0.0000000E+00
  0.0000000E+00  0.0000000E+00
  0.0000000E+00  0.0000000E+00
  0.0000000E+00  0.0000000E+00
  0.0000000E+00  0.0000000E+00
  0.0000000E+00  0.0000000E+00
  0.0000000E+00  0.0000000E+00
  0.0000000E+00  0.0000000E+00
  0.0000000E+00  0.0000000E+00
  0.0000000E+00  0.0000000E+00
  0.0000000E+00  0.0000000E+00
  0.0000000E+00  0.0000000E+00
  0.0000000E+00  0.0000000E+00
  0.0000000E+00  0.0000000E+00
  0.0000000E+00  0.0000000E+00
  0.0000000E+00  0.0000000E+00
  0.0000000E+00  0.0000000E+00
  0.0000000E+00  0.0000000E+00
  0.0000000E+00  0.0000000E+00
  0.0000000E+00  0.0000000E+00
  0.0000000E+00  0.0000000E+00
  0.0000000E+00  0.0000000E+00
  0.0000000E+00  0.0000000E+00
  0.0000000E+00  0.0000000E+00
  0.0000000E+00  0.0000000E+00
  0.0000000E+00  0.0000000E+00
  0.0000000E+00  0.0000000E+00
  0.0000000E+00  0.0000000E+00
  0.0000000E+00  0.0000000E+00
  0.0000000E+00  0.0000000E+00
  0.0000000E+00  0.0000000E+00
  0.0000000E+00  0.0000000E+00
  0.0000000E+00  0.0000000E+00
  0.0000000E+00  0.0000000E+00
  0.0000000E+00  0.0000000E+00
  0.0000000E+00  0.0000000E+00
  0.0000000E+00  0.0000000E+00
  0.0000000E+00  0.0000000E+00
  0.0000000E+00  0.0000000E+00
  0.0000000E+00  0.0000000E+00
  0.0000000E+00  0.0000000E+00
  0.0000000E+00  0.0000000E+00
  0.0000000E+00  0.0000000E+00
  0.0000000E+00  0.0000000E+00
  0.0000000E+00  0.0000000E+00
  0.0000000E+00  0.0000000E+00
  0.0000000E+00  0.0000000E+00
  0.0000000E+00  0.0000000E+00
  0.0000000E+00  0.0000000E+00
  0.0000000E+00  0.0000000E+00
  0.0000000E+00  0.0000000E+00
  0.0000000E+00  0.0000000E+00
  0.0000000E+00  0.0000000E+00
  0.0000000E+00  0.0000000E+00
  0.0000000E+00  0.0000000E+00
  0.0000000E+00  0.0000000E+00
  0.0000000E+00  0.0000000E+00
  0.0000000E+00  0.0000000E+00
  0.0000000E+00  0.0000000E+00
  0.0000000E+00  0.0000000E+00
  0.0000000E+00  0.0000000E+00
  0.0000000E+00  0.0000000E+00
  0.0000000E+00  0.0000000E+00
  0.0000000E+00  0.0000000E+00
  0.0000000E+00  0.0000000E+00
  0.0000000E+00  0.0000000E+00
  0.0000000E+00  0.0000000E+00
  0.0000000E+00  0.0000000E+00
  0.0000000E+00  0.0000000E+00
  0.0000000E+00  0.0000000E+00
  0.0000000E+00  0.0000000E+00
  0.0000000E+00  0.0000000E+00
  0.0000000E+00  0.0000000E+00
  0.0000000E+00  0.0000000E+00
  0.0000000E+00  0.0000000E+00
  0.0000000E+00  0.0000000E+00
  0.0000000E+00  0.0000000E+00
  0.0000000E+00  0.0000000E+00
  0.0000000E+00  0.0000000E+00
  0.0000000E+00  0.0000000E+00
  0.0000000E+00  0.0000000E+00
  0.0000000E+00  0.0000000E+00
  0.0000000E+00  0.0000000E+00
  0.0000000E+00  0.0000000E+00
  0.0000000E+00  0.0000000E+00
  0.0000000E+00  0.0000000E+00
  0.0000000E+00  0.0000000E+00
  0.0000000E+00  0.0000000E+00
  0.0000000E+00  0.0000000E+00
  0.0000000E+00  0.0000000E+00
  0.0000000E+00  0.0000000E+00
  0.0000000E+00  0.0000000E+00
  0.0000000E+00  0.0000000E+00
  0.0000000E+00  0.0000000E+00
  0.0000000E+00  0.0000000E+00
  0.0000000E+00  0.0000000E+00
  0.0000000E+00  0.0000000E+00
  0.0000000E+00  0.0000000E+00
  0.0000000E+00  0.0000000E+00
  0.0000000E+00  0.0000000E+00
  0.0000000E+00  0.0000000E+00
  0.0000000E+00  0.0000000E+00
  0.0000000E+00  0.0000000E+00
  0.0000000E+00  0.0000000E+00
  0.0000000E+00  0.0000000E+00
  0.0000000E+00  0.0000000E+00
  0.0000000E+00  0.0000000E+00
  0.0000000E+00  0.0000000E+00
  0.0000000E+00  0.0000000E+00
  0.0000000E+00  0.0000000E+00
  0.0000000E+00  0.0000000E+00
  0.0000000E+00  0.0000000E+00
  0.0000000E+00  0.0000000E+00
  0.0000000E+00  0.0000000E+00
  0.0000000E+00  0.0000000E+00
  0.0000000E+00  0.0000000E+00
  0.0000000E+00  0.0000000E+00
  0.0000000E+00  0.0000000E+00
  0.0000000E+00  0.0000000E+00
  0.0000000E+00  0.0000000E+00
  0.0000000E+00  0.0000000E+00
  0.0000000E+00  0.0000000E+00
  0.0000000E+00  0.0000000E+00
  0.0000000E+00  0.0000000E+00
  0.0000000E+00  0.0000000E+00
  0.0000000E+00  0.0000000E+00
  0.0000000E+00  0.0000000E+00
  0.0000000E+00  0.0000000E+00
  0.0000000E+00  0.0000000E+00
  0.0000000E+00  0.0000000E+00
  0.0000000E+00  0.0000000E+00
  0.0000000E+00  0.0000000E+00
  0.0000000E+00  0.0000000E+00
  0.0000000E+00  0.0000000E+00
  0.0000000E+00  0.0000000E+00
  0.0000000E+00  0.0000000E+00
  0.0000000E+00  0.0000000E+00
  0.0000000E+00  0.0000000E+00
  0.0000000E+00  0.0000000E+00
  0.0000000E+00  0.0000000E+00
  0.0000000E+00  0.0000000E+00
  0.0000000E+00  0.0000000E+00
  0.0000000E+00  0.0000000E+00
  0.0000000E+00  0.0000000E+00
  0.0000000E+00  0.0000000E+00
  0.0000000E+00  0.0000000E+00
  0.0000000E+00  0.0000000E+00
  0.0000000E+00  0.0000000E+00
  0.0000000E+00  0.0000000E+00
  0.0000000E+00  0.0000000E+00
  0.0000000E+00  0.0000000E+00
  0.0000000E+00  0.0000000E+00
  0.0000000E+00  0.0000000E+00
  0.0000000E+00  0.0000000E+00
  0.0000000E+00  0.0000000E+00
  0.0000000E+00  0.0000000E+00
  0.0000000E+00  0.0000000E+00
  0.0000000E+00  0.0000000E+00
  0.0000000E+00  0.0000000E+00
  0.0000000E+00  0.0000000E+00
  0.0000000E+00  0.0000000E+00
  0.0000000E+00  0.0000000E+00
  0.0000000E+00  0.0000000E+00
  0.0000000E+00  0.0000000E+00
  0.0000000E+00  0.0000000E+00
  0.0000000E+00  0.0000000E+00
  0.0000000E+00  0.0000000E+00
  0.0000000E+00  0.0000000E+00
  0.0000000E+00  0.0000000E+00
  0.0000000E+00  0.0000000E+00
  0.0000000E+00  0.0000000E+00
  0.0000000E+00  0.0000000E+00
  0.0000000E+00  0.0000000E+00
  0.0000000E+00  0.0000000E+00
  0.0000000E+00  0.0000000E+00
  0.0000000E+00  0.0000000E+00
  0.0000000E+00  0.0000000E+00
  0.0000000E+00  0.0000000E+00
  0.0000000E+00  0.0000000E+00
  0.0000000E+00  0.0000000E+00
  0.0000000E+00  0.0000000E+00
  0.0000000E+00  0.0000000E+00
  0.0000000E+00  0.0000000E+00
  0.0000000E+00  0.0000000E+00
  0.0000000E+00  0.0000000E+00
  0.0000000E+00  0.0000000E+00
  0.0000000E+00  0.0000000E+00
  0.0000000E+00  0.0000000E+00
  0.0000000E+00  0.0000000E+00
  0.0000000E+00  0.0000000E+00
  0.0000000E+00  0.0000000E+00
  0.0000000E+00  0.0000000E+00
  0.0000000E+00  0.0000000E+00
  0.0000000E+00  0.0000000E+00
  0.0000000E+00  0.0000000E+00
  0.0000000E+00  0.0000000E+00
  0.0000000E+00  0.0000000E+00
  0.0000000E+00  0.0000000E+00
  0.0000000E+00  0.0000000E+00
  0.0000000E+00  0.0000000E+00
  0.0000000E+00  0.0000000E+00
  0.0000000E+00  0.0000000E+00
  0.0000000E+00  0.0000000E+00
  0.0000000E+00  0.0000000E+00
  0.0000000E+00  0.0000000E+00
  0.0000000E+00  0.0000000E+00
  0.0000000E+00  0.0000000E+00
  0.0000000E+00  0.0000000E+00
  0.0000000E+00  0.0000000E+00
  0.0000000E+00  0.0000000E+00
  0.0000000E+00  0.0000000E+00
  0.0000000E+00  0.0000000E+00
  0.0000000E+00  0.0000000E+00
  0.0000000E+00  0.0000000E+00
  0.0000000E+00  0.0000000E+00
  0.0000000E+00  0.0000000E+00
  0.0000000E+00  0.0000000E+00
  0.0000000E+00  0.0000000E+00
  0.0000000E+00  0.0000000E+00
  0.0000000E+00  0.0000000E+00
  0.0000000E+00  0.0000000E+00
  0.0000000E+00  0.0000000E+00
  0.0000000E+00  0.0000000E+00
  0.0000000E+00  0.0000000E+00
  0.0000000E+00  0.0000000E+00
  0.0000000E+00  0.0000000E+00
  0.0000000E+00  0.0000000E+00
  0.0000000E+00  0.0000000E+00
  0.0000000E+00  0.0000000E+00
  0.0000000E+00  0.0000000E+00
  0.0000000E+00  0.0000000E+00
  0.0000000E+00  0.0000000E+00
  0.0000000E+00  0.0000000E+00
  0.0000000E+00  0.0000000E+00
  0.0000000E+00  0.0000000E+00
  0.0000000E+00  0.0000000E+00
  0.0000000E+00  0.0000000E+00
  0.0000000E+00  0.0000000E+00
  0.0000000E+00  0.0000000E+00
  0.0000000E+00  0.0000000E+00
  0.0000000E+00  0.0000000E+00
  0.0000000E+00  0.0000000E+00
  0.0000000E+00  0.0000000E+00
  0.0000000E+00  0.0000000E+00
  0.0000000E+00  0.0000000E+00
  0.0000000E+00  0.0000000E+00
  0.0000000E+00  0.0000000E+00
  0.0000000E+00  0.0000000E+00
  0.0000000E+00  0.0000000E+00
  0.0000000E+00  0.0000000E+00
  0.0000000E+00  0.0000000E+00
  0.0000000E+00  0.0000000E+00
  0.0000000E+00  0.0000000E+00
  0.0000000E+00  0.0000000E+00
  0.0000000E+00  0.0000000E+00
  0.0000000E+00  0.0000000E+00
  0.0000000E+00  0.0000000E+00
  0.0000000E+00  0.0000000E+00
  0.0000000E+00  0.0000000E+00
  0.0000000E+00  0.0000000E+00
  0.0000000E+00  0.0000000E+00
  0.0000000E+00  0.0000000E+00
  0.0000000E+00  0.0000000E+00
  0.0000000E+00  0.0000000E+00
  0.0000000E+00  0.0000000E+00
  0.0000000E+00  0.0000000E+00
  0.0000000E+00  0.0000000E+00
  0.0000000E+00  0.0000000E+00
  0.0000000E+00  0.0000000E+00
  0.0000000E+00  0.0000000E+00
  0.0000000E+00  0.0000000E+00
  0.0000000E+00  0.0000000E+00
  0.0000000E+00  0.0000000E+00
  0.0000000E+00  0.0000000E+00
  0.0000000E+00  0.0000000E+00
  0.0000000E+00  0.0000000E+00
  0.0000000E+00  0.0000000E+00
  0.0000000E+00  0.0000000E+00
  0.0000000E+00  0.0000000E+00
  0.0000000E+00  0.0000000E+00
  0.0000000E+00  0.0000000E+00
  0.0000000E+00  0.0000000E+00
  0.0000000E+00  0.0000000E+00
  0.0000000E+00  0.0000000E+00
  0.0000000E+00  0.0000000E+00
  0.0000000E+00  0.0000000E+00
  0.0000000E+00  0.0000000E+00
  0.0000000E+00  0.0000000E+00
  0.0000000E+00  0.0000000E+00
  0.0000000E+00  0.0000000E+00
  0.0000000E+00  0.0000000E+00
  0.0000000E+00  0.0000000E+00
  0.0000000E+00  0.0000000E+00
  0.0000000E+00  0.0000000E+00
  0.0000000E+00  0.0000000E+00
  0.0000000E+00  0.0000000E+00
  0.0000000E+00  0.0000000E+00
  0.0000000E+00  0.0000000E+00
  0.0000000E+00  0.0000000E+00
  0.0000000E+00  0.0000000E+00
  0.0000000E+00  0.0000000E+00
  0.0000000E+00  0.0000000E+00
  0.0000000E+00  0.0000000E+00
  0.0000000E+00  0.0000000E+00
  0.0000000E+00  0.0000000E+00
  0.0000000E+00  0.0000000E+00
  0.0000000E+00  0.0000000E+00
  0.0000000E+00  0.0000000E+00
  0.0000000E+00  0.0000000E+00
  0.0000000E+00  0.0000000E+00
  0.0000000E+00  0.0000000E+00
  0.0000000E+00  0.0000000E+00
  0.0000000E+00  0.0000000E+00
  0.0000000E+00  0.0000000E+00
  0.0000000E+00  0.0000000E+00
  0.0000000E+00  0.0000000E+00
  0.0000000E+00  0.0000000E+00
  0.0000000E+00  0.0000000E+00
  0.0000000E+00  0.0000000E+00
  0.0000000E+00  0.0000000E+00
  0.0000000E+00  0.0000000E+00
  0.0000000E+00  0.0000000E+00
  0.0000000E+00  0.0000000E+00
  0.0000000E+00  0.0000000E+00
  0.0000000E+00  0.0000000E+00
  0.0000000E+00  0.0000000E+00
  0.0000000E+00  0.0000000E+00
  0.0000000E+00  0.0000000E+00
  0.0000000E+00  0.0000000E+00
  0.0000000E+00  0.0000000E+00
  0.0000000E+00  0.0000000E+00
  0.0000000E+00  0.0000000E+00
  0.0000000E+00  0.0000000E+00
  0.0000000E+00  0.0000000E+00
  0.0000000E+00  0.0000000E+00
  0.0000000E+00  0.0000000E+00
  0.0000000E+00  0.0000000E+00
  0.0000000E+00  0.0000000E+00
  0.0000000E+00  0.0000000E+00
  0.0000000E+00  0.0000000E+00
  0.0000000E+00  0.0000000E+00
  0.0000000E+00  0.0000000E+00
  0.0000000E+00  0.0000000E+00
  0.0000000E+00  0.0000000E+00
  0.0000000E+00  0.0000000E+00
  0.0000000E+00  0.0000000E+00
  0.0000000E+00  0.0000000E+00
  0.0000000E+00  0.0000000E+00
  0.0000000E+00  0.0000000E+00
  0.0000000E+00  0.0000000E+00
  0.0000000E+00  0.0000000E+00
  0.0000000E+00  0.0000000E+00
  0.0000000E+00  0.0000000E+00
  0.0000000E+00  0.0000000E+00
  0.0000000E+00  0.0000000E+00
  0.0000000E+00  0.0000000E+00
  0.0000000E+00  0.0000000E+00
  0.0000000E+00  0.0000000E+00
  0.0000000E+00  0.0000000E+00
  0.0000000E+00  0.0000000E+00
  0.0000000E+00  0.0000000E+00
  0.0000000E+00  0.0000000E+00
  0.0000000E+00  0.0000000E+00
  0.0000000E+00  0.0000000E+00
  0.0000000E+00  0.0000000E+00
  0.0000000E+00  0.0000000E+00
  0.0000000E+00  0.0000000E+00
  0.0000000E+00  0.0000000E+00
  0.0000000E+00  0.0000000E+00
  0.0000000E+00  0.0000000E+00
  0.0000000E+00  0.0000000E+00
  0.0000000E+00  0.0000000E+00
  0.0000000E+00  0.0000000E+00
  0.0000000E+00  0.0000000E+00
  0.0000000E+00  0.0000000E+00
  0.0000000E+00  0.0000000E+00
  0.0000000E+00  0.0000000E+00
  0.0000000E+00  0.0000000E+00
  0.0000000E+00  0.0000000E+00
  0.0000000E+00  0.0000000E+00
  0.0000000E+00  0.0000000E+00
  0.0000000E+00  0.0000000E+00
  0.0000000E+00  0.0000000E+00
  0.0000000E+00  0.0000000E+00
  0.0000000E+00  0.0000000E+00
  0.0000000E+00  0.0000000E+00
  0.0000000E+00  0.0000000E+00
  0.0000000E+00  0.0000000E+00
  0.0000000E+00  0.0000000E+00
  0.0000000E+00  0.0000000E+00
  0.0000000E+00  0.0000000E+00
  0.0000000E+00  0.0000000E+00
  0.0000000E+00  0.0000000E+00
  0.0000000E+00  0.0000000E+00
  0.0000000E+00  0.0000000E+00
  0.0000000E+00  0.0000000E+00
  0.0000000E+00  0.0000000E+00
  0.0000000E+00  0.0000000E+00
  0.0000000E+00  0.0000000E+00
  0.0000000E+00  0.0000000E+00
  0.0000000E+00  0.0000000E+00
  0.0000000E+00  0.0000000E+00
  0.0000000E+00  0.0000000E+00
  0.0000000E+00  0.0000000E+00
  0.0000000E+00  0.0000000E+00
  0.0000000E+00  0.0000000E+00
  0.0000000E+00  0.0000000E+00
  0.0000000E+00  0.0000000E+00
  0.0000000E+00  0.0000000E+00
  0.0000000E+00  0.0000000E+00
  0.0000000E+00  0.0000000E+00
  0.0000000E+00  0.0000000E+00
  0.0000000E+00  0.0000000E+00
  0.0000000E+00  0.0000000E+00
  0.0000000E+00  0.0000000E+00
  0.0000000E+00  0.0000000E+00
  0.0000000E+00  0.0000000E+00
  0.0000000E+00  0.0000000E+00
  0.0000000E+00  0.0000000E+00
  0.0000000E+00  0.0000000E+00
  0.0000000E+00  0.0000000E+00
  0.0000000E+00  0.0000000E+00
  0.0000000E+00  0.0000000E+00
  0.0000000E+00  0.0000000E+00
  0.0000000E+00  0.0000000E+00
  0.0000000E+00  0.0000000E+00
  0.0000000E+00  0.0000000E+00
  0.0000000E+00  0.0000000E+00
  0.0000000E+00  0.0000000E+00
  0.0000000E+00  0.0000000E+00
  0.0000000E+00  0.0000000E+00
  0.0000000E+00  0.0000000E+00
  0.0000000E+00  0.0000000E+00
  0.0000000E+00  0.0000000E+00
  0.0000000E+00  0.0000000E+00
  0.0000000E+00  0.0000000E+00
  0.0000000E+00  0.0000000E+00
  0.0000000E+00  0.0000000E+00
  0.0000000E+00  0.0000000E+00
  0.0000000E+00  0.0000000E+00
  0.0000000E+00  0.0000000E+00
  0.0000000E+00  0.0000000E+00
  0.0000000E+00  0.0000000E+00
  0.0000000E+00  0.0000000E+00
  0.0000000E+00  0.0000000E+00
  0.0000000E+00  0.0000000E+00
  0.0000000E+00  0.0000000E+00
  0.0000000E+00  0.0000000E+00
  0.0000000E+00  0.0000000E+00
  0.0000000E+00  0.0000000E+00
  0.0000000E+00  0.0000000E+00
  0.0000000E+00  0.0000000E+00
  0.0000000E+00  0.0000000E+00
  0.0000000E+00  0.0000000E+00
  0.0000000E+00  0.0000000E+00
  0.0000000E+00  0.0000000E+00
  0.0000000E+00  0.0000000E+00
  0.0000000E+00  0.0000000E+00
  0.0000000E+00  0.0000000E+00
  0.0000000E+00  0.0000000E+00
  0.0000000E+00  0.0000000E+00
  0.0000000E+00  0.0000000E+00
  0.0000000E+00  0.0000000E+00
  0.0000000E+00  0.0000000E+00
  0.0000000E+00  0.0000000E+00
  0.0000000E+00  0.0000000E+00
  0.0000000E+00  0.0000000E+00
  0.0000000E+00  0.0000000E+00
  0.0000000E+00  0.0000000E+00
  0.0000000E+00  0.0000000E+00
  0.0000000E+00  0.0000000E+00
  0.0000000E+00  0.0000000E+00
  0.0000000E+00  0.0000000E+00
  0.0000000E+00  0.0000000E+00
  0.0000000E+00  0.0000000E+00
  0.0000000E+00  0.0000000E+00
  0.0000000E+00  0.0000000E+00
  0.0000000E+00  0.0000000E+00
  0.0000000E+00  0.0000000E+00
  0.0000000E+00  0.0000000E+00
  0.0000000E+00  0.0000000E+00
  0.0000000E+00  0.0000000E+00
  0.0000000E+00  0.0000000E+00
  0.0000000E+00  0.0000000E+00
  0.0000000E+00  0.0000000E+00
  0.0000000E+00  0.0000000E+00
  0.0000000E+00  0.0000000E+00
  0.0000000E+00  0.0000000E+00
  0.0000000E+00  0.0000000E+00
  0.0000000E+00  0.0000000E+00
  0.0000000E+00  0.0000000E+00
  0.0000000E+00  0.0000000E+00
  0.0000000E+00  0.0000000E+00
  0.0000000E+00  0.0000000E+00
  0.0000000E+00  0.0000000E+00
  0.0000000E+00  0.0000000E+00
  0.0000000E+00  0.0000000E+00
  0.0000000E+00  0.0000000E+00
  0.0000000E+00  0.0000000E+00
  0.0000000E+00  0.0000000E+00
  0.0000000E+00  0.0000000E+00
  0.0000000E+00  0.0000000E+00
  0.0000000E+00  0.0000000E+00
  0.0000000E+00  0.0000000E+00
  0.0000000E+00  0.0000000E+00
  0.0000000E+00  0.0000000E+00
  0.0000000E+00  0.0000000E+00
  0.0000000E+00  0.0000000E+00
  0.0000000E+00  0.0000000E+00
  0.0000000E+00  0.0000000E+00
  0.0000000E+00  0.0000000E+00
  0.0000000E+00  0.0000000E+00
  0.0000000E+00  0.0000000E+00
  0.0000000E+00  0.0000000E+00
  0.0000000E+00  0.0000000E+00
  0.0000000E+00  0.0000000E+00
  0.0000000E+00  0.0000000E+00
  0.0000000E+00  0.0000000E+00
  0.0000000E+00  0.0000000E+00
  0.0000000E+00  0.0000000E+00
  0.0000000E+00  0.0000000E+00
  0.0000000E+00  0.0000000E+00
  0.0000000E+00  0.0000000E+00
  0.0000000E+00  0.0000000E+00
  0.0000000E+00  0.0000000E+00
  0.0000000E+00  0.0000000E+00
  0.0000000E+00  0.0000000E+00
  0.0000000E+00  0.0000000E+00
  0.0000000E+00  0.0000000E+00
  0.0000000E+00  0.0000000E+00
  0.0000000E+00  0.0000000E+00
  0.0000000E+00  0.0000000E+00
  0.0000000E+00  0.0000000E+00
  0.0000000E+00  0.0000000E+00
  0.0000000E+00  0.0000000E+00
  0.0000000E+00  0.0000000E+00
  0.0000000E+00  0.0000000E+00
  0.0000000E+00  0.0000000E+00
  0.0000000E+00  0.0000000E+00
  0.0000000E+00  0.0000000E+00
  0.0000000E+00  0.0000000E+00
  0.0000000E+00  0.0000000E+00
  0.0000000E+00  0.0000000E+00
  0.0000000E+00  0.0000000E+00
  0.0000000E+00  0.0000000E+00
  0.0000000E+00  0.0000000E+00
  0.0000000E+00  0.0000000E+00
  0.0000000E+00  0.0000000E+00
  0.0000000E+00  0.0000000E+00
  0.0000000E+00  0.0000000E+00
  0.0000000E+00  0.0000000E+00
  0.0000000E+00  0.0000000E+00
  0.0000000E+00  0.0000000E+00
  0.0000000E+00  0.0000000E+00
  0.0000000E+00  0.0000000E+00
  0.0000000E+00  0.0000000E+00
  0.0000000E+00  0.0000000E+00
  0.0000000E+00  0.0000000E+00
  0.0000000E+00  0.0000000E+00
  0.0000000E+00  0.0000000E+00
  0.0000000E+00  0.0000000E+00
  0.0000000E+00  0.0000000E+00
  0.0000000E+00  0.0000000E+00
  0.0000000E+00  0.0000000E+00
  0.0000000E+00  0.0000000E+00
  0.0000000E+00  0.0000000E+00
  0.0000000E+00  0.0000000E+00
  0.0000000E+00  0.0000000E+00
  0.0000000E+00  0.0000000E+00
  0.0000000E+00  0.0000000E+00
  0.0000000E+00  0.0000000E+00
  0.0000000E+00  0.0000000E+00
  0.0000000E+00  0.0000000E+00
  0.0000000E+00  0.0000000E+00
  0.0000000E+00  0.0000000E+00
  0.0000000E+00  0.0000000E+00
  0.0000000E+00  0.0000000E+00
  0.0000000E+00  0.0000000E+00
  0.0000000E+00  0.0000000E+00
  0.0000000E+00  0.0000000E+00
  0.0000000E+00  0.0000000E+00
  0.0000000E+00  0.0000000E+00
  0.0000000E+00  0.0000000E+00
  0.0000000E+00  0.0000000E+00
  0.0000000E+00  0.0000000E+00
  0.0000000E+00  0.0000000E+00
  0.0000000E+00  0.0000000E+00
  0.0000000E+00  0.0000000E+00
  0.0000000E+00  0.0000000E+00
  0.0000000E+00  0.0000000E+00
  0.0000000E+00  0.0000000E+00
  0.0000000E+00  0.0000000E+00
  0.0000000E+00  0.0000000E+00
  0.0000000E+00  0.0000000E+00
  0.0000000E+00  0.0000000E+00
  0.0000000E+00  0.0000000E+00
  0.0000000E+00  0.0000000E+00
  0.0000000E+00  0.0000000E+00
  0.0000000E+00  0.0000000E+00
  0.0000000E+00  0.0000000E+00
  0.0000000E+00  0.0000000E+00
  0.0000000E+00  0.0000000E+00
  0.0000000E+00  0.0000000E+00
  0.0000000E+00  0.0000000E+00
  0.0000000E+00  0.0000000E+00
  0.0000000E+00  0.0000000E+00
  0.0000000E+00  0.0000000E+00
  0.0000000E+00  0.0000000E+00
  0.0000000E+00  0.0000000E+00
  0.0000000E+00  0.0000000E+00
  0.0000000E+00  0.0000000E+00
  0.0000000E+00  0.0000000E+00
  0.0000000E+00  0.0000000E+00
  0.0000000E+00  0.0000000E+00
  0.0000000E+00  0.0000000E+00
  0.0000000E+00  0.0000000E+00
  0.0000000E+00  0.0000000E+00
  0.0000000E+00  0.0000000E+00
  0.0000000E+00  0.0000000E+00
  0.0000000E+00  0.0000000E+00
  0.0000000E+00  0.0000000E+00
  0.0000000E+00  0.0000000E+00
  0.0000000E+00  0.0000000E+00
  0.0000000E+00  0.0000000E+00
  0.0000000E+00  0.0000000E+00
  0.0000000E+00  0.0000000E+00
  0.0000000E+00  0.0000000E+00
  0.0000000E+00  0.0000000E+00
  0.0000000E+00  0.0000000E+00
  0.0000000E+00  0.0000000E+00
  0.0000000E+00  0.0000000E+00
  0.0000000E+00  0.0000000E+00
  0.0000000E+00  0.0000000E+00
  0.0000000E+00  0.0000000E+00
  0.0000000E+00  0.0000000E+00
  0.0000000E+00  0.0000000E+00
  0.0000000E+00  0.0000000E+00
  0.0000000E+00  0.0000000E+00
  0.0000000E+00  0.0000000E+00
  0.0000000E+00  0.0000000E+00
  0.0000000E+00  0.0000000E+00
  0.0000000E+00  0.0000000E+00
  0.0000000E+00  0.0000000E+00
  0.0000000E+00  0.0000000E+00
  0.0000000E+00  0.0000000E+00
  0.0000000E+00  0.0000000E+00
  0.0000000E+00  0.0000000E+00
  0.0000000E+00  0.0000000E+00
  0.0000000E+00  0.0000000E+00
  0.0000000E+00  0.0000000E+00
  0.0000000E+00  0.0000000E+00
  0.0000000E+00  0.0000000E+00
  0.0000000E+00  0.0000000E+00
  0.0000000E+00  0.0000000E+00
  0.0000000E+00  0.0000000E+00
  0.0000000E+00  0.0000000E+00
  0.0000000E+00  0.0000000E+00
  0.0000000E+00  0.0000000E+00
  0.0000000E+00  0.0000000E+00
  0.0000000E+00  0.0000000E+00
  0.0000000E+00  0.0000000E+00
  0.0000000E+00  0.0000000E+00
  0.0000000E+00  0.0000000E+00
  0.0000000E+00  0.0000000E+00
  0.0000000E+00  0.0000000E+00
  0.0000000E+00  0.0000000E+00
  0.0000000E+00  0.0000000E+00
  0.0000000E+00  0.0000000E+00
  0.0000000E+00  0.0000000E+00
  0.0000000E+00  0.0000000E+00
  0.0000000E+00  0.0000000E+00
  0.0000000E+00  0.0000000E+00
  0.0000000E+00  0.0000000E+00
  0.0000000E+00  0.0000000E+00
  0.0000000E+00  0.0000000E+00
  0.0000000E+00  0.0000000E+00
  0.0000000E+00  0.0000000E+00
  0.0000000E+00  0.0000000E+00
  0.0000000E+00  0.0000000E+00
  0.0000000E+00  0.0000000E+00
  0.0000000E+00  0.0000000E+00
  0.0000000E+00  0.0000000E+00
  0.0000000E+00  0.0000000E+00
  0.0000000E+00  0.0000000E+00
  0.0000000E+00  0.0000000E+00
  0.0000000E+00  0.0000000E+00
  0.0000000E+00  0.0000000E+00
  0.0000000E+00  0.0000000E+00
  0.0000000E+00  0.0000000E+00
  0.0000000E+00  0.0000000E+00
  0.0000000E+00  0.0000000E+00
  0.0000000E+00  0.0000000E+00
  0.0000000E+00  0.0000000E+00
  0.0000000E+00  0.0000000E+00
  0.0000000E+00  0.0000000E+00
  0.0000000E+00  0.0000000E+00
  0.0000000E+00  0.0000000E+00
  0.0000000E+00  0.0000000E+00
  0.0000000E+00  0.0000000E+00
  0.0000000E+00  0.0000000E+00
  0.0000000E+00  0.0000000E+00
  0.0000000E+00  0.0000000E+00
  0.0000000E+00  0.0000000E+00
  0.0000000E+00  0.0000000E+00
  0.0000000E+00  0.0000000E+00
  0.0000000E+00  0.0000000E+00
  0.0000000E+00  0.0000000E+00
  0.0000000E+00  0.0000000E+00
  0.0000000E+00  0.0000000E+00
  0.0000000E+00  0.0000000E+00
  0.0000000E+00  0.0000000E+00
  0.0000000E+00  0.0000000E+00
  0.0000000E+00  0.0000000E+00
  0.0000000E+00  0.0000000E+00
  0.0000000E+00  0.0000000E+00
  0.0000000E+00  0.0000000E+00
  0.0000000E+00  0.0000000E+00
  0.0000000E+00  0.0000000E+00
  0.0000000E+00  0.0000000E+00
  0.0000000E+00  0.0000000E+00
  0.0000000E+00  0.0000000E+00
  0.0000000E+00  0.0000000E+00
  0.0000000E+00  0.0000000E+00
  0.0000000E+00  0.0000000E+00
  0.0000000E+00  0.0000000E+00
  0.0000000E+00  0.0000000E+00
  0.0000000E+00  0.0000000E+00
  0.0000000E+00  0.0000000E+00
  0.0000000E+00  0.0000000E+00
  0.0000000E+00  0.0000000E+00
  0.0000000E+00  0.0000000E+00
  0.0000000E+00  0.0000000E+00
  0.0000000E+00  0.0000000E+00
  0.0000000E+00  0.0000000E+00
  0.0000000E+00  0.0000000E+00
  0.0000000E+00  0.0000000E+00
  0.0000000E+00  0.0000000E+00
  0.0000000E+00  0.0000000E+00
  0.0000000E+00  0.0000000E+00
  0.0000000E+00  0.0000000E+00
  0.0000000E+00  0.0000000E+00
  0.0000000E+00  0.0000000E+00
  0.0000000E+00  0.0000000E+00
  0.0000000E+00  0.0000000E+00
  0.0000000E+00  0.0000000E+00
  0.0000000E+00  0.0000000E+00
  0.0000000E+00  0.0000000E+00
  0.0000000E+00  0.0000000E+00
  0.0000000E+00  0.0000000E+00
  0.0000000E+00  0.0000000E+00
  0.0000000E+00  0.0000000E+00
  0.0000000E+00  0.0000000E+00
  0.0000000E+00  0.0000000E+00
  0.0000000E+00  0.0000000E+00
  0.0000000E+00  0.0000000E+00
  0.0000000E+00  0.0000000E+00
  0.0000000E+00  0.0000000E+00
  0.0000000E+00  0.0000000E+00
  0.0000000E+00  0.0000000E+00
  0.0000000E+00  0.0000000E+00
  0.0000000E+00  0.0000000E+00
  0.0000000E+00  0.0000000E+00
  0.0000000E+00  0.0000000E+00
  0.0000000E+00  0.0000000E+00
  0.0000000E+00  0.0000000E+00
  0.0000000E+00  0.0000000E+00
  0.0000000E+00  0.0000000E+00
  0.0000000E+00  0.0000000E+00
  0.0000000E+00  0.0000000E+00
  0.0000000E+00  0.0000000E+00
  0.0000000E+00  0.0000000E+00
  0.0000000E+00  0.0000000E+00
  0.0000000E+00  0.0000000E+00
  0.0000000E+00  0.0000000E+00
  0.0000000E+00  0.0000000E+00
  0.0000000E+00  0.0000000E+00
  0.0000000E+00  0.0000000E+00
  0.0000000E+00  0.0000000E+00
  0.0000000E+00  0.0000000E+00
  0.0000000E+00  0.0000000E+00
  0.0000000E+00  0.0000000E+00
  0.0000000E+00  0.0000000E+00
  0.0000000E+00  0.0000000E+00
  0.0000000E+00  0.0000000E+00
  0.0000000E+00  0.0000000E+00
  0.0000000E+00  0.0000000E+00
  0.0000000E+00  0.0000000E+00
  0.0000000E+00  0.0000000E+00
  0.0000000E+00  0.0000000E+00
  0.0000000E+00  0.0000000E+00
  0.0000000E+00  0.0000000E+00
  0.0000000E+00  0.0000000E+00
  0.0000000E+00  0.0000000E+00
  0.0000000E+00  0.0000000E+00
  0.0000000E+00  0.0000000E+00
  0.0000000E+00  0.0000000E+00
  0.0000000E+00  0.0000000E+00
  0.0000000E+00  0.0000000E+00
  0.0000000E+00  0.0000000E+00
  0.0000000E+00  0.0000000E+00
  0.0000000E+00  0.0000000E+00
  0.0000000E+00  0.0000000E+00
  0.0000000E+00  0.0000000E+00
  0.0000000E+00  0.0000000E+00
  0.0000000E+00  0.0000000E+00
  0.0000000E+00  0.0000000E+00
  0.0000000E+00  0.0000000E+00
  0.0000000E+00  0.0000000E+00
  0.0000000E+00  0.0000000E+00
  0.0000000E+00  0.0000000E+00
  0.0000000E+00  0.0000000E+00
  0.0000000E+00  0.0000000E+00
  0.0000000E+00  0.0000000E+00
  0.0000000E+00  0.0000000E+00
  0.0000000E+00  0.0000000E+00
  0.0000000E+00  0.0000000E+00
  0.0000000E+00  0.0000000E+00
  0.0000000E+00  0.0000000E+00
  0.0000000E+00  0.0000000E+00
  0.0000000E+00  0.0000000E+00
  0.0000000E+00  0.0000000E+00
  0.0000000E+00  0.0000000E+00
  0.0000000E+00  0.0000000E+00
  0.0000000E+00  0.0000000E+00
  0.0000000E+00  0.0000000E+00
  0.0000000E+00  0.0000000E+00
  0.0000000E+00  0.0000000E+00
  0.0000000E+00  0.0000000E+00
  0.0000000E+00  0.0000000E+00
  0.0000000E+00  0.0000000E+00
  0.0000000E+00  0.0000000E+00
  0.0000000E+00  0.0000000E+00
  0.0000000E+00  0.0000000E+00
  0.0000000E+00  0.0000000E+00
  0.0000000E+00  0.0000000E+00
  0.0000000E+00  0.0000000E+00
  0.0000000E+00  0.0000000E+00
  0.0000000E+00  0.0000000E+00
  0.0000000E+00  0.0000000E+00
  0.0000000E+00  0.0000000E+00
  0.0000000E+00  0.0000000E+00
  0.0000000E+00  0.0000000E+00
  0.0000000E+00  0.0000000E+00
  0.0000000E+00  0.0000000E+00
  0.0000000E+00  0.0000000E+00
  0.0000000E+00  0.0000000E+00
  0.0000000E+00  0.0000000E+00
  0.0000000E+00  0.0000000E+00
  0.0000000E+00  0.0000000E+00
  0.0000000E+00  0.0000000E+00
  0.0000000E+00  0.0000000E+00
  0.0000000E+00  0.0000000E+00
  0.0000000E+00  0.0000000E+00
  0.0000000E+00  0.0000000E+00
  0.0000000E+00  0.0000000E+00
  0.0000000E+00  0.0000000E+00
  0.0000000E+00  0.0000000E+00
  0.0000000E+00  0.0000000E+00
  0.0000000E+00  0.0000000E+00
  0.0000000E+00  0.0000000E+00
  0.0000000E+00  0.0000000E+00
  0.0000000E+00  0.0000000E+00
  0.0000000E+00  0.0000000E+00
  0.0000000E+00  0.0000000E+00
  0.0000000E+00  0.0000000E+00
  0.0000000E+00  0.0000000E+00
  0.0000000E+00  0.0000000E+00
  0.0000000E+00  0.0000000E+00
  0.0000000E+00  0.0000000E+00
  0.0000000E+00  0.0000000E+00
  0.0000000E+00  0.0000000E+00
  0.0000000E+00  0.0000000E+00
  0.0000000E+00  0.0000000E+00
  0.0000000E+00  0.0000000E+00
  0.0000000E+00  0.0000000E+00
  0.0000000E+00  0.0000000E+00
  0.0000000E+00  0.0000000E+00
  0.0000000E+00  0.0000000E+00
  0.0000000E+00  0.0000000E+00
  0.0000000E+00  0.0000000E+00
  0.0000000E+00  0.0000000E+00
  0.0000000E+00  0.0000000E+00
  0.0000000E+00  0.0000000E+00
  0.0000000E+00  0.0000000E+00
  0.0000000E+00  0.0000000E+00
  0.0000000E+00  0.0000000E+00
  0.0000000E+00  0.0000000E+00
  0.0000000E+00  0.0000000E+00
  0.0000000E+00  0.0000000E+00
  0.0000000E+00  0.0000000E+00
  0.0000000E+00  0.0000000E+00
  0.0000000E+00  0.0000000E+00
  0.0000000E+00  0.0000000E+00
  0.0000000E+00  0.0000000E+00
  0.0000000E+00  0.0000000E+00
  0.0000000E+00  0.0000000E+00
  0.0000000E+00  0.0000000E+00
  0.0000000E+00  0.0000000E+00
  0.0000000E+00  0.0000000E+00
  0.0000000E+00  0.0000000E+00
  0.0000000E+00  0.0000000E+00
  0.0000000E+00  0.0000000E+00
  0.0000000E+00  0.0000000E+00
  0.0000000E+00  0.0000000E+00
  0.0000000E+00  0.0000000E+00
  0.0000000E+00  0.0000000E+00
  0.0000000E+00  0.0000000E+00
  0.0000000E+00  0.0000000E+00
  0.0000000E+00  0.0000000E+00
  0.0000000E+00  0.0000000E+00
  0.0000000E+00  0.0000000E+00
  0.0000000E+00  0.0000000E+00
  0.0000000E+00  0.0000000E+00
  0.0000000E+00  0.0000000E+00
  0.0000000E+00  0.0000000E+00
  0.0000000E+00  0.0000000E+00
  0.0000000E+00  0.0000000E+00
  0.0000000E+00  0.0000000E+00
  0.0000000E+00  0.0000000E+00
  0.0000000E+00  0.0000000E+00
  0.0000000E+00  0.0000000E+00
  0.0000000E+00  0.0000000E+00
  0.0000000E+00  0.0000000E+00
  0.0000000E+00  0.0000000E+00
  0.0000000E+00  0.0000000E+00
  0.0000000E+00  0.0000000E+00
  0.0000000E+00  0.0000000E+00
  0.0000000E+00  0.0000000E+00
  0.0000000E+00  0.0000000E+00
  0.0000000E+00  0.0000000E+00
  0.0000000E+00  0.0000000E+00
  0.0000000E+00  0.0000000E+00
  0.0000000E+00  0.0000000E+00
  0.0000000E+00  0.0000000E+00
  0.0000000E+00  0.0000000E+00
  0.0000000E+00  0.0000000E+00
  0.0000000E+00  0.0000000E+00
  0.0000000E+00  0.0000000E+00
  0.0000000E+00  0.0000000E+00
  0.0000000E+00  0.0000000E+00
  0.0000000E+00  0.0000000E+00
  0.0000000E+00  0.0000000E+00
  0.0000000E+00  0.0000000E+00
  0.0000000E+00  0.0000000E+00
  0.0000000E+00  0.0000000E+00
  0.0000000E+00  0.0000000E+00
  0.0000000E+00  0.0000000E+00
  0.0000000E+00  0.0000000E+00
  0.0000000E+00  0.0000000E+00
  0.0000000E+00  0.0000000E+00
  0.0000000E+00  0.0000000E+00
  0.0000000E+00  0.0000000E+00
  0.0000000E+00  0.0000000E+00
  0.0000000E+00  0.0000000E+00
  0.0000000E+00  0.0000000E+00
  0.0000000E+00  0.0000000E+00
  0.0000000E+00  0.0000000E+00
  0.0000000E+00  0.0000000E+00
  0.0000000E+00  0.0000000E+00
  0.0000000E+00  0.0000000E+00
  0.0000000E+00  0.0000000E+00
  0.0000000E+00  0.0000000E+00
  0.0000000E+00  0.0000000E+00
  0.0000000E+00  0.0000000E+00
  0.0000000E+00  0.0000000E+00
  0.0000000E+00  0.0000000E+00
  0.0000000E+00  0.0000000E+00
  0.0000000E+00  0.0000000E+00
  0.0000000E+00  0.0000000E+00
  0.0000000E+00  0.0000000E+00
  0.0000000E+00  0.0000000E+00
  0.0000000E+00  0.0000000E+00
  0.0000000E+00  0.0000000E+00
  0.0000000E+00  0.0000000E+00
  0.0000000E+00  0.0000000E+00
  0.0000000E+00  0.0000000E+00
  0.0000000E+00  0.0000000E+00
  0.0000000E+00  0.0000000E+00
  0.0000000E+00  0.0000000E+00
  0.0000000E+00  0.0000000E+00
  0.0000000E+00  0.0000000E+00
  0.0000000E+00  0.0000000E+00
  0.0000000E+00  0.0000000E+00
  0.0000000E+00  0.0000000E+00
  0.0000000E+00  0.0000000E+00
  0.0000000E+00  0.0000000E+00
  0.0000000E+00  0.0000000E+00
  0.0000000E+00  0.0000000E+00
  0.0000000E+00  0.0000000E+00
  0.0000000E+00  0.0000000E+00
  0.0000000E+00  0.0000000E+00
  0.0000000E+00  0.0000000E+00
  0.0000000E+00  0.0000000E+00
  0.0000000E+00  0.0000000E+00
  0.0000000E+00  0.0000000E+00
  0.0000000E+00  0.0000000E+00
  0.0000000E+00  0.0000000E+00
  0.0000000E+00  0.0000000E+00
  0.0000000E+00  0.0000000E+00
  0.0000000E+00  0.0000000E+00
  0.0000000E+00  0.0000000E+00
  0.0000000E+00  0.0000000E+00
  0.0000000E+00  0.0000000E+00
  0.0000000E+00  0.0000000E+00
  0.0000000E+00  0.0000000E+00
  0.0000000E+00  0.0000000E+00
  0.0000000E+00  0.0000000E+00
  0.0000000E+00  0.0000000E+00
  0.0000000E+00  0.0000000E+00
  0.0000000E+00  0.0000000E+00
  0.0000000E+00  0.0000000E+00
  0.0000000E+00  0.0000000E+00
  0.0000000E+00  0.0000000E+00
  0.0000000E+00  0.0000000E+00
  0.0000000E+00  0.0000000E+00
  0.0000000E+00  0.0000000E+00
  0.0000000E+00  0.0000000E+00
  0.0000000E+00  0.0000000E+00
  0.0000000E+00  0.0000000E+00
  0.0000000E+00  0.0000000E+00
  0.0000000E+00  0.0000000E+00
  0.0000000E+00  0.0000000E+00
  0.0000000E+00  0.0000000E+00
  0.0000000E+00  0.0000000E+00
  0.0000000E+00  0.0000000E+00
  0.0000000E+00  0.0000000E+00
  0.0000000E+00  0.0000000E+00
  0.0000000E+00  0.0000000E+00
  0.0000000E+00  0.0000000E+00
  0.0000000E+00  0.0000000E+00
  0.0000000E+00  0.0000000E+00
  0.0000000E+00  0.0000000E+00
  0.0000000E+00  0.0000000E+00
  0.0000000E+00  0.0000000E+00
  0.0000000E+00  0.0000000E+00
  0.0000000E+00  0.0000000E+00
  0.0000000E+00  0.0000000E+00
  0.0000000E+00  0.0000000E+00
  0.0000000E+00  0.0000000E+00
  0.0000000E+00  0.0000000E+00
  0.0000000E+00  0.0000000E+00
  0.0000000E+00  0.0000000E+00
  0.0000000E+00  0.0000000E+00
  0.0000000E+00  0.0000000E+00
  0.0000000E+00  0.0000000E+00
  0.0000000E+00  0.0000000E+00
  0.0000000E+00  0.0000000E+00
  0.0000000E+00  0.0000000E+00
  0.0000000E+00  0.0000000E+00
  0.0000000E+00  0.0000000E+00
  0.0000000E+00  0.0000000E+00
  0.0000000E+00  0.0000000E+00
  0.0000000E+00  0.0000000E+00
  0.0000000E+00  0.0000000E+00
  0.0000000E+00  0.0000000E+00
  0.0000000E+00  0.0000000E+00
  0.0000000E+00  0.0000000E+00
  0.0000000E+00  0.0000000E+00
  0.0000000E+00  0.0000000E+00
  0.0000000E+00  0.0000000E+00
  0.0000000E+00  0.0000000E+00
  0.0000000E+00  0.0000000E+00
  0.0000000E+00  0.0000000E+00
  0.0000000E+00  0.0000000E+00
  0.0000000E+00  0.0000000E+00
  0.0000000E+00  0.0000000E+00
  0.0000000E+00  0.0000000E+00
  0.0000000E+00  0.0000000E+00
  0.0000000E+00  0.0000000E+00
  0.0000000E+00  0.0000000E+00
  0.0000000E+00  0.0000000E+00
  0.0000000E+00  0.0000000E+00
  0.0000000E+00  0.0000000E+00
  0.0000000E+00  0.0000000E+00
  0.0000000E+00  0.0000000E+00
  0.0000000E+00  0.0000000E+00
  0.0000000E+00  0.0000000E+00
  0.0000000E+00  0.0000000E+00
  0.0000000E+00  0.0000000E+00
  0.0000000E+00  0.0000000E+00
  0.0000000E+00  0.0000000E+00
  0.0000000E+00  0.0000000E+00
  0.0000000E+00  0.0000000E+00
  0.0000000E+00  0.0000000E+00
  0.0000000E+00  0.0000000E+00
  0.0000000E+00  0.0000000E+00
  0.0000000E+00  0.0000000E+00
  0.0000000E+00  0.0000000E+00
  0.0000000E+00  0.0000000E+00
  0.0000000E+00  0.0000000E+00
  0.0000000E+00  0.0000000E+00
  0.0000000E+00  0.0000000E+00
  0.0000000E+00  0.0000000E+00
  0.0000000E+00  0.0000000E+00
  0.0000000E+00  0.0000000E+00
