  0.2148977E+01  0.2663175E-05
  0.1472524E+01  0.1821877E-05
  0.1218645E+01  0.1505797E-05
  0.1078959E+01  0.1331691E-05
  0.9819965E+00  0.1210526E-05
  0.9052144E+00  0.1114394E-05
  0.2484080E+00  0.3043416E-06
  0.6870999E+00  0.8409867E-06
  0.6213368E+00  0.7581825E-06
  0.5253824E+00  0.6368629E-06
  0.2723410E+00  0.3152351E-06
  0.2744616E+00  0.3180676E-06
  0.2738975E+00  0.3176157E-06
  0.2705300E+00  0.3136939E-06
  0.2638358E+00  0.3056738E-06
  0.2590858E+00  0.3002267E-06
  0.2530337E+00  0.2932583E-06
  0.2456394E+00  0.2848074E-06
  0.2384983E+00  0.2766258E-06
  0.2278093E+00  0.2641318E-06
  0.2159679E+00  0.2502505E-06
  0.2049246E+00  0.2375231E-06
  0.1910932E+00  0.2212900E-06
  0.1764399E+00  0.2040881E-06
  0.1625428E+00  0.1879768E-06
  0.1463768E+00  0.1690346E-06
  0.1295656E+00  0.1493201E-06
  0.1133976E+00  0.1304881E-06
  0.9553980E-01  0.1096133E-06
  0.7723881E-01  0.8812600E-07
  0.5943355E-01  0.6735627E-07
  0.4058418E-01  0.4521524E-07
  0.2153819E-01  0.2294854E-07
  0.2839269E-02  0.1095430E-08
 -0.1620871E-01 -0.2119384E-07
 -0.3516877E-01 -0.4339120E-07
 -0.5394429E-01 -0.6536567E-07
 -0.7235397E-01 -0.8690392E-07
 -0.9040324E-01 -0.1079984E-06
 -0.1084304E+00 -0.1291156E-06
 -0.1254130E+00 -0.1489492E-06
 -0.1417753E+00 -0.1680490E-06
 -0.1583118E+00 -0.1874012E-06
 -0.1731523E+00 -0.2047704E-06
 -0.1871805E+00 -0.2211124E-06
 -0.2015854E+00 -0.2380044E-06
 -0.2137084E+00 -0.2520177E-06
 -0.2248877E+00 -0.2650417E-06
 -0.2366295E+00 -0.2788668E-06
 -0.2456097E+00 -0.2892437E-06
 -0.2535637E+00 -0.2984620E-06
 -0.2622453E+00 -0.3087092E-06
 -0.2678044E+00 -0.3150736E-06
 -0.2723113E+00 -0.3202614E-06
 -0.2776765E+00 -0.3266122E-06
 -0.2796611E+00 -0.3288837E-06
 -0.2806231E+00 -0.3299155E-06
 -0.2825486E+00 -0.3323266E-06
 -0.2809661E+00 -0.3303306E-06
 -0.2783204E+00 -0.3271659E-06
 -0.2766992E+00 -0.3254464E-06
 -0.2715958E+00 -0.3193768E-06
 -0.2653852E+00 -0.3121148E-06
 -0.2601645E+00 -0.3061095E-06
 -0.2517077E+00 -0.2961280E-06
 -0.2422695E+00 -0.2851207E-06
 -0.2337613E+00 -0.2752741E-06
 -0.2222205E+00 -0.2616838E-06
 -0.2098124E+00 -0.2471902E-06
 -0.1982679E+00 -0.2337354E-06
 -0.1840349E+00 -0.2171318E-06
 -0.1690086E+00 -0.1995211E-06
 -0.1547185E+00 -0.1828798E-06
 -0.1382484E+00 -0.1636267E-06
 -0.1211605E+00 -0.1435777E-06
 -0.1046889E+00 -0.1244360E-06
 -0.8663539E-01 -0.1032683E-06
 -0.6819394E-01 -0.8164983E-07
 -0.5028283E-01 -0.6080819E-07
 -0.3161653E-01 -0.3893609E-07
 -0.1341345E-01 -0.1769922E-07
  0.3909606E-02  0.2467516E-08
  0.2343030E-01  0.2537178E-07
  0.4193758E-01  0.4698285E-07
  0.5994907E-01  0.6801378E-07
  0.7756402E-01  0.8853903E-07
  0.9477885E-01  0.1085976E-06
  0.1115825E+00  0.1281031E-06
  0.1278991E+00  0.1471778E-06
  0.1436260E+00  0.1655019E-06
  0.1586716E+00  0.1830505E-06
  0.1729532E+00  0.1996829E-06
  0.1864093E+00  0.2153567E-06
  0.1990408E+00  0.2299961E-06
  0.2107699E+00  0.2436101E-06
  0.2214607E+00  0.2560336E-06
  0.2311544E+00  0.2673013E-06
  0.2399776E+00  0.2776246E-06
  0.2478050E+00  0.2866694E-06
  0.2544300E+00  0.2943884E-06
  0.2631053E+00  0.3048223E-06
  0.2722436E+00  0.3159037E-06
  0.2753631E+00  0.3194667E-06
  0.2737937E+00  0.3172552E-06
  0.2673001E+00  0.3089023E-06
  0.5249949E+00  0.6364326E-06
  0.6214569E+00  0.7584336E-06
  0.6895959E+00  0.8442606E-06
  0.7504751E+00  0.9207481E-06
  0.8097811E+00  0.9952187E-06
  0.8768854E+00  0.1079304E-05
  0.9546837E+00  0.1176596E-05
  0.1216396E+01  0.1503103E-05
  0.1466192E+01  0.1814063E-05
  0.2162923E+01  0.2680609E-05
  0.2163418E+01  0.2681520E-05
  0.2153750E+00  0.2636595E-06
  0.1596189E+01  0.1978284E-05
  0.1304330E+01  0.1616663E-05
  0.9179278E+00  0.1137575E-05
  0.4719467E+00  0.5845222E-06
 -0.1839917E-02 -0.2994341E-08
 -0.4748945E+00 -0.5897317E-06
 -0.9241604E+00 -0.1146999E-05
 -0.1334061E+01 -0.1655440E-05
 -0.1687251E+01 -0.2093616E-05
 -0.1964727E+01 -0.2437872E-05
 -0.2154689E+01 -0.2673609E-05
 -0.2250769E+01 -0.2792961E-05
 -0.2250489E+01 -0.2792769E-05
 -0.2153613E+01 -0.2672829E-05
 -0.1964144E+01 -0.2438024E-05
 -0.1689030E+01 -0.2096978E-05
 -0.1338900E+01 -0.1662818E-05
 -0.9280640E+00 -0.1153455E-05
 -0.4746373E+00 -0.5911198E-06
 -0.1003098E-02 -0.3756611E-08
  0.4702783E+00  0.5807624E-06
  0.9225777E+00  0.1141788E-05
  0.1335042E+01  0.1653445E-05
  0.1681170E+01  0.2082780E-05
  0.1941551E+01  0.2405774E-05
  0.2100157E+01  0.2602567E-05
  0.6531143E+00  0.8031960E-06
  0.7193659E+00  0.8845855E-06
  0.1039609E+01  0.1282938E-05
  0.9457083E+00  0.1165507E-05
  0.8607875E+00  0.1059334E-05
  0.6151478E+00  0.7505438E-06
  0.7595300E+00  0.9373936E-06
  0.5187830E+00  0.6288546E-06
  0.5232073E+00  0.6342279E-06
  0.5121286E+00  0.6208593E-06
  0.5009257E+00  0.6071685E-06
  0.4894531E+00  0.5931881E-06
  0.4778479E+00  0.5792058E-06
  0.4631153E+00  0.5613460E-06
  0.4456420E+00  0.5401934E-06
  0.4257685E+00  0.5160259E-06
  0.4038617E+00  0.4893374E-06
  0.3801682E+00  0.4605315E-06
  0.3546701E+00  0.4295345E-06
  0.3276122E+00  0.3966323E-06
  0.2991529E+00  0.3619805E-06
  0.2692895E+00  0.3256382E-06
  0.2382569E+00  0.2878814E-06
  0.2061964E+00  0.2488904E-06
  0.1731496E+00  0.2086572E-06
  0.1393526E+00  0.1675992E-06
  0.1049306E+00  0.1257191E-06
  0.6995252E-01  0.8312460E-07
  0.3465415E-01  0.4020561E-07
 -0.8058430E-03 -0.2923628E-08
 -0.3629458E-01 -0.4608390E-07
 -0.7160507E-01 -0.8906372E-07
 -0.1066245E+00 -0.1316409E-06
 -0.1411549E+00 -0.1736513E-06
 -0.1750439E+00 -0.2148422E-06
 -0.2081954E+00 -0.2552086E-06
 -0.2403660E+00 -0.2943622E-06
 -0.2714514E+00 -0.3321187E-06
 -0.3013937E+00 -0.3685623E-06
 -0.3299096E+00 -0.4031808E-06
 -0.3569442E+00 -0.4360910E-06
 -0.3824768E+00 -0.4670765E-06
 -0.4062096E+00 -0.4959738E-06
 -0.4281285E+00 -0.5225702E-06
 -0.4482586E+00 -0.5469648E-06
 -0.4662862E+00 -0.5689287E-06
 -0.4822620E+00 -0.5883033E-06
 -0.4962434E+00 -0.6053583E-06
 -0.5079209E+00 -0.6195301E-06
 -0.5173849E+00 -0.6309699E-06
 -0.5246999E+00 -0.6398683E-06
 -0.5296643E+00 -0.6458866E-06
 -0.5323867E+00 -0.6491733E-06
 -0.5328820E+00 -0.6497302E-06
 -0.5309252E+00 -0.6473978E-06
 -0.5267051E+00 -0.6422169E-06
 -0.5203248E+00 -0.6345075E-06
 -0.5115069E+00 -0.6237236E-06
 -0.5003753E+00 -0.6101828E-06
 -0.4872566E+00 -0.5942427E-06
 -0.4720818E+00 -0.5757403E-06
 -0.4548333E+00 -0.5547819E-06
 -0.4357000E+00 -0.5314859E-06
 -0.4146221E+00 -0.5058372E-06
 -0.3917784E+00 -0.4780420E-06
 -0.3672722E+00 -0.4482757E-06
 -0.3410268E+00 -0.4162872E-06
 -0.3132605E+00 -0.3825830E-06
 -0.2841504E+00 -0.3471360E-06
 -0.2537086E+00 -0.3101384E-06
 -0.2221453E+00 -0.2716984E-06
 -0.1896025E+00 -0.2321171E-06
 -0.1561484E+00 -0.1914156E-06
 -0.1220117E+00 -0.1499133E-06
 -0.8735105E-01 -0.1077597E-06
 -0.5230446E-01 -0.6513037E-07
 -0.1710870E-01 -0.2230368E-07
  0.1815951E-01  0.2058221E-07
  0.5342089E-01  0.6347565E-07
  0.8842778E-01  0.1060488E-06
  0.1229928E+00  0.1480884E-06
  0.1569727E+00  0.1893946E-06
  0.1902729E+00  0.2299130E-06
  0.2227894E+00  0.2693964E-06
  0.2543665E+00  0.3078047E-06
  0.2848212E+00  0.3448179E-06
  0.3139597E+00  0.3802464E-06
  0.3416342E+00  0.4139064E-06
  0.3677837E+00  0.4456863E-06
  0.3923156E+00  0.4754618E-06
  0.4150332E+00  0.5031080E-06
  0.4357092E+00  0.5281543E-06
  0.4545021E+00  0.5510485E-06
  0.4716078E+00  0.5718759E-06
  0.4868482E+00  0.5903274E-06
  0.5001369E+00  0.6065067E-06
  0.5115826E+00  0.6204560E-06
  0.5205293E+00  0.6313768E-06
  0.5260116E+00  0.6380212E-06
  0.5277022E+00  0.6399156E-06
  0.6230779E+00  0.7604813E-06
  0.1466802E+01  0.1815169E-05
  0.6907789E+00  0.8457287E-06
  0.7525137E+00  0.9233360E-06
  0.8151799E+00  0.1001905E-05
  0.8830573E+00  0.1087012E-05
  0.9596350E+00  0.1182701E-05
  0.8736320E+00  0.1080879E-05
  0.1229616E+01  0.1519930E-05
  0.6184269E+00  0.7648889E-06
  0.8496358E+00  0.1048529E-05
  0.1068260E+01  0.1321676E-05
  0.3171363E+00  0.3917318E-06
 -0.5179643E-02 -0.7453451E-08
 -0.3233001E+00 -0.4015232E-06
 -0.6255529E+00 -0.7759159E-06
 -0.9065409E+00 -0.1124024E-05
 -0.1149792E+01 -0.1425440E-05
 -0.1340857E+01 -0.1662184E-05
 -0.1470936E+01 -0.1823419E-05
 -0.1537297E+01 -0.1905718E-05
 -0.1537974E+01 -0.1906691E-05
 -0.1470183E+01 -0.1822869E-05
 -0.1339379E+01 -0.1660879E-05
 -0.1150814E+01 -0.1427445E-05
 -0.9118453E+00 -0.1131543E-05
 -0.6321717E+00 -0.7852196E-06
 -0.3250015E+00 -0.4047596E-06
 -0.7243959E-02 -0.1117309E-07
  0.3093001E+00  0.3808733E-06
  0.6210105E+00  0.7670212E-06
  0.9045855E+00  0.1118326E-05
  0.1136829E+01  0.1406080E-05
  0.1310293E+01  0.1620973E-05
  0.1429581E+01  0.1768678E-05
  0.6608643E+00  0.8084896E-06
  0.7780892E+00  0.9557324E-06
  0.1079760E+01  0.1333001E-05
  0.8025033E+00  0.9854662E-06
  0.7016041E+00  0.8593805E-06
  0.8899555E+00  0.1096484E-05
  0.6088998E+00  0.7428864E-06
  0.9903883E+00  0.1222011E-05
  0.5609480E+00  0.6842823E-06
  0.5430025E+00  0.6623901E-06
  0.5217639E+00  0.6364446E-06
  0.4980692E+00  0.6074982E-06
  0.4719432E+00  0.5754827E-06
  0.4434907E+00  0.5407193E-06
  0.4131631E+00  0.5036152E-06
  0.3810460E+00  0.4642721E-06
  0.3471636E+00  0.4228181E-06
  0.3118514E+00  0.3796202E-06
  0.2751927E+00  0.3347911E-06
  0.2372543E+00  0.2883235E-06
  0.1983783E+00  0.2407531E-06
  0.1586567E+00  0.1921567E-06
  0.1180620E+00  0.1425133E-06
  0.7685798E-01  0.9211158E-07
  0.3527324E-01  0.4121446E-07
 -0.6524925E-02 -0.9918693E-08
 -0.4824198E-01 -0.6098168E-07
 -0.8969039E-01 -0.1116944E-06
 -0.1307871E+00 -0.1619709E-06
 -0.1712935E+00 -0.2115071E-06
 -0.2110241E+00 -0.2600962E-06
 -0.2498681E+00 -0.3076075E-06
 -0.2875804E+00 -0.3537301E-06
 -0.3240102E+00 -0.3983141E-06
 -0.3590336E+00 -0.4411029E-06
 -0.3924285E+00 -0.4819581E-06
 -0.4240893E+00 -0.5206926E-06
 -0.4538733E+00 -0.5571344E-06
 -0.4816158E+00 -0.5910352E-06
 -0.5072313E+00 -0.6223957E-06
 -0.5306062E+00 -0.6508957E-06
 -0.5516162E+00 -0.6765734E-06
 -0.5702056E+00 -0.6993148E-06
 -0.5862823E+00 -0.7189757E-06
 -0.5997541E+00 -0.7354421E-06
 -0.6104795E+00 -0.7485407E-06
 -0.6186494E+00 -0.7585185E-06
 -0.6244308E+00 -0.7655791E-06
 -0.6274115E+00 -0.7692532E-06
 -0.6274421E+00 -0.7691779E-06
 -0.6248122E+00 -0.7660034E-06
 -0.6194762E+00 -0.7594818E-06
 -0.6113419E+00 -0.7494708E-06
 -0.6003296E+00 -0.7359999E-06
 -0.5863688E+00 -0.7188482E-06
 -0.5703258E+00 -0.6991702E-06
 -0.5523433E+00 -0.6771714E-06
 -0.5317394E+00 -0.6519886E-06
 -0.5088276E+00 -0.6239505E-06
 -0.4839301E+00 -0.5934722E-06
 -0.4568261E+00 -0.5603646E-06
 -0.4275710E+00 -0.5245500E-06
 -0.3964197E+00 -0.4863903E-06
 -0.3634592E+00 -0.4460709E-06
 -0.3288815E+00 -0.4038252E-06
 -0.2929309E+00 -0.3597647E-06
 -0.2556248E+00 -0.3141807E-06
 -0.2171227E+00 -0.2670704E-06
 -0.1776482E+00 -0.2187806E-06
 -0.1373373E+00 -0.1694284E-06
 -0.9631772E-01 -0.1192585E-06
 -0.5492545E-01 -0.6860103E-07
 -0.1341773E-01 -0.1785088E-07
  0.2815854E-01  0.3301139E-07
  0.6956305E-01  0.8367479E-07
  0.1105821E+00  0.1338806E-06
  0.1510837E+00  0.1833976E-06
  0.1909360E+00  0.2321283E-06
  0.2300896E+00  0.2800327E-06
  0.2684425E+00  0.3269164E-06
  0.3057979E+00  0.3726095E-06
  0.3417905E+00  0.4166523E-06
  0.3760775E+00  0.4585964E-06
  0.4085418E+00  0.4982998E-06
  0.4392579E+00  0.5358351E-06
  0.4680366E+00  0.5710727E-06
  0.4943658E+00  0.6032629E-06
  0.5178453E+00  0.6319177E-06
  0.5392773E+00  0.6580649E-06
  0.5593471E+00  0.6826407E-06
  0.5770749E+00  0.7043269E-06
  0.5919891E+00  0.7225242E-06
  0.6045067E+00  0.7378856E-06
  0.6144390E+00  0.7500366E-06
  0.6206697E+00  0.7576130E-06
  0.5038452E+00  0.6222143E-06
  0.8722015E+00  0.1077800E-05
  0.7498714E+00  0.9201953E-06
  0.8130407E+00  0.9994013E-06
  0.8146935E+00  0.1002424E-05
  0.8775890E+00  0.1080342E-05
  0.9451296E+00  0.1164839E-05
  0.1218715E+01  0.1507074E-05
  0.2575581E+00  0.3174844E-06
 -0.8089934E-02 -0.1116226E-07
  0.6880896E+00  0.8425049E-06
 -0.2637118E+00 -0.3274927E-06
 -0.5060006E+00 -0.6272713E-06
 -0.7399979E+00 -0.9168861E-06
 -0.9426650E+00 -0.1167735E-05
 -0.1101649E+01 -0.1364573E-05
 -0.1209229E+01 -0.1497761E-05
 -0.1266337E+01 -0.1568508E-05
 -0.1269000E+01 -0.1571948E-05
 -0.1209168E+01 -0.1497991E-05
 -0.1098346E+01 -0.1360957E-05
 -0.9421067E+00 -0.1167684E-05
 -0.7460706E+00 -0.9252373E-06
 -0.5183076E+00 -0.6433963E-06
 -0.2708337E+00 -0.3372460E-06
 -0.1826034E-01 -0.2470492E-07
  0.2345096E+00  0.2880134E-06
  0.4983987E+00  0.6145760E-06
  0.7360142E+00  0.9086438E-06
  0.9235301E+00  0.1140681E-05
  0.1061477E+01  0.1311317E-05
  0.7067682E+00  0.8731735E-06
  0.6006841E+00  0.7327917E-06
  0.5724990E+00  0.6982493E-06
  0.5851016E+00  0.7136343E-06
  0.1182426E+01  0.1462692E-05
  0.7427145E+00  0.9123635E-06
  0.9161742E+00  0.1130340E-05
  0.6225367E+00  0.7617563E-06
  0.5998961E+00  0.7340137E-06
  0.5200700E+00  0.6361756E-06
  0.4878513E+00  0.5966178E-06
  0.4539280E+00  0.5550053E-06
  0.4180274E+00  0.5109624E-06
  0.3801780E+00  0.4645012E-06
  0.3410259E+00  0.4164747E-06
  0.3002816E+00  0.3665222E-06
  0.2583089E+00  0.3150422E-06
  0.2157137E+00  0.2627234E-06
  0.1720904E+00  0.2092150E-06
  0.1271093E+00  0.1540361E-06
  0.8117522E-01  0.9766470E-07
  0.3488825E-01  0.4086476E-07
 -0.1156519E-01 -0.1615462E-07
 -0.5763837E-01 -0.7268389E-07
 -0.1031921E+00 -0.1286097E-06
 -0.1485138E+00 -0.1841041E-06
 -0.1931241E+00 -0.2388798E-06
 -0.2367433E+00 -0.2923445E-06
 -0.2796172E+00 -0.3449473E-06
 -0.3211221E+00 -0.3958953E-06
 -0.3611140E+00 -0.4449284E-06
 -0.3998182E+00 -0.4923818E-06
 -0.4365399E+00 -0.5374085E-06
 -0.4712597E+00 -0.5800011E-06
 -0.5042136E+00 -0.6204111E-06
 -0.5346613E+00 -0.6577859E-06
 -0.5627124E+00 -0.6921075E-06
 -0.5886158E+00 -0.7239248E-06
 -0.6115769E+00 -0.7520364E-06
 -0.6318324E+00 -0.7768839E-06
 -0.6496969E+00 -0.7987817E-06
 -0.6641260E+00 -0.8164358E-06
 -0.6749550E+00 -0.8297209E-06
 -0.6840698E+00 -0.8408586E-06
 -0.6913643E+00 -0.8498079E-06
 -0.6944816E+00 -0.8536474E-06
 -0.6941621E+00 -0.8532362E-06
 -0.6911176E+00 -0.8494939E-06
 -0.6845741E+00 -0.8414219E-06
 -0.6748028E+00 -0.8294896E-06
 -0.6613672E+00 -0.8129240E-06
 -0.6438390E+00 -0.7913252E-06
 -0.6260590E+00 -0.7694656E-06
 -0.6070364E+00 -0.7461512E-06
 -0.5839294E+00 -0.7177665E-06
 -0.5588596E+00 -0.6870588E-06
 -0.5316755E+00 -0.6537190E-06
 -0.5013087E+00 -0.6164385E-06
 -0.4686929E+00 -0.5764168E-06
 -0.4339827E+00 -0.5338554E-06
 -0.3970678E+00 -0.4885636E-06
 -0.3588081E+00 -0.4416541E-06
 -0.3190871E+00 -0.3928695E-06
 -0.2775432E+00 -0.3419511E-06
 -0.2348299E+00 -0.2895015E-06
 -0.1909924E+00 -0.2357424E-06
 -0.1459599E+00 -0.1804590E-06
 -0.1001604E+00 -0.1242722E-06
 -0.5430414E-01 -0.6799490E-07
 -0.8652680E-02 -0.1204040E-07
  0.3715999E-01  0.4420204E-07
  0.8255424E-01  0.9990049E-07
  0.1272738E+00  0.1547436E-06
  0.1714170E+00  0.2088354E-06
  0.2149024E+00  0.2621748E-06
  0.2579296E+00  0.3149823E-06
  0.3006108E+00  0.3673338E-06
  0.3426774E+00  0.4189648E-06
  0.3830813E+00  0.4685449E-06
  0.4209146E+00  0.5149110E-06
  0.4565286E+00  0.5585810E-06
  0.4905807E+00  0.6003372E-06
  0.5224240E+00  0.6393843E-06
  0.5505334E+00  0.6739039E-06
  0.5737579E+00  0.7022367E-06
  0.5959284E+00  0.7294046E-06
  0.6190695E+00  0.7578130E-06
  0.6387452E+00  0.7819985E-06
  0.6537615E+00  0.8003472E-06
  0.6676524E+00  0.8174115E-06
  0.6803900E+00  0.8330888E-06
 -0.2278459E+00 -0.2828732E-06
 -0.1420414E-01 -0.1884186E-07
  0.7082913E+00  0.8684291E-06
  0.9769273E+00  0.1206988E-05
  0.4428262E+00  0.5460296E-06
  0.7622871E+00  0.9377414E-06
  0.6590308E+00  0.8063349E-06
  0.8045903E+00  0.9891079E-06
 -0.8065629E+00 -0.9944328E-06
 -0.4272850E+00 -0.5292260E-06
  0.5757560E+00  0.7044546E-06
  0.2229328E+00  0.2742503E-06
  0.7407843E+00  0.9083294E-06
  0.7039971E+00  0.8633216E-06
 -0.8192181E+00 -0.1013941E-05
 -0.9594305E+00 -0.1187307E-05
 -0.1052605E+01 -0.1302554E-05
 -0.1105943E+01 -0.1368574E-05
 -0.1112361E+01 -0.1376735E-05
 -0.1052878E+01 -0.1303172E-05
 -0.9515180E+00 -0.1177957E-05
 -0.8147786E+00 -0.1008972E-05
 -0.6454073E+00 -0.7997184E-06
 -0.4503284E+00 -0.5586320E-06
 -0.2409732E+00 -0.2999559E-06
 -0.3213299E-01 -0.4178332E-07
  0.1736090E+00  0.2123471E-06
  0.4221478E+00  0.5197962E-06
  0.6357189E+00  0.7837016E-06
  0.7951857E+00  0.9808189E-06
  0.6599826E+00  0.8146072E-06
  0.7415045E+00  0.9098482E-06
  0.5496955E+00  0.6725297E-06
  0.8610141E+00  0.1059911E-05
 -0.7628949E+00 -0.9403377E-06
 -0.6407413E+00 -0.7932745E-06
  0.9057873E+00  0.1115959E-05
  0.6973674E+00  0.8563657E-06
  0.6817249E+00  0.8360173E-06
  0.8093584E+00  0.9970388E-06
  0.8444524E+00  0.1039989E-05
  0.6328250E+00  0.7739160E-06
  0.6506720E+00  0.7977516E-06
  0.2029663E+00  0.2490191E-06
  0.5638850E+00  0.6911989E-06
  0.5264058E+00  0.6451140E-06
  0.4083917E+00  0.5000455E-06
  0.3664228E+00  0.4484011E-06
  0.3221076E+00  0.3939189E-06
  0.2764317E+00  0.3377951E-06
  0.2321926E+00  0.2834870E-06
  0.1865552E+00  0.2272814E-06
  0.1369864E+00  0.1664114E-06
  0.8545983E-01  0.1030837E-06
  0.3488236E-01  0.4092857E-07
 -0.1630503E-01 -0.2202592E-07
 -0.6595378E-01 -0.8297351E-07
 -0.1139514E+00 -0.1420297E-06
 -0.1631944E+00 -0.2025046E-06
 -0.2113282E+00 -0.2616270E-06
 -0.2574819E+00 -0.3183990E-06
 -0.3044176E+00 -0.3760466E-06
 -0.3491695E+00 -0.4310655E-06
 -0.3915679E+00 -0.4831413E-06
 -0.4342090E+00 -0.5355572E-06
 -0.4736529E+00 -0.5840510E-06
 -0.5105146E+00 -0.6292795E-06
 -0.5470792E+00 -0.6742035E-06
 -0.5795798E+00 -0.7142012E-06
 -0.6094488E+00 -0.7508530E-06
 -0.6384404E+00 -0.7864722E-06
 -0.6626175E+00 -0.8162142E-06
 -0.6842704E+00 -0.8427667E-06
 -0.7047234E+00 -0.8678642E-06
 -0.7190937E+00 -0.8855526E-06
 -0.7270573E+00 -0.8952383E-06
 -0.7382582E+00 -0.9090473E-06
 -0.7503434E+00 -0.9239302E-06
 -0.7533588E+00 -0.9276052E-06
 -0.7524309E+00 -0.9264641E-06
 -0.7496634E+00 -0.9230693E-06
 -0.7407331E+00 -0.9120039E-06
 -0.7287738E+00 -0.8973205E-06
 -0.7122304E+00 -0.8768493E-06
 -0.6880952E+00 -0.8470412E-06
 -0.6702537E+00 -0.8250703E-06
 -0.6540319E+00 -0.8051841E-06
 -0.6272022E+00 -0.7722239E-06
 -0.6017005E+00 -0.7409433E-06
 -0.5737907E+00 -0.7066255E-06
 -0.5392447E+00 -0.6642225E-06
 -0.5037858E+00 -0.6206234E-06
 -0.4661198E+00 -0.5743598E-06
 -0.4252748E+00 -0.5240681E-06
 -0.3846767E+00 -0.4742443E-06
 -0.3422302E+00 -0.4220493E-06
 -0.2962129E+00 -0.3655078E-06
 -0.2499258E+00 -0.3085611E-06
 -0.2020135E+00 -0.2496363E-06
 -0.1520932E+00 -0.1883219E-06
 -0.1011660E+00 -0.1257274E-06
 -0.5167953E-01 -0.6491254E-07
 -0.3564935E-02 -0.5742066E-08
  0.4622704E-01  0.5541952E-07
  0.9450205E-01  0.1147491E-06
  0.1414057E+00  0.1723577E-06
  0.1882859E+00  0.2299205E-06
  0.2338818E+00  0.2859508E-06
  0.2797752E+00  0.3424167E-06
  0.3260812E+00  0.3993300E-06
  0.3743580E+00  0.4586886E-06
  0.4202421E+00  0.5151240E-06
  0.4604743E+00  0.5645118E-06
  0.4979955E+00  0.6106404E-06
  0.5359017E+00  0.6572256E-06
  0.5714224E+00  0.7007859E-06
  0.6006284E+00  0.7367051E-06
  0.6172951E+00  0.7569726E-06
  0.6383026E+00  0.7827480E-06
  0.6687408E+00  0.8202858E-06
  0.6921998E+00  0.8491519E-06
  0.7022966E+00  0.8613690E-06
  0.5977272E+00  0.7328271E-06
  0.6236023E+00  0.7645566E-06
  0.6396645E+00  0.7825721E-06
 -0.9867517E+00 -0.1219678E-05
  0.7313224E+00  0.9012613E-06
  0.3953940E+00  0.4866084E-06
 -0.5693038E+00 -0.7036935E-06
  0.7943707E+00  0.9766532E-06
  0.8153378E+00  0.1004208E-05
 -0.2011865E+00 -0.2495550E-06
  0.7062523E+00  0.8686031E-06
  0.7988644E+00  0.9839608E-06
 -0.7306191E+00 -0.9031652E-06
 -0.8564710E+00 -0.1058771E-05
 -0.1001447E+01 -0.1238112E-05
 -0.9354323E+00 -0.1156446E-05
 -0.8384140E+00 -0.1036660E-05
 -0.7177826E+00 -0.8878402E-06
 -0.5691237E+00 -0.7043978E-06
 -0.3987125E+00 -0.4940525E-06
 -0.2167846E+00 -0.2695719E-06
 -0.4376731E-01 -0.5600987E-07
  0.1133871E+01  0.1400637E-05
  0.3700287E+00  0.4544204E-06
  0.5695732E+00  0.7009409E-06
  0.7008055E+00  0.8630744E-06
  0.5728343E+00  0.7055487E-06
  0.4895405E+00  0.5997640E-06
 -0.9350325E+00 -0.1155776E-05
  0.4504409E+00  0.5517201E-06
  0.1155394E+01  0.1427401E-05
  0.6498933E+00  0.7981023E-06
  0.7198397E+00  0.8831164E-06
  0.8497942E+00  0.1046250E-05
  0.6054562E+00  0.7433284E-06
 -0.8550932E+00 -0.1054873E-05
  0.6658075E+00  0.8144648E-06
  0.1808463E+00  0.2214423E-06
 -0.7633116E+00 -0.9420010E-06
  0.3407106E+00  0.4173552E-06
  0.5591568E+00  0.6863241E-06
  0.4315937E+00  0.5292218E-06
  0.3900123E+00  0.4780784E-06
  0.2485873E+00  0.3040079E-06
  0.2078406E+00  0.2539092E-06
  0.1501260E+00  0.1829303E-06
  0.8708670E-01  0.1052463E-06
  0.3412118E-01  0.4005096E-07
 -0.2354931E-01 -0.3097489E-07
 -0.7431138E-01 -0.9340630E-07
 -0.1213442E+00 -0.1512101E-06
 -0.1760870E+00 -0.2186653E-06
 -0.2275352E+00 -0.2819655E-06
 -0.2730558E+00 -0.3379476E-06
 -0.3264378E+00 -0.4036655E-06
 -0.3739250E+00 -0.4620453E-06
 -0.4158508E+00 -0.5136743E-06
 -0.4654448E+00 -0.5747321E-06
 -0.5063230E+00 -0.6250106E-06
 -0.5428458E+00 -0.6699000E-06
 -0.5865905E+00 -0.7237784E-06
 -0.6191678E+00 -0.7638827E-06
 -0.6487936E+00 -0.8003074E-06
 -0.6848314E+00 -0.8446938E-06
 -0.7075569E+00 -0.8725685E-06
 -0.7291660E+00 -0.8991473E-06
 -0.7567293E+00 -0.9330807E-06
 -0.7691148E+00 -0.9482640E-06
 -0.7867436E+00 -0.9699145E-06
 -0.8064343E+00 -0.9942638E-06
 -0.8044657E+00 -0.9918232E-06
 -0.8058008E+00 -0.9935088E-06
 -0.7895039E+00 -0.9733330E-06
 -0.7745851E+00 -0.9548446E-06
 -0.7542685E+00 -0.9296555E-06
 -0.6983101E+00 -0.8605114E-06
 -0.6557707E+00 -0.8084590E-06
 -0.6162129E+00 -0.7598368E-06
 -0.5718557E+00 -0.7051810E-06
 -0.5358197E+00 -0.6608175E-06
 -0.4972525E+00 -0.6133539E-06
 -0.4501400E+00 -0.5553314E-06
 -0.4100275E+00 -0.5060074E-06
 -0.3687682E+00 -0.4554197E-06
 -0.3120180E+00 -0.3854132E-06
 -0.2636370E+00 -0.3257969E-06
 -0.2131684E+00 -0.2637196E-06
 -0.1561575E+00 -0.1935449E-06
 -0.9696608E-01 -0.1206444E-06
 -0.4692263E-01 -0.5905974E-07
  0.4773710E-03 -0.7551080E-09
  0.5853333E-01  0.7069906E-07
  0.7564360E+00  0.9284365E-06
  0.2839274E+00  0.3479593E-06
  0.3395614E+00  0.4164912E-06
  0.4019605E+00  0.4933524E-06
  0.4588108E+00  0.5633408E-06
  0.4962662E+00  0.6094038E-06
  0.5327789E+00  0.6542888E-06
  0.5767770E+00  0.7084070E-06
  0.6195514E+00  0.7611572E-06
  0.6562608E+00  0.8061319E-06
  0.5087169E-01  0.6137694E-07
  0.5219218E+00  0.6404755E-06
 -0.8577964E+00 -0.1058294E-05
  0.6217512E+00  0.7643655E-06
  0.3465148E+00  0.4253095E-06
 -0.5305386E+00 -0.6549454E-06
  0.6375356E+00  0.7836837E-06
 -0.8260384E+00 -0.1019417E-05
 -0.8080156E+00 -0.9970306E-06
  0.9309827E+00  0.1147864E-05
  0.4804281E+00  0.5893631E-06
 -0.7292077E+00 -0.9000524E-06
 -0.6242750E+00 -0.7708232E-06
 -0.4951206E+00 -0.6117563E-06
 -0.3468828E+00 -0.4292942E-06
 -0.1888038E+00 -0.2345235E-06
 -0.4463566E-01 -0.5705968E-07
  0.1032123E+01  0.1273632E-05
  0.3390235E+00  0.4153058E-06
  0.5053275E+00  0.6203888E-06
  0.1060048E+01  0.1308069E-05
 -0.1809257E+00 -0.2244152E-06
  0.2907809E+00  0.3559065E-06
 -0.3469495E-01 -0.4405942E-07
 -0.7102493E-01 -0.8866706E-07
  0.1483972E+00  0.1811635E-06
  0.5235343E-01  0.6304455E-07
 -0.6524127E+00 -0.8051811E-06
  0.4910077E+00  0.6032996E-06
 -0.8298694E+00 -0.1024135E-05
  0.9260335E+00  0.1142334E-05
  0.1050865E+01  0.1298022E-05
  0.7174489E+00  0.8816664E-06
  0.7456330E+00  0.9156173E-06
  0.9594070E+00  0.1182616E-05
  0.1581162E+01  0.1958005E-05
  0.1757602E+01  0.2177972E-05
  0.1988857E+00  0.2431750E-06
  0.1204677E+00  0.1466987E-06
  0.6614971E+00  0.8122493E-06
 -0.4338506E+00 -0.5362643E-06
  0.7175962E+00  0.8809125E-06
 -0.3524312E+00 -0.4361559E-06
 -0.1899609E-01 -0.2479143E-07
 -0.6589412E+00 -0.8121682E-06
  0.1018191E+00  0.1239660E-06
 -0.8562354E+00 -0.1056663E-05
 -0.2913680E+00 -0.3603380E-06
  0.7666264E+00  0.9424946E-06
 -0.4523280E+00 -0.5584702E-06
  0.2861668E+00  0.3506414E-06
 -0.8299780E+00 -0.1024179E-05
  0.4342844E+00  0.5331075E-06
 -0.7616564E+00 -0.9401208E-06
 -0.5874469E+00 -0.7251291E-06
  0.5730926E+00  0.7041916E-06
  0.5469934E+00  0.6725155E-06
 -0.6716110E+00 -0.8291440E-06
 -0.5555453E+00 -0.6862554E-06
 -0.4181211E+00 -0.5169898E-06
 -0.2651115E+00 -0.3284998E-06
 -0.1050083E+00 -0.1312805E-06
  0.6294613E-01  0.7569574E-07
  0.2600991E+00  0.3190167E-06
  0.6634098E+00  0.8144744E-06
 -0.7186894E+00 -0.8856329E-06
 -0.2188346E+00 -0.2708468E-06
  0.2140511E+00  0.2614350E-06
  0.4302681E+00  0.5290161E-06
 -0.7078354E+00 -0.8737994E-06
  0.2974606E+01  0.3697948E-05
  0.2497096E+01  0.3104520E-05
  0.2347882E+01  0.2917914E-05
  0.2274865E+01  0.2825670E-05
  0.2230408E+01  0.2768780E-05
  0.2198756E+01  0.2727704E-05
  0.2173423E+01  0.2694427E-05
  0.2151685E+01  0.2665575E-05
  0.2132032E+01  0.2639298E-05
  0.2113604E+01  0.2614521E-05
  0.2095801E+01  0.2590525E-05
  0.2078245E+01  0.2566831E-05
  0.2060671E+01  0.2543118E-05
  0.2042960E+01  0.2519256E-05
  0.2025342E+01  0.2495509E-05
  0.2008454E+01  0.2472665E-05
  0.1993948E+01  0.2452759E-05
  0.1985420E+01  0.2440187E-05
  0.1990892E+01  0.2444788E-05
  0.2029684E+01  0.2490221E-05
  0.1940971E+01  0.2381540E-05
  0.1767426E+01  0.2168775E-05
  0.1516642E+01  0.1861230E-05
  0.1199559E+01  0.1472324E-05
  0.8300363E+00  0.1019055E-05
  0.4242102E+00  0.5212204E-06
 -0.1337066E-03  0.6314798E-09
 -0.4244145E+00 -0.5199113E-06
 -0.8301454E+00 -0.1017730E-05
 -0.1199616E+01 -0.1471091E-05
 -0.1516671E+01 -0.1860175E-05
 -0.1767446E+01 -0.2167968E-05
 -0.1940979E+01 -0.2381011E-05
 -0.2029685E+01 -0.2489994E-05
 -0.2029674E+01 -0.2490143E-05
 -0.1940968E+01 -0.2381465E-05
 -0.1767428E+01 -0.2168704E-05
 -0.1516640E+01 -0.1861158E-05
 -0.1199570E+01 -0.1472270E-05
 -0.8300739E+00 -0.1019035E-05
 -0.4242998E+00 -0.5212628E-06
  0.1919860E-04 -0.7074323E-09
  0.4243362E+00  0.5198801E-06
  0.8301063E+00  0.1017745E-05
  0.1199593E+01  0.1471128E-05
  0.1516653E+01  0.1860216E-05
  0.1767425E+01  0.2168009E-05
  0.1940959E+01  0.2381051E-05
  0.2029674E+01  0.2490044E-05
  0.1990860E+01  0.2444596E-05
  0.1985386E+01  0.2439992E-05
  0.1993918E+01  0.2452563E-05
  0.2008421E+01  0.2472468E-05
  0.2025308E+01  0.2495309E-05
  0.2042942E+01  0.2519065E-05
  0.2060623E+01  0.2542899E-05
  0.2078203E+01  0.2566615E-05
  0.2095761E+01  0.2590302E-05
  0.2113551E+01  0.2614292E-05
  0.2131998E+01  0.2639084E-05
  0.2151654E+01  0.2665373E-05
  0.2173415E+01  0.2694238E-05
  0.2198795E+01  0.2727572E-05
  0.2230445E+01  0.2768638E-05
  0.2274981E+01  0.2825632E-05
  0.2348069E+01  0.2917954E-05
  0.2497198E+01  0.3104453E-05
  0.2972799E+01  0.3695461E-05
  0.2843659E+01  0.3534669E-05
  0.2590494E+01  0.3219702E-05
  0.2223403E+01  0.2763130E-05
  0.1758890E+01  0.2185452E-05
  0.1217611E+01  0.1512394E-05
  0.6230400E+00  0.7731048E-06
  0.9147077E-03 -0.3694254E-09
 -0.6212643E+00 -0.7738730E-06
 -0.1216101E+01 -0.1513332E-05
 -0.1757746E+01 -0.2186610E-05
 -0.2222486E+01 -0.2764249E-05
 -0.2590186E+01 -0.3221199E-05
 -0.2844711E+01 -0.3537435E-05
 -0.2974787E+01 -0.3698914E-05
 -0.2974664E+01 -0.3698526E-05
 -0.2844447E+01 -0.3536400E-05
 -0.2589926E+01 -0.3219733E-05
 -0.2222209E+01 -0.2762387E-05
 -0.1757316E+01 -0.2184255E-05
 -0.1215600E+01 -0.1510642E-05
 -0.6204878E+00 -0.7706874E-06
  0.1714213E-02  0.2893579E-08
  0.6236981E+00  0.7761522E-06
  0.1218214E+01  0.1515219E-05
  0.1759012E+01  0.2187455E-05
  0.2220576E+01  0.2761129E-05
  0.2578036E+01  0.3205354E-05
  0.2838077E+01  0.3528427E-05
  0.2175331E+01  0.2702225E-05
  0.2132835E+01  0.2647822E-05
  0.2102544E+01  0.2608524E-05
  0.2078375E+01  0.2576778E-05
  0.2057593E+01  0.2549191E-05
  0.2038802E+01  0.2524059E-05
  0.2021184E+01  0.2500376E-05
  0.2004162E+01  0.2477426E-05
  0.1987363E+01  0.2454754E-05
  0.1970544E+01  0.2432063E-05
  0.1953643E+01  0.2409274E-05
  0.1936798E+01  0.2386568E-05
  0.1920640E+01  0.2364712E-05
  0.1906771E+01  0.2345681E-05
  0.1898621E+01  0.2333667E-05
  0.1903864E+01  0.2338075E-05
  0.1733601E+01  0.2129149E-05
  0.1487568E+01  0.1827164E-05
  0.1176430E+01  0.1445218E-05
  0.8136316E+00  0.9998032E-06
  0.4152074E+00  0.5106143E-06
 -0.1083600E-02 -0.5480221E-09
 -0.4169400E+00 -0.5112067E-06
 -0.8146021E+00 -0.9995587E-06
 -0.1176830E+01 -0.1444426E-05
 -0.1487749E+01 -0.1826320E-05
 -0.1733700E+01 -0.2128457E-05
 -0.1903893E+01 -0.2337586E-05
 -0.1990886E+01 -0.2444565E-05
 -0.1990872E+01 -0.2444701E-05
 -0.1903848E+01 -0.2337995E-05
 -0.1733616E+01 -0.2129103E-05
 -0.1487616E+01 -0.1827157E-05
 -0.1176599E+01 -0.1445355E-05
 -0.8141621E+00 -0.1000385E-05
 -0.4161389E+00 -0.5116892E-06
  0.6640239E-04 -0.6353051E-09
  0.4162684E+00  0.5104515E-06
  0.8142741E+00  0.9992236E-06
  0.1176691E+01  0.1444321E-05
  0.1487676E+01  0.1826299E-05
  0.1733652E+01  0.2128464E-05
  0.1903856E+01  0.2337610E-05
  0.1898628E+01  0.2333217E-05
  0.1906792E+01  0.2345247E-05
  0.1920668E+01  0.2364280E-05
  0.1936817E+01  0.2386119E-05
  0.1953668E+01  0.2408834E-05
  0.1970574E+01  0.2431616E-05
  0.1987367E+01  0.2454274E-05
  0.2004156E+01  0.2476929E-05
  0.2021187E+01  0.2499886E-05
  0.2038836E+01  0.2523606E-05
  0.2057643E+01  0.2548750E-05
  0.2078466E+01  0.2576368E-05
  0.2102731E+01  0.2608247E-05
  0.2133035E+01  0.2647559E-05
  0.2175652E+01  0.2702078E-05
  0.2245523E+01  0.2790339E-05
  0.2387992E+01  0.2968491E-05
  0.2174476E+01  0.2702863E-05
  0.1866042E+01  0.2319249E-05
  0.1476088E+01  0.1834322E-05
  0.1021751E+01  0.1269387E-05
  0.5227914E+00  0.6490106E-06
  0.8424590E-03  0.9795696E-10
 -0.5211488E+00 -0.6488276E-06
 -0.1020323E+01 -0.1269342E-05
 -0.1474842E+01 -0.1834311E-05
 -0.1864901E+01 -0.2319102E-05
 -0.2173476E+01 -0.2702561E-05
 -0.2387062E+01 -0.2967913E-05
 -0.2496234E+01 -0.3103446E-05
 -0.2496162E+01 -0.3103156E-05
 -0.2386936E+01 -0.2967170E-05
 -0.2173366E+01 -0.2701474E-05
 -0.1864833E+01 -0.2317744E-05
 -0.1474731E+01 -0.1832632E-05
 -0.1020095E+01 -0.1267323E-05
 -0.5208124E+00 -0.6465467E-06
  0.1206942E-02  0.2454152E-08
  0.5231422E+00  0.6513102E-06
  0.1022196E+01  0.1271679E-05
  0.1476403E+01  0.1836260E-05
  0.1865735E+01  0.2320150E-05
  0.2173083E+01  0.2702090E-05
  0.2386912E+01  0.2967740E-05
  0.2244984E+01  0.2790226E-05
  0.1942114E+01  0.2411264E-05
  0.1873557E+01  0.2321381E-05
  0.1856443E+01  0.2298488E-05
  0.1840384E+01  0.2276898E-05
  0.1824887E+01  0.2255996E-05
  0.1809578E+01  0.2235339E-05
  0.1794238E+01  0.2214635E-05
  0.1778790E+01  0.2193825E-05
  0.1763371E+01  0.2173045E-05
  0.1748714E+01  0.2153214E-05
  0.1736149E+01  0.2135962E-05
  0.1728788E+01  0.2125090E-05
  0.1483230E+01  0.1823429E-05
  0.8095012E+00  0.9956025E-06
  0.1172370E+01  0.1441489E-05
  0.4115864E+00  0.5066086E-06
 -0.3579324E-02 -0.3614744E-08
 -0.4175282E+00 -0.5123723E-06
 -0.8131953E+00 -0.9986929E-06
 -0.1173924E+01 -0.1442106E-05
 -0.1483773E+01 -0.1823017E-05
 -0.1728972E+01 -0.2124488E-05
 -0.1898679E+01 -0.2333204E-05
 -0.1985426E+01 -0.2439970E-05
 -0.1985393E+01 -0.2440084E-05
 -0.1898601E+01 -0.2333574E-05
 -0.1728826E+01 -0.2125061E-05
 -0.1483498E+01 -0.1823679E-05
 -0.1173332E+01 -0.1442589E-05
 -0.8118857E+00 -0.9984534E-06
 -0.4149573E+00 -0.5106748E-06
  0.9917248E-04 -0.5903020E-09
  0.4151495E+00  0.5095220E-06
  0.8120541E+00  0.9973651E-06
  0.1173469E+01  0.1441623E-05
  0.1483599E+01  0.1822881E-05
  0.1728893E+01  0.2124470E-05
  0.1736323E+01  0.2135421E-05
  0.1763654E+01  0.2172623E-05
  0.1748951E+01  0.2152749E-05
  0.1778991E+01  0.2193290E-05
  0.1794377E+01  0.2214033E-05
  0.1809664E+01  0.2234658E-05
  0.1824950E+01  0.2255281E-05
  0.1840460E+01  0.2276191E-05
  0.1856533E+01  0.2297791E-05
  0.1873674E+01  0.2320707E-05
  0.1892649E+01  0.2345880E-05
  0.1914793E+01  0.2374949E-05
  0.1942404E+01  0.2410773E-05
  0.1981220E+01  0.2460432E-05
  0.2044805E+01  0.2540733E-05
  0.1754771E+01  0.2180156E-05
  0.9607698E+00  0.1193237E-05
  0.1388068E+01  0.1724332E-05
  0.4914881E+00  0.6100048E-06
  0.6886221E-03  0.6768808E-10
 -0.4901333E+00 -0.6098551E-06
 -0.9595428E+00 -0.1193134E-05
 -0.1386979E+01 -0.1724212E-05
 -0.1753805E+01 -0.2179943E-05
 -0.2043918E+01 -0.2540313E-05
 -0.2244715E+01 -0.2789675E-05
 -0.2347387E+01 -0.2917078E-05
 -0.2347375E+01 -0.2916879E-05
 -0.2244713E+01 -0.2789119E-05
 -0.2043930E+01 -0.2539433E-05
 -0.1753781E+01 -0.2178719E-05
 -0.1386977E+01 -0.1722766E-05
 -0.9594550E+00 -0.1191390E-05
 -0.4900095E+00 -0.6079532E-06
  0.8336276E-03  0.2038197E-08
  0.4916139E+00  0.6119081E-06
  0.9609017E+00  0.1195039E-05
  0.1388057E+01  0.1725767E-05
  0.1754425E+01  0.2180935E-05
  0.2044208E+01  0.2540893E-05
  0.1914500E+01  0.2375429E-05
  0.1892496E+01  0.2346518E-05
  0.1980781E+01  0.2460753E-05
  0.1579197E+01  0.1953967E-05
  0.1592949E+01  0.1972468E-05
  0.1552720E+01  0.1918248E-05
  0.1539239E+01  0.1900099E-05
  0.1525404E+01  0.1881516E-05
  0.1511804E+01  0.1863236E-05
  0.1499340E+01  0.1846354E-05
  0.1489099E+01  0.1832208E-05
 -0.6627898E-02 -0.7360506E-08
 -0.4214972E+00 -0.5176803E-06
  0.8104495E+00  0.9976202E-06
  0.4104725E+00  0.5056743E-06
  0.1175727E+01  0.1446849E-05
 -0.8178282E+00 -0.1005231E-05
 -0.1179388E+01 -0.1450042E-05
 -0.1490271E+01 -0.1832550E-05
 -0.1736419E+01 -0.2135452E-05
 -0.1906839E+01 -0.2345221E-05
 -0.1993951E+01 -0.2452525E-05
 -0.1993914E+01 -0.2452636E-05
 -0.1906742E+01 -0.2345569E-05
 -0.1736233E+01 -0.2135978E-05
 -0.1489847E+01 -0.1833037E-05
 -0.1178345E+01 -0.1449982E-05
 -0.8153458E+00 -0.1003556E-05
 -0.4167232E+00 -0.5132828E-06
  0.1078368E-03 -0.5795622E-09
  0.4169334E+00  0.5121516E-06
  0.8155386E+00  0.1002497E-05
  0.1178507E+01  0.1449045E-05
  0.1489976E+01  0.1832270E-05
  0.1539726E+01  0.1899649E-05
  0.1552837E+01  0.1917334E-05
  0.1513404E+01  0.1864168E-05
  0.1526545E+01  0.1881884E-05
  0.1500807E+01  0.1847130E-05
  0.1565946E+01  0.1935023E-05
  0.1579253E+01  0.1952959E-05
  0.1593053E+01  0.1971506E-05
  0.1607782E+01  0.1991196E-05
  0.1624092E+01  0.2012831E-05
  0.1643121E+01  0.2037811E-05
  0.1666789E+01  0.2068515E-05
  0.1700172E+01  0.2111220E-05
  0.5454663E-03 -0.4878586E-10
 -0.4750005E+00 -0.5906683E-06
  0.9307911E+00  0.1155419E-05
  0.4760661E+00  0.5905811E-06
  0.1344839E+01  0.1669762E-05
 -0.9297844E+00 -0.1155470E-05
 -0.1343934E+01 -0.1669762E-05
 -0.1699348E+01 -0.2111079E-05
 -0.1980479E+01 -0.2460100E-05
 -0.2175005E+01 -0.2701536E-05
 -0.2274467E+01 -0.2824900E-05
 -0.2274478E+01 -0.2824724E-05
 -0.2175039E+01 -0.2701049E-05
 -0.1980515E+01 -0.2459278E-05
 -0.1699413E+01 -0.2109995E-05
 -0.1343998E+01 -0.1668439E-05
 -0.9298367E+00 -0.1153949E-05
 -0.4750012E+00 -0.5889739E-06
  0.5809702E-03  0.1730747E-08
  0.4760737E+00  0.5922821E-06
  0.9307430E+00  0.1156941E-05
  0.1344705E+01  0.1670998E-05
  0.1699855E+01  0.2111983E-05
  0.1642840E+01  0.2038581E-05
  0.1623924E+01  0.2013727E-05
  0.1565904E+01  0.1936043E-05
  0.1666633E+01  0.2069460E-05
  0.1607639E+01  0.1992115E-05
  0.1228454E+01  0.1517893E-05
  0.1217221E+01  0.1502827E-05
  0.1183033E+01  0.1457064E-05
 -0.8239420E+00 -0.1013579E-05
 -0.1187949E+01 -0.1461776E-05
 -0.4246431E+00 -0.5219733E-06
 -0.6407371E-02 -0.7084943E-08
  0.8154441E+00  0.1004610E-05
  0.4135160E+00  0.5098513E-06
  0.1259921E+01  0.1559034E-05
 -0.1749047E+01 -0.2152768E-05
 -0.1920702E+01 -0.2364231E-05
 -0.2008440E+01 -0.2472401E-05
 -0.2008405E+01 -0.2472517E-05
 -0.1920594E+01 -0.2364569E-05
 -0.1748847E+01 -0.2153281E-05
 -0.1500661E+01 -0.1847874E-05
 -0.1186898E+01 -0.1461719E-05
 -0.8212698E+00 -0.1011685E-05
 -0.4197602E+00 -0.5174480E-06
  0.8651239E-04 -0.6066738E-09
  0.4199380E+00  0.5162769E-06
  0.8214422E+00  0.1010601E-05
  0.1187060E+01  0.1460779E-05
  0.1238466E+01  0.1530156E-05
  0.1248986E+01  0.1544339E-05
  0.1228108E+01  0.1516178E-05
  0.1217776E+01  0.1502234E-05
  0.1197007E+01  0.1474236E-05
  0.1207378E+01  0.1488214E-05
 -0.1666168E+01 -0.2068588E-05
  0.1271599E+01  0.1574635E-05
  0.1284542E+01  0.1591800E-05
  0.1299639E+01  0.1611616E-05
  0.1318437E+01  0.1635992E-05
 -0.9117360E+00 -0.1132342E-05
 -0.1317738E+01 -0.1636211E-05
 -0.4658746E+00 -0.5789589E-06
  0.3424154E-03 -0.2807639E-09
  0.9124333E+00  0.1131951E-05
  0.4665841E+00  0.5784729E-06
 -0.1941792E+01 -0.2410567E-05
 -0.2132543E+01 -0.2647178E-05
 -0.2230067E+01 -0.2768062E-05
 -0.2230077E+01 -0.2767894E-05
 -0.2132621E+01 -0.2646751E-05
 -0.1941894E+01 -0.2409845E-05
 -0.1666332E+01 -0.2067655E-05
 -0.1317897E+01 -0.1635037E-05
 -0.9118437E+00 -0.1130922E-05
 -0.4659210E+00 -0.5773562E-06
  0.3306689E-03  0.1404260E-08
  0.4665393E+00  0.5800794E-06
  0.9123285E+00  0.1133371E-05
  0.1318257E+01  0.1637146E-05
  0.1271561E+01  0.1575916E-05
  0.1239055E+01  0.1532174E-05
  0.1284426E+01  0.1592996E-05
 -0.1501076E+01 -0.1847365E-05
  0.1299477E+01  0.1612768E-05
  0.1260032E+01  0.1560478E-05
  0.1193264E+01  0.1470872E-05
  0.1205211E+01  0.1486809E-05
  0.1249339E+01  0.1546075E-05
  0.8521999E+00  0.1053284E-05
  0.8439516E+00  0.1042271E-05
  0.4203830E+00  0.5187432E-06
 -0.8288624E+00 -0.1020459E-05
 -0.1197125E+01 -0.1474267E-05
  0.8242100E+00  0.1016246E-05
 -0.4247021E+00 -0.5224613E-06
 -0.2135837E-02 -0.1817805E-08
  0.8888608E+00  0.1101220E-05
 -0.1763679E+01 -0.2172546E-05
  0.8497229E+00  0.1048780E-05
 -0.2025312E+01 -0.2495208E-05
 -0.1936808E+01 -0.2386005E-05
 -0.1936725E+01 -0.2386377E-05
 -0.1763535E+01 -0.2173138E-05
 -0.1513261E+01 -0.1864911E-05
 -0.1196870E+01 -0.1475202E-05
 -0.8281839E+00 -0.1021035E-05
 -0.4233205E+00 -0.5222599E-06
  0.4010566E-04 -0.6656737E-09
  0.4234155E+00  0.5209820E-06
  0.8283023E+00  0.1019882E-05
  0.8354518E+00  0.1029523E-05
 -0.1642739E+01 -0.2038176E-05
  0.8641388E+00  0.1068227E-05
  0.8568621E+00  0.1058418E-05
  0.8426102E+00  0.1039178E-05
 -0.2102465E+01 -0.2608150E-05
  0.8993626E+00  0.1114998E-05
 -0.4594328E+00 -0.5705884E-06
  0.8798462E+00  0.1089272E-05
  0.4598053E+00  0.5696942E-06
 -0.2198600E+01 -0.2727229E-05
 -0.1299238E+01 -0.1612194E-05
 -0.8989734E+00 -0.1115768E-05
  0.1838268E-03 -0.4725109E-09
 -0.1914433E+01 -0.2375067E-05
 -0.2198639E+01 -0.2727108E-05
 -0.2102559E+01 -0.2607751E-05
 -0.1914565E+01 -0.2374393E-05
 -0.1642871E+01 -0.2037225E-05
 -0.1299380E+01 -0.1611019E-05
 -0.8990941E+00 -0.1114392E-05
 -0.4595243E+00 -0.5690687E-06
  0.1351509E-03  0.1144134E-08
  0.4597634E+00  0.5712790E-06
  0.8992836E+00  0.1116430E-05
  0.8723521E+00  0.1080679E-05
  0.8589973E+00  0.1062516E-05
 -0.1513383E+01 -0.1864028E-05
  0.8888509E+00  0.1102722E-05
  0.8342948E+00  0.1029518E-05
  0.8654970E+00  0.1071376E-05
  0.8800251E+00  0.1090988E-05
 -0.2025276E+01 -0.2495324E-05
  0.8717233E+00  0.1078419E-05
  0.4347000E+00  0.5372745E-06
  0.2561630E-02  0.3987550E-08
 -0.1206290E+01 -0.1486748E-05
  0.4342421E+00  0.5356007E-06
 -0.2042886E+01 -0.2519044E-05
 -0.1778884E+01 -0.2193040E-05
  0.4543504E+00  0.5625452E-06
 -0.1526423E+01 -0.1882646E-05
  0.4306520E+00  0.5307487E-06
  0.4454631E+00  0.5507238E-06
 -0.1953637E+01 -0.2408676E-05
 -0.1778866E+01 -0.2193797E-05
 -0.8354194E+00 -0.1030781E-05
 -0.4270536E+00 -0.5272868E-06
 -0.1943907E-04 -0.7397079E-09
  0.4270340E+00  0.5258632E-06
 -0.2173326E+01 -0.2693885E-05
  0.4415701E+00  0.5454909E-06
 -0.8887305E+00 -0.1102314E-05
 -0.1623850E+01 -0.2013382E-05
  0.4378583E+00  0.5404848E-06
 -0.1892536E+01 -0.2345484E-05
 -0.2173300E+01 -0.2694032E-05
 -0.1892412E+01 -0.2346158E-05
 -0.2078362E+01 -0.2575995E-05
 -0.4542824E+00 -0.5638121E-06
 -0.1284337E+01 -0.1592630E-05
  0.4496647E+00  0.5563352E-06
 -0.1207291E+01 -0.1489242E-05
 -0.1953566E+01 -0.2409066E-05
 -0.1624002E+01 -0.2012471E-05
 -0.1284473E+01 -0.1591462E-05
 -0.8887942E+00 -0.1100882E-05
 -0.4542392E+00 -0.5621482E-06
  0.1359528E-03  0.1119428E-08
  0.4544518E+00  0.5642838E-06
  0.4501601E+00  0.5585513E-06
  0.4415954E+00  0.5466655E-06
  0.4439780E+00  0.5500448E-06
  0.4390098E+00  0.5430322E-06
 -0.2042921E+01 -0.2518927E-05
 -0.2078272E+01 -0.2576397E-05
  0.4281223E+00  0.5287205E-06
 -0.8334951E+00 -0.1026987E-05
  0.4467162E+00  0.5538588E-06
  0.1767708E-04 -0.6775700E-09
 -0.1526075E+01 -0.1881180E-05
 -0.2060556E+01 -0.2542854E-05
 -0.1271530E+01 -0.1574325E-05
 -0.1607739E+01 -0.1990918E-05
 -0.8796884E+00 -0.1088850E-05
 -0.1539637E+01 -0.1900453E-05
 -0.2151612E+01 -0.2665102E-05
 -0.2064382E-03 -0.9637144E-09
 -0.1970533E+01 -0.2431439E-05
 -0.1794259E+01 -0.2214536E-05
  0.5072290E-02  0.7102055E-08
 -0.8426909E+00 -0.1040574E-05
 -0.4308069E+00 -0.5323383E-06
 -0.1607653E+01 -0.1991903E-05
 -0.2325123E-03 -0.9976713E-09
 -0.1873625E+01 -0.2320422E-05
 -0.1873517E+01 -0.2321101E-05
 -0.8799328E+00 -0.1090644E-05
 -0.2057603E+01 -0.2548481E-05
 -0.2157783E-03 -0.9804069E-09
 -0.2057506E+01 -0.2548862E-05
 -0.4498576E+00 -0.5579400E-06
 -0.4264106E+00 -0.5253862E-06
 -0.9062924E-04 -0.8284058E-09
 -0.2151580E+01 -0.2665232E-05
 -0.1271567E+01 -0.1575692E-05
 -0.1199881E-03 -0.8523564E-09
 -0.4493271E+00 -0.5556875E-06
  0.5314447E-03  0.1592692E-08
 -0.2060599E+01 -0.2542745E-05
  0.2706477E-02  0.4239258E-08
  0.5206745E-02  0.7287795E-08
  0.4123593E-02  0.5968152E-08
 -0.1215979E+01 -0.1499881E-05
 -0.1638869E-03 -0.9174617E-09
 -0.1539009E+01 -0.1898627E-05
 -0.1794178E+01 -0.2213655E-05
 -0.1217757E+01 -0.1503345E-05
  0.1385980E-02  0.2625168E-08
 -0.8395275E+00 -0.1035240E-05
 -0.1970464E+01 -0.2431834E-05
 -0.4443889E+00 -0.5491920E-06
 -0.1856417E+01 -0.2298259E-05
 -0.8467178E+00 -0.1044923E-05
 -0.1552781E+01 -0.1918175E-05
 -0.4419884E+00 -0.5473993E-06
 -0.1228163E+01 -0.1517374E-05
 -0.1809463E+01 -0.2234262E-05
 -0.1552086E+01 -0.1916259E-05
 -0.8499216E+00 -0.1050320E-05
 -0.4345319E+00 -0.5373574E-06
 -0.1592994E+01 -0.1972317E-05
 -0.1259572E+01 -0.1558399E-05
 -0.2038724E+01 -0.2523771E-05
 -0.1856475E+01 -0.2297522E-05
 -0.2078173E+01 -0.2566439E-05
 -0.8719497E+00 -0.1079975E-05
 -0.2038810E+01 -0.2523380E-05
 -0.1259991E+01 -0.1560222E-05
 -0.4458254E+00 -0.5525518E-06
 -0.1987257E+01 -0.2454480E-05
 -0.4299876E+00 -0.5302045E-06
 -0.2131944E+01 -0.2638997E-05
 -0.1226358E+01 -0.1513868E-05
 -0.1592909E+01 -0.1971127E-05
 -0.1809559E+01 -0.2235168E-05
 -0.2078125E+01 -0.2566546E-05
 -0.4382463E+00 -0.5423597E-06
 -0.2131973E+01 -0.2638863E-05
 -0.4345089E+00 -0.5361863E-06
 -0.1987315E+01 -0.2454065E-05
 -0.8710338E+00 -0.1077364E-05
 -0.4393639E+00 -0.5425835E-06
 -0.1840359E+01 -0.2276687E-05
 -0.1578887E+01 -0.1952332E-05
 -0.8626369E+00 -0.1066190E-05
 -0.2004061E+01 -0.2477148E-05
 -0.1238557E+01 -0.1531394E-05
 -0.1824771E+01 -0.2254903E-05
 -0.4245181E+00 -0.5226468E-06
 -0.1248154E+01 -0.1543131E-05
 -0.2021094E+01 -0.2500092E-05
 -0.1840340E+01 -0.2275867E-05
 -0.8571246E+00 -0.1060032E-05
 -0.8544832E+00 -0.1055317E-05
 -0.2004106E+01 -0.2476710E-05
 -0.2021152E+01 -0.2499667E-05
 -0.8644226E+00 -0.1069862E-05
 -0.1565913E+01 -0.1935888E-05
 -0.2113502E+01 -0.2614231E-05
 -0.2095732E+01 -0.2590122E-05
 -0.1579222E+01 -0.1953819E-05
 -0.1249102E+01 -0.1545597E-05
 -0.2113531E+01 -0.2614099E-05
 -0.2095694E+01 -0.2590238E-05
 -0.1824836E+01 -0.2255778E-05
 -0.1237104E+01 -0.1528314E-05
 -0.1565343E+01 -0.1934118E-05
  0.1293266E+01  0.1645347E-05
  0.1227975E+01  0.1564532E-05
  0.1238740E+01  0.1575388E-05
  0.1259566E+01  0.1602625E-05
  0.1253622E+01  0.1595066E-05
  0.1225298E+01  0.1559123E-05
  0.1188841E+01  0.1512813E-05
  0.1147019E+01  0.1459825E-05
  0.1100176E+01  0.1400308E-05
  0.1048516E+01  0.1334724E-05
  0.9922848E+00  0.1263283E-05
  0.9317213E+00  0.1186388E-05
  0.8670917E+00  0.1104260E-05
  0.7986679E+00  0.1017404E-05
  0.7267531E+00  0.9260189E-06
  0.6516658E+00  0.8306577E-06
  0.5737388E+00  0.7317036E-06
  0.4932916E+00  0.6295668E-06
  0.4106764E+00  0.5245583E-06
  0.3262694E+00  0.4173487E-06
  0.2404734E+00  0.3083083E-06
  0.1536366E+00  0.1979880E-06
  0.6637959E-01  0.8710435E-07
 -0.6385612E-01 -0.7835467E-07
  0.1275133E+01  0.1622233E-05
 -0.3172410E+00 -0.4003218E-06
  0.1143957E+01  0.1457589E-05
 -0.5580071E+00 -0.7062461E-06
  0.1208244E+01  0.1537151E-05
 -0.7768722E+00 -0.9843792E-06
  0.1014822E+01  0.1293374E-05
 -0.9652917E+00 -0.1223864E-05
  0.1093773E+01  0.1391644E-05
 -0.1115802E+01 -0.1415139E-05
  0.8460147E+00  0.1078651E-05
 -0.1222519E+01 -0.1550781E-05
  0.9365162E+00  0.1191735E-05
 -0.1281290E+01 -0.1625582E-05
  0.6440243E+00  0.8216686E-06
 -0.1289743E+01 -0.1636398E-05
  0.7424296E+00  0.9451046E-06
 -0.1247540E+01 -0.1582888E-05
  0.4167860E+00  0.5326815E-06
 -0.1156372E+01 -0.1467137E-05
  0.5192310E+00  0.6614931E-06
 -0.1019853E+01 -0.1293766E-05
  0.1732498E+00  0.2228402E-06
 -0.8433292E+00 -0.1069634E-05
  0.2757111E+00  0.3520982E-06
 -0.6337041E+00 -0.8033028E-06
 -0.7699531E-01 -0.9542867E-07
 -0.3992530E+00 -0.5055421E-06
  0.2141268E-01  0.2898247E-07
 -0.1491682E+00 -0.1877650E-06
 -0.3241898E+00 -0.4098835E-06
  0.1067791E+00  0.1374065E-06
 -0.2336677E+00 -0.2951073E-06
  0.3585837E+00  0.4573839E-06
 -0.5587197E+00 -0.7082489E-06
  0.5963874E+00  0.7595762E-06
 -0.4795994E+00 -0.6075538E-06
  0.8108115E+00  0.1031981E-05
 -0.7713637E+00 -0.9787263E-06
  0.9933955E+00  0.1264043E-05
 -0.7067477E+00 -0.8960684E-06
  0.1136963E+01  0.1446560E-05
 -0.9537865E+00 -0.1210770E-05
  0.1236014E+01  0.1572508E-05
 -0.9061924E+00 -0.1149447E-05
  0.1286615E+01  0.1636847E-05
  0.1292663E+01  0.1644541E-05
  0.3575039E-01  0.4781634E-07
 -0.1098778E+01 -0.1395300E-05
 -0.4163248E+00 -0.5255674E-06
 -0.1070073E+01 -0.1357584E-05
 -0.6517214E+00 -0.8245043E-06
 -0.1200683E+01 -0.1524873E-05
 -0.8615658E+00 -0.1091085E-05
 -0.1191975E+01 -0.1512347E-05
 -0.1037594E+01 -0.1314764E-05
 -0.1255478E+01 -0.1594658E-05
 -0.1172894E+01 -0.1486780E-05
 -0.1267112E+01 -0.1607722E-05
 -0.1262173E+01 -0.1600317E-05
 -0.1260953E+01 -0.1601603E-05
 -0.1301950E+01 -0.1651010E-05
 -0.1292508E+01 -0.1639846E-05
 -0.1290585E+01 -0.1636854E-05
 -0.1216872E+01 -0.1545586E-05
 -0.1228550E+01 -0.1558237E-05
 -0.1267155E+01 -0.1607580E-05
 -0.1118330E+01 -0.1418415E-05
 -0.1125058E+01 -0.1428740E-05
 -0.9642298E+00 -0.1222887E-05
 -0.1192063E+01 -0.1512082E-05
 -0.7722755E+00 -0.9792896E-06
 -0.9890618E+00 -0.1255795E-05
 -0.5500421E+00 -0.6972186E-06
 -0.1070178E+01 -0.1357155E-05
 -0.3062361E+00 -0.3876916E-06
 -0.8142633E+00 -0.1033431E-05
 -0.5045191E-01 -0.6296125E-07
 -0.9063082E+00 -0.1148842E-05
  0.2073317E+00  0.2644439E-06
 -0.6075220E+00 -0.7704745E-06
  0.4570430E+00  0.5815668E-06
 -0.7068657E+00 -0.8954052E-06
  0.6888661E+00  0.8760012E-06
 -0.3769664E+00 -0.4771748E-06
  0.8936663E+00  0.1136164E-05
 -0.4796940E+00 -0.6067477E-06
  0.1063379E+01  0.1351816E-05
 -0.1315614E+00 -0.1650469E-06
  0.1191314E+01  0.1514462E-05
 -0.2337077E+00 -0.2941931E-06
  0.1272460E+01  0.1617733E-05
  0.1276014E+01  0.1623500E-05
 -0.1645474E+00 -0.2058015E-06
  0.1287541E+01  0.1638108E-05
  0.0000000E+00  0.0000000E+00
  0.0000000E+00  0.0000000E+00
  0.0000000E+00  0.0000000E+00
  0.0000000E+00  0.0000000E+00
  0.0000000E+00  0.0000000E+00
  0.0000000E+00  0.0000000E+00
  0.0000000E+00  0.0000000E+00
  0.0000000E+00  0.0000000E+00
  0.0000000E+00  0.0000000E+00
  0.0000000E+00  0.0000000E+00
  0.0000000E+00  0.0000000E+00
  0.0000000E+00  0.0000000E+00
  0.0000000E+00  0.0000000E+00
  0.0000000E+00  0.0000000E+00
  0.0000000E+00  0.0000000E+00
  0.0000000E+00  0.0000000E+00
  0.0000000E+00  0.0000000E+00
  0.0000000E+00  0.0000000E+00
  0.0000000E+00  0.0000000E+00
  0.0000000E+00  0.0000000E+00
  0.0000000E+00  0.0000000E+00
  0.0000000E+00  0.0000000E+00
  0.0000000E+00  0.0000000E+00
  0.0000000E+00  0.0000000E+00
  0.0000000E+00  0.0000000E+00
  0.0000000E+00  0.0000000E+00
  0.0000000E+00  0.0000000E+00
  0.0000000E+00  0.0000000E+00
  0.0000000E+00  0.0000000E+00
  0.0000000E+00  0.0000000E+00
  0.0000000E+00  0.0000000E+00
  0.0000000E+00  0.0000000E+00
  0.0000000E+00  0.0000000E+00
  0.0000000E+00  0.0000000E+00
  0.0000000E+00  0.0000000E+00
  0.0000000E+00  0.0000000E+00
  0.0000000E+00  0.0000000E+00
  0.0000000E+00  0.0000000E+00
  0.0000000E+00  0.0000000E+00
  0.0000000E+00  0.0000000E+00
  0.0000000E+00  0.0000000E+00
  0.0000000E+00  0.0000000E+00
  0.0000000E+00  0.0000000E+00
  0.0000000E+00  0.0000000E+00
  0.0000000E+00  0.0000000E+00
  0.0000000E+00  0.0000000E+00
  0.0000000E+00  0.0000000E+00
  0.0000000E+00  0.0000000E+00
  0.0000000E+00  0.0000000E+00
  0.0000000E+00  0.0000000E+00
  0.0000000E+00  0.0000000E+00
  0.0000000E+00  0.0000000E+00
  0.0000000E+00  0.0000000E+00
  0.0000000E+00  0.0000000E+00
  0.0000000E+00  0.0000000E+00
  0.0000000E+00  0.0000000E+00
  0.0000000E+00  0.0000000E+00
  0.0000000E+00  0.0000000E+00
  0.0000000E+00  0.0000000E+00
  0.0000000E+00  0.0000000E+00
  0.0000000E+00  0.0000000E+00
  0.0000000E+00  0.0000000E+00
  0.0000000E+00  0.0000000E+00
  0.0000000E+00  0.0000000E+00
  0.0000000E+00  0.0000000E+00
  0.0000000E+00  0.0000000E+00
  0.0000000E+00  0.0000000E+00
  0.0000000E+00  0.0000000E+00
  0.0000000E+00  0.0000000E+00
  0.0000000E+00  0.0000000E+00
  0.0000000E+00  0.0000000E+00
  0.0000000E+00  0.0000000E+00
  0.0000000E+00  0.0000000E+00
  0.0000000E+00  0.0000000E+00
  0.0000000E+00  0.0000000E+00
  0.0000000E+00  0.0000000E+00
  0.0000000E+00  0.0000000E+00
  0.0000000E+00  0.0000000E+00
  0.0000000E+00  0.0000000E+00
  0.0000000E+00  0.0000000E+00
  0.0000000E+00  0.0000000E+00
  0.0000000E+00  0.0000000E+00
  0.0000000E+00  0.0000000E+00
  0.0000000E+00  0.0000000E+00
  0.0000000E+00  0.0000000E+00
  0.0000000E+00  0.0000000E+00
  0.0000000E+00  0.0000000E+00
  0.0000000E+00  0.0000000E+00
  0.0000000E+00  0.0000000E+00
  0.0000000E+00  0.0000000E+00
  0.0000000E+00  0.0000000E+00
  0.0000000E+00  0.0000000E+00
  0.0000000E+00  0.0000000E+00
  0.0000000E+00  0.0000000E+00
  0.0000000E+00  0.0000000E+00
  0.0000000E+00  0.0000000E+00
  0.0000000E+00  0.0000000E+00
  0.0000000E+00  0.0000000E+00
  0.0000000E+00  0.0000000E+00
  0.0000000E+00  0.0000000E+00
  0.0000000E+00  0.0000000E+00
  0.0000000E+00  0.0000000E+00
  0.0000000E+00  0.0000000E+00
  0.0000000E+00  0.0000000E+00
  0.0000000E+00  0.0000000E+00
  0.0000000E+00  0.0000000E+00
  0.0000000E+00  0.0000000E+00
  0.0000000E+00  0.0000000E+00
  0.0000000E+00  0.0000000E+00
  0.0000000E+00  0.0000000E+00
  0.0000000E+00  0.0000000E+00
  0.0000000E+00  0.0000000E+00
  0.0000000E+00  0.0000000E+00
  0.0000000E+00  0.0000000E+00
  0.0000000E+00  0.0000000E+00
  0.0000000E+00  0.0000000E+00
  0.0000000E+00  0.0000000E+00
  0.0000000E+00  0.0000000E+00
  0.0000000E+00  0.0000000E+00
  0.0000000E+00  0.0000000E+00
  0.0000000E+00  0.0000000E+00
  0.0000000E+00  0.0000000E+00
  0.0000000E+00  0.0000000E+00
  0.0000000E+00  0.0000000E+00
  0.0000000E+00  0.0000000E+00
  0.0000000E+00  0.0000000E+00
  0.0000000E+00  0.0000000E+00
  0.0000000E+00  0.0000000E+00
  0.0000000E+00  0.0000000E+00
  0.0000000E+00  0.0000000E+00
  0.0000000E+00  0.0000000E+00
  0.0000000E+00  0.0000000E+00
  0.0000000E+00  0.0000000E+00
  0.0000000E+00  0.0000000E+00
  0.0000000E+00  0.0000000E+00
  0.0000000E+00  0.0000000E+00
  0.0000000E+00  0.0000000E+00
  0.0000000E+00  0.0000000E+00
  0.0000000E+00  0.0000000E+00
  0.0000000E+00  0.0000000E+00
  0.0000000E+00  0.0000000E+00
  0.0000000E+00  0.0000000E+00
  0.0000000E+00  0.0000000E+00
  0.0000000E+00  0.0000000E+00
  0.0000000E+00  0.0000000E+00
  0.0000000E+00  0.0000000E+00
  0.0000000E+00  0.0000000E+00
  0.0000000E+00  0.0000000E+00
  0.0000000E+00  0.0000000E+00
  0.0000000E+00  0.0000000E+00
  0.0000000E+00  0.0000000E+00
  0.0000000E+00  0.0000000E+00
  0.0000000E+00  0.0000000E+00
  0.0000000E+00  0.0000000E+00
  0.0000000E+00  0.0000000E+00
  0.0000000E+00  0.0000000E+00
  0.0000000E+00  0.0000000E+00
  0.0000000E+00  0.0000000E+00
  0.0000000E+00  0.0000000E+00
  0.0000000E+00  0.0000000E+00
  0.0000000E+00  0.0000000E+00
  0.0000000E+00  0.0000000E+00
  0.0000000E+00  0.0000000E+00
  0.0000000E+00  0.0000000E+00
  0.0000000E+00  0.0000000E+00
  0.0000000E+00  0.0000000E+00
  0.0000000E+00  0.0000000E+00
  0.0000000E+00  0.0000000E+00
  0.0000000E+00  0.0000000E+00
  0.0000000E+00  0.0000000E+00
  0.0000000E+00  0.0000000E+00
  0.0000000E+00  0.0000000E+00
  0.0000000E+00  0.0000000E+00
  0.0000000E+00  0.0000000E+00
  0.0000000E+00  0.0000000E+00
  0.0000000E+00  0.0000000E+00
  0.0000000E+00  0.0000000E+00
  0.0000000E+00  0.0000000E+00
  0.0000000E+00  0.0000000E+00
  0.0000000E+00  0.0000000E+00
  0.0000000E+00  0.0000000E+00
  0.0000000E+00  0.0000000E+00
  0.0000000E+00  0.0000000E+00
  0.0000000E+00  0.0000000E+00
  0.0000000E+00  0.0000000E+00
  0.0000000E+00  0.0000000E+00
  0.0000000E+00  0.0000000E+00
  0.0000000E+00  0.0000000E+00
  0.0000000E+00  0.0000000E+00
  0.0000000E+00  0.0000000E+00
  0.0000000E+00  0.0000000E+00
  0.0000000E+00  0.0000000E+00
  0.0000000E+00  0.0000000E+00
  0.0000000E+00  0.0000000E+00
  0.0000000E+00  0.0000000E+00
  0.0000000E+00  0.0000000E+00
  0.0000000E+00  0.0000000E+00
  0.0000000E+00  0.0000000E+00
  0.0000000E+00  0.0000000E+00
  0.0000000E+00  0.0000000E+00
  0.0000000E+00  0.0000000E+00
  0.0000000E+00  0.0000000E+00
  0.0000000E+00  0.0000000E+00
  0.0000000E+00  0.0000000E+00
  0.0000000E+00  0.0000000E+00
  0.0000000E+00  0.0000000E+00
  0.0000000E+00  0.0000000E+00
  0.0000000E+00  0.0000000E+00
  0.0000000E+00  0.0000000E+00
  0.0000000E+00  0.0000000E+00
  0.0000000E+00  0.0000000E+00
  0.0000000E+00  0.0000000E+00
  0.0000000E+00  0.0000000E+00
  0.0000000E+00  0.0000000E+00
  0.0000000E+00  0.0000000E+00
  0.0000000E+00  0.0000000E+00
  0.0000000E+00  0.0000000E+00
  0.0000000E+00  0.0000000E+00
  0.0000000E+00  0.0000000E+00
  0.0000000E+00  0.0000000E+00
  0.0000000E+00  0.0000000E+00
  0.0000000E+00  0.0000000E+00
  0.0000000E+00  0.0000000E+00
  0.0000000E+00  0.0000000E+00
  0.0000000E+00  0.0000000E+00
  0.0000000E+00  0.0000000E+00
  0.0000000E+00  0.0000000E+00
  0.0000000E+00  0.0000000E+00
  0.0000000E+00  0.0000000E+00
  0.0000000E+00  0.0000000E+00
  0.0000000E+00  0.0000000E+00
  0.0000000E+00  0.0000000E+00
  0.0000000E+00  0.0000000E+00
  0.0000000E+00  0.0000000E+00
  0.0000000E+00  0.0000000E+00
  0.0000000E+00  0.0000000E+00
  0.0000000E+00  0.0000000E+00
  0.0000000E+00  0.0000000E+00
  0.0000000E+00  0.0000000E+00
  0.0000000E+00  0.0000000E+00
  0.0000000E+00  0.0000000E+00
  0.0000000E+00  0.0000000E+00
  0.0000000E+00  0.0000000E+00
  0.0000000E+00  0.0000000E+00
  0.0000000E+00  0.0000000E+00
  0.0000000E+00  0.0000000E+00
  0.0000000E+00  0.0000000E+00
  0.0000000E+00  0.0000000E+00
  0.0000000E+00  0.0000000E+00
  0.0000000E+00  0.0000000E+00
  0.0000000E+00  0.0000000E+00
  0.0000000E+00  0.0000000E+00
  0.0000000E+00  0.0000000E+00
  0.0000000E+00  0.0000000E+00
  0.0000000E+00  0.0000000E+00
  0.0000000E+00  0.0000000E+00
  0.0000000E+00  0.0000000E+00
  0.0000000E+00  0.0000000E+00
  0.0000000E+00  0.0000000E+00
  0.0000000E+00  0.0000000E+00
  0.0000000E+00  0.0000000E+00
  0.0000000E+00  0.0000000E+00
  0.0000000E+00  0.0000000E+00
  0.0000000E+00  0.0000000E+00
  0.0000000E+00  0.0000000E+00
  0.0000000E+00  0.0000000E+00
  0.0000000E+00  0.0000000E+00
  0.0000000E+00  0.0000000E+00
  0.0000000E+00  0.0000000E+00
  0.0000000E+00  0.0000000E+00
  0.0000000E+00  0.0000000E+00
  0.0000000E+00  0.0000000E+00
  0.0000000E+00  0.0000000E+00
  0.0000000E+00  0.0000000E+00
  0.0000000E+00  0.0000000E+00
  0.0000000E+00  0.0000000E+00
  0.0000000E+00  0.0000000E+00
  0.0000000E+00  0.0000000E+00
  0.0000000E+00  0.0000000E+00
  0.0000000E+00  0.0000000E+00
  0.0000000E+00  0.0000000E+00
  0.0000000E+00  0.0000000E+00
  0.0000000E+00  0.0000000E+00
  0.0000000E+00  0.0000000E+00
  0.0000000E+00  0.0000000E+00
  0.0000000E+00  0.0000000E+00
  0.0000000E+00  0.0000000E+00
  0.0000000E+00  0.0000000E+00
  0.0000000E+00  0.0000000E+00
  0.0000000E+00  0.0000000E+00
  0.0000000E+00  0.0000000E+00
  0.0000000E+00  0.0000000E+00
  0.0000000E+00  0.0000000E+00
  0.0000000E+00  0.0000000E+00
  0.0000000E+00  0.0000000E+00
  0.0000000E+00  0.0000000E+00
  0.0000000E+00  0.0000000E+00
  0.0000000E+00  0.0000000E+00
  0.0000000E+00  0.0000000E+00
  0.0000000E+00  0.0000000E+00
  0.0000000E+00  0.0000000E+00
  0.0000000E+00  0.0000000E+00
  0.0000000E+00  0.0000000E+00
  0.0000000E+00  0.0000000E+00
  0.0000000E+00  0.0000000E+00
  0.0000000E+00  0.0000000E+00
  0.0000000E+00  0.0000000E+00
  0.0000000E+00  0.0000000E+00
  0.0000000E+00  0.0000000E+00
  0.0000000E+00  0.0000000E+00
  0.0000000E+00  0.0000000E+00
  0.0000000E+00  0.0000000E+00
  0.0000000E+00  0.0000000E+00
  0.0000000E+00  0.0000000E+00
  0.0000000E+00  0.0000000E+00
  0.0000000E+00  0.0000000E+00
  0.0000000E+00  0.0000000E+00
  0.0000000E+00  0.0000000E+00
  0.0000000E+00  0.0000000E+00
  0.0000000E+00  0.0000000E+00
  0.0000000E+00  0.0000000E+00
  0.0000000E+00  0.0000000E+00
  0.0000000E+00  0.0000000E+00
  0.0000000E+00  0.0000000E+00
  0.0000000E+00  0.0000000E+00
  0.0000000E+00  0.0000000E+00
  0.0000000E+00  0.0000000E+00
  0.0000000E+00  0.0000000E+00
  0.0000000E+00  0.0000000E+00
  0.0000000E+00  0.0000000E+00
  0.0000000E+00  0.0000000E+00
  0.0000000E+00  0.0000000E+00
  0.0000000E+00  0.0000000E+00
  0.0000000E+00  0.0000000E+00
  0.0000000E+00  0.0000000E+00
  0.0000000E+00  0.0000000E+00
  0.0000000E+00  0.0000000E+00
  0.0000000E+00  0.0000000E+00
  0.0000000E+00  0.0000000E+00
  0.0000000E+00  0.0000000E+00
  0.0000000E+00  0.0000000E+00
  0.0000000E+00  0.0000000E+00
  0.0000000E+00  0.0000000E+00
  0.0000000E+00  0.0000000E+00
  0.0000000E+00  0.0000000E+00
  0.0000000E+00  0.0000000E+00
  0.0000000E+00  0.0000000E+00
  0.0000000E+00  0.0000000E+00
  0.0000000E+00  0.0000000E+00
  0.0000000E+00  0.0000000E+00
  0.0000000E+00  0.0000000E+00
  0.0000000E+00  0.0000000E+00
  0.0000000E+00  0.0000000E+00
  0.0000000E+00  0.0000000E+00
  0.0000000E+00  0.0000000E+00
  0.0000000E+00  0.0000000E+00
  0.0000000E+00  0.0000000E+00
  0.0000000E+00  0.0000000E+00
  0.0000000E+00  0.0000000E+00
  0.0000000E+00  0.0000000E+00
  0.0000000E+00  0.0000000E+00
  0.0000000E+00  0.0000000E+00
  0.0000000E+00  0.0000000E+00
  0.0000000E+00  0.0000000E+00
  0.0000000E+00  0.0000000E+00
  0.0000000E+00  0.0000000E+00
  0.0000000E+00  0.0000000E+00
  0.0000000E+00  0.0000000E+00
  0.0000000E+00  0.0000000E+00
  0.0000000E+00  0.0000000E+00
  0.0000000E+00  0.0000000E+00
  0.0000000E+00  0.0000000E+00
  0.0000000E+00  0.0000000E+00
  0.0000000E+00  0.0000000E+00
  0.0000000E+00  0.0000000E+00
  0.0000000E+00  0.0000000E+00
  0.0000000E+00  0.0000000E+00
  0.0000000E+00  0.0000000E+00
  0.0000000E+00  0.0000000E+00
  0.0000000E+00  0.0000000E+00
  0.0000000E+00  0.0000000E+00
  0.0000000E+00  0.0000000E+00
  0.0000000E+00  0.0000000E+00
  0.0000000E+00  0.0000000E+00
  0.0000000E+00  0.0000000E+00
  0.0000000E+00  0.0000000E+00
  0.0000000E+00  0.0000000E+00
  0.0000000E+00  0.0000000E+00
  0.0000000E+00  0.0000000E+00
  0.0000000E+00  0.0000000E+00
  0.0000000E+00  0.0000000E+00
  0.0000000E+00  0.0000000E+00
  0.0000000E+00  0.0000000E+00
  0.0000000E+00  0.0000000E+00
  0.0000000E+00  0.0000000E+00
  0.0000000E+00  0.0000000E+00
  0.0000000E+00  0.0000000E+00
  0.0000000E+00  0.0000000E+00
  0.0000000E+00  0.0000000E+00
  0.0000000E+00  0.0000000E+00
  0.0000000E+00  0.0000000E+00
  0.0000000E+00  0.0000000E+00
  0.0000000E+00  0.0000000E+00
  0.0000000E+00  0.0000000E+00
  0.0000000E+00  0.0000000E+00
  0.0000000E+00  0.0000000E+00
  0.0000000E+00  0.0000000E+00
  0.0000000E+00  0.0000000E+00
  0.0000000E+00  0.0000000E+00
  0.0000000E+00  0.0000000E+00
  0.0000000E+00  0.0000000E+00
  0.0000000E+00  0.0000000E+00
  0.0000000E+00  0.0000000E+00
  0.0000000E+00  0.0000000E+00
  0.0000000E+00  0.0000000E+00
  0.0000000E+00  0.0000000E+00
  0.0000000E+00  0.0000000E+00
  0.0000000E+00  0.0000000E+00
  0.0000000E+00  0.0000000E+00
  0.0000000E+00  0.0000000E+00
  0.0000000E+00  0.0000000E+00
  0.0000000E+00  0.0000000E+00
  0.0000000E+00  0.0000000E+00
  0.0000000E+00  0.0000000E+00
  0.0000000E+00  0.0000000E+00
  0.0000000E+00  0.0000000E+00
  0.0000000E+00  0.0000000E+00
  0.0000000E+00  0.0000000E+00
  0.0000000E+00  0.0000000E+00
  0.0000000E+00  0.0000000E+00
  0.0000000E+00  0.0000000E+00
  0.0000000E+00  0.0000000E+00
  0.0000000E+00  0.0000000E+00
  0.0000000E+00  0.0000000E+00
  0.0000000E+00  0.0000000E+00
  0.0000000E+00  0.0000000E+00
  0.0000000E+00  0.0000000E+00
  0.0000000E+00  0.0000000E+00
  0.0000000E+00  0.0000000E+00
  0.0000000E+00  0.0000000E+00
  0.0000000E+00  0.0000000E+00
  0.0000000E+00  0.0000000E+00
  0.0000000E+00  0.0000000E+00
  0.0000000E+00  0.0000000E+00
  0.0000000E+00  0.0000000E+00
  0.0000000E+00  0.0000000E+00
  0.0000000E+00  0.0000000E+00
  0.0000000E+00  0.0000000E+00
  0.0000000E+00  0.0000000E+00
  0.0000000E+00  0.0000000E+00
  0.0000000E+00  0.0000000E+00
  0.0000000E+00  0.0000000E+00
  0.0000000E+00  0.0000000E+00
  0.0000000E+00  0.0000000E+00
  0.0000000E+00  0.0000000E+00
  0.0000000E+00  0.0000000E+00
  0.0000000E+00  0.0000000E+00
  0.0000000E+00  0.0000000E+00
  0.0000000E+00  0.0000000E+00
  0.0000000E+00  0.0000000E+00
  0.0000000E+00  0.0000000E+00
  0.0000000E+00  0.0000000E+00
  0.0000000E+00  0.0000000E+00
  0.0000000E+00  0.0000000E+00
  0.0000000E+00  0.0000000E+00
  0.0000000E+00  0.0000000E+00
  0.0000000E+00  0.0000000E+00
  0.0000000E+00  0.0000000E+00
  0.0000000E+00  0.0000000E+00
  0.0000000E+00  0.0000000E+00
  0.0000000E+00  0.0000000E+00
  0.0000000E+00  0.0000000E+00
  0.0000000E+00  0.0000000E+00
  0.0000000E+00  0.0000000E+00
  0.0000000E+00  0.0000000E+00
  0.0000000E+00  0.0000000E+00
  0.0000000E+00  0.0000000E+00
  0.0000000E+00  0.0000000E+00
  0.0000000E+00  0.0000000E+00
  0.0000000E+00  0.0000000E+00
  0.0000000E+00  0.0000000E+00
  0.0000000E+00  0.0000000E+00
  0.0000000E+00  0.0000000E+00
  0.0000000E+00  0.0000000E+00
  0.0000000E+00  0.0000000E+00
  0.0000000E+00  0.0000000E+00
  0.0000000E+00  0.0000000E+00
  0.0000000E+00  0.0000000E+00
  0.0000000E+00  0.0000000E+00
  0.0000000E+00  0.0000000E+00
  0.0000000E+00  0.0000000E+00
  0.0000000E+00  0.0000000E+00
  0.0000000E+00  0.0000000E+00
  0.0000000E+00  0.0000000E+00
  0.0000000E+00  0.0000000E+00
  0.0000000E+00  0.0000000E+00
  0.0000000E+00  0.0000000E+00
  0.0000000E+00  0.0000000E+00
  0.0000000E+00  0.0000000E+00
  0.0000000E+00  0.0000000E+00
  0.0000000E+00  0.0000000E+00
  0.0000000E+00  0.0000000E+00
  0.0000000E+00  0.0000000E+00
  0.0000000E+00  0.0000000E+00
  0.0000000E+00  0.0000000E+00
  0.0000000E+00  0.0000000E+00
  0.0000000E+00  0.0000000E+00
  0.0000000E+00  0.0000000E+00
  0.0000000E+00  0.0000000E+00
  0.0000000E+00  0.0000000E+00
  0.0000000E+00  0.0000000E+00
  0.0000000E+00  0.0000000E+00
  0.0000000E+00  0.0000000E+00
  0.0000000E+00  0.0000000E+00
  0.0000000E+00  0.0000000E+00
  0.0000000E+00  0.0000000E+00
  0.0000000E+00  0.0000000E+00
  0.0000000E+00  0.0000000E+00
  0.0000000E+00  0.0000000E+00
  0.0000000E+00  0.0000000E+00
  0.0000000E+00  0.0000000E+00
  0.0000000E+00  0.0000000E+00
  0.0000000E+00  0.0000000E+00
  0.0000000E+00  0.0000000E+00
  0.0000000E+00  0.0000000E+00
  0.0000000E+00  0.0000000E+00
  0.0000000E+00  0.0000000E+00
  0.0000000E+00  0.0000000E+00
  0.0000000E+00  0.0000000E+00
  0.0000000E+00  0.0000000E+00
  0.0000000E+00  0.0000000E+00
  0.0000000E+00  0.0000000E+00
  0.0000000E+00  0.0000000E+00
  0.0000000E+00  0.0000000E+00
  0.0000000E+00  0.0000000E+00
  0.0000000E+00  0.0000000E+00
  0.0000000E+00  0.0000000E+00
  0.0000000E+00  0.0000000E+00
  0.0000000E+00  0.0000000E+00
  0.0000000E+00  0.0000000E+00
  0.0000000E+00  0.0000000E+00
  0.0000000E+00  0.0000000E+00
  0.0000000E+00  0.0000000E+00
  0.0000000E+00  0.0000000E+00
  0.0000000E+00  0.0000000E+00
  0.0000000E+00  0.0000000E+00
  0.0000000E+00  0.0000000E+00
  0.0000000E+00  0.0000000E+00
  0.0000000E+00  0.0000000E+00
  0.0000000E+00  0.0000000E+00
  0.0000000E+00  0.0000000E+00
  0.0000000E+00  0.0000000E+00
  0.0000000E+00  0.0000000E+00
  0.0000000E+00  0.0000000E+00
  0.0000000E+00  0.0000000E+00
  0.0000000E+00  0.0000000E+00
  0.0000000E+00  0.0000000E+00
  0.0000000E+00  0.0000000E+00
  0.0000000E+00  0.0000000E+00
  0.0000000E+00  0.0000000E+00
  0.0000000E+00  0.0000000E+00
  0.0000000E+00  0.0000000E+00
  0.0000000E+00  0.0000000E+00
  0.0000000E+00  0.0000000E+00
  0.0000000E+00  0.0000000E+00
  0.0000000E+00  0.0000000E+00
  0.0000000E+00  0.0000000E+00
  0.0000000E+00  0.0000000E+00
  0.0000000E+00  0.0000000E+00
  0.0000000E+00  0.0000000E+00
  0.0000000E+00  0.0000000E+00
  0.0000000E+00  0.0000000E+00
  0.0000000E+00  0.0000000E+00
  0.0000000E+00  0.0000000E+00
  0.0000000E+00  0.0000000E+00
  0.0000000E+00  0.0000000E+00
  0.0000000E+00  0.0000000E+00
  0.0000000E+00  0.0000000E+00
  0.0000000E+00  0.0000000E+00
  0.0000000E+00  0.0000000E+00
  0.0000000E+00  0.0000000E+00
  0.0000000E+00  0.0000000E+00
  0.0000000E+00  0.0000000E+00
  0.0000000E+00  0.0000000E+00
  0.0000000E+00  0.0000000E+00
  0.0000000E+00  0.0000000E+00
  0.0000000E+00  0.0000000E+00
  0.0000000E+00  0.0000000E+00
  0.0000000E+00  0.0000000E+00
  0.0000000E+00  0.0000000E+00
  0.0000000E+00  0.0000000E+00
  0.0000000E+00  0.0000000E+00
  0.0000000E+00  0.0000000E+00
  0.0000000E+00  0.0000000E+00
  0.0000000E+00  0.0000000E+00
  0.0000000E+00  0.0000000E+00
  0.0000000E+00  0.0000000E+00
  0.0000000E+00  0.0000000E+00
  0.0000000E+00  0.0000000E+00
  0.0000000E+00  0.0000000E+00
  0.0000000E+00  0.0000000E+00
  0.0000000E+00  0.0000000E+00
  0.0000000E+00  0.0000000E+00
  0.0000000E+00  0.0000000E+00
  0.0000000E+00  0.0000000E+00
  0.0000000E+00  0.0000000E+00
  0.0000000E+00  0.0000000E+00
  0.0000000E+00  0.0000000E+00
  0.0000000E+00  0.0000000E+00
  0.0000000E+00  0.0000000E+00
  0.0000000E+00  0.0000000E+00
  0.0000000E+00  0.0000000E+00
  0.0000000E+00  0.0000000E+00
  0.0000000E+00  0.0000000E+00
  0.0000000E+00  0.0000000E+00
  0.0000000E+00  0.0000000E+00
  0.0000000E+00  0.0000000E+00
  0.0000000E+00  0.0000000E+00
  0.0000000E+00  0.0000000E+00
  0.0000000E+00  0.0000000E+00
  0.0000000E+00  0.0000000E+00
  0.0000000E+00  0.0000000E+00
  0.0000000E+00  0.0000000E+00
  0.0000000E+00  0.0000000E+00
  0.0000000E+00  0.0000000E+00
  0.0000000E+00  0.0000000E+00
  0.0000000E+00  0.0000000E+00
  0.0000000E+00  0.0000000E+00
  0.0000000E+00  0.0000000E+00
  0.0000000E+00  0.0000000E+00
  0.0000000E+00  0.0000000E+00
  0.0000000E+00  0.0000000E+00
  0.0000000E+00  0.0000000E+00
  0.0000000E+00  0.0000000E+00
  0.0000000E+00  0.0000000E+00
  0.0000000E+00  0.0000000E+00
  0.0000000E+00  0.0000000E+00
  0.0000000E+00  0.0000000E+00
  0.0000000E+00  0.0000000E+00
  0.0000000E+00  0.0000000E+00
  0.0000000E+00  0.0000000E+00
  0.0000000E+00  0.0000000E+00
  0.0000000E+00  0.0000000E+00
  0.0000000E+00  0.0000000E+00
  0.0000000E+00  0.0000000E+00
  0.0000000E+00  0.0000000E+00
  0.0000000E+00  0.0000000E+00
  0.0000000E+00  0.0000000E+00
  0.0000000E+00  0.0000000E+00
  0.0000000E+00  0.0000000E+00
  0.0000000E+00  0.0000000E+00
  0.0000000E+00  0.0000000E+00
  0.0000000E+00  0.0000000E+00
  0.0000000E+00  0.0000000E+00
  0.0000000E+00  0.0000000E+00
  0.0000000E+00  0.0000000E+00
  0.0000000E+00  0.0000000E+00
  0.0000000E+00  0.0000000E+00
  0.0000000E+00  0.0000000E+00
  0.0000000E+00  0.0000000E+00
  0.0000000E+00  0.0000000E+00
  0.0000000E+00  0.0000000E+00
  0.0000000E+00  0.0000000E+00
  0.0000000E+00  0.0000000E+00
  0.0000000E+00  0.0000000E+00
  0.0000000E+00  0.0000000E+00
  0.0000000E+00  0.0000000E+00
  0.0000000E+00  0.0000000E+00
  0.0000000E+00  0.0000000E+00
  0.0000000E+00  0.0000000E+00
  0.0000000E+00  0.0000000E+00
  0.0000000E+00  0.0000000E+00
  0.0000000E+00  0.0000000E+00
  0.0000000E+00  0.0000000E+00
  0.0000000E+00  0.0000000E+00
  0.0000000E+00  0.0000000E+00
  0.0000000E+00  0.0000000E+00
  0.0000000E+00  0.0000000E+00
  0.0000000E+00  0.0000000E+00
  0.0000000E+00  0.0000000E+00
  0.0000000E+00  0.0000000E+00
  0.0000000E+00  0.0000000E+00
  0.0000000E+00  0.0000000E+00
  0.0000000E+00  0.0000000E+00
  0.0000000E+00  0.0000000E+00
  0.0000000E+00  0.0000000E+00
  0.0000000E+00  0.0000000E+00
  0.0000000E+00  0.0000000E+00
  0.0000000E+00  0.0000000E+00
  0.0000000E+00  0.0000000E+00
  0.0000000E+00  0.0000000E+00
  0.0000000E+00  0.0000000E+00
  0.0000000E+00  0.0000000E+00
  0.0000000E+00  0.0000000E+00
  0.0000000E+00  0.0000000E+00
  0.0000000E+00  0.0000000E+00
  0.0000000E+00  0.0000000E+00
  0.0000000E+00  0.0000000E+00
  0.0000000E+00  0.0000000E+00
  0.0000000E+00  0.0000000E+00
  0.0000000E+00  0.0000000E+00
  0.0000000E+00  0.0000000E+00
  0.0000000E+00  0.0000000E+00
  0.0000000E+00  0.0000000E+00
  0.0000000E+00  0.0000000E+00
  0.0000000E+00  0.0000000E+00
  0.0000000E+00  0.0000000E+00
  0.0000000E+00  0.0000000E+00
  0.0000000E+00  0.0000000E+00
  0.0000000E+00  0.0000000E+00
  0.0000000E+00  0.0000000E+00
  0.0000000E+00  0.0000000E+00
  0.0000000E+00  0.0000000E+00
  0.0000000E+00  0.0000000E+00
  0.0000000E+00  0.0000000E+00
  0.0000000E+00  0.0000000E+00
  0.0000000E+00  0.0000000E+00
  0.0000000E+00  0.0000000E+00
  0.0000000E+00  0.0000000E+00
  0.0000000E+00  0.0000000E+00
  0.0000000E+00  0.0000000E+00
  0.0000000E+00  0.0000000E+00
  0.0000000E+00  0.0000000E+00
  0.0000000E+00  0.0000000E+00
  0.0000000E+00  0.0000000E+00
  0.0000000E+00  0.0000000E+00
  0.0000000E+00  0.0000000E+00
  0.0000000E+00  0.0000000E+00
  0.0000000E+00  0.0000000E+00
  0.0000000E+00  0.0000000E+00
  0.0000000E+00  0.0000000E+00
  0.0000000E+00  0.0000000E+00
  0.0000000E+00  0.0000000E+00
  0.0000000E+00  0.0000000E+00
  0.0000000E+00  0.0000000E+00
  0.0000000E+00  0.0000000E+00
  0.0000000E+00  0.0000000E+00
  0.0000000E+00  0.0000000E+00
  0.0000000E+00  0.0000000E+00
  0.0000000E+00  0.0000000E+00
  0.0000000E+00  0.0000000E+00
  0.0000000E+00  0.0000000E+00
  0.0000000E+00  0.0000000E+00
  0.0000000E+00  0.0000000E+00
  0.0000000E+00  0.0000000E+00
  0.0000000E+00  0.0000000E+00
  0.0000000E+00  0.0000000E+00
  0.0000000E+00  0.0000000E+00
  0.0000000E+00  0.0000000E+00
  0.0000000E+00  0.0000000E+00
  0.0000000E+00  0.0000000E+00
  0.0000000E+00  0.0000000E+00
  0.0000000E+00  0.0000000E+00
  0.0000000E+00  0.0000000E+00
  0.0000000E+00  0.0000000E+00
  0.0000000E+00  0.0000000E+00
  0.0000000E+00  0.0000000E+00
  0.0000000E+00  0.0000000E+00
  0.0000000E+00  0.0000000E+00
  0.0000000E+00  0.0000000E+00
  0.0000000E+00  0.0000000E+00
  0.0000000E+00  0.0000000E+00
  0.0000000E+00  0.0000000E+00
  0.0000000E+00  0.0000000E+00
  0.0000000E+00  0.0000000E+00
  0.0000000E+00  0.0000000E+00
  0.0000000E+00  0.0000000E+00
  0.0000000E+00  0.0000000E+00
  0.0000000E+00  0.0000000E+00
  0.0000000E+00  0.0000000E+00
  0.0000000E+00  0.0000000E+00
  0.0000000E+00  0.0000000E+00
  0.0000000E+00  0.0000000E+00
  0.0000000E+00  0.0000000E+00
  0.0000000E+00  0.0000000E+00
  0.0000000E+00  0.0000000E+00
  0.0000000E+00  0.0000000E+00
  0.0000000E+00  0.0000000E+00
  0.0000000E+00  0.0000000E+00
  0.0000000E+00  0.0000000E+00
  0.0000000E+00  0.0000000E+00
  0.0000000E+00  0.0000000E+00
  0.0000000E+00  0.0000000E+00
  0.0000000E+00  0.0000000E+00
  0.0000000E+00  0.0000000E+00
  0.0000000E+00  0.0000000E+00
  0.0000000E+00  0.0000000E+00
  0.0000000E+00  0.0000000E+00
  0.0000000E+00  0.0000000E+00
  0.0000000E+00  0.0000000E+00
  0.0000000E+00  0.0000000E+00
  0.0000000E+00  0.0000000E+00
  0.0000000E+00  0.0000000E+00
  0.0000000E+00  0.0000000E+00
  0.0000000E+00  0.0000000E+00
  0.0000000E+00  0.0000000E+00
  0.0000000E+00  0.0000000E+00
  0.0000000E+00  0.0000000E+00
  0.0000000E+00  0.0000000E+00
  0.0000000E+00  0.0000000E+00
  0.0000000E+00  0.0000000E+00
  0.0000000E+00  0.0000000E+00
  0.0000000E+00  0.0000000E+00
  0.0000000E+00  0.0000000E+00
  0.0000000E+00  0.0000000E+00
  0.0000000E+00  0.0000000E+00
  0.0000000E+00  0.0000000E+00
  0.0000000E+00  0.0000000E+00
  0.0000000E+00  0.0000000E+00
  0.0000000E+00  0.0000000E+00
  0.0000000E+00  0.0000000E+00
  0.0000000E+00  0.0000000E+00
  0.0000000E+00  0.0000000E+00
  0.0000000E+00  0.0000000E+00
  0.0000000E+00  0.0000000E+00
  0.0000000E+00  0.0000000E+00
  0.0000000E+00  0.0000000E+00
  0.0000000E+00  0.0000000E+00
  0.0000000E+00  0.0000000E+00
  0.0000000E+00  0.0000000E+00
  0.0000000E+00  0.0000000E+00
  0.0000000E+00  0.0000000E+00
  0.0000000E+00  0.0000000E+00
  0.0000000E+00  0.0000000E+00
  0.0000000E+00  0.0000000E+00
  0.0000000E+00  0.0000000E+00
  0.0000000E+00  0.0000000E+00
  0.0000000E+00  0.0000000E+00
  0.0000000E+00  0.0000000E+00
  0.0000000E+00  0.0000000E+00
  0.0000000E+00  0.0000000E+00
  0.0000000E+00  0.0000000E+00
  0.0000000E+00  0.0000000E+00
  0.0000000E+00  0.0000000E+00
  0.0000000E+00  0.0000000E+00
  0.0000000E+00  0.0000000E+00
  0.0000000E+00  0.0000000E+00
  0.0000000E+00  0.0000000E+00
  0.0000000E+00  0.0000000E+00
  0.0000000E+00  0.0000000E+00
  0.0000000E+00  0.0000000E+00
  0.0000000E+00  0.0000000E+00
  0.0000000E+00  0.0000000E+00
  0.0000000E+00  0.0000000E+00
  0.0000000E+00  0.0000000E+00
  0.0000000E+00  0.0000000E+00
  0.0000000E+00  0.0000000E+00
  0.0000000E+00  0.0000000E+00
  0.0000000E+00  0.0000000E+00
  0.0000000E+00  0.0000000E+00
  0.0000000E+00  0.0000000E+00
  0.0000000E+00  0.0000000E+00
  0.0000000E+00  0.0000000E+00
  0.0000000E+00  0.0000000E+00
  0.0000000E+00  0.0000000E+00
  0.0000000E+00  0.0000000E+00
  0.0000000E+00  0.0000000E+00
  0.0000000E+00  0.0000000E+00
  0.0000000E+00  0.0000000E+00
  0.0000000E+00  0.0000000E+00
  0.0000000E+00  0.0000000E+00
  0.0000000E+00  0.0000000E+00
  0.0000000E+00  0.0000000E+00
  0.0000000E+00  0.0000000E+00
  0.0000000E+00  0.0000000E+00
  0.0000000E+00  0.0000000E+00
  0.0000000E+00  0.0000000E+00
  0.0000000E+00  0.0000000E+00
  0.0000000E+00  0.0000000E+00
  0.0000000E+00  0.0000000E+00
  0.0000000E+00  0.0000000E+00
  0.0000000E+00  0.0000000E+00
  0.0000000E+00  0.0000000E+00
  0.0000000E+00  0.0000000E+00
  0.0000000E+00  0.0000000E+00
  0.0000000E+00  0.0000000E+00
  0.0000000E+00  0.0000000E+00
  0.0000000E+00  0.0000000E+00
  0.0000000E+00  0.0000000E+00
  0.0000000E+00  0.0000000E+00
  0.0000000E+00  0.0000000E+00
  0.0000000E+00  0.0000000E+00
  0.0000000E+00  0.0000000E+00
  0.0000000E+00  0.0000000E+00
  0.0000000E+00  0.0000000E+00
  0.0000000E+00  0.0000000E+00
  0.0000000E+00  0.0000000E+00
  0.0000000E+00  0.0000000E+00
  0.0000000E+00  0.0000000E+00
  0.0000000E+00  0.0000000E+00
  0.0000000E+00  0.0000000E+00
  0.0000000E+00  0.0000000E+00
  0.0000000E+00  0.0000000E+00
  0.0000000E+00  0.0000000E+00
  0.0000000E+00  0.0000000E+00
  0.0000000E+00  0.0000000E+00
  0.0000000E+00  0.0000000E+00
  0.0000000E+00  0.0000000E+00
  0.0000000E+00  0.0000000E+00
  0.0000000E+00  0.0000000E+00
  0.0000000E+00  0.0000000E+00
  0.0000000E+00  0.0000000E+00
  0.0000000E+00  0.0000000E+00
  0.0000000E+00  0.0000000E+00
  0.0000000E+00  0.0000000E+00
  0.0000000E+00  0.0000000E+00
  0.0000000E+00  0.0000000E+00
  0.0000000E+00  0.0000000E+00
  0.0000000E+00  0.0000000E+00
  0.0000000E+00  0.0000000E+00
  0.0000000E+00  0.0000000E+00
  0.0000000E+00  0.0000000E+00
  0.0000000E+00  0.0000000E+00
  0.0000000E+00  0.0000000E+00
  0.0000000E+00  0.0000000E+00
  0.0000000E+00  0.0000000E+00
  0.0000000E+00  0.0000000E+00
  0.0000000E+00  0.0000000E+00
  0.0000000E+00  0.0000000E+00
  0.0000000E+00  0.0000000E+00
  0.0000000E+00  0.0000000E+00
  0.0000000E+00  0.0000000E+00
  0.0000000E+00  0.0000000E+00
  0.0000000E+00  0.0000000E+00
  0.0000000E+00  0.0000000E+00
  0.0000000E+00  0.0000000E+00
  0.0000000E+00  0.0000000E+00
  0.0000000E+00  0.0000000E+00
  0.0000000E+00  0.0000000E+00
  0.0000000E+00  0.0000000E+00
  0.0000000E+00  0.0000000E+00
  0.0000000E+00  0.0000000E+00
  0.0000000E+00  0.0000000E+00
  0.0000000E+00  0.0000000E+00
  0.0000000E+00  0.0000000E+00
  0.0000000E+00  0.0000000E+00
  0.0000000E+00  0.0000000E+00
  0.0000000E+00  0.0000000E+00
  0.0000000E+00  0.0000000E+00
  0.0000000E+00  0.0000000E+00
  0.0000000E+00  0.0000000E+00
  0.0000000E+00  0.0000000E+00
  0.0000000E+00  0.0000000E+00
  0.0000000E+00  0.0000000E+00
  0.0000000E+00  0.0000000E+00
  0.0000000E+00  0.0000000E+00
  0.0000000E+00  0.0000000E+00
  0.0000000E+00  0.0000000E+00
  0.0000000E+00  0.0000000E+00
  0.0000000E+00  0.0000000E+00
  0.0000000E+00  0.0000000E+00
  0.0000000E+00  0.0000000E+00
  0.0000000E+00  0.0000000E+00
  0.0000000E+00  0.0000000E+00
  0.0000000E+00  0.0000000E+00
  0.0000000E+00  0.0000000E+00
  0.0000000E+00  0.0000000E+00
  0.0000000E+00  0.0000000E+00
  0.0000000E+00  0.0000000E+00
  0.0000000E+00  0.0000000E+00
  0.0000000E+00  0.0000000E+00
  0.0000000E+00  0.0000000E+00
  0.0000000E+00  0.0000000E+00
  0.0000000E+00  0.0000000E+00
  0.0000000E+00  0.0000000E+00
  0.0000000E+00  0.0000000E+00
  0.0000000E+00  0.0000000E+00
  0.0000000E+00  0.0000000E+00
  0.0000000E+00  0.0000000E+00
  0.0000000E+00  0.0000000E+00
  0.0000000E+00  0.0000000E+00
  0.0000000E+00  0.0000000E+00
  0.0000000E+00  0.0000000E+00
  0.0000000E+00  0.0000000E+00
  0.0000000E+00  0.0000000E+00
  0.0000000E+00  0.0000000E+00
  0.0000000E+00  0.0000000E+00
  0.0000000E+00  0.0000000E+00
  0.0000000E+00  0.0000000E+00
  0.0000000E+00  0.0000000E+00
  0.0000000E+00  0.0000000E+00
  0.0000000E+00  0.0000000E+00
  0.0000000E+00  0.0000000E+00
  0.0000000E+00  0.0000000E+00
  0.0000000E+00  0.0000000E+00
  0.0000000E+00  0.0000000E+00
  0.0000000E+00  0.0000000E+00
  0.0000000E+00  0.0000000E+00
  0.0000000E+00  0.0000000E+00
  0.0000000E+00  0.0000000E+00
  0.0000000E+00  0.0000000E+00
  0.0000000E+00  0.0000000E+00
  0.0000000E+00  0.0000000E+00
  0.0000000E+00  0.0000000E+00
  0.0000000E+00  0.0000000E+00
  0.0000000E+00  0.0000000E+00
  0.0000000E+00  0.0000000E+00
  0.0000000E+00  0.0000000E+00
  0.0000000E+00  0.0000000E+00
  0.0000000E+00  0.0000000E+00
  0.0000000E+00  0.0000000E+00
  0.0000000E+00  0.0000000E+00
  0.0000000E+00  0.0000000E+00
  0.0000000E+00  0.0000000E+00
  0.0000000E+00  0.0000000E+00
  0.0000000E+00  0.0000000E+00
  0.0000000E+00  0.0000000E+00
  0.0000000E+00  0.0000000E+00
  0.0000000E+00  0.0000000E+00
  0.0000000E+00  0.0000000E+00
  0.0000000E+00  0.0000000E+00
  0.0000000E+00  0.0000000E+00
  0.0000000E+00  0.0000000E+00
  0.0000000E+00  0.0000000E+00
  0.0000000E+00  0.0000000E+00
  0.0000000E+00  0.0000000E+00
  0.0000000E+00  0.0000000E+00
  0.0000000E+00  0.0000000E+00
  0.0000000E+00  0.0000000E+00
  0.0000000E+00  0.0000000E+00
  0.0000000E+00  0.0000000E+00
  0.0000000E+00  0.0000000E+00
  0.0000000E+00  0.0000000E+00
  0.0000000E+00  0.0000000E+00
  0.0000000E+00  0.0000000E+00
  0.0000000E+00  0.0000000E+00
  0.0000000E+00  0.0000000E+00
  0.0000000E+00  0.0000000E+00
  0.0000000E+00  0.0000000E+00
  0.0000000E+00  0.0000000E+00
  0.0000000E+00  0.0000000E+00
  0.0000000E+00  0.0000000E+00
  0.0000000E+00  0.0000000E+00
  0.0000000E+00  0.0000000E+00
  0.0000000E+00  0.0000000E+00
  0.0000000E+00  0.0000000E+00
  0.0000000E+00  0.0000000E+00
  0.0000000E+00  0.0000000E+00
  0.0000000E+00  0.0000000E+00
  0.0000000E+00  0.0000000E+00
  0.0000000E+00  0.0000000E+00
  0.0000000E+00  0.0000000E+00
  0.0000000E+00  0.0000000E+00
  0.0000000E+00  0.0000000E+00
  0.0000000E+00  0.0000000E+00
  0.0000000E+00  0.0000000E+00
  0.0000000E+00  0.0000000E+00
  0.0000000E+00  0.0000000E+00
  0.0000000E+00  0.0000000E+00
  0.0000000E+00  0.0000000E+00
  0.0000000E+00  0.0000000E+00
  0.0000000E+00  0.0000000E+00
  0.0000000E+00  0.0000000E+00
  0.0000000E+00  0.0000000E+00
  0.0000000E+00  0.0000000E+00
  0.0000000E+00  0.0000000E+00
  0.0000000E+00  0.0000000E+00
  0.0000000E+00  0.0000000E+00
  0.0000000E+00  0.0000000E+00
  0.0000000E+00  0.0000000E+00
  0.0000000E+00  0.0000000E+00
  0.0000000E+00  0.0000000E+00
  0.0000000E+00  0.0000000E+00
  0.0000000E+00  0.0000000E+00
  0.0000000E+00  0.0000000E+00
  0.0000000E+00  0.0000000E+00
  0.0000000E+00  0.0000000E+00
  0.0000000E+00  0.0000000E+00
  0.0000000E+00  0.0000000E+00
  0.0000000E+00  0.0000000E+00
  0.0000000E+00  0.0000000E+00
  0.0000000E+00  0.0000000E+00
  0.0000000E+00  0.0000000E+00
  0.0000000E+00  0.0000000E+00
  0.0000000E+00  0.0000000E+00
  0.0000000E+00  0.0000000E+00
  0.0000000E+00  0.0000000E+00
  0.0000000E+00  0.0000000E+00
  0.0000000E+00  0.0000000E+00
  0.0000000E+00  0.0000000E+00
  0.0000000E+00  0.0000000E+00
  0.0000000E+00  0.0000000E+00
  0.0000000E+00  0.0000000E+00
  0.0000000E+00  0.0000000E+00
  0.0000000E+00  0.0000000E+00
  0.0000000E+00  0.0000000E+00
  0.0000000E+00  0.0000000E+00
  0.0000000E+00  0.0000000E+00
  0.0000000E+00  0.0000000E+00
  0.0000000E+00  0.0000000E+00
  0.0000000E+00  0.0000000E+00
  0.0000000E+00  0.0000000E+00
  0.0000000E+00  0.0000000E+00
  0.0000000E+00  0.0000000E+00
  0.0000000E+00  0.0000000E+00
  0.0000000E+00  0.0000000E+00
  0.0000000E+00  0.0000000E+00
  0.0000000E+00  0.0000000E+00
  0.0000000E+00  0.0000000E+00
  0.0000000E+00  0.0000000E+00
  0.0000000E+00  0.0000000E+00
  0.0000000E+00  0.0000000E+00
  0.0000000E+00  0.0000000E+00
  0.0000000E+00  0.0000000E+00
  0.0000000E+00  0.0000000E+00
  0.0000000E+00  0.0000000E+00
  0.0000000E+00  0.0000000E+00
  0.0000000E+00  0.0000000E+00
  0.0000000E+00  0.0000000E+00
  0.0000000E+00  0.0000000E+00
  0.0000000E+00  0.0000000E+00
  0.0000000E+00  0.0000000E+00
  0.0000000E+00  0.0000000E+00
  0.0000000E+00  0.0000000E+00
  0.0000000E+00  0.0000000E+00
  0.0000000E+00  0.0000000E+00
  0.0000000E+00  0.0000000E+00
  0.0000000E+00  0.0000000E+00
  0.0000000E+00  0.0000000E+00
  0.0000000E+00  0.0000000E+00
  0.0000000E+00  0.0000000E+00
  0.0000000E+00  0.0000000E+00
  0.0000000E+00  0.0000000E+00
  0.0000000E+00  0.0000000E+00
  0.0000000E+00  0.0000000E+00
  0.0000000E+00  0.0000000E+00
  0.0000000E+00  0.0000000E+00
  0.0000000E+00  0.0000000E+00
  0.0000000E+00  0.0000000E+00
  0.0000000E+00  0.0000000E+00
  0.0000000E+00  0.0000000E+00
  0.0000000E+00  0.0000000E+00
  0.0000000E+00  0.0000000E+00
  0.0000000E+00  0.0000000E+00
  0.0000000E+00  0.0000000E+00
  0.0000000E+00  0.0000000E+00
  0.0000000E+00  0.0000000E+00
  0.0000000E+00  0.0000000E+00
  0.0000000E+00  0.0000000E+00
  0.0000000E+00  0.0000000E+00
  0.0000000E+00  0.0000000E+00
  0.0000000E+00  0.0000000E+00
  0.0000000E+00  0.0000000E+00
  0.0000000E+00  0.0000000E+00
  0.0000000E+00  0.0000000E+00
  0.0000000E+00  0.0000000E+00
  0.0000000E+00  0.0000000E+00
  0.0000000E+00  0.0000000E+00
  0.0000000E+00  0.0000000E+00
  0.0000000E+00  0.0000000E+00
  0.0000000E+00  0.0000000E+00
  0.0000000E+00  0.0000000E+00
  0.0000000E+00  0.0000000E+00
  0.0000000E+00  0.0000000E+00
  0.0000000E+00  0.0000000E+00
  0.0000000E+00  0.0000000E+00
  0.0000000E+00  0.0000000E+00
  0.0000000E+00  0.0000000E+00
  0.0000000E+00  0.0000000E+00
  0.0000000E+00  0.0000000E+00
  0.0000000E+00  0.0000000E+00
  0.0000000E+00  0.0000000E+00
  0.0000000E+00  0.0000000E+00
  0.0000000E+00  0.0000000E+00
  0.0000000E+00  0.0000000E+00
  0.0000000E+00  0.0000000E+00
  0.0000000E+00  0.0000000E+00
  0.0000000E+00  0.0000000E+00
  0.0000000E+00  0.0000000E+00
  0.0000000E+00  0.0000000E+00
  0.0000000E+00  0.0000000E+00
  0.0000000E+00  0.0000000E+00
  0.0000000E+00  0.0000000E+00
  0.0000000E+00  0.0000000E+00
  0.0000000E+00  0.0000000E+00
  0.0000000E+00  0.0000000E+00
  0.0000000E+00  0.0000000E+00
  0.0000000E+00  0.0000000E+00
  0.0000000E+00  0.0000000E+00
  0.0000000E+00  0.0000000E+00
  0.0000000E+00  0.0000000E+00
  0.0000000E+00  0.0000000E+00
  0.0000000E+00  0.0000000E+00
  0.0000000E+00  0.0000000E+00
  0.0000000E+00  0.0000000E+00
  0.0000000E+00  0.0000000E+00
  0.0000000E+00  0.0000000E+00
  0.0000000E+00  0.0000000E+00
  0.0000000E+00  0.0000000E+00
  0.0000000E+00  0.0000000E+00
  0.0000000E+00  0.0000000E+00
  0.0000000E+00  0.0000000E+00
  0.0000000E+00  0.0000000E+00
  0.0000000E+00  0.0000000E+00
  0.0000000E+00  0.0000000E+00
  0.0000000E+00  0.0000000E+00
  0.0000000E+00  0.0000000E+00
  0.0000000E+00  0.0000000E+00
  0.0000000E+00  0.0000000E+00
  0.0000000E+00  0.0000000E+00
  0.0000000E+00  0.0000000E+00
  0.0000000E+00  0.0000000E+00
  0.0000000E+00  0.0000000E+00
  0.0000000E+00  0.0000000E+00
  0.0000000E+00  0.0000000E+00
  0.0000000E+00  0.0000000E+00
  0.0000000E+00  0.0000000E+00
  0.0000000E+00  0.0000000E+00
  0.0000000E+00  0.0000000E+00
  0.0000000E+00  0.0000000E+00
  0.0000000E+00  0.0000000E+00
  0.0000000E+00  0.0000000E+00
  0.0000000E+00  0.0000000E+00
  0.0000000E+00  0.0000000E+00
  0.0000000E+00  0.0000000E+00
  0.0000000E+00  0.0000000E+00
  0.0000000E+00  0.0000000E+00
  0.0000000E+00  0.0000000E+00
  0.0000000E+00  0.0000000E+00
  0.0000000E+00  0.0000000E+00
  0.0000000E+00  0.0000000E+00
  0.0000000E+00  0.0000000E+00
  0.0000000E+00  0.0000000E+00
  0.0000000E+00  0.0000000E+00
  0.0000000E+00  0.0000000E+00
  0.0000000E+00  0.0000000E+00
  0.0000000E+00  0.0000000E+00
  0.0000000E+00  0.0000000E+00
  0.0000000E+00  0.0000000E+00
  0.0000000E+00  0.0000000E+00
  0.0000000E+00  0.0000000E+00
  0.0000000E+00  0.0000000E+00
  0.0000000E+00  0.0000000E+00
  0.0000000E+00  0.0000000E+00
  0.0000000E+00  0.0000000E+00
  0.0000000E+00  0.0000000E+00
  0.0000000E+00  0.0000000E+00
  0.0000000E+00  0.0000000E+00
  0.0000000E+00  0.0000000E+00
  0.0000000E+00  0.0000000E+00
  0.0000000E+00  0.0000000E+00
  0.0000000E+00  0.0000000E+00
  0.0000000E+00  0.0000000E+00
  0.0000000E+00  0.0000000E+00
  0.0000000E+00  0.0000000E+00
  0.0000000E+00  0.0000000E+00
  0.0000000E+00  0.0000000E+00
  0.0000000E+00  0.0000000E+00
  0.0000000E+00  0.0000000E+00
  0.0000000E+00  0.0000000E+00
  0.0000000E+00  0.0000000E+00
  0.0000000E+00  0.0000000E+00
  0.0000000E+00  0.0000000E+00
  0.0000000E+00  0.0000000E+00
  0.0000000E+00  0.0000000E+00
  0.0000000E+00  0.0000000E+00
  0.0000000E+00  0.0000000E+00
  0.0000000E+00  0.0000000E+00
  0.0000000E+00  0.0000000E+00
  0.0000000E+00  0.0000000E+00
  0.0000000E+00  0.0000000E+00
  0.0000000E+00  0.0000000E+00
  0.0000000E+00  0.0000000E+00
  0.0000000E+00  0.0000000E+00
  0.0000000E+00  0.0000000E+00
  0.0000000E+00  0.0000000E+00
  0.0000000E+00  0.0000000E+00
  0.0000000E+00  0.0000000E+00
  0.0000000E+00  0.0000000E+00
  0.0000000E+00  0.0000000E+00
  0.0000000E+00  0.0000000E+00
  0.0000000E+00  0.0000000E+00
  0.0000000E+00  0.0000000E+00
  0.0000000E+00  0.0000000E+00
  0.0000000E+00  0.0000000E+00
  0.0000000E+00  0.0000000E+00
  0.0000000E+00  0.0000000E+00
  0.0000000E+00  0.0000000E+00
  0.0000000E+00  0.0000000E+00
  0.0000000E+00  0.0000000E+00
  0.0000000E+00  0.0000000E+00
  0.0000000E+00  0.0000000E+00
  0.0000000E+00  0.0000000E+00
  0.0000000E+00  0.0000000E+00
  0.0000000E+00  0.0000000E+00
  0.0000000E+00  0.0000000E+00
  0.0000000E+00  0.0000000E+00
  0.0000000E+00  0.0000000E+00
  0.0000000E+00  0.0000000E+00
  0.0000000E+00  0.0000000E+00
  0.0000000E+00  0.0000000E+00
  0.0000000E+00  0.0000000E+00
  0.0000000E+00  0.0000000E+00
  0.0000000E+00  0.0000000E+00
  0.0000000E+00  0.0000000E+00
  0.0000000E+00  0.0000000E+00
  0.0000000E+00  0.0000000E+00
  0.0000000E+00  0.0000000E+00
  0.0000000E+00  0.0000000E+00
  0.0000000E+00  0.0000000E+00
  0.0000000E+00  0.0000000E+00
  0.0000000E+00  0.0000000E+00
  0.0000000E+00  0.0000000E+00
  0.0000000E+00  0.0000000E+00
  0.0000000E+00  0.0000000E+00
  0.0000000E+00  0.0000000E+00
  0.0000000E+00  0.0000000E+00
  0.0000000E+00  0.0000000E+00
  0.0000000E+00  0.0000000E+00
  0.0000000E+00  0.0000000E+00
  0.0000000E+00  0.0000000E+00
  0.0000000E+00  0.0000000E+00
  0.0000000E+00  0.0000000E+00
  0.0000000E+00  0.0000000E+00
  0.0000000E+00  0.0000000E+00
  0.0000000E+00  0.0000000E+00
  0.0000000E+00  0.0000000E+00
  0.0000000E+00  0.0000000E+00
  0.0000000E+00  0.0000000E+00
  0.0000000E+00  0.0000000E+00
  0.0000000E+00  0.0000000E+00
  0.0000000E+00  0.0000000E+00
  0.0000000E+00  0.0000000E+00
  0.0000000E+00  0.0000000E+00
  0.0000000E+00  0.0000000E+00
  0.0000000E+00  0.0000000E+00
  0.0000000E+00  0.0000000E+00
  0.0000000E+00  0.0000000E+00
  0.0000000E+00  0.0000000E+00
  0.0000000E+00  0.0000000E+00
  0.0000000E+00  0.0000000E+00
  0.0000000E+00  0.0000000E+00
  0.0000000E+00  0.0000000E+00
  0.0000000E+00  0.0000000E+00
  0.0000000E+00  0.0000000E+00
  0.0000000E+00  0.0000000E+00
  0.0000000E+00  0.0000000E+00
  0.0000000E+00  0.0000000E+00
  0.0000000E+00  0.0000000E+00
  0.0000000E+00  0.0000000E+00
  0.0000000E+00  0.0000000E+00
  0.0000000E+00  0.0000000E+00
  0.0000000E+00  0.0000000E+00
  0.0000000E+00  0.0000000E+00
  0.0000000E+00  0.0000000E+00
  0.0000000E+00  0.0000000E+00
  0.0000000E+00  0.0000000E+00
  0.0000000E+00  0.0000000E+00
  0.0000000E+00  0.0000000E+00
  0.0000000E+00  0.0000000E+00
  0.0000000E+00  0.0000000E+00
  0.0000000E+00  0.0000000E+00
  0.0000000E+00  0.0000000E+00
  0.0000000E+00  0.0000000E+00
  0.0000000E+00  0.0000000E+00
  0.0000000E+00  0.0000000E+00
  0.0000000E+00  0.0000000E+00
  0.0000000E+00  0.0000000E+00
  0.0000000E+00  0.0000000E+00
  0.0000000E+00  0.0000000E+00
  0.0000000E+00  0.0000000E+00
  0.0000000E+00  0.0000000E+00
  0.0000000E+00  0.0000000E+00
  0.0000000E+00  0.0000000E+00
  0.0000000E+00  0.0000000E+00
  0.0000000E+00  0.0000000E+00
  0.0000000E+00  0.0000000E+00
  0.0000000E+00  0.0000000E+00
  0.0000000E+00  0.0000000E+00
  0.0000000E+00  0.0000000E+00
  0.0000000E+00  0.0000000E+00
  0.0000000E+00  0.0000000E+00
  0.0000000E+00  0.0000000E+00
  0.0000000E+00  0.0000000E+00
  0.0000000E+00  0.0000000E+00
  0.0000000E+00  0.0000000E+00
  0.0000000E+00  0.0000000E+00
  0.0000000E+00  0.0000000E+00
  0.0000000E+00  0.0000000E+00
  0.0000000E+00  0.0000000E+00
  0.0000000E+00  0.0000000E+00
  0.0000000E+00  0.0000000E+00
  0.0000000E+00  0.0000000E+00
  0.0000000E+00  0.0000000E+00
  0.0000000E+00  0.0000000E+00
  0.0000000E+00  0.0000000E+00
  0.0000000E+00  0.0000000E+00
  0.0000000E+00  0.0000000E+00
  0.0000000E+00  0.0000000E+00
  0.0000000E+00  0.0000000E+00
  0.0000000E+00  0.0000000E+00
  0.0000000E+00  0.0000000E+00
  0.0000000E+00  0.0000000E+00
  0.0000000E+00  0.0000000E+00
  0.0000000E+00  0.0000000E+00
  0.0000000E+00  0.0000000E+00
  0.0000000E+00  0.0000000E+00
  0.0000000E+00  0.0000000E+00
  0.0000000E+00  0.0000000E+00
  0.0000000E+00  0.0000000E+00
  0.0000000E+00  0.0000000E+00
  0.0000000E+00  0.0000000E+00
  0.0000000E+00  0.0000000E+00
  0.0000000E+00  0.0000000E+00
  0.0000000E+00  0.0000000E+00
  0.0000000E+00  0.0000000E+00
  0.0000000E+00  0.0000000E+00
  0.0000000E+00  0.0000000E+00
  0.0000000E+00  0.0000000E+00
  0.0000000E+00  0.0000000E+00
  0.0000000E+00  0.0000000E+00
  0.0000000E+00  0.0000000E+00
  0.0000000E+00  0.0000000E+00
  0.0000000E+00  0.0000000E+00
  0.0000000E+00  0.0000000E+00
  0.0000000E+00  0.0000000E+00
  0.0000000E+00  0.0000000E+00
  0.0000000E+00  0.0000000E+00
  0.0000000E+00  0.0000000E+00
  0.0000000E+00  0.0000000E+00
  0.0000000E+00  0.0000000E+00
  0.0000000E+00  0.0000000E+00
  0.0000000E+00  0.0000000E+00
  0.0000000E+00  0.0000000E+00
  0.0000000E+00  0.0000000E+00
  0.0000000E+00  0.0000000E+00
  0.0000000E+00  0.0000000E+00
  0.0000000E+00  0.0000000E+00
  0.0000000E+00  0.0000000E+00
  0.0000000E+00  0.0000000E+00
  0.0000000E+00  0.0000000E+00
  0.0000000E+00  0.0000000E+00
  0.0000000E+00  0.0000000E+00
  0.0000000E+00  0.0000000E+00
  0.0000000E+00  0.0000000E+00
  0.0000000E+00  0.0000000E+00
  0.0000000E+00  0.0000000E+00
  0.0000000E+00  0.0000000E+00
  0.0000000E+00  0.0000000E+00
  0.0000000E+00  0.0000000E+00
  0.0000000E+00  0.0000000E+00
  0.0000000E+00  0.0000000E+00
  0.0000000E+00  0.0000000E+00
  0.0000000E+00  0.0000000E+00
  0.0000000E+00  0.0000000E+00
  0.0000000E+00  0.0000000E+00
  0.0000000E+00  0.0000000E+00
  0.0000000E+00  0.0000000E+00
  0.0000000E+00  0.0000000E+00
  0.0000000E+00  0.0000000E+00
  0.0000000E+00  0.0000000E+00
  0.0000000E+00  0.0000000E+00
  0.0000000E+00  0.0000000E+00
  0.0000000E+00  0.0000000E+00
  0.0000000E+00  0.0000000E+00
  0.0000000E+00  0.0000000E+00
  0.0000000E+00  0.0000000E+00
  0.0000000E+00  0.0000000E+00
  0.0000000E+00  0.0000000E+00
  0.0000000E+00  0.0000000E+00
  0.0000000E+00  0.0000000E+00
  0.0000000E+00  0.0000000E+00
  0.0000000E+00  0.0000000E+00
  0.0000000E+00  0.0000000E+00
  0.0000000E+00  0.0000000E+00
  0.0000000E+00  0.0000000E+00
  0.0000000E+00  0.0000000E+00
  0.0000000E+00  0.0000000E+00
  0.0000000E+00  0.0000000E+00
  0.0000000E+00  0.0000000E+00
  0.0000000E+00  0.0000000E+00
  0.0000000E+00  0.0000000E+00
  0.0000000E+00  0.0000000E+00
  0.0000000E+00  0.0000000E+00
  0.0000000E+00  0.0000000E+00
  0.0000000E+00  0.0000000E+00
  0.0000000E+00  0.0000000E+00
  0.0000000E+00  0.0000000E+00
  0.0000000E+00  0.0000000E+00
  0.0000000E+00  0.0000000E+00
  0.0000000E+00  0.0000000E+00
  0.0000000E+00  0.0000000E+00
  0.0000000E+00  0.0000000E+00
  0.0000000E+00  0.0000000E+00
  0.0000000E+00  0.0000000E+00
  0.0000000E+00  0.0000000E+00
  0.0000000E+00  0.0000000E+00
  0.0000000E+00  0.0000000E+00
  0.0000000E+00  0.0000000E+00
  0.0000000E+00  0.0000000E+00
  0.0000000E+00  0.0000000E+00
  0.0000000E+00  0.0000000E+00
  0.0000000E+00  0.0000000E+00
  0.0000000E+00  0.0000000E+00
  0.0000000E+00  0.0000000E+00
  0.0000000E+00  0.0000000E+00
  0.0000000E+00  0.0000000E+00
  0.0000000E+00  0.0000000E+00
  0.0000000E+00  0.0000000E+00
  0.0000000E+00  0.0000000E+00
  0.0000000E+00  0.0000000E+00
  0.0000000E+00  0.0000000E+00
  0.0000000E+00  0.0000000E+00
  0.0000000E+00  0.0000000E+00
  0.0000000E+00  0.0000000E+00
  0.0000000E+00  0.0000000E+00
  0.0000000E+00  0.0000000E+00
  0.0000000E+00  0.0000000E+00
