  0.1727333E+00 -0.8517620E+00
  0.1093542E+00 -0.8559107E+00
  0.7680812E-01 -0.8746285E+00
  0.5411424E-01 -0.8832840E+00
  0.4441185E-01 -0.8933275E+00
  0.3930550E-01 -0.9018925E+00
 -0.5828140E+00 -0.9554211E+00
 -0.6849742E-02 -0.9021380E+00
 -0.1165594E-01 -0.9127162E+00
 -0.1795727E-01 -0.9582188E+00
 -0.3502585E-01 -0.1188304E+01
 -0.3316402E-01 -0.1184925E+01
 -0.3134822E-01 -0.1184182E+01
 -0.2999910E-01 -0.1186089E+01
 -0.2899583E-01 -0.1187482E+01
 -0.2713903E-01 -0.1187874E+01
 -0.2574577E-01 -0.1189355E+01
 -0.2357820E-01 -0.1188456E+01
 -0.2023609E-01 -0.1187907E+01
 -0.1958804E-01 -0.1190927E+01
 -0.1830406E-01 -0.1191662E+01
 -0.1507815E-01 -0.1192201E+01
 -0.1511073E-01 -0.1195632E+01
 -0.1427239E-01 -0.1196586E+01
 -0.1095754E-01 -0.1197196E+01
 -0.1148830E-01 -0.1200461E+01
 -0.1104953E-01 -0.1201175E+01
 -0.7702772E-02 -0.1201542E+01
 -0.8651745E-02 -0.1204382E+01
 -0.8639564E-02 -0.1204660E+01
 -0.5449010E-02 -0.1204580E+01
 -0.6864757E-02 -0.1206795E+01
 -0.7371814E-02 -0.1206443E+01
 -0.4565809E-02 -0.1205710E+01
 -0.6520445E-02 -0.1207189E+01
 -0.7548530E-02 -0.1206109E+01
 -0.5202448E-02 -0.1204655E+01
 -0.7572834E-02 -0.1205499E+01
 -0.9036010E-02 -0.1203772E+01
 -0.7206493E-02 -0.1201680E+01
 -0.9897219E-02 -0.1202042E+01
 -0.1169903E-01 -0.1199851E+01
 -0.1042372E-01 -0.1197280E+01
 -0.1329555E-01 -0.1197382E+01
 -0.1531894E-01 -0.1194946E+01
 -0.1459530E-01 -0.1192143E+01
 -0.1749120E-01 -0.1192257E+01
 -0.1961287E-01 -0.1189849E+01
 -0.1943669E-01 -0.1187068E+01
 -0.2220053E-01 -0.1187444E+01
 -0.2431980E-01 -0.1185326E+01
 -0.2468425E-01 -0.1182817E+01
 -0.2718553E-01 -0.1183666E+01
 -0.2922881E-01 -0.1182035E+01
 -0.3013458E-01 -0.1180048E+01
 -0.3227786E-01 -0.1181557E+01
 -0.3418810E-01 -0.1180579E+01
 -0.3562876E-01 -0.1179223E+01
 -0.3734741E-01 -0.1181402E+01
 -0.3910681E-01 -0.1181114E+01
 -0.4105950E-01 -0.1180421E+01
 -0.4234049E-01 -0.1183153E+01
 -0.4387446E-01 -0.1183511E+01
 -0.4625048E-01 -0.1183551E+01
 -0.4708333E-01 -0.1186795E+01
 -0.4840472E-01 -0.1187561E+01
 -0.5119812E-01 -0.1188015E+01
 -0.5158355E-01 -0.1191521E+01
 -0.5266371E-01 -0.1192497E+01
 -0.5581224E-01 -0.1193103E+01
 -0.5580327E-01 -0.1196549E+01
 -0.5654139E-01 -0.1197492E+01
 -0.5982532E-01 -0.1198144E+01
 -0.5935313E-01 -0.1201378E+01
 -0.5967063E-01 -0.1202075E+01
 -0.6287765E-01 -0.1202469E+01
 -0.6185838E-01 -0.1205282E+01
 -0.6171310E-01 -0.1205521E+01
 -0.6485421E-01 -0.1205377E+01
 -0.6436653E-01 -0.1207060E+01
 -0.6708565E-01 -0.1205431E+01
 -0.6457746E-01 -0.1208974E+01
 -0.5402088E-01 -0.1213564E+01
 -0.5145154E-01 -0.1213892E+01
 -0.5083548E-01 -0.1213170E+01
 -0.5032285E-01 -0.1212369E+01
 -0.4984175E-01 -0.1211427E+01
 -0.4942146E-01 -0.1210226E+01
 -0.4901080E-01 -0.1208817E+01
 -0.4852056E-01 -0.1207267E+01
 -0.4790245E-01 -0.1205671E+01
 -0.4718077E-01 -0.1204066E+01
 -0.4638149E-01 -0.1202438E+01
 -0.4555627E-01 -0.1200773E+01
 -0.4470171E-01 -0.1199111E+01
 -0.4373386E-01 -0.1197618E+01
 -0.4273038E-01 -0.1196229E+01
 -0.4173550E-01 -0.1194862E+01
 -0.4049769E-01 -0.1193780E+01
 -0.3827024E-01 -0.1193774E+01
 -0.3664278E-01 -0.1189151E+01
 -0.3904181E-01 -0.1181899E+01
 -0.3862688E-01 -0.1181002E+01
 -0.3705352E-01 -0.1184228E+01
 -0.3568849E-01 -0.1191383E+01
 -0.3817898E-01 -0.9548970E+00
 -0.3960967E-01 -0.9082941E+00
 -0.4132516E-01 -0.8972530E+00
 -0.4349541E-01 -0.8932368E+00
 -0.4642443E-01 -0.8867108E+00
 -0.5038912E-01 -0.8818528E+00
 -0.5749530E-01 -0.8773941E+00
 -0.1076072E+00 -0.8640878E+00
 -0.1306425E+00 -0.8474856E+00
 -0.2041857E+00 -0.8524351E+00
 -0.5679894E+00 -0.8664424E+00
 -0.5968567E+00 -0.9682820E+00
 -0.1318530E+01 -0.8938173E+00
 -0.1617292E+01 -0.9143733E+00
 -0.1841187E+01 -0.9324306E+00
 -0.1980288E+01 -0.9446760E+00
 -0.2028367E+01 -0.9490129E+00
 -0.1982142E+01 -0.9446673E+00
 -0.1847105E+01 -0.9327151E+00
 -0.1636288E+01 -0.9155142E+00
 -0.1357450E+01 -0.8958679E+00
 -0.1019974E+01 -0.8769410E+00
 -0.6395933E+00 -0.8620115E+00
 -0.2337229E+00 -0.8535962E+00
  0.1808820E+00 -0.8530706E+00
  0.5869714E+00 -0.8604097E+00
  0.9674659E+00 -0.8743732E+00
  0.1306297E+01 -0.8925030E+00
  0.1588297E+01 -0.9116242E+00
  0.1800290E+01 -0.9283693E+00
  0.1930826E+01 -0.9396968E+00
  0.1971418E+01 -0.9434317E+00
  0.1922732E+01 -0.9391610E+00
  0.1793148E+01 -0.9280304E+00
  0.1585233E+01 -0.9115656E+00
  0.1304510E+01 -0.8924534E+00
  0.9641190E+00 -0.8740624E+00
  0.5779876E+00 -0.8595609E+00
 -0.4566013E+00 -0.9102218E+00
 -0.3838143E+00 -0.9365362E+00
  0.1961597E+00 -0.8751695E+00
  0.1753262E+00 -0.8923029E+00
  0.1624795E+00 -0.9033079E+00
  0.1844096E-01 -0.9102458E+00
 -0.6665573E+00 -0.9102389E+00
  0.2553798E-01 -0.9574593E+00
  0.4153114E-02 -0.9568847E+00
  0.4675858E-01 -0.9589384E+00
  0.6637085E-01 -0.9617938E+00
  0.8542284E-01 -0.9649111E+00
  0.1055322E+00 -0.9671388E+00
  0.1249148E+00 -0.9698716E+00
  0.1432316E+00 -0.9732443E+00
  0.1603762E+00 -0.9772695E+00
  0.1765633E+00 -0.9815569E+00
  0.1918660E+00 -0.9858698E+00
  0.2059297E+00 -0.9903760E+00
  0.2189871E+00 -0.9948035E+00
  0.2311169E+00 -0.9989846E+00
  0.2418939E+00 -0.1003067E+01
  0.2515991E+00 -0.1006828E+01
  0.2602845E+00 -0.1010130E+01
  0.2674598E+00 -0.1013183E+01
  0.2734545E+00 -0.1015774E+01
  0.2784169E+00 -0.1017727E+01
  0.2816946E+00 -0.1019268E+01
  0.2836317E+00 -0.1020223E+01
  0.2844740E+00 -0.1020450E+01
  0.2836110E+00 -0.1020189E+01
  0.2814353E+00 -0.1019298E+01
  0.2782053E+00 -0.1017705E+01
  0.2733254E+00 -0.1015695E+01
  0.2671834E+00 -0.1013153E+01
  0.2599918E+00 -0.1010023E+01
  0.2512422E+00 -0.1006585E+01
  0.2413219E+00 -0.1002802E+01
  0.2304267E+00 -0.9986012E+00
  0.2181305E+00 -0.9943299E+00
  0.2047798E+00 -0.9898858E+00
  0.1905796E+00 -0.9852414E+00
  0.1751820E+00 -0.9807884E+00
  0.1589153E+00 -0.9763873E+00
  0.1419643E+00 -0.9720200E+00
  0.1240641E+00 -0.9680719E+00
  0.1055245E+00 -0.9644017E+00
  0.8648863E-01 -0.9609607E+00
  0.6682529E-01 -0.9581218E+00
  0.4675562E-01 -0.9557774E+00
  0.2640900E-01 -0.9538640E+00
  0.5759038E-02 -0.9527112E+00
 -0.1504271E-01 -0.9520909E+00
 -0.3588000E-01 -0.9518967E+00
 -0.5666627E-01 -0.9525009E+00
 -0.7732574E-01 -0.9536711E+00
 -0.9777640E-01 -0.9552296E+00
 -0.1178433E+00 -0.9575269E+00
 -0.1374414E+00 -0.9603935E+00
 -0.1565633E+00 -0.9635822E+00
 -0.1751007E+00 -0.9672642E+00
 -0.1930265E+00 -0.9712656E+00
 -0.2103022E+00 -0.9754120E+00
 -0.2266839E+00 -0.9798363E+00
 -0.2422840E+00 -0.9843344E+00
 -0.2570852E+00 -0.9887627E+00
 -0.2706842E+00 -0.9933090E+00
 -0.2832561E+00 -0.9977462E+00
 -0.2948617E+00 -0.1001881E+01
 -0.3051187E+00 -0.1005902E+01
 -0.3142208E+00 -0.1009600E+01
 -0.3222467E+00 -0.1012813E+01
 -0.3287184E+00 -0.1015744E+01
 -0.3340026E+00 -0.1018105E+01
 -0.3382088E+00 -0.1019811E+01
 -0.3408385E+00 -0.1021052E+01
 -0.3418428E+00 -0.1021874E+01
 -0.3405648E+00 -0.1022684E+01
 -0.3375211E+00 -0.1022988E+01
 -0.3338037E+00 -0.1022207E+01
 -0.3292476E+00 -0.1020626E+01
 -0.3236585E+00 -0.1018443E+01
 -0.3170423E+00 -0.1015624E+01
 -0.3094310E+00 -0.1012263E+01
 -0.3006332E+00 -0.1008494E+01
 -0.2905698E+00 -0.1004403E+01
 -0.2792116E+00 -0.1000116E+01
 -0.2666644E+00 -0.9956667E+00
 -0.2530513E+00 -0.9911131E+00
 -0.2384490E+00 -0.9865142E+00
 -0.2228303E+00 -0.9819958E+00
 -0.2062297E+00 -0.9777201E+00
 -0.1889226E+00 -0.9736636E+00
 -0.1710427E+00 -0.9697414E+00
 -0.1525408E+00 -0.9660038E+00
 -0.1334940E+00 -0.9623725E+00
 -0.1143451E+00 -0.9585567E+00
 -0.9517120E-01 -0.9553345E+00
 -0.7585381E-01 -0.9536034E+00
 -0.5666745E-01 -0.9536348E+00
 -0.6371497E-01 -0.9092767E+00
 -0.3418998E+00 -0.8466104E+00
 -0.6964195E-01 -0.8990334E+00
 -0.7676360E-01 -0.8959510E+00
 -0.8573550E-01 -0.8925552E+00
 -0.9787685E-01 -0.8882885E+00
 -0.1196089E+00 -0.8844979E+00
 -0.1100872E+01 -0.8979859E+00
 -0.2975087E+00 -0.8659672E+00
 -0.1243130E+01 -0.9108275E+00
 -0.6075481E+00 -0.9133785E+00
 -0.9204569E+00 -0.8849229E+00
 -0.1335285E+01 -0.9196309E+00
 -0.1365139E+01 -0.9222448E+00
 -0.1331859E+01 -0.9187251E+00
 -0.1242575E+01 -0.9104410E+00
 -0.1104108E+01 -0.8977993E+00
 -0.9186184E+00 -0.8825107E+00
 -0.6934083E+00 -0.8680556E+00
 -0.4386632E+00 -0.8566617E+00
 -0.1664966E+00 -0.8503013E+00
  0.1132013E+00 -0.8499938E+00
  0.3871621E+00 -0.8556743E+00
  0.6424323E+00 -0.8663732E+00
  0.8689306E+00 -0.8801137E+00
  0.1057009E+01 -0.8945506E+00
  0.1197871E+01 -0.9071587E+00
  0.1282863E+01 -0.9155621E+00
  0.1307519E+01 -0.9183272E+00
  0.1276340E+01 -0.9158368E+00
  0.1194447E+01 -0.9080681E+00
  0.1055500E+01 -0.8950503E+00
  0.8703060E+00 -0.8806338E+00
  0.6489418E+00 -0.8675853E+00
  0.3918350E+00 -0.8601766E+00
  0.4964916E-01 -0.8984528E+00
  0.1512785E+00 -0.9214357E+00
 -0.2655789E+00 -0.8877450E+00
  0.2909887E-01 -0.9254975E+00
  0.5298811E-01 -0.9027146E+00
  0.2843748E+00 -0.9036674E+00
  0.4712511E-01 -0.9120254E+00
  0.3234332E+00 -0.8881654E+00
  0.1544678E+00 -0.9255854E+00
  0.1810072E+00 -0.9290743E+00
  0.2054979E+00 -0.9333860E+00
  0.2287329E+00 -0.9382311E+00
  0.2505626E+00 -0.9432259E+00
  0.2707593E+00 -0.9483027E+00
  0.2895135E+00 -0.9534320E+00
  0.3068752E+00 -0.9584709E+00
  0.3226824E+00 -0.9633479E+00
  0.3370569E+00 -0.9679036E+00
  0.3499553E+00 -0.9721066E+00
  0.3610291E+00 -0.9759002E+00
  0.3704815E+00 -0.9792355E+00
  0.3784957E+00 -0.9820923E+00
  0.3847378E+00 -0.9844131E+00
  0.3890307E+00 -0.9860722E+00
  0.3914664E+00 -0.9870635E+00
  0.3919885E+00 -0.9873695E+00
  0.3906247E+00 -0.9869188E+00
  0.3875481E+00 -0.9857563E+00
  0.3827195E+00 -0.9839940E+00
  0.3760716E+00 -0.9815376E+00
  0.3677312E+00 -0.9784690E+00
  0.3576728E+00 -0.9749497E+00
  0.3458692E+00 -0.9708877E+00
  0.3324898E+00 -0.9664233E+00
  0.3175042E+00 -0.9616978E+00
  0.3009531E+00 -0.9566718E+00
  0.2829961E+00 -0.9514908E+00
  0.2636274E+00 -0.9463036E+00
  0.2429212E+00 -0.9410811E+00
  0.2210581E+00 -0.9359745E+00
  0.1980497E+00 -0.9311377E+00
  0.1739979E+00 -0.9265298E+00
  0.1490983E+00 -0.9222955E+00
  0.1233886E+00 -0.9185278E+00
  0.9700178E-01 -0.9152008E+00
  0.7005909E-01 -0.9124883E+00
  0.4271572E-01 -0.9106266E+00
  0.1492935E-01 -0.9093776E+00
 -0.1314114E-01 -0.9086833E+00
 -0.4121711E-01 -0.9086893E+00
 -0.6918671E-01 -0.9094060E+00
 -0.9694532E-01 -0.9107853E+00
 -0.1243451E+00 -0.9128974E+00
 -0.1511851E+00 -0.9155232E+00
 -0.1770815E+00 -0.9186667E+00
 -0.2021921E+00 -0.9226054E+00
 -0.2269852E+00 -0.9269195E+00
 -0.2508876E+00 -0.9314721E+00
 -0.2737537E+00 -0.9364004E+00
 -0.2958491E+00 -0.9414736E+00
 -0.3167862E+00 -0.9466081E+00
 -0.3363321E+00 -0.9518343E+00
 -0.3545422E+00 -0.9570012E+00
 -0.3712133E+00 -0.9619995E+00
 -0.3863235E+00 -0.9668427E+00
 -0.4000576E+00 -0.9713567E+00
 -0.4121354E+00 -0.9754806E+00
 -0.4223697E+00 -0.9792599E+00
 -0.4310198E+00 -0.9824678E+00
 -0.4380595E+00 -0.9850702E+00
 -0.4431826E+00 -0.9870009E+00
 -0.4461989E+00 -0.9882694E+00
 -0.4471701E+00 -0.9889673E+00
 -0.4460977E+00 -0.9891514E+00
 -0.4429230E+00 -0.9885915E+00
 -0.4380175E+00 -0.9873561E+00
 -0.4315741E+00 -0.9853367E+00
 -0.4238030E+00 -0.9827198E+00
 -0.4149667E+00 -0.9793068E+00
 -0.4048916E+00 -0.9754358E+00
 -0.3930919E+00 -0.9711516E+00
 -0.3793498E+00 -0.9664409E+00
 -0.3637056E+00 -0.9614298E+00
 -0.3464966E+00 -0.9562549E+00
 -0.3279216E+00 -0.9510419E+00
 -0.3079128E+00 -0.9457702E+00
 -0.2863390E+00 -0.9405080E+00
 -0.2634400E+00 -0.9354389E+00
 -0.2400914E+00 -0.9308265E+00
 -0.2162189E+00 -0.9264209E+00
 -0.1913958E+00 -0.9221997E+00
 -0.1659245E+00 -0.9183834E+00
 -0.1404171E+00 -0.9149280E+00
 -0.1147533E+00 -0.9122912E+00
 -0.8895275E-01 -0.9107096E+00
 -0.1008488E+01 -0.9233025E+00
 -0.7751701E+00 -0.8975717E+00
 -0.1127282E+00 -0.8985275E+00
 -0.1286662E+00 -0.8952052E+00
  0.2519064E+00 -0.9071169E+00
 -0.1480688E+00 -0.8899419E+00
 -0.1880899E+00 -0.8871673E+00
 -0.5008507E+00 -0.8639382E+00
 -0.1081454E+01 -0.9321188E+00
 -0.1102933E+01 -0.9342473E+00
 -0.9970929E-01 -0.9008032E+00
 -0.1072650E+01 -0.9305148E+00
 -0.1002060E+01 -0.9238580E+00
 -0.8941052E+00 -0.9118696E+00
 -0.7469037E+00 -0.8961350E+00
 -0.5677955E+00 -0.8820368E+00
 -0.3634390E+00 -0.8709475E+00
 -0.1435759E+00 -0.8648342E+00
  0.8653294E-01 -0.8645598E+00
  0.3113557E+00 -0.8703471E+00
  0.5172325E+00 -0.8808829E+00
  0.6981667E+00 -0.8941643E+00
  0.8475470E+00 -0.9079655E+00
  0.9584479E+00 -0.9200150E+00
  0.1023820E+01 -0.9279373E+00
  0.1041898E+01 -0.9308316E+00
  0.1018571E+01 -0.9299096E+00
  0.9607017E+00 -0.9229715E+00
  0.8476258E+00 -0.9089320E+00
  0.7027014E+00 -0.8951367E+00
  0.5337386E+00 -0.8847584E+00
 -0.9017271E+00 -0.9088585E+00
  0.7610592E-01 -0.9153227E+00
  0.1260012E+00 -0.9212179E+00
  0.1016979E+00 -0.9162645E+00
 -0.7099841E+00 -0.8729540E+00
  0.2274256E+00 -0.9144673E+00
  0.4682390E+00 -0.9008699E+00
  0.1838763E+00 -0.9173788E+00
  0.2173066E+00 -0.9199722E+00
  0.3013421E+00 -0.9346732E+00
  0.3250114E+00 -0.9396428E+00
  0.3467395E+00 -0.9449895E+00
  0.3671200E+00 -0.9503142E+00
  0.3854768E+00 -0.9552127E+00
  0.4022160E+00 -0.9598310E+00
  0.4172007E+00 -0.9642201E+00
  0.4297368E+00 -0.9677669E+00
  0.4405303E+00 -0.9711334E+00
  0.4503612E+00 -0.9742105E+00
  0.4581651E+00 -0.9767261E+00
  0.4630153E+00 -0.9783858E+00
  0.4654153E+00 -0.9794744E+00
  0.4656099E+00 -0.9796942E+00
  0.4633320E+00 -0.9790260E+00
  0.4593484E+00 -0.9778002E+00
  0.4535795E+00 -0.9760175E+00
  0.4454693E+00 -0.9732861E+00
  0.4355343E+00 -0.9700930E+00
  0.4236816E+00 -0.9665373E+00
  0.4095760E+00 -0.9621493E+00
  0.3937747E+00 -0.9575310E+00
  0.3761703E+00 -0.9527611E+00
  0.3565118E+00 -0.9473971E+00
  0.3353703E+00 -0.9420583E+00
  0.3126149E+00 -0.9368374E+00
  0.2881214E+00 -0.9313113E+00
  0.2624120E+00 -0.9260647E+00
  0.2353615E+00 -0.9212086E+00
  0.2069824E+00 -0.9163271E+00
  0.1777552E+00 -0.9119716E+00
  0.1475281E+00 -0.9083000E+00
  0.1164269E+00 -0.9046338E+00
  0.8488271E-01 -0.9016079E+00
  0.5318937E-01 -0.9000866E+00
  0.2015470E-01 -0.8993375E+00
 -0.1360838E-01 -0.8985808E+00
 -0.4699310E-01 -0.8985549E+00
 -0.8023414E-01 -0.8994497E+00
 -0.1131703E+00 -0.9009028E+00
 -0.1453858E+00 -0.9031927E+00
 -0.1766872E+00 -0.9059435E+00
 -0.2057417E+00 -0.9084346E+00
 -0.2338071E+00 -0.9125852E+00
 -0.2631152E+00 -0.9177020E+00
 -0.2911279E+00 -0.9220777E+00
 -0.3178650E+00 -0.9273791E+00
 -0.3445003E+00 -0.9329551E+00
 -0.3693765E+00 -0.9382284E+00
 -0.3923033E+00 -0.9436092E+00
 -0.4137131E+00 -0.9489925E+00
 -0.4329992E+00 -0.9540549E+00
 -0.4505677E+00 -0.9589415E+00
 -0.4669252E+00 -0.9637020E+00
 -0.4809124E+00 -0.9678681E+00
 -0.4925832E+00 -0.9718350E+00
 -0.5029311E+00 -0.9752541E+00
 -0.5113847E+00 -0.9778969E+00
 -0.5169548E+00 -0.9797348E+00
 -0.5195107E+00 -0.9806105E+00
 -0.5198408E+00 -0.9812335E+00
 -0.5182187E+00 -0.9812848E+00
 -0.5135972E+00 -0.9801369E+00
 -0.5069757E+00 -0.9789060E+00
 -0.4989620E+00 -0.9763163E+00
 -0.4895700E+00 -0.9738051E+00
 -0.4801531E+00 -0.9699133E+00
 -0.4695795E+00 -0.9663469E+00
 -0.4562660E+00 -0.9622316E+00
 -0.4398502E+00 -0.9572101E+00
 -0.4208356E+00 -0.9517410E+00
 -0.4003065E+00 -0.9464023E+00
 -0.3783081E+00 -0.9412082E+00
 -0.3542561E+00 -0.9358169E+00
 -0.3277964E+00 -0.9300818E+00
 -0.2999489E+00 -0.9240901E+00
 -0.2734901E+00 -0.9193549E+00
 -0.2468665E+00 -0.9157819E+00
 -0.2178569E+00 -0.9115512E+00
 -0.1880595E+00 -0.9077383E+00
 -0.1595539E+00 -0.9039557E+00
 -0.1303808E+00 -0.9026455E+00
 -0.9072952E+00 -0.9483678E+00
 -0.9411720E+00 -0.9543769E+00
  0.1040512E+00 -0.8949327E+00
 -0.6144674E+00 -0.8869041E+00
 -0.8643997E+00 -0.9399334E+00
  0.3221592E+00 -0.9095967E+00
  0.9610474E-01 -0.9068914E+00
 -0.1744416E+00 -0.8977501E+00
  0.3570006E-01 -0.9005054E+00
 -0.8481217E+00 -0.9448816E+00
  0.2467659E+00 -0.9237873E+00
 -0.9246019E+00 -0.9521305E+00
  0.6608058E-02 -0.9099993E+00
  0.1600150E+00 -0.9073575E+00
 -0.6389183E+00 -0.9131415E+00
 -0.4914548E+00 -0.8984301E+00
 -0.3195845E+00 -0.8869352E+00
 -0.1323365E+00 -0.8808869E+00
  0.7065911E-01 -0.8805352E+00
  0.2677836E+00 -0.8870603E+00
  0.4420598E+00 -0.8983053E+00
  0.5931100E+00 -0.9120218E+00
  0.7170788E+00 -0.9261656E+00
  0.8085103E+00 -0.9384307E+00
  0.8614401E+00 -0.9465080E+00
  0.8741219E+00 -0.9498020E+00
  0.8509917E+00 -0.9520661E+00
  0.8201116E+00 -0.9464310E+00
  0.7171540E+00 -0.9266772E+00
  0.5994685E+00 -0.9119801E+00
 -0.7873842E+00 -0.9239812E+00
 -0.1515191E+00 -0.9028782E+00
  0.2749979E+00 -0.9294583E+00
 -0.1943239E+00 -0.8880876E+00
  0.1057633E+00 -0.8857618E+00
 -0.7609018E+00 -0.9326305E+00
 -0.2333307E+00 -0.8905386E+00
  0.2825454E+00 -0.9217519E+00
  0.2074069E+00 -0.9138044E+00
 -0.4290531E+00 -0.9172929E+00
 -0.3175261E+00 -0.9009377E+00
  0.1247799E+00 -0.8990008E+00
  0.2465140E+00 -0.9162338E+00
 -0.7942500E+00 -0.9746433E+00
  0.3445795E+00 -0.9321489E+00
  0.3704584E+00 -0.9361756E+00
  0.4379824E+00 -0.9516222E+00
  0.4562542E+00 -0.9562245E+00
  0.4734294E+00 -0.9611322E+00
  0.4860196E+00 -0.9633630E+00
  0.4976597E+00 -0.9664975E+00
  0.5110278E+00 -0.9703547E+00
  0.5220580E+00 -0.9733956E+00
  0.5268914E+00 -0.9746060E+00
  0.5283228E+00 -0.9760751E+00
  0.5280875E+00 -0.9764676E+00
  0.5237551E+00 -0.9749472E+00
  0.5188826E+00 -0.9738459E+00
  0.5130234E+00 -0.9727708E+00
  0.5029294E+00 -0.9692291E+00
  0.4918569E+00 -0.9660733E+00
  0.4792627E+00 -0.9632444E+00
  0.4624922E+00 -0.9580719E+00
  0.4450057E+00 -0.9535093E+00
  0.4257967E+00 -0.9494573E+00
  0.4028132E+00 -0.9433332E+00
  0.3794560E+00 -0.9380744E+00
  0.3542851E+00 -0.9335806E+00
  0.3258715E+00 -0.9273540E+00
  0.2975045E+00 -0.9221691E+00
  0.2672849E+00 -0.9180180E+00
  0.2345833E+00 -0.9124237E+00
  0.2022788E+00 -0.9082339E+00
  0.1678113E+00 -0.9055700E+00
  0.1318133E+00 -0.9007586E+00
  0.9715879E-01 -0.8959906E+00
  0.6408724E-01 -0.8957220E+00
  0.2569737E-01 -0.8974704E+00
 -0.1492112E-01 -0.8953581E+00
 -0.5300383E-01 -0.8951720E+00
 -0.9189221E-01 -0.8970196E+00
 -0.1296798E+00 -0.8976747E+00
 -0.1655983E+00 -0.9005326E+00
 -0.2019099E+00 -0.9045493E+00
 -0.2295410E+00 -0.9020131E+00
 -0.2577029E+00 -0.9065455E+00
 -0.2920991E+00 -0.9159474E+00
 -0.3237146E+00 -0.9174559E+00
 -0.3531610E+00 -0.9235526E+00
 -0.3860492E+00 -0.9308866E+00
 -0.4143109E+00 -0.9350677E+00
 -0.4394993E+00 -0.9403770E+00
 -0.4641989E+00 -0.9463518E+00
 -0.4850564E+00 -0.9506745E+00
 -0.5044991E+00 -0.9551255E+00
 -0.5246285E+00 -0.9608985E+00
 -0.5401198E+00 -0.9642976E+00
 -0.5522268E+00 -0.9686462E+00
 -0.5649541E+00 -0.9726804E+00
 -0.5754383E+00 -0.9752064E+00
 -0.5807186E+00 -0.9767334E+00
 -0.5805222E+00 -0.9765212E+00
 -0.5796081E+00 -0.9773858E+00
 -0.5781260E+00 -0.9781294E+00
 -0.5704741E+00 -0.9753064E+00
 -0.5620681E+00 -0.9755109E+00
 -0.5532162E+00 -0.9710259E+00
 -0.5417234E+00 -0.9698291E+00
 -0.5338364E+00 -0.9639006E+00
 -0.5256397E+00 -0.9629208E+00
 -0.5112891E+00 -0.9593388E+00
 -0.4915835E+00 -0.9534416E+00
 -0.4682281E+00 -0.9469432E+00
 -0.4449665E+00 -0.9419487E+00
 -0.4202482E+00 -0.9376184E+00
 -0.3920605E+00 -0.9323849E+00
 -0.3596048E+00 -0.9262670E+00
 -0.3270827E+00 -0.9165983E+00
 -0.3004486E+00 -0.9119974E+00
 -0.2765704E+00 -0.9138680E+00
 -0.2413084E+00 -0.9084867E+00
 -0.2074336E+00 -0.9027591E+00
  0.3132570E+00 -0.9266366E+00
  0.2792343E+00 -0.9187056E+00
  0.1426665E+00 -0.9175085E+00
 -0.1252138E+00 -0.8974683E+00
 -0.5628240E+00 -0.9342046E+00
 -0.7461476E+00 -0.9611904E+00
 -0.6449520E+00 -0.9601744E+00
 -0.2257956E+00 -0.9017180E+00
  0.3565002E+00 -0.8898866E+00
 -0.7771351E+00 -0.9669959E+00
  0.3809884E+00 -0.9208116E+00
  0.4130159E+00 -0.9227757E+00
 -0.5527880E+00 -0.9306848E+00
 -0.4320656E+00 -0.9140630E+00
  0.5932730E-01 -0.8977669E+00
  0.2371726E+00 -0.9046534E+00
  0.3848911E+00 -0.9164203E+00
  0.5115887E+00 -0.9306849E+00
  0.6154214E+00 -0.9454419E+00
  0.6924232E+00 -0.9582137E+00
  0.7369577E+00 -0.9664900E+00
  0.7446334E+00 -0.9685466E+00
  0.2242300E+00 -0.8507368E+00
  0.6824185E+00 -0.9795995E+00
  0.6123068E+00 -0.9463345E+00
  0.5159150E+00 -0.9284806E+00
 -0.6686550E+00 -0.9546353E+00
  0.3940959E+00 -0.9415622E+00
 -0.2858724E+00 -0.9021219E+00
  0.4177528E+00 -0.9476073E+00
  0.3358728E+00 -0.8872589E+00
  0.3438066E+00 -0.9268972E+00
 -0.1796726E+00 -0.8982801E+00
 -0.2453614E+00 -0.8887672E+00
  0.3861868E+00 -0.9310422E+00
  0.4473918E-01 -0.9364945E+00
  0.3402495E-01 -0.8955377E+00
 -0.6847229E+00 -0.9900160E+00
 -0.3656297E+00 -0.9327558E+00
  0.5234708E+00 -0.9592577E+00
  0.4106768E+00 -0.9288750E+00
  0.4836611E+00 -0.9443925E+00
  0.5019698E+00 -0.9492286E+00
  0.5432564E+00 -0.9580901E+00
  0.5650815E+00 -0.9645766E+00
  0.5878705E+00 -0.9677849E+00
  0.5904146E+00 -0.9659409E+00
  0.5853726E+00 -0.9702917E+00
  0.5864944E+00 -0.9736220E+00
  0.5754352E+00 -0.9672883E+00
  0.5701803E+00 -0.9667554E+00
  0.5673483E+00 -0.9707817E+00
  0.5522652E+00 -0.9616486E+00
  0.5411006E+00 -0.9587194E+00
  0.5304863E+00 -0.9614133E+00
  0.5080001E+00 -0.9505180E+00
  0.4903351E+00 -0.9463289E+00
  0.4717977E+00 -0.9478449E+00
  0.4425676E+00 -0.9359716E+00
  0.4189815E+00 -0.9311606E+00
  0.3931292E+00 -0.9322699E+00
  0.3582208E+00 -0.9201881E+00
  0.3295110E+00 -0.9155139E+00
  0.2972557E+00 -0.9169628E+00
  0.2579796E+00 -0.9054904E+00
  0.2251298E+00 -0.9017612E+00
  0.1848964E+00 -0.9059432E+00
  0.1393961E+00 -0.8960309E+00
  0.8602628E-01 -0.8949305E+00
 -0.1699005E-01 -0.8879482E+00
 -0.5691971E-01 -0.8884495E+00
 -0.1042224E+00 -0.8968729E+00
 -0.1466085E+00 -0.8908767E+00
 -0.1835195E+00 -0.8946462E+00
 -0.2389209E+00 -0.9154768E+00
 -0.3115233E+00 -0.9271159E+00
 -0.3764338E+00 -0.9250333E+00
 -0.4247659E+00 -0.9311116E+00
 -0.4541678E+00 -0.9279512E+00
 -0.4790212E+00 -0.9338351E+00
 -0.5096353E+00 -0.9446341E+00
 -0.5293519E+00 -0.9440846E+00
 -0.5491771E+00 -0.9461580E+00
 -0.5806476E+00 -0.9591100E+00
 -0.5976135E+00 -0.9560509E+00
 -0.6038368E+00 -0.9620818E+00
 -0.6211971E+00 -0.9701737E+00
 -0.6358706E+00 -0.9710873E+00
 -0.6407087E+00 -0.9740097E+00
 -0.6313835E+00 -0.9683388E+00
 -0.6288438E+00 -0.9702261E+00
 -0.6305333E+00 -0.9785541E+00
  0.9354700E-01 -0.9022197E+00
 -0.5846173E+00 -0.9627313E+00
 -0.5819749E+00 -0.9621242E+00
 -0.5636364E+00 -0.9581127E+00
 -0.5381137E+00 -0.9484783E+00
 -0.5081078E+00 -0.9383978E+00
 -0.4837262E+00 -0.9347633E+00
 -0.4574751E+00 -0.9345294E+00
 -0.4245754E+00 -0.9277099E+00
 -0.3794941E+00 -0.9256328E+00
 -0.7746437E+00 -0.9484098E+00
  0.4343049E+00 -0.9350919E+00
 -0.1141228E+00 -0.9251167E+00
 -0.4881082E+00 -0.9585106E+00
 -0.6315068E+00 -0.9848513E+00
 -0.5504320E+00 -0.9562488E+00
  0.4464068E+00 -0.9407484E+00
 -0.2554301E+00 -0.9208317E+00
  0.1998130E+00 -0.9332767E+00
 -0.3125758E+00 -0.8934447E+00
  0.4643454E+00 -0.9464965E+00
  0.3232981E+00 -0.9409828E+00
  0.4273879E+00 -0.9555382E+00
  0.5130191E+00 -0.9701742E+00
  0.5767690E+00 -0.9829447E+00
  0.6170151E+00 -0.9899472E+00
  0.6436648E+00 -0.9816135E+00
 -0.1361701E+00 -0.8610205E+00
  0.5647635E+00 -0.9901270E+00
  0.5095704E+00 -0.9688991E+00
 -0.8467970E-01 -0.8805368E+00
 -0.6866668E+00 -0.9781270E+00
  0.5322767E+00 -0.9545645E+00
 -0.7978569E+00 -0.9801421E+00
 -0.7010969E+00 -0.9798825E+00
 -0.6133573E+00 -0.9830745E+00
 -0.6942329E+00 -0.9764446E+00
 -0.4753205E+00 -0.9482266E+00
 -0.5730323E+00 -0.9710208E+00
  0.1256833E+00 -0.8919702E+00
 -0.4336671E+00 -0.9132909E+00
 -0.4548242E+00 -0.8843380E+00
 -0.3241891E+00 -0.9130113E+00
 -0.2094289E+00 -0.9084492E+00
 -0.2233054E+00 -0.9164063E+00
 -0.5979246E+00 -0.8462076E+00
 -0.9675345E+00 -0.8750617E+00
  0.6654264E+00 -0.9626181E+00
  0.7209585E+00 -0.9764730E+00
  0.3064079E+00 -0.9074317E+00
 -0.6484771E+00 -0.9498622E+00
 -0.2622019E+00 -0.9137759E+00
 -0.7225078E+00 -0.9717960E+00
 -0.6740297E+00 -0.9671147E+00
 -0.3495618E+00 -0.9061120E+00
 -0.6158634E+00 -0.9636168E+00
 -0.3810555E-01 -0.8845920E+00
 -0.6320282E+00 -0.9781483E+00
 -0.2844581E+00 -0.9151460E+00
 -0.5782407E+00 -0.9440526E+00
  0.5691930E+00 -0.9528438E+00
 -0.1831353E+00 -0.8903338E+00
  0.5352620E+00 -0.9434042E+00
  0.2635490E+00 -0.9001009E+00
 -0.5029649E+00 -0.9295586E+00
  0.4599700E+00 -0.9305515E+00
 -0.5324706E+00 -0.9322958E+00
  0.3745935E+00 -0.9144297E+00
  0.4685623E+00 -0.9298481E+00
  0.5424729E+00 -0.9444243E+00
  0.5935901E+00 -0.9561772E+00
  0.6211250E+00 -0.9640446E+00
  0.6373655E+00 -0.9756267E+00
 -0.6440150E+00 -0.9628292E+00
 -0.3347290E+00 -0.9160209E+00
 -0.2637702E+00 -0.9066281E+00
 -0.6712366E+00 -0.9550179E+00
  0.6017079E+00 -0.9572030E+00
 -0.6134214E+00 -0.9350187E+00
 -0.4046252E+00 -0.9037411E+00
 -0.2890463E+00 -0.1548929E+00
 -0.2375396E+00  0.4243224E-01
 -0.2205725E+00  0.9611966E-01
 -0.2117707E+00  0.1121169E+00
 -0.2060541E+00  0.1133018E+00
 -0.2016602E+00  0.1082815E+00
 -0.1979468E+00  0.1008402E+00
 -0.1945726E+00  0.9269954E-01
 -0.1913888E+00  0.8475216E-01
 -0.1883135E+00  0.7741091E-01
 -0.1852831E+00  0.7080960E-01
 -0.1822658E+00  0.6491186E-01
 -0.1792408E+00  0.5967819E-01
 -0.1762136E+00  0.5502288E-01
 -0.1731975E+00  0.5088836E-01
 -0.1702454E+00  0.4717803E-01
 -0.1675012E+00  0.4382155E-01
 -0.1652558E+00  0.4076240E-01
 -0.1641583E+00  0.3800965E-01
 -0.1657513E+00  0.3576234E-01
 -0.4899036E+00  0.2908481E-01
 -0.7925169E+00  0.1726184E-01
 -0.1060358E+01  0.2288114E-02
 -0.1281731E+01 -0.1328444E-01
 -0.1447054E+01 -0.2681160E-01
 -0.1549153E+01 -0.3598212E-01
 -0.1583640E+01 -0.3924615E-01
 -0.1549073E+01 -0.3601856E-01
 -0.1446949E+01 -0.2685656E-01
 -0.1281633E+01 -0.1333346E-01
 -0.1060264E+01  0.2239160E-02
 -0.7924226E+00  0.1720663E-01
 -0.4898085E+00  0.2902529E-01
 -0.1656688E+00  0.3570180E-01
  0.1657592E+00  0.3613557E-01
  0.4898973E+00  0.3030787E-01
  0.7925031E+00  0.1928161E-01
  0.1060329E+01  0.5016618E-02
  0.1281692E+01 -0.9974220E-02
  0.1446998E+01 -0.2306138E-01
  0.1549106E+01 -0.3195425E-01
  0.1583631E+01 -0.3509867E-01
  0.1549088E+01 -0.3194483E-01
  0.1446966E+01 -0.2304316E-01
  0.1281647E+01 -0.9947578E-02
  0.1060269E+01  0.5051358E-02
  0.7924365E+00  0.1932345E-01
  0.4898251E+00  0.3035526E-01
  0.1656851E+00  0.3618722E-01
  0.1642013E+00  0.3843053E-01
  0.1654204E+00  0.4118638E-01
  0.1677981E+00  0.4425095E-01
  0.1706874E+00  0.4761294E-01
  0.1738036E+00  0.5133256E-01
  0.1770123E+00  0.5548067E-01
  0.1802608E+00  0.6013575E-01
  0.1835338E+00  0.6537633E-01
  0.1868475E+00  0.7127899E-01
  0.1902199E+00  0.7788534E-01
  0.1936767E+00  0.8523063E-01
  0.1972599E+00  0.9318045E-01
  0.2010273E+00  0.1013209E+00
  0.2050819E+00  0.1087573E+00
  0.2096194E+00  0.1137873E+00
  0.2150777E+00  0.1125619E+00
  0.2226631E+00  0.9652028E-01
  0.2360118E+00  0.4284068E-01
  0.2752302E+00 -0.1539915E+00
  0.8264189E+00 -0.1649526E+00
  0.1341516E+01 -0.1854807E+00
  0.1797882E+01 -0.2118511E+00
  0.2175070E+01 -0.2395483E+00
  0.2456449E+01 -0.2636782E+00
  0.2630033E+01 -0.2800305E+00
  0.2688703E+01 -0.2857837E+00
  0.2630024E+01 -0.2799662E+00
  0.2456399E+01 -0.2636328E+00
  0.2175131E+01 -0.2395864E+00
  0.1798381E+01 -0.2119997E+00
  0.1342473E+01 -0.1857536E+00
  0.8273715E+00 -0.1654843E+00
  0.2756484E+00 -0.1547318E+00
 -0.2884985E+00 -0.1554648E+00
 -0.8402890E+00 -0.1676327E+00
 -0.1355437E+01 -0.1892700E+00
 -0.1811334E+01 -0.2167327E+00
 -0.2188058E+01 -0.2452439E+00
 -0.2469442E+01 -0.2700069E+00
 -0.2643522E+01 -0.2867424E+00
 -0.2702714E+01 -0.2926696E+00
 -0.2644196E+01 -0.2866937E+00
 -0.2470313E+01 -0.2697305E+00
 -0.2188381E+01 -0.2446590E+00
 -0.1810200E+01 -0.2157713E+00
 -0.1352005E+01 -0.1878961E+00
 -0.8381981E+00 -0.1666891E+00
 -0.6292533E+00  0.1030683E+00
 -0.6125702E+00  0.1045825E+00
 -0.5994896E+00  0.9980872E-01
 -0.5881901E+00  0.9254774E-01
 -0.5778368E+00  0.8458526E-01
 -0.5680408E+00  0.7679748E-01
 -0.5585767E+00  0.6960110E-01
 -0.5492842E+00  0.6313533E-01
 -0.5400667E+00  0.5736334E-01
 -0.5309325E+00  0.5222240E-01
 -0.5218732E+00  0.4768284E-01
 -0.5128008E+00  0.4369891E-01
 -0.5038600E+00  0.4012924E-01
 -0.4955315E+00  0.3689631E-01
 -0.4887093E+00  0.3395012E-01
 -0.4853083E+00  0.3129764E-01
 -0.7851180E+00  0.1940130E-01
 -0.1050485E+01  0.4352228E-02
 -0.1269927E+01 -0.1126985E-01
 -0.1433771E+01 -0.2490102E-01
 -0.1534869E+01 -0.3414769E-01
 -0.1568715E+01 -0.3751257E-01
 -0.1534353E+01 -0.3427192E-01
 -0.1433204E+01 -0.2503877E-01
 -0.1269506E+01 -0.1140841E-01
 -0.1050249E+01  0.4274475E-02
 -0.7849370E+00  0.1933961E-01
 -0.4851439E+00  0.3123122E-01
 -0.1640254E+00  0.3794445E-01
  0.1643144E+00  0.3837340E-01
  0.4854273E+00  0.3249926E-01
  0.7852111E+00  0.2139375E-01
  0.1050527E+01  0.7029043E-02
  0.1269817E+01 -0.8065297E-02
  0.1433562E+01 -0.2124151E-01
  0.1534705E+01 -0.3019426E-01
  0.1568896E+01 -0.3335925E-01
  0.1534668E+01 -0.3018331E-01
  0.1433496E+01 -0.2121960E-01
  0.1269730E+01 -0.8033170E-02
  0.1050424E+01  0.7069799E-02
  0.7850954E+00  0.2144193E-01
  0.4853092E+00  0.3255362E-01
  0.4887874E+00  0.3520618E-01
  0.4956777E+00  0.3815774E-01
  0.5040717E+00  0.4140859E-01
  0.5131144E+00  0.4501963E-01
  0.5224157E+00  0.4906087E-01
  0.5318076E+00  0.5360995E-01
  0.5412462E+00  0.5874049E-01
  0.5507562E+00  0.6452841E-01
  0.5603895E+00  0.7101023E-01
  0.5702413E+00  0.7821913E-01
  0.5804411E+00  0.8601523E-01
  0.5911914E+00  0.9398085E-01
  0.6028461E+00  0.1012205E+00
  0.6160898E+00  0.1059941E+00
  0.6325114E+00  0.1044765E+00
  0.6560915E+00  0.8801454E-01
  0.6989459E+00  0.3368231E-01
  0.1131194E+01  0.1653413E-01
  0.1513825E+01 -0.5616319E-02
  0.1830135E+01 -0.2882355E-01
  0.2066251E+01 -0.4905777E-01
  0.2212014E+01 -0.6281228E-01
  0.2261250E+01 -0.6764840E-01
  0.2211969E+01 -0.6278625E-01
  0.2066214E+01 -0.4905629E-01
  0.1830245E+01 -0.2889234E-01
  0.1514147E+01 -0.5745913E-02
  0.1131644E+01  0.1629453E-01
  0.6994202E+00  0.3331180E-01
  0.2364126E+00  0.4232307E-01
 -0.2369963E+00  0.4173029E-01
 -0.7000232E+00  0.3150396E-01
 -0.1132295E+01  0.1335189E-01
 -0.1514853E+01 -0.9680374E-02
 -0.1831059E+01 -0.3362138E-01
 -0.2067209E+01 -0.5440841E-01
 -0.2213147E+01 -0.6847192E-01
 -0.2262661E+01 -0.7340816E-01
 -0.2213559E+01 -0.6837934E-01
 -0.2067867E+01 -0.5420559E-01
 -0.1831742E+01 -0.3319285E-01
 -0.1515409E+01 -0.9073587E-02
 -0.1132601E+01  0.1413878E-01
 -0.7004545E+00  0.3232896E-01
 -0.6540244E+00  0.8665849E-01
 -0.9921182E+00  0.8901933E-01
 -0.9356239E+00  0.7017951E-01
 -0.9196607E+00  0.6268557E-01
 -0.9042069E+00  0.5575372E-01
 -0.8890631E+00  0.4952979E-01
 -0.8741265E+00  0.4394116E-01
 -0.8595767E+00  0.3896405E-01
 -0.8450808E+00  0.3468185E-01
 -0.8304764E+00  0.3089506E-01
 -0.8158647E+00  0.2763372E-01
 -0.8020501E+00  0.2465508E-01
 -0.7907341E+00  0.2190291E-01
 -0.1058232E+01  0.6651599E-02
 -0.1444598E+01 -0.2323531E-01
 -0.1279693E+01 -0.9234367E-02
 -0.1546142E+01 -0.3262006E-01
 -0.1579528E+01 -0.3604411E-01
 -0.1544560E+01 -0.3275492E-01
 -0.1442686E+01 -0.2337445E-01
 -0.1278075E+01 -0.9495510E-02
 -0.1057423E+01  0.6460044E-02
 -0.7903249E+00  0.2177856E-01
 -0.4884575E+00  0.3386674E-01
 -0.1650851E+00  0.4068850E-01
  0.1655681E+00  0.4112048E-01
  0.4889409E+00  0.3514500E-01
  0.7908315E+00  0.2385120E-01
  0.1058007E+01  0.9244652E-02
  0.1278831E+01 -0.6102016E-02
  0.1443726E+01 -0.1949830E-01
  0.1545572E+01 -0.2860071E-01
  0.1579997E+01 -0.3181809E-01
  0.1545529E+01 -0.2858762E-01
  0.1443641E+01 -0.1947295E-01
  0.1278722E+01 -0.6065138E-02
  0.1057883E+01  0.9292045E-02
  0.7906838E+00  0.2390711E-01
  0.8017858E+00  0.2664684E-01
  0.8298995E+00  0.3309542E-01
  0.8153204E+00  0.2968848E-01
  0.8448874E+00  0.3693832E-01
  0.8600204E+00  0.4128692E-01
  0.8752175E+00  0.4621189E-01
  0.8905137E+00  0.5178417E-01
  0.9059914E+00  0.5803563E-01
  0.9218118E+00  0.6499087E-01
  0.9381891E+00  0.7250648E-01
  0.9554642E+00  0.8015234E-01
  0.9742249E+00  0.8701058E-01
  0.9955691E+00  0.9135292E-01
  0.1022201E+01  0.8930141E-01
  0.1060748E+01  0.7209958E-01
  0.1418904E+01  0.5155940E-01
  0.1935998E+01  0.1123837E-01
  0.1714943E+01  0.3003631E-01
  0.2072526E+01 -0.1545705E-02
  0.2118677E+01 -0.6050375E-02
  0.2072552E+01 -0.1551093E-02
  0.1936076E+01  0.1120209E-01
  0.1715137E+01  0.2994775E-01
  0.1419183E+01  0.5144944E-01
  0.1061099E+01  0.7194164E-01
  0.6564794E+00  0.8777505E-01
  0.2230418E+00  0.9612928E-01
 -0.2201466E+00  0.9554213E-01
 -0.6536044E+00  0.8603824E-01
 -0.1058270E+01  0.6917787E-01
 -0.1416434E+01  0.4781078E-01
 -0.1712488E+01  0.2554242E-01
 -0.1933577E+01  0.6259191E-02
 -0.2070213E+01 -0.6826871E-02
 -0.2116508E+01 -0.1142410E-01
 -0.2070476E+01 -0.6743747E-02
 -0.1934022E+01  0.6426907E-02
 -0.1712992E+01  0.2587376E-01
 -0.1416932E+01  0.4825783E-01
 -0.1058719E+01  0.6972661E-01
 -0.9708921E+00  0.8470631E-01
 -0.9524950E+00  0.7781365E-01
 -0.1018974E+01  0.8697252E-01
 -0.1209960E+01  0.3822105E-01
 -0.1230748E+01  0.4481478E-01
 -0.1169820E+01  0.2695558E-01
 -0.1150479E+01  0.2229506E-01
 -0.1131374E+01  0.1815386E-01
 -0.1112191E+01  0.1459190E-01
 -0.1092746E+01  0.1164761E-01
 -0.1073888E+01  0.9114970E-02
 -0.1601556E+01 -0.3420010E-01
 -0.1565174E+01 -0.3108205E-01
 -0.1465644E+01 -0.2151686E-01
 -0.1568208E+01 -0.3101418E-01
 -0.1298724E+01 -0.7333355E-02
 -0.1462082E+01 -0.2137159E-01
 -0.1295346E+01 -0.7338056E-02
 -0.1071869E+01  0.8890188E-02
 -0.8011708E+00  0.2448408E-01
 -0.4951493E+00  0.3679264E-01
 -0.1672856E+00  0.4373704E-01
  0.1679736E+00  0.4417418E-01
  0.4958535E+00  0.3808654E-01
  0.8019501E+00  0.2658314E-01
  0.1072854E+01  0.1170672E-01
  0.1296746E+01 -0.3923908E-02
  0.1463926E+01 -0.1756781E-01
  0.1567194E+01 -0.2683743E-01
  0.1602090E+01 -0.3011277E-01
  0.1567158E+01 -0.2682232E-01
  0.1463860E+01 -0.1753844E-01
  0.1296636E+01 -0.3881843E-02
  0.1072718E+01  0.1176122E-01
  0.1150505E+01  0.2535263E-01
  0.1170803E+01  0.3001305E-01
  0.1110266E+01  0.1767698E-01
  0.1130290E+01  0.2126171E-01
  0.1090792E+01  0.1453196E-01
  0.1191223E+01  0.3530671E-01
  0.1211881E+01  0.4126209E-01
  0.1232982E+01  0.4789330E-01
  0.1254819E+01  0.5505002E-01
  0.1277858E+01  0.6229570E-01
  0.1302906E+01  0.6868935E-01
  0.1331376E+01  0.7255276E-01
  0.1367118E+01  0.6974777E-01
  0.2041039E+01  0.1483228E-01
  0.1996606E+01  0.1914905E-01
  0.1865092E+01  0.3129395E-01
  0.1996574E+01  0.1912728E-01
  0.1652211E+01  0.4921710E-01
  0.1865184E+01  0.3129463E-01
  0.1652386E+01  0.4917965E-01
  0.1367376E+01  0.6969272E-01
  0.1022515E+01  0.8920678E-01
  0.6328474E+00  0.1043212E+00
  0.2154291E+00  0.1122997E+00
 -0.2113882E+00  0.1117438E+00
 -0.6288263E+00  0.1026724E+00
 -0.1018544E+01  0.8657295E-01
 -0.1363475E+01  0.6618159E-01
 -0.1648586E+01  0.4497214E-01
 -0.1861535E+01  0.2653453E-01
 -0.1993133E+01  0.1403085E-01
 -0.2037704E+01  0.9636347E-02
 -0.1993322E+01  0.1410302E-01
 -0.1861888E+01  0.2666288E-01
 -0.1649037E+01  0.4517505E-01
 -0.1363935E+01  0.6650800E-01
 -0.1299572E+01  0.6555431E-01
 -0.1274890E+01  0.5913567E-01
 -0.1189664E+01  0.3229856E-01
 -0.1328043E+01  0.6924009E-01
 -0.1252222E+01  0.5192757E-01
 -0.1413441E+01  0.9496373E-02
 -0.1389831E+01  0.5006318E-02
 -0.1321154E+01 -0.5122453E-02
 -0.1486348E+01 -0.1904550E-01
 -0.1316800E+01 -0.4809418E-02
 -0.1591397E+01 -0.2858699E-01
 -0.1628402E+01 -0.3234118E-01
 -0.1490177E+01 -0.1962801E-01
 -0.1594338E+01 -0.2912708E-01
  0.1490156E+01  0.2993643E-01
 -0.8144936E+00  0.2752186E-01
 -0.5033370E+00  0.4001894E-01
 -0.1699898E+00  0.4708214E-01
  0.1708842E+00  0.4752477E-01
  0.5042555E+00  0.4132647E-01
  0.8154799E+00  0.2961596E-01
  0.1090913E+01  0.1447130E-01
  0.1318564E+01 -0.1440783E-02
  0.1488535E+01 -0.1532926E-01
  0.1593533E+01 -0.2476461E-01
  0.1629030E+01 -0.2809817E-01
  0.1593509E+01 -0.2474736E-01
  0.1488489E+01 -0.1529573E-01
  0.1318465E+01 -0.1392116E-02
  0.1439744E+01  0.1799792E-01
  0.1464682E+01  0.2364289E-01
  0.1415084E+01  0.1299495E-01
  0.1390575E+01  0.8610609E-02
  0.1341995E+01  0.1476579E-02
  0.1366174E+01  0.4790633E-02
  0.1331601E+01  0.7250442E-01
  0.1516508E+01  0.3672564E-01
  0.1544307E+01  0.4354493E-01
  0.1574544E+01  0.4946251E-01
  0.1608994E+01  0.5271999E-01
  0.1816383E+01  0.3538553E-01
  0.1609123E+01  0.5271953E-01
  0.1944322E+01  0.2369890E-01
  0.1987614E+01  0.1951892E-01
  0.1816261E+01  0.3544711E-01
  0.1944312E+01  0.2368665E-01
  0.9958106E+00  0.9133343E-01
  0.6163811E+00  0.1058855E+00
  0.2099339E+00  0.1135869E+00
 -0.2056805E+00  0.1130467E+00
 -0.6121539E+00  0.1042662E+00
 -0.9916083E+00  0.8876247E-01
 -0.1327504E+01  0.6904924E-01
 -0.1605136E+01  0.4856982E-01
 -0.1812465E+01  0.3080062E-01
 -0.1940549E+01  0.1878752E-01
 -0.1983971E+01  0.1451220E-01
 -0.1940775E+01  0.1879949E-01
 -0.1812797E+01  0.3091192E-01
 -0.1605546E+01  0.4876402E-01
 -0.1513834E+01  0.3293062E-01
 -0.1437617E+01  0.1445213E-01
 -0.1541296E+01  0.3968712E-01
 -0.1089685E+01  0.1167756E-01
 -0.1571244E+01  0.4555879E-01
 -0.1487731E+01  0.2624225E-01
 -0.1343999E+01 -0.2425520E-02
 -0.1366758E+01  0.1092597E-02
 -0.1462401E+01  0.2002477E-01
 -0.1594955E+01 -0.5662559E-02
 -0.1567886E+01 -0.9950254E-02
 -0.1621673E+01 -0.2676599E-01
 -0.1513597E+01 -0.1645909E-01
 -0.1340808E+01 -0.1855570E-02
 -0.1515736E+01 -0.1679023E-01
 -0.1620553E+01 -0.2632074E-01
 -0.1657230E+01 -0.3000232E-01
  0.1743267E+01  0.2718384E-01
 -0.8290161E+00  0.3090202E-01
  0.1597470E+01 -0.1860074E-02
 -0.1729176E+00  0.5078720E-01
 -0.5122209E+00  0.4361037E-01
  0.5133045E+00  0.4492608E-01
  0.8300486E+00  0.3301394E-01
  0.1110368E+01  0.1760913E-01
  0.1342048E+01  0.1424114E-02
  0.1515038E+01 -0.1270088E-01
  0.1621897E+01 -0.2229689E-01
  0.1658036E+01 -0.2568747E-01
  0.1621897E+01 -0.2228001E-01
  0.1515025E+01 -0.1266603E-01
  0.1542297E+01 -0.9587857E-02
  0.1303077E+01  0.6858887E-01
  0.1653415E+01  0.8267946E-02
  0.1625280E+01  0.2888005E-02
  0.1569822E+01 -0.6003579E-02
  0.6031450E+00  0.1010347E+00
  0.1777381E+01  0.3268556E-01
  0.1902704E+01  0.2123301E-01
  0.1711886E+01  0.2073570E-01
  0.1902677E+01  0.2127548E-01
  0.2053935E+00  0.1085197E+00
  0.1574660E+01  0.4938309E-01
  0.1777450E+01  0.3262076E-01
  0.1945062E+01  0.1721225E-01
  0.9744664E+00  0.8688996E-01
 -0.2013198E+00  0.1079808E+00
 -0.5991033E+00  0.9946012E-01
 -0.9704768E+00  0.8436663E-01
 -0.1299161E+01  0.6526316E-01
 -0.1570852E+01  0.4537068E-01
 -0.1773754E+01  0.2810029E-01
 -0.1899150E+01  0.1638596E-01
 -0.1941610E+01  0.1225813E-01
 -0.1899325E+01  0.1642730E-01
 -0.1774075E+01  0.2819865E-01
 -0.1679529E+01  0.1007660E-01
 -0.1622683E+01 -0.1061878E-02
 -0.1109324E+01  0.1481423E-01
 -0.1740198E+01  0.2280329E-01
 -0.1541613E+01 -0.1370817E-01
 -0.1650836E+01  0.4200087E-02
 -0.1709091E+01  0.1644473E-01
  0.1740142E+00  0.5123165E-01
  0.1682157E+01  0.1426529E-01
 -0.1678628E+01 -0.2002252E-01
 -0.1686953E+01 -0.2712866E-01
 -0.1365792E+01  0.1189609E-02
  0.1710087E+01 -0.1195769E-01
  0.1772342E+00  0.5536869E-01
 -0.8440542E+00  0.3467735E-01
  0.1866137E+01  0.1606929E-01
  0.1130357E+01  0.2118877E-01
  0.1680515E+01 -0.1593710E-01
  0.1800711E+01  0.3624644E-02
 -0.5214068E+00  0.4761842E-01
  0.8450198E+00  0.3684796E-01
  0.1542269E+01 -0.9620829E-02
  0.1651044E+01 -0.1937663E-01
  0.1687847E+01 -0.2282327E-01
  0.1651076E+01 -0.1936047E-01
 -0.1975948E+00  0.1005959E+00
  0.1769948E+01 -0.2181425E-02
  0.1743225E+01  0.2716495E-01
  0.1277944E+01  0.6222295E-01
  0.1739840E+01 -0.7375117E-02
 -0.9520230E+00  0.7757691E-01
  0.2013221E+00  0.1011106E+00
  0.9556428E+00  0.8003844E-01
 -0.5877562E+00  0.9229288E-01
  0.1866100E+01  0.1606337E-01
  0.1544314E+01  0.4350478E-01
  0.1832546E+01  0.9869269E-02
  0.1366173E+01  0.4736510E-02
  0.5225998E+00  0.4895696E-01
 -0.1274423E+01  0.5892889E-01
 -0.1540923E+01  0.3952559E-01
 -0.1739964E+01  0.2267679E-01
 -0.1862945E+01  0.1127255E-01
 -0.1904563E+01  0.7266731E-02
 -0.1863041E+01  0.1134340E-01
 -0.1829730E+01  0.5245986E-02
 -0.1737491E+01 -0.1171167E-01
 -0.1767503E+01 -0.6611977E-02
 -0.1707904E+01 -0.1620015E-01
 -0.1759413E+00  0.5491595E-01
  0.5914495E+00  0.9381513E-01
 -0.1649733E+01 -0.2363936E-01
 -0.1541793E+01 -0.1365309E-01
 -0.1798112E+01 -0.9009121E-03
  0.1907668E+01  0.1213672E-01
 -0.1129743E+01  0.1829363E-01
  0.1804892E+00  0.6001151E-01
 -0.1513586E+01  0.3276091E-01
 -0.1251840E+01  0.5173481E-01
 -0.1709101E+01  0.1627821E-01
  0.1150522E+01  0.2527491E-01
 -0.1942318E+00  0.9249370E-01
  0.1840753E+01 -0.1438588E-03
 -0.5306392E+00  0.5212411E-01
  0.8601260E+00  0.4119014E-01
 -0.1716929E+01 -0.2384843E-01
  0.1569741E+01 -0.6036681E-02
  0.1680457E+01 -0.1595077E-01
  0.1254840E+01  0.5498607E-01
  0.1809307E+01 -0.5879674E-02
 -0.9351717E+00  0.6997288E-01
  0.9383216E+00  0.7240211E-01
  0.1711778E+01  0.2071477E-01
 -0.5774129E+00  0.8436923E-01
  0.1778533E+01 -0.1100736E-01
  0.5806702E+00  0.8586818E-01
  0.1832468E+01  0.9859744E-02
 -0.1680287E+01 -0.2037534E-01
  0.1717925E+01 -0.1945680E-01
  0.1975365E+00  0.9299879E-01
  0.1516430E+01  0.3668857E-01
  0.1873316E+01  0.6014474E-02
 -0.1829836E+01  0.5138670E-02
 -0.1870576E+01  0.1254242E-02
 -0.1789729E+00  0.5954698E-01
 -0.1807313E+01 -0.1048954E-01
 -0.1746925E+01 -0.2003537E-01
 -0.1776920E+01 -0.1563128E-01
 -0.1390467E+01  0.4818059E-02
  0.1748127E+01 -0.1553623E-01
 -0.1150086E+01  0.2222652E-01
 -0.8591348E+00  0.3894340E-01
  0.1390520E+01  0.8556215E-02
 -0.1838402E+01 -0.4842583E-02
 -0.1569754E+01 -0.1016210E-01
  0.5319927E+00  0.5349685E-01
 -0.1798567E+01 -0.1030928E-02
  0.9219071E+00  0.6489062E-01
 -0.1597220E+01 -0.6200551E-02
  0.1170776E+01  0.2993648E-01
  0.1769834E+01 -0.2187483E-02
  0.1414977E+01  0.1294371E-01
 -0.8741162E+00  0.4381110E-01
 -0.1170143E+01  0.2680305E-01
  0.1597342E+01 -0.1888579E-02
  0.1710003E+01 -0.1196943E-01
  0.1232952E+01  0.4782770E-01
 -0.1487890E+01  0.2599394E-01
  0.5704408E+00  0.7808367E-01
 -0.9193014E+00  0.6248895E-01
 -0.1820042E+00  0.6477384E-01
  0.1681998E+01  0.1425546E-01
 -0.5676727E+00  0.7660704E-01
  0.1490022E+01  0.2990163E-01
  0.1800600E+01  0.3620055E-02
  0.5414302E+00  0.5862435E-01
 -0.1709616E+01 -0.1651051E-01
  0.1939378E+00  0.8506574E-01
 -0.1414807E+01  0.9174397E-02
 -0.1230588E+01  0.4460509E-01
  0.8753019E+00  0.4611297E-01
  0.1837662E+00  0.6524409E-01
  0.1739738E+01 -0.7385103E-02
 -0.1910772E+00  0.8456697E-01
 -0.1738949E+01 -0.1194304E-01
 -0.5398373E+00  0.5720785E-01
 -0.1680038E+01  0.9866819E-02
 -0.1768445E+01 -0.6847898E-02
  0.9060699E+00  0.5793509E-01
 -0.1210143E+01  0.3799581E-01
 -0.1652012E+01  0.3891343E-02
  0.5509346E+00  0.6440648E-01
  0.1439602E+01  0.1795349E-01
 -0.8890376E+00  0.4933282E-01
 -0.1650556E+01 -0.2355399E-01
 -0.1463166E+01  0.1973105E-01
  0.5605739E+00  0.7088251E-01
 -0.9040350E+00  0.5555924E-01
  0.1625124E+01  0.2865301E-02
 -0.1624516E+01 -0.1437584E-02
 -0.5490468E+00  0.6297234E-01
 -0.5582814E+00  0.6942243E-01
  0.1653243E+01  0.8247573E-02
  0.1191171E+01  0.3523478E-01
  0.1904539E+00  0.7773427E-01
 -0.1850301E+00  0.7065330E-01
  0.1211826E+01  0.4119201E-01
  0.1464531E+01  0.2360241E-01
 -0.1880401E+00  0.7724058E-01
  0.1870748E+00  0.7114333E-01
  0.8905876E+00  0.5168416E-01
 -0.1438946E+01  0.1408768E-01
 -0.1190088E+01  0.3206684E-01
 -0.1276578E-01  0.1364382E+01
  0.3887903E+00  0.1442850E+01
 -0.4111364E+00  0.1288270E+01
 -0.3043735E+00  0.1351783E+01
 -0.4581392E+00  0.1371485E+01
 -0.5521045E+00  0.1361720E+01
 -0.6431227E+00  0.1348733E+01
 -0.7310711E+00  0.1334556E+01
 -0.8155224E+00  0.1319301E+01
 -0.8960966E+00  0.1303228E+01
 -0.9724202E+00  0.1286629E+01
 -0.1044190E+01  0.1269778E+01
 -0.1111112E+01  0.1252971E+01
 -0.1172899E+01  0.1236524E+01
 -0.1229331E+01  0.1220721E+01
 -0.1280215E+01  0.1205809E+01
 -0.1325335E+01  0.1192078E+01
 -0.1364548E+01  0.1179772E+01
 -0.1397693E+01  0.1169075E+01
 -0.1424640E+01  0.1160188E+01
 -0.1445351E+01  0.1153207E+01
 -0.1459509E+01  0.1148252E+01
 -0.1462989E+01  0.1142481E+01
 -0.1426465E+01  0.1117307E+01
  0.2809813E+00  0.1359468E+01
 -0.1385066E+01  0.1131578E+01
  0.6634990E+00  0.1413685E+01
 -0.1288516E+01  0.1162719E+01
  0.5644401E+00  0.1335221E+01
 -0.1140264E+01  0.1206122E+01
  0.9118018E+00  0.1371695E+01
 -0.9453225E+00  0.1254984E+01
  0.8254908E+00  0.1296286E+01
 -0.7105618E+00  0.1301805E+01
  0.1124492E+01  0.1324279E+01
 -0.4449415E+00  0.1339185E+01
  0.1054025E+01  0.1249335E+01
 -0.1591631E+00  0.1361333E+01
  0.1293738E+01  0.1278450E+01
  0.1349002E+00  0.1364944E+01
  0.1241531E+01  0.1201630E+01
  0.4248209E+00  0.1349486E+01
  0.1413668E+01  0.1241157E+01
  0.6984037E+00  0.1317325E+01
  0.1381420E+01  0.1160329E+01
  0.9444899E+00  0.1273630E+01
  0.1480441E+01  0.1218193E+01
  0.1153547E+01  0.1225246E+01
  0.1469096E+01  0.1131789E+01
  0.1317957E+01  0.1179762E+01
  0.1492003E+01  0.1213303E+01
  0.1432151E+01  0.1144177E+01
  0.1501737E+01  0.1120712E+01
  0.1492489E+01  0.1123991E+01
  0.1448092E+01  0.1227134E+01
  0.1497166E+01  0.1122310E+01
  0.1478410E+01  0.1128741E+01
  0.1445981E+01  0.1139572E+01
  0.1350027E+01  0.1257526E+01
  0.1340504E+01  0.1172962E+01
  0.1399833E+01  0.1154534E+01
  0.1184117E+01  0.1217189E+01
  0.1200929E+01  0.1299766E+01
  0.9820718E+00  0.1265499E+01
  0.1268398E+01  0.1194128E+01
  0.7416579E+00  0.1310573E+01
  0.1005738E+01  0.1347351E+01
  0.4718811E+00  0.1345293E+01
  0.1088396E+01  0.1241392E+01
  0.1835950E+00  0.1363398E+01
  0.8553603E-01  0.1365104E+01
 -0.1409755E+01  0.1205201E+01
  0.7713804E+00  0.1392864E+01
 -0.1358651E+01  0.1087298E+01
  0.8660645E+00  0.1289046E+01
 -0.1242134E+01  0.1123206E+01
  0.5067559E+00  0.1429197E+01
 -0.1075561E+01  0.1169377E+01
  0.6096836E+00  0.1329588E+01
 -0.8646225E+00  0.1218651E+01
  0.2224662E+00  0.1450577E+01
 -0.6169524E+00  0.1263404E+01
  0.3293670E+00  0.1356663E+01
 -0.3422035E+00  0.1296539E+01
 -0.6961298E-01  0.1453555E+01
 -0.5154075E-01  0.1313017E+01
  0.3669893E-01  0.1365879E+01
  0.2428632E+00  0.1310397E+01
 -0.3571306E+00  0.1437749E+01
  0.5285622E+00  0.1289024E+01
 -0.2559483E+00  0.1355844E+01
  0.7936078E+00  0.1252305E+01
 -0.6280346E+00  0.1405522E+01
  0.1027333E+01  0.1206080E+01
 -0.5362579E+00  0.1328147E+01
  0.1220843E+01  0.1157601E+01
 -0.8712540E+00  0.1361801E+01
  0.1367276E+01  0.1114389E+01
 -0.7926661E+00  0.1286892E+01
  0.1461776E+01  0.1083103E+01
 -0.1077314E+01  0.1313390E+01
  0.1501418E+01  0.1068601E+01
 -0.1015042E+01  0.1238515E+01
  0.1485019E+01  0.1073160E+01
 -0.1238733E+01  0.1267894E+01
  0.1413050E+01  0.1096187E+01
 -0.1195074E+01  0.1190655E+01
  0.1287877E+01  0.1133900E+01
 -0.1350001E+01  0.1232419E+01
  0.1113510E+01  0.1180424E+01
 -0.1326528E+01  0.1150700E+01
  0.8959539E+00  0.1228640E+01
 -0.1407294E+01  0.1212216E+01
  0.6431872E+00  0.1271205E+01
 -0.1405020E+01  0.1124801E+01
  0.3648194E+00  0.1301342E+01
 -0.2080008E+00  0.1357414E+01
 -0.1421242E+01  0.1067217E+01
 -0.1107365E+00  0.1361799E+01
  0.0000000E+00  0.0000000E+00
  0.0000000E+00  0.0000000E+00
  0.0000000E+00  0.0000000E+00
  0.0000000E+00  0.0000000E+00
  0.0000000E+00  0.0000000E+00
  0.0000000E+00  0.0000000E+00
  0.0000000E+00  0.0000000E+00
  0.0000000E+00  0.0000000E+00
  0.0000000E+00  0.0000000E+00
  0.0000000E+00  0.0000000E+00
  0.0000000E+00  0.0000000E+00
  0.0000000E+00  0.0000000E+00
  0.0000000E+00  0.0000000E+00
  0.0000000E+00  0.0000000E+00
  0.0000000E+00  0.0000000E+00
  0.0000000E+00  0.0000000E+00
  0.0000000E+00  0.0000000E+00
  0.0000000E+00  0.0000000E+00
  0.0000000E+00  0.0000000E+00
  0.0000000E+00  0.0000000E+00
  0.0000000E+00  0.0000000E+00
  0.0000000E+00  0.0000000E+00
  0.0000000E+00  0.0000000E+00
  0.0000000E+00  0.0000000E+00
  0.0000000E+00  0.0000000E+00
  0.0000000E+00  0.0000000E+00
  0.0000000E+00  0.0000000E+00
  0.0000000E+00  0.0000000E+00
  0.0000000E+00  0.0000000E+00
  0.0000000E+00  0.0000000E+00
  0.0000000E+00  0.0000000E+00
  0.0000000E+00  0.0000000E+00
  0.0000000E+00  0.0000000E+00
  0.0000000E+00  0.0000000E+00
  0.0000000E+00  0.0000000E+00
  0.0000000E+00  0.0000000E+00
  0.0000000E+00  0.0000000E+00
  0.0000000E+00  0.0000000E+00
  0.0000000E+00  0.0000000E+00
  0.0000000E+00  0.0000000E+00
  0.0000000E+00  0.0000000E+00
  0.0000000E+00  0.0000000E+00
  0.0000000E+00  0.0000000E+00
  0.0000000E+00  0.0000000E+00
  0.0000000E+00  0.0000000E+00
  0.0000000E+00  0.0000000E+00
  0.0000000E+00  0.0000000E+00
  0.0000000E+00  0.0000000E+00
  0.0000000E+00  0.0000000E+00
  0.0000000E+00  0.0000000E+00
  0.0000000E+00  0.0000000E+00
  0.0000000E+00  0.0000000E+00
  0.0000000E+00  0.0000000E+00
  0.0000000E+00  0.0000000E+00
  0.0000000E+00  0.0000000E+00
  0.0000000E+00  0.0000000E+00
  0.0000000E+00  0.0000000E+00
  0.0000000E+00  0.0000000E+00
  0.0000000E+00  0.0000000E+00
  0.0000000E+00  0.0000000E+00
  0.0000000E+00  0.0000000E+00
  0.0000000E+00  0.0000000E+00
  0.0000000E+00  0.0000000E+00
  0.0000000E+00  0.0000000E+00
  0.0000000E+00  0.0000000E+00
  0.0000000E+00  0.0000000E+00
  0.0000000E+00  0.0000000E+00
  0.0000000E+00  0.0000000E+00
  0.0000000E+00  0.0000000E+00
  0.0000000E+00  0.0000000E+00
  0.0000000E+00  0.0000000E+00
  0.0000000E+00  0.0000000E+00
  0.0000000E+00  0.0000000E+00
  0.0000000E+00  0.0000000E+00
  0.0000000E+00  0.0000000E+00
  0.0000000E+00  0.0000000E+00
  0.0000000E+00  0.0000000E+00
  0.0000000E+00  0.0000000E+00
  0.0000000E+00  0.0000000E+00
  0.0000000E+00  0.0000000E+00
  0.0000000E+00  0.0000000E+00
  0.0000000E+00  0.0000000E+00
  0.0000000E+00  0.0000000E+00
  0.0000000E+00  0.0000000E+00
  0.0000000E+00  0.0000000E+00
  0.0000000E+00  0.0000000E+00
  0.0000000E+00  0.0000000E+00
  0.0000000E+00  0.0000000E+00
  0.0000000E+00  0.0000000E+00
  0.0000000E+00  0.0000000E+00
  0.0000000E+00  0.0000000E+00
  0.0000000E+00  0.0000000E+00
  0.0000000E+00  0.0000000E+00
  0.0000000E+00  0.0000000E+00
  0.0000000E+00  0.0000000E+00
  0.0000000E+00  0.0000000E+00
  0.0000000E+00  0.0000000E+00
  0.0000000E+00  0.0000000E+00
  0.0000000E+00  0.0000000E+00
  0.0000000E+00  0.0000000E+00
  0.0000000E+00  0.0000000E+00
  0.0000000E+00  0.0000000E+00
  0.0000000E+00  0.0000000E+00
  0.0000000E+00  0.0000000E+00
  0.0000000E+00  0.0000000E+00
  0.0000000E+00  0.0000000E+00
  0.0000000E+00  0.0000000E+00
  0.0000000E+00  0.0000000E+00
  0.0000000E+00  0.0000000E+00
  0.0000000E+00  0.0000000E+00
  0.0000000E+00  0.0000000E+00
  0.0000000E+00  0.0000000E+00
  0.0000000E+00  0.0000000E+00
  0.0000000E+00  0.0000000E+00
  0.0000000E+00  0.0000000E+00
  0.0000000E+00  0.0000000E+00
  0.0000000E+00  0.0000000E+00
  0.0000000E+00  0.0000000E+00
  0.0000000E+00  0.0000000E+00
  0.0000000E+00  0.0000000E+00
  0.0000000E+00  0.0000000E+00
  0.0000000E+00  0.0000000E+00
  0.0000000E+00  0.0000000E+00
  0.0000000E+00  0.0000000E+00
  0.0000000E+00  0.0000000E+00
  0.0000000E+00  0.0000000E+00
  0.0000000E+00  0.0000000E+00
  0.0000000E+00  0.0000000E+00
  0.0000000E+00  0.0000000E+00
  0.0000000E+00  0.0000000E+00
  0.0000000E+00  0.0000000E+00
  0.0000000E+00  0.0000000E+00
  0.0000000E+00  0.0000000E+00
  0.0000000E+00  0.0000000E+00
  0.0000000E+00  0.0000000E+00
  0.0000000E+00  0.0000000E+00
  0.0000000E+00  0.0000000E+00
  0.0000000E+00  0.0000000E+00
  0.0000000E+00  0.0000000E+00
  0.0000000E+00  0.0000000E+00
  0.0000000E+00  0.0000000E+00
  0.0000000E+00  0.0000000E+00
  0.0000000E+00  0.0000000E+00
  0.0000000E+00  0.0000000E+00
  0.0000000E+00  0.0000000E+00
  0.0000000E+00  0.0000000E+00
  0.0000000E+00  0.0000000E+00
  0.0000000E+00  0.0000000E+00
  0.0000000E+00  0.0000000E+00
  0.0000000E+00  0.0000000E+00
  0.0000000E+00  0.0000000E+00
  0.0000000E+00  0.0000000E+00
  0.0000000E+00  0.0000000E+00
  0.0000000E+00  0.0000000E+00
  0.0000000E+00  0.0000000E+00
  0.0000000E+00  0.0000000E+00
  0.0000000E+00  0.0000000E+00
  0.0000000E+00  0.0000000E+00
  0.0000000E+00  0.0000000E+00
  0.0000000E+00  0.0000000E+00
  0.0000000E+00  0.0000000E+00
  0.0000000E+00  0.0000000E+00
  0.0000000E+00  0.0000000E+00
  0.0000000E+00  0.0000000E+00
  0.0000000E+00  0.0000000E+00
  0.0000000E+00  0.0000000E+00
  0.0000000E+00  0.0000000E+00
  0.0000000E+00  0.0000000E+00
  0.0000000E+00  0.0000000E+00
  0.0000000E+00  0.0000000E+00
  0.0000000E+00  0.0000000E+00
  0.0000000E+00  0.0000000E+00
  0.0000000E+00  0.0000000E+00
  0.0000000E+00  0.0000000E+00
  0.0000000E+00  0.0000000E+00
  0.0000000E+00  0.0000000E+00
  0.0000000E+00  0.0000000E+00
  0.0000000E+00  0.0000000E+00
  0.0000000E+00  0.0000000E+00
  0.0000000E+00  0.0000000E+00
  0.0000000E+00  0.0000000E+00
  0.0000000E+00  0.0000000E+00
  0.0000000E+00  0.0000000E+00
  0.0000000E+00  0.0000000E+00
  0.0000000E+00  0.0000000E+00
  0.0000000E+00  0.0000000E+00
  0.0000000E+00  0.0000000E+00
  0.0000000E+00  0.0000000E+00
  0.0000000E+00  0.0000000E+00
  0.0000000E+00  0.0000000E+00
  0.0000000E+00  0.0000000E+00
  0.0000000E+00  0.0000000E+00
  0.0000000E+00  0.0000000E+00
  0.0000000E+00  0.0000000E+00
  0.0000000E+00  0.0000000E+00
  0.0000000E+00  0.0000000E+00
  0.0000000E+00  0.0000000E+00
  0.0000000E+00  0.0000000E+00
  0.0000000E+00  0.0000000E+00
  0.0000000E+00  0.0000000E+00
  0.0000000E+00  0.0000000E+00
  0.0000000E+00  0.0000000E+00
  0.0000000E+00  0.0000000E+00
  0.0000000E+00  0.0000000E+00
  0.0000000E+00  0.0000000E+00
  0.0000000E+00  0.0000000E+00
  0.0000000E+00  0.0000000E+00
  0.0000000E+00  0.0000000E+00
  0.0000000E+00  0.0000000E+00
  0.0000000E+00  0.0000000E+00
  0.0000000E+00  0.0000000E+00
  0.0000000E+00  0.0000000E+00
  0.0000000E+00  0.0000000E+00
  0.0000000E+00  0.0000000E+00
  0.0000000E+00  0.0000000E+00
  0.0000000E+00  0.0000000E+00
  0.0000000E+00  0.0000000E+00
  0.0000000E+00  0.0000000E+00
  0.0000000E+00  0.0000000E+00
  0.0000000E+00  0.0000000E+00
  0.0000000E+00  0.0000000E+00
  0.0000000E+00  0.0000000E+00
  0.0000000E+00  0.0000000E+00
  0.0000000E+00  0.0000000E+00
  0.0000000E+00  0.0000000E+00
  0.0000000E+00  0.0000000E+00
  0.0000000E+00  0.0000000E+00
  0.0000000E+00  0.0000000E+00
  0.0000000E+00  0.0000000E+00
  0.0000000E+00  0.0000000E+00
  0.0000000E+00  0.0000000E+00
  0.0000000E+00  0.0000000E+00
  0.0000000E+00  0.0000000E+00
  0.0000000E+00  0.0000000E+00
  0.0000000E+00  0.0000000E+00
  0.0000000E+00  0.0000000E+00
  0.0000000E+00  0.0000000E+00
  0.0000000E+00  0.0000000E+00
  0.0000000E+00  0.0000000E+00
  0.0000000E+00  0.0000000E+00
  0.0000000E+00  0.0000000E+00
  0.0000000E+00  0.0000000E+00
  0.0000000E+00  0.0000000E+00
  0.0000000E+00  0.0000000E+00
  0.0000000E+00  0.0000000E+00
  0.0000000E+00  0.0000000E+00
  0.0000000E+00  0.0000000E+00
  0.0000000E+00  0.0000000E+00
  0.0000000E+00  0.0000000E+00
  0.0000000E+00  0.0000000E+00
  0.0000000E+00  0.0000000E+00
  0.0000000E+00  0.0000000E+00
  0.0000000E+00  0.0000000E+00
  0.0000000E+00  0.0000000E+00
  0.0000000E+00  0.0000000E+00
  0.0000000E+00  0.0000000E+00
  0.0000000E+00  0.0000000E+00
  0.0000000E+00  0.0000000E+00
  0.0000000E+00  0.0000000E+00
  0.0000000E+00  0.0000000E+00
  0.0000000E+00  0.0000000E+00
  0.0000000E+00  0.0000000E+00
  0.0000000E+00  0.0000000E+00
  0.0000000E+00  0.0000000E+00
  0.0000000E+00  0.0000000E+00
  0.0000000E+00  0.0000000E+00
  0.0000000E+00  0.0000000E+00
  0.0000000E+00  0.0000000E+00
  0.0000000E+00  0.0000000E+00
  0.0000000E+00  0.0000000E+00
  0.0000000E+00  0.0000000E+00
  0.0000000E+00  0.0000000E+00
  0.0000000E+00  0.0000000E+00
  0.0000000E+00  0.0000000E+00
  0.0000000E+00  0.0000000E+00
  0.0000000E+00  0.0000000E+00
  0.0000000E+00  0.0000000E+00
  0.0000000E+00  0.0000000E+00
  0.0000000E+00  0.0000000E+00
  0.0000000E+00  0.0000000E+00
  0.0000000E+00  0.0000000E+00
  0.0000000E+00  0.0000000E+00
  0.0000000E+00  0.0000000E+00
  0.0000000E+00  0.0000000E+00
  0.0000000E+00  0.0000000E+00
  0.0000000E+00  0.0000000E+00
  0.0000000E+00  0.0000000E+00
  0.0000000E+00  0.0000000E+00
  0.0000000E+00  0.0000000E+00
  0.0000000E+00  0.0000000E+00
  0.0000000E+00  0.0000000E+00
  0.0000000E+00  0.0000000E+00
  0.0000000E+00  0.0000000E+00
  0.0000000E+00  0.0000000E+00
  0.0000000E+00  0.0000000E+00
  0.0000000E+00  0.0000000E+00
  0.0000000E+00  0.0000000E+00
  0.0000000E+00  0.0000000E+00
  0.0000000E+00  0.0000000E+00
  0.0000000E+00  0.0000000E+00
  0.0000000E+00  0.0000000E+00
  0.0000000E+00  0.0000000E+00
  0.0000000E+00  0.0000000E+00
  0.0000000E+00  0.0000000E+00
  0.0000000E+00  0.0000000E+00
  0.0000000E+00  0.0000000E+00
  0.0000000E+00  0.0000000E+00
  0.0000000E+00  0.0000000E+00
  0.0000000E+00  0.0000000E+00
  0.0000000E+00  0.0000000E+00
  0.0000000E+00  0.0000000E+00
  0.0000000E+00  0.0000000E+00
  0.0000000E+00  0.0000000E+00
  0.0000000E+00  0.0000000E+00
  0.0000000E+00  0.0000000E+00
  0.0000000E+00  0.0000000E+00
  0.0000000E+00  0.0000000E+00
  0.0000000E+00  0.0000000E+00
  0.0000000E+00  0.0000000E+00
  0.0000000E+00  0.0000000E+00
  0.0000000E+00  0.0000000E+00
  0.0000000E+00  0.0000000E+00
  0.0000000E+00  0.0000000E+00
  0.0000000E+00  0.0000000E+00
  0.0000000E+00  0.0000000E+00
  0.0000000E+00  0.0000000E+00
  0.0000000E+00  0.0000000E+00
  0.0000000E+00  0.0000000E+00
  0.0000000E+00  0.0000000E+00
  0.0000000E+00  0.0000000E+00
  0.0000000E+00  0.0000000E+00
  0.0000000E+00  0.0000000E+00
  0.0000000E+00  0.0000000E+00
  0.0000000E+00  0.0000000E+00
  0.0000000E+00  0.0000000E+00
  0.0000000E+00  0.0000000E+00
  0.0000000E+00  0.0000000E+00
  0.0000000E+00  0.0000000E+00
  0.0000000E+00  0.0000000E+00
  0.0000000E+00  0.0000000E+00
  0.0000000E+00  0.0000000E+00
  0.0000000E+00  0.0000000E+00
  0.0000000E+00  0.0000000E+00
  0.0000000E+00  0.0000000E+00
  0.0000000E+00  0.0000000E+00
  0.0000000E+00  0.0000000E+00
  0.0000000E+00  0.0000000E+00
  0.0000000E+00  0.0000000E+00
  0.0000000E+00  0.0000000E+00
  0.0000000E+00  0.0000000E+00
  0.0000000E+00  0.0000000E+00
  0.0000000E+00  0.0000000E+00
  0.0000000E+00  0.0000000E+00
  0.0000000E+00  0.0000000E+00
  0.0000000E+00  0.0000000E+00
  0.0000000E+00  0.0000000E+00
  0.0000000E+00  0.0000000E+00
  0.0000000E+00  0.0000000E+00
  0.0000000E+00  0.0000000E+00
  0.0000000E+00  0.0000000E+00
  0.0000000E+00  0.0000000E+00
  0.0000000E+00  0.0000000E+00
  0.0000000E+00  0.0000000E+00
  0.0000000E+00  0.0000000E+00
  0.0000000E+00  0.0000000E+00
  0.0000000E+00  0.0000000E+00
  0.0000000E+00  0.0000000E+00
  0.0000000E+00  0.0000000E+00
  0.0000000E+00  0.0000000E+00
  0.0000000E+00  0.0000000E+00
  0.0000000E+00  0.0000000E+00
  0.0000000E+00  0.0000000E+00
  0.0000000E+00  0.0000000E+00
  0.0000000E+00  0.0000000E+00
  0.0000000E+00  0.0000000E+00
  0.0000000E+00  0.0000000E+00
  0.0000000E+00  0.0000000E+00
  0.0000000E+00  0.0000000E+00
  0.0000000E+00  0.0000000E+00
  0.0000000E+00  0.0000000E+00
  0.0000000E+00  0.0000000E+00
  0.0000000E+00  0.0000000E+00
  0.0000000E+00  0.0000000E+00
  0.0000000E+00  0.0000000E+00
  0.0000000E+00  0.0000000E+00
  0.0000000E+00  0.0000000E+00
  0.0000000E+00  0.0000000E+00
  0.0000000E+00  0.0000000E+00
  0.0000000E+00  0.0000000E+00
  0.0000000E+00  0.0000000E+00
  0.0000000E+00  0.0000000E+00
  0.0000000E+00  0.0000000E+00
  0.0000000E+00  0.0000000E+00
  0.0000000E+00  0.0000000E+00
  0.0000000E+00  0.0000000E+00
  0.0000000E+00  0.0000000E+00
  0.0000000E+00  0.0000000E+00
  0.0000000E+00  0.0000000E+00
  0.0000000E+00  0.0000000E+00
  0.0000000E+00  0.0000000E+00
  0.0000000E+00  0.0000000E+00
  0.0000000E+00  0.0000000E+00
  0.0000000E+00  0.0000000E+00
  0.0000000E+00  0.0000000E+00
  0.0000000E+00  0.0000000E+00
  0.0000000E+00  0.0000000E+00
  0.0000000E+00  0.0000000E+00
  0.0000000E+00  0.0000000E+00
  0.0000000E+00  0.0000000E+00
  0.0000000E+00  0.0000000E+00
  0.0000000E+00  0.0000000E+00
  0.0000000E+00  0.0000000E+00
  0.0000000E+00  0.0000000E+00
  0.0000000E+00  0.0000000E+00
  0.0000000E+00  0.0000000E+00
  0.0000000E+00  0.0000000E+00
  0.0000000E+00  0.0000000E+00
  0.0000000E+00  0.0000000E+00
  0.0000000E+00  0.0000000E+00
  0.0000000E+00  0.0000000E+00
  0.0000000E+00  0.0000000E+00
  0.0000000E+00  0.0000000E+00
  0.0000000E+00  0.0000000E+00
  0.0000000E+00  0.0000000E+00
  0.0000000E+00  0.0000000E+00
  0.0000000E+00  0.0000000E+00
  0.0000000E+00  0.0000000E+00
  0.0000000E+00  0.0000000E+00
  0.0000000E+00  0.0000000E+00
  0.0000000E+00  0.0000000E+00
  0.0000000E+00  0.0000000E+00
  0.0000000E+00  0.0000000E+00
  0.0000000E+00  0.0000000E+00
  0.0000000E+00  0.0000000E+00
  0.0000000E+00  0.0000000E+00
  0.0000000E+00  0.0000000E+00
  0.0000000E+00  0.0000000E+00
  0.0000000E+00  0.0000000E+00
  0.0000000E+00  0.0000000E+00
  0.0000000E+00  0.0000000E+00
  0.0000000E+00  0.0000000E+00
  0.0000000E+00  0.0000000E+00
  0.0000000E+00  0.0000000E+00
  0.0000000E+00  0.0000000E+00
  0.0000000E+00  0.0000000E+00
  0.0000000E+00  0.0000000E+00
  0.0000000E+00  0.0000000E+00
  0.0000000E+00  0.0000000E+00
  0.0000000E+00  0.0000000E+00
  0.0000000E+00  0.0000000E+00
  0.0000000E+00  0.0000000E+00
  0.0000000E+00  0.0000000E+00
  0.0000000E+00  0.0000000E+00
  0.0000000E+00  0.0000000E+00
  0.0000000E+00  0.0000000E+00
  0.0000000E+00  0.0000000E+00
  0.0000000E+00  0.0000000E+00
  0.0000000E+00  0.0000000E+00
  0.0000000E+00  0.0000000E+00
  0.0000000E+00  0.0000000E+00
  0.0000000E+00  0.0000000E+00
  0.0000000E+00  0.0000000E+00
  0.0000000E+00  0.0000000E+00
  0.0000000E+00  0.0000000E+00
  0.0000000E+00  0.0000000E+00
  0.0000000E+00  0.0000000E+00
  0.0000000E+00  0.0000000E+00
  0.0000000E+00  0.0000000E+00
  0.0000000E+00  0.0000000E+00
  0.0000000E+00  0.0000000E+00
  0.0000000E+00  0.0000000E+00
  0.0000000E+00  0.0000000E+00
  0.0000000E+00  0.0000000E+00
  0.0000000E+00  0.0000000E+00
  0.0000000E+00  0.0000000E+00
  0.0000000E+00  0.0000000E+00
  0.0000000E+00  0.0000000E+00
  0.0000000E+00  0.0000000E+00
  0.0000000E+00  0.0000000E+00
  0.0000000E+00  0.0000000E+00
  0.0000000E+00  0.0000000E+00
  0.0000000E+00  0.0000000E+00
  0.0000000E+00  0.0000000E+00
  0.0000000E+00  0.0000000E+00
  0.0000000E+00  0.0000000E+00
  0.0000000E+00  0.0000000E+00
  0.0000000E+00  0.0000000E+00
  0.0000000E+00  0.0000000E+00
  0.0000000E+00  0.0000000E+00
  0.0000000E+00  0.0000000E+00
  0.0000000E+00  0.0000000E+00
  0.0000000E+00  0.0000000E+00
  0.0000000E+00  0.0000000E+00
  0.0000000E+00  0.0000000E+00
  0.0000000E+00  0.0000000E+00
  0.0000000E+00  0.0000000E+00
  0.0000000E+00  0.0000000E+00
  0.0000000E+00  0.0000000E+00
  0.0000000E+00  0.0000000E+00
  0.0000000E+00  0.0000000E+00
  0.0000000E+00  0.0000000E+00
  0.0000000E+00  0.0000000E+00
  0.0000000E+00  0.0000000E+00
  0.0000000E+00  0.0000000E+00
  0.0000000E+00  0.0000000E+00
  0.0000000E+00  0.0000000E+00
  0.0000000E+00  0.0000000E+00
  0.0000000E+00  0.0000000E+00
  0.0000000E+00  0.0000000E+00
  0.0000000E+00  0.0000000E+00
  0.0000000E+00  0.0000000E+00
  0.0000000E+00  0.0000000E+00
  0.0000000E+00  0.0000000E+00
  0.0000000E+00  0.0000000E+00
  0.0000000E+00  0.0000000E+00
  0.0000000E+00  0.0000000E+00
  0.0000000E+00  0.0000000E+00
  0.0000000E+00  0.0000000E+00
  0.0000000E+00  0.0000000E+00
  0.0000000E+00  0.0000000E+00
  0.0000000E+00  0.0000000E+00
  0.0000000E+00  0.0000000E+00
  0.0000000E+00  0.0000000E+00
  0.0000000E+00  0.0000000E+00
  0.0000000E+00  0.0000000E+00
  0.0000000E+00  0.0000000E+00
  0.0000000E+00  0.0000000E+00
  0.0000000E+00  0.0000000E+00
  0.0000000E+00  0.0000000E+00
  0.0000000E+00  0.0000000E+00
  0.0000000E+00  0.0000000E+00
  0.0000000E+00  0.0000000E+00
  0.0000000E+00  0.0000000E+00
  0.0000000E+00  0.0000000E+00
  0.0000000E+00  0.0000000E+00
  0.0000000E+00  0.0000000E+00
  0.0000000E+00  0.0000000E+00
  0.0000000E+00  0.0000000E+00
  0.0000000E+00  0.0000000E+00
  0.0000000E+00  0.0000000E+00
  0.0000000E+00  0.0000000E+00
  0.0000000E+00  0.0000000E+00
  0.0000000E+00  0.0000000E+00
  0.0000000E+00  0.0000000E+00
  0.0000000E+00  0.0000000E+00
  0.0000000E+00  0.0000000E+00
  0.0000000E+00  0.0000000E+00
  0.0000000E+00  0.0000000E+00
  0.0000000E+00  0.0000000E+00
  0.0000000E+00  0.0000000E+00
  0.0000000E+00  0.0000000E+00
  0.0000000E+00  0.0000000E+00
  0.0000000E+00  0.0000000E+00
  0.0000000E+00  0.0000000E+00
  0.0000000E+00  0.0000000E+00
  0.0000000E+00  0.0000000E+00
  0.0000000E+00  0.0000000E+00
  0.0000000E+00  0.0000000E+00
  0.0000000E+00  0.0000000E+00
  0.0000000E+00  0.0000000E+00
  0.0000000E+00  0.0000000E+00
  0.0000000E+00  0.0000000E+00
  0.0000000E+00  0.0000000E+00
  0.0000000E+00  0.0000000E+00
  0.0000000E+00  0.0000000E+00
  0.0000000E+00  0.0000000E+00
  0.0000000E+00  0.0000000E+00
  0.0000000E+00  0.0000000E+00
  0.0000000E+00  0.0000000E+00
  0.0000000E+00  0.0000000E+00
  0.0000000E+00  0.0000000E+00
  0.0000000E+00  0.0000000E+00
  0.0000000E+00  0.0000000E+00
  0.0000000E+00  0.0000000E+00
  0.0000000E+00  0.0000000E+00
  0.0000000E+00  0.0000000E+00
  0.0000000E+00  0.0000000E+00
  0.0000000E+00  0.0000000E+00
  0.0000000E+00  0.0000000E+00
  0.0000000E+00  0.0000000E+00
  0.0000000E+00  0.0000000E+00
  0.0000000E+00  0.0000000E+00
  0.0000000E+00  0.0000000E+00
  0.0000000E+00  0.0000000E+00
  0.0000000E+00  0.0000000E+00
  0.0000000E+00  0.0000000E+00
  0.0000000E+00  0.0000000E+00
  0.0000000E+00  0.0000000E+00
  0.0000000E+00  0.0000000E+00
  0.0000000E+00  0.0000000E+00
  0.0000000E+00  0.0000000E+00
  0.0000000E+00  0.0000000E+00
  0.0000000E+00  0.0000000E+00
  0.0000000E+00  0.0000000E+00
  0.0000000E+00  0.0000000E+00
  0.0000000E+00  0.0000000E+00
  0.0000000E+00  0.0000000E+00
  0.0000000E+00  0.0000000E+00
  0.0000000E+00  0.0000000E+00
  0.0000000E+00  0.0000000E+00
  0.0000000E+00  0.0000000E+00
  0.0000000E+00  0.0000000E+00
  0.0000000E+00  0.0000000E+00
  0.0000000E+00  0.0000000E+00
  0.0000000E+00  0.0000000E+00
  0.0000000E+00  0.0000000E+00
  0.0000000E+00  0.0000000E+00
  0.0000000E+00  0.0000000E+00
  0.0000000E+00  0.0000000E+00
  0.0000000E+00  0.0000000E+00
  0.0000000E+00  0.0000000E+00
  0.0000000E+00  0.0000000E+00
  0.0000000E+00  0.0000000E+00
  0.0000000E+00  0.0000000E+00
  0.0000000E+00  0.0000000E+00
  0.0000000E+00  0.0000000E+00
  0.0000000E+00  0.0000000E+00
  0.0000000E+00  0.0000000E+00
  0.0000000E+00  0.0000000E+00
  0.0000000E+00  0.0000000E+00
  0.0000000E+00  0.0000000E+00
  0.0000000E+00  0.0000000E+00
  0.0000000E+00  0.0000000E+00
  0.0000000E+00  0.0000000E+00
  0.0000000E+00  0.0000000E+00
  0.0000000E+00  0.0000000E+00
  0.0000000E+00  0.0000000E+00
  0.0000000E+00  0.0000000E+00
  0.0000000E+00  0.0000000E+00
  0.0000000E+00  0.0000000E+00
  0.0000000E+00  0.0000000E+00
  0.0000000E+00  0.0000000E+00
  0.0000000E+00  0.0000000E+00
  0.0000000E+00  0.0000000E+00
  0.0000000E+00  0.0000000E+00
  0.0000000E+00  0.0000000E+00
  0.0000000E+00  0.0000000E+00
  0.0000000E+00  0.0000000E+00
  0.0000000E+00  0.0000000E+00
  0.0000000E+00  0.0000000E+00
  0.0000000E+00  0.0000000E+00
  0.0000000E+00  0.0000000E+00
  0.0000000E+00  0.0000000E+00
  0.0000000E+00  0.0000000E+00
  0.0000000E+00  0.0000000E+00
  0.0000000E+00  0.0000000E+00
  0.0000000E+00  0.0000000E+00
  0.0000000E+00  0.0000000E+00
  0.0000000E+00  0.0000000E+00
  0.0000000E+00  0.0000000E+00
  0.0000000E+00  0.0000000E+00
  0.0000000E+00  0.0000000E+00
  0.0000000E+00  0.0000000E+00
  0.0000000E+00  0.0000000E+00
  0.0000000E+00  0.0000000E+00
  0.0000000E+00  0.0000000E+00
  0.0000000E+00  0.0000000E+00
  0.0000000E+00  0.0000000E+00
  0.0000000E+00  0.0000000E+00
  0.0000000E+00  0.0000000E+00
  0.0000000E+00  0.0000000E+00
  0.0000000E+00  0.0000000E+00
  0.0000000E+00  0.0000000E+00
  0.0000000E+00  0.0000000E+00
  0.0000000E+00  0.0000000E+00
  0.0000000E+00  0.0000000E+00
  0.0000000E+00  0.0000000E+00
  0.0000000E+00  0.0000000E+00
  0.0000000E+00  0.0000000E+00
  0.0000000E+00  0.0000000E+00
  0.0000000E+00  0.0000000E+00
  0.0000000E+00  0.0000000E+00
  0.0000000E+00  0.0000000E+00
  0.0000000E+00  0.0000000E+00
  0.0000000E+00  0.0000000E+00
  0.0000000E+00  0.0000000E+00
  0.0000000E+00  0.0000000E+00
  0.0000000E+00  0.0000000E+00
  0.0000000E+00  0.0000000E+00
  0.0000000E+00  0.0000000E+00
  0.0000000E+00  0.0000000E+00
  0.0000000E+00  0.0000000E+00
  0.0000000E+00  0.0000000E+00
  0.0000000E+00  0.0000000E+00
  0.0000000E+00  0.0000000E+00
  0.0000000E+00  0.0000000E+00
  0.0000000E+00  0.0000000E+00
  0.0000000E+00  0.0000000E+00
  0.0000000E+00  0.0000000E+00
  0.0000000E+00  0.0000000E+00
  0.0000000E+00  0.0000000E+00
  0.0000000E+00  0.0000000E+00
  0.0000000E+00  0.0000000E+00
  0.0000000E+00  0.0000000E+00
  0.0000000E+00  0.0000000E+00
  0.0000000E+00  0.0000000E+00
  0.0000000E+00  0.0000000E+00
  0.0000000E+00  0.0000000E+00
  0.0000000E+00  0.0000000E+00
  0.0000000E+00  0.0000000E+00
  0.0000000E+00  0.0000000E+00
  0.0000000E+00  0.0000000E+00
  0.0000000E+00  0.0000000E+00
  0.0000000E+00  0.0000000E+00
  0.0000000E+00  0.0000000E+00
  0.0000000E+00  0.0000000E+00
  0.0000000E+00  0.0000000E+00
  0.0000000E+00  0.0000000E+00
  0.0000000E+00  0.0000000E+00
  0.0000000E+00  0.0000000E+00
  0.0000000E+00  0.0000000E+00
  0.0000000E+00  0.0000000E+00
  0.0000000E+00  0.0000000E+00
  0.0000000E+00  0.0000000E+00
  0.0000000E+00  0.0000000E+00
  0.0000000E+00  0.0000000E+00
  0.0000000E+00  0.0000000E+00
  0.0000000E+00  0.0000000E+00
  0.0000000E+00  0.0000000E+00
  0.0000000E+00  0.0000000E+00
  0.0000000E+00  0.0000000E+00
  0.0000000E+00  0.0000000E+00
  0.0000000E+00  0.0000000E+00
  0.0000000E+00  0.0000000E+00
  0.0000000E+00  0.0000000E+00
  0.0000000E+00  0.0000000E+00
  0.0000000E+00  0.0000000E+00
  0.0000000E+00  0.0000000E+00
  0.0000000E+00  0.0000000E+00
  0.0000000E+00  0.0000000E+00
  0.0000000E+00  0.0000000E+00
  0.0000000E+00  0.0000000E+00
  0.0000000E+00  0.0000000E+00
  0.0000000E+00  0.0000000E+00
  0.0000000E+00  0.0000000E+00
  0.0000000E+00  0.0000000E+00
  0.0000000E+00  0.0000000E+00
  0.0000000E+00  0.0000000E+00
  0.0000000E+00  0.0000000E+00
  0.0000000E+00  0.0000000E+00
  0.0000000E+00  0.0000000E+00
  0.0000000E+00  0.0000000E+00
  0.0000000E+00  0.0000000E+00
  0.0000000E+00  0.0000000E+00
  0.0000000E+00  0.0000000E+00
  0.0000000E+00  0.0000000E+00
  0.0000000E+00  0.0000000E+00
  0.0000000E+00  0.0000000E+00
  0.0000000E+00  0.0000000E+00
  0.0000000E+00  0.0000000E+00
  0.0000000E+00  0.0000000E+00
  0.0000000E+00  0.0000000E+00
  0.0000000E+00  0.0000000E+00
  0.0000000E+00  0.0000000E+00
  0.0000000E+00  0.0000000E+00
  0.0000000E+00  0.0000000E+00
  0.0000000E+00  0.0000000E+00
  0.0000000E+00  0.0000000E+00
  0.0000000E+00  0.0000000E+00
  0.0000000E+00  0.0000000E+00
  0.0000000E+00  0.0000000E+00
  0.0000000E+00  0.0000000E+00
  0.0000000E+00  0.0000000E+00
  0.0000000E+00  0.0000000E+00
  0.0000000E+00  0.0000000E+00
  0.0000000E+00  0.0000000E+00
  0.0000000E+00  0.0000000E+00
  0.0000000E+00  0.0000000E+00
  0.0000000E+00  0.0000000E+00
  0.0000000E+00  0.0000000E+00
  0.0000000E+00  0.0000000E+00
  0.0000000E+00  0.0000000E+00
  0.0000000E+00  0.0000000E+00
  0.0000000E+00  0.0000000E+00
  0.0000000E+00  0.0000000E+00
  0.0000000E+00  0.0000000E+00
  0.0000000E+00  0.0000000E+00
  0.0000000E+00  0.0000000E+00
  0.0000000E+00  0.0000000E+00
  0.0000000E+00  0.0000000E+00
  0.0000000E+00  0.0000000E+00
  0.0000000E+00  0.0000000E+00
  0.0000000E+00  0.0000000E+00
  0.0000000E+00  0.0000000E+00
  0.0000000E+00  0.0000000E+00
  0.0000000E+00  0.0000000E+00
  0.0000000E+00  0.0000000E+00
  0.0000000E+00  0.0000000E+00
  0.0000000E+00  0.0000000E+00
  0.0000000E+00  0.0000000E+00
  0.0000000E+00  0.0000000E+00
  0.0000000E+00  0.0000000E+00
  0.0000000E+00  0.0000000E+00
  0.0000000E+00  0.0000000E+00
  0.0000000E+00  0.0000000E+00
  0.0000000E+00  0.0000000E+00
  0.0000000E+00  0.0000000E+00
  0.0000000E+00  0.0000000E+00
  0.0000000E+00  0.0000000E+00
  0.0000000E+00  0.0000000E+00
  0.0000000E+00  0.0000000E+00
  0.0000000E+00  0.0000000E+00
  0.0000000E+00  0.0000000E+00
  0.0000000E+00  0.0000000E+00
  0.0000000E+00  0.0000000E+00
  0.0000000E+00  0.0000000E+00
  0.0000000E+00  0.0000000E+00
  0.0000000E+00  0.0000000E+00
  0.0000000E+00  0.0000000E+00
  0.0000000E+00  0.0000000E+00
  0.0000000E+00  0.0000000E+00
  0.0000000E+00  0.0000000E+00
  0.0000000E+00  0.0000000E+00
  0.0000000E+00  0.0000000E+00
  0.0000000E+00  0.0000000E+00
  0.0000000E+00  0.0000000E+00
  0.0000000E+00  0.0000000E+00
  0.0000000E+00  0.0000000E+00
  0.0000000E+00  0.0000000E+00
  0.0000000E+00  0.0000000E+00
  0.0000000E+00  0.0000000E+00
  0.0000000E+00  0.0000000E+00
  0.0000000E+00  0.0000000E+00
  0.0000000E+00  0.0000000E+00
  0.0000000E+00  0.0000000E+00
  0.0000000E+00  0.0000000E+00
  0.0000000E+00  0.0000000E+00
  0.0000000E+00  0.0000000E+00
  0.0000000E+00  0.0000000E+00
  0.0000000E+00  0.0000000E+00
  0.0000000E+00  0.0000000E+00
  0.0000000E+00  0.0000000E+00
  0.0000000E+00  0.0000000E+00
  0.0000000E+00  0.0000000E+00
  0.0000000E+00  0.0000000E+00
  0.0000000E+00  0.0000000E+00
  0.0000000E+00  0.0000000E+00
  0.0000000E+00  0.0000000E+00
  0.0000000E+00  0.0000000E+00
  0.0000000E+00  0.0000000E+00
  0.0000000E+00  0.0000000E+00
  0.0000000E+00  0.0000000E+00
  0.0000000E+00  0.0000000E+00
  0.0000000E+00  0.0000000E+00
  0.0000000E+00  0.0000000E+00
  0.0000000E+00  0.0000000E+00
  0.0000000E+00  0.0000000E+00
  0.0000000E+00  0.0000000E+00
  0.0000000E+00  0.0000000E+00
  0.0000000E+00  0.0000000E+00
  0.0000000E+00  0.0000000E+00
  0.0000000E+00  0.0000000E+00
  0.0000000E+00  0.0000000E+00
  0.0000000E+00  0.0000000E+00
  0.0000000E+00  0.0000000E+00
  0.0000000E+00  0.0000000E+00
  0.0000000E+00  0.0000000E+00
  0.0000000E+00  0.0000000E+00
  0.0000000E+00  0.0000000E+00
  0.0000000E+00  0.0000000E+00
  0.0000000E+00  0.0000000E+00
  0.0000000E+00  0.0000000E+00
  0.0000000E+00  0.0000000E+00
  0.0000000E+00  0.0000000E+00
  0.0000000E+00  0.0000000E+00
  0.0000000E+00  0.0000000E+00
  0.0000000E+00  0.0000000E+00
  0.0000000E+00  0.0000000E+00
  0.0000000E+00  0.0000000E+00
  0.0000000E+00  0.0000000E+00
  0.0000000E+00  0.0000000E+00
  0.0000000E+00  0.0000000E+00
  0.0000000E+00  0.0000000E+00
  0.0000000E+00  0.0000000E+00
  0.0000000E+00  0.0000000E+00
  0.0000000E+00  0.0000000E+00
  0.0000000E+00  0.0000000E+00
  0.0000000E+00  0.0000000E+00
  0.0000000E+00  0.0000000E+00
  0.0000000E+00  0.0000000E+00
  0.0000000E+00  0.0000000E+00
  0.0000000E+00  0.0000000E+00
  0.0000000E+00  0.0000000E+00
  0.0000000E+00  0.0000000E+00
  0.0000000E+00  0.0000000E+00
  0.0000000E+00  0.0000000E+00
  0.0000000E+00  0.0000000E+00
  0.0000000E+00  0.0000000E+00
  0.0000000E+00  0.0000000E+00
  0.0000000E+00  0.0000000E+00
  0.0000000E+00  0.0000000E+00
  0.0000000E+00  0.0000000E+00
  0.0000000E+00  0.0000000E+00
  0.0000000E+00  0.0000000E+00
  0.0000000E+00  0.0000000E+00
  0.0000000E+00  0.0000000E+00
  0.0000000E+00  0.0000000E+00
  0.0000000E+00  0.0000000E+00
  0.0000000E+00  0.0000000E+00
  0.0000000E+00  0.0000000E+00
  0.0000000E+00  0.0000000E+00
  0.0000000E+00  0.0000000E+00
  0.0000000E+00  0.0000000E+00
  0.0000000E+00  0.0000000E+00
  0.0000000E+00  0.0000000E+00
  0.0000000E+00  0.0000000E+00
  0.0000000E+00  0.0000000E+00
  0.0000000E+00  0.0000000E+00
  0.0000000E+00  0.0000000E+00
  0.0000000E+00  0.0000000E+00
  0.0000000E+00  0.0000000E+00
  0.0000000E+00  0.0000000E+00
  0.0000000E+00  0.0000000E+00
  0.0000000E+00  0.0000000E+00
  0.0000000E+00  0.0000000E+00
  0.0000000E+00  0.0000000E+00
  0.0000000E+00  0.0000000E+00
  0.0000000E+00  0.0000000E+00
  0.0000000E+00  0.0000000E+00
  0.0000000E+00  0.0000000E+00
  0.0000000E+00  0.0000000E+00
  0.0000000E+00  0.0000000E+00
  0.0000000E+00  0.0000000E+00
  0.0000000E+00  0.0000000E+00
  0.0000000E+00  0.0000000E+00
  0.0000000E+00  0.0000000E+00
  0.0000000E+00  0.0000000E+00
  0.0000000E+00  0.0000000E+00
  0.0000000E+00  0.0000000E+00
  0.0000000E+00  0.0000000E+00
  0.0000000E+00  0.0000000E+00
  0.0000000E+00  0.0000000E+00
  0.0000000E+00  0.0000000E+00
  0.0000000E+00  0.0000000E+00
  0.0000000E+00  0.0000000E+00
  0.0000000E+00  0.0000000E+00
  0.0000000E+00  0.0000000E+00
  0.0000000E+00  0.0000000E+00
  0.0000000E+00  0.0000000E+00
  0.0000000E+00  0.0000000E+00
  0.0000000E+00  0.0000000E+00
  0.0000000E+00  0.0000000E+00
  0.0000000E+00  0.0000000E+00
  0.0000000E+00  0.0000000E+00
  0.0000000E+00  0.0000000E+00
  0.0000000E+00  0.0000000E+00
  0.0000000E+00  0.0000000E+00
  0.0000000E+00  0.0000000E+00
  0.0000000E+00  0.0000000E+00
  0.0000000E+00  0.0000000E+00
  0.0000000E+00  0.0000000E+00
  0.0000000E+00  0.0000000E+00
  0.0000000E+00  0.0000000E+00
  0.0000000E+00  0.0000000E+00
  0.0000000E+00  0.0000000E+00
  0.0000000E+00  0.0000000E+00
  0.0000000E+00  0.0000000E+00
  0.0000000E+00  0.0000000E+00
  0.0000000E+00  0.0000000E+00
  0.0000000E+00  0.0000000E+00
  0.0000000E+00  0.0000000E+00
  0.0000000E+00  0.0000000E+00
  0.0000000E+00  0.0000000E+00
  0.0000000E+00  0.0000000E+00
  0.0000000E+00  0.0000000E+00
  0.0000000E+00  0.0000000E+00
  0.0000000E+00  0.0000000E+00
  0.0000000E+00  0.0000000E+00
  0.0000000E+00  0.0000000E+00
  0.0000000E+00  0.0000000E+00
  0.0000000E+00  0.0000000E+00
  0.0000000E+00  0.0000000E+00
  0.0000000E+00  0.0000000E+00
  0.0000000E+00  0.0000000E+00
  0.0000000E+00  0.0000000E+00
  0.0000000E+00  0.0000000E+00
  0.0000000E+00  0.0000000E+00
  0.0000000E+00  0.0000000E+00
  0.0000000E+00  0.0000000E+00
  0.0000000E+00  0.0000000E+00
  0.0000000E+00  0.0000000E+00
  0.0000000E+00  0.0000000E+00
  0.0000000E+00  0.0000000E+00
  0.0000000E+00  0.0000000E+00
  0.0000000E+00  0.0000000E+00
  0.0000000E+00  0.0000000E+00
  0.0000000E+00  0.0000000E+00
  0.0000000E+00  0.0000000E+00
  0.0000000E+00  0.0000000E+00
  0.0000000E+00  0.0000000E+00
  0.0000000E+00  0.0000000E+00
  0.0000000E+00  0.0000000E+00
  0.0000000E+00  0.0000000E+00
  0.0000000E+00  0.0000000E+00
  0.0000000E+00  0.0000000E+00
  0.0000000E+00  0.0000000E+00
  0.0000000E+00  0.0000000E+00
  0.0000000E+00  0.0000000E+00
  0.0000000E+00  0.0000000E+00
  0.0000000E+00  0.0000000E+00
  0.0000000E+00  0.0000000E+00
  0.0000000E+00  0.0000000E+00
  0.0000000E+00  0.0000000E+00
  0.0000000E+00  0.0000000E+00
  0.0000000E+00  0.0000000E+00
  0.0000000E+00  0.0000000E+00
  0.0000000E+00  0.0000000E+00
  0.0000000E+00  0.0000000E+00
  0.0000000E+00  0.0000000E+00
  0.0000000E+00  0.0000000E+00
  0.0000000E+00  0.0000000E+00
  0.0000000E+00  0.0000000E+00
  0.0000000E+00  0.0000000E+00
  0.0000000E+00  0.0000000E+00
  0.0000000E+00  0.0000000E+00
  0.0000000E+00  0.0000000E+00
  0.0000000E+00  0.0000000E+00
  0.0000000E+00  0.0000000E+00
  0.0000000E+00  0.0000000E+00
  0.0000000E+00  0.0000000E+00
  0.0000000E+00  0.0000000E+00
  0.0000000E+00  0.0000000E+00
  0.0000000E+00  0.0000000E+00
  0.0000000E+00  0.0000000E+00
  0.0000000E+00  0.0000000E+00
  0.0000000E+00  0.0000000E+00
  0.0000000E+00  0.0000000E+00
  0.0000000E+00  0.0000000E+00
  0.0000000E+00  0.0000000E+00
  0.0000000E+00  0.0000000E+00
  0.0000000E+00  0.0000000E+00
  0.0000000E+00  0.0000000E+00
  0.0000000E+00  0.0000000E+00
  0.0000000E+00  0.0000000E+00
  0.0000000E+00  0.0000000E+00
  0.0000000E+00  0.0000000E+00
  0.0000000E+00  0.0000000E+00
  0.0000000E+00  0.0000000E+00
  0.0000000E+00  0.0000000E+00
  0.0000000E+00  0.0000000E+00
  0.0000000E+00  0.0000000E+00
  0.0000000E+00  0.0000000E+00
  0.0000000E+00  0.0000000E+00
  0.0000000E+00  0.0000000E+00
  0.0000000E+00  0.0000000E+00
  0.0000000E+00  0.0000000E+00
  0.0000000E+00  0.0000000E+00
  0.0000000E+00  0.0000000E+00
  0.0000000E+00  0.0000000E+00
  0.0000000E+00  0.0000000E+00
  0.0000000E+00  0.0000000E+00
  0.0000000E+00  0.0000000E+00
  0.0000000E+00  0.0000000E+00
  0.0000000E+00  0.0000000E+00
  0.0000000E+00  0.0000000E+00
  0.0000000E+00  0.0000000E+00
  0.0000000E+00  0.0000000E+00
  0.0000000E+00  0.0000000E+00
  0.0000000E+00  0.0000000E+00
  0.0000000E+00  0.0000000E+00
  0.0000000E+00  0.0000000E+00
  0.0000000E+00  0.0000000E+00
  0.0000000E+00  0.0000000E+00
  0.0000000E+00  0.0000000E+00
  0.0000000E+00  0.0000000E+00
  0.0000000E+00  0.0000000E+00
  0.0000000E+00  0.0000000E+00
  0.0000000E+00  0.0000000E+00
  0.0000000E+00  0.0000000E+00
  0.0000000E+00  0.0000000E+00
  0.0000000E+00  0.0000000E+00
  0.0000000E+00  0.0000000E+00
  0.0000000E+00  0.0000000E+00
  0.0000000E+00  0.0000000E+00
  0.0000000E+00  0.0000000E+00
  0.0000000E+00  0.0000000E+00
  0.0000000E+00  0.0000000E+00
  0.0000000E+00  0.0000000E+00
  0.0000000E+00  0.0000000E+00
  0.0000000E+00  0.0000000E+00
  0.0000000E+00  0.0000000E+00
  0.0000000E+00  0.0000000E+00
  0.0000000E+00  0.0000000E+00
  0.0000000E+00  0.0000000E+00
  0.0000000E+00  0.0000000E+00
  0.0000000E+00  0.0000000E+00
  0.0000000E+00  0.0000000E+00
  0.0000000E+00  0.0000000E+00
  0.0000000E+00  0.0000000E+00
  0.0000000E+00  0.0000000E+00
  0.0000000E+00  0.0000000E+00
  0.0000000E+00  0.0000000E+00
  0.0000000E+00  0.0000000E+00
  0.0000000E+00  0.0000000E+00
  0.0000000E+00  0.0000000E+00
  0.0000000E+00  0.0000000E+00
  0.0000000E+00  0.0000000E+00
  0.0000000E+00  0.0000000E+00
  0.0000000E+00  0.0000000E+00
  0.0000000E+00  0.0000000E+00
  0.0000000E+00  0.0000000E+00
  0.0000000E+00  0.0000000E+00
  0.0000000E+00  0.0000000E+00
  0.0000000E+00  0.0000000E+00
  0.0000000E+00  0.0000000E+00
  0.0000000E+00  0.0000000E+00
  0.0000000E+00  0.0000000E+00
  0.0000000E+00  0.0000000E+00
  0.0000000E+00  0.0000000E+00
  0.0000000E+00  0.0000000E+00
  0.0000000E+00  0.0000000E+00
  0.0000000E+00  0.0000000E+00
  0.0000000E+00  0.0000000E+00
  0.0000000E+00  0.0000000E+00
  0.0000000E+00  0.0000000E+00
  0.0000000E+00  0.0000000E+00
  0.0000000E+00  0.0000000E+00
  0.0000000E+00  0.0000000E+00
  0.0000000E+00  0.0000000E+00
  0.0000000E+00  0.0000000E+00
  0.0000000E+00  0.0000000E+00
  0.0000000E+00  0.0000000E+00
  0.0000000E+00  0.0000000E+00
  0.0000000E+00  0.0000000E+00
  0.0000000E+00  0.0000000E+00
  0.0000000E+00  0.0000000E+00
  0.0000000E+00  0.0000000E+00
  0.0000000E+00  0.0000000E+00
  0.0000000E+00  0.0000000E+00
  0.0000000E+00  0.0000000E+00
  0.0000000E+00  0.0000000E+00
  0.0000000E+00  0.0000000E+00
  0.0000000E+00  0.0000000E+00
  0.0000000E+00  0.0000000E+00
  0.0000000E+00  0.0000000E+00
  0.0000000E+00  0.0000000E+00
  0.0000000E+00  0.0000000E+00
  0.0000000E+00  0.0000000E+00
  0.0000000E+00  0.0000000E+00
  0.0000000E+00  0.0000000E+00
  0.0000000E+00  0.0000000E+00
  0.0000000E+00  0.0000000E+00
  0.0000000E+00  0.0000000E+00
  0.0000000E+00  0.0000000E+00
  0.0000000E+00  0.0000000E+00
  0.0000000E+00  0.0000000E+00
  0.0000000E+00  0.0000000E+00
  0.0000000E+00  0.0000000E+00
  0.0000000E+00  0.0000000E+00
  0.0000000E+00  0.0000000E+00
  0.0000000E+00  0.0000000E+00
  0.0000000E+00  0.0000000E+00
  0.0000000E+00  0.0000000E+00
  0.0000000E+00  0.0000000E+00
  0.0000000E+00  0.0000000E+00
  0.0000000E+00  0.0000000E+00
  0.0000000E+00  0.0000000E+00
  0.0000000E+00  0.0000000E+00
  0.0000000E+00  0.0000000E+00
  0.0000000E+00  0.0000000E+00
  0.0000000E+00  0.0000000E+00
  0.0000000E+00  0.0000000E+00
  0.0000000E+00  0.0000000E+00
  0.0000000E+00  0.0000000E+00
  0.0000000E+00  0.0000000E+00
  0.0000000E+00  0.0000000E+00
  0.0000000E+00  0.0000000E+00
  0.0000000E+00  0.0000000E+00
  0.0000000E+00  0.0000000E+00
  0.0000000E+00  0.0000000E+00
  0.0000000E+00  0.0000000E+00
  0.0000000E+00  0.0000000E+00
  0.0000000E+00  0.0000000E+00
  0.0000000E+00  0.0000000E+00
  0.0000000E+00  0.0000000E+00
  0.0000000E+00  0.0000000E+00
  0.0000000E+00  0.0000000E+00
  0.0000000E+00  0.0000000E+00
  0.0000000E+00  0.0000000E+00
  0.0000000E+00  0.0000000E+00
  0.0000000E+00  0.0000000E+00
  0.0000000E+00  0.0000000E+00
  0.0000000E+00  0.0000000E+00
  0.0000000E+00  0.0000000E+00
  0.0000000E+00  0.0000000E+00
  0.0000000E+00  0.0000000E+00
  0.0000000E+00  0.0000000E+00
  0.0000000E+00  0.0000000E+00
  0.0000000E+00  0.0000000E+00
  0.0000000E+00  0.0000000E+00
  0.0000000E+00  0.0000000E+00
  0.0000000E+00  0.0000000E+00
  0.0000000E+00  0.0000000E+00
  0.0000000E+00  0.0000000E+00
  0.0000000E+00  0.0000000E+00
  0.0000000E+00  0.0000000E+00
  0.0000000E+00  0.0000000E+00
  0.0000000E+00  0.0000000E+00
  0.0000000E+00  0.0000000E+00
  0.0000000E+00  0.0000000E+00
  0.0000000E+00  0.0000000E+00
  0.0000000E+00  0.0000000E+00
  0.0000000E+00  0.0000000E+00
  0.0000000E+00  0.0000000E+00
  0.0000000E+00  0.0000000E+00
  0.0000000E+00  0.0000000E+00
  0.0000000E+00  0.0000000E+00
  0.0000000E+00  0.0000000E+00
  0.0000000E+00  0.0000000E+00
  0.0000000E+00  0.0000000E+00
  0.0000000E+00  0.0000000E+00
  0.0000000E+00  0.0000000E+00
  0.0000000E+00  0.0000000E+00
  0.0000000E+00  0.0000000E+00
  0.0000000E+00  0.0000000E+00
  0.0000000E+00  0.0000000E+00
  0.0000000E+00  0.0000000E+00
  0.0000000E+00  0.0000000E+00
  0.0000000E+00  0.0000000E+00
  0.0000000E+00  0.0000000E+00
  0.0000000E+00  0.0000000E+00
  0.0000000E+00  0.0000000E+00
  0.0000000E+00  0.0000000E+00
  0.0000000E+00  0.0000000E+00
  0.0000000E+00  0.0000000E+00
  0.0000000E+00  0.0000000E+00
  0.0000000E+00  0.0000000E+00
  0.0000000E+00  0.0000000E+00
  0.0000000E+00  0.0000000E+00
  0.0000000E+00  0.0000000E+00
  0.0000000E+00  0.0000000E+00
  0.0000000E+00  0.0000000E+00
  0.0000000E+00  0.0000000E+00
  0.0000000E+00  0.0000000E+00
  0.0000000E+00  0.0000000E+00
  0.0000000E+00  0.0000000E+00
  0.0000000E+00  0.0000000E+00
  0.0000000E+00  0.0000000E+00
  0.0000000E+00  0.0000000E+00
  0.0000000E+00  0.0000000E+00
  0.0000000E+00  0.0000000E+00
  0.0000000E+00  0.0000000E+00
  0.0000000E+00  0.0000000E+00
  0.0000000E+00  0.0000000E+00
  0.0000000E+00  0.0000000E+00
  0.0000000E+00  0.0000000E+00
  0.0000000E+00  0.0000000E+00
  0.0000000E+00  0.0000000E+00
  0.0000000E+00  0.0000000E+00
  0.0000000E+00  0.0000000E+00
  0.0000000E+00  0.0000000E+00
  0.0000000E+00  0.0000000E+00
  0.0000000E+00  0.0000000E+00
  0.0000000E+00  0.0000000E+00
  0.0000000E+00  0.0000000E+00
  0.0000000E+00  0.0000000E+00
  0.0000000E+00  0.0000000E+00
  0.0000000E+00  0.0000000E+00
  0.0000000E+00  0.0000000E+00
  0.0000000E+00  0.0000000E+00
  0.0000000E+00  0.0000000E+00
  0.0000000E+00  0.0000000E+00
  0.0000000E+00  0.0000000E+00
  0.0000000E+00  0.0000000E+00
  0.0000000E+00  0.0000000E+00
  0.0000000E+00  0.0000000E+00
  0.0000000E+00  0.0000000E+00
  0.0000000E+00  0.0000000E+00
  0.0000000E+00  0.0000000E+00
  0.0000000E+00  0.0000000E+00
  0.0000000E+00  0.0000000E+00
  0.0000000E+00  0.0000000E+00
  0.0000000E+00  0.0000000E+00
  0.0000000E+00  0.0000000E+00
  0.0000000E+00  0.0000000E+00
  0.0000000E+00  0.0000000E+00
  0.0000000E+00  0.0000000E+00
  0.0000000E+00  0.0000000E+00
  0.0000000E+00  0.0000000E+00
  0.0000000E+00  0.0000000E+00
  0.0000000E+00  0.0000000E+00
  0.0000000E+00  0.0000000E+00
  0.0000000E+00  0.0000000E+00
  0.0000000E+00  0.0000000E+00
  0.0000000E+00  0.0000000E+00
  0.0000000E+00  0.0000000E+00
  0.0000000E+00  0.0000000E+00
  0.0000000E+00  0.0000000E+00
  0.0000000E+00  0.0000000E+00
  0.0000000E+00  0.0000000E+00
  0.0000000E+00  0.0000000E+00
  0.0000000E+00  0.0000000E+00
  0.0000000E+00  0.0000000E+00
  0.0000000E+00  0.0000000E+00
  0.0000000E+00  0.0000000E+00
  0.0000000E+00  0.0000000E+00
  0.0000000E+00  0.0000000E+00
  0.0000000E+00  0.0000000E+00
  0.0000000E+00  0.0000000E+00
  0.0000000E+00  0.0000000E+00
  0.0000000E+00  0.0000000E+00
  0.0000000E+00  0.0000000E+00
  0.0000000E+00  0.0000000E+00
  0.0000000E+00  0.0000000E+00
  0.0000000E+00  0.0000000E+00
  0.0000000E+00  0.0000000E+00
  0.0000000E+00  0.0000000E+00
  0.0000000E+00  0.0000000E+00
  0.0000000E+00  0.0000000E+00
  0.0000000E+00  0.0000000E+00
  0.0000000E+00  0.0000000E+00
  0.0000000E+00  0.0000000E+00
  0.0000000E+00  0.0000000E+00
  0.0000000E+00  0.0000000E+00
  0.0000000E+00  0.0000000E+00
  0.0000000E+00  0.0000000E+00
  0.0000000E+00  0.0000000E+00
  0.0000000E+00  0.0000000E+00
  0.0000000E+00  0.0000000E+00
  0.0000000E+00  0.0000000E+00
  0.0000000E+00  0.0000000E+00
  0.0000000E+00  0.0000000E+00
  0.0000000E+00  0.0000000E+00
  0.0000000E+00  0.0000000E+00
  0.0000000E+00  0.0000000E+00
  0.0000000E+00  0.0000000E+00
  0.0000000E+00  0.0000000E+00
  0.0000000E+00  0.0000000E+00
  0.0000000E+00  0.0000000E+00
  0.0000000E+00  0.0000000E+00
  0.0000000E+00  0.0000000E+00
  0.0000000E+00  0.0000000E+00
  0.0000000E+00  0.0000000E+00
  0.0000000E+00  0.0000000E+00
  0.0000000E+00  0.0000000E+00
  0.0000000E+00  0.0000000E+00
  0.0000000E+00  0.0000000E+00
  0.0000000E+00  0.0000000E+00
  0.0000000E+00  0.0000000E+00
  0.0000000E+00  0.0000000E+00
  0.0000000E+00  0.0000000E+00
  0.0000000E+00  0.0000000E+00
  0.0000000E+00  0.0000000E+00
  0.0000000E+00  0.0000000E+00
  0.0000000E+00  0.0000000E+00
  0.0000000E+00  0.0000000E+00
  0.0000000E+00  0.0000000E+00
  0.0000000E+00  0.0000000E+00
  0.0000000E+00  0.0000000E+00
  0.0000000E+00  0.0000000E+00
  0.0000000E+00  0.0000000E+00
  0.0000000E+00  0.0000000E+00
  0.0000000E+00  0.0000000E+00
  0.0000000E+00  0.0000000E+00
  0.0000000E+00  0.0000000E+00
  0.0000000E+00  0.0000000E+00
  0.0000000E+00  0.0000000E+00
  0.0000000E+00  0.0000000E+00
  0.0000000E+00  0.0000000E+00
  0.0000000E+00  0.0000000E+00
  0.0000000E+00  0.0000000E+00
  0.0000000E+00  0.0000000E+00
  0.0000000E+00  0.0000000E+00
  0.0000000E+00  0.0000000E+00
  0.0000000E+00  0.0000000E+00
  0.0000000E+00  0.0000000E+00
  0.0000000E+00  0.0000000E+00
  0.0000000E+00  0.0000000E+00
  0.0000000E+00  0.0000000E+00
  0.0000000E+00  0.0000000E+00
  0.0000000E+00  0.0000000E+00
  0.0000000E+00  0.0000000E+00
  0.0000000E+00  0.0000000E+00
  0.0000000E+00  0.0000000E+00
  0.0000000E+00  0.0000000E+00
  0.0000000E+00  0.0000000E+00
  0.0000000E+00  0.0000000E+00
  0.0000000E+00  0.0000000E+00
  0.0000000E+00  0.0000000E+00
  0.0000000E+00  0.0000000E+00
  0.0000000E+00  0.0000000E+00
  0.0000000E+00  0.0000000E+00
  0.0000000E+00  0.0000000E+00
  0.0000000E+00  0.0000000E+00
  0.0000000E+00  0.0000000E+00
  0.0000000E+00  0.0000000E+00
  0.0000000E+00  0.0000000E+00
  0.0000000E+00  0.0000000E+00
  0.0000000E+00  0.0000000E+00
  0.0000000E+00  0.0000000E+00
  0.0000000E+00  0.0000000E+00
  0.0000000E+00  0.0000000E+00
  0.0000000E+00  0.0000000E+00
  0.0000000E+00  0.0000000E+00
  0.0000000E+00  0.0000000E+00
  0.0000000E+00  0.0000000E+00
  0.0000000E+00  0.0000000E+00
  0.0000000E+00  0.0000000E+00
  0.0000000E+00  0.0000000E+00
  0.0000000E+00  0.0000000E+00
  0.0000000E+00  0.0000000E+00
  0.0000000E+00  0.0000000E+00
  0.0000000E+00  0.0000000E+00
  0.0000000E+00  0.0000000E+00
  0.0000000E+00  0.0000000E+00
  0.0000000E+00  0.0000000E+00
  0.0000000E+00  0.0000000E+00
  0.0000000E+00  0.0000000E+00
  0.0000000E+00  0.0000000E+00
  0.0000000E+00  0.0000000E+00
  0.0000000E+00  0.0000000E+00
  0.0000000E+00  0.0000000E+00
  0.0000000E+00  0.0000000E+00
  0.0000000E+00  0.0000000E+00
  0.0000000E+00  0.0000000E+00
  0.0000000E+00  0.0000000E+00
  0.0000000E+00  0.0000000E+00
  0.0000000E+00  0.0000000E+00
  0.0000000E+00  0.0000000E+00
  0.0000000E+00  0.0000000E+00
  0.0000000E+00  0.0000000E+00
  0.0000000E+00  0.0000000E+00
  0.0000000E+00  0.0000000E+00
  0.0000000E+00  0.0000000E+00
  0.0000000E+00  0.0000000E+00
  0.0000000E+00  0.0000000E+00
  0.0000000E+00  0.0000000E+00
  0.0000000E+00  0.0000000E+00
  0.0000000E+00  0.0000000E+00
  0.0000000E+00  0.0000000E+00
  0.0000000E+00  0.0000000E+00
  0.0000000E+00  0.0000000E+00
  0.0000000E+00  0.0000000E+00
  0.0000000E+00  0.0000000E+00
  0.0000000E+00  0.0000000E+00
  0.0000000E+00  0.0000000E+00
  0.0000000E+00  0.0000000E+00
  0.0000000E+00  0.0000000E+00
  0.0000000E+00  0.0000000E+00
  0.0000000E+00  0.0000000E+00
  0.0000000E+00  0.0000000E+00
  0.0000000E+00  0.0000000E+00
  0.0000000E+00  0.0000000E+00
  0.0000000E+00  0.0000000E+00
  0.0000000E+00  0.0000000E+00
  0.0000000E+00  0.0000000E+00
  0.0000000E+00  0.0000000E+00
  0.0000000E+00  0.0000000E+00
  0.0000000E+00  0.0000000E+00
  0.0000000E+00  0.0000000E+00
  0.0000000E+00  0.0000000E+00
  0.0000000E+00  0.0000000E+00
  0.0000000E+00  0.0000000E+00
  0.0000000E+00  0.0000000E+00
  0.0000000E+00  0.0000000E+00
  0.0000000E+00  0.0000000E+00
  0.0000000E+00  0.0000000E+00
  0.0000000E+00  0.0000000E+00
  0.0000000E+00  0.0000000E+00
  0.0000000E+00  0.0000000E+00
  0.0000000E+00  0.0000000E+00
  0.0000000E+00  0.0000000E+00
  0.0000000E+00  0.0000000E+00
  0.0000000E+00  0.0000000E+00
  0.0000000E+00  0.0000000E+00
  0.0000000E+00  0.0000000E+00
  0.0000000E+00  0.0000000E+00
  0.0000000E+00  0.0000000E+00
  0.0000000E+00  0.0000000E+00
  0.0000000E+00  0.0000000E+00
  0.0000000E+00  0.0000000E+00
  0.0000000E+00  0.0000000E+00
  0.0000000E+00  0.0000000E+00
  0.0000000E+00  0.0000000E+00
  0.0000000E+00  0.0000000E+00
  0.0000000E+00  0.0000000E+00
  0.0000000E+00  0.0000000E+00
  0.0000000E+00  0.0000000E+00
  0.0000000E+00  0.0000000E+00
  0.0000000E+00  0.0000000E+00
  0.0000000E+00  0.0000000E+00
  0.0000000E+00  0.0000000E+00
  0.0000000E+00  0.0000000E+00
  0.0000000E+00  0.0000000E+00
  0.0000000E+00  0.0000000E+00
  0.0000000E+00  0.0000000E+00
  0.0000000E+00  0.0000000E+00
  0.0000000E+00  0.0000000E+00
  0.0000000E+00  0.0000000E+00
  0.0000000E+00  0.0000000E+00
  0.0000000E+00  0.0000000E+00
  0.0000000E+00  0.0000000E+00
  0.0000000E+00  0.0000000E+00
  0.0000000E+00  0.0000000E+00
  0.0000000E+00  0.0000000E+00
  0.0000000E+00  0.0000000E+00
  0.0000000E+00  0.0000000E+00
  0.0000000E+00  0.0000000E+00
  0.0000000E+00  0.0000000E+00
  0.0000000E+00  0.0000000E+00
  0.0000000E+00  0.0000000E+00
  0.0000000E+00  0.0000000E+00
  0.0000000E+00  0.0000000E+00
  0.0000000E+00  0.0000000E+00
  0.0000000E+00  0.0000000E+00
  0.0000000E+00  0.0000000E+00
  0.0000000E+00  0.0000000E+00
  0.0000000E+00  0.0000000E+00
