  0.1441255E+00 -0.6628636E+00
  0.9765158E-01 -0.6613096E+00
  0.7401655E-01 -0.6731318E+00
  0.5747538E-01 -0.6778645E+00
  0.5087379E-01 -0.6836502E+00
  0.4805341E-01 -0.6881538E+00
 -0.4597542E+00 -0.6967626E+00
  0.1221465E-01 -0.6816515E+00
  0.8981416E-02 -0.6868109E+00
  0.5237789E-02 -0.7164533E+00
 -0.3284768E-02 -0.8796573E+00
  0.4124678E-02 -0.8772265E+00
  0.1139419E-01 -0.8769301E+00
  0.1856348E-01 -0.8772677E+00
  0.2517716E-01 -0.8777279E+00
  0.3190785E-01 -0.8786099E+00
  0.3881255E-01 -0.8786121E+00
  0.4572429E-01 -0.8773182E+00
  0.5279215E-01 -0.8773073E+00
  0.5876662E-01 -0.8783319E+00
  0.6450381E-01 -0.8781502E+00
  0.7068525E-01 -0.8787922E+00
  0.7554571E-01 -0.8801079E+00
  0.8019206E-01 -0.8800557E+00
  0.8547030E-01 -0.8807354E+00
  0.8914293E-01 -0.8820232E+00
  0.9255469E-01 -0.8818836E+00
  0.9673904E-01 -0.8824279E+00
  0.9908189E-01 -0.8835558E+00
  0.1010936E+00 -0.8832468E+00
  0.1039581E+00 -0.8836008E+00
  0.1048162E+00 -0.8844873E+00
  0.1052739E+00 -0.8839395E+00
  0.1066300E+00 -0.8840382E+00
  0.1058838E+00 -0.8846374E+00
  0.1047405E+00 -0.8838014E+00
  0.1045361E+00 -0.8836061E+00
  0.1022326E+00 -0.8839329E+00
  0.9956408E-01 -0.8828370E+00
  0.9784094E-01 -0.8824022E+00
  0.9410373E-01 -0.8825315E+00
  0.9005582E-01 -0.8812523E+00
  0.8692021E-01 -0.8806475E+00
  0.8193900E-01 -0.8806632E+00
  0.7672133E-01 -0.8792881E+00
  0.7235540E-01 -0.8786175E+00
  0.6637423E-01 -0.8786163E+00
  0.6023955E-01 -0.8772463E+00
  0.5485282E-01 -0.8766069E+00
  0.4814528E-01 -0.8766851E+00
  0.4135874E-01 -0.8754260E+00
  0.3518117E-01 -0.8749158E+00
  0.2802628E-01 -0.8751708E+00
  0.2085137E-01 -0.8741099E+00
  0.1410923E-01 -0.8738343E+00
  0.6772576E-02 -0.8743536E+00
 -0.5370057E-03 -0.8735543E+00
 -0.7613068E-02 -0.8735315E+00
 -0.1487701E-01 -0.8743119E+00
 -0.2208687E-01 -0.8737772E+00
 -0.2926149E-01 -0.8740149E+00
 -0.3622120E-01 -0.8750209E+00
 -0.4307516E-01 -0.8747723E+00
 -0.5008100E-01 -0.8753273E+00
 -0.5650151E-01 -0.8765615E+00
 -0.6279672E-01 -0.8764582E+00
 -0.6943499E-01 -0.8771489E+00
 -0.7508879E-01 -0.8785097E+00
 -0.8059216E-01 -0.8784727E+00
 -0.8663240E-01 -0.8791576E+00
 -0.9133449E-01 -0.8804902E+00
 -0.9579656E-01 -0.8804454E+00
 -0.1009224E+00 -0.8811270E+00
 -0.1044129E+00 -0.8824045E+00
 -0.1075991E+00 -0.8822719E+00
 -0.1115599E+00 -0.8828400E+00
 -0.1136292E+00 -0.8839794E+00
 -0.1153512E+00 -0.8836877E+00
 -0.1179594E+00 -0.8840936E+00
 -0.1187909E+00 -0.8850070E+00
 -0.1198929E+00 -0.8847502E+00
 -0.1179493E+00 -0.8878750E+00
 -0.1124449E+00 -0.8898340E+00
 -0.1102744E+00 -0.8899977E+00
 -0.1086002E+00 -0.8897597E+00
 -0.1065868E+00 -0.8895156E+00
 -0.1042321E+00 -0.8891701E+00
 -0.1015500E+00 -0.8886795E+00
 -0.9851130E-01 -0.8880655E+00
 -0.9506380E-01 -0.8873920E+00
 -0.9118619E-01 -0.8867104E+00
 -0.8690388E-01 -0.8860378E+00
 -0.8226445E-01 -0.8853683E+00
 -0.7731222E-01 -0.8846788E+00
 -0.7206945E-01 -0.8839905E+00
 -0.6650495E-01 -0.8834028E+00
 -0.6069376E-01 -0.8828594E+00
 -0.5470068E-01 -0.8822371E+00
 -0.4842458E-01 -0.8814912E+00
 -0.4150867E-01 -0.8805232E+00
 -0.3469230E-01 -0.8767510E+00
 -0.2986354E-01 -0.8738364E+00
 -0.2349048E-01 -0.8742718E+00
 -0.1654753E-01 -0.8767297E+00
 -0.9743731E-02 -0.8818517E+00
 -0.1413577E-01 -0.7139351E+00
 -0.1553863E-01 -0.6834473E+00
 -0.1680592E-01 -0.6781157E+00
 -0.1840469E-01 -0.6775872E+00
 -0.2066338E-01 -0.6747884E+00
 -0.2368419E-01 -0.6730304E+00
 -0.2906397E-01 -0.6714563E+00
 -0.6727964E-01 -0.6651017E+00
 -0.8431149E-01 -0.6548173E+00
 -0.1384054E+00 -0.6632141E+00
 -0.4107544E+00 -0.6716202E+00
 -0.4704221E+00 -0.7065696E+00
 -0.9743139E+00 -0.6776283E+00
 -0.1197921E+01 -0.6857142E+00
 -0.1365632E+01 -0.6926349E+00
 -0.1469882E+01 -0.6972419E+00
 -0.1505907E+01 -0.6988691E+00
 -0.1471235E+01 -0.6972429E+00
 -0.1369960E+01 -0.6928415E+00
 -0.1211796E+01 -0.6866212E+00
 -0.1002637E+01 -0.6795928E+00
 -0.7496190E+00 -0.6728123E+00
 -0.4645526E+00 -0.6674939E+00
 -0.1604531E+00 -0.6645520E+00
  0.1501684E+00 -0.6645114E+00
  0.4544382E+00 -0.6673315E+00
  0.7395934E+00 -0.6725842E+00
  0.9936132E+00 -0.6793540E+00
  0.1205105E+01 -0.6864696E+00
  0.1364150E+01 -0.6926866E+00
  0.1462122E+01 -0.6968654E+00
  0.1492643E+01 -0.6981670E+00
  0.1456164E+01 -0.6965023E+00
  0.1358902E+01 -0.6924317E+00
  0.1202875E+01 -0.6864018E+00
  0.9923486E+00 -0.6792430E+00
  0.7372159E+00 -0.6721624E+00
  0.4478697E+00 -0.6663352E+00
 -0.3473859E+00 -0.6813020E+00
 -0.2910442E+00 -0.7044618E+00
  0.1670406E+00 -0.6702716E+00
  0.1530616E+00 -0.6813068E+00
  0.1452902E+00 -0.6873277E+00
  0.3542224E-01 -0.6845895E+00
 -0.4997954E+00 -0.6847431E+00
  0.4670708E-01 -0.7153291E+00
  0.2630712E-01 -0.7153032E+00
  0.6688602E-01 -0.7156948E+00
  0.8576392E-01 -0.7168279E+00
  0.1040641E+00 -0.7181744E+00
  0.1229692E+00 -0.7186492E+00
  0.1412300E+00 -0.7193911E+00
  0.1585506E+00 -0.7205286E+00
  0.1749467E+00 -0.7219524E+00
  0.1904567E+00 -0.7235259E+00
  0.2050912E+00 -0.7251462E+00
  0.2187114E+00 -0.7268207E+00
  0.2313658E+00 -0.7284971E+00
  0.2430431E+00 -0.7301010E+00
  0.2535734E+00 -0.7316288E+00
  0.2630275E+00 -0.7330405E+00
  0.2713758E+00 -0.7342974E+00
  0.2784276E+00 -0.7354375E+00
  0.2842807E+00 -0.7364155E+00
  0.2889842E+00 -0.7371672E+00
  0.2922433E+00 -0.7377478E+00
  0.2941802E+00 -0.7381255E+00
  0.2948940E+00 -0.7382296E+00
  0.2941387E+00 -0.7381296E+00
  0.2920718E+00 -0.7378007E+00
  0.2888069E+00 -0.7372022E+00
  0.2841105E+00 -0.7364200E+00
  0.2781542E+00 -0.7354516E+00
  0.2710411E+00 -0.7342690E+00
  0.2625930E+00 -0.7329426E+00
  0.2529872E+00 -0.7315072E+00
  0.2423270E+00 -0.7299222E+00
  0.2304830E+00 -0.7282841E+00
  0.2176155E+00 -0.7266002E+00
  0.2038486E+00 -0.7248514E+00
  0.1890867E+00 -0.7231436E+00
  0.1734920E+00 -0.7214666E+00
  0.1571879E+00 -0.7198227E+00
  0.1401112E+00 -0.7182993E+00
  0.1224314E+00 -0.7169021E+00
  0.1042468E+00 -0.7156056E+00
  0.8555693E-01 -0.7144952E+00
  0.6649438E-01 -0.7136015E+00
  0.4715274E-01 -0.7129039E+00
  0.2756233E-01 -0.7124572E+00
  0.7837334E-02 -0.7122152E+00
 -0.1192824E-01 -0.7121596E+00
 -0.3165508E-01 -0.7123581E+00
 -0.5125384E-01 -0.7127870E+00
 -0.7065595E-01 -0.7133843E+00
 -0.8975530E-01 -0.7142242E+00
 -0.1084271E+00 -0.7153326E+00
 -0.1266443E+00 -0.7165853E+00
 -0.1443853E+00 -0.7179666E+00
 -0.1615369E+00 -0.7194765E+00
 -0.1780509E+00 -0.7210882E+00
 -0.1938207E+00 -0.7227336E+00
 -0.2088228E+00 -0.7244158E+00
 -0.2230023E+00 -0.7260941E+00
 -0.2361787E+00 -0.7277883E+00
 -0.2483570E+00 -0.7294593E+00
 -0.2595298E+00 -0.7310475E+00
 -0.2695459E+00 -0.7325580E+00
 -0.2784276E+00 -0.7339562E+00
 -0.2861691E+00 -0.7351947E+00
 -0.2925771E+00 -0.7363091E+00
 -0.2977643E+00 -0.7372214E+00
 -0.3017446E+00 -0.7379200E+00
 -0.3042730E+00 -0.7384554E+00
 -0.3053192E+00 -0.7389227E+00
 -0.3046259E+00 -0.7394190E+00
 -0.3024280E+00 -0.7396672E+00
 -0.2991973E+00 -0.7394603E+00
 -0.2948815E+00 -0.7389244E+00
 -0.2894315E+00 -0.7381424E+00
 -0.2829250E+00 -0.7370778E+00
 -0.2753677E+00 -0.7357692E+00
 -0.2666535E+00 -0.7342924E+00
 -0.2567464E+00 -0.7327064E+00
 -0.2456388E+00 -0.7310583E+00
 -0.2334256E+00 -0.7293689E+00
 -0.2202103E+00 -0.7276394E+00
 -0.2060568E+00 -0.7258915E+00
 -0.1909711E+00 -0.7241770E+00
 -0.1750081E+00 -0.7225908E+00
 -0.1583785E+00 -0.7210798E+00
 -0.1411985E+00 -0.7195573E+00
 -0.1234553E+00 -0.7179945E+00
 -0.1052348E+00 -0.7163588E+00
 -0.8683184E-01 -0.7146222E+00
 -0.6839107E-01 -0.7132665E+00
 -0.4996257E-01 -0.7126575E+00
 -0.3174870E-01 -0.7129874E+00
 -0.3660797E-01 -0.6840860E+00
 -0.2440602E+00 -0.6528741E+00
 -0.4062904E-01 -0.6792154E+00
 -0.4565961E-01 -0.6794896E+00
 -0.5219475E-01 -0.6790683E+00
 -0.6118530E-01 -0.6777371E+00
 -0.7760902E-01 -0.6765690E+00
 -0.8190212E+00 -0.6741155E+00
 -0.2118393E+00 -0.6653450E+00
 -0.9265017E+00 -0.6790331E+00
 -0.4535154E+00 -0.6890876E+00
 -0.6827959E+00 -0.6693697E+00
 -0.9961625E+00 -0.6822694E+00
 -0.1018753E+01 -0.6830795E+00
 -0.9936076E+00 -0.6816896E+00
 -0.9260165E+00 -0.6788328E+00
 -0.8210483E+00 -0.6743857E+00
 -0.6804723E+00 -0.6688176E+00
 -0.5099440E+00 -0.6636265E+00
 -0.3171842E+00 -0.6595576E+00
 -0.1113070E+00 -0.6573511E+00
  0.1002468E+00 -0.6573696E+00
  0.3074842E+00 -0.6595095E+00
  0.5006429E+00 -0.6634855E+00
  0.6720958E+00 -0.6685485E+00
  0.8145260E+00 -0.6738617E+00
  0.9212536E+00 -0.6785083E+00
  0.9857252E+00 -0.6815578E+00
  0.1004546E+01 -0.6824687E+00
  0.9810190E+00 -0.6816403E+00
  0.9188631E+00 -0.6789960E+00
  0.8135104E+00 -0.6741168E+00
  0.6732889E+00 -0.6687149E+00
  0.5058188E+00 -0.6639470E+00
  0.3113230E+00 -0.6624359E+00
  0.6228489E-01 -0.6774727E+00
  0.1404164E+00 -0.6982220E+00
 -0.1891754E+00 -0.6798387E+00
  0.4079557E-01 -0.7034881E+00
  0.6161806E-01 -0.6824628E+00
  0.2387781E+00 -0.6872417E+00
  0.6064927E-01 -0.6853940E+00
  0.2658229E+00 -0.6776237E+00
  0.1548364E+00 -0.6910425E+00
  0.1778895E+00 -0.6920912E+00
  0.1993258E+00 -0.6936259E+00
  0.2197054E+00 -0.6954392E+00
  0.2389148E+00 -0.6972835E+00
  0.2567674E+00 -0.6991780E+00
  0.2734034E+00 -0.7011108E+00
  0.2888409E+00 -0.7030061E+00
  0.3029219E+00 -0.7048683E+00
  0.3157310E+00 -0.7065761E+00
  0.3272255E+00 -0.7081337E+00
  0.3371206E+00 -0.7095594E+00
  0.3455705E+00 -0.7108092E+00
  0.3526927E+00 -0.7118853E+00
  0.3582237E+00 -0.7128100E+00
  0.3620602E+00 -0.7134538E+00
  0.3642598E+00 -0.7138355E+00
  0.3647501E+00 -0.7139881E+00
  0.3635634E+00 -0.7138105E+00
  0.3608454E+00 -0.7133620E+00
  0.3565121E+00 -0.7127224E+00
  0.3505633E+00 -0.7117761E+00
  0.3431017E+00 -0.7105781E+00
  0.3340917E+00 -0.7092679E+00
  0.3235528E+00 -0.7077135E+00
  0.3116223E+00 -0.7059982E+00
  0.2982643E+00 -0.7042266E+00
  0.2835532E+00 -0.7023108E+00
  0.2676202E+00 -0.7003269E+00
  0.2504537E+00 -0.6983804E+00
  0.2321505E+00 -0.6963902E+00
  0.2128552E+00 -0.6944271E+00
  0.1925762E+00 -0.6926101E+00
  0.1714258E+00 -0.6908506E+00
  0.1495607E+00 -0.6892146E+00
  0.1270078E+00 -0.6877974E+00
  0.1038949E+00 -0.6864986E+00
  0.8033360E-01 -0.6854240E+00
  0.5641911E-01 -0.6847826E+00
  0.3213735E-01 -0.6843517E+00
  0.7623430E-02 -0.6840670E+00
 -0.1690102E-01 -0.6840792E+00
 -0.4133259E-01 -0.6843318E+00
 -0.6558078E-01 -0.6848064E+00
 -0.8953446E-01 -0.6856118E+00
 -0.1130357E+00 -0.6865832E+00
 -0.1357821E+00 -0.6876951E+00
 -0.1578726E+00 -0.6892244E+00
 -0.1796432E+00 -0.6909057E+00
 -0.2006774E+00 -0.6926023E+00
 -0.2208363E+00 -0.6944940E+00
 -0.2402964E+00 -0.6964223E+00
 -0.2587600E+00 -0.6983271E+00
 -0.2760411E+00 -0.7003068E+00
 -0.2921686E+00 -0.7022489E+00
 -0.3069808E+00 -0.7041073E+00
 -0.3204294E+00 -0.7059550E+00
 -0.3326403E+00 -0.7076708E+00
 -0.3434109E+00 -0.7092147E+00
 -0.3525806E+00 -0.7106888E+00
 -0.3603251E+00 -0.7119150E+00
 -0.3666120E+00 -0.7129133E+00
 -0.3711950E+00 -0.7136614E+00
 -0.3739638E+00 -0.7141383E+00
 -0.3749955E+00 -0.7144280E+00
 -0.3742636E+00 -0.7145727E+00
 -0.3717192E+00 -0.7144067E+00
 -0.3675883E+00 -0.7139899E+00
 -0.3619701E+00 -0.7132559E+00
 -0.3550580E+00 -0.7122881E+00
 -0.3470463E+00 -0.7109557E+00
 -0.3378358E+00 -0.7094905E+00
 -0.3271049E+00 -0.7078865E+00
 -0.3147296E+00 -0.7060938E+00
 -0.3007616E+00 -0.7041809E+00
 -0.2854454E+00 -0.7022208E+00
 -0.2689344E+00 -0.7002673E+00
 -0.2511947E+00 -0.6982860E+00
 -0.2321675E+00 -0.6962652E+00
 -0.2120730E+00 -0.6943218E+00
 -0.1914958E+00 -0.6925829E+00
 -0.1704070E+00 -0.6909466E+00
 -0.1485410E+00 -0.6893014E+00
 -0.1261526E+00 -0.6877806E+00
 -0.1037110E+00 -0.6863031E+00
 -0.8119842E-01 -0.6852798E+00
 -0.5864340E-01 -0.6847227E+00
 -0.7558322E+00 -0.6870611E+00
 -0.5777204E+00 -0.6766081E+00
 -0.7510972E-01 -0.6809971E+00
 -0.8665887E-01 -0.6805941E+00
  0.2164635E+00 -0.6877047E+00
 -0.1008712E+00 -0.6784297E+00
 -0.1309257E+00 -0.6777204E+00
 -0.3662393E+00 -0.6613517E+00
 -0.8115042E+00 -0.6904629E+00
 -0.8279729E+00 -0.6910124E+00
 -0.6589509E-01 -0.6801679E+00
 -0.8050066E+00 -0.6894458E+00
 -0.7511073E+00 -0.6874741E+00
 -0.6683095E+00 -0.6833069E+00
 -0.5554656E+00 -0.6772969E+00
 -0.4184546E+00 -0.6721547E+00
 -0.2623674E+00 -0.6681136E+00
 -0.9453125E-01 -0.6660030E+00
  0.8108360E-01 -0.6660302E+00
  0.2527169E+00 -0.6682213E+00
  0.4099785E+00 -0.6721352E+00
  0.5482718E+00 -0.6770219E+00
  0.6625270E+00 -0.6820912E+00
  0.7474410E+00 -0.6865423E+00
  0.7976396E+00 -0.6893835E+00
  0.8117545E+00 -0.6903494E+00
  0.7941444E+00 -0.6903918E+00
  0.7495067E+00 -0.6881312E+00
  0.6627987E+00 -0.6825594E+00
  0.5519892E+00 -0.6773539E+00
  0.4230613E+00 -0.6742187E+00
 -0.6743760E+00 -0.6805572E+00
  0.8605709E-01 -0.6869878E+00
  0.1303536E+00 -0.6889749E+00
  0.1086913E+00 -0.6864476E+00
 -0.5241067E+00 -0.6648957E+00
  0.2007807E+00 -0.6907644E+00
  0.3773593E+00 -0.6836120E+00
  0.1736107E+00 -0.6876649E+00
  0.2016021E+00 -0.6878734E+00
  0.2724822E+00 -0.6931629E+00
  0.2926490E+00 -0.6948270E+00
  0.3112333E+00 -0.6968416E+00
  0.3286166E+00 -0.6989183E+00
  0.3443767E+00 -0.7006810E+00
  0.3587130E+00 -0.7023798E+00
  0.3715068E+00 -0.7040790E+00
  0.3823294E+00 -0.7052333E+00
  0.3916061E+00 -0.7064846E+00
  0.3998610E+00 -0.7077865E+00
  0.4064344E+00 -0.7088271E+00
  0.4106155E+00 -0.7094484E+00
  0.4127271E+00 -0.7099382E+00
  0.4129899E+00 -0.7100036E+00
  0.4111564E+00 -0.7096581E+00
  0.4077567E+00 -0.7092251E+00
  0.4028164E+00 -0.7085834E+00
  0.3958629E+00 -0.7074692E+00
  0.3872872E+00 -0.7062805E+00
  0.3771152E+00 -0.7049820E+00
  0.3650258E+00 -0.7032446E+00
  0.3514450E+00 -0.7015187E+00
  0.3363887E+00 -0.6997700E+00
  0.3196011E+00 -0.6976690E+00
  0.3015298E+00 -0.6956761E+00
  0.2821571E+00 -0.6937556E+00
  0.2613344E+00 -0.6915946E+00
  0.2394757E+00 -0.6896290E+00
  0.2165579E+00 -0.6878448E+00
  0.1925368E+00 -0.6859239E+00
  0.1678042E+00 -0.6842871E+00
  0.1422945E+00 -0.6829558E+00
  0.1160641E+00 -0.6814106E+00
  0.8950198E-01 -0.6801207E+00
  0.6277213E-01 -0.6797127E+00
  0.3496250E-01 -0.6796982E+00
  0.6574683E-02 -0.6793796E+00
 -0.2152440E-01 -0.6792856E+00
 -0.4949627E-01 -0.6796386E+00
 -0.7719502E-01 -0.6801552E+00
 -0.1043438E+00 -0.6809790E+00
 -0.1307851E+00 -0.6819053E+00
 -0.1554876E+00 -0.6824029E+00
 -0.1793877E+00 -0.6840335E+00
 -0.2040647E+00 -0.6863088E+00
 -0.2277621E+00 -0.6878235E+00
 -0.2504661E+00 -0.6898926E+00
 -0.2729316E+00 -0.6921306E+00
 -0.2939694E+00 -0.6940899E+00
 -0.3134719E+00 -0.6960704E+00
 -0.3316988E+00 -0.6981004E+00
 -0.3481582E+00 -0.6999689E+00
 -0.3631913E+00 -0.7017648E+00
 -0.3770975E+00 -0.7036232E+00
 -0.3890415E+00 -0.7051985E+00
 -0.3991331E+00 -0.7067461E+00
 -0.4079776E+00 -0.7081124E+00
 -0.4151277E+00 -0.7091603E+00
 -0.4200049E+00 -0.7097759E+00
 -0.4223888E+00 -0.7099593E+00
 -0.4229095E+00 -0.7102144E+00
 -0.4217444E+00 -0.7102889E+00
 -0.4181333E+00 -0.7097226E+00
 -0.4128242E+00 -0.7093262E+00
 -0.4061395E+00 -0.7081822E+00
 -0.3981437E+00 -0.7073516E+00
 -0.3897283E+00 -0.7057502E+00
 -0.3801980E+00 -0.7046399E+00
 -0.3684412E+00 -0.7032992E+00
 -0.3542360E+00 -0.7014049E+00
 -0.3379899E+00 -0.6992363E+00
 -0.3204642E+00 -0.6972329E+00
 -0.3016692E+00 -0.6953957E+00
 -0.2812083E+00 -0.6934200E+00
 -0.2589123E+00 -0.6910849E+00
 -0.2356036E+00 -0.6883569E+00
 -0.2131412E+00 -0.6865659E+00
 -0.1903503E+00 -0.6856540E+00
 -0.1657734E+00 -0.6840858E+00
 -0.1406322E+00 -0.6825217E+00
 -0.1164014E+00 -0.6808586E+00
 -0.9170589E-01 -0.6808795E+00
 -0.6865464E+00 -0.7003000E+00
 -0.7122212E+00 -0.7033589E+00
  0.1049166E+00 -0.6762272E+00
 -0.4556758E+00 -0.6728366E+00
 -0.6525645E+00 -0.6970081E+00
  0.2725514E+00 -0.6865585E+00
  0.9958190E-01 -0.6832137E+00
 -0.1234490E+00 -0.6816679E+00
  0.4572282E-01 -0.6849040E+00
 -0.6411470E+00 -0.7002685E+00
  0.2264545E+00 -0.6888472E+00
 -0.6992803E+00 -0.7027084E+00
  0.2269974E-01 -0.6898525E+00
  0.1493990E+00 -0.6845628E+00
 -0.4779202E+00 -0.6878996E+00
 -0.3636242E+00 -0.6824164E+00
 -0.2309084E+00 -0.6781272E+00
 -0.8647676E-01 -0.6761584E+00
  0.7003249E-01 -0.6761576E+00
  0.2221383E+00 -0.6786588E+00
  0.3567839E+00 -0.6828655E+00
  0.4735994E+00 -0.6879178E+00
  0.5695959E+00 -0.6931269E+00
  0.6405299E+00 -0.6976452E+00
  0.6818327E+00 -0.7005232E+00
  0.6922017E+00 -0.7017032E+00
  0.6752458E+00 -0.7036096E+00
  0.6501828E+00 -0.7020349E+00
  0.5699154E+00 -0.6931818E+00
  0.4787688E+00 -0.6873760E+00
 -0.5920388E+00 -0.6897081E+00
 -0.1068457E+00 -0.6834662E+00
  0.2502350E+00 -0.6912206E+00
 -0.1376233E+00 -0.6760608E+00
  0.1029231E+00 -0.6717649E+00
 -0.5731258E+00 -0.6961181E+00
 -0.1670705E+00 -0.6787407E+00
  0.2456392E+00 -0.6935702E+00
  0.1882805E+00 -0.6876711E+00
 -0.3208674E+00 -0.6927634E+00
 -0.2343719E+00 -0.6833050E+00
  0.1235263E+00 -0.6757820E+00
  0.2205760E+00 -0.6873886E+00
 -0.6076157E+00 -0.7166346E+00
  0.3012290E+00 -0.6935660E+00
  0.3228640E+00 -0.6944196E+00
  0.3792646E+00 -0.7000917E+00
  0.3945684E+00 -0.7018015E+00
  0.4088438E+00 -0.7038897E+00
  0.4195495E+00 -0.7040231E+00
  0.4292951E+00 -0.7051491E+00
  0.4399423E+00 -0.7071488E+00
  0.4487190E+00 -0.7087119E+00
  0.4528657E+00 -0.7089449E+00
  0.4543677E+00 -0.7096330E+00
  0.4542984E+00 -0.7098385E+00
  0.4510109E+00 -0.7088011E+00
  0.4470376E+00 -0.7084174E+00
  0.4420256E+00 -0.7083985E+00
  0.4336977E+00 -0.7066522E+00
  0.4244061E+00 -0.7054639E+00
  0.4137393E+00 -0.7048098E+00
  0.3998272E+00 -0.7024606E+00
  0.3851813E+00 -0.7007446E+00
  0.3690553E+00 -0.6996284E+00
  0.3500087E+00 -0.6969310E+00
  0.3305257E+00 -0.6949587E+00
  0.3095433E+00 -0.6936699E+00
  0.2860669E+00 -0.6909594E+00
  0.2625029E+00 -0.6889986E+00
  0.2374661E+00 -0.6878098E+00
  0.2105319E+00 -0.6853406E+00
  0.1838063E+00 -0.6837960E+00
  0.1554140E+00 -0.6832913E+00
  0.1258256E+00 -0.6808437E+00
  0.9739006E-01 -0.6780429E+00
  0.6997253E-01 -0.6786419E+00
  0.3848134E-01 -0.6806378E+00
  0.5168797E-02 -0.6792676E+00
 -0.2619216E-01 -0.6790236E+00
 -0.5805508E-01 -0.6800862E+00
 -0.8910320E-01 -0.6798914E+00
 -0.1187446E+00 -0.6810716E+00
 -0.1486484E+00 -0.6828598E+00
 -0.1719791E+00 -0.6794323E+00
 -0.1955032E+00 -0.6814328E+00
 -0.2234825E+00 -0.6870943E+00
 -0.2496442E+00 -0.6863347E+00
 -0.2740731E+00 -0.6890712E+00
 -0.3008220E+00 -0.6926938E+00
 -0.3242007E+00 -0.6937094E+00
 -0.3451649E+00 -0.6956373E+00
 -0.3655548E+00 -0.6981269E+00
 -0.3830366E+00 -0.6993747E+00
 -0.3992071E+00 -0.7009111E+00
 -0.4156087E+00 -0.7036394E+00
 -0.4285401E+00 -0.7045704E+00
 -0.4388745E+00 -0.7063979E+00
 -0.4492993E+00 -0.7082950E+00
 -0.4578234E+00 -0.7092668E+00
 -0.4624072E+00 -0.7096781E+00
 -0.4628623E+00 -0.7089426E+00
 -0.4625158E+00 -0.7093425E+00
 -0.4614004E+00 -0.7100129E+00
 -0.4556867E+00 -0.7080519E+00
 -0.4491771E+00 -0.7087340E+00
 -0.4418679E+00 -0.7061549E+00
 -0.4325105E+00 -0.7063309E+00
 -0.4251288E+00 -0.7032437E+00
 -0.4173524E+00 -0.7042462E+00
 -0.4048214E+00 -0.7034760E+00
 -0.3882529E+00 -0.7010232E+00
 -0.3690403E+00 -0.6980472E+00
 -0.3497204E+00 -0.6962764E+00
 -0.3290713E+00 -0.6951666E+00
 -0.3057008E+00 -0.6933738E+00
 -0.2792447E+00 -0.6907172E+00
 -0.2530878E+00 -0.6848227E+00
 -0.2309725E+00 -0.6829544E+00
 -0.2103421E+00 -0.6863697E+00
 -0.1814082E+00 -0.6840003E+00
 -0.1537995E+00 -0.6807548E+00
  0.2754201E+00 -0.6915215E+00
  0.2476352E+00 -0.6873505E+00
  0.1396945E+00 -0.6893820E+00
 -0.8167445E-01 -0.6865279E+00
 -0.4247639E+00 -0.7008607E+00
 -0.5694714E+00 -0.7098249E+00
 -0.4908009E+00 -0.7148567E+00
 -0.1643188E+00 -0.6836285E+00
  0.2950269E+00 -0.6737843E+00
 -0.5951446E+00 -0.7110393E+00
  0.3197992E+00 -0.6921861E+00
  0.3403964E+00 -0.6970775E+00
 -0.4169523E+00 -0.6986357E+00
 -0.3216732E+00 -0.6918501E+00
  0.6251555E-01 -0.6871206E+00
  0.2016885E+00 -0.6894218E+00
  0.3176081E+00 -0.6936241E+00
  0.4171422E+00 -0.6988151E+00
  0.4988984E+00 -0.7042295E+00
  0.5596963E+00 -0.7088859E+00
  0.5951561E+00 -0.7117286E+00
  0.6018608E+00 -0.7122488E+00
  0.1861904E+00 -0.6533190E+00
  0.5544010E+00 -0.7243435E+00
  0.4966723E+00 -0.7049677E+00
  0.4206768E+00 -0.6968910E+00
 -0.5080935E+00 -0.7105309E+00
  0.3426946E+00 -0.6964449E+00
 -0.2072129E+00 -0.6873164E+00
  0.3623279E+00 -0.6990374E+00
  0.2726330E+00 -0.6799374E+00
  0.2952337E+00 -0.6942981E+00
 -0.1305083E+00 -0.6787093E+00
 -0.1779274E+00 -0.6755682E+00
  0.3292605E+00 -0.6949795E+00
  0.5299645E-01 -0.7135715E+00
  0.4550748E-01 -0.6758671E+00
 -0.5320128E+00 -0.7253048E+00
 -0.2742976E+00 -0.7037980E+00
  0.4423547E+00 -0.7047688E+00
  0.3497043E+00 -0.6908912E+00
  0.4096996E+00 -0.6966234E+00
  0.4248689E+00 -0.6986171E+00
  0.4592535E+00 -0.7008653E+00
  0.4756584E+00 -0.7054290E+00
  0.4925313E+00 -0.7074762E+00
  0.4950212E+00 -0.7051151E+00
  0.4923713E+00 -0.7076027E+00
  0.4933627E+00 -0.7101688E+00
  0.4851628E+00 -0.7052292E+00
  0.4809934E+00 -0.7052365E+00
  0.4782919E+00 -0.7093661E+00
  0.4662510E+00 -0.7031469E+00
  0.4570051E+00 -0.7020538E+00
  0.4479401E+00 -0.7058629E+00
  0.4298199E+00 -0.6989610E+00
  0.4152231E+00 -0.6974118E+00
  0.3997777E+00 -0.7007691E+00
  0.3761700E+00 -0.6935272E+00
  0.3567524E+00 -0.6917624E+00
  0.3354872E+00 -0.6949391E+00
  0.3072951E+00 -0.6876392E+00
  0.2837515E+00 -0.6859308E+00
  0.2574590E+00 -0.6891633E+00
  0.2257676E+00 -0.6820865E+00
  0.1989239E+00 -0.6807859E+00
  0.1664922E+00 -0.6856706E+00
  0.1298531E+00 -0.6792874E+00
  0.8630501E-01 -0.6796921E+00
  0.3232841E-02 -0.6755740E+00
 -0.2924734E-01 -0.6758108E+00
 -0.6708709E-01 -0.6819139E+00
 -0.1014750E+00 -0.6764650E+00
 -0.1316509E+00 -0.6783032E+00
 -0.1758645E+00 -0.6924641E+00
 -0.2358436E+00 -0.6976803E+00
 -0.2884142E+00 -0.6928651E+00
 -0.3268338E+00 -0.6950834E+00
 -0.3511461E+00 -0.6901904E+00
 -0.3716990E+00 -0.6926242E+00
 -0.3961866E+00 -0.6989264E+00
 -0.4127578E+00 -0.6963048E+00
 -0.4288763E+00 -0.6962866E+00
 -0.4532040E+00 -0.7049277E+00
 -0.4671364E+00 -0.7006246E+00
 -0.4734749E+00 -0.7034633E+00
 -0.4871131E+00 -0.7086629E+00
 -0.4984865E+00 -0.7084798E+00
 -0.5027757E+00 -0.7099277E+00
 -0.4967005E+00 -0.7048292E+00
 -0.4952269E+00 -0.7059957E+00
 -0.4963850E+00 -0.7127335E+00
  0.9375206E-01 -0.6838439E+00
 -0.4595539E+00 -0.7041466E+00
 -0.4555482E+00 -0.7057304E+00
 -0.4398780E+00 -0.7050439E+00
 -0.4188579E+00 -0.6999851E+00
 -0.3951486E+00 -0.6939740E+00
 -0.3753300E+00 -0.6930599E+00
 -0.3536270E+00 -0.6952473E+00
 -0.3266218E+00 -0.6924571E+00
 -0.2908568E+00 -0.6930802E+00
 -0.5943570E+00 -0.6947997E+00
  0.3693811E+00 -0.6936027E+00
 -0.7384333E-01 -0.7048348E+00
 -0.3737956E+00 -0.7162309E+00
 -0.4897632E+00 -0.7256300E+00
 -0.4236758E+00 -0.7102656E+00
  0.3721868E+00 -0.7038984E+00
 -0.1869355E+00 -0.6987003E+00
  0.1767827E+00 -0.7082652E+00
 -0.2277755E+00 -0.6804840E+00
  0.3936778E+00 -0.7004215E+00
  0.2756914E+00 -0.7095013E+00
  0.3594048E+00 -0.7150432E+00
  0.4284743E+00 -0.7205027E+00
  0.4800863E+00 -0.7252775E+00
  0.5126416E+00 -0.7271347E+00
  0.5324436E+00 -0.7192452E+00
 -0.9044026E-01 -0.6601614E+00
  0.4718659E+00 -0.7308217E+00
  0.4254836E+00 -0.7199220E+00
 -0.4972478E-01 -0.6756104E+00
 -0.5327882E+00 -0.7166623E+00
  0.4500827E+00 -0.6993781E+00
 -0.6115195E+00 -0.7198624E+00
 -0.5441775E+00 -0.7167633E+00
 -0.4834612E+00 -0.7170931E+00
 -0.5395513E+00 -0.7136906E+00
 -0.3622968E+00 -0.7099101E+00
 -0.4419883E+00 -0.7201998E+00
  0.1169206E+00 -0.6784776E+00
 -0.3208547E+00 -0.6934437E+00
 -0.3338068E+00 -0.6744120E+00
 -0.2446819E+00 -0.6873378E+00
 -0.1537340E+00 -0.6869487E+00
 -0.1589257E+00 -0.6999224E+00
 -0.4362482E+00 -0.6510373E+00
 -0.7117530E+00 -0.6700484E+00
  0.5448465E+00 -0.7069865E+00
  0.5854577E+00 -0.7181451E+00
  0.2653003E+00 -0.6806968E+00
 -0.4982564E+00 -0.7015134E+00
 -0.1948960E+00 -0.6894774E+00
 -0.5540337E+00 -0.7166162E+00
 -0.5256083E+00 -0.7056143E+00
 -0.2668063E+00 -0.6793962E+00
 -0.4855948E+00 -0.7011354E+00
 -0.1396216E-01 -0.6745483E+00
 -0.4920466E+00 -0.7184777E+00
 -0.2115367E+00 -0.6917486E+00
 -0.4470527E+00 -0.6973680E+00
  0.4754339E+00 -0.6995235E+00
 -0.1295311E+00 -0.6770216E+00
  0.4459793E+00 -0.6969865E+00
  0.2270736E+00 -0.6804619E+00
 -0.3862475E+00 -0.6921123E+00
  0.3850887E+00 -0.6929777E+00
 -0.4096476E+00 -0.6923436E+00
  0.3162125E+00 -0.6859907E+00
  0.3919062E+00 -0.6917478E+00
  0.4516661E+00 -0.6971940E+00
  0.4931870E+00 -0.7016789E+00
  0.5156482E+00 -0.7050987E+00
  0.5278162E+00 -0.7143232E+00
 -0.5013105E+00 -0.7050790E+00
 -0.2560384E+00 -0.6868253E+00
 -0.1976951E+00 -0.6837227E+00
 -0.5208814E+00 -0.6986898E+00
  0.4995539E+00 -0.7020018E+00
 -0.4733990E+00 -0.6892687E+00
 -0.3068361E+00 -0.6789294E+00
 -0.2095646E+00 -0.1361244E+00
 -0.1749098E+00  0.1672484E-01
 -0.1637019E+00  0.5848534E-01
 -0.1579855E+00  0.7130312E-01
 -0.1543384E+00  0.7277683E-01
 -0.1515800E+00  0.6949635E-01
 -0.1492934E+00  0.6437747E-01
 -0.1472485E+00  0.5872009E-01
 -0.1453458E+00  0.5316598E-01
 -0.1435281E+00  0.4801718E-01
 -0.1417476E+00  0.4339194E-01
 -0.1399809E+00  0.3930792E-01
 -0.1382095E+00  0.3573851E-01
 -0.1364335E+00  0.3262059E-01
 -0.1346649E+00  0.2990836E-01
 -0.1329421E+00  0.2753351E-01
 -0.1313797E+00  0.2545367E-01
 -0.1302100E+00  0.2364697E-01
 -0.1299514E+00  0.2212819E-01
 -0.1318406E+00  0.2102307E-01
 -0.3898229E+00  0.1853102E-01
 -0.6307338E+00  0.1401316E-01
 -0.8440593E+00  0.8246105E-02
 -0.1020464E+01  0.2228800E-02
 -0.1152268E+01 -0.3010734E-02
 -0.1233698E+01 -0.6568674E-02
 -0.1261214E+01 -0.7846478E-02
 -0.1233641E+01 -0.6599830E-02
 -0.1152190E+01 -0.3048315E-02
 -0.1020397E+01  0.2189126E-02
 -0.8439946E+00  0.8207629E-02
 -0.6306711E+00  0.1397021E-01
 -0.3897582E+00  0.1848502E-01
 -0.1317856E+00  0.2097652E-01
  0.1319591E+00  0.2101937E-01
  0.3899299E+00  0.1861177E-01
  0.6308387E+00  0.1417521E-01
  0.8441507E+00  0.8482395E-02
  0.1020548E+01  0.2522469E-02
  0.1152338E+01 -0.2670200E-02
  0.1233777E+01 -0.6194576E-02
  0.1261319E+01 -0.7439091E-02
  0.1233765E+01 -0.6187622E-02
  0.1152315E+01 -0.2656712E-02
  0.1020516E+01  0.2542300E-02
  0.8441105E+00  0.8508462E-02
  0.6307919E+00  0.1420676E-01
  0.3898822E+00  0.1864770E-01
  0.1319096E+00  0.2105861E-01
  0.1300299E+00  0.2216326E-01
  0.1303055E+00  0.2368219E-01
  0.1314939E+00  0.2548876E-01
  0.1330764E+00  0.2756779E-01
  0.1348206E+00  0.2994422E-01
  0.1366187E+00  0.3266165E-01
  0.1384287E+00  0.3577323E-01
  0.1402366E+00  0.3934224E-01
  0.1420551E+00  0.4342438E-01
  0.1439006E+00  0.4804744E-01
  0.1457917E+00  0.5319332E-01
  0.1477646E+00  0.5874304E-01
  0.1498725E+00  0.6439394E-01
  0.1522123E+00  0.6950141E-01
  0.1549622E+00  0.7278135E-01
  0.1585190E+00  0.7126649E-01
  0.1639353E+00  0.5840105E-01
  0.1743334E+00  0.1662042E-01
  0.2066034E+00 -0.1359207E+00
  0.6131645E+00 -0.1401287E+00
  0.9932463E+00 -0.1477645E+00
  0.1330152E+01 -0.1574213E+00
  0.1608766E+01 -0.1675221E+00
  0.1816711E+01 -0.1762961E+00
  0.1945047E+01 -0.1822317E+00
  0.1988429E+01 -0.1843107E+00
  0.1945027E+01 -0.1821937E+00
  0.1816653E+01 -0.1762834E+00
  0.1608782E+01 -0.1675690E+00
  0.1330497E+01 -0.1575415E+00
  0.9939267E+00 -0.1479760E+00
  0.6138468E+00 -0.1405456E+00
  0.2068828E+00 -0.1365026E+00
 -0.2091970E+00 -0.1365649E+00
 -0.6162118E+00 -0.1407176E+00
 -0.9963282E+00 -0.1482845E+00
 -0.1332888E+01 -0.1579752E+00
 -0.1611154E+01 -0.1680443E+00
 -0.1819104E+01 -0.1768083E+00
 -0.1947813E+01 -0.1827141E+00
 -0.1991578E+01 -0.1848022E+00
 -0.1948304E+01 -0.1826598E+00
 -0.1819744E+01 -0.1765815E+00
 -0.1611385E+01 -0.1675953E+00
 -0.1332050E+01 -0.1572390E+00
 -0.9938171E+00 -0.1471772E+00
 -0.6146532E+00 -0.1399759E+00
 -0.4675788E+00  0.6819473E-01
 -0.4568576E+00  0.6977656E-01
 -0.4487489E+00  0.6656709E-01
 -0.4419454E+00  0.6148486E-01
 -0.4358416E+00  0.5587399E-01
 -0.4301523E+00  0.5036098E-01
 -0.4247062E+00  0.4524856E-01
 -0.4193803E+00  0.4065756E-01
 -0.4141012E+00  0.3660351E-01
 -0.4088665E+00  0.3304067E-01
 -0.4036656E+00  0.2994984E-01
 -0.3984318E+00  0.2729320E-01
 -0.3932782E+00  0.2496441E-01
 -0.3885826E+00  0.2291588E-01
 -0.3850644E+00  0.2113301E-01
 -0.3842528E+00  0.1963595E-01
 -0.6217290E+00  0.1511163E-01
 -0.8320174E+00  0.9352881E-02
 -0.1006004E+01  0.3371438E-02
 -0.1135973E+01 -0.1887294E-02
 -0.1216202E+01 -0.5466305E-02
 -0.1243079E+01 -0.6819909E-02
 -0.1215810E+01 -0.5582583E-02
 -0.1135541E+01 -0.2015539E-02
 -0.1005684E+01  0.3248753E-02
 -0.8318432E+00  0.9286906E-02
 -0.6215962E+00  0.1506178E-01
 -0.3841338E+00  0.1958377E-01
 -0.1298572E+00  0.2207819E-01
  0.1301101E+00  0.2212006E-01
  0.3843839E+00  0.1970780E-01
  0.6218396E+00  0.1526431E-01
  0.8320914E+00  0.9563069E-02
  0.1005957E+01  0.3594212E-02
  0.1135853E+01 -0.1605756E-02
  0.1216116E+01 -0.5134802E-02
  0.1243254E+01 -0.6380823E-02
  0.1216089E+01 -0.5127262E-02
  0.1135804E+01 -0.1590443E-02
  0.1005893E+01  0.3617177E-02
  0.8320140E+00  0.9592605E-02
  0.6217557E+00  0.1529990E-01
  0.3842983E+00  0.1974851E-01
  0.3850924E+00  0.2123807E-01
  0.3885797E+00  0.2301118E-01
  0.3932327E+00  0.2505718E-01
  0.3983619E+00  0.2740170E-01
  0.4036554E+00  0.3008810E-01
  0.4089748E+00  0.3316956E-01
  0.4142883E+00  0.3670678E-01
  0.4196176E+00  0.4075593E-01
  0.4250076E+00  0.4534186E-01
  0.4305324E+00  0.5044617E-01
  0.4362960E+00  0.5594728E-01
  0.4424646E+00  0.6154129E-01
  0.4493316E+00  0.6658596E-01
  0.4574494E+00  0.6977165E-01
  0.4680752E+00  0.6815660E-01
  0.4843562E+00  0.5513470E-01
  0.5157827E+00  0.1311839E-01
  0.8347043E+00  0.6767248E-02
  0.1117155E+01 -0.1367185E-02
  0.1350779E+01 -0.9835641E-02
  0.1525263E+01 -0.1720086E-01
  0.1633021E+01 -0.2220860E-01
  0.1669426E+01 -0.2395866E-01
  0.1632978E+01 -0.2219365E-01
  0.1525217E+01 -0.1720797E-01
  0.1350842E+01 -0.9894443E-02
  0.1117375E+01 -0.1468112E-02
  0.8350162E+00  0.6584918E-02
  0.5161124E+00  0.1283672E-01
  0.1746083E+00  0.1622598E-01
 -0.1745263E+00  0.1618969E-01
 -0.5160452E+00  0.1268703E-01
 -0.8349851E+00  0.6329866E-02
 -0.1117378E+01 -0.1807123E-02
 -0.1350924E+01 -0.1028226E-01
 -0.1525435E+01 -0.1765205E-01
 -0.1633319E+01 -0.2263161E-01
 -0.1669928E+01 -0.2436181E-01
 -0.1633622E+01 -0.2255129E-01
 -0.1525910E+01 -0.1748404E-01
 -0.1351420E+01 -0.9943726E-02
 -0.1117780E+01 -0.1333484E-02
 -0.8351989E+00  0.6942213E-02
 -0.5163524E+00  0.1332364E-01
 -0.4841420E+00  0.5525617E-01
 -0.7393956E+00  0.6425430E-01
 -0.7053334E+00  0.5069256E-01
 -0.6961109E+00  0.4526198E-01
 -0.6872590E+00  0.4022098E-01
 -0.6786160E+00  0.3569250E-01
 -0.6701093E+00  0.3166182E-01
 -0.6618595E+00  0.2811496E-01
 -0.6536078E+00  0.2512091E-01
 -0.6452367E+00  0.2251006E-01
 -0.6368208E+00  0.2031177E-01
 -0.6289905E+00  0.1834429E-01
 -0.6231076E+00  0.1659489E-01
 -0.8340302E+00  0.1081406E-01
 -0.1138907E+01 -0.6631569E-03
 -0.1008742E+01  0.4772031E-02
 -0.1219100E+01 -0.4279520E-02
 -0.1245492E+01 -0.5672147E-02
 -0.1217888E+01 -0.4437312E-02
 -0.1137440E+01 -0.8340175E-03
 -0.1007498E+01  0.4516887E-02
 -0.8334140E+00  0.1064096E-01
 -0.6227982E+00  0.1648943E-01
 -0.3848774E+00  0.2106630E-01
 -0.1300865E+00  0.2359019E-01
  0.1304125E+00  0.2363246E-01
  0.3852039E+00  0.2119246E-01
  0.6231427E+00  0.1669779E-01
  0.8338209E+00  0.1093095E-01
  0.1008037E+01  0.4894185E-02
  0.1138190E+01 -0.3650744E-03
  0.1218614E+01 -0.3934601E-02
  0.1245804E+01 -0.5194633E-02
  0.1218584E+01 -0.3925719E-02
  0.1138132E+01 -0.3476695E-03
  0.1007954E+01  0.4920097E-02
  0.8337244E+00  0.1096495E-01
  0.6230334E+00  0.1673879E-01
  0.6286700E+00  0.1845032E-01
  0.6444846E+00  0.2272295E-01
  0.6361905E+00  0.2043623E-01
  0.6530348E+00  0.2535473E-01
  0.6616409E+00  0.2838144E-01
  0.6702304E+00  0.3186226E-01
  0.6788370E+00  0.3585159E-01
  0.6875399E+00  0.4037261E-01
  0.6964543E+00  0.4540295E-01
  0.7057592E+00  0.5082061E-01
  0.7157221E+00  0.5631622E-01
  0.7268268E+00  0.6123479E-01
  0.7399353E+00  0.6428324E-01
  0.7571493E+00  0.6249546E-01
  0.7836044E+00  0.4922227E-01
  0.1048591E+01  0.4166282E-01
  0.1431456E+01  0.2692206E-01
  0.1267733E+01  0.3379032E-01
  0.1532616E+01  0.2225021E-01
  0.1566821E+01  0.2061173E-01
  0.1532631E+01  0.2224470E-01
  0.1431513E+01  0.2689198E-01
  0.1267869E+01  0.3372158E-01
  0.1048782E+01  0.4157810E-01
  0.7838479E+00  0.4910141E-01
  0.4846268E+00  0.5495113E-01
  0.1641976E+00  0.5810079E-01
 -0.1634015E+00  0.5804195E-01
 -0.4838459E+00  0.5477641E-01
 -0.7830988E+00  0.4885305E-01
 -0.1048091E+01  0.4129203E-01
 -0.1267247E+01  0.3337204E-01
 -0.1430995E+01  0.2652443E-01
 -0.1532233E+01  0.2186685E-01
 -0.1566543E+01  0.2024425E-01
 -0.1532422E+01  0.2193759E-01
 -0.1431314E+01  0.2666363E-01
 -0.1267609E+01  0.3363759E-01
 -0.1048446E+01  0.4164593E-01
 -0.7834176E+00  0.4928281E-01
 -0.7262608E+00  0.6118960E-01
 -0.7152263E+00  0.5621041E-01
 -0.7566774E+00  0.6251901E-01
 -0.9196205E+00  0.3380641E-01
 -0.9315161E+00  0.3875541E-01
 -0.8967985E+00  0.2536536E-01
 -0.8858756E+00  0.2193347E-01
 -0.8750881E+00  0.1891873E-01
 -0.8641871E+00  0.1635328E-01
 -0.8530358E+00  0.1426319E-01
 -0.8422876E+00  0.1249426E-01
 -0.1256772E+01 -0.4096381E-02
 -0.1228215E+01 -0.3056898E-02
 -0.1149912E+01  0.7161700E-03
 -0.1230525E+01 -0.2913458E-02
 -0.1018797E+01  0.6164444E-02
 -0.1147199E+01  0.7269756E-03
 -0.1016212E+01  0.6072404E-02
 -0.8407430E+00  0.1226812E-01
 -0.6283237E+00  0.1819333E-01
 -0.3882969E+00  0.2283171E-01
 -0.1312222E+00  0.2538849E-01
  0.1316223E+00  0.2543064E-01
  0.3887096E+00  0.2295808E-01
  0.6287932E+00  0.1840371E-01
  0.8413696E+00  0.1256055E-01
  0.1017152E+01  0.6443403E-02
  0.1148475E+01  0.1114040E-02
  0.1229622E+01 -0.2502384E-02
  0.1257053E+01 -0.3778178E-02
  0.1229590E+01 -0.2491909E-02
  0.1148417E+01  0.1134620E-02
  0.1017068E+01  0.6473174E-02
  0.8412649E+00  0.1259986E-01
  0.8853633E+00  0.2224091E-01
  0.8968582E+00  0.2565042E-01
  0.8624129E+00  0.1672231E-01
  0.8738547E+00  0.1928354E-01
  0.8513232E+00  0.1450829E-01
  0.9083712E+00  0.2956344E-01
  0.9200084E+00  0.3400257E-01
  0.9319255E+00  0.3894045E-01
  0.9443570E+00  0.4425358E-01
  0.9576737E+00  0.4963226E-01
  0.9725273E+00  0.5440999E-01
  0.9900243E+00  0.5734076E-01
  0.1013131E+01  0.5528245E-01
  0.1513746E+01  0.3514570E-01
  0.1480711E+01  0.3672914E-01
  0.1382976E+01  0.4116702E-01
  0.1480693E+01  0.3671367E-01
  0.1224824E+01  0.4774077E-01
  0.1383032E+01  0.4116664E-01
  0.1224935E+01  0.4771136E-01
  0.1013301E+01  0.5524000E-01
  0.7573620E+00  0.6242214E-01
  0.4683044E+00  0.6803603E-01
  0.1587613E+00  0.7106283E-01
 -0.1577168E+00  0.7101294E-01
 -0.4672743E+00  0.6788408E-01
 -0.7563671E+00  0.6220250E-01
 -0.1012358E+01  0.5495681E-01
 -0.1224063E+01  0.4739918E-01
 -0.1382264E+01  0.4081018E-01
 -0.1480066E+01  0.3633517E-01
 -0.1513200E+01  0.3477378E-01
 -0.1480207E+01  0.3639593E-01
 -0.1382523E+01  0.4091876E-01
 -0.1224390E+01  0.4756712E-01
 -0.1012689E+01  0.5521934E-01
 -0.9719637E+00  0.5430951E-01
 -0.9571772E+00  0.4946722E-01
 -0.9080585E+00  0.2935275E-01
 -0.9895746E+00  0.5715816E-01
 -0.9439054E+00  0.4407518E-01
 -0.1083646E+01  0.1894694E-01
 -0.1070283E+01  0.1550028E-01
 -0.1031487E+01  0.7832033E-02
 -0.1160763E+01  0.2601545E-02
 -0.1028194E+01  0.7974938E-02
 -0.1242897E+01 -0.9476798E-03
 -0.1271803E+01 -0.2477136E-02
 -0.1163628E+01  0.2241808E-02
 -0.1245112E+01 -0.1304827E-02
  0.1126632E+01  0.3218063E-01
 -0.6357799E+00  0.2020251E-01
 -0.3928871E+00  0.2487403E-01
 -0.1327547E+00  0.2745921E-01
  0.1332201E+00  0.2750068E-01
  0.3933699E+00  0.2499577E-01
  0.6363134E+00  0.2038275E-01
  0.8514175E+00  0.1446422E-01
  0.1029293E+01  0.8268038E-02
  0.1162175E+01  0.2870610E-02
  0.1244288E+01 -0.7915835E-03
  0.1272056E+01 -0.2082974E-02
  0.1244269E+01 -0.7790833E-03
  0.1162136E+01  0.2894814E-02
  0.1029222E+01  0.8303257E-02
  0.1098166E+01  0.2298349E-01
  0.1112227E+01  0.2733750E-01
  0.1084246E+01  0.1914871E-01
  0.1070359E+01  0.1581234E-01
  0.1042628E+01  0.1044030E-01
  0.1056456E+01  0.1292775E-01
  0.9901732E+00  0.5730341E-01
  0.1141653E+01  0.3739141E-01
  0.1157746E+01  0.4264309E-01
  0.1175694E+01  0.4728198E-01
  0.1196886E+01  0.5001163E-01
  0.1351489E+01  0.4360842E-01
  0.1196970E+01  0.5001046E-01
  0.1446907E+01  0.3933123E-01
  0.1479207E+01  0.3778569E-01
  0.1351406E+01  0.4365510E-01
  0.1446907E+01  0.3932288E-01
  0.7400947E+00  0.6426708E-01
  0.4576452E+00  0.6968632E-01
  0.1551791E+00  0.7262524E-01
 -0.1540761E+00  0.7257738E-01
 -0.4565611E+00  0.6952713E-01
 -0.7390261E+00  0.6404649E-01
 -0.9891815E+00  0.5699826E-01
 -0.1196055E+01  0.4966493E-01
 -0.1350620E+01  0.4329669E-01
 -0.1446141E+01  0.3899905E-01
 -0.1478531E+01  0.3746001E-01
 -0.1446309E+01  0.3901458E-01
 -0.1350863E+01  0.4339202E-01
 -0.1196352E+01  0.4982561E-01
 -0.1141143E+01  0.3715819E-01
 -0.1097399E+01  0.2278735E-01
 -0.1157215E+01  0.4241333E-01
 -0.8507053E+00  0.1422550E-01
 -0.1175154E+01  0.4707335E-01
 -0.1126075E+01  0.3197354E-01
 -0.1044451E+01  0.9862293E-02
 -0.1057272E+01  0.1252760E-01
 -0.1111557E+01  0.2713678E-01
 -0.1222945E+01  0.1335115E-01
 -0.1207546E+01  0.9923682E-02
 -0.1260573E+01  0.6627336E-03
 -0.1176563E+01  0.4718488E-02
 -0.1042090E+01  0.1024957E-01
 -0.1178073E+01  0.4507585E-02
 -0.1259793E+01  0.9961525E-03
 -0.1288302E+01 -0.4688089E-03
  0.1307211E+01  0.3655814E-01
 -0.6441401E+00  0.2249942E-01
  0.1224223E+01  0.1348384E-01
 -0.1344609E+00  0.2983059E-01
 -0.3979998E+00  0.2722116E-01
  0.3985039E+00  0.2733162E-01
  0.6445970E+00  0.2266261E-01
  0.8624896E+00  0.1667216E-01
  0.1042672E+01  0.1040131E-01
  0.1177270E+01  0.4940075E-02
  0.1260454E+01  0.1234728E-02
  0.1288591E+01 -0.7172144E-04
  0.1260453E+01  0.1247666E-02
  0.1177257E+01  0.4966341E-02
  0.1192858E+01  0.7389543E-02
  0.9726429E+00  0.5433250E-01
  0.1255806E+01  0.2153357E-01
  0.1239928E+01  0.1724922E-01
  0.1208549E+01  0.1021115E-01
  0.4495379E+00  0.6644209E-01
  0.1327477E+01  0.4107599E-01
  0.1421285E+01  0.3682262E-01
  0.1289032E+01  0.3141646E-01
  0.1421268E+01  0.3685571E-01
  0.1524288E+00  0.6931663E-01
  0.1175771E+01  0.4722035E-01
  0.1327520E+01  0.4102547E-01
  0.1453004E+01  0.3534339E-01
  0.7269897E+00  0.6114164E-01
 -0.1513394E+00  0.6926122E-01
 -0.4484702E+00  0.6629253E-01
 -0.7259594E+00  0.6091906E-01
 -0.9716621E+00  0.5407485E-01
 -0.1174866E+01  0.4691752E-01
 -0.1326697E+01  0.4069387E-01
 -0.1420565E+01  0.3646529E-01
 -0.1452358E+01  0.3498191E-01
 -0.1420695E+01  0.3650296E-01
 -0.1326933E+01  0.4077920E-01
 -0.1271356E+01  0.2603995E-01
 -0.1238791E+01  0.1705668E-01
 -0.8620387E+00  0.1648136E-01
 -0.1306637E+01  0.3627852E-01
 -0.1192699E+01  0.6944988E-02
 -0.1254899E+01  0.2131196E-01
 -0.1288428E+01  0.3114572E-01
  0.1349741E+00  0.2986743E-01
  0.1272073E+01  0.2629296E-01
 -0.1292984E+01  0.6210180E-02
 -0.1305393E+01  0.1966107E-02
 -0.1056656E+01  0.1259464E-01
  0.1310690E+01  0.9634826E-02
  0.1367803E+00  0.3257623E-01
 -0.6528516E+00  0.2511060E-01
  0.1399550E+01  0.3242933E-01
  0.8739082E+00  0.1922853E-01
  0.1293923E+01  0.6406400E-02
  0.1361908E+01  0.2230151E-01
 -0.4033242E+00  0.2989985E-01
  0.6531370E+00  0.2528713E-01
  0.1192845E+01  0.7363466E-02
  0.1277117E+01  0.3615183E-02
  0.1305644E+01  0.2294296E-02
  0.1277139E+01  0.3628434E-02
 -0.1490428E+00  0.6418653E-01
  0.1344488E+01  0.1759086E-01
  0.1307168E+01  0.3654007E-01
  0.9577212E+00  0.4957488E-01
  0.1327495E+01  0.1335872E-01
 -0.7148799E+00  0.5601928E-01
  0.1500780E+00  0.6423061E-01
  0.7158390E+00  0.5622797E-01
 -0.4416299E+00  0.6128308E-01
  0.1399515E+01  0.3242204E-01
  0.1157734E+01  0.4260901E-01
  0.1380081E+01  0.2735875E-01
  0.1056457E+01  0.1288607E-01
  0.4037896E+00  0.3000955E-01
 -0.9568341E+00  0.4929709E-01
 -0.1156938E+01  0.4227867E-01
 -0.1306465E+01  0.3617347E-01
 -0.1398888E+01  0.3204358E-01
 -0.1430172E+01  0.3060360E-01
 -0.1398957E+01  0.3210156E-01
 -0.1379462E+01  0.2704598E-01
 -0.1326556E+01  0.1307503E-01
 -0.1343692E+01  0.1729845E-01
 -0.1309682E+01  0.9363512E-02
 -0.1362367E+00  0.3253854E-01
  0.4426401E+00  0.6141315E-01
 -0.1276502E+01  0.3236644E-02
 -0.1192983E+01  0.7009639E-02
 -0.1361214E+01  0.2199987E-01
  0.1430765E+01  0.3096830E-01
 -0.8739068E+00  0.1901050E-01
  0.1385936E+00  0.3567863E-01
 -0.1140963E+01  0.3702025E-01
 -0.9436218E+00  0.4391710E-01
 -0.1288444E+01  0.3101581E-01
  0.8853764E+00  0.2218121E-01
 -0.1470045E+00  0.5855804E-01
  0.1392254E+01  0.2088518E-01
 -0.4086584E+00  0.3296547E-01
  0.6617165E+00  0.2830836E-01
 -0.1322582E+01  0.4714889E-02
  0.1208488E+01  0.1018353E-01
  0.1293883E+01  0.6394123E-02
  0.9443541E+00  0.4420119E-01
  0.1374449E+01  0.1619404E-01
 -0.7050010E+00  0.5052450E-01
  0.7058392E+00  0.5073872E-01
  0.1288943E+01  0.3139483E-01
 -0.4355335E+00  0.5570147E-01
  0.1357077E+01  0.1198097E-01
  0.4364509E+00  0.5583291E-01
  0.1380018E+01  0.2734784E-01
 -0.1294353E+01  0.5989925E-02
  0.1322784E+01  0.5056442E-02
  0.1479578E+00  0.5860126E-01
  0.1141583E+01  0.3735796E-01
  0.1410852E+01  0.2591500E-01
 -0.1379550E+01  0.2696529E-01
 -0.1410295E+01  0.2557221E-01
 -0.1380171E+00  0.3563754E-01
 -0.1374004E+01  0.1584948E-01
 -0.1339684E+01  0.7897398E-02
 -0.1356724E+01  0.1156657E-01
 -0.1070891E+01  0.1538464E-01
  0.1339905E+01  0.8267904E-02
 -0.8856457E+00  0.2188749E-01
 -0.6615490E+00  0.2810311E-01
  0.1070314E+01  0.1576904E-01
 -0.1391757E+01  0.2052951E-01
 -0.1209116E+01  0.9826204E-02
  0.4091093E+00  0.3308415E-01
 -0.1361568E+01  0.2191293E-01
  0.6965111E+00  0.4532370E-01
 -0.1224786E+01  0.1300419E-01
  0.8968329E+00  0.2558994E-01
  0.1344404E+01  0.1758181E-01
  0.1084164E+01  0.1910568E-01
 -0.6701220E+00  0.3156617E-01
 -0.8970951E+00  0.2526680E-01
  0.1224126E+01  0.1345753E-01
  0.1310627E+01  0.9622797E-02
  0.9318870E+00  0.3888586E-01
 -0.1126210E+01  0.3178541E-01
  0.4306677E+00  0.5034043E-01
 -0.6958478E+00  0.4510345E-01
 -0.1397944E+00  0.3920079E-01
  0.1271945E+01  0.2627858E-01
 -0.4298830E+00  0.5020863E-01
  0.1126522E+01  0.3214756E-01
  0.1361821E+01  0.2229324E-01
  0.4144199E+00  0.3661809E-01
 -0.1311067E+01  0.9181998E-02
  0.1459748E+00  0.5306405E-01
 -0.1084783E+01  0.1874374E-01
 -0.9314041E+00  0.3858918E-01
  0.6702898E+00  0.3178636E-01
  0.1404028E+00  0.3924059E-01
  0.1327416E+01  0.1334733E-01
 -0.1451223E+00  0.5301994E-01
 -0.1327708E+01  0.1294369E-01
 -0.4139406E+00  0.3648229E-01
 -0.1271758E+01  0.2589223E-01
 -0.1344427E+01  0.1714445E-01
  0.6875863E+00  0.4029412E-01
 -0.9197739E+00  0.3363762E-01
 -0.1255825E+01  0.2110891E-01
  0.4197426E+00  0.4066198E-01
  0.1098052E+01  0.2294430E-01
 -0.6786130E+00  0.3554171E-01
 -0.1277229E+01  0.3339205E-02
 -0.1112164E+01  0.2693129E-01
  0.4251343E+00  0.4524302E-01
 -0.6871396E+00  0.4006825E-01
  0.1239809E+01  0.1722599E-01
 -0.1240250E+01  0.1682454E-01
 -0.4192132E+00  0.4052991E-01
 -0.4244937E+00  0.4510734E-01
  0.1255670E+01  0.2151124E-01
  0.9083224E+00  0.2950522E-01
  0.1440647E+00  0.4792985E-01
 -0.1415674E+00  0.4327001E-01
  0.9199551E+00  0.3394523E-01
  0.1112110E+01  0.2730052E-01
 -0.1433326E+00  0.4788376E-01
  0.1422158E+00  0.4331931E-01
  0.6788849E+00  0.3577392E-01
 -0.1098463E+01  0.2254424E-01
 -0.9084086E+00  0.2918860E-01
 -0.2518831E-01  0.9760237E+00
  0.2360248E+00  0.1040140E+01
 -0.2869605E+00  0.9250783E+00
 -0.2158708E+00  0.9719145E+00
 -0.3159618E+00  0.9877893E+00
 -0.3778605E+00  0.9865718E+00
 -0.4376568E+00  0.9825472E+00
 -0.4954810E+00  0.9779197E+00
 -0.5510963E+00  0.9728567E+00
 -0.6042438E+00  0.9674931E+00
 -0.6546936E+00  0.9619364E+00
 -0.7022241E+00  0.9562904E+00
 -0.7466338E+00  0.9506446E+00
 -0.7877209E+00  0.9451104E+00
 -0.8253202E+00  0.9398098E+00
 -0.8592840E+00  0.9347993E+00
 -0.8894532E+00  0.9301754E+00
 -0.9157163E+00  0.9260274E+00
 -0.9379327E+00  0.9224228E+00
 -0.9560157E+00  0.9194110E+00
 -0.9698980E+00  0.9170114E+00
 -0.9793558E+00  0.9152392E+00
 -0.9820560E+00  0.9122033E+00
 -0.9592822E+00  0.8937294E+00
  0.1667990E+00  0.9744697E+00
 -0.9305545E+00  0.8977713E+00
  0.4147065E+00  0.1030222E+01
 -0.8657501E+00  0.9082497E+00
  0.3524091E+00  0.9662397E+00
 -0.7667384E+00  0.9229297E+00
  0.5768526E+00  0.1015729E+01
 -0.6372905E+00  0.9394377E+00
  0.5240021E+00  0.9528306E+00
 -0.4823145E+00  0.9552096E+00
  0.7164348E+00  0.9996500E+00
 -0.3078575E+00  0.9677421E+00
  0.6750130E+00  0.9368333E+00
 -0.1208374E+00  0.9750928E+00
  0.8281075E+00  0.9841470E+00
  0.7130951E-01  0.9762024E+00
  0.7996481E+00  0.9206907E+00
  0.2609031E+00  0.9708936E+00
  0.9075817E+00  0.9714919E+00
  0.4403392E+00  0.9599527E+00
  0.8931632E+00  0.9066628E+00
  0.6024972E+00  0.9451080E+00
  0.9518903E+00  0.9636697E+00
  0.7410476E+00  0.9286799E+00
  0.9520358E+00  0.8969206E+00
  0.8506525E+00  0.9132361E+00
  0.9593800E+00  0.9620152E+00
  0.9271725E+00  0.9011343E+00
  0.9740036E+00  0.8931559E+00
  0.9677526E+00  0.8942497E+00
  0.9297965E+00  0.9667456E+00
  0.9709001E+00  0.8936632E+00
  0.9583030E+00  0.8958976E+00
  0.9364693E+00  0.8995543E+00
  0.8642328E+00  0.9770762E+00
  0.8657392E+00  0.9109247E+00
  0.9055091E+00  0.9046838E+00
  0.7613809E+00  0.9259330E+00
  0.7651402E+00  0.9914061E+00
  0.6273580E+00  0.9422947E+00
  0.8175729E+00  0.9181452E+00
  0.4687914E+00  0.9577279E+00
  0.6362329E+00  0.1007538E+01
  0.2917303E+00  0.9696559E+00
  0.6978051E+00  0.9341910E+00
  0.1031271E+00  0.9757646E+00
  0.3903576E-01  0.9763269E+00
 -0.9424757E+00  0.9592568E+00
  0.4824327E+00  0.1022970E+01
 -0.9150299E+00  0.8601685E+00
  0.5507429E+00  0.9503729E+00
 -0.8364659E+00  0.8722882E+00
  0.3097173E+00  0.1035304E+01
 -0.7248122E+00  0.8879110E+00
  0.3820872E+00  0.9641466E+00
 -0.5843151E+00  0.9045714E+00
  0.1248942E+00  0.1042589E+01
 -0.4203689E+00  0.9196316E+00
  0.1984497E+00  0.9733768E+00
 -0.2394093E+00  0.9307263E+00
 -0.6463064E-01  0.1043684E+01
 -0.4860704E-01  0.9361625E+00
  0.7150658E-02  0.9765882E+00
  0.1444389E+00  0.9351715E+00
 -0.2512612E+00  0.1038473E+01
  0.3320030E+00  0.9278554E+00
 -0.1841264E+00  0.9733104E+00
  0.5065756E+00  0.9153560E+00
 -0.4275527E+00  0.1027714E+01
  0.6612604E+00  0.8996403E+00
 -0.3677568E+00  0.9640742E+00
  0.7900385E+00  0.8831761E+00
 -0.5865000E+00  0.1013042E+01
  0.8879963E+00  0.8684903E+00
 -0.5364326E+00  0.9502301E+00
  0.9514414E+00  0.8578373E+00
 -0.7218632E+00  0.9967123E+00
  0.9780094E+00  0.8529010E+00
 -0.6835192E+00  0.9339057E+00
  0.9667251E+00  0.8544495E+00
 -0.8284546E+00  0.9813514E+00
  0.9179818E+00  0.8623061E+00
 -0.8033098E+00  0.9177229E+00
  0.8336513E+00  0.8751498E+00
 -0.9022261E+00  0.9694186E+00
  0.7168900E+00  0.8909342E+00
 -0.8912531E+00  0.9042329E+00
  0.5721558E+00  0.9072917E+00
 -0.9404438E+00  0.9628045E+00
  0.4049874E+00  0.9219021E+00
 -0.9440575E+00  0.8955748E+00
  0.2217627E+00  0.9322129E+00
 -0.1528168E+00  0.9735616E+00
 -0.9577013E+00  0.8536079E+00
 -0.8921097E-01  0.9750564E+00
  0.0000000E+00  0.0000000E+00
  0.0000000E+00  0.0000000E+00
  0.0000000E+00  0.0000000E+00
  0.0000000E+00  0.0000000E+00
  0.0000000E+00  0.0000000E+00
  0.0000000E+00  0.0000000E+00
  0.0000000E+00  0.0000000E+00
  0.0000000E+00  0.0000000E+00
  0.0000000E+00  0.0000000E+00
  0.0000000E+00  0.0000000E+00
  0.0000000E+00  0.0000000E+00
  0.0000000E+00  0.0000000E+00
  0.0000000E+00  0.0000000E+00
  0.0000000E+00  0.0000000E+00
  0.0000000E+00  0.0000000E+00
  0.0000000E+00  0.0000000E+00
  0.0000000E+00  0.0000000E+00
  0.0000000E+00  0.0000000E+00
  0.0000000E+00  0.0000000E+00
  0.0000000E+00  0.0000000E+00
  0.0000000E+00  0.0000000E+00
  0.0000000E+00  0.0000000E+00
  0.0000000E+00  0.0000000E+00
  0.0000000E+00  0.0000000E+00
  0.0000000E+00  0.0000000E+00
  0.0000000E+00  0.0000000E+00
  0.0000000E+00  0.0000000E+00
  0.0000000E+00  0.0000000E+00
  0.0000000E+00  0.0000000E+00
  0.0000000E+00  0.0000000E+00
  0.0000000E+00  0.0000000E+00
  0.0000000E+00  0.0000000E+00
  0.0000000E+00  0.0000000E+00
  0.0000000E+00  0.0000000E+00
  0.0000000E+00  0.0000000E+00
  0.0000000E+00  0.0000000E+00
  0.0000000E+00  0.0000000E+00
  0.0000000E+00  0.0000000E+00
  0.0000000E+00  0.0000000E+00
  0.0000000E+00  0.0000000E+00
  0.0000000E+00  0.0000000E+00
  0.0000000E+00  0.0000000E+00
  0.0000000E+00  0.0000000E+00
  0.0000000E+00  0.0000000E+00
  0.0000000E+00  0.0000000E+00
  0.0000000E+00  0.0000000E+00
  0.0000000E+00  0.0000000E+00
  0.0000000E+00  0.0000000E+00
  0.0000000E+00  0.0000000E+00
  0.0000000E+00  0.0000000E+00
  0.0000000E+00  0.0000000E+00
  0.0000000E+00  0.0000000E+00
  0.0000000E+00  0.0000000E+00
  0.0000000E+00  0.0000000E+00
  0.0000000E+00  0.0000000E+00
  0.0000000E+00  0.0000000E+00
  0.0000000E+00  0.0000000E+00
  0.0000000E+00  0.0000000E+00
  0.0000000E+00  0.0000000E+00
  0.0000000E+00  0.0000000E+00
  0.0000000E+00  0.0000000E+00
  0.0000000E+00  0.0000000E+00
  0.0000000E+00  0.0000000E+00
  0.0000000E+00  0.0000000E+00
  0.0000000E+00  0.0000000E+00
  0.0000000E+00  0.0000000E+00
  0.0000000E+00  0.0000000E+00
  0.0000000E+00  0.0000000E+00
  0.0000000E+00  0.0000000E+00
  0.0000000E+00  0.0000000E+00
  0.0000000E+00  0.0000000E+00
  0.0000000E+00  0.0000000E+00
  0.0000000E+00  0.0000000E+00
  0.0000000E+00  0.0000000E+00
  0.0000000E+00  0.0000000E+00
  0.0000000E+00  0.0000000E+00
  0.0000000E+00  0.0000000E+00
  0.0000000E+00  0.0000000E+00
  0.0000000E+00  0.0000000E+00
  0.0000000E+00  0.0000000E+00
  0.0000000E+00  0.0000000E+00
  0.0000000E+00  0.0000000E+00
  0.0000000E+00  0.0000000E+00
  0.0000000E+00  0.0000000E+00
  0.0000000E+00  0.0000000E+00
  0.0000000E+00  0.0000000E+00
  0.0000000E+00  0.0000000E+00
  0.0000000E+00  0.0000000E+00
  0.0000000E+00  0.0000000E+00
  0.0000000E+00  0.0000000E+00
  0.0000000E+00  0.0000000E+00
  0.0000000E+00  0.0000000E+00
  0.0000000E+00  0.0000000E+00
  0.0000000E+00  0.0000000E+00
  0.0000000E+00  0.0000000E+00
  0.0000000E+00  0.0000000E+00
  0.0000000E+00  0.0000000E+00
  0.0000000E+00  0.0000000E+00
  0.0000000E+00  0.0000000E+00
  0.0000000E+00  0.0000000E+00
  0.0000000E+00  0.0000000E+00
  0.0000000E+00  0.0000000E+00
  0.0000000E+00  0.0000000E+00
  0.0000000E+00  0.0000000E+00
  0.0000000E+00  0.0000000E+00
  0.0000000E+00  0.0000000E+00
  0.0000000E+00  0.0000000E+00
  0.0000000E+00  0.0000000E+00
  0.0000000E+00  0.0000000E+00
  0.0000000E+00  0.0000000E+00
  0.0000000E+00  0.0000000E+00
  0.0000000E+00  0.0000000E+00
  0.0000000E+00  0.0000000E+00
  0.0000000E+00  0.0000000E+00
  0.0000000E+00  0.0000000E+00
  0.0000000E+00  0.0000000E+00
  0.0000000E+00  0.0000000E+00
  0.0000000E+00  0.0000000E+00
  0.0000000E+00  0.0000000E+00
  0.0000000E+00  0.0000000E+00
  0.0000000E+00  0.0000000E+00
  0.0000000E+00  0.0000000E+00
  0.0000000E+00  0.0000000E+00
  0.0000000E+00  0.0000000E+00
  0.0000000E+00  0.0000000E+00
  0.0000000E+00  0.0000000E+00
  0.0000000E+00  0.0000000E+00
  0.0000000E+00  0.0000000E+00
  0.0000000E+00  0.0000000E+00
  0.0000000E+00  0.0000000E+00
  0.0000000E+00  0.0000000E+00
  0.0000000E+00  0.0000000E+00
  0.0000000E+00  0.0000000E+00
  0.0000000E+00  0.0000000E+00
  0.0000000E+00  0.0000000E+00
  0.0000000E+00  0.0000000E+00
  0.0000000E+00  0.0000000E+00
  0.0000000E+00  0.0000000E+00
  0.0000000E+00  0.0000000E+00
  0.0000000E+00  0.0000000E+00
  0.0000000E+00  0.0000000E+00
  0.0000000E+00  0.0000000E+00
  0.0000000E+00  0.0000000E+00
  0.0000000E+00  0.0000000E+00
  0.0000000E+00  0.0000000E+00
  0.0000000E+00  0.0000000E+00
  0.0000000E+00  0.0000000E+00
  0.0000000E+00  0.0000000E+00
  0.0000000E+00  0.0000000E+00
  0.0000000E+00  0.0000000E+00
  0.0000000E+00  0.0000000E+00
  0.0000000E+00  0.0000000E+00
  0.0000000E+00  0.0000000E+00
  0.0000000E+00  0.0000000E+00
  0.0000000E+00  0.0000000E+00
  0.0000000E+00  0.0000000E+00
  0.0000000E+00  0.0000000E+00
  0.0000000E+00  0.0000000E+00
  0.0000000E+00  0.0000000E+00
  0.0000000E+00  0.0000000E+00
  0.0000000E+00  0.0000000E+00
  0.0000000E+00  0.0000000E+00
  0.0000000E+00  0.0000000E+00
  0.0000000E+00  0.0000000E+00
  0.0000000E+00  0.0000000E+00
  0.0000000E+00  0.0000000E+00
  0.0000000E+00  0.0000000E+00
  0.0000000E+00  0.0000000E+00
  0.0000000E+00  0.0000000E+00
  0.0000000E+00  0.0000000E+00
  0.0000000E+00  0.0000000E+00
  0.0000000E+00  0.0000000E+00
  0.0000000E+00  0.0000000E+00
  0.0000000E+00  0.0000000E+00
  0.0000000E+00  0.0000000E+00
  0.0000000E+00  0.0000000E+00
  0.0000000E+00  0.0000000E+00
  0.0000000E+00  0.0000000E+00
  0.0000000E+00  0.0000000E+00
  0.0000000E+00  0.0000000E+00
  0.0000000E+00  0.0000000E+00
  0.0000000E+00  0.0000000E+00
  0.0000000E+00  0.0000000E+00
  0.0000000E+00  0.0000000E+00
  0.0000000E+00  0.0000000E+00
  0.0000000E+00  0.0000000E+00
  0.0000000E+00  0.0000000E+00
  0.0000000E+00  0.0000000E+00
  0.0000000E+00  0.0000000E+00
  0.0000000E+00  0.0000000E+00
  0.0000000E+00  0.0000000E+00
  0.0000000E+00  0.0000000E+00
  0.0000000E+00  0.0000000E+00
  0.0000000E+00  0.0000000E+00
  0.0000000E+00  0.0000000E+00
  0.0000000E+00  0.0000000E+00
  0.0000000E+00  0.0000000E+00
  0.0000000E+00  0.0000000E+00
  0.0000000E+00  0.0000000E+00
  0.0000000E+00  0.0000000E+00
  0.0000000E+00  0.0000000E+00
  0.0000000E+00  0.0000000E+00
  0.0000000E+00  0.0000000E+00
  0.0000000E+00  0.0000000E+00
  0.0000000E+00  0.0000000E+00
  0.0000000E+00  0.0000000E+00
  0.0000000E+00  0.0000000E+00
  0.0000000E+00  0.0000000E+00
  0.0000000E+00  0.0000000E+00
  0.0000000E+00  0.0000000E+00
  0.0000000E+00  0.0000000E+00
  0.0000000E+00  0.0000000E+00
  0.0000000E+00  0.0000000E+00
  0.0000000E+00  0.0000000E+00
  0.0000000E+00  0.0000000E+00
  0.0000000E+00  0.0000000E+00
  0.0000000E+00  0.0000000E+00
  0.0000000E+00  0.0000000E+00
  0.0000000E+00  0.0000000E+00
  0.0000000E+00  0.0000000E+00
  0.0000000E+00  0.0000000E+00
  0.0000000E+00  0.0000000E+00
  0.0000000E+00  0.0000000E+00
  0.0000000E+00  0.0000000E+00
  0.0000000E+00  0.0000000E+00
  0.0000000E+00  0.0000000E+00
  0.0000000E+00  0.0000000E+00
  0.0000000E+00  0.0000000E+00
  0.0000000E+00  0.0000000E+00
  0.0000000E+00  0.0000000E+00
  0.0000000E+00  0.0000000E+00
  0.0000000E+00  0.0000000E+00
  0.0000000E+00  0.0000000E+00
  0.0000000E+00  0.0000000E+00
  0.0000000E+00  0.0000000E+00
  0.0000000E+00  0.0000000E+00
  0.0000000E+00  0.0000000E+00
  0.0000000E+00  0.0000000E+00
  0.0000000E+00  0.0000000E+00
  0.0000000E+00  0.0000000E+00
  0.0000000E+00  0.0000000E+00
  0.0000000E+00  0.0000000E+00
  0.0000000E+00  0.0000000E+00
  0.0000000E+00  0.0000000E+00
  0.0000000E+00  0.0000000E+00
  0.0000000E+00  0.0000000E+00
  0.0000000E+00  0.0000000E+00
  0.0000000E+00  0.0000000E+00
  0.0000000E+00  0.0000000E+00
  0.0000000E+00  0.0000000E+00
  0.0000000E+00  0.0000000E+00
  0.0000000E+00  0.0000000E+00
  0.0000000E+00  0.0000000E+00
  0.0000000E+00  0.0000000E+00
  0.0000000E+00  0.0000000E+00
  0.0000000E+00  0.0000000E+00
  0.0000000E+00  0.0000000E+00
  0.0000000E+00  0.0000000E+00
  0.0000000E+00  0.0000000E+00
  0.0000000E+00  0.0000000E+00
  0.0000000E+00  0.0000000E+00
  0.0000000E+00  0.0000000E+00
  0.0000000E+00  0.0000000E+00
  0.0000000E+00  0.0000000E+00
  0.0000000E+00  0.0000000E+00
  0.0000000E+00  0.0000000E+00
  0.0000000E+00  0.0000000E+00
  0.0000000E+00  0.0000000E+00
  0.0000000E+00  0.0000000E+00
  0.0000000E+00  0.0000000E+00
  0.0000000E+00  0.0000000E+00
  0.0000000E+00  0.0000000E+00
  0.0000000E+00  0.0000000E+00
  0.0000000E+00  0.0000000E+00
  0.0000000E+00  0.0000000E+00
  0.0000000E+00  0.0000000E+00
  0.0000000E+00  0.0000000E+00
  0.0000000E+00  0.0000000E+00
  0.0000000E+00  0.0000000E+00
  0.0000000E+00  0.0000000E+00
  0.0000000E+00  0.0000000E+00
  0.0000000E+00  0.0000000E+00
  0.0000000E+00  0.0000000E+00
  0.0000000E+00  0.0000000E+00
  0.0000000E+00  0.0000000E+00
  0.0000000E+00  0.0000000E+00
  0.0000000E+00  0.0000000E+00
  0.0000000E+00  0.0000000E+00
  0.0000000E+00  0.0000000E+00
  0.0000000E+00  0.0000000E+00
  0.0000000E+00  0.0000000E+00
  0.0000000E+00  0.0000000E+00
  0.0000000E+00  0.0000000E+00
  0.0000000E+00  0.0000000E+00
  0.0000000E+00  0.0000000E+00
  0.0000000E+00  0.0000000E+00
  0.0000000E+00  0.0000000E+00
  0.0000000E+00  0.0000000E+00
  0.0000000E+00  0.0000000E+00
  0.0000000E+00  0.0000000E+00
  0.0000000E+00  0.0000000E+00
  0.0000000E+00  0.0000000E+00
  0.0000000E+00  0.0000000E+00
  0.0000000E+00  0.0000000E+00
  0.0000000E+00  0.0000000E+00
  0.0000000E+00  0.0000000E+00
  0.0000000E+00  0.0000000E+00
  0.0000000E+00  0.0000000E+00
  0.0000000E+00  0.0000000E+00
  0.0000000E+00  0.0000000E+00
  0.0000000E+00  0.0000000E+00
  0.0000000E+00  0.0000000E+00
  0.0000000E+00  0.0000000E+00
  0.0000000E+00  0.0000000E+00
  0.0000000E+00  0.0000000E+00
  0.0000000E+00  0.0000000E+00
  0.0000000E+00  0.0000000E+00
  0.0000000E+00  0.0000000E+00
  0.0000000E+00  0.0000000E+00
  0.0000000E+00  0.0000000E+00
  0.0000000E+00  0.0000000E+00
  0.0000000E+00  0.0000000E+00
  0.0000000E+00  0.0000000E+00
  0.0000000E+00  0.0000000E+00
  0.0000000E+00  0.0000000E+00
  0.0000000E+00  0.0000000E+00
  0.0000000E+00  0.0000000E+00
  0.0000000E+00  0.0000000E+00
  0.0000000E+00  0.0000000E+00
  0.0000000E+00  0.0000000E+00
  0.0000000E+00  0.0000000E+00
  0.0000000E+00  0.0000000E+00
  0.0000000E+00  0.0000000E+00
  0.0000000E+00  0.0000000E+00
  0.0000000E+00  0.0000000E+00
  0.0000000E+00  0.0000000E+00
  0.0000000E+00  0.0000000E+00
  0.0000000E+00  0.0000000E+00
  0.0000000E+00  0.0000000E+00
  0.0000000E+00  0.0000000E+00
  0.0000000E+00  0.0000000E+00
  0.0000000E+00  0.0000000E+00
  0.0000000E+00  0.0000000E+00
  0.0000000E+00  0.0000000E+00
  0.0000000E+00  0.0000000E+00
  0.0000000E+00  0.0000000E+00
  0.0000000E+00  0.0000000E+00
  0.0000000E+00  0.0000000E+00
  0.0000000E+00  0.0000000E+00
  0.0000000E+00  0.0000000E+00
  0.0000000E+00  0.0000000E+00
  0.0000000E+00  0.0000000E+00
  0.0000000E+00  0.0000000E+00
  0.0000000E+00  0.0000000E+00
  0.0000000E+00  0.0000000E+00
  0.0000000E+00  0.0000000E+00
  0.0000000E+00  0.0000000E+00
  0.0000000E+00  0.0000000E+00
  0.0000000E+00  0.0000000E+00
  0.0000000E+00  0.0000000E+00
  0.0000000E+00  0.0000000E+00
  0.0000000E+00  0.0000000E+00
  0.0000000E+00  0.0000000E+00
  0.0000000E+00  0.0000000E+00
  0.0000000E+00  0.0000000E+00
  0.0000000E+00  0.0000000E+00
  0.0000000E+00  0.0000000E+00
  0.0000000E+00  0.0000000E+00
  0.0000000E+00  0.0000000E+00
  0.0000000E+00  0.0000000E+00
  0.0000000E+00  0.0000000E+00
  0.0000000E+00  0.0000000E+00
  0.0000000E+00  0.0000000E+00
  0.0000000E+00  0.0000000E+00
  0.0000000E+00  0.0000000E+00
  0.0000000E+00  0.0000000E+00
  0.0000000E+00  0.0000000E+00
  0.0000000E+00  0.0000000E+00
  0.0000000E+00  0.0000000E+00
  0.0000000E+00  0.0000000E+00
  0.0000000E+00  0.0000000E+00
  0.0000000E+00  0.0000000E+00
  0.0000000E+00  0.0000000E+00
  0.0000000E+00  0.0000000E+00
  0.0000000E+00  0.0000000E+00
  0.0000000E+00  0.0000000E+00
  0.0000000E+00  0.0000000E+00
  0.0000000E+00  0.0000000E+00
  0.0000000E+00  0.0000000E+00
  0.0000000E+00  0.0000000E+00
  0.0000000E+00  0.0000000E+00
  0.0000000E+00  0.0000000E+00
  0.0000000E+00  0.0000000E+00
  0.0000000E+00  0.0000000E+00
  0.0000000E+00  0.0000000E+00
  0.0000000E+00  0.0000000E+00
  0.0000000E+00  0.0000000E+00
  0.0000000E+00  0.0000000E+00
  0.0000000E+00  0.0000000E+00
  0.0000000E+00  0.0000000E+00
  0.0000000E+00  0.0000000E+00
  0.0000000E+00  0.0000000E+00
  0.0000000E+00  0.0000000E+00
  0.0000000E+00  0.0000000E+00
  0.0000000E+00  0.0000000E+00
  0.0000000E+00  0.0000000E+00
  0.0000000E+00  0.0000000E+00
  0.0000000E+00  0.0000000E+00
  0.0000000E+00  0.0000000E+00
  0.0000000E+00  0.0000000E+00
  0.0000000E+00  0.0000000E+00
  0.0000000E+00  0.0000000E+00
  0.0000000E+00  0.0000000E+00
  0.0000000E+00  0.0000000E+00
  0.0000000E+00  0.0000000E+00
  0.0000000E+00  0.0000000E+00
  0.0000000E+00  0.0000000E+00
  0.0000000E+00  0.0000000E+00
  0.0000000E+00  0.0000000E+00
  0.0000000E+00  0.0000000E+00
  0.0000000E+00  0.0000000E+00
  0.0000000E+00  0.0000000E+00
  0.0000000E+00  0.0000000E+00
  0.0000000E+00  0.0000000E+00
  0.0000000E+00  0.0000000E+00
  0.0000000E+00  0.0000000E+00
  0.0000000E+00  0.0000000E+00
  0.0000000E+00  0.0000000E+00
  0.0000000E+00  0.0000000E+00
  0.0000000E+00  0.0000000E+00
  0.0000000E+00  0.0000000E+00
  0.0000000E+00  0.0000000E+00
  0.0000000E+00  0.0000000E+00
  0.0000000E+00  0.0000000E+00
  0.0000000E+00  0.0000000E+00
  0.0000000E+00  0.0000000E+00
  0.0000000E+00  0.0000000E+00
  0.0000000E+00  0.0000000E+00
  0.0000000E+00  0.0000000E+00
  0.0000000E+00  0.0000000E+00
  0.0000000E+00  0.0000000E+00
  0.0000000E+00  0.0000000E+00
  0.0000000E+00  0.0000000E+00
  0.0000000E+00  0.0000000E+00
  0.0000000E+00  0.0000000E+00
  0.0000000E+00  0.0000000E+00
  0.0000000E+00  0.0000000E+00
  0.0000000E+00  0.0000000E+00
  0.0000000E+00  0.0000000E+00
  0.0000000E+00  0.0000000E+00
  0.0000000E+00  0.0000000E+00
  0.0000000E+00  0.0000000E+00
  0.0000000E+00  0.0000000E+00
  0.0000000E+00  0.0000000E+00
  0.0000000E+00  0.0000000E+00
  0.0000000E+00  0.0000000E+00
  0.0000000E+00  0.0000000E+00
  0.0000000E+00  0.0000000E+00
  0.0000000E+00  0.0000000E+00
  0.0000000E+00  0.0000000E+00
  0.0000000E+00  0.0000000E+00
  0.0000000E+00  0.0000000E+00
  0.0000000E+00  0.0000000E+00
  0.0000000E+00  0.0000000E+00
  0.0000000E+00  0.0000000E+00
  0.0000000E+00  0.0000000E+00
  0.0000000E+00  0.0000000E+00
  0.0000000E+00  0.0000000E+00
  0.0000000E+00  0.0000000E+00
  0.0000000E+00  0.0000000E+00
  0.0000000E+00  0.0000000E+00
  0.0000000E+00  0.0000000E+00
  0.0000000E+00  0.0000000E+00
  0.0000000E+00  0.0000000E+00
  0.0000000E+00  0.0000000E+00
  0.0000000E+00  0.0000000E+00
  0.0000000E+00  0.0000000E+00
  0.0000000E+00  0.0000000E+00
  0.0000000E+00  0.0000000E+00
  0.0000000E+00  0.0000000E+00
  0.0000000E+00  0.0000000E+00
  0.0000000E+00  0.0000000E+00
  0.0000000E+00  0.0000000E+00
  0.0000000E+00  0.0000000E+00
  0.0000000E+00  0.0000000E+00
  0.0000000E+00  0.0000000E+00
  0.0000000E+00  0.0000000E+00
  0.0000000E+00  0.0000000E+00
  0.0000000E+00  0.0000000E+00
  0.0000000E+00  0.0000000E+00
  0.0000000E+00  0.0000000E+00
  0.0000000E+00  0.0000000E+00
  0.0000000E+00  0.0000000E+00
  0.0000000E+00  0.0000000E+00
  0.0000000E+00  0.0000000E+00
  0.0000000E+00  0.0000000E+00
  0.0000000E+00  0.0000000E+00
  0.0000000E+00  0.0000000E+00
  0.0000000E+00  0.0000000E+00
  0.0000000E+00  0.0000000E+00
  0.0000000E+00  0.0000000E+00
  0.0000000E+00  0.0000000E+00
  0.0000000E+00  0.0000000E+00
  0.0000000E+00  0.0000000E+00
  0.0000000E+00  0.0000000E+00
  0.0000000E+00  0.0000000E+00
  0.0000000E+00  0.0000000E+00
  0.0000000E+00  0.0000000E+00
  0.0000000E+00  0.0000000E+00
  0.0000000E+00  0.0000000E+00
  0.0000000E+00  0.0000000E+00
  0.0000000E+00  0.0000000E+00
  0.0000000E+00  0.0000000E+00
  0.0000000E+00  0.0000000E+00
  0.0000000E+00  0.0000000E+00
  0.0000000E+00  0.0000000E+00
  0.0000000E+00  0.0000000E+00
  0.0000000E+00  0.0000000E+00
  0.0000000E+00  0.0000000E+00
  0.0000000E+00  0.0000000E+00
  0.0000000E+00  0.0000000E+00
  0.0000000E+00  0.0000000E+00
  0.0000000E+00  0.0000000E+00
  0.0000000E+00  0.0000000E+00
  0.0000000E+00  0.0000000E+00
  0.0000000E+00  0.0000000E+00
  0.0000000E+00  0.0000000E+00
  0.0000000E+00  0.0000000E+00
  0.0000000E+00  0.0000000E+00
  0.0000000E+00  0.0000000E+00
  0.0000000E+00  0.0000000E+00
  0.0000000E+00  0.0000000E+00
  0.0000000E+00  0.0000000E+00
  0.0000000E+00  0.0000000E+00
  0.0000000E+00  0.0000000E+00
  0.0000000E+00  0.0000000E+00
  0.0000000E+00  0.0000000E+00
  0.0000000E+00  0.0000000E+00
  0.0000000E+00  0.0000000E+00
  0.0000000E+00  0.0000000E+00
  0.0000000E+00  0.0000000E+00
  0.0000000E+00  0.0000000E+00
  0.0000000E+00  0.0000000E+00
  0.0000000E+00  0.0000000E+00
  0.0000000E+00  0.0000000E+00
  0.0000000E+00  0.0000000E+00
  0.0000000E+00  0.0000000E+00
  0.0000000E+00  0.0000000E+00
  0.0000000E+00  0.0000000E+00
  0.0000000E+00  0.0000000E+00
  0.0000000E+00  0.0000000E+00
  0.0000000E+00  0.0000000E+00
  0.0000000E+00  0.0000000E+00
  0.0000000E+00  0.0000000E+00
  0.0000000E+00  0.0000000E+00
  0.0000000E+00  0.0000000E+00
  0.0000000E+00  0.0000000E+00
  0.0000000E+00  0.0000000E+00
  0.0000000E+00  0.0000000E+00
  0.0000000E+00  0.0000000E+00
  0.0000000E+00  0.0000000E+00
  0.0000000E+00  0.0000000E+00
  0.0000000E+00  0.0000000E+00
  0.0000000E+00  0.0000000E+00
  0.0000000E+00  0.0000000E+00
  0.0000000E+00  0.0000000E+00
  0.0000000E+00  0.0000000E+00
  0.0000000E+00  0.0000000E+00
  0.0000000E+00  0.0000000E+00
  0.0000000E+00  0.0000000E+00
  0.0000000E+00  0.0000000E+00
  0.0000000E+00  0.0000000E+00
  0.0000000E+00  0.0000000E+00
  0.0000000E+00  0.0000000E+00
  0.0000000E+00  0.0000000E+00
  0.0000000E+00  0.0000000E+00
  0.0000000E+00  0.0000000E+00
  0.0000000E+00  0.0000000E+00
  0.0000000E+00  0.0000000E+00
  0.0000000E+00  0.0000000E+00
  0.0000000E+00  0.0000000E+00
  0.0000000E+00  0.0000000E+00
  0.0000000E+00  0.0000000E+00
  0.0000000E+00  0.0000000E+00
  0.0000000E+00  0.0000000E+00
  0.0000000E+00  0.0000000E+00
  0.0000000E+00  0.0000000E+00
  0.0000000E+00  0.0000000E+00
  0.0000000E+00  0.0000000E+00
  0.0000000E+00  0.0000000E+00
  0.0000000E+00  0.0000000E+00
  0.0000000E+00  0.0000000E+00
  0.0000000E+00  0.0000000E+00
  0.0000000E+00  0.0000000E+00
  0.0000000E+00  0.0000000E+00
  0.0000000E+00  0.0000000E+00
  0.0000000E+00  0.0000000E+00
  0.0000000E+00  0.0000000E+00
  0.0000000E+00  0.0000000E+00
  0.0000000E+00  0.0000000E+00
  0.0000000E+00  0.0000000E+00
  0.0000000E+00  0.0000000E+00
  0.0000000E+00  0.0000000E+00
  0.0000000E+00  0.0000000E+00
  0.0000000E+00  0.0000000E+00
  0.0000000E+00  0.0000000E+00
  0.0000000E+00  0.0000000E+00
  0.0000000E+00  0.0000000E+00
  0.0000000E+00  0.0000000E+00
  0.0000000E+00  0.0000000E+00
  0.0000000E+00  0.0000000E+00
  0.0000000E+00  0.0000000E+00
  0.0000000E+00  0.0000000E+00
  0.0000000E+00  0.0000000E+00
  0.0000000E+00  0.0000000E+00
  0.0000000E+00  0.0000000E+00
  0.0000000E+00  0.0000000E+00
  0.0000000E+00  0.0000000E+00
  0.0000000E+00  0.0000000E+00
  0.0000000E+00  0.0000000E+00
  0.0000000E+00  0.0000000E+00
  0.0000000E+00  0.0000000E+00
  0.0000000E+00  0.0000000E+00
  0.0000000E+00  0.0000000E+00
  0.0000000E+00  0.0000000E+00
  0.0000000E+00  0.0000000E+00
  0.0000000E+00  0.0000000E+00
  0.0000000E+00  0.0000000E+00
  0.0000000E+00  0.0000000E+00
  0.0000000E+00  0.0000000E+00
  0.0000000E+00  0.0000000E+00
  0.0000000E+00  0.0000000E+00
  0.0000000E+00  0.0000000E+00
  0.0000000E+00  0.0000000E+00
  0.0000000E+00  0.0000000E+00
  0.0000000E+00  0.0000000E+00
  0.0000000E+00  0.0000000E+00
  0.0000000E+00  0.0000000E+00
  0.0000000E+00  0.0000000E+00
  0.0000000E+00  0.0000000E+00
  0.0000000E+00  0.0000000E+00
  0.0000000E+00  0.0000000E+00
  0.0000000E+00  0.0000000E+00
  0.0000000E+00  0.0000000E+00
  0.0000000E+00  0.0000000E+00
  0.0000000E+00  0.0000000E+00
  0.0000000E+00  0.0000000E+00
  0.0000000E+00  0.0000000E+00
  0.0000000E+00  0.0000000E+00
  0.0000000E+00  0.0000000E+00
  0.0000000E+00  0.0000000E+00
  0.0000000E+00  0.0000000E+00
  0.0000000E+00  0.0000000E+00
  0.0000000E+00  0.0000000E+00
  0.0000000E+00  0.0000000E+00
  0.0000000E+00  0.0000000E+00
  0.0000000E+00  0.0000000E+00
  0.0000000E+00  0.0000000E+00
  0.0000000E+00  0.0000000E+00
  0.0000000E+00  0.0000000E+00
  0.0000000E+00  0.0000000E+00
  0.0000000E+00  0.0000000E+00
  0.0000000E+00  0.0000000E+00
  0.0000000E+00  0.0000000E+00
  0.0000000E+00  0.0000000E+00
  0.0000000E+00  0.0000000E+00
  0.0000000E+00  0.0000000E+00
  0.0000000E+00  0.0000000E+00
  0.0000000E+00  0.0000000E+00
  0.0000000E+00  0.0000000E+00
  0.0000000E+00  0.0000000E+00
  0.0000000E+00  0.0000000E+00
  0.0000000E+00  0.0000000E+00
  0.0000000E+00  0.0000000E+00
  0.0000000E+00  0.0000000E+00
  0.0000000E+00  0.0000000E+00
  0.0000000E+00  0.0000000E+00
  0.0000000E+00  0.0000000E+00
  0.0000000E+00  0.0000000E+00
  0.0000000E+00  0.0000000E+00
  0.0000000E+00  0.0000000E+00
  0.0000000E+00  0.0000000E+00
  0.0000000E+00  0.0000000E+00
  0.0000000E+00  0.0000000E+00
  0.0000000E+00  0.0000000E+00
  0.0000000E+00  0.0000000E+00
  0.0000000E+00  0.0000000E+00
  0.0000000E+00  0.0000000E+00
  0.0000000E+00  0.0000000E+00
  0.0000000E+00  0.0000000E+00
  0.0000000E+00  0.0000000E+00
  0.0000000E+00  0.0000000E+00
  0.0000000E+00  0.0000000E+00
  0.0000000E+00  0.0000000E+00
  0.0000000E+00  0.0000000E+00
  0.0000000E+00  0.0000000E+00
  0.0000000E+00  0.0000000E+00
  0.0000000E+00  0.0000000E+00
  0.0000000E+00  0.0000000E+00
  0.0000000E+00  0.0000000E+00
  0.0000000E+00  0.0000000E+00
  0.0000000E+00  0.0000000E+00
  0.0000000E+00  0.0000000E+00
  0.0000000E+00  0.0000000E+00
  0.0000000E+00  0.0000000E+00
  0.0000000E+00  0.0000000E+00
  0.0000000E+00  0.0000000E+00
  0.0000000E+00  0.0000000E+00
  0.0000000E+00  0.0000000E+00
  0.0000000E+00  0.0000000E+00
  0.0000000E+00  0.0000000E+00
  0.0000000E+00  0.0000000E+00
  0.0000000E+00  0.0000000E+00
  0.0000000E+00  0.0000000E+00
  0.0000000E+00  0.0000000E+00
  0.0000000E+00  0.0000000E+00
  0.0000000E+00  0.0000000E+00
  0.0000000E+00  0.0000000E+00
  0.0000000E+00  0.0000000E+00
  0.0000000E+00  0.0000000E+00
  0.0000000E+00  0.0000000E+00
  0.0000000E+00  0.0000000E+00
  0.0000000E+00  0.0000000E+00
  0.0000000E+00  0.0000000E+00
  0.0000000E+00  0.0000000E+00
  0.0000000E+00  0.0000000E+00
  0.0000000E+00  0.0000000E+00
  0.0000000E+00  0.0000000E+00
  0.0000000E+00  0.0000000E+00
  0.0000000E+00  0.0000000E+00
  0.0000000E+00  0.0000000E+00
  0.0000000E+00  0.0000000E+00
  0.0000000E+00  0.0000000E+00
  0.0000000E+00  0.0000000E+00
  0.0000000E+00  0.0000000E+00
  0.0000000E+00  0.0000000E+00
  0.0000000E+00  0.0000000E+00
  0.0000000E+00  0.0000000E+00
  0.0000000E+00  0.0000000E+00
  0.0000000E+00  0.0000000E+00
  0.0000000E+00  0.0000000E+00
  0.0000000E+00  0.0000000E+00
  0.0000000E+00  0.0000000E+00
  0.0000000E+00  0.0000000E+00
  0.0000000E+00  0.0000000E+00
  0.0000000E+00  0.0000000E+00
  0.0000000E+00  0.0000000E+00
  0.0000000E+00  0.0000000E+00
  0.0000000E+00  0.0000000E+00
  0.0000000E+00  0.0000000E+00
  0.0000000E+00  0.0000000E+00
  0.0000000E+00  0.0000000E+00
  0.0000000E+00  0.0000000E+00
  0.0000000E+00  0.0000000E+00
  0.0000000E+00  0.0000000E+00
  0.0000000E+00  0.0000000E+00
  0.0000000E+00  0.0000000E+00
  0.0000000E+00  0.0000000E+00
  0.0000000E+00  0.0000000E+00
  0.0000000E+00  0.0000000E+00
  0.0000000E+00  0.0000000E+00
  0.0000000E+00  0.0000000E+00
  0.0000000E+00  0.0000000E+00
  0.0000000E+00  0.0000000E+00
  0.0000000E+00  0.0000000E+00
  0.0000000E+00  0.0000000E+00
  0.0000000E+00  0.0000000E+00
  0.0000000E+00  0.0000000E+00
  0.0000000E+00  0.0000000E+00
  0.0000000E+00  0.0000000E+00
  0.0000000E+00  0.0000000E+00
  0.0000000E+00  0.0000000E+00
  0.0000000E+00  0.0000000E+00
  0.0000000E+00  0.0000000E+00
  0.0000000E+00  0.0000000E+00
  0.0000000E+00  0.0000000E+00
  0.0000000E+00  0.0000000E+00
  0.0000000E+00  0.0000000E+00
  0.0000000E+00  0.0000000E+00
  0.0000000E+00  0.0000000E+00
  0.0000000E+00  0.0000000E+00
  0.0000000E+00  0.0000000E+00
  0.0000000E+00  0.0000000E+00
  0.0000000E+00  0.0000000E+00
  0.0000000E+00  0.0000000E+00
  0.0000000E+00  0.0000000E+00
  0.0000000E+00  0.0000000E+00
  0.0000000E+00  0.0000000E+00
  0.0000000E+00  0.0000000E+00
  0.0000000E+00  0.0000000E+00
  0.0000000E+00  0.0000000E+00
  0.0000000E+00  0.0000000E+00
  0.0000000E+00  0.0000000E+00
  0.0000000E+00  0.0000000E+00
  0.0000000E+00  0.0000000E+00
  0.0000000E+00  0.0000000E+00
  0.0000000E+00  0.0000000E+00
  0.0000000E+00  0.0000000E+00
  0.0000000E+00  0.0000000E+00
  0.0000000E+00  0.0000000E+00
  0.0000000E+00  0.0000000E+00
  0.0000000E+00  0.0000000E+00
  0.0000000E+00  0.0000000E+00
  0.0000000E+00  0.0000000E+00
  0.0000000E+00  0.0000000E+00
  0.0000000E+00  0.0000000E+00
  0.0000000E+00  0.0000000E+00
  0.0000000E+00  0.0000000E+00
  0.0000000E+00  0.0000000E+00
  0.0000000E+00  0.0000000E+00
  0.0000000E+00  0.0000000E+00
  0.0000000E+00  0.0000000E+00
  0.0000000E+00  0.0000000E+00
  0.0000000E+00  0.0000000E+00
  0.0000000E+00  0.0000000E+00
  0.0000000E+00  0.0000000E+00
  0.0000000E+00  0.0000000E+00
  0.0000000E+00  0.0000000E+00
  0.0000000E+00  0.0000000E+00
  0.0000000E+00  0.0000000E+00
  0.0000000E+00  0.0000000E+00
  0.0000000E+00  0.0000000E+00
  0.0000000E+00  0.0000000E+00
  0.0000000E+00  0.0000000E+00
  0.0000000E+00  0.0000000E+00
  0.0000000E+00  0.0000000E+00
  0.0000000E+00  0.0000000E+00
  0.0000000E+00  0.0000000E+00
  0.0000000E+00  0.0000000E+00
  0.0000000E+00  0.0000000E+00
  0.0000000E+00  0.0000000E+00
  0.0000000E+00  0.0000000E+00
  0.0000000E+00  0.0000000E+00
  0.0000000E+00  0.0000000E+00
  0.0000000E+00  0.0000000E+00
  0.0000000E+00  0.0000000E+00
  0.0000000E+00  0.0000000E+00
  0.0000000E+00  0.0000000E+00
  0.0000000E+00  0.0000000E+00
  0.0000000E+00  0.0000000E+00
  0.0000000E+00  0.0000000E+00
  0.0000000E+00  0.0000000E+00
  0.0000000E+00  0.0000000E+00
  0.0000000E+00  0.0000000E+00
  0.0000000E+00  0.0000000E+00
  0.0000000E+00  0.0000000E+00
  0.0000000E+00  0.0000000E+00
  0.0000000E+00  0.0000000E+00
  0.0000000E+00  0.0000000E+00
  0.0000000E+00  0.0000000E+00
  0.0000000E+00  0.0000000E+00
  0.0000000E+00  0.0000000E+00
  0.0000000E+00  0.0000000E+00
  0.0000000E+00  0.0000000E+00
  0.0000000E+00  0.0000000E+00
  0.0000000E+00  0.0000000E+00
  0.0000000E+00  0.0000000E+00
  0.0000000E+00  0.0000000E+00
  0.0000000E+00  0.0000000E+00
  0.0000000E+00  0.0000000E+00
  0.0000000E+00  0.0000000E+00
  0.0000000E+00  0.0000000E+00
  0.0000000E+00  0.0000000E+00
  0.0000000E+00  0.0000000E+00
  0.0000000E+00  0.0000000E+00
  0.0000000E+00  0.0000000E+00
  0.0000000E+00  0.0000000E+00
  0.0000000E+00  0.0000000E+00
  0.0000000E+00  0.0000000E+00
  0.0000000E+00  0.0000000E+00
  0.0000000E+00  0.0000000E+00
  0.0000000E+00  0.0000000E+00
  0.0000000E+00  0.0000000E+00
  0.0000000E+00  0.0000000E+00
  0.0000000E+00  0.0000000E+00
  0.0000000E+00  0.0000000E+00
  0.0000000E+00  0.0000000E+00
  0.0000000E+00  0.0000000E+00
  0.0000000E+00  0.0000000E+00
  0.0000000E+00  0.0000000E+00
  0.0000000E+00  0.0000000E+00
  0.0000000E+00  0.0000000E+00
  0.0000000E+00  0.0000000E+00
  0.0000000E+00  0.0000000E+00
  0.0000000E+00  0.0000000E+00
  0.0000000E+00  0.0000000E+00
  0.0000000E+00  0.0000000E+00
  0.0000000E+00  0.0000000E+00
  0.0000000E+00  0.0000000E+00
  0.0000000E+00  0.0000000E+00
  0.0000000E+00  0.0000000E+00
  0.0000000E+00  0.0000000E+00
  0.0000000E+00  0.0000000E+00
  0.0000000E+00  0.0000000E+00
  0.0000000E+00  0.0000000E+00
  0.0000000E+00  0.0000000E+00
  0.0000000E+00  0.0000000E+00
  0.0000000E+00  0.0000000E+00
  0.0000000E+00  0.0000000E+00
  0.0000000E+00  0.0000000E+00
  0.0000000E+00  0.0000000E+00
  0.0000000E+00  0.0000000E+00
  0.0000000E+00  0.0000000E+00
  0.0000000E+00  0.0000000E+00
  0.0000000E+00  0.0000000E+00
  0.0000000E+00  0.0000000E+00
  0.0000000E+00  0.0000000E+00
  0.0000000E+00  0.0000000E+00
  0.0000000E+00  0.0000000E+00
  0.0000000E+00  0.0000000E+00
  0.0000000E+00  0.0000000E+00
  0.0000000E+00  0.0000000E+00
  0.0000000E+00  0.0000000E+00
  0.0000000E+00  0.0000000E+00
  0.0000000E+00  0.0000000E+00
  0.0000000E+00  0.0000000E+00
  0.0000000E+00  0.0000000E+00
  0.0000000E+00  0.0000000E+00
  0.0000000E+00  0.0000000E+00
  0.0000000E+00  0.0000000E+00
  0.0000000E+00  0.0000000E+00
  0.0000000E+00  0.0000000E+00
  0.0000000E+00  0.0000000E+00
  0.0000000E+00  0.0000000E+00
  0.0000000E+00  0.0000000E+00
  0.0000000E+00  0.0000000E+00
  0.0000000E+00  0.0000000E+00
  0.0000000E+00  0.0000000E+00
  0.0000000E+00  0.0000000E+00
  0.0000000E+00  0.0000000E+00
  0.0000000E+00  0.0000000E+00
  0.0000000E+00  0.0000000E+00
  0.0000000E+00  0.0000000E+00
  0.0000000E+00  0.0000000E+00
  0.0000000E+00  0.0000000E+00
  0.0000000E+00  0.0000000E+00
  0.0000000E+00  0.0000000E+00
  0.0000000E+00  0.0000000E+00
  0.0000000E+00  0.0000000E+00
  0.0000000E+00  0.0000000E+00
  0.0000000E+00  0.0000000E+00
  0.0000000E+00  0.0000000E+00
  0.0000000E+00  0.0000000E+00
  0.0000000E+00  0.0000000E+00
  0.0000000E+00  0.0000000E+00
  0.0000000E+00  0.0000000E+00
  0.0000000E+00  0.0000000E+00
  0.0000000E+00  0.0000000E+00
  0.0000000E+00  0.0000000E+00
  0.0000000E+00  0.0000000E+00
  0.0000000E+00  0.0000000E+00
  0.0000000E+00  0.0000000E+00
  0.0000000E+00  0.0000000E+00
  0.0000000E+00  0.0000000E+00
  0.0000000E+00  0.0000000E+00
  0.0000000E+00  0.0000000E+00
  0.0000000E+00  0.0000000E+00
  0.0000000E+00  0.0000000E+00
  0.0000000E+00  0.0000000E+00
  0.0000000E+00  0.0000000E+00
  0.0000000E+00  0.0000000E+00
  0.0000000E+00  0.0000000E+00
  0.0000000E+00  0.0000000E+00
  0.0000000E+00  0.0000000E+00
  0.0000000E+00  0.0000000E+00
  0.0000000E+00  0.0000000E+00
  0.0000000E+00  0.0000000E+00
  0.0000000E+00  0.0000000E+00
  0.0000000E+00  0.0000000E+00
  0.0000000E+00  0.0000000E+00
  0.0000000E+00  0.0000000E+00
  0.0000000E+00  0.0000000E+00
  0.0000000E+00  0.0000000E+00
  0.0000000E+00  0.0000000E+00
  0.0000000E+00  0.0000000E+00
  0.0000000E+00  0.0000000E+00
  0.0000000E+00  0.0000000E+00
  0.0000000E+00  0.0000000E+00
  0.0000000E+00  0.0000000E+00
  0.0000000E+00  0.0000000E+00
  0.0000000E+00  0.0000000E+00
  0.0000000E+00  0.0000000E+00
  0.0000000E+00  0.0000000E+00
  0.0000000E+00  0.0000000E+00
  0.0000000E+00  0.0000000E+00
  0.0000000E+00  0.0000000E+00
  0.0000000E+00  0.0000000E+00
  0.0000000E+00  0.0000000E+00
  0.0000000E+00  0.0000000E+00
  0.0000000E+00  0.0000000E+00
  0.0000000E+00  0.0000000E+00
  0.0000000E+00  0.0000000E+00
  0.0000000E+00  0.0000000E+00
  0.0000000E+00  0.0000000E+00
  0.0000000E+00  0.0000000E+00
  0.0000000E+00  0.0000000E+00
  0.0000000E+00  0.0000000E+00
  0.0000000E+00  0.0000000E+00
  0.0000000E+00  0.0000000E+00
  0.0000000E+00  0.0000000E+00
  0.0000000E+00  0.0000000E+00
  0.0000000E+00  0.0000000E+00
  0.0000000E+00  0.0000000E+00
  0.0000000E+00  0.0000000E+00
  0.0000000E+00  0.0000000E+00
  0.0000000E+00  0.0000000E+00
  0.0000000E+00  0.0000000E+00
  0.0000000E+00  0.0000000E+00
  0.0000000E+00  0.0000000E+00
  0.0000000E+00  0.0000000E+00
  0.0000000E+00  0.0000000E+00
  0.0000000E+00  0.0000000E+00
  0.0000000E+00  0.0000000E+00
  0.0000000E+00  0.0000000E+00
  0.0000000E+00  0.0000000E+00
  0.0000000E+00  0.0000000E+00
  0.0000000E+00  0.0000000E+00
  0.0000000E+00  0.0000000E+00
  0.0000000E+00  0.0000000E+00
  0.0000000E+00  0.0000000E+00
  0.0000000E+00  0.0000000E+00
  0.0000000E+00  0.0000000E+00
  0.0000000E+00  0.0000000E+00
  0.0000000E+00  0.0000000E+00
  0.0000000E+00  0.0000000E+00
  0.0000000E+00  0.0000000E+00
  0.0000000E+00  0.0000000E+00
  0.0000000E+00  0.0000000E+00
  0.0000000E+00  0.0000000E+00
  0.0000000E+00  0.0000000E+00
  0.0000000E+00  0.0000000E+00
  0.0000000E+00  0.0000000E+00
  0.0000000E+00  0.0000000E+00
  0.0000000E+00  0.0000000E+00
  0.0000000E+00  0.0000000E+00
  0.0000000E+00  0.0000000E+00
  0.0000000E+00  0.0000000E+00
  0.0000000E+00  0.0000000E+00
  0.0000000E+00  0.0000000E+00
  0.0000000E+00  0.0000000E+00
  0.0000000E+00  0.0000000E+00
  0.0000000E+00  0.0000000E+00
  0.0000000E+00  0.0000000E+00
  0.0000000E+00  0.0000000E+00
  0.0000000E+00  0.0000000E+00
  0.0000000E+00  0.0000000E+00
  0.0000000E+00  0.0000000E+00
  0.0000000E+00  0.0000000E+00
  0.0000000E+00  0.0000000E+00
  0.0000000E+00  0.0000000E+00
  0.0000000E+00  0.0000000E+00
  0.0000000E+00  0.0000000E+00
  0.0000000E+00  0.0000000E+00
  0.0000000E+00  0.0000000E+00
  0.0000000E+00  0.0000000E+00
  0.0000000E+00  0.0000000E+00
  0.0000000E+00  0.0000000E+00
  0.0000000E+00  0.0000000E+00
  0.0000000E+00  0.0000000E+00
  0.0000000E+00  0.0000000E+00
  0.0000000E+00  0.0000000E+00
  0.0000000E+00  0.0000000E+00
  0.0000000E+00  0.0000000E+00
  0.0000000E+00  0.0000000E+00
  0.0000000E+00  0.0000000E+00
  0.0000000E+00  0.0000000E+00
  0.0000000E+00  0.0000000E+00
  0.0000000E+00  0.0000000E+00
  0.0000000E+00  0.0000000E+00
  0.0000000E+00  0.0000000E+00
  0.0000000E+00  0.0000000E+00
  0.0000000E+00  0.0000000E+00
  0.0000000E+00  0.0000000E+00
  0.0000000E+00  0.0000000E+00
  0.0000000E+00  0.0000000E+00
  0.0000000E+00  0.0000000E+00
  0.0000000E+00  0.0000000E+00
  0.0000000E+00  0.0000000E+00
  0.0000000E+00  0.0000000E+00
  0.0000000E+00  0.0000000E+00
  0.0000000E+00  0.0000000E+00
  0.0000000E+00  0.0000000E+00
  0.0000000E+00  0.0000000E+00
  0.0000000E+00  0.0000000E+00
  0.0000000E+00  0.0000000E+00
  0.0000000E+00  0.0000000E+00
  0.0000000E+00  0.0000000E+00
  0.0000000E+00  0.0000000E+00
  0.0000000E+00  0.0000000E+00
  0.0000000E+00  0.0000000E+00
  0.0000000E+00  0.0000000E+00
  0.0000000E+00  0.0000000E+00
  0.0000000E+00  0.0000000E+00
  0.0000000E+00  0.0000000E+00
  0.0000000E+00  0.0000000E+00
  0.0000000E+00  0.0000000E+00
  0.0000000E+00  0.0000000E+00
  0.0000000E+00  0.0000000E+00
  0.0000000E+00  0.0000000E+00
  0.0000000E+00  0.0000000E+00
  0.0000000E+00  0.0000000E+00
  0.0000000E+00  0.0000000E+00
  0.0000000E+00  0.0000000E+00
  0.0000000E+00  0.0000000E+00
  0.0000000E+00  0.0000000E+00
  0.0000000E+00  0.0000000E+00
  0.0000000E+00  0.0000000E+00
  0.0000000E+00  0.0000000E+00
  0.0000000E+00  0.0000000E+00
  0.0000000E+00  0.0000000E+00
  0.0000000E+00  0.0000000E+00
  0.0000000E+00  0.0000000E+00
  0.0000000E+00  0.0000000E+00
  0.0000000E+00  0.0000000E+00
  0.0000000E+00  0.0000000E+00
  0.0000000E+00  0.0000000E+00
  0.0000000E+00  0.0000000E+00
  0.0000000E+00  0.0000000E+00
  0.0000000E+00  0.0000000E+00
  0.0000000E+00  0.0000000E+00
  0.0000000E+00  0.0000000E+00
  0.0000000E+00  0.0000000E+00
  0.0000000E+00  0.0000000E+00
  0.0000000E+00  0.0000000E+00
  0.0000000E+00  0.0000000E+00
  0.0000000E+00  0.0000000E+00
  0.0000000E+00  0.0000000E+00
  0.0000000E+00  0.0000000E+00
  0.0000000E+00  0.0000000E+00
  0.0000000E+00  0.0000000E+00
  0.0000000E+00  0.0000000E+00
  0.0000000E+00  0.0000000E+00
  0.0000000E+00  0.0000000E+00
  0.0000000E+00  0.0000000E+00
  0.0000000E+00  0.0000000E+00
  0.0000000E+00  0.0000000E+00
  0.0000000E+00  0.0000000E+00
  0.0000000E+00  0.0000000E+00
  0.0000000E+00  0.0000000E+00
  0.0000000E+00  0.0000000E+00
  0.0000000E+00  0.0000000E+00
  0.0000000E+00  0.0000000E+00
  0.0000000E+00  0.0000000E+00
  0.0000000E+00  0.0000000E+00
  0.0000000E+00  0.0000000E+00
  0.0000000E+00  0.0000000E+00
  0.0000000E+00  0.0000000E+00
  0.0000000E+00  0.0000000E+00
  0.0000000E+00  0.0000000E+00
  0.0000000E+00  0.0000000E+00
  0.0000000E+00  0.0000000E+00
  0.0000000E+00  0.0000000E+00
  0.0000000E+00  0.0000000E+00
  0.0000000E+00  0.0000000E+00
  0.0000000E+00  0.0000000E+00
  0.0000000E+00  0.0000000E+00
  0.0000000E+00  0.0000000E+00
  0.0000000E+00  0.0000000E+00
  0.0000000E+00  0.0000000E+00
  0.0000000E+00  0.0000000E+00
  0.0000000E+00  0.0000000E+00
  0.0000000E+00  0.0000000E+00
  0.0000000E+00  0.0000000E+00
  0.0000000E+00  0.0000000E+00
  0.0000000E+00  0.0000000E+00
  0.0000000E+00  0.0000000E+00
  0.0000000E+00  0.0000000E+00
  0.0000000E+00  0.0000000E+00
  0.0000000E+00  0.0000000E+00
  0.0000000E+00  0.0000000E+00
  0.0000000E+00  0.0000000E+00
  0.0000000E+00  0.0000000E+00
  0.0000000E+00  0.0000000E+00
  0.0000000E+00  0.0000000E+00
  0.0000000E+00  0.0000000E+00
  0.0000000E+00  0.0000000E+00
  0.0000000E+00  0.0000000E+00
  0.0000000E+00  0.0000000E+00
  0.0000000E+00  0.0000000E+00
  0.0000000E+00  0.0000000E+00
  0.0000000E+00  0.0000000E+00
  0.0000000E+00  0.0000000E+00
  0.0000000E+00  0.0000000E+00
  0.0000000E+00  0.0000000E+00
  0.0000000E+00  0.0000000E+00
  0.0000000E+00  0.0000000E+00
  0.0000000E+00  0.0000000E+00
  0.0000000E+00  0.0000000E+00
  0.0000000E+00  0.0000000E+00
  0.0000000E+00  0.0000000E+00
  0.0000000E+00  0.0000000E+00
  0.0000000E+00  0.0000000E+00
  0.0000000E+00  0.0000000E+00
  0.0000000E+00  0.0000000E+00
  0.0000000E+00  0.0000000E+00
  0.0000000E+00  0.0000000E+00
  0.0000000E+00  0.0000000E+00
  0.0000000E+00  0.0000000E+00
  0.0000000E+00  0.0000000E+00
  0.0000000E+00  0.0000000E+00
  0.0000000E+00  0.0000000E+00
  0.0000000E+00  0.0000000E+00
  0.0000000E+00  0.0000000E+00
  0.0000000E+00  0.0000000E+00
  0.0000000E+00  0.0000000E+00
  0.0000000E+00  0.0000000E+00
  0.0000000E+00  0.0000000E+00
  0.0000000E+00  0.0000000E+00
  0.0000000E+00  0.0000000E+00
  0.0000000E+00  0.0000000E+00
  0.0000000E+00  0.0000000E+00
  0.0000000E+00  0.0000000E+00
  0.0000000E+00  0.0000000E+00
  0.0000000E+00  0.0000000E+00
  0.0000000E+00  0.0000000E+00
  0.0000000E+00  0.0000000E+00
  0.0000000E+00  0.0000000E+00
  0.0000000E+00  0.0000000E+00
  0.0000000E+00  0.0000000E+00
  0.0000000E+00  0.0000000E+00
  0.0000000E+00  0.0000000E+00
  0.0000000E+00  0.0000000E+00
  0.0000000E+00  0.0000000E+00
  0.0000000E+00  0.0000000E+00
  0.0000000E+00  0.0000000E+00
  0.0000000E+00  0.0000000E+00
  0.0000000E+00  0.0000000E+00
  0.0000000E+00  0.0000000E+00
  0.0000000E+00  0.0000000E+00
  0.0000000E+00  0.0000000E+00
  0.0000000E+00  0.0000000E+00
  0.0000000E+00  0.0000000E+00
  0.0000000E+00  0.0000000E+00
  0.0000000E+00  0.0000000E+00
  0.0000000E+00  0.0000000E+00
  0.0000000E+00  0.0000000E+00
  0.0000000E+00  0.0000000E+00
  0.0000000E+00  0.0000000E+00
  0.0000000E+00  0.0000000E+00
  0.0000000E+00  0.0000000E+00
  0.0000000E+00  0.0000000E+00
  0.0000000E+00  0.0000000E+00
  0.0000000E+00  0.0000000E+00
  0.0000000E+00  0.0000000E+00
  0.0000000E+00  0.0000000E+00
  0.0000000E+00  0.0000000E+00
  0.0000000E+00  0.0000000E+00
  0.0000000E+00  0.0000000E+00
  0.0000000E+00  0.0000000E+00
  0.0000000E+00  0.0000000E+00
  0.0000000E+00  0.0000000E+00
  0.0000000E+00  0.0000000E+00
  0.0000000E+00  0.0000000E+00
  0.0000000E+00  0.0000000E+00
  0.0000000E+00  0.0000000E+00
  0.0000000E+00  0.0000000E+00
  0.0000000E+00  0.0000000E+00
  0.0000000E+00  0.0000000E+00
  0.0000000E+00  0.0000000E+00
  0.0000000E+00  0.0000000E+00
  0.0000000E+00  0.0000000E+00
  0.0000000E+00  0.0000000E+00
  0.0000000E+00  0.0000000E+00
  0.0000000E+00  0.0000000E+00
  0.0000000E+00  0.0000000E+00
  0.0000000E+00  0.0000000E+00
  0.0000000E+00  0.0000000E+00
  0.0000000E+00  0.0000000E+00
  0.0000000E+00  0.0000000E+00
  0.0000000E+00  0.0000000E+00
  0.0000000E+00  0.0000000E+00
  0.0000000E+00  0.0000000E+00
  0.0000000E+00  0.0000000E+00
  0.0000000E+00  0.0000000E+00
  0.0000000E+00  0.0000000E+00
  0.0000000E+00  0.0000000E+00
  0.0000000E+00  0.0000000E+00
  0.0000000E+00  0.0000000E+00
  0.0000000E+00  0.0000000E+00
  0.0000000E+00  0.0000000E+00
  0.0000000E+00  0.0000000E+00
  0.0000000E+00  0.0000000E+00
  0.0000000E+00  0.0000000E+00
  0.0000000E+00  0.0000000E+00
  0.0000000E+00  0.0000000E+00
  0.0000000E+00  0.0000000E+00
  0.0000000E+00  0.0000000E+00
  0.0000000E+00  0.0000000E+00
  0.0000000E+00  0.0000000E+00
  0.0000000E+00  0.0000000E+00
  0.0000000E+00  0.0000000E+00
  0.0000000E+00  0.0000000E+00
  0.0000000E+00  0.0000000E+00
  0.0000000E+00  0.0000000E+00
  0.0000000E+00  0.0000000E+00
  0.0000000E+00  0.0000000E+00
  0.0000000E+00  0.0000000E+00
  0.0000000E+00  0.0000000E+00
  0.0000000E+00  0.0000000E+00
  0.0000000E+00  0.0000000E+00
  0.0000000E+00  0.0000000E+00
  0.0000000E+00  0.0000000E+00
  0.0000000E+00  0.0000000E+00
  0.0000000E+00  0.0000000E+00
  0.0000000E+00  0.0000000E+00
  0.0000000E+00  0.0000000E+00
  0.0000000E+00  0.0000000E+00
  0.0000000E+00  0.0000000E+00
  0.0000000E+00  0.0000000E+00
  0.0000000E+00  0.0000000E+00
  0.0000000E+00  0.0000000E+00
  0.0000000E+00  0.0000000E+00
  0.0000000E+00  0.0000000E+00
  0.0000000E+00  0.0000000E+00
  0.0000000E+00  0.0000000E+00
  0.0000000E+00  0.0000000E+00
  0.0000000E+00  0.0000000E+00
  0.0000000E+00  0.0000000E+00
  0.0000000E+00  0.0000000E+00
  0.0000000E+00  0.0000000E+00
  0.0000000E+00  0.0000000E+00
  0.0000000E+00  0.0000000E+00
  0.0000000E+00  0.0000000E+00
  0.0000000E+00  0.0000000E+00
  0.0000000E+00  0.0000000E+00
  0.0000000E+00  0.0000000E+00
  0.0000000E+00  0.0000000E+00
  0.0000000E+00  0.0000000E+00
  0.0000000E+00  0.0000000E+00
  0.0000000E+00  0.0000000E+00
  0.0000000E+00  0.0000000E+00
  0.0000000E+00  0.0000000E+00
  0.0000000E+00  0.0000000E+00
  0.0000000E+00  0.0000000E+00
  0.0000000E+00  0.0000000E+00
  0.0000000E+00  0.0000000E+00
  0.0000000E+00  0.0000000E+00
  0.0000000E+00  0.0000000E+00
  0.0000000E+00  0.0000000E+00
  0.0000000E+00  0.0000000E+00
  0.0000000E+00  0.0000000E+00
  0.0000000E+00  0.0000000E+00
  0.0000000E+00  0.0000000E+00
  0.0000000E+00  0.0000000E+00
  0.0000000E+00  0.0000000E+00
  0.0000000E+00  0.0000000E+00
  0.0000000E+00  0.0000000E+00
  0.0000000E+00  0.0000000E+00
  0.0000000E+00  0.0000000E+00
  0.0000000E+00  0.0000000E+00
  0.0000000E+00  0.0000000E+00
  0.0000000E+00  0.0000000E+00
  0.0000000E+00  0.0000000E+00
  0.0000000E+00  0.0000000E+00
  0.0000000E+00  0.0000000E+00
  0.0000000E+00  0.0000000E+00
  0.0000000E+00  0.0000000E+00
  0.0000000E+00  0.0000000E+00
  0.0000000E+00  0.0000000E+00
  0.0000000E+00  0.0000000E+00
  0.0000000E+00  0.0000000E+00
  0.0000000E+00  0.0000000E+00
  0.0000000E+00  0.0000000E+00
  0.0000000E+00  0.0000000E+00
  0.0000000E+00  0.0000000E+00
  0.0000000E+00  0.0000000E+00
  0.0000000E+00  0.0000000E+00
  0.0000000E+00  0.0000000E+00
  0.0000000E+00  0.0000000E+00
  0.0000000E+00  0.0000000E+00
  0.0000000E+00  0.0000000E+00
  0.0000000E+00  0.0000000E+00
  0.0000000E+00  0.0000000E+00
  0.0000000E+00  0.0000000E+00
  0.0000000E+00  0.0000000E+00
  0.0000000E+00  0.0000000E+00
  0.0000000E+00  0.0000000E+00
  0.0000000E+00  0.0000000E+00
  0.0000000E+00  0.0000000E+00
  0.0000000E+00  0.0000000E+00
  0.0000000E+00  0.0000000E+00
  0.0000000E+00  0.0000000E+00
  0.0000000E+00  0.0000000E+00
  0.0000000E+00  0.0000000E+00
  0.0000000E+00  0.0000000E+00
  0.0000000E+00  0.0000000E+00
  0.0000000E+00  0.0000000E+00
  0.0000000E+00  0.0000000E+00
  0.0000000E+00  0.0000000E+00
  0.0000000E+00  0.0000000E+00
  0.0000000E+00  0.0000000E+00
  0.0000000E+00  0.0000000E+00
  0.0000000E+00  0.0000000E+00
  0.0000000E+00  0.0000000E+00
  0.0000000E+00  0.0000000E+00
  0.0000000E+00  0.0000000E+00
  0.0000000E+00  0.0000000E+00
  0.0000000E+00  0.0000000E+00
  0.0000000E+00  0.0000000E+00
  0.0000000E+00  0.0000000E+00
  0.0000000E+00  0.0000000E+00
  0.0000000E+00  0.0000000E+00
  0.0000000E+00  0.0000000E+00
  0.0000000E+00  0.0000000E+00
  0.0000000E+00  0.0000000E+00
  0.0000000E+00  0.0000000E+00
  0.0000000E+00  0.0000000E+00
  0.0000000E+00  0.0000000E+00
  0.0000000E+00  0.0000000E+00
  0.0000000E+00  0.0000000E+00
  0.0000000E+00  0.0000000E+00
  0.0000000E+00  0.0000000E+00
  0.0000000E+00  0.0000000E+00
  0.0000000E+00  0.0000000E+00
  0.0000000E+00  0.0000000E+00
  0.0000000E+00  0.0000000E+00
  0.0000000E+00  0.0000000E+00
  0.0000000E+00  0.0000000E+00
  0.0000000E+00  0.0000000E+00
  0.0000000E+00  0.0000000E+00
  0.0000000E+00  0.0000000E+00
  0.0000000E+00  0.0000000E+00
  0.0000000E+00  0.0000000E+00
  0.0000000E+00  0.0000000E+00
  0.0000000E+00  0.0000000E+00
  0.0000000E+00  0.0000000E+00
  0.0000000E+00  0.0000000E+00
  0.0000000E+00  0.0000000E+00
  0.0000000E+00  0.0000000E+00
  0.0000000E+00  0.0000000E+00
  0.0000000E+00  0.0000000E+00
  0.0000000E+00  0.0000000E+00
  0.0000000E+00  0.0000000E+00
  0.0000000E+00  0.0000000E+00
  0.0000000E+00  0.0000000E+00
  0.0000000E+00  0.0000000E+00
  0.0000000E+00  0.0000000E+00
  0.0000000E+00  0.0000000E+00
  0.0000000E+00  0.0000000E+00
  0.0000000E+00  0.0000000E+00
  0.0000000E+00  0.0000000E+00
  0.0000000E+00  0.0000000E+00
  0.0000000E+00  0.0000000E+00
  0.0000000E+00  0.0000000E+00
  0.0000000E+00  0.0000000E+00
  0.0000000E+00  0.0000000E+00
  0.0000000E+00  0.0000000E+00
  0.0000000E+00  0.0000000E+00
  0.0000000E+00  0.0000000E+00
  0.0000000E+00  0.0000000E+00
  0.0000000E+00  0.0000000E+00
  0.0000000E+00  0.0000000E+00
  0.0000000E+00  0.0000000E+00
  0.0000000E+00  0.0000000E+00
  0.0000000E+00  0.0000000E+00
  0.0000000E+00  0.0000000E+00
  0.0000000E+00  0.0000000E+00
  0.0000000E+00  0.0000000E+00
  0.0000000E+00  0.0000000E+00
  0.0000000E+00  0.0000000E+00
  0.0000000E+00  0.0000000E+00
  0.0000000E+00  0.0000000E+00
  0.0000000E+00  0.0000000E+00
  0.0000000E+00  0.0000000E+00
  0.0000000E+00  0.0000000E+00
  0.0000000E+00  0.0000000E+00
  0.0000000E+00  0.0000000E+00
  0.0000000E+00  0.0000000E+00
  0.0000000E+00  0.0000000E+00
  0.0000000E+00  0.0000000E+00
  0.0000000E+00  0.0000000E+00
  0.0000000E+00  0.0000000E+00
  0.0000000E+00  0.0000000E+00
  0.0000000E+00  0.0000000E+00
  0.0000000E+00  0.0000000E+00
  0.0000000E+00  0.0000000E+00
  0.0000000E+00  0.0000000E+00
  0.0000000E+00  0.0000000E+00
  0.0000000E+00  0.0000000E+00
  0.0000000E+00  0.0000000E+00
  0.0000000E+00  0.0000000E+00
  0.0000000E+00  0.0000000E+00
  0.0000000E+00  0.0000000E+00
  0.0000000E+00  0.0000000E+00
  0.0000000E+00  0.0000000E+00
  0.0000000E+00  0.0000000E+00
  0.0000000E+00  0.0000000E+00
  0.0000000E+00  0.0000000E+00
  0.0000000E+00  0.0000000E+00
  0.0000000E+00  0.0000000E+00
  0.0000000E+00  0.0000000E+00
  0.0000000E+00  0.0000000E+00
  0.0000000E+00  0.0000000E+00
  0.0000000E+00  0.0000000E+00
  0.0000000E+00  0.0000000E+00
  0.0000000E+00  0.0000000E+00
  0.0000000E+00  0.0000000E+00
  0.0000000E+00  0.0000000E+00
  0.0000000E+00  0.0000000E+00
  0.0000000E+00  0.0000000E+00
  0.0000000E+00  0.0000000E+00
  0.0000000E+00  0.0000000E+00
  0.0000000E+00  0.0000000E+00
  0.0000000E+00  0.0000000E+00
  0.0000000E+00  0.0000000E+00
  0.0000000E+00  0.0000000E+00
  0.0000000E+00  0.0000000E+00
  0.0000000E+00  0.0000000E+00
