 -0.9909838E+00  0.1182793E-01
 -0.9817315E+00  0.1174939E-01
 -0.9939193E+00  0.1196106E-01
 -0.9959999E+00  0.1206590E-01
 -0.9995371E+00  0.1219250E-01
 -0.1000851E+01  0.1229971E-01
 -0.9668442E+00  0.1200513E-01
 -0.9774299E+00  0.1223799E-01
 -0.9804359E+00  0.1233466E-01
 -0.1018605E+01  0.1284018E-01
 -0.1248267E+01  0.1558789E-01
 -0.1244623E+01  0.1554495E-01
 -0.1243825E+01  0.1553642E-01
 -0.1243785E+01  0.1553603E-01
 -0.1243770E+01  0.1553486E-01
 -0.1244179E+01  0.1554087E-01
 -0.1243233E+01  0.1552970E-01
 -0.1240299E+01  0.1549407E-01
 -0.1239040E+01  0.1548022E-01
 -0.1239264E+01  0.1548277E-01
 -0.1237709E+01  0.1546338E-01
 -0.1237189E+01  0.1545827E-01
 -0.1237755E+01  0.1546486E-01
 -0.1236369E+01  0.1544747E-01
 -0.1235922E+01  0.1544321E-01
 -0.1236565E+01  0.1545079E-01
 -0.1235249E+01  0.1543418E-01
 -0.1234845E+01  0.1543038E-01
 -0.1235572E+01  0.1543898E-01
 -0.1234396E+01  0.1542406E-01
 -0.1234111E+01  0.1542175E-01
 -0.1234960E+01  0.1543178E-01
 -0.1233949E+01  0.1541881E-01
 -0.1233822E+01  0.1541839E-01
 -0.1234812E+01  0.1543003E-01
 -0.1233935E+01  0.1541866E-01
 -0.1233942E+01  0.1541978E-01
 -0.1235073E+01  0.1543313E-01
 -0.1234337E+01  0.1542344E-01
 -0.1234493E+01  0.1542629E-01
 -0.1235767E+01  0.1544133E-01
 -0.1235150E+01  0.1543303E-01
 -0.1235412E+01  0.1543720E-01
 -0.1236783E+01  0.1545335E-01
 -0.1236209E+01  0.1544558E-01
 -0.1236543E+01  0.1545057E-01
 -0.1237934E+01  0.1546703E-01
 -0.1237355E+01  0.1545922E-01
 -0.1237677E+01  0.1546403E-01
 -0.1239027E+01  0.1547994E-01
 -0.1238371E+01  0.1547128E-01
 -0.1238613E+01  0.1547522E-01
 -0.1239865E+01  0.1548991E-01
 -0.1239106E+01  0.1547996E-01
 -0.1239272E+01  0.1548296E-01
 -0.1240433E+01  0.1549659E-01
 -0.1239543E+01  0.1548514E-01
 -0.1239563E+01  0.1548640E-01
 -0.1240569E+01  0.1549824E-01
 -0.1239526E+01  0.1548496E-01
 -0.1239393E+01  0.1548439E-01
 -0.1240220E+01  0.1549406E-01
 -0.1239102E+01  0.1547994E-01
 -0.1238956E+01  0.1547919E-01
 -0.1239701E+01  0.1548795E-01
 -0.1238434E+01  0.1547197E-01
 -0.1238137E+01  0.1546951E-01
 -0.1238821E+01  0.1547753E-01
 -0.1237453E+01  0.1546034E-01
 -0.1236988E+01  0.1545584E-01
 -0.1237574E+01  0.1546272E-01
 -0.1236214E+01  0.1544568E-01
 -0.1235800E+01  0.1544175E-01
 -0.1236465E+01  0.1544959E-01
 -0.1235203E+01  0.1543371E-01
 -0.1234890E+01  0.1543100E-01
 -0.1235710E+01  0.1544070E-01
 -0.1234631E+01  0.1542699E-01
 -0.1234507E+01  0.1542657E-01
 -0.1235451E+01  0.1543796E-01
 -0.1234797E+01  0.1543045E-01
 -0.1239463E+01  0.1548608E-01
 -0.1243109E+01  0.1552590E-01
 -0.1243826E+01  0.1553348E-01
 -0.1244017E+01  0.1553546E-01
 -0.1244332E+01  0.1553909E-01
 -0.1244636E+01  0.1554271E-01
 -0.1244860E+01  0.1554530E-01
 -0.1245009E+01  0.1554705E-01
 -0.1245175E+01  0.1554902E-01
 -0.1245409E+01  0.1555183E-01
 -0.1245711E+01  0.1555538E-01
 -0.1246055E+01  0.1555945E-01
 -0.1246375E+01  0.1556326E-01
 -0.1246687E+01  0.1556692E-01
 -0.1247111E+01  0.1557188E-01
 -0.1247540E+01  0.1557701E-01
 -0.1247773E+01  0.1557974E-01
 -0.1247740E+01  0.1557924E-01
 -0.1247314E+01  0.1557360E-01
 -0.1242727E+01  0.1551899E-01
 -0.1239085E+01  0.1547786E-01
 -0.1240147E+01  0.1549127E-01
 -0.1243955E+01  0.1553629E-01
 -0.1251392E+01  0.1562395E-01
 -0.1015042E+01  0.1279635E-01
 -0.9757730E+00  0.1227542E-01
 -0.9727737E+00  0.1217467E-01
 -0.9767602E+00  0.1214936E-01
 -0.9775075E+00  0.1207963E-01
 -0.9796959E+00  0.1202630E-01
 -0.9819684E+00  0.1197578E-01
 -0.9823466E+00  0.1182186E-01
 -0.9724585E+00  0.1163507E-01
 -0.9917439E+00  0.1183489E-01
 -0.1001321E+01  0.1195102E-01
 -0.9818692E+00  0.1216352E-01
 -0.9911519E+00  0.1182930E-01
 -0.9931298E+00  0.1185540E-01
 -0.9943628E+00  0.1187153E-01
 -0.9949444E+00  0.1187915E-01
 -0.9951507E+00  0.1188168E-01
 -0.9949775E+00  0.1187929E-01
 -0.9946496E+00  0.1187505E-01
 -0.9944711E+00  0.1187282E-01
 -0.9944492E+00  0.1187227E-01
 -0.9943377E+00  0.1187073E-01
 -0.9942166E+00  0.1186901E-01
 -0.9941347E+00  0.1186785E-01
 -0.9941523E+00  0.1186803E-01
 -0.9942113E+00  0.1186868E-01
 -0.9943922E+00  0.1187088E-01
 -0.9946359E+00  0.1187384E-01
 -0.9948863E+00  0.1187705E-01
 -0.9950925E+00  0.1187969E-01
 -0.9951773E+00  0.1188073E-01
 -0.9950010E+00  0.1187849E-01
 -0.9947259E+00  0.1187514E-01
 -0.9947437E+00  0.1187555E-01
 -0.9947586E+00  0.1187572E-01
 -0.9943819E+00  0.1187086E-01
 -0.9935578E+00  0.1186051E-01
 -0.9923412E+00  0.1184558E-01
 -0.9732555E+00  0.1197807E-01
 -0.1011580E+01  0.1243368E-01
 -0.9827476E+00  0.1190914E-01
 -0.9940124E+00  0.1212189E-01
 -0.9972290E+00  0.1224869E-01
 -0.9766691E+00  0.1228987E-01
 -0.9896312E+00  0.1194804E-01
 -0.1015879E+01  0.1280681E-01
 -0.1016581E+01  0.1281551E-01
 -0.1015331E+01  0.1279989E-01
 -0.1015515E+01  0.1280234E-01
 -0.1015787E+01  0.1280572E-01
 -0.1014616E+01  0.1279099E-01
 -0.1013572E+01  0.1277792E-01
 -0.1012895E+01  0.1276958E-01
 -0.1012493E+01  0.1276449E-01
 -0.1012210E+01  0.1276094E-01
 -0.1011947E+01  0.1275769E-01
 -0.1011751E+01  0.1275526E-01
 -0.1011601E+01  0.1275333E-01
 -0.1011427E+01  0.1275120E-01
 -0.1011279E+01  0.1274934E-01
 -0.1011132E+01  0.1274750E-01
 -0.1010962E+01  0.1274541E-01
 -0.1010873E+01  0.1274425E-01
 -0.1010824E+01  0.1274359E-01
 -0.1010735E+01  0.1274250E-01
 -0.1010725E+01  0.1274236E-01
 -0.1010763E+01  0.1274275E-01
 -0.1010738E+01  0.1274252E-01
 -0.1010779E+01  0.1274297E-01
 -0.1010839E+01  0.1274370E-01
 -0.1010828E+01  0.1274367E-01
 -0.1010889E+01  0.1274436E-01
 -0.1010979E+01  0.1274546E-01
 -0.1011030E+01  0.1274615E-01
 -0.1011114E+01  0.1274719E-01
 -0.1011257E+01  0.1274893E-01
 -0.1011349E+01  0.1275016E-01
 -0.1011491E+01  0.1275193E-01
 -0.1011653E+01  0.1275393E-01
 -0.1011753E+01  0.1275528E-01
 -0.1011908E+01  0.1275713E-01
 -0.1012056E+01  0.1275901E-01
 -0.1012137E+01  0.1276016E-01
 -0.1012255E+01  0.1276155E-01
 -0.1012370E+01  0.1276295E-01
 -0.1012412E+01  0.1276355E-01
 -0.1012463E+01  0.1276416E-01
 -0.1012545E+01  0.1276522E-01
 -0.1012604E+01  0.1276603E-01
 -0.1012694E+01  0.1276707E-01
 -0.1012749E+01  0.1276780E-01
 -0.1012724E+01  0.1276755E-01
 -0.1012719E+01  0.1276742E-01
 -0.1012706E+01  0.1276728E-01
 -0.1012616E+01  0.1276621E-01
 -0.1012556E+01  0.1276543E-01
 -0.1012588E+01  0.1276579E-01
 -0.1012576E+01  0.1276571E-01
 -0.1012515E+01  0.1276492E-01
 -0.1012456E+01  0.1276411E-01
 -0.1012372E+01  0.1276312E-01
 -0.1012234E+01  0.1276134E-01
 -0.1012073E+01  0.1275932E-01
 -0.1011877E+01  0.1275692E-01
 -0.1011719E+01  0.1275490E-01
 -0.1011597E+01  0.1275333E-01
 -0.1011457E+01  0.1275162E-01
 -0.1011357E+01  0.1275033E-01
 -0.1011286E+01  0.1274941E-01
 -0.1011208E+01  0.1274846E-01
 -0.1011214E+01  0.1274837E-01
 -0.1011220E+01  0.1274836E-01
 -0.1011213E+01  0.1274833E-01
 -0.1011314E+01  0.1274944E-01
 -0.1011675E+01  0.1275370E-01
 -0.1012474E+01  0.1276300E-01
 -0.1013276E+01  0.1277218E-01
 -0.1013723E+01  0.1277737E-01
 -0.1013998E+01  0.1278063E-01
 -0.1014208E+01  0.1278323E-01
 -0.1014287E+01  0.1278420E-01
 -0.1014269E+01  0.1278400E-01
 -0.1014237E+01  0.1278360E-01
 -0.1014234E+01  0.1278354E-01
 -0.1014296E+01  0.1278427E-01
 -0.1014392E+01  0.1278553E-01
 -0.1014505E+01  0.1278691E-01
 -0.1014601E+01  0.1278810E-01
 -0.1014709E+01  0.1278951E-01
 -0.1014921E+01  0.1279224E-01
 -0.1015123E+01  0.1279477E-01
 -0.1015147E+01  0.1279510E-01
 -0.1014921E+01  0.1279245E-01
 -0.1014354E+01  0.1278570E-01
 -0.1013361E+01  0.1277402E-01
 -0.1012595E+01  0.1276527E-01
 -0.1012573E+01  0.1276537E-01
 -0.1013550E+01  0.1277762E-01
 -0.9765693E+00  0.1228352E-01
 -0.9682043E+00  0.1158016E-01
 -0.9742454E+00  0.1219023E-01
 -0.9794388E+00  0.1217878E-01
 -0.9836475E+00  0.1215082E-01
 -0.9864293E+00  0.1210461E-01
 -0.9892224E+00  0.1205897E-01
 -0.9762585E+00  0.1167284E-01
 -0.9815764E+00  0.1180184E-01
 -0.9771035E+00  0.1168202E-01
 -0.9970313E+00  0.1208466E-01
 -0.9759411E+00  0.1167398E-01
 -0.9773033E+00  0.1168388E-01
 -0.9769524E+00  0.1167906E-01
 -0.9766248E+00  0.1167501E-01
 -0.9769271E+00  0.1167986E-01
 -0.9772012E+00  0.1168365E-01
 -0.9770149E+00  0.1168078E-01
 -0.9769883E+00  0.1168036E-01
 -0.9769313E+00  0.1167968E-01
 -0.9769495E+00  0.1168024E-01
 -0.9770309E+00  0.1168147E-01
 -0.9769921E+00  0.1168064E-01
 -0.9770021E+00  0.1168029E-01
 -0.9769875E+00  0.1167955E-01
 -0.9770083E+00  0.1167928E-01
 -0.9770573E+00  0.1167947E-01
 -0.9769661E+00  0.1167810E-01
 -0.9766636E+00  0.1167481E-01
 -0.9768634E+00  0.1167857E-01
 -0.9774225E+00  0.1168628E-01
 -0.9771952E+00  0.1168256E-01
 -0.9769188E+00  0.1167937E-01
 -0.9770073E+00  0.1168253E-01
 -0.9803363E+00  0.1172986E-01
 -0.9691389E+00  0.1214831E-01
 -0.1007189E+01  0.1244831E-01
 -0.9978518E+00  0.1206836E-01
 -0.1018132E+01  0.1257823E-01
 -0.9794405E+00  0.1223577E-01
 -0.9990375E+00  0.1217932E-01
 -0.9769930E+00  0.1229293E-01
 -0.9900016E+00  0.1199488E-01
 -0.9784954E+00  0.1230856E-01
 -0.9776785E+00  0.1229708E-01
 -0.9773415E+00  0.1229209E-01
 -0.9772642E+00  0.1229041E-01
 -0.9771145E+00  0.1228819E-01
 -0.9769885E+00  0.1228644E-01
 -0.9769222E+00  0.1228552E-01
 -0.9768524E+00  0.1228454E-01
 -0.9768353E+00  0.1228425E-01
 -0.9767535E+00  0.1228310E-01
 -0.9766439E+00  0.1228155E-01
 -0.9765821E+00  0.1228068E-01
 -0.9765305E+00  0.1227997E-01
 -0.9765415E+00  0.1227988E-01
 -0.9766589E+00  0.1228104E-01
 -0.9767076E+00  0.1228161E-01
 -0.9767427E+00  0.1228211E-01
 -0.9768348E+00  0.1228322E-01
 -0.9768156E+00  0.1228318E-01
 -0.9767854E+00  0.1228295E-01
 -0.9768561E+00  0.1228374E-01
 -0.9768173E+00  0.1228342E-01
 -0.9767523E+00  0.1228272E-01
 -0.9768267E+00  0.1228363E-01
 -0.9767995E+00  0.1228349E-01
 -0.9767581E+00  0.1228321E-01
 -0.9768378E+00  0.1228417E-01
 -0.9768243E+00  0.1228420E-01
 -0.9767938E+00  0.1228403E-01
 -0.9768706E+00  0.1228499E-01
 -0.9768553E+00  0.1228499E-01
 -0.9768112E+00  0.1228464E-01
 -0.9768706E+00  0.1228544E-01
 -0.9768464E+00  0.1228527E-01
 -0.9767827E+00  0.1228467E-01
 -0.9767990E+00  0.1228490E-01
 -0.9766977E+00  0.1228373E-01
 -0.9765898E+00  0.1228265E-01
 -0.9767841E+00  0.1228501E-01
 -0.9769341E+00  0.1228672E-01
 -0.9769089E+00  0.1228647E-01
 -0.9769381E+00  0.1228678E-01
 -0.9769251E+00  0.1228663E-01
 -0.9768553E+00  0.1228579E-01
 -0.9769127E+00  0.1228641E-01
 -0.9768476E+00  0.1228579E-01
 -0.9766590E+00  0.1228406E-01
 -0.9768163E+00  0.1228621E-01
 -0.9769884E+00  0.1228799E-01
 -0.9769455E+00  0.1228736E-01
 -0.9770290E+00  0.1228820E-01
 -0.9770553E+00  0.1228807E-01
 -0.9769725E+00  0.1228673E-01
 -0.9769691E+00  0.1228639E-01
 -0.9769449E+00  0.1228575E-01
 -0.9768687E+00  0.1228470E-01
 -0.9769002E+00  0.1228494E-01
 -0.9769221E+00  0.1228497E-01
 -0.9769093E+00  0.1228463E-01
 -0.9770420E+00  0.1228619E-01
 -0.9771095E+00  0.1228683E-01
 -0.9771671E+00  0.1228726E-01
 -0.9772085E+00  0.1228756E-01
 -0.9772185E+00  0.1228772E-01
 -0.9773395E+00  0.1228918E-01
 -0.9776232E+00  0.1229271E-01
 -0.9778320E+00  0.1229559E-01
 -0.9780337E+00  0.1229851E-01
 -0.9781302E+00  0.1230014E-01
 -0.9782358E+00  0.1230171E-01
 -0.9781359E+00  0.1230039E-01
 -0.9781425E+00  0.1229998E-01
 -0.9781980E+00  0.1230021E-01
 -0.9781815E+00  0.1229974E-01
 -0.9781294E+00  0.1229917E-01
 -0.9781035E+00  0.1229897E-01
 -0.9781556E+00  0.1229967E-01
 -0.9781758E+00  0.1230005E-01
 -0.9780734E+00  0.1229926E-01
 -0.9779424E+00  0.1229852E-01
 -0.9779868E+00  0.1229963E-01
 -0.9780477E+00  0.1230022E-01
 -0.9778687E+00  0.1229796E-01
 -0.9775849E+00  0.1229465E-01
 -0.9770689E+00  0.1228823E-01
 -0.9768952E+00  0.1228577E-01
 -0.9769996E+00  0.1228728E-01
 -0.9846260E+00  0.1183620E-01
 -0.9812182E+00  0.1180120E-01
 -0.9811431E+00  0.1219661E-01
 -0.9853706E+00  0.1216829E-01
 -0.9945027E+00  0.1220834E-01
 -0.9867467E+00  0.1210725E-01
 -0.9896797E+00  0.1206766E-01
 -0.9734567E+00  0.1167784E-01
 -0.9852093E+00  0.1184327E-01
 -0.9846312E+00  0.1183529E-01
 -0.9751320E+00  0.1219926E-01
 -0.9840184E+00  0.1182787E-01
 -0.9851151E+00  0.1184503E-01
 -0.9855606E+00  0.1185102E-01
 -0.9847796E+00  0.1183770E-01
 -0.9846402E+00  0.1183485E-01
 -0.9844417E+00  0.1183238E-01
 -0.9845197E+00  0.1183426E-01
 -0.9846165E+00  0.1183635E-01
 -0.9846529E+00  0.1183610E-01
 -0.9846856E+00  0.1183581E-01
 -0.9846542E+00  0.1183475E-01
 -0.9846308E+00  0.1183378E-01
 -0.9847025E+00  0.1183411E-01
 -0.9844891E+00  0.1183167E-01
 -0.9841773E+00  0.1182941E-01
 -0.9851433E+00  0.1184508E-01
 -0.9858863E+00  0.1185616E-01
 -0.9848823E+00  0.1183933E-01
 -0.9845664E+00  0.1183475E-01
 -0.9864644E+00  0.1186106E-01
 -0.9810715E+00  0.1179281E-01
 -0.9780566E+00  0.1230522E-01
 -0.9773820E+00  0.1229909E-01
 -0.9754976E+00  0.1227710E-01
 -0.9750732E+00  0.1167444E-01
 -0.9934014E+00  0.1227557E-01
 -0.9938125E+00  0.1203419E-01
 -0.9782870E+00  0.1224293E-01
 -0.9759947E+00  0.1221389E-01
 -0.9753729E+00  0.1220233E-01
 -0.9748033E+00  0.1219576E-01
 -0.9747936E+00  0.1219575E-01
 -0.9749488E+00  0.1219739E-01
 -0.9747367E+00  0.1219495E-01
 -0.9746149E+00  0.1219333E-01
 -0.9747097E+00  0.1219407E-01
 -0.9742187E+00  0.1218846E-01
 -0.9741951E+00  0.1218800E-01
 -0.9746054E+00  0.1219184E-01
 -0.9749408E+00  0.1219495E-01
 -0.9749661E+00  0.1219537E-01
 -0.9751551E+00  0.1219805E-01
 -0.9751143E+00  0.1219802E-01
 -0.9748545E+00  0.1219562E-01
 -0.9748724E+00  0.1219615E-01
 -0.9749913E+00  0.1219753E-01
 -0.9747517E+00  0.1219497E-01
 -0.9747408E+00  0.1219494E-01
 -0.9748996E+00  0.1219667E-01
 -0.9746434E+00  0.1219390E-01
 -0.9746494E+00  0.1219410E-01
 -0.9748183E+00  0.1219594E-01
 -0.9745734E+00  0.1219332E-01
 -0.9745836E+00  0.1219359E-01
 -0.9747506E+00  0.1219542E-01
 -0.9745170E+00  0.1219294E-01
 -0.9745039E+00  0.1219293E-01
 -0.9746528E+00  0.1219455E-01
 -0.9744011E+00  0.1219185E-01
 -0.9743562E+00  0.1219144E-01
 -0.9745201E+00  0.1219304E-01
 -0.9740409E+00  0.1218764E-01
 -0.9735530E+00  0.1218282E-01
 -0.9740991E+00  0.1218901E-01
 -0.9749233E+00  0.1219760E-01
 -0.9748403E+00  0.1219657E-01
 -0.9746540E+00  0.1219452E-01
 -0.9747539E+00  0.1219543E-01
 -0.9746684E+00  0.1219457E-01
 -0.9746445E+00  0.1219467E-01
 -0.9743822E+00  0.1219265E-01
 -0.9730978E+00  0.1218011E-01
 -0.9733558E+00  0.1218407E-01
 -0.9744308E+00  0.1219534E-01
 -0.9740685E+00  0.1219092E-01
 -0.9743794E+00  0.1219405E-01
 -0.9748727E+00  0.1219833E-01
 -0.9748248E+00  0.1219697E-01
 -0.9747871E+00  0.1219600E-01
 -0.9748562E+00  0.1219628E-01
 -0.9747459E+00  0.1219498E-01
 -0.9747061E+00  0.1219422E-01
 -0.9749647E+00  0.1219649E-01
 -0.9749895E+00  0.1219660E-01
 -0.9752181E+00  0.1219948E-01
 -0.9755198E+00  0.1220257E-01
 -0.9756988E+00  0.1220404E-01
 -0.9755697E+00  0.1220244E-01
 -0.9751362E+00  0.1219810E-01
 -0.9751859E+00  0.1219953E-01
 -0.9753739E+00  0.1220251E-01
 -0.9749350E+00  0.1219900E-01
 -0.9751284E+00  0.1220294E-01
 -0.9746228E+00  0.1219800E-01
 -0.9749714E+00  0.1220260E-01
 -0.9745995E+00  0.1219696E-01
 -0.9753208E+00  0.1220329E-01
 -0.9759427E+00  0.1220893E-01
 -0.9758974E+00  0.1220767E-01
 -0.9755315E+00  0.1220353E-01
 -0.9754899E+00  0.1220335E-01
 -0.9757916E+00  0.1220675E-01
 -0.9758788E+00  0.1220801E-01
 -0.9752766E+00  0.1220250E-01
 -0.9737961E+00  0.1218835E-01
 -0.9736648E+00  0.1218799E-01
 -0.9748977E+00  0.1220035E-01
 -0.9748678E+00  0.1219944E-01
 -0.9744359E+00  0.1219536E-01
 -0.9737030E+00  0.1218500E-01
 -0.9752091E+00  0.1219999E-01
 -0.9933286E+00  0.1202479E-01
 -0.9957117E+00  0.1205567E-01
 -0.9700540E+00  0.1209889E-01
 -0.9810199E+00  0.1181137E-01
 -0.9926593E+00  0.1201799E-01
 -0.9882725E+00  0.1214472E-01
 -0.9767046E+00  0.1223043E-01
 -0.9858323E+00  0.1217292E-01
 -0.9917281E+00  0.1225119E-01
 -0.9963451E+00  0.1207476E-01
 -0.9747301E+00  0.1219760E-01
 -0.9961362E+00  0.1206208E-01
 -0.9937684E+00  0.1236308E-01
 -0.9810875E+00  0.1221635E-01
 -0.9944972E+00  0.1203681E-01
 -0.9941703E+00  0.1202907E-01
 -0.9937881E+00  0.1202380E-01
 -0.9942029E+00  0.1203077E-01
 -0.9942756E+00  0.1203390E-01
 -0.9944484E+00  0.1203526E-01
 -0.9945651E+00  0.1203656E-01
 -0.9945216E+00  0.1203600E-01
 -0.9945039E+00  0.1203562E-01
 -0.9945008E+00  0.1203570E-01
 -0.9941950E+00  0.1203294E-01
 -0.9940559E+00  0.1203331E-01
 -0.9967322E+00  0.1207778E-01
 -0.9978627E+00  0.1209899E-01
 -0.9940271E+00  0.1203351E-01
 -0.9930838E+00  0.1201828E-01
 -0.9882879E+00  0.1196991E-01
 -0.9836890E+00  0.1222620E-01
 -0.9754602E+00  0.1220419E-01
 -0.9818913E+00  0.1205398E-01
 -0.9687411E+00  0.1201201E-01
 -0.9971585E+00  0.1208497E-01
 -0.9884343E+00  0.1207690E-01
 -0.9935812E+00  0.1228272E-01
 -0.9833803E+00  0.1223453E-01
 -0.1000106E+01  0.1222886E-01
 -0.9897171E+00  0.1212527E-01
 -0.9635699E+00  0.1208488E-01
 -0.9799212E+00  0.1219510E-01
 -0.1009071E+01  0.1231244E-01
 -0.9807580E+00  0.1219691E-01
 -0.9788133E+00  0.1217629E-01
 -0.9784309E+00  0.1217316E-01
 -0.9783766E+00  0.1217244E-01
 -0.9791400E+00  0.1218039E-01
 -0.9770558E+00  0.1215775E-01
 -0.9769367E+00  0.1215610E-01
 -0.9786962E+00  0.1217248E-01
 -0.9800023E+00  0.1218459E-01
 -0.9793509E+00  0.1217823E-01
 -0.9797099E+00  0.1218467E-01
 -0.9798741E+00  0.1218741E-01
 -0.9784386E+00  0.1217316E-01
 -0.9785017E+00  0.1217471E-01
 -0.9796523E+00  0.1218712E-01
 -0.9783899E+00  0.1217351E-01
 -0.9783580E+00  0.1217318E-01
 -0.9795779E+00  0.1218609E-01
 -0.9783306E+00  0.1217261E-01
 -0.9783043E+00  0.1217232E-01
 -0.9795043E+00  0.1218496E-01
 -0.9782885E+00  0.1217186E-01
 -0.9782736E+00  0.1217165E-01
 -0.9794516E+00  0.1218407E-01
 -0.9783164E+00  0.1217190E-01
 -0.9782510E+00  0.1217113E-01
 -0.9793360E+00  0.1218244E-01
 -0.9781846E+00  0.1217003E-01
 -0.9782296E+00  0.1217044E-01
 -0.9796857E+00  0.1218601E-01
 -0.9777732E+00  0.1216500E-01
 -0.9747546E+00  0.1213366E-01
 -0.9768469E+00  0.1215606E-01
 -0.9809130E+00  0.1219843E-01
 -0.9792472E+00  0.1217944E-01
 -0.9787825E+00  0.1217446E-01
 -0.9799424E+00  0.1218662E-01
 -0.9786715E+00  0.1217317E-01
 -0.9790325E+00  0.1217923E-01
 -0.9798809E+00  0.1219126E-01
 -0.9725374E+00  0.1211326E-01
 -0.9734263E+00  0.1212577E-01
 -0.9798819E+00  0.1219547E-01
 -0.9760466E+00  0.1215157E-01
 -0.9774703E+00  0.1216677E-01
 -0.9801956E+00  0.1219415E-01
 -0.9786670E+00  0.1217601E-01
 -0.9785585E+00  0.1217454E-01
 -0.9793992E+00  0.1218314E-01
 -0.9783362E+00  0.1217153E-01
 -0.9780319E+00  0.1216707E-01
 -0.9798183E+00  0.1218487E-01
 -0.9788482E+00  0.1217405E-01
 -0.9794431E+00  0.1218257E-01
 -0.9806547E+00  0.1219528E-01
 -0.9808084E+00  0.1219552E-01
 -0.9803737E+00  0.1219099E-01
 -0.9784122E+00  0.1217149E-01
 -0.9786074E+00  0.1217618E-01
 -0.9797823E+00  0.1219018E-01
 -0.9770764E+00  0.1216270E-01
 -0.9787711E+00  0.1218591E-01
 -0.9761335E+00  0.1215566E-01
 -0.9779013E+00  0.1217790E-01
 -0.9754940E+00  0.1214536E-01
 -0.9795927E+00  0.1218722E-01
 -0.9813122E+00  0.1220359E-01
 -0.9805685E+00  0.1219391E-01
 -0.9788818E+00  0.1217602E-01
 -0.9790906E+00  0.1217929E-01
 -0.9805515E+00  0.1219521E-01
 -0.9809642E+00  0.1220042E-01
 -0.9797373E+00  0.1219008E-01
 -0.9728841E+00  0.1211920E-01
 -0.9723806E+00  0.1211402E-01
 -0.9804299E+00  0.1219789E-01
 -0.9792594E+00  0.1218434E-01
 -0.9757807E+00  0.1215181E-01
 -0.9807810E+00  0.1219822E-01
 -0.9771560E+00  0.1216078E-01
 -0.9829214E+00  0.1230520E-01
 -0.1003577E+01  0.1223907E-01
 -0.1006217E+01  0.1227857E-01
 -0.1003651E+01  0.1225062E-01
 -0.1018874E+01  0.1243398E-01
 -0.9876053E+00  0.1218336E-01
 -0.9745429E+00  0.1190799E-01
 -0.1001201E+01  0.1221777E-01
 -0.9926242E+00  0.1219252E-01
 -0.1006896E+01  0.1227320E-01
 -0.1003734E+01  0.1224381E-01
 -0.1001824E+01  0.1221484E-01
 -0.1004540E+01  0.1225580E-01
 -0.1003818E+01  0.1224655E-01
 -0.1003340E+01  0.1224200E-01
 -0.1003044E+01  0.1224000E-01
 -0.1002903E+01  0.1223924E-01
 -0.1002690E+01  0.1223801E-01
 -0.1002027E+01  0.1223176E-01
 -0.1001529E+01  0.1222102E-01
 -0.9620315E+00  0.1159664E-01
 -0.1023849E+01  0.1250236E-01
 -0.1004019E+01  0.1225351E-01
 -0.1000230E+01  0.1219630E-01
 -0.1012714E+01  0.1234840E-01
 -0.9787794E+00  0.1217699E-01
 -0.1001300E+01  0.1220723E-01
 -0.9797615E+00  0.1218764E-01
 -0.1000062E+01  0.1202833E-01
 -0.9902194E+00  0.1223924E-01
 -0.9748099E+00  0.1213114E-01
 -0.9800261E+00  0.1202437E-01
 -0.9877902E+00  0.1220863E-01
 -0.1038095E+01  0.1271759E-01
 -0.9676501E+00  0.1213241E-01
 -0.1014981E+01  0.1247116E-01
 -0.1013719E+01  0.1245004E-01
 -0.9854594E+00  0.1218876E-01
 -0.9780411E+00  0.1210340E-01
 -0.9777869E+00  0.1210377E-01
 -0.9783247E+00  0.1211017E-01
 -0.9751483E+00  0.1207803E-01
 -0.9818022E+00  0.1214051E-01
 -0.9847186E+00  0.1215929E-01
 -0.9797031E+00  0.1210693E-01
 -0.9818588E+00  0.1214505E-01
 -0.9857212E+00  0.1218961E-01
 -0.9780410E+00  0.1210766E-01
 -0.9785972E+00  0.1211545E-01
 -0.9863858E+00  0.1220055E-01
 -0.9780772E+00  0.1210877E-01
 -0.9780707E+00  0.1210866E-01
 -0.9863757E+00  0.1219933E-01
 -0.9779756E+00  0.1210664E-01
 -0.9780190E+00  0.1210713E-01
 -0.9862789E+00  0.1219727E-01
 -0.9779553E+00  0.1210551E-01
 -0.9780387E+00  0.1210642E-01
 -0.9862213E+00  0.1219560E-01
 -0.9779470E+00  0.1210441E-01
 -0.9780499E+00  0.1210556E-01
 -0.9860392E+00  0.1219238E-01
 -0.9777613E+00  0.1210112E-01
 -0.9780127E+00  0.1210381E-01
 -0.9878022E+00  0.1221202E-01
 -0.9798231E+00  0.1212561E-01
 -0.9822316E+00  0.1215401E-01
 -0.9781129E+00  0.1209753E-01
 -0.9782805E+00  0.1210079E-01
 -0.9871082E+00  0.1219759E-01
 -0.9776863E+00  0.1209434E-01
 -0.9788854E+00  0.1211216E-01
 -0.9975051E+00  0.1233168E-01
 -0.1000088E+01  0.1236750E-01
 -0.9885224E+00  0.1222895E-01
 -0.9887175E+00  0.1222298E-01
 -0.9778267E+00  0.1210190E-01
 -0.9785242E+00  0.1211179E-01
 -0.9853556E+00  0.1218685E-01
 -0.9782525E+00  0.1210901E-01
 -0.9760893E+00  0.1207981E-01
 -0.9876214E+00  0.1219950E-01
 -0.9783996E+00  0.1209637E-01
 -0.9797741E+00  0.1212467E-01
 -0.9863123E+00  0.1219562E-01
 -0.9849678E+00  0.1217535E-01
 -0.9859887E+00  0.1218941E-01
 -0.9770775E+00  0.1209544E-01
 -0.9783020E+00  0.1211430E-01
 -0.9889334E+00  0.1223523E-01
 -0.9852040E+00  0.1223376E-01
 -0.9808971E+00  0.1214987E-01
 -0.9865184E+00  0.1220143E-01
 -0.9889819E+00  0.1222351E-01
 -0.9846878E+00  0.1217247E-01
 -0.9778925E+00  0.1210054E-01
 -0.9790371E+00  0.1211624E-01
 -0.9857171E+00  0.1218874E-01
 -0.9849562E+00  0.1217928E-01
 -0.9887413E+00  0.1223130E-01
 -0.9738194E+00  0.1191337E-01
 -0.9791122E+00  0.1211867E-01
 -0.1025204E+01  0.1256603E-01
 -0.1022646E+01  0.1254710E-01
 -0.1021675E+01  0.1254031E-01
 -0.1007704E+01  0.1237771E-01
 -0.1005088E+01  0.1233860E-01
 -0.1011789E+01  0.1242087E-01
 -0.1025868E+01  0.1258150E-01
 -0.9915320E+00  0.1207341E-01
 -0.9866779E+00  0.1220201E-01
 -0.1021050E+01  0.1252753E-01
 -0.1021361E+01  0.1253299E-01
 -0.1021370E+01  0.1253450E-01
 -0.1021402E+01  0.1253638E-01
 -0.1019172E+01  0.1251257E-01
 -0.1005392E+01  0.1234911E-01
 -0.9689184E+00  0.1175271E-01
 -0.1029521E+01  0.1263690E-01
 -0.1021024E+01  0.1253082E-01
 -0.9928812E+00  0.1202227E-01
 -0.1003086E+01  0.1231988E-01
 -0.9746937E+00  0.1207088E-01
 -0.1012593E+01  0.1235165E-01
 -0.1001446E+01  0.1230402E-01
 -0.9965751E+00  0.1232872E-01
 -0.9960718E+00  0.1224893E-01
 -0.1015299E+01  0.1245974E-01
 -0.1020931E+01  0.1252373E-01
 -0.9833835E+00  0.1210701E-01
 -0.1008708E+01  0.1224416E-01
 -0.9870232E+00  0.1191268E-01
 -0.9858311E+00  0.1218639E-01
 -0.9886045E+00  0.1225259E-01
 -0.1024173E+01  0.1241707E-01
 -0.9643631E+00  0.1151230E-01
 -0.9887207E+00  0.1179768E-01
 -0.9910983E+00  0.1215416E-01
 -0.1009515E+01  0.1233119E-01
 -0.9714593E+00  0.1203442E-01
 -0.9901741E+00  0.1214589E-01
 -0.9905939E+00  0.1226775E-01
 -0.1011275E+01  0.1236043E-01
 -0.9821337E+00  0.1210615E-01
 -0.9695764E+00  0.1201973E-01
 -0.9711643E+00  0.1203817E-01
 -0.9803308E+00  0.1206176E-01
 -0.1007659E+01  0.1239201E-01
 -0.9968088E+00  0.1229097E-01
 -0.9830019E+00  0.1210897E-01
 -0.9784229E+00  0.1206247E-01
 -0.9814014E+00  0.1207920E-01
 -0.9814564E+00  0.1208927E-01
 -0.9803846E+00  0.1207213E-01
 -0.9832794E+00  0.1210937E-01
 -0.9837463E+00  0.1211415E-01
 -0.9812858E+00  0.1208251E-01
 -0.9809138E+00  0.1208027E-01
 -0.9809675E+00  0.1208227E-01
 -0.9810238E+00  0.1208416E-01
 -0.9813274E+00  0.1208928E-01
 -0.9827137E+00  0.1210717E-01
 -0.9973295E+00  0.1226324E-01
 -0.9850397E+00  0.1214472E-01
 -0.9803150E+00  0.1215845E-01
 -0.9811637E+00  0.1216353E-01
 -0.9753452E+00  0.1201632E-01
 -0.9813367E+00  0.1208276E-01
 -0.9697962E+00  0.1194151E-01
 -0.9729172E+00  0.1197805E-01
 -0.2139379E+00  0.2827511E-02
  0.1179264E-01  0.9266158E-04
  0.7283512E-01 -0.6619600E-03
  0.9143022E-01 -0.9007801E-03
  0.9355194E-01 -0.9370645E-03
  0.8882656E-01 -0.8876800E-03
  0.8149558E-01 -0.8045579E-03
  0.7343498E-01 -0.7109856E-03
  0.6556486E-01 -0.6184668E-03
  0.5829811E-01 -0.5323038E-03
  0.5180499E-01 -0.4547444E-03
  0.4611666E-01 -0.3862926E-03
  0.4120149E-01 -0.3265697E-03
  0.3698983E-01 -0.2747415E-03
  0.3342526E-01 -0.2299409E-03
  0.3042449E-01 -0.1909871E-03
  0.2795243E-01 -0.1571335E-03
  0.2600317E-01 -0.1277373E-03
  0.2461847E-01 -0.1023487E-03
  0.2395427E-01 -0.8077823E-04
  0.2396354E-01 -0.8080885E-04
  0.2396968E-01 -0.8082663E-04
  0.2397361E-01 -0.8083488E-04
  0.2398551E-01 -0.8094524E-04
  0.2398983E-01 -0.8100423E-04
  0.2398674E-01 -0.8099170E-04
  0.2395227E-01 -0.8066911E-04
  0.2393338E-01 -0.8052756E-04
  0.2392606E-01 -0.8050647E-04
  0.2391964E-01 -0.8050790E-04
  0.2391100E-01 -0.8049148E-04
  0.2390054E-01 -0.8046027E-04
  0.2388995E-01 -0.8043947E-04
  0.2388040E-01 -0.8042432E-04
  0.2387274E-01 -0.8041032E-04
  0.2386737E-01 -0.8040942E-04
  0.2386394E-01 -0.8043001E-04
  0.2386252E-01 -0.8045189E-04
  0.2386302E-01 -0.8047630E-04
  0.2386496E-01 -0.8051196E-04
  0.2386834E-01 -0.8053935E-04
  0.2387300E-01 -0.8054606E-04
  0.2387879E-01 -0.8055020E-04
  0.2388546E-01 -0.8055438E-04
  0.2389335E-01 -0.8055464E-04
  0.2390264E-01 -0.8056305E-04
  0.2391290E-01 -0.8057962E-04
  0.2392364E-01 -0.8061071E-04
  0.2393435E-01 -0.8065103E-04
  0.2459893E-01 -0.1022114E-03
  0.2598393E-01 -0.1276040E-03
  0.2793229E-01 -0.1569927E-03
  0.3040227E-01 -0.1908332E-03
  0.3340450E-01 -0.2297822E-03
  0.3697654E-01 -0.2746724E-03
  0.4117707E-01 -0.3263874E-03
  0.4609061E-01 -0.3860717E-03
  0.5177513E-01 -0.4544992E-03
  0.5826383E-01 -0.5320072E-03
  0.6552529E-01 -0.6180967E-03
  0.7338789E-01 -0.7105282E-03
  0.8143727E-01 -0.8039942E-03
  0.8874949E-01 -0.8868718E-03
  0.9347338E-01 -0.9362402E-03
  0.9128856E-01 -0.8991989E-03
  0.7262211E-01 -0.6595042E-03
  0.1154747E-01  0.9551383E-04
 -0.2137236E+00  0.2825093E-02
 -0.2139477E+00  0.2827863E-02
 -0.2141907E+00  0.2830641E-02
 -0.2142724E+00  0.2831535E-02
 -0.2143314E+00  0.2832313E-02
 -0.2143582E+00  0.2832615E-02
 -0.2143666E+00  0.2832480E-02
 -0.2143510E+00  0.2832054E-02
 -0.2143344E+00  0.2831744E-02
 -0.2143799E+00  0.2832262E-02
 -0.2144358E+00  0.2832958E-02
 -0.2144605E+00  0.2833310E-02
 -0.2145020E+00  0.2833920E-02
 -0.2145647E+00  0.2834836E-02
 -0.2145808E+00  0.2835186E-02
 -0.2145615E+00  0.2835044E-02
 -0.2144866E+00  0.2834243E-02
 -0.2144143E+00  0.2833534E-02
 -0.2143685E+00  0.2833204E-02
 -0.2142507E+00  0.2832011E-02
 -0.2141555E+00  0.2831022E-02
 -0.2140221E+00  0.2829571E-02
 -0.2139599E+00  0.2829044E-02
 -0.2139138E+00  0.2828636E-02
 -0.2137944E+00  0.2827119E-02
 -0.2135919E+00  0.2824371E-02
 -0.2133017E+00  0.2820437E-02
 -0.2127377E+00  0.2813250E-02
 -0.2133949E+00  0.2821114E-02
  0.9150339E-01 -0.9015368E-03
  0.9364026E-01 -0.9380239E-03
  0.8890817E-01 -0.8885436E-03
  0.8154007E-01 -0.8049880E-03
  0.7347181E-01 -0.7113360E-03
  0.6559683E-01 -0.6187554E-03
  0.5832603E-01 -0.5325433E-03
  0.5183177E-01 -0.4549763E-03
  0.4613985E-01 -0.3864765E-03
  0.4118638E-01 -0.3263556E-03
  0.3697111E-01 -0.2744856E-03
  0.3344794E-01 -0.2301298E-03
  0.3047033E-01 -0.1914070E-03
  0.2799421E-01 -0.1575080E-03
  0.2602838E-01 -0.1279399E-03
  0.2463246E-01 -0.1024395E-03
  0.2463847E-01 -0.1024543E-03
  0.2467013E-01 -0.1027451E-03
  0.2475959E-01 -0.1036438E-03
  0.2474806E-01 -0.1035139E-03
  0.2471639E-01 -0.1032075E-03
  0.2454879E-01 -0.1015307E-03
  0.2450540E-01 -0.1011192E-03
  0.2451559E-01 -0.1012780E-03
  0.2454434E-01 -0.1016361E-03
  0.2455704E-01 -0.1018474E-03
  0.2455579E-01 -0.1019189E-03
  0.2454819E-01 -0.1019077E-03
  0.2453935E-01 -0.1018995E-03
  0.2453173E-01 -0.1019093E-03
  0.2452608E-01 -0.1019242E-03
  0.2452291E-01 -0.1019364E-03
  0.2452198E-01 -0.1019623E-03
  0.2452248E-01 -0.1019973E-03
  0.2452475E-01 -0.1020100E-03
  0.2452844E-01 -0.1020180E-03
  0.2453321E-01 -0.1020335E-03
  0.2453894E-01 -0.1020427E-03
  0.2454643E-01 -0.1020598E-03
  0.2455567E-01 -0.1020857E-03
  0.2456562E-01 -0.1021105E-03
  0.2457655E-01 -0.1021392E-03
  0.2458853E-01 -0.1021811E-03
  0.2597099E-01 -0.1275500E-03
  0.2791795E-01 -0.1569197E-03
  0.3038612E-01 -0.1907364E-03
  0.3338586E-01 -0.2296581E-03
  0.3695495E-01 -0.2745285E-03
  0.4115349E-01 -0.3262007E-03
  0.4606358E-01 -0.3858679E-03
  0.5174500E-01 -0.4542460E-03
  0.5822863E-01 -0.5317089E-03
  0.6548407E-01 -0.6177178E-03
  0.7333829E-01 -0.7100535E-03
  0.8137757E-01 -0.8034049E-03
  0.8868568E-01 -0.8862312E-03
  0.9337917E-01 -0.9352248E-03
  0.9118661E-01 -0.8981025E-03
  0.7248951E-01 -0.6580499E-03
  0.1141274E-01  0.9704140E-04
  0.1131811E-01  0.9805116E-04
  0.1122450E-01  0.9906424E-04
  0.1119991E-01  0.9928995E-04
  0.1119271E-01  0.9928626E-04
  0.1116884E-01  0.9942082E-04
  0.1118637E-01  0.9906144E-04
  0.1117938E-01  0.9905147E-04
  0.1116360E-01  0.9921489E-04
  0.1109815E-01  0.1000265E-03
  0.1107069E-01  0.1004111E-03
  0.1105087E-01  0.1007491E-03
  0.1100207E-01  0.1014519E-03
  0.1097267E-01  0.1019210E-03
  0.1101207E-01  0.1015423E-03
  0.1105887E-01  0.1010823E-03
  0.1112574E-01  0.1004068E-03
  0.1117699E-01  0.9994886E-04
  0.1126264E-01  0.9905559E-04
  0.1134592E-01  0.9819105E-04
  0.1143567E-01  0.9726951E-04
  0.1152114E-01  0.9640570E-04
  0.1157261E-01  0.9590884E-04
  0.1161812E-01  0.9539629E-04
  0.1178192E-01  0.9335204E-04
  0.1189047E-01  0.9191196E-04
  0.1204176E-01  0.8993705E-04
  0.1200009E-01  0.9030243E-04
  0.7293756E-01 -0.6630705E-03
  0.9366594E-01 -0.9382340E-03
  0.7349458E-01 -0.7115212E-03
  0.6562296E-01 -0.6189809E-03
  0.5835313E-01 -0.5327901E-03
  0.5185701E-01 -0.4552103E-03
  0.4610955E-01 -0.3861064E-03
  0.4109796E-01 -0.3253826E-03
  0.3695993E-01 -0.2743269E-03
  0.3342678E-01 -0.2298613E-03
  0.3056582E-01 -0.1923715E-03
  0.2811639E-01 -0.1587291E-03
  0.2609926E-01 -0.1286316E-03
  0.2621214E-01 -0.1297704E-03
  0.2613570E-01 -0.1289825E-03
  0.2633352E-01 -0.1310026E-03
  0.2609796E-01 -0.1285904E-03
  0.2586245E-01 -0.1261850E-03
  0.2577402E-01 -0.1252972E-03
  0.2577610E-01 -0.1253813E-03
  0.2585750E-01 -0.1262867E-03
  0.2590476E-01 -0.1268518E-03
  0.2591988E-01 -0.1270910E-03
  0.2591974E-01 -0.1271721E-03
  0.2591372E-01 -0.1271835E-03
  0.2590698E-01 -0.1271812E-03
  0.2590189E-01 -0.1271829E-03
  0.2589875E-01 -0.1272106E-03
  0.2589760E-01 -0.1272492E-03
  0.2589868E-01 -0.1272700E-03
  0.2590120E-01 -0.1272958E-03
  0.2590456E-01 -0.1273229E-03
  0.2590945E-01 -0.1273470E-03
  0.2591664E-01 -0.1273733E-03
  0.2592521E-01 -0.1273956E-03
  0.2593528E-01 -0.1274180E-03
  0.2594698E-01 -0.1274583E-03
  0.2595970E-01 -0.1275156E-03
  0.2790384E-01 -0.1568519E-03
  0.3336683E-01 -0.2295526E-03
  0.3036997E-01 -0.1906434E-03
  0.3693483E-01 -0.2743907E-03
  0.4113111E-01 -0.3260415E-03
  0.4603825E-01 -0.3856876E-03
  0.5171609E-01 -0.4540222E-03
  0.5819557E-01 -0.5314227E-03
  0.6544405E-01 -0.6173664E-03
  0.7329167E-01 -0.7096260E-03
  0.8132191E-01 -0.8028505E-03
  0.8860631E-01 -0.8854115E-03
  0.9329695E-01 -0.9343760E-03
  0.9110711E-01 -0.8972830E-03
  0.7240766E-01 -0.6571998E-03
  0.7234664E-01 -0.6565796E-03
  0.7232910E-01 -0.6565873E-03
  0.7234453E-01 -0.6566695E-03
  0.7230291E-01 -0.6563886E-03
  0.7231199E-01 -0.6566107E-03
  0.7228991E-01 -0.6564109E-03
  0.7227740E-01 -0.6562797E-03
  0.7223748E-01 -0.6557787E-03
  0.7221737E-01 -0.6555042E-03
  0.7222728E-01 -0.6555635E-03
  0.7221693E-01 -0.6553450E-03
  0.7217716E-01 -0.6547607E-03
  0.7217864E-01 -0.6546610E-03
  0.7221958E-01 -0.6550394E-03
  0.7228263E-01 -0.6556680E-03
  0.7236112E-01 -0.6564794E-03
  0.7240888E-01 -0.6569112E-03
  0.7251589E-01 -0.6580575E-03
  0.7257468E-01 -0.6586357E-03
  0.7263743E-01 -0.6592622E-03
  0.7269318E-01 -0.6598266E-03
  0.7274388E-01 -0.6604017E-03
  0.7282505E-01 -0.6614091E-03
  0.7290618E-01 -0.6624606E-03
  0.7293525E-01 -0.6629112E-03
  0.8894473E-01 -0.8888990E-03
  0.8156403E-01 -0.8051923E-03
  0.9156431E-01 -0.9021629E-03
  0.5838289E-01 -0.5330786E-03
  0.6565220E-01 -0.6192620E-03
  0.4608142E-01 -0.3858034E-03
  0.4115587E-01 -0.3260010E-03
  0.3689209E-01 -0.2736263E-03
  0.3333504E-01 -0.2288824E-03
  0.3053222E-01 -0.1920036E-03
  0.2826363E-01 -0.1602264E-03
  0.2806976E-01 -0.1582356E-03
  0.2760557E-01 -0.1534532E-03
  0.2796160E-01 -0.1571134E-03
  0.2796061E-01 -0.1570882E-03
  0.2806770E-01 -0.1581898E-03
  0.2782892E-01 -0.1557990E-03
  0.2779349E-01 -0.1555101E-03
  0.2783447E-01 -0.1560167E-03
  0.2785292E-01 -0.1562905E-03
  0.2785600E-01 -0.1564143E-03
  0.2784988E-01 -0.1564343E-03
  0.2784267E-01 -0.1564343E-03
  0.2783767E-01 -0.1564518E-03
  0.2783486E-01 -0.1564720E-03
  0.2783440E-01 -0.1564978E-03
  0.2783514E-01 -0.1565313E-03
  0.2783704E-01 -0.1565600E-03
  0.2784103E-01 -0.1565782E-03
  0.2784718E-01 -0.1565998E-03
  0.2785549E-01 -0.1566454E-03
  0.2786579E-01 -0.1566935E-03
  0.2787726E-01 -0.1567369E-03
  0.2789136E-01 -0.1568013E-03
  0.4111074E-01 -0.3259243E-03
  0.4601600E-01 -0.3855210E-03
  0.3334967E-01 -0.2294576E-03
  0.3691547E-01 -0.2742601E-03
  0.3035426E-01 -0.1905648E-03
  0.5168987E-01 -0.4538386E-03
  0.5816618E-01 -0.5311812E-03
  0.6540956E-01 -0.6170748E-03
  0.7325216E-01 -0.7092785E-03
  0.8128382E-01 -0.8025240E-03
  0.8856891E-01 -0.8850790E-03
  0.9333969E-01 -0.9350343E-03
  0.9108380E-01 -0.8971405E-03
  0.9108068E-01 -0.8975278E-03
  0.9108859E-01 -0.8976833E-03
  0.9106402E-01 -0.8971348E-03
  0.9106930E-01 -0.8973081E-03
  0.9107587E-01 -0.8971640E-03
  0.9105914E-01 -0.8973564E-03
  0.9102832E-01 -0.8969813E-03
  0.9101796E-01 -0.8968245E-03
  0.9099612E-01 -0.8964949E-03
  0.9100483E-01 -0.8965203E-03
  0.9098260E-01 -0.8961473E-03
  0.9099338E-01 -0.8961710E-03
  0.9103063E-01 -0.8965053E-03
  0.9107742E-01 -0.8969431E-03
  0.9114455E-01 -0.8976160E-03
  0.9122854E-01 -0.8984937E-03
  0.9128512E-01 -0.8990551E-03
  0.9131998E-01 -0.8993354E-03
  0.9136734E-01 -0.8997869E-03
  0.9142128E-01 -0.9003417E-03
  0.9146651E-01 -0.9008343E-03
  0.9150216E-01 -0.9012736E-03
  0.9155616E-01 -0.9019792E-03
  0.8896152E-01 -0.8890511E-03
  0.8157291E-01 -0.8052326E-03
  0.5187475E-01 -0.4553809E-03
  0.9362409E-01 -0.9376392E-03
  0.7351251E-01 -0.7116646E-03
  0.4627855E-01 -0.3879502E-03
  0.4121779E-01 -0.3267147E-03
  0.3030459E-01 -0.1896377E-03
  0.3048462E-01 -0.1915109E-03
  0.3038150E-01 -0.1905237E-03
  0.3072253E-01 -0.1939767E-03
  0.3041194E-01 -0.1907254E-03
  0.3005770E-01 -0.1870969E-03
  0.3025617E-01 -0.1891296E-03
  0.6538332E-01 -0.6168755E-03
  0.3036225E-01 -0.1905244E-03
  0.3032179E-01 -0.1901994E-03
  0.3030855E-01 -0.1901444E-03
  0.3029930E-01 -0.1901204E-03
  0.3029370E-01 -0.1901269E-03
  0.3029103E-01 -0.1901506E-03
  0.3029020E-01 -0.1901810E-03
  0.3029048E-01 -0.1902104E-03
  0.3029291E-01 -0.1902371E-03
  0.3029807E-01 -0.1902780E-03
  0.3030596E-01 -0.1903334E-03
  0.3031605E-01 -0.1903811E-03
  0.3032788E-01 -0.1904350E-03
  0.3034124E-01 -0.1905044E-03
  0.5166845E-01 -0.4536849E-03
  0.5814255E-01 -0.5310205E-03
  0.4599626E-01 -0.3853945E-03
  0.4109065E-01 -0.3257895E-03
  0.3333372E-01 -0.2293687E-03
  0.3689731E-01 -0.2741557E-03
  0.9328104E-01 -0.9347931E-03
  0.7323091E-01 -0.7091388E-03
  0.8125769E-01 -0.8023351E-03
  0.8855563E-01 -0.8850450E-03
  0.9329723E-01 -0.9346445E-03
  0.9323317E-01 -0.9342248E-03
  0.9329132E-01 -0.9349436E-03
  0.9329275E-01 -0.9349158E-03
  0.9326884E-01 -0.9345764E-03
  0.9330307E-01 -0.9348217E-03
  0.9328324E-01 -0.9346662E-03
  0.9326768E-01 -0.9345759E-03
  0.9324813E-01 -0.9342508E-03
  0.9323584E-01 -0.9340078E-03
  0.9324778E-01 -0.9340391E-03
  0.9325698E-01 -0.9340346E-03
  0.9333719E-01 -0.9348853E-03
  0.9336174E-01 -0.9350427E-03
  0.9342717E-01 -0.9357017E-03
  0.9350395E-01 -0.9364974E-03
  0.9359226E-01 -0.9374460E-03
  0.9360018E-01 -0.9374475E-03
  0.9362736E-01 -0.9376949E-03
  0.9366520E-01 -0.9381055E-03
  0.9368852E-01 -0.9383740E-03
  0.7351680E-01 -0.7116771E-03
  0.5196430E-01 -0.4563580E-03
  0.8156040E-01 -0.8050607E-03
  0.3038412E-01 -0.1906562E-03
  0.8890133E-01 -0.8882858E-03
  0.6569602E-01 -0.6197062E-03
  0.3311322E-01 -0.2266020E-03
  0.3692284E-01 -0.2740029E-03
  0.5844800E-01 -0.5337743E-03
  0.4641480E-01 -0.3894167E-03
  0.4127145E-01 -0.3273003E-03
  0.3312103E-01 -0.2266524E-03
  0.3360032E-01 -0.2316455E-03
  0.3363657E-01 -0.2321150E-03
  0.3333423E-01 -0.2289388E-03
  0.3362481E-01 -0.2318773E-03
  0.3340593E-01 -0.2296001E-03
  0.8124200E-01 -0.8022538E-03
  0.3338544E-01 -0.2297025E-03
  0.4597849E-01 -0.3852831E-03
  0.3330422E-01 -0.2290202E-03
  0.3333014E-01 -0.2292097E-03
  0.3327991E-01 -0.2289228E-03
  0.3327683E-01 -0.2289422E-03
  0.3327542E-01 -0.2289582E-03
  0.3327584E-01 -0.2289892E-03
  0.3328020E-01 -0.2290391E-03
  0.3328714E-01 -0.2290914E-03
  0.3329650E-01 -0.2291592E-03
  0.3330693E-01 -0.2292261E-03
  0.3331972E-01 -0.2292974E-03
  0.3688116E-01 -0.2740556E-03
  0.8845145E-01 -0.8841224E-03
  0.5812605E-01 -0.5309263E-03
  0.5164687E-01 -0.4535276E-03
  0.4107318E-01 -0.3256795E-03
  0.8846868E-01 -0.8842148E-03
  0.8855131E-01 -0.8851108E-03
  0.8848701E-01 -0.8845587E-03
  0.7321835E-01 -0.7090952E-03
  0.8853774E-01 -0.8850490E-03
  0.8846999E-01 -0.8841357E-03
  0.8846173E-01 -0.8842823E-03
  0.8847383E-01 -0.8844329E-03
  0.8850377E-01 -0.8847151E-03
  0.8846537E-01 -0.8842400E-03
  0.8846916E-01 -0.8840205E-03
  0.8848737E-01 -0.8841275E-03
  0.8852475E-01 -0.8844428E-03
  0.8859133E-01 -0.8851243E-03
  0.8864734E-01 -0.8856727E-03
  0.8870381E-01 -0.8862237E-03
  0.8873574E-01 -0.8864933E-03
  0.8876892E-01 -0.8867928E-03
  0.8880286E-01 -0.8871307E-03
  0.8884981E-01 -0.8876629E-03
  0.6567790E-01 -0.6195006E-03
  0.5200666E-01 -0.4568268E-03
  0.3346872E-01 -0.2304659E-03
  0.8155114E-01 -0.8049418E-03
  0.3686878E-01 -0.2734345E-03
  0.5846594E-01 -0.5339787E-03
  0.7352603E-01 -0.7117682E-03
  0.3328662E-01 -0.2289161E-03
  0.6536308E-01 -0.6167385E-03
  0.4144737E-01 -0.3291171E-03
  0.3709242E-01 -0.2756971E-03
  0.3701866E-01 -0.2749882E-03
  0.4596004E-01 -0.3851626E-03
  0.3684526E-01 -0.2736464E-03
  0.3693241E-01 -0.2742995E-03
  0.8123352E-01 -0.8022429E-03
  0.3683243E-01 -0.2736809E-03
  0.4105709E-01 -0.3255727E-03
  0.6535585E-01 -0.6167379E-03
  0.3689176E-01 -0.2739684E-03
  0.3683286E-01 -0.2736441E-03
  0.3683996E-01 -0.2737805E-03
  0.3684628E-01 -0.2738364E-03
  0.3685743E-01 -0.2739259E-03
  0.3686799E-01 -0.2739817E-03
  0.8120290E-01 -0.8016775E-03
  0.5810871E-01 -0.5308067E-03
  0.8120866E-01 -0.8020902E-03
  0.8119357E-01 -0.8018659E-03
  0.5163437E-01 -0.4534638E-03
  0.8126049E-01 -0.8021282E-03
  0.8118854E-01 -0.8015967E-03
  0.8118685E-01 -0.8017333E-03
  0.8122619E-01 -0.8018399E-03
  0.8121836E-01 -0.8021845E-03
  0.8120051E-01 -0.8019774E-03
  0.7320611E-01 -0.7090323E-03
  0.3683314E-01 -0.2737009E-03
  0.3683573E-01 -0.2736085E-03
  0.8129702E-01 -0.8024562E-03
  0.8133797E-01 -0.8028338E-03
  0.8137771E-01 -0.8031970E-03
  0.8142498E-01 -0.8036474E-03
  0.8147527E-01 -0.8041373E-03
  0.8152018E-01 -0.8045968E-03
  0.7349952E-01 -0.7115025E-03
  0.5190755E-01 -0.4557532E-03
  0.5839213E-01 -0.5331883E-03
  0.4623364E-01 -0.3874486E-03
  0.3686287E-01 -0.2737500E-03
  0.8118324E-01 -0.8016140E-03
  0.3695911E-01 -0.2743475E-03
  0.3700676E-01 -0.2747968E-03
  0.6564657E-01 -0.6191807E-03
  0.8122820E-01 -0.8022439E-03
  0.3700991E-01 -0.2750106E-03
  0.4103141E-01 -0.3252002E-03
  0.7329401E-01 -0.7094535E-03
  0.7325609E-01 -0.7091184E-03
  0.7332274E-01 -0.7097038E-03
  0.4101842E-01 -0.3252422E-03
  0.7318471E-01 -0.7085822E-03
  0.6534390E-01 -0.6166792E-03
  0.4106933E-01 -0.3254515E-03
  0.4101988E-01 -0.3252118E-03
  0.4126504E-01 -0.3271252E-03
  0.4102677E-01 -0.3253671E-03
  0.4103564E-01 -0.3254459E-03
  0.7316742E-01 -0.7086937E-03
  0.5809687E-01 -0.5307260E-03
  0.7322565E-01 -0.7088779E-03
  0.7316522E-01 -0.7086159E-03
  0.7317689E-01 -0.7088197E-03
  0.7320096E-01 -0.7086750E-03
  0.5162531E-01 -0.4534292E-03
  0.7316349E-01 -0.7085259E-03
  0.7318425E-01 -0.7088861E-03
  0.4118783E-01 -0.3262988E-03
  0.4104414E-01 -0.3254859E-03
  0.7317038E-01 -0.7085136E-03
  0.7317226E-01 -0.7087729E-03
  0.7318740E-01 -0.7088775E-03
  0.7337761E-01 -0.7102439E-03
  0.7345568E-01 -0.7110603E-03
  0.4104436E-01 -0.3252718E-03
  0.5833924E-01 -0.5326340E-03
  0.4612690E-01 -0.3862987E-03
  0.5174689E-01 -0.4540147E-03
  0.4108499E-01 -0.3253261E-03
  0.4594339E-01 -0.3850420E-03
  0.4109375E-01 -0.3255022E-03
  0.4108325E-01 -0.3254920E-03
  0.4102141E-01 -0.3253010E-03
  0.6557967E-01 -0.6184805E-03
  0.4122181E-01 -0.3267105E-03
  0.4102337E-01 -0.3251893E-03
  0.6553108E-01 -0.6179996E-03
  0.6532171E-01 -0.6164105E-03
  0.4598240E-01 -0.3847987E-03
  0.4592048E-01 -0.3848094E-03
  0.5808822E-01 -0.5306748E-03
  0.4592461E-01 -0.3848746E-03
  0.4596706E-01 -0.3848774E-03
  0.4595565E-01 -0.3846627E-03
  0.4593160E-01 -0.3849520E-03
  0.4593712E-01 -0.3850001E-03
  0.6532107E-01 -0.6164491E-03
  0.6541010E-01 -0.6168055E-03
  0.6532273E-01 -0.6163589E-03
  0.6537030E-01 -0.6165350E-03
  0.4595013E-01 -0.3848728E-03
  0.6533130E-01 -0.6166023E-03
  0.6535705E-01 -0.6164825E-03
  0.6532381E-01 -0.6165144E-03
  0.6533644E-01 -0.6166400E-03
  0.4592835E-01 -0.3848023E-03
  0.4604025E-01 -0.3853860E-03
  0.6532671E-01 -0.6163259E-03
  0.4603203E-01 -0.3853851E-03
  0.6539034E-01 -0.6166674E-03
  0.4592178E-01 -0.3847841E-03
  0.4593405E-01 -0.3847935E-03
  0.5161113E-01 -0.4533187E-03
  0.6533854E-01 -0.6163695E-03
  0.5177403E-01 -0.4543206E-03
  0.4594997E-01 -0.3847780E-03
  0.6546933E-01 -0.6173849E-03
  0.5819501E-01 -0.5311003E-03
  0.5807336E-01 -0.5304607E-03
  0.5812898E-01 -0.5305828E-03
  0.5820303E-01 -0.5312370E-03
  0.5160133E-01 -0.4530808E-03
  0.5160064E-01 -0.4532110E-03
  0.5162501E-01 -0.4530099E-03
  0.3717546E-01 -0.2765514E-03
  0.5816035E-01 -0.5308445E-03
  0.5807650E-01 -0.5304310E-03
  0.5811325E-01 -0.5304953E-03
  0.5160284E-01 -0.4532429E-03
  0.5173245E-01 -0.4539291E-03
  0.5163208E-01 -0.4531810E-03
  0.5810345E-01 -0.5304811E-03
  0.5808154E-01 -0.5306217E-03
  0.5159642E-01 -0.4531347E-03
  0.5808178E-01 -0.5304117E-03
  0.5161542E-01 -0.4530803E-03
  0.5807265E-01 -0.5305009E-03
  0.5807648E-01 -0.5305636E-03
  0.5808993E-01 -0.5304235E-03
  0.5161328E-01 -0.4531397E-03
  0.5159608E-01 -0.4530835E-03
  0.5164398E-01 -0.4530450E-03
  0.5164136E-01 -0.4530963E-03
  0.1397436E+01 -0.1630205E-01
  0.1494011E+01 -0.1751190E-01
  0.1335302E+01 -0.1553258E-01
  0.1397758E+01 -0.1630598E-01
  0.1427190E+01 -0.1664660E-01
  0.1430853E+01 -0.1668961E-01
  0.1431235E+01 -0.1669417E-01
  0.1431403E+01 -0.1669623E-01
  0.1431469E+01 -0.1669700E-01
  0.1431512E+01 -0.1669746E-01
  0.1431529E+01 -0.1669769E-01
  0.1431543E+01 -0.1669785E-01
  0.1431541E+01 -0.1669778E-01
  0.1431536E+01 -0.1669774E-01
  0.1431560E+01 -0.1669804E-01
  0.1431576E+01 -0.1669822E-01
  0.1431581E+01 -0.1669830E-01
  0.1431605E+01 -0.1669861E-01
  0.1431621E+01 -0.1669885E-01
  0.1431618E+01 -0.1669886E-01
  0.1431550E+01 -0.1669811E-01
  0.1431360E+01 -0.1669600E-01
  0.1428005E+01 -0.1665729E-01
  0.1398694E+01 -0.1631781E-01
  0.1398268E+01 -0.1631286E-01
  0.1397531E+01 -0.1630402E-01
  0.1493898E+01 -0.1751056E-01
  0.1397495E+01 -0.1630361E-01
  0.1398311E+01 -0.1631347E-01
  0.1397651E+01 -0.1630554E-01
  0.1493179E+01 -0.1750210E-01
  0.1397836E+01 -0.1630780E-01
  0.1397856E+01 -0.1630810E-01
  0.1398021E+01 -0.1631009E-01
  0.1493040E+01 -0.1750055E-01
  0.1398102E+01 -0.1631113E-01
  0.1397690E+01 -0.1630621E-01
  0.1398076E+01 -0.1631084E-01
  0.1493001E+01 -0.1750018E-01
  0.1398064E+01 -0.1631073E-01
  0.1397772E+01 -0.1630734E-01
  0.1398053E+01 -0.1631070E-01
  0.1492873E+01 -0.1749877E-01
  0.1397984E+01 -0.1630993E-01
  0.1397735E+01 -0.1630701E-01
  0.1397890E+01 -0.1630885E-01
  0.1492708E+01 -0.1749684E-01
  0.1397800E+01 -0.1630785E-01
  0.1397575E+01 -0.1630509E-01
  0.1397741E+01 -0.1630719E-01
  0.1492703E+01 -0.1749685E-01
  0.1397666E+01 -0.1630628E-01
  0.1397560E+01 -0.1630502E-01
  0.1397578E+01 -0.1630522E-01
  0.1492802E+01 -0.1749806E-01
  0.1397517E+01 -0.1630441E-01
  0.1397623E+01 -0.1630582E-01
  0.1397609E+01 -0.1630547E-01
  0.1492926E+01 -0.1749956E-01
  0.1397721E+01 -0.1630673E-01
  0.1397713E+01 -0.1630689E-01
  0.1397730E+01 -0.1630673E-01
  0.1493049E+01 -0.1750103E-01
  0.1397703E+01 -0.1630629E-01
  0.1397789E+01 -0.1630780E-01
  0.1398020E+01 -0.1630997E-01
  0.1493194E+01 -0.1750266E-01
  0.1398372E+01 -0.1631416E-01
  0.1397846E+01 -0.1630844E-01
  0.1398071E+01 -0.1631032E-01
  0.1397856E+01 -0.1630747E-01
  0.1489111E+01 -0.1745480E-01
  0.1493346E+01 -0.1750444E-01
  0.1341076E+01 -0.1560080E-01
  0.1397943E+01 -0.1630954E-01
  0.1341075E+01 -0.1560081E-01
  0.1493485E+01 -0.1750605E-01
  0.1341214E+01 -0.1560250E-01
  0.1398024E+01 -0.1631045E-01
  0.1341392E+01 -0.1560472E-01
  0.1493567E+01 -0.1750694E-01
  0.1341525E+01 -0.1560639E-01
  0.1398099E+01 -0.1631128E-01
  0.1341542E+01 -0.1560663E-01
  0.1493572E+01 -0.1750692E-01
  0.1341505E+01 -0.1560619E-01
  0.1398109E+01 -0.1631132E-01
  0.1341511E+01 -0.1560636E-01
  0.1493577E+01 -0.1750699E-01
  0.1341482E+01 -0.1560607E-01
  0.1398099E+01 -0.1631116E-01
  0.1341424E+01 -0.1560546E-01
  0.1493525E+01 -0.1750629E-01
  0.1341366E+01 -0.1560481E-01
  0.1398110E+01 -0.1631126E-01
  0.1341342E+01 -0.1560460E-01
  0.1493352E+01 -0.1750412E-01
  0.1341310E+01 -0.1560424E-01
  0.1398017E+01 -0.1631005E-01
  0.1341233E+01 -0.1560331E-01
  0.1493055E+01 -0.1750053E-01
  0.1341180E+01 -0.1560263E-01
  0.1397794E+01 -0.1630734E-01
  0.1341148E+01 -0.1560218E-01
  0.1492807E+01 -0.1749752E-01
  0.1341240E+01 -0.1560323E-01
  0.1397605E+01 -0.1630501E-01
  0.1341295E+01 -0.1560379E-01
  0.1492764E+01 -0.1749697E-01
  0.1341225E+01 -0.1560283E-01
  0.1397531E+01 -0.1630409E-01
  0.1341174E+01 -0.1560208E-01
  0.1492987E+01 -0.1749970E-01
  0.1341466E+01 -0.1560549E-01
  0.1397660E+01 -0.1630565E-01
  0.1341655E+01 -0.1560775E-01
  0.1397043E+01 -0.1629752E-01
  0.1341478E+01 -0.1560559E-01
  0.1397104E+01 -0.1629809E-01
  0.0000000E+00  0.0000000E+00
  0.0000000E+00  0.0000000E+00
  0.0000000E+00  0.0000000E+00
  0.0000000E+00  0.0000000E+00
  0.0000000E+00  0.0000000E+00
  0.0000000E+00  0.0000000E+00
  0.0000000E+00  0.0000000E+00
  0.0000000E+00  0.0000000E+00
  0.0000000E+00  0.0000000E+00
  0.0000000E+00  0.0000000E+00
  0.0000000E+00  0.0000000E+00
  0.0000000E+00  0.0000000E+00
  0.0000000E+00  0.0000000E+00
  0.0000000E+00  0.0000000E+00
  0.0000000E+00  0.0000000E+00
  0.0000000E+00  0.0000000E+00
  0.0000000E+00  0.0000000E+00
  0.0000000E+00  0.0000000E+00
  0.0000000E+00  0.0000000E+00
  0.0000000E+00  0.0000000E+00
  0.0000000E+00  0.0000000E+00
  0.0000000E+00  0.0000000E+00
  0.0000000E+00  0.0000000E+00
  0.0000000E+00  0.0000000E+00
  0.0000000E+00  0.0000000E+00
  0.0000000E+00  0.0000000E+00
  0.0000000E+00  0.0000000E+00
  0.0000000E+00  0.0000000E+00
  0.0000000E+00  0.0000000E+00
  0.0000000E+00  0.0000000E+00
  0.0000000E+00  0.0000000E+00
  0.0000000E+00  0.0000000E+00
  0.0000000E+00  0.0000000E+00
  0.0000000E+00  0.0000000E+00
  0.0000000E+00  0.0000000E+00
  0.0000000E+00  0.0000000E+00
  0.0000000E+00  0.0000000E+00
  0.0000000E+00  0.0000000E+00
  0.0000000E+00  0.0000000E+00
  0.0000000E+00  0.0000000E+00
  0.0000000E+00  0.0000000E+00
  0.0000000E+00  0.0000000E+00
  0.0000000E+00  0.0000000E+00
  0.0000000E+00  0.0000000E+00
  0.0000000E+00  0.0000000E+00
  0.0000000E+00  0.0000000E+00
  0.0000000E+00  0.0000000E+00
  0.0000000E+00  0.0000000E+00
  0.0000000E+00  0.0000000E+00
  0.0000000E+00  0.0000000E+00
  0.0000000E+00  0.0000000E+00
  0.0000000E+00  0.0000000E+00
  0.0000000E+00  0.0000000E+00
  0.0000000E+00  0.0000000E+00
  0.0000000E+00  0.0000000E+00
  0.0000000E+00  0.0000000E+00
  0.0000000E+00  0.0000000E+00
  0.0000000E+00  0.0000000E+00
  0.0000000E+00  0.0000000E+00
  0.0000000E+00  0.0000000E+00
  0.0000000E+00  0.0000000E+00
  0.0000000E+00  0.0000000E+00
  0.0000000E+00  0.0000000E+00
  0.0000000E+00  0.0000000E+00
  0.0000000E+00  0.0000000E+00
  0.0000000E+00  0.0000000E+00
  0.0000000E+00  0.0000000E+00
  0.0000000E+00  0.0000000E+00
  0.0000000E+00  0.0000000E+00
  0.0000000E+00  0.0000000E+00
  0.0000000E+00  0.0000000E+00
  0.0000000E+00  0.0000000E+00
  0.0000000E+00  0.0000000E+00
  0.0000000E+00  0.0000000E+00
  0.0000000E+00  0.0000000E+00
  0.0000000E+00  0.0000000E+00
  0.0000000E+00  0.0000000E+00
  0.0000000E+00  0.0000000E+00
  0.0000000E+00  0.0000000E+00
  0.0000000E+00  0.0000000E+00
  0.0000000E+00  0.0000000E+00
  0.0000000E+00  0.0000000E+00
  0.0000000E+00  0.0000000E+00
  0.0000000E+00  0.0000000E+00
  0.0000000E+00  0.0000000E+00
  0.0000000E+00  0.0000000E+00
  0.0000000E+00  0.0000000E+00
  0.0000000E+00  0.0000000E+00
  0.0000000E+00  0.0000000E+00
  0.0000000E+00  0.0000000E+00
  0.0000000E+00  0.0000000E+00
  0.0000000E+00  0.0000000E+00
  0.0000000E+00  0.0000000E+00
  0.0000000E+00  0.0000000E+00
  0.0000000E+00  0.0000000E+00
  0.0000000E+00  0.0000000E+00
  0.0000000E+00  0.0000000E+00
  0.0000000E+00  0.0000000E+00
  0.0000000E+00  0.0000000E+00
  0.0000000E+00  0.0000000E+00
  0.0000000E+00  0.0000000E+00
  0.0000000E+00  0.0000000E+00
  0.0000000E+00  0.0000000E+00
  0.0000000E+00  0.0000000E+00
  0.0000000E+00  0.0000000E+00
  0.0000000E+00  0.0000000E+00
  0.0000000E+00  0.0000000E+00
  0.0000000E+00  0.0000000E+00
  0.0000000E+00  0.0000000E+00
  0.0000000E+00  0.0000000E+00
  0.0000000E+00  0.0000000E+00
  0.0000000E+00  0.0000000E+00
  0.0000000E+00  0.0000000E+00
  0.0000000E+00  0.0000000E+00
  0.0000000E+00  0.0000000E+00
  0.0000000E+00  0.0000000E+00
  0.0000000E+00  0.0000000E+00
  0.0000000E+00  0.0000000E+00
  0.0000000E+00  0.0000000E+00
  0.0000000E+00  0.0000000E+00
  0.0000000E+00  0.0000000E+00
  0.0000000E+00  0.0000000E+00
  0.0000000E+00  0.0000000E+00
  0.0000000E+00  0.0000000E+00
  0.0000000E+00  0.0000000E+00
  0.0000000E+00  0.0000000E+00
  0.0000000E+00  0.0000000E+00
  0.0000000E+00  0.0000000E+00
  0.0000000E+00  0.0000000E+00
  0.0000000E+00  0.0000000E+00
  0.0000000E+00  0.0000000E+00
  0.0000000E+00  0.0000000E+00
  0.0000000E+00  0.0000000E+00
  0.0000000E+00  0.0000000E+00
  0.0000000E+00  0.0000000E+00
  0.0000000E+00  0.0000000E+00
  0.0000000E+00  0.0000000E+00
  0.0000000E+00  0.0000000E+00
  0.0000000E+00  0.0000000E+00
  0.0000000E+00  0.0000000E+00
  0.0000000E+00  0.0000000E+00
  0.0000000E+00  0.0000000E+00
  0.0000000E+00  0.0000000E+00
  0.0000000E+00  0.0000000E+00
  0.0000000E+00  0.0000000E+00
  0.0000000E+00  0.0000000E+00
  0.0000000E+00  0.0000000E+00
  0.0000000E+00  0.0000000E+00
  0.0000000E+00  0.0000000E+00
  0.0000000E+00  0.0000000E+00
  0.0000000E+00  0.0000000E+00
  0.0000000E+00  0.0000000E+00
  0.0000000E+00  0.0000000E+00
  0.0000000E+00  0.0000000E+00
  0.0000000E+00  0.0000000E+00
  0.0000000E+00  0.0000000E+00
  0.0000000E+00  0.0000000E+00
  0.0000000E+00  0.0000000E+00
  0.0000000E+00  0.0000000E+00
  0.0000000E+00  0.0000000E+00
  0.0000000E+00  0.0000000E+00
  0.0000000E+00  0.0000000E+00
  0.0000000E+00  0.0000000E+00
  0.0000000E+00  0.0000000E+00
  0.0000000E+00  0.0000000E+00
  0.0000000E+00  0.0000000E+00
  0.0000000E+00  0.0000000E+00
  0.0000000E+00  0.0000000E+00
  0.0000000E+00  0.0000000E+00
  0.0000000E+00  0.0000000E+00
  0.0000000E+00  0.0000000E+00
  0.0000000E+00  0.0000000E+00
  0.0000000E+00  0.0000000E+00
  0.0000000E+00  0.0000000E+00
  0.0000000E+00  0.0000000E+00
  0.0000000E+00  0.0000000E+00
  0.0000000E+00  0.0000000E+00
  0.0000000E+00  0.0000000E+00
  0.0000000E+00  0.0000000E+00
  0.0000000E+00  0.0000000E+00
  0.0000000E+00  0.0000000E+00
  0.0000000E+00  0.0000000E+00
  0.0000000E+00  0.0000000E+00
  0.0000000E+00  0.0000000E+00
  0.0000000E+00  0.0000000E+00
  0.0000000E+00  0.0000000E+00
  0.0000000E+00  0.0000000E+00
  0.0000000E+00  0.0000000E+00
  0.0000000E+00  0.0000000E+00
  0.0000000E+00  0.0000000E+00
  0.0000000E+00  0.0000000E+00
  0.0000000E+00  0.0000000E+00
  0.0000000E+00  0.0000000E+00
  0.0000000E+00  0.0000000E+00
  0.0000000E+00  0.0000000E+00
  0.0000000E+00  0.0000000E+00
  0.0000000E+00  0.0000000E+00
  0.0000000E+00  0.0000000E+00
  0.0000000E+00  0.0000000E+00
  0.0000000E+00  0.0000000E+00
  0.0000000E+00  0.0000000E+00
  0.0000000E+00  0.0000000E+00
  0.0000000E+00  0.0000000E+00
  0.0000000E+00  0.0000000E+00
  0.0000000E+00  0.0000000E+00
  0.0000000E+00  0.0000000E+00
  0.0000000E+00  0.0000000E+00
  0.0000000E+00  0.0000000E+00
  0.0000000E+00  0.0000000E+00
  0.0000000E+00  0.0000000E+00
  0.0000000E+00  0.0000000E+00
  0.0000000E+00  0.0000000E+00
  0.0000000E+00  0.0000000E+00
  0.0000000E+00  0.0000000E+00
  0.0000000E+00  0.0000000E+00
  0.0000000E+00  0.0000000E+00
  0.0000000E+00  0.0000000E+00
  0.0000000E+00  0.0000000E+00
  0.0000000E+00  0.0000000E+00
  0.0000000E+00  0.0000000E+00
  0.0000000E+00  0.0000000E+00
  0.0000000E+00  0.0000000E+00
  0.0000000E+00  0.0000000E+00
  0.0000000E+00  0.0000000E+00
  0.0000000E+00  0.0000000E+00
  0.0000000E+00  0.0000000E+00
  0.0000000E+00  0.0000000E+00
  0.0000000E+00  0.0000000E+00
  0.0000000E+00  0.0000000E+00
  0.0000000E+00  0.0000000E+00
  0.0000000E+00  0.0000000E+00
  0.0000000E+00  0.0000000E+00
  0.0000000E+00  0.0000000E+00
  0.0000000E+00  0.0000000E+00
  0.0000000E+00  0.0000000E+00
  0.0000000E+00  0.0000000E+00
  0.0000000E+00  0.0000000E+00
  0.0000000E+00  0.0000000E+00
  0.0000000E+00  0.0000000E+00
  0.0000000E+00  0.0000000E+00
  0.0000000E+00  0.0000000E+00
  0.0000000E+00  0.0000000E+00
  0.0000000E+00  0.0000000E+00
  0.0000000E+00  0.0000000E+00
  0.0000000E+00  0.0000000E+00
  0.0000000E+00  0.0000000E+00
  0.0000000E+00  0.0000000E+00
  0.0000000E+00  0.0000000E+00
  0.0000000E+00  0.0000000E+00
  0.0000000E+00  0.0000000E+00
  0.0000000E+00  0.0000000E+00
  0.0000000E+00  0.0000000E+00
  0.0000000E+00  0.0000000E+00
  0.0000000E+00  0.0000000E+00
  0.0000000E+00  0.0000000E+00
  0.0000000E+00  0.0000000E+00
  0.0000000E+00  0.0000000E+00
  0.0000000E+00  0.0000000E+00
  0.0000000E+00  0.0000000E+00
  0.0000000E+00  0.0000000E+00
  0.0000000E+00  0.0000000E+00
  0.0000000E+00  0.0000000E+00
  0.0000000E+00  0.0000000E+00
  0.0000000E+00  0.0000000E+00
  0.0000000E+00  0.0000000E+00
  0.0000000E+00  0.0000000E+00
  0.0000000E+00  0.0000000E+00
  0.0000000E+00  0.0000000E+00
  0.0000000E+00  0.0000000E+00
  0.0000000E+00  0.0000000E+00
  0.0000000E+00  0.0000000E+00
  0.0000000E+00  0.0000000E+00
  0.0000000E+00  0.0000000E+00
  0.0000000E+00  0.0000000E+00
  0.0000000E+00  0.0000000E+00
  0.0000000E+00  0.0000000E+00
  0.0000000E+00  0.0000000E+00
  0.0000000E+00  0.0000000E+00
  0.0000000E+00  0.0000000E+00
  0.0000000E+00  0.0000000E+00
  0.0000000E+00  0.0000000E+00
  0.0000000E+00  0.0000000E+00
  0.0000000E+00  0.0000000E+00
  0.0000000E+00  0.0000000E+00
  0.0000000E+00  0.0000000E+00
  0.0000000E+00  0.0000000E+00
  0.0000000E+00  0.0000000E+00
  0.0000000E+00  0.0000000E+00
  0.0000000E+00  0.0000000E+00
  0.0000000E+00  0.0000000E+00
  0.0000000E+00  0.0000000E+00
  0.0000000E+00  0.0000000E+00
  0.0000000E+00  0.0000000E+00
  0.0000000E+00  0.0000000E+00
  0.0000000E+00  0.0000000E+00
  0.0000000E+00  0.0000000E+00
  0.0000000E+00  0.0000000E+00
  0.0000000E+00  0.0000000E+00
  0.0000000E+00  0.0000000E+00
  0.0000000E+00  0.0000000E+00
  0.0000000E+00  0.0000000E+00
  0.0000000E+00  0.0000000E+00
  0.0000000E+00  0.0000000E+00
  0.0000000E+00  0.0000000E+00
  0.0000000E+00  0.0000000E+00
  0.0000000E+00  0.0000000E+00
  0.0000000E+00  0.0000000E+00
  0.0000000E+00  0.0000000E+00
  0.0000000E+00  0.0000000E+00
  0.0000000E+00  0.0000000E+00
  0.0000000E+00  0.0000000E+00
  0.0000000E+00  0.0000000E+00
  0.0000000E+00  0.0000000E+00
  0.0000000E+00  0.0000000E+00
  0.0000000E+00  0.0000000E+00
  0.0000000E+00  0.0000000E+00
  0.0000000E+00  0.0000000E+00
  0.0000000E+00  0.0000000E+00
  0.0000000E+00  0.0000000E+00
  0.0000000E+00  0.0000000E+00
  0.0000000E+00  0.0000000E+00
  0.0000000E+00  0.0000000E+00
  0.0000000E+00  0.0000000E+00
  0.0000000E+00  0.0000000E+00
  0.0000000E+00  0.0000000E+00
  0.0000000E+00  0.0000000E+00
  0.0000000E+00  0.0000000E+00
  0.0000000E+00  0.0000000E+00
  0.0000000E+00  0.0000000E+00
  0.0000000E+00  0.0000000E+00
  0.0000000E+00  0.0000000E+00
  0.0000000E+00  0.0000000E+00
  0.0000000E+00  0.0000000E+00
  0.0000000E+00  0.0000000E+00
  0.0000000E+00  0.0000000E+00
  0.0000000E+00  0.0000000E+00
  0.0000000E+00  0.0000000E+00
  0.0000000E+00  0.0000000E+00
  0.0000000E+00  0.0000000E+00
  0.0000000E+00  0.0000000E+00
  0.0000000E+00  0.0000000E+00
  0.0000000E+00  0.0000000E+00
  0.0000000E+00  0.0000000E+00
  0.0000000E+00  0.0000000E+00
  0.0000000E+00  0.0000000E+00
  0.0000000E+00  0.0000000E+00
  0.0000000E+00  0.0000000E+00
  0.0000000E+00  0.0000000E+00
  0.0000000E+00  0.0000000E+00
  0.0000000E+00  0.0000000E+00
  0.0000000E+00  0.0000000E+00
  0.0000000E+00  0.0000000E+00
  0.0000000E+00  0.0000000E+00
  0.0000000E+00  0.0000000E+00
  0.0000000E+00  0.0000000E+00
  0.0000000E+00  0.0000000E+00
  0.0000000E+00  0.0000000E+00
  0.0000000E+00  0.0000000E+00
  0.0000000E+00  0.0000000E+00
  0.0000000E+00  0.0000000E+00
  0.0000000E+00  0.0000000E+00
  0.0000000E+00  0.0000000E+00
  0.0000000E+00  0.0000000E+00
  0.0000000E+00  0.0000000E+00
  0.0000000E+00  0.0000000E+00
  0.0000000E+00  0.0000000E+00
  0.0000000E+00  0.0000000E+00
  0.0000000E+00  0.0000000E+00
  0.0000000E+00  0.0000000E+00
  0.0000000E+00  0.0000000E+00
  0.0000000E+00  0.0000000E+00
  0.0000000E+00  0.0000000E+00
  0.0000000E+00  0.0000000E+00
  0.0000000E+00  0.0000000E+00
  0.0000000E+00  0.0000000E+00
  0.0000000E+00  0.0000000E+00
  0.0000000E+00  0.0000000E+00
  0.0000000E+00  0.0000000E+00
  0.0000000E+00  0.0000000E+00
  0.0000000E+00  0.0000000E+00
  0.0000000E+00  0.0000000E+00
  0.0000000E+00  0.0000000E+00
  0.0000000E+00  0.0000000E+00
  0.0000000E+00  0.0000000E+00
  0.0000000E+00  0.0000000E+00
  0.0000000E+00  0.0000000E+00
  0.0000000E+00  0.0000000E+00
  0.0000000E+00  0.0000000E+00
  0.0000000E+00  0.0000000E+00
  0.0000000E+00  0.0000000E+00
  0.0000000E+00  0.0000000E+00
  0.0000000E+00  0.0000000E+00
  0.0000000E+00  0.0000000E+00
  0.0000000E+00  0.0000000E+00
  0.0000000E+00  0.0000000E+00
  0.0000000E+00  0.0000000E+00
  0.0000000E+00  0.0000000E+00
  0.0000000E+00  0.0000000E+00
  0.0000000E+00  0.0000000E+00
  0.0000000E+00  0.0000000E+00
  0.0000000E+00  0.0000000E+00
  0.0000000E+00  0.0000000E+00
  0.0000000E+00  0.0000000E+00
  0.0000000E+00  0.0000000E+00
  0.0000000E+00  0.0000000E+00
  0.0000000E+00  0.0000000E+00
  0.0000000E+00  0.0000000E+00
  0.0000000E+00  0.0000000E+00
  0.0000000E+00  0.0000000E+00
  0.0000000E+00  0.0000000E+00
  0.0000000E+00  0.0000000E+00
  0.0000000E+00  0.0000000E+00
  0.0000000E+00  0.0000000E+00
  0.0000000E+00  0.0000000E+00
  0.0000000E+00  0.0000000E+00
  0.0000000E+00  0.0000000E+00
  0.0000000E+00  0.0000000E+00
  0.0000000E+00  0.0000000E+00
  0.0000000E+00  0.0000000E+00
  0.0000000E+00  0.0000000E+00
  0.0000000E+00  0.0000000E+00
  0.0000000E+00  0.0000000E+00
  0.0000000E+00  0.0000000E+00
  0.0000000E+00  0.0000000E+00
  0.0000000E+00  0.0000000E+00
  0.0000000E+00  0.0000000E+00
  0.0000000E+00  0.0000000E+00
  0.0000000E+00  0.0000000E+00
  0.0000000E+00  0.0000000E+00
  0.0000000E+00  0.0000000E+00
  0.0000000E+00  0.0000000E+00
  0.0000000E+00  0.0000000E+00
  0.0000000E+00  0.0000000E+00
  0.0000000E+00  0.0000000E+00
  0.0000000E+00  0.0000000E+00
  0.0000000E+00  0.0000000E+00
  0.0000000E+00  0.0000000E+00
  0.0000000E+00  0.0000000E+00
  0.0000000E+00  0.0000000E+00
  0.0000000E+00  0.0000000E+00
  0.0000000E+00  0.0000000E+00
  0.0000000E+00  0.0000000E+00
  0.0000000E+00  0.0000000E+00
  0.0000000E+00  0.0000000E+00
  0.0000000E+00  0.0000000E+00
  0.0000000E+00  0.0000000E+00
  0.0000000E+00  0.0000000E+00
  0.0000000E+00  0.0000000E+00
  0.0000000E+00  0.0000000E+00
  0.0000000E+00  0.0000000E+00
  0.0000000E+00  0.0000000E+00
  0.0000000E+00  0.0000000E+00
  0.0000000E+00  0.0000000E+00
  0.0000000E+00  0.0000000E+00
  0.0000000E+00  0.0000000E+00
  0.0000000E+00  0.0000000E+00
  0.0000000E+00  0.0000000E+00
  0.0000000E+00  0.0000000E+00
  0.0000000E+00  0.0000000E+00
  0.0000000E+00  0.0000000E+00
  0.0000000E+00  0.0000000E+00
  0.0000000E+00  0.0000000E+00
  0.0000000E+00  0.0000000E+00
  0.0000000E+00  0.0000000E+00
  0.0000000E+00  0.0000000E+00
  0.0000000E+00  0.0000000E+00
  0.0000000E+00  0.0000000E+00
  0.0000000E+00  0.0000000E+00
  0.0000000E+00  0.0000000E+00
  0.0000000E+00  0.0000000E+00
  0.0000000E+00  0.0000000E+00
  0.0000000E+00  0.0000000E+00
  0.0000000E+00  0.0000000E+00
  0.0000000E+00  0.0000000E+00
  0.0000000E+00  0.0000000E+00
  0.0000000E+00  0.0000000E+00
  0.0000000E+00  0.0000000E+00
  0.0000000E+00  0.0000000E+00
  0.0000000E+00  0.0000000E+00
  0.0000000E+00  0.0000000E+00
  0.0000000E+00  0.0000000E+00
  0.0000000E+00  0.0000000E+00
  0.0000000E+00  0.0000000E+00
  0.0000000E+00  0.0000000E+00
  0.0000000E+00  0.0000000E+00
  0.0000000E+00  0.0000000E+00
  0.0000000E+00  0.0000000E+00
  0.0000000E+00  0.0000000E+00
  0.0000000E+00  0.0000000E+00
  0.0000000E+00  0.0000000E+00
  0.0000000E+00  0.0000000E+00
  0.0000000E+00  0.0000000E+00
  0.0000000E+00  0.0000000E+00
  0.0000000E+00  0.0000000E+00
  0.0000000E+00  0.0000000E+00
  0.0000000E+00  0.0000000E+00
  0.0000000E+00  0.0000000E+00
  0.0000000E+00  0.0000000E+00
  0.0000000E+00  0.0000000E+00
  0.0000000E+00  0.0000000E+00
  0.0000000E+00  0.0000000E+00
  0.0000000E+00  0.0000000E+00
  0.0000000E+00  0.0000000E+00
  0.0000000E+00  0.0000000E+00
  0.0000000E+00  0.0000000E+00
  0.0000000E+00  0.0000000E+00
  0.0000000E+00  0.0000000E+00
  0.0000000E+00  0.0000000E+00
  0.0000000E+00  0.0000000E+00
  0.0000000E+00  0.0000000E+00
  0.0000000E+00  0.0000000E+00
  0.0000000E+00  0.0000000E+00
  0.0000000E+00  0.0000000E+00
  0.0000000E+00  0.0000000E+00
  0.0000000E+00  0.0000000E+00
  0.0000000E+00  0.0000000E+00
  0.0000000E+00  0.0000000E+00
  0.0000000E+00  0.0000000E+00
  0.0000000E+00  0.0000000E+00
  0.0000000E+00  0.0000000E+00
  0.0000000E+00  0.0000000E+00
  0.0000000E+00  0.0000000E+00
  0.0000000E+00  0.0000000E+00
  0.0000000E+00  0.0000000E+00
  0.0000000E+00  0.0000000E+00
  0.0000000E+00  0.0000000E+00
  0.0000000E+00  0.0000000E+00
  0.0000000E+00  0.0000000E+00
  0.0000000E+00  0.0000000E+00
  0.0000000E+00  0.0000000E+00
  0.0000000E+00  0.0000000E+00
  0.0000000E+00  0.0000000E+00
  0.0000000E+00  0.0000000E+00
  0.0000000E+00  0.0000000E+00
  0.0000000E+00  0.0000000E+00
  0.0000000E+00  0.0000000E+00
  0.0000000E+00  0.0000000E+00
  0.0000000E+00  0.0000000E+00
  0.0000000E+00  0.0000000E+00
  0.0000000E+00  0.0000000E+00
  0.0000000E+00  0.0000000E+00
  0.0000000E+00  0.0000000E+00
  0.0000000E+00  0.0000000E+00
  0.0000000E+00  0.0000000E+00
  0.0000000E+00  0.0000000E+00
  0.0000000E+00  0.0000000E+00
  0.0000000E+00  0.0000000E+00
  0.0000000E+00  0.0000000E+00
  0.0000000E+00  0.0000000E+00
  0.0000000E+00  0.0000000E+00
  0.0000000E+00  0.0000000E+00
  0.0000000E+00  0.0000000E+00
  0.0000000E+00  0.0000000E+00
  0.0000000E+00  0.0000000E+00
  0.0000000E+00  0.0000000E+00
  0.0000000E+00  0.0000000E+00
  0.0000000E+00  0.0000000E+00
  0.0000000E+00  0.0000000E+00
  0.0000000E+00  0.0000000E+00
  0.0000000E+00  0.0000000E+00
  0.0000000E+00  0.0000000E+00
  0.0000000E+00  0.0000000E+00
  0.0000000E+00  0.0000000E+00
  0.0000000E+00  0.0000000E+00
  0.0000000E+00  0.0000000E+00
  0.0000000E+00  0.0000000E+00
  0.0000000E+00  0.0000000E+00
  0.0000000E+00  0.0000000E+00
  0.0000000E+00  0.0000000E+00
  0.0000000E+00  0.0000000E+00
  0.0000000E+00  0.0000000E+00
  0.0000000E+00  0.0000000E+00
  0.0000000E+00  0.0000000E+00
  0.0000000E+00  0.0000000E+00
  0.0000000E+00  0.0000000E+00
  0.0000000E+00  0.0000000E+00
  0.0000000E+00  0.0000000E+00
  0.0000000E+00  0.0000000E+00
  0.0000000E+00  0.0000000E+00
  0.0000000E+00  0.0000000E+00
  0.0000000E+00  0.0000000E+00
  0.0000000E+00  0.0000000E+00
  0.0000000E+00  0.0000000E+00
  0.0000000E+00  0.0000000E+00
  0.0000000E+00  0.0000000E+00
  0.0000000E+00  0.0000000E+00
  0.0000000E+00  0.0000000E+00
  0.0000000E+00  0.0000000E+00
  0.0000000E+00  0.0000000E+00
  0.0000000E+00  0.0000000E+00
  0.0000000E+00  0.0000000E+00
  0.0000000E+00  0.0000000E+00
  0.0000000E+00  0.0000000E+00
  0.0000000E+00  0.0000000E+00
  0.0000000E+00  0.0000000E+00
  0.0000000E+00  0.0000000E+00
  0.0000000E+00  0.0000000E+00
  0.0000000E+00  0.0000000E+00
  0.0000000E+00  0.0000000E+00
  0.0000000E+00  0.0000000E+00
  0.0000000E+00  0.0000000E+00
  0.0000000E+00  0.0000000E+00
  0.0000000E+00  0.0000000E+00
  0.0000000E+00  0.0000000E+00
  0.0000000E+00  0.0000000E+00
  0.0000000E+00  0.0000000E+00
  0.0000000E+00  0.0000000E+00
  0.0000000E+00  0.0000000E+00
  0.0000000E+00  0.0000000E+00
  0.0000000E+00  0.0000000E+00
  0.0000000E+00  0.0000000E+00
  0.0000000E+00  0.0000000E+00
  0.0000000E+00  0.0000000E+00
  0.0000000E+00  0.0000000E+00
  0.0000000E+00  0.0000000E+00
  0.0000000E+00  0.0000000E+00
  0.0000000E+00  0.0000000E+00
  0.0000000E+00  0.0000000E+00
  0.0000000E+00  0.0000000E+00
  0.0000000E+00  0.0000000E+00
  0.0000000E+00  0.0000000E+00
  0.0000000E+00  0.0000000E+00
  0.0000000E+00  0.0000000E+00
  0.0000000E+00  0.0000000E+00
  0.0000000E+00  0.0000000E+00
  0.0000000E+00  0.0000000E+00
  0.0000000E+00  0.0000000E+00
  0.0000000E+00  0.0000000E+00
  0.0000000E+00  0.0000000E+00
  0.0000000E+00  0.0000000E+00
  0.0000000E+00  0.0000000E+00
  0.0000000E+00  0.0000000E+00
  0.0000000E+00  0.0000000E+00
  0.0000000E+00  0.0000000E+00
  0.0000000E+00  0.0000000E+00
  0.0000000E+00  0.0000000E+00
  0.0000000E+00  0.0000000E+00
  0.0000000E+00  0.0000000E+00
  0.0000000E+00  0.0000000E+00
  0.0000000E+00  0.0000000E+00
  0.0000000E+00  0.0000000E+00
  0.0000000E+00  0.0000000E+00
  0.0000000E+00  0.0000000E+00
  0.0000000E+00  0.0000000E+00
  0.0000000E+00  0.0000000E+00
  0.0000000E+00  0.0000000E+00
  0.0000000E+00  0.0000000E+00
  0.0000000E+00  0.0000000E+00
  0.0000000E+00  0.0000000E+00
  0.0000000E+00  0.0000000E+00
  0.0000000E+00  0.0000000E+00
  0.0000000E+00  0.0000000E+00
  0.0000000E+00  0.0000000E+00
  0.0000000E+00  0.0000000E+00
  0.0000000E+00  0.0000000E+00
  0.0000000E+00  0.0000000E+00
  0.0000000E+00  0.0000000E+00
  0.0000000E+00  0.0000000E+00
  0.0000000E+00  0.0000000E+00
  0.0000000E+00  0.0000000E+00
  0.0000000E+00  0.0000000E+00
  0.0000000E+00  0.0000000E+00
  0.0000000E+00  0.0000000E+00
  0.0000000E+00  0.0000000E+00
  0.0000000E+00  0.0000000E+00
  0.0000000E+00  0.0000000E+00
  0.0000000E+00  0.0000000E+00
  0.0000000E+00  0.0000000E+00
  0.0000000E+00  0.0000000E+00
  0.0000000E+00  0.0000000E+00
  0.0000000E+00  0.0000000E+00
  0.0000000E+00  0.0000000E+00
  0.0000000E+00  0.0000000E+00
  0.0000000E+00  0.0000000E+00
  0.0000000E+00  0.0000000E+00
  0.0000000E+00  0.0000000E+00
  0.0000000E+00  0.0000000E+00
  0.0000000E+00  0.0000000E+00
  0.0000000E+00  0.0000000E+00
  0.0000000E+00  0.0000000E+00
  0.0000000E+00  0.0000000E+00
  0.0000000E+00  0.0000000E+00
  0.0000000E+00  0.0000000E+00
  0.0000000E+00  0.0000000E+00
  0.0000000E+00  0.0000000E+00
  0.0000000E+00  0.0000000E+00
  0.0000000E+00  0.0000000E+00
  0.0000000E+00  0.0000000E+00
  0.0000000E+00  0.0000000E+00
  0.0000000E+00  0.0000000E+00
  0.0000000E+00  0.0000000E+00
  0.0000000E+00  0.0000000E+00
  0.0000000E+00  0.0000000E+00
  0.0000000E+00  0.0000000E+00
  0.0000000E+00  0.0000000E+00
  0.0000000E+00  0.0000000E+00
  0.0000000E+00  0.0000000E+00
  0.0000000E+00  0.0000000E+00
  0.0000000E+00  0.0000000E+00
  0.0000000E+00  0.0000000E+00
  0.0000000E+00  0.0000000E+00
  0.0000000E+00  0.0000000E+00
  0.0000000E+00  0.0000000E+00
  0.0000000E+00  0.0000000E+00
  0.0000000E+00  0.0000000E+00
  0.0000000E+00  0.0000000E+00
  0.0000000E+00  0.0000000E+00
  0.0000000E+00  0.0000000E+00
  0.0000000E+00  0.0000000E+00
  0.0000000E+00  0.0000000E+00
  0.0000000E+00  0.0000000E+00
  0.0000000E+00  0.0000000E+00
  0.0000000E+00  0.0000000E+00
  0.0000000E+00  0.0000000E+00
  0.0000000E+00  0.0000000E+00
  0.0000000E+00  0.0000000E+00
  0.0000000E+00  0.0000000E+00
  0.0000000E+00  0.0000000E+00
  0.0000000E+00  0.0000000E+00
  0.0000000E+00  0.0000000E+00
  0.0000000E+00  0.0000000E+00
  0.0000000E+00  0.0000000E+00
  0.0000000E+00  0.0000000E+00
  0.0000000E+00  0.0000000E+00
  0.0000000E+00  0.0000000E+00
  0.0000000E+00  0.0000000E+00
  0.0000000E+00  0.0000000E+00
  0.0000000E+00  0.0000000E+00
  0.0000000E+00  0.0000000E+00
  0.0000000E+00  0.0000000E+00
  0.0000000E+00  0.0000000E+00
  0.0000000E+00  0.0000000E+00
  0.0000000E+00  0.0000000E+00
  0.0000000E+00  0.0000000E+00
  0.0000000E+00  0.0000000E+00
  0.0000000E+00  0.0000000E+00
  0.0000000E+00  0.0000000E+00
  0.0000000E+00  0.0000000E+00
  0.0000000E+00  0.0000000E+00
  0.0000000E+00  0.0000000E+00
  0.0000000E+00  0.0000000E+00
  0.0000000E+00  0.0000000E+00
  0.0000000E+00  0.0000000E+00
  0.0000000E+00  0.0000000E+00
  0.0000000E+00  0.0000000E+00
  0.0000000E+00  0.0000000E+00
  0.0000000E+00  0.0000000E+00
  0.0000000E+00  0.0000000E+00
  0.0000000E+00  0.0000000E+00
  0.0000000E+00  0.0000000E+00
  0.0000000E+00  0.0000000E+00
  0.0000000E+00  0.0000000E+00
  0.0000000E+00  0.0000000E+00
  0.0000000E+00  0.0000000E+00
  0.0000000E+00  0.0000000E+00
  0.0000000E+00  0.0000000E+00
  0.0000000E+00  0.0000000E+00
  0.0000000E+00  0.0000000E+00
  0.0000000E+00  0.0000000E+00
  0.0000000E+00  0.0000000E+00
  0.0000000E+00  0.0000000E+00
  0.0000000E+00  0.0000000E+00
  0.0000000E+00  0.0000000E+00
  0.0000000E+00  0.0000000E+00
  0.0000000E+00  0.0000000E+00
  0.0000000E+00  0.0000000E+00
  0.0000000E+00  0.0000000E+00
  0.0000000E+00  0.0000000E+00
  0.0000000E+00  0.0000000E+00
  0.0000000E+00  0.0000000E+00
  0.0000000E+00  0.0000000E+00
  0.0000000E+00  0.0000000E+00
  0.0000000E+00  0.0000000E+00
  0.0000000E+00  0.0000000E+00
  0.0000000E+00  0.0000000E+00
  0.0000000E+00  0.0000000E+00
  0.0000000E+00  0.0000000E+00
  0.0000000E+00  0.0000000E+00
  0.0000000E+00  0.0000000E+00
  0.0000000E+00  0.0000000E+00
  0.0000000E+00  0.0000000E+00
  0.0000000E+00  0.0000000E+00
  0.0000000E+00  0.0000000E+00
  0.0000000E+00  0.0000000E+00
  0.0000000E+00  0.0000000E+00
  0.0000000E+00  0.0000000E+00
  0.0000000E+00  0.0000000E+00
  0.0000000E+00  0.0000000E+00
  0.0000000E+00  0.0000000E+00
  0.0000000E+00  0.0000000E+00
  0.0000000E+00  0.0000000E+00
  0.0000000E+00  0.0000000E+00
  0.0000000E+00  0.0000000E+00
  0.0000000E+00  0.0000000E+00
  0.0000000E+00  0.0000000E+00
  0.0000000E+00  0.0000000E+00
  0.0000000E+00  0.0000000E+00
  0.0000000E+00  0.0000000E+00
  0.0000000E+00  0.0000000E+00
  0.0000000E+00  0.0000000E+00
  0.0000000E+00  0.0000000E+00
  0.0000000E+00  0.0000000E+00
  0.0000000E+00  0.0000000E+00
  0.0000000E+00  0.0000000E+00
  0.0000000E+00  0.0000000E+00
  0.0000000E+00  0.0000000E+00
  0.0000000E+00  0.0000000E+00
  0.0000000E+00  0.0000000E+00
  0.0000000E+00  0.0000000E+00
  0.0000000E+00  0.0000000E+00
  0.0000000E+00  0.0000000E+00
  0.0000000E+00  0.0000000E+00
  0.0000000E+00  0.0000000E+00
  0.0000000E+00  0.0000000E+00
  0.0000000E+00  0.0000000E+00
  0.0000000E+00  0.0000000E+00
  0.0000000E+00  0.0000000E+00
  0.0000000E+00  0.0000000E+00
  0.0000000E+00  0.0000000E+00
  0.0000000E+00  0.0000000E+00
  0.0000000E+00  0.0000000E+00
  0.0000000E+00  0.0000000E+00
  0.0000000E+00  0.0000000E+00
  0.0000000E+00  0.0000000E+00
  0.0000000E+00  0.0000000E+00
  0.0000000E+00  0.0000000E+00
  0.0000000E+00  0.0000000E+00
  0.0000000E+00  0.0000000E+00
  0.0000000E+00  0.0000000E+00
  0.0000000E+00  0.0000000E+00
  0.0000000E+00  0.0000000E+00
  0.0000000E+00  0.0000000E+00
  0.0000000E+00  0.0000000E+00
  0.0000000E+00  0.0000000E+00
  0.0000000E+00  0.0000000E+00
  0.0000000E+00  0.0000000E+00
  0.0000000E+00  0.0000000E+00
  0.0000000E+00  0.0000000E+00
  0.0000000E+00  0.0000000E+00
  0.0000000E+00  0.0000000E+00
  0.0000000E+00  0.0000000E+00
  0.0000000E+00  0.0000000E+00
  0.0000000E+00  0.0000000E+00
  0.0000000E+00  0.0000000E+00
  0.0000000E+00  0.0000000E+00
  0.0000000E+00  0.0000000E+00
  0.0000000E+00  0.0000000E+00
  0.0000000E+00  0.0000000E+00
  0.0000000E+00  0.0000000E+00
  0.0000000E+00  0.0000000E+00
  0.0000000E+00  0.0000000E+00
  0.0000000E+00  0.0000000E+00
  0.0000000E+00  0.0000000E+00
  0.0000000E+00  0.0000000E+00
  0.0000000E+00  0.0000000E+00
  0.0000000E+00  0.0000000E+00
  0.0000000E+00  0.0000000E+00
  0.0000000E+00  0.0000000E+00
  0.0000000E+00  0.0000000E+00
  0.0000000E+00  0.0000000E+00
  0.0000000E+00  0.0000000E+00
  0.0000000E+00  0.0000000E+00
  0.0000000E+00  0.0000000E+00
  0.0000000E+00  0.0000000E+00
  0.0000000E+00  0.0000000E+00
  0.0000000E+00  0.0000000E+00
  0.0000000E+00  0.0000000E+00
  0.0000000E+00  0.0000000E+00
  0.0000000E+00  0.0000000E+00
  0.0000000E+00  0.0000000E+00
  0.0000000E+00  0.0000000E+00
  0.0000000E+00  0.0000000E+00
  0.0000000E+00  0.0000000E+00
  0.0000000E+00  0.0000000E+00
  0.0000000E+00  0.0000000E+00
  0.0000000E+00  0.0000000E+00
  0.0000000E+00  0.0000000E+00
  0.0000000E+00  0.0000000E+00
  0.0000000E+00  0.0000000E+00
  0.0000000E+00  0.0000000E+00
  0.0000000E+00  0.0000000E+00
  0.0000000E+00  0.0000000E+00
  0.0000000E+00  0.0000000E+00
  0.0000000E+00  0.0000000E+00
  0.0000000E+00  0.0000000E+00
  0.0000000E+00  0.0000000E+00
  0.0000000E+00  0.0000000E+00
  0.0000000E+00  0.0000000E+00
  0.0000000E+00  0.0000000E+00
  0.0000000E+00  0.0000000E+00
  0.0000000E+00  0.0000000E+00
  0.0000000E+00  0.0000000E+00
  0.0000000E+00  0.0000000E+00
  0.0000000E+00  0.0000000E+00
  0.0000000E+00  0.0000000E+00
  0.0000000E+00  0.0000000E+00
  0.0000000E+00  0.0000000E+00
  0.0000000E+00  0.0000000E+00
  0.0000000E+00  0.0000000E+00
  0.0000000E+00  0.0000000E+00
  0.0000000E+00  0.0000000E+00
  0.0000000E+00  0.0000000E+00
  0.0000000E+00  0.0000000E+00
  0.0000000E+00  0.0000000E+00
  0.0000000E+00  0.0000000E+00
  0.0000000E+00  0.0000000E+00
  0.0000000E+00  0.0000000E+00
  0.0000000E+00  0.0000000E+00
  0.0000000E+00  0.0000000E+00
  0.0000000E+00  0.0000000E+00
  0.0000000E+00  0.0000000E+00
  0.0000000E+00  0.0000000E+00
  0.0000000E+00  0.0000000E+00
  0.0000000E+00  0.0000000E+00
  0.0000000E+00  0.0000000E+00
  0.0000000E+00  0.0000000E+00
  0.0000000E+00  0.0000000E+00
  0.0000000E+00  0.0000000E+00
  0.0000000E+00  0.0000000E+00
  0.0000000E+00  0.0000000E+00
  0.0000000E+00  0.0000000E+00
  0.0000000E+00  0.0000000E+00
  0.0000000E+00  0.0000000E+00
  0.0000000E+00  0.0000000E+00
  0.0000000E+00  0.0000000E+00
  0.0000000E+00  0.0000000E+00
  0.0000000E+00  0.0000000E+00
  0.0000000E+00  0.0000000E+00
  0.0000000E+00  0.0000000E+00
  0.0000000E+00  0.0000000E+00
  0.0000000E+00  0.0000000E+00
  0.0000000E+00  0.0000000E+00
  0.0000000E+00  0.0000000E+00
  0.0000000E+00  0.0000000E+00
  0.0000000E+00  0.0000000E+00
  0.0000000E+00  0.0000000E+00
  0.0000000E+00  0.0000000E+00
  0.0000000E+00  0.0000000E+00
  0.0000000E+00  0.0000000E+00
  0.0000000E+00  0.0000000E+00
  0.0000000E+00  0.0000000E+00
  0.0000000E+00  0.0000000E+00
  0.0000000E+00  0.0000000E+00
  0.0000000E+00  0.0000000E+00
  0.0000000E+00  0.0000000E+00
  0.0000000E+00  0.0000000E+00
  0.0000000E+00  0.0000000E+00
  0.0000000E+00  0.0000000E+00
  0.0000000E+00  0.0000000E+00
  0.0000000E+00  0.0000000E+00
  0.0000000E+00  0.0000000E+00
  0.0000000E+00  0.0000000E+00
  0.0000000E+00  0.0000000E+00
  0.0000000E+00  0.0000000E+00
  0.0000000E+00  0.0000000E+00
  0.0000000E+00  0.0000000E+00
  0.0000000E+00  0.0000000E+00
  0.0000000E+00  0.0000000E+00
  0.0000000E+00  0.0000000E+00
  0.0000000E+00  0.0000000E+00
  0.0000000E+00  0.0000000E+00
  0.0000000E+00  0.0000000E+00
  0.0000000E+00  0.0000000E+00
  0.0000000E+00  0.0000000E+00
  0.0000000E+00  0.0000000E+00
  0.0000000E+00  0.0000000E+00
  0.0000000E+00  0.0000000E+00
  0.0000000E+00  0.0000000E+00
  0.0000000E+00  0.0000000E+00
  0.0000000E+00  0.0000000E+00
  0.0000000E+00  0.0000000E+00
  0.0000000E+00  0.0000000E+00
  0.0000000E+00  0.0000000E+00
  0.0000000E+00  0.0000000E+00
  0.0000000E+00  0.0000000E+00
  0.0000000E+00  0.0000000E+00
  0.0000000E+00  0.0000000E+00
  0.0000000E+00  0.0000000E+00
  0.0000000E+00  0.0000000E+00
  0.0000000E+00  0.0000000E+00
  0.0000000E+00  0.0000000E+00
  0.0000000E+00  0.0000000E+00
  0.0000000E+00  0.0000000E+00
  0.0000000E+00  0.0000000E+00
  0.0000000E+00  0.0000000E+00
  0.0000000E+00  0.0000000E+00
  0.0000000E+00  0.0000000E+00
  0.0000000E+00  0.0000000E+00
  0.0000000E+00  0.0000000E+00
  0.0000000E+00  0.0000000E+00
  0.0000000E+00  0.0000000E+00
  0.0000000E+00  0.0000000E+00
  0.0000000E+00  0.0000000E+00
  0.0000000E+00  0.0000000E+00
  0.0000000E+00  0.0000000E+00
  0.0000000E+00  0.0000000E+00
  0.0000000E+00  0.0000000E+00
  0.0000000E+00  0.0000000E+00
  0.0000000E+00  0.0000000E+00
  0.0000000E+00  0.0000000E+00
  0.0000000E+00  0.0000000E+00
  0.0000000E+00  0.0000000E+00
  0.0000000E+00  0.0000000E+00
  0.0000000E+00  0.0000000E+00
  0.0000000E+00  0.0000000E+00
  0.0000000E+00  0.0000000E+00
  0.0000000E+00  0.0000000E+00
  0.0000000E+00  0.0000000E+00
  0.0000000E+00  0.0000000E+00
  0.0000000E+00  0.0000000E+00
  0.0000000E+00  0.0000000E+00
  0.0000000E+00  0.0000000E+00
  0.0000000E+00  0.0000000E+00
  0.0000000E+00  0.0000000E+00
  0.0000000E+00  0.0000000E+00
  0.0000000E+00  0.0000000E+00
  0.0000000E+00  0.0000000E+00
  0.0000000E+00  0.0000000E+00
  0.0000000E+00  0.0000000E+00
  0.0000000E+00  0.0000000E+00
  0.0000000E+00  0.0000000E+00
  0.0000000E+00  0.0000000E+00
  0.0000000E+00  0.0000000E+00
  0.0000000E+00  0.0000000E+00
  0.0000000E+00  0.0000000E+00
  0.0000000E+00  0.0000000E+00
  0.0000000E+00  0.0000000E+00
  0.0000000E+00  0.0000000E+00
  0.0000000E+00  0.0000000E+00
  0.0000000E+00  0.0000000E+00
  0.0000000E+00  0.0000000E+00
  0.0000000E+00  0.0000000E+00
  0.0000000E+00  0.0000000E+00
  0.0000000E+00  0.0000000E+00
  0.0000000E+00  0.0000000E+00
  0.0000000E+00  0.0000000E+00
  0.0000000E+00  0.0000000E+00
  0.0000000E+00  0.0000000E+00
  0.0000000E+00  0.0000000E+00
  0.0000000E+00  0.0000000E+00
  0.0000000E+00  0.0000000E+00
  0.0000000E+00  0.0000000E+00
  0.0000000E+00  0.0000000E+00
  0.0000000E+00  0.0000000E+00
  0.0000000E+00  0.0000000E+00
  0.0000000E+00  0.0000000E+00
  0.0000000E+00  0.0000000E+00
  0.0000000E+00  0.0000000E+00
  0.0000000E+00  0.0000000E+00
  0.0000000E+00  0.0000000E+00
  0.0000000E+00  0.0000000E+00
  0.0000000E+00  0.0000000E+00
  0.0000000E+00  0.0000000E+00
  0.0000000E+00  0.0000000E+00
  0.0000000E+00  0.0000000E+00
  0.0000000E+00  0.0000000E+00
  0.0000000E+00  0.0000000E+00
  0.0000000E+00  0.0000000E+00
  0.0000000E+00  0.0000000E+00
  0.0000000E+00  0.0000000E+00
  0.0000000E+00  0.0000000E+00
  0.0000000E+00  0.0000000E+00
  0.0000000E+00  0.0000000E+00
  0.0000000E+00  0.0000000E+00
  0.0000000E+00  0.0000000E+00
  0.0000000E+00  0.0000000E+00
  0.0000000E+00  0.0000000E+00
  0.0000000E+00  0.0000000E+00
  0.0000000E+00  0.0000000E+00
  0.0000000E+00  0.0000000E+00
  0.0000000E+00  0.0000000E+00
  0.0000000E+00  0.0000000E+00
  0.0000000E+00  0.0000000E+00
  0.0000000E+00  0.0000000E+00
  0.0000000E+00  0.0000000E+00
  0.0000000E+00  0.0000000E+00
  0.0000000E+00  0.0000000E+00
  0.0000000E+00  0.0000000E+00
  0.0000000E+00  0.0000000E+00
  0.0000000E+00  0.0000000E+00
  0.0000000E+00  0.0000000E+00
  0.0000000E+00  0.0000000E+00
  0.0000000E+00  0.0000000E+00
  0.0000000E+00  0.0000000E+00
  0.0000000E+00  0.0000000E+00
  0.0000000E+00  0.0000000E+00
  0.0000000E+00  0.0000000E+00
  0.0000000E+00  0.0000000E+00
  0.0000000E+00  0.0000000E+00
  0.0000000E+00  0.0000000E+00
  0.0000000E+00  0.0000000E+00
  0.0000000E+00  0.0000000E+00
  0.0000000E+00  0.0000000E+00
  0.0000000E+00  0.0000000E+00
  0.0000000E+00  0.0000000E+00
  0.0000000E+00  0.0000000E+00
  0.0000000E+00  0.0000000E+00
  0.0000000E+00  0.0000000E+00
  0.0000000E+00  0.0000000E+00
  0.0000000E+00  0.0000000E+00
  0.0000000E+00  0.0000000E+00
  0.0000000E+00  0.0000000E+00
  0.0000000E+00  0.0000000E+00
  0.0000000E+00  0.0000000E+00
  0.0000000E+00  0.0000000E+00
  0.0000000E+00  0.0000000E+00
  0.0000000E+00  0.0000000E+00
  0.0000000E+00  0.0000000E+00
  0.0000000E+00  0.0000000E+00
  0.0000000E+00  0.0000000E+00
  0.0000000E+00  0.0000000E+00
  0.0000000E+00  0.0000000E+00
  0.0000000E+00  0.0000000E+00
  0.0000000E+00  0.0000000E+00
  0.0000000E+00  0.0000000E+00
  0.0000000E+00  0.0000000E+00
  0.0000000E+00  0.0000000E+00
  0.0000000E+00  0.0000000E+00
  0.0000000E+00  0.0000000E+00
  0.0000000E+00  0.0000000E+00
  0.0000000E+00  0.0000000E+00
  0.0000000E+00  0.0000000E+00
  0.0000000E+00  0.0000000E+00
  0.0000000E+00  0.0000000E+00
  0.0000000E+00  0.0000000E+00
  0.0000000E+00  0.0000000E+00
  0.0000000E+00  0.0000000E+00
  0.0000000E+00  0.0000000E+00
  0.0000000E+00  0.0000000E+00
  0.0000000E+00  0.0000000E+00
  0.0000000E+00  0.0000000E+00
  0.0000000E+00  0.0000000E+00
  0.0000000E+00  0.0000000E+00
  0.0000000E+00  0.0000000E+00
  0.0000000E+00  0.0000000E+00
  0.0000000E+00  0.0000000E+00
  0.0000000E+00  0.0000000E+00
  0.0000000E+00  0.0000000E+00
  0.0000000E+00  0.0000000E+00
  0.0000000E+00  0.0000000E+00
  0.0000000E+00  0.0000000E+00
  0.0000000E+00  0.0000000E+00
  0.0000000E+00  0.0000000E+00
  0.0000000E+00  0.0000000E+00
  0.0000000E+00  0.0000000E+00
  0.0000000E+00  0.0000000E+00
  0.0000000E+00  0.0000000E+00
  0.0000000E+00  0.0000000E+00
  0.0000000E+00  0.0000000E+00
  0.0000000E+00  0.0000000E+00
  0.0000000E+00  0.0000000E+00
  0.0000000E+00  0.0000000E+00
  0.0000000E+00  0.0000000E+00
  0.0000000E+00  0.0000000E+00
  0.0000000E+00  0.0000000E+00
  0.0000000E+00  0.0000000E+00
  0.0000000E+00  0.0000000E+00
  0.0000000E+00  0.0000000E+00
  0.0000000E+00  0.0000000E+00
  0.0000000E+00  0.0000000E+00
  0.0000000E+00  0.0000000E+00
  0.0000000E+00  0.0000000E+00
  0.0000000E+00  0.0000000E+00
  0.0000000E+00  0.0000000E+00
  0.0000000E+00  0.0000000E+00
  0.0000000E+00  0.0000000E+00
  0.0000000E+00  0.0000000E+00
  0.0000000E+00  0.0000000E+00
  0.0000000E+00  0.0000000E+00
  0.0000000E+00  0.0000000E+00
  0.0000000E+00  0.0000000E+00
  0.0000000E+00  0.0000000E+00
  0.0000000E+00  0.0000000E+00
  0.0000000E+00  0.0000000E+00
  0.0000000E+00  0.0000000E+00
  0.0000000E+00  0.0000000E+00
  0.0000000E+00  0.0000000E+00
  0.0000000E+00  0.0000000E+00
  0.0000000E+00  0.0000000E+00
  0.0000000E+00  0.0000000E+00
  0.0000000E+00  0.0000000E+00
  0.0000000E+00  0.0000000E+00
  0.0000000E+00  0.0000000E+00
  0.0000000E+00  0.0000000E+00
  0.0000000E+00  0.0000000E+00
  0.0000000E+00  0.0000000E+00
  0.0000000E+00  0.0000000E+00
  0.0000000E+00  0.0000000E+00
  0.0000000E+00  0.0000000E+00
  0.0000000E+00  0.0000000E+00
  0.0000000E+00  0.0000000E+00
  0.0000000E+00  0.0000000E+00
  0.0000000E+00  0.0000000E+00
  0.0000000E+00  0.0000000E+00
  0.0000000E+00  0.0000000E+00
  0.0000000E+00  0.0000000E+00
  0.0000000E+00  0.0000000E+00
  0.0000000E+00  0.0000000E+00
  0.0000000E+00  0.0000000E+00
  0.0000000E+00  0.0000000E+00
  0.0000000E+00  0.0000000E+00
  0.0000000E+00  0.0000000E+00
  0.0000000E+00  0.0000000E+00
  0.0000000E+00  0.0000000E+00
  0.0000000E+00  0.0000000E+00
  0.0000000E+00  0.0000000E+00
  0.0000000E+00  0.0000000E+00
  0.0000000E+00  0.0000000E+00
  0.0000000E+00  0.0000000E+00
  0.0000000E+00  0.0000000E+00
  0.0000000E+00  0.0000000E+00
  0.0000000E+00  0.0000000E+00
  0.0000000E+00  0.0000000E+00
  0.0000000E+00  0.0000000E+00
  0.0000000E+00  0.0000000E+00
  0.0000000E+00  0.0000000E+00
  0.0000000E+00  0.0000000E+00
  0.0000000E+00  0.0000000E+00
  0.0000000E+00  0.0000000E+00
  0.0000000E+00  0.0000000E+00
  0.0000000E+00  0.0000000E+00
  0.0000000E+00  0.0000000E+00
  0.0000000E+00  0.0000000E+00
  0.0000000E+00  0.0000000E+00
  0.0000000E+00  0.0000000E+00
  0.0000000E+00  0.0000000E+00
  0.0000000E+00  0.0000000E+00
  0.0000000E+00  0.0000000E+00
  0.0000000E+00  0.0000000E+00
  0.0000000E+00  0.0000000E+00
  0.0000000E+00  0.0000000E+00
  0.0000000E+00  0.0000000E+00
  0.0000000E+00  0.0000000E+00
  0.0000000E+00  0.0000000E+00
  0.0000000E+00  0.0000000E+00
  0.0000000E+00  0.0000000E+00
  0.0000000E+00  0.0000000E+00
  0.0000000E+00  0.0000000E+00
  0.0000000E+00  0.0000000E+00
  0.0000000E+00  0.0000000E+00
  0.0000000E+00  0.0000000E+00
  0.0000000E+00  0.0000000E+00
  0.0000000E+00  0.0000000E+00
  0.0000000E+00  0.0000000E+00
  0.0000000E+00  0.0000000E+00
  0.0000000E+00  0.0000000E+00
  0.0000000E+00  0.0000000E+00
  0.0000000E+00  0.0000000E+00
  0.0000000E+00  0.0000000E+00
  0.0000000E+00  0.0000000E+00
  0.0000000E+00  0.0000000E+00
  0.0000000E+00  0.0000000E+00
  0.0000000E+00  0.0000000E+00
  0.0000000E+00  0.0000000E+00
  0.0000000E+00  0.0000000E+00
  0.0000000E+00  0.0000000E+00
  0.0000000E+00  0.0000000E+00
  0.0000000E+00  0.0000000E+00
  0.0000000E+00  0.0000000E+00
  0.0000000E+00  0.0000000E+00
  0.0000000E+00  0.0000000E+00
  0.0000000E+00  0.0000000E+00
  0.0000000E+00  0.0000000E+00
  0.0000000E+00  0.0000000E+00
  0.0000000E+00  0.0000000E+00
  0.0000000E+00  0.0000000E+00
  0.0000000E+00  0.0000000E+00
  0.0000000E+00  0.0000000E+00
  0.0000000E+00  0.0000000E+00
  0.0000000E+00  0.0000000E+00
  0.0000000E+00  0.0000000E+00
  0.0000000E+00  0.0000000E+00
  0.0000000E+00  0.0000000E+00
  0.0000000E+00  0.0000000E+00
  0.0000000E+00  0.0000000E+00
  0.0000000E+00  0.0000000E+00
  0.0000000E+00  0.0000000E+00
  0.0000000E+00  0.0000000E+00
  0.0000000E+00  0.0000000E+00
  0.0000000E+00  0.0000000E+00
  0.0000000E+00  0.0000000E+00
  0.0000000E+00  0.0000000E+00
  0.0000000E+00  0.0000000E+00
  0.0000000E+00  0.0000000E+00
  0.0000000E+00  0.0000000E+00
  0.0000000E+00  0.0000000E+00
  0.0000000E+00  0.0000000E+00
  0.0000000E+00  0.0000000E+00
  0.0000000E+00  0.0000000E+00
  0.0000000E+00  0.0000000E+00
  0.0000000E+00  0.0000000E+00
  0.0000000E+00  0.0000000E+00
  0.0000000E+00  0.0000000E+00
  0.0000000E+00  0.0000000E+00
  0.0000000E+00  0.0000000E+00
  0.0000000E+00  0.0000000E+00
  0.0000000E+00  0.0000000E+00
  0.0000000E+00  0.0000000E+00
  0.0000000E+00  0.0000000E+00
  0.0000000E+00  0.0000000E+00
  0.0000000E+00  0.0000000E+00
  0.0000000E+00  0.0000000E+00
  0.0000000E+00  0.0000000E+00
  0.0000000E+00  0.0000000E+00
  0.0000000E+00  0.0000000E+00
  0.0000000E+00  0.0000000E+00
  0.0000000E+00  0.0000000E+00
  0.0000000E+00  0.0000000E+00
  0.0000000E+00  0.0000000E+00
  0.0000000E+00  0.0000000E+00
  0.0000000E+00  0.0000000E+00
  0.0000000E+00  0.0000000E+00
  0.0000000E+00  0.0000000E+00
  0.0000000E+00  0.0000000E+00
  0.0000000E+00  0.0000000E+00
  0.0000000E+00  0.0000000E+00
  0.0000000E+00  0.0000000E+00
  0.0000000E+00  0.0000000E+00
  0.0000000E+00  0.0000000E+00
  0.0000000E+00  0.0000000E+00
  0.0000000E+00  0.0000000E+00
  0.0000000E+00  0.0000000E+00
  0.0000000E+00  0.0000000E+00
  0.0000000E+00  0.0000000E+00
  0.0000000E+00  0.0000000E+00
  0.0000000E+00  0.0000000E+00
  0.0000000E+00  0.0000000E+00
  0.0000000E+00  0.0000000E+00
  0.0000000E+00  0.0000000E+00
  0.0000000E+00  0.0000000E+00
  0.0000000E+00  0.0000000E+00
  0.0000000E+00  0.0000000E+00
  0.0000000E+00  0.0000000E+00
  0.0000000E+00  0.0000000E+00
  0.0000000E+00  0.0000000E+00
  0.0000000E+00  0.0000000E+00
  0.0000000E+00  0.0000000E+00
  0.0000000E+00  0.0000000E+00
  0.0000000E+00  0.0000000E+00
  0.0000000E+00  0.0000000E+00
  0.0000000E+00  0.0000000E+00
  0.0000000E+00  0.0000000E+00
  0.0000000E+00  0.0000000E+00
  0.0000000E+00  0.0000000E+00
  0.0000000E+00  0.0000000E+00
  0.0000000E+00  0.0000000E+00
  0.0000000E+00  0.0000000E+00
  0.0000000E+00  0.0000000E+00
  0.0000000E+00  0.0000000E+00
  0.0000000E+00  0.0000000E+00
  0.0000000E+00  0.0000000E+00
  0.0000000E+00  0.0000000E+00
  0.0000000E+00  0.0000000E+00
  0.0000000E+00  0.0000000E+00
  0.0000000E+00  0.0000000E+00
  0.0000000E+00  0.0000000E+00
  0.0000000E+00  0.0000000E+00
  0.0000000E+00  0.0000000E+00
  0.0000000E+00  0.0000000E+00
  0.0000000E+00  0.0000000E+00
  0.0000000E+00  0.0000000E+00
  0.0000000E+00  0.0000000E+00
  0.0000000E+00  0.0000000E+00
  0.0000000E+00  0.0000000E+00
  0.0000000E+00  0.0000000E+00
  0.0000000E+00  0.0000000E+00
  0.0000000E+00  0.0000000E+00
  0.0000000E+00  0.0000000E+00
  0.0000000E+00  0.0000000E+00
  0.0000000E+00  0.0000000E+00
  0.0000000E+00  0.0000000E+00
  0.0000000E+00  0.0000000E+00
  0.0000000E+00  0.0000000E+00
  0.0000000E+00  0.0000000E+00
  0.0000000E+00  0.0000000E+00
  0.0000000E+00  0.0000000E+00
  0.0000000E+00  0.0000000E+00
  0.0000000E+00  0.0000000E+00
  0.0000000E+00  0.0000000E+00
  0.0000000E+00  0.0000000E+00
  0.0000000E+00  0.0000000E+00
  0.0000000E+00  0.0000000E+00
  0.0000000E+00  0.0000000E+00
  0.0000000E+00  0.0000000E+00
  0.0000000E+00  0.0000000E+00
  0.0000000E+00  0.0000000E+00
  0.0000000E+00  0.0000000E+00
  0.0000000E+00  0.0000000E+00
  0.0000000E+00  0.0000000E+00
  0.0000000E+00  0.0000000E+00
  0.0000000E+00  0.0000000E+00
  0.0000000E+00  0.0000000E+00
  0.0000000E+00  0.0000000E+00
  0.0000000E+00  0.0000000E+00
  0.0000000E+00  0.0000000E+00
  0.0000000E+00  0.0000000E+00
  0.0000000E+00  0.0000000E+00
  0.0000000E+00  0.0000000E+00
  0.0000000E+00  0.0000000E+00
  0.0000000E+00  0.0000000E+00
  0.0000000E+00  0.0000000E+00
  0.0000000E+00  0.0000000E+00
  0.0000000E+00  0.0000000E+00
  0.0000000E+00  0.0000000E+00
  0.0000000E+00  0.0000000E+00
  0.0000000E+00  0.0000000E+00
  0.0000000E+00  0.0000000E+00
  0.0000000E+00  0.0000000E+00
  0.0000000E+00  0.0000000E+00
  0.0000000E+00  0.0000000E+00
  0.0000000E+00  0.0000000E+00
  0.0000000E+00  0.0000000E+00
  0.0000000E+00  0.0000000E+00
  0.0000000E+00  0.0000000E+00
  0.0000000E+00  0.0000000E+00
  0.0000000E+00  0.0000000E+00
  0.0000000E+00  0.0000000E+00
  0.0000000E+00  0.0000000E+00
  0.0000000E+00  0.0000000E+00
  0.0000000E+00  0.0000000E+00
  0.0000000E+00  0.0000000E+00
  0.0000000E+00  0.0000000E+00
  0.0000000E+00  0.0000000E+00
  0.0000000E+00  0.0000000E+00
  0.0000000E+00  0.0000000E+00
  0.0000000E+00  0.0000000E+00
  0.0000000E+00  0.0000000E+00
  0.0000000E+00  0.0000000E+00
  0.0000000E+00  0.0000000E+00
  0.0000000E+00  0.0000000E+00
  0.0000000E+00  0.0000000E+00
  0.0000000E+00  0.0000000E+00
  0.0000000E+00  0.0000000E+00
  0.0000000E+00  0.0000000E+00
  0.0000000E+00  0.0000000E+00
  0.0000000E+00  0.0000000E+00
  0.0000000E+00  0.0000000E+00
  0.0000000E+00  0.0000000E+00
  0.0000000E+00  0.0000000E+00
  0.0000000E+00  0.0000000E+00
  0.0000000E+00  0.0000000E+00
  0.0000000E+00  0.0000000E+00
  0.0000000E+00  0.0000000E+00
  0.0000000E+00  0.0000000E+00
  0.0000000E+00  0.0000000E+00
  0.0000000E+00  0.0000000E+00
  0.0000000E+00  0.0000000E+00
  0.0000000E+00  0.0000000E+00
  0.0000000E+00  0.0000000E+00
  0.0000000E+00  0.0000000E+00
  0.0000000E+00  0.0000000E+00
  0.0000000E+00  0.0000000E+00
  0.0000000E+00  0.0000000E+00
  0.0000000E+00  0.0000000E+00
  0.0000000E+00  0.0000000E+00
  0.0000000E+00  0.0000000E+00
  0.0000000E+00  0.0000000E+00
  0.0000000E+00  0.0000000E+00
  0.0000000E+00  0.0000000E+00
  0.0000000E+00  0.0000000E+00
  0.0000000E+00  0.0000000E+00
  0.0000000E+00  0.0000000E+00
  0.0000000E+00  0.0000000E+00
  0.0000000E+00  0.0000000E+00
  0.0000000E+00  0.0000000E+00
  0.0000000E+00  0.0000000E+00
  0.0000000E+00  0.0000000E+00
  0.0000000E+00  0.0000000E+00
  0.0000000E+00  0.0000000E+00
  0.0000000E+00  0.0000000E+00
  0.0000000E+00  0.0000000E+00
  0.0000000E+00  0.0000000E+00
  0.0000000E+00  0.0000000E+00
  0.0000000E+00  0.0000000E+00
  0.0000000E+00  0.0000000E+00
  0.0000000E+00  0.0000000E+00
  0.0000000E+00  0.0000000E+00
  0.0000000E+00  0.0000000E+00
  0.0000000E+00  0.0000000E+00
  0.0000000E+00  0.0000000E+00
  0.0000000E+00  0.0000000E+00
  0.0000000E+00  0.0000000E+00
  0.0000000E+00  0.0000000E+00
  0.0000000E+00  0.0000000E+00
  0.0000000E+00  0.0000000E+00
  0.0000000E+00  0.0000000E+00
  0.0000000E+00  0.0000000E+00
  0.0000000E+00  0.0000000E+00
  0.0000000E+00  0.0000000E+00
  0.0000000E+00  0.0000000E+00
  0.0000000E+00  0.0000000E+00
  0.0000000E+00  0.0000000E+00
  0.0000000E+00  0.0000000E+00
  0.0000000E+00  0.0000000E+00
  0.0000000E+00  0.0000000E+00
  0.0000000E+00  0.0000000E+00
  0.0000000E+00  0.0000000E+00
  0.0000000E+00  0.0000000E+00
  0.0000000E+00  0.0000000E+00
  0.0000000E+00  0.0000000E+00
  0.0000000E+00  0.0000000E+00
  0.0000000E+00  0.0000000E+00
  0.0000000E+00  0.0000000E+00
  0.0000000E+00  0.0000000E+00
  0.0000000E+00  0.0000000E+00
  0.0000000E+00  0.0000000E+00
  0.0000000E+00  0.0000000E+00
  0.0000000E+00  0.0000000E+00
