 -0.6401414E+00 -0.3337363E-07
 -0.1230843E+00 -0.3195601E-07
  0.1845082E+00 -0.3202472E-07
  0.4281384E+00 -0.3204453E-07
  0.6449219E+00 -0.3196368E-07
  0.8542973E+00 -0.3198544E-07
  0.3517929E+00 -0.3007265E-07
  0.1358525E+01 -0.3129676E-07
  0.1506880E+01 -0.3127346E-07
  0.1684865E+01 -0.3228729E-07
  0.2048251E+01 -0.3855759E-07
  0.2034420E+01 -0.3839908E-07
  0.2015430E+01 -0.3835892E-07
  0.1987062E+01 -0.3843229E-07
  0.1949729E+01 -0.3840268E-07
  0.1906632E+01 -0.3846579E-07
  0.1851830E+01 -0.3834880E-07
  0.1786590E+01 -0.3830798E-07
  0.1717535E+01 -0.3826298E-07
  0.1640912E+01 -0.3835927E-07
  0.1555251E+01 -0.3818255E-07
  0.1465699E+01 -0.3816391E-07
  0.1369233E+01 -0.3820484E-07
  0.1265026E+01 -0.3815882E-07
  0.1157665E+01 -0.3810125E-07
  0.1044750E+01 -0.3812467E-07
  0.9258866E+00 -0.3807007E-07
  0.8048376E+00 -0.3794457E-07
  0.6798456E+00 -0.3807978E-07
  0.5509701E+00 -0.3788070E-07
  0.4209711E+00 -0.3787522E-07
  0.2887293E+00 -0.3788640E-07
  0.1547853E+00 -0.3778882E-07
  0.2082018E-01 -0.3777404E-07
 -0.1136109E+00 -0.3780604E-07
 -0.2474974E+00 -0.3761523E-07
 -0.3802985E+00 -0.3761603E-07
 -0.5117489E+00 -0.3766744E-07
 -0.6404237E+00 -0.3764495E-07
 -0.7669328E+00 -0.3754376E-07
 -0.8903214E+00 -0.3757832E-07
 -0.1008788E+01 -0.3759406E-07
 -0.1124084E+01 -0.3757778E-07
 -0.1234569E+01 -0.3752238E-07
 -0.1338150E+01 -0.3748663E-07
 -0.1437678E+01 -0.3744402E-07
 -0.1530851E+01 -0.3746780E-07
 -0.1615398E+01 -0.3736947E-07
 -0.1695147E+01 -0.3740442E-07
 -0.1767222E+01 -0.3734050E-07
 -0.1829290E+01 -0.3736026E-07
 -0.1886003E+01 -0.3726890E-07
 -0.1934034E+01 -0.3737870E-07
 -0.1971088E+01 -0.3741231E-07
 -0.2002490E+01 -0.3730994E-07
 -0.2024560E+01 -0.3734433E-07
 -0.2035108E+01 -0.3722430E-07
 -0.2039855E+01 -0.3729033E-07
 -0.2035022E+01 -0.3721828E-07
 -0.2018610E+01 -0.3730944E-07
 -0.1996562E+01 -0.3730063E-07
 -0.1965040E+01 -0.3725159E-07
 -0.1922487E+01 -0.3724344E-07
 -0.1874730E+01 -0.3723240E-07
 -0.1817983E+01 -0.3720175E-07
 -0.1750920E+01 -0.3716596E-07
 -0.1679239E+01 -0.3721872E-07
 -0.1599534E+01 -0.3733040E-07
 -0.1510712E+01 -0.3719585E-07
 -0.1417963E+01 -0.3725222E-07
 -0.1318465E+01 -0.3723315E-07
 -0.1211509E+01 -0.3714921E-07
 -0.1101555E+01 -0.3734267E-07
 -0.9862933E+00 -0.3726646E-07
 -0.8654291E+00 -0.3729912E-07
 -0.7425596E+00 -0.3727405E-07
 -0.6159999E+00 -0.3733938E-07
 -0.4858972E+00 -0.3740017E-07
 -0.3548304E+00 -0.3739663E-07
 -0.2217447E+00 -0.3732468E-07
 -0.8714661E-01 -0.3746812E-07
  0.4786930E-01 -0.3764236E-07
  0.1820232E+00 -0.3779411E-07
  0.3158110E+00 -0.3775749E-07
  0.4484156E+00 -0.3786442E-07
  0.5792001E+00 -0.3794425E-07
  0.7075260E+00 -0.3799589E-07
  0.8327327E+00 -0.3791304E-07
  0.9542817E+00 -0.3798956E-07
  0.1071681E+01 -0.3810478E-07
  0.1184473E+01 -0.3812447E-07
  0.1292171E+01 -0.3809550E-07
  0.1394287E+01 -0.3818669E-07
  0.1490324E+01 -0.3816215E-07
  0.1579855E+01 -0.3816524E-07
  0.1662583E+01 -0.3827189E-07
  0.1738057E+01 -0.3829910E-07
  0.1805679E+01 -0.3836463E-07
  0.1864915E+01 -0.3840911E-07
  0.1914805E+01 -0.3842371E-07
  0.1951633E+01 -0.3831646E-07
  0.1984638E+01 -0.3826407E-07
  0.2012784E+01 -0.3835441E-07
  0.2034484E+01 -0.3831604E-07
  0.2051921E+01 -0.3859414E-07
  0.1680354E+01 -0.3220737E-07
  0.1497871E+01 -0.3121288E-07
  0.1341003E+01 -0.3118386E-07
  0.1180279E+01 -0.3131116E-07
  0.1007186E+01 -0.3128397E-07
  0.8275244E+00 -0.3140381E-07
  0.6420813E+00 -0.3148739E-07
  0.1784600E+00 -0.3181215E-07
 -0.1305866E+00 -0.3173226E-07
 -0.6535911E+00 -0.3355418E-07
 -0.6705993E+00 -0.3381032E-07
  0.2887732E+00 -0.3050481E-07
 -0.4812221E+00 -0.3258333E-07
 -0.4030887E+00 -0.3216155E-07
 -0.2863968E+00 -0.3158440E-07
 -0.1477863E+00 -0.3093782E-07
  0.7613867E-03 -0.3020597E-07
  0.1492743E+00 -0.2932884E-07
  0.2894384E+00 -0.2856888E-07
  0.4170294E+00 -0.2790949E-07
  0.5272706E+00 -0.2720024E-07
  0.6134472E+00 -0.2680005E-07
  0.6719837E+00 -0.2646483E-07
  0.7012550E+00 -0.2620379E-07
  0.7009634E+00 -0.2619211E-07
  0.6713041E+00 -0.2629876E-07
  0.6131715E+00 -0.2655420E-07
  0.5283493E+00 -0.2707182E-07
  0.4196670E+00 -0.2765905E-07
  0.2914003E+00 -0.2835207E-07
  0.1492078E+00 -0.2903345E-07
  0.4337243E-03 -0.2982223E-07
 -0.1471472E+00 -0.3060964E-07
 -0.2884182E+00 -0.3141940E-07
 -0.4175020E+00 -0.3209806E-07
 -0.5245897E+00 -0.3268341E-07
 -0.6012951E+00 -0.3305913E-07
 -0.6395472E+00 -0.3330231E-07
  0.6918753E+00 -0.3089566E-07
  0.7606322E+00 -0.3208843E-07
  0.4160750E+00 -0.3161203E-07
  0.6195716E+00 -0.3184962E-07
  0.8224956E+00 -0.3190650E-07
  0.1497393E+01 -0.3129423E-07
  0.2362046E+00 -0.3138635E-07
  0.1654464E+01 -0.3228548E-07
  0.1673019E+01 -0.3229996E-07
  0.1628123E+01 -0.3218359E-07
  0.1598144E+01 -0.3220864E-07
  0.1560024E+01 -0.3217613E-07
  0.1511099E+01 -0.3219594E-07
  0.1456586E+01 -0.3215684E-07
  0.1397124E+01 -0.3207988E-07
  0.1332266E+01 -0.3202330E-07
  0.1262134E+01 -0.3197879E-07
  0.1186817E+01 -0.3189748E-07
  0.1106460E+01 -0.3191503E-07
  0.1021434E+01 -0.3179753E-07
  0.9320453E+00 -0.3174159E-07
  0.8385615E+00 -0.3166630E-07
  0.7414811E+00 -0.3161889E-07
  0.6412637E+00 -0.3160434E-07
  0.5382888E+00 -0.3154504E-07
  0.4330123E+00 -0.3143261E-07
  0.3258469E+00 -0.3135676E-07
  0.2172393E+00 -0.3131695E-07
  0.1076491E+00 -0.3125359E-07
 -0.2443555E-02 -0.3121694E-07
 -0.1125857E+00 -0.3110043E-07
 -0.2222992E+00 -0.3101650E-07
 -0.3310637E+00 -0.3095415E-07
 -0.4384544E+00 -0.3092022E-07
 -0.5440274E+00 -0.3087884E-07
 -0.6472463E+00 -0.3072634E-07
 -0.7477185E+00 -0.3071625E-07
 -0.8450263E+00 -0.3066938E-07
 -0.9386560E+00 -0.3056785E-07
 -0.1028225E+01 -0.3049823E-07
 -0.1113385E+01 -0.3049820E-07
 -0.1193653E+01 -0.3048223E-07
 -0.1268693E+01 -0.3041171E-07
 -0.1338234E+01 -0.3035894E-07
 -0.1401846E+01 -0.3032898E-07
 -0.1459268E+01 -0.3030974E-07
 -0.1510320E+01 -0.3023830E-07
 -0.1554653E+01 -0.3021980E-07
 -0.1592057E+01 -0.3016924E-07
 -0.1622555E+01 -0.3019952E-07
 -0.1645939E+01 -0.3019612E-07
 -0.1661980E+01 -0.3013933E-07
 -0.1670695E+01 -0.3012939E-07
 -0.1672027E+01 -0.3014621E-07
 -0.1665908E+01 -0.3014552E-07
 -0.1652537E+01 -0.3011181E-07
 -0.1631859E+01 -0.3012716E-07
 -0.1604033E+01 -0.3015136E-07
 -0.1569565E+01 -0.3016865E-07
 -0.1528236E+01 -0.3024583E-07
 -0.1479910E+01 -0.3021748E-07
 -0.1425248E+01 -0.3022543E-07
 -0.1364409E+01 -0.3034678E-07
 -0.1297419E+01 -0.3029754E-07
 -0.1224826E+01 -0.3038670E-07
 -0.1146974E+01 -0.3045695E-07
 -0.1064132E+01 -0.3040259E-07
 -0.9768089E+00 -0.3049802E-07
 -0.8853241E+00 -0.3052000E-07
 -0.7899587E+00 -0.3060636E-07
 -0.6912490E+00 -0.3063157E-07
 -0.5895870E+00 -0.3072719E-07
 -0.4853237E+00 -0.3081719E-07
 -0.3789417E+00 -0.3081898E-07
 -0.2708900E+00 -0.3088488E-07
 -0.1616176E+00 -0.3099296E-07
 -0.5163640E-01 -0.3100934E-07
  0.5857149E-01 -0.3107907E-07
  0.1685836E+00 -0.3124662E-07
  0.2780479E+00 -0.3130630E-07
  0.3864911E+00 -0.3140583E-07
  0.4934179E+00 -0.3151126E-07
  0.5981497E+00 -0.3152297E-07
  0.7000803E+00 -0.3160454E-07
  0.7988930E+00 -0.3161603E-07
  0.8942746E+00 -0.3171746E-07
  0.9858665E+00 -0.3174579E-07
  0.1073251E+01 -0.3185853E-07
  0.1155979E+01 -0.3187962E-07
  0.1233644E+01 -0.3193026E-07
  0.1306000E+01 -0.3201765E-07
  0.1372878E+01 -0.3204973E-07
  0.1433698E+01 -0.3209046E-07
  0.1487804E+01 -0.3214447E-07
  0.1534904E+01 -0.3214078E-07
  0.1574759E+01 -0.3216093E-07
  0.1607232E+01 -0.3215543E-07
  0.1633091E+01 -0.3209877E-07
  0.1653228E+01 -0.3216358E-07
  0.1668746E+01 -0.3218164E-07
  0.1488816E+01 -0.3126321E-07
 -0.1640311E+00 -0.3163478E-07
  0.1332170E+01 -0.3124532E-07
  0.1170980E+01 -0.3137247E-07
  0.9990929E+00 -0.3153708E-07
  0.8190948E+00 -0.3165436E-07
  0.6304207E+00 -0.3174145E-07
 -0.1045615E+00 -0.3096574E-07
  0.1214467E+00 -0.3184318E-07
 -0.7861835E-01 -0.3061644E-07
  0.3376699E+00 -0.3180551E-07
 -0.1068679E+00 -0.3132256E-07
 -0.4168301E-01 -0.3015052E-07
  0.7021331E-03 -0.2954899E-07
  0.4249749E-01 -0.2909317E-07
  0.7996954E-01 -0.2853062E-07
  0.1153326E+00 -0.2814304E-07
  0.1477053E+00 -0.2764981E-07
  0.1722704E+00 -0.2732969E-07
  0.1876689E+00 -0.2708684E-07
  0.1946648E+00 -0.2698932E-07
  0.1943241E+00 -0.2694981E-07
  0.1865212E+00 -0.2696853E-07
  0.1715902E+00 -0.2725809E-07
  0.1494661E+00 -0.2758312E-07
  0.1201066E+00 -0.2788404E-07
  0.8421416E-01 -0.2840052E-07
  0.4340157E-01 -0.2886756E-07
  0.1038510E-02 -0.2933839E-07
 -0.3943749E-01 -0.2984624E-07
 -0.7926199E-01 -0.3045492E-07
 -0.1163971E+00 -0.3089730E-07
 -0.1434164E+00 -0.3128553E-07
 -0.1545432E+00 -0.3164535E-07
 -0.1419853E+00 -0.3195736E-07
  0.1353478E+01 -0.3113284E-07
  0.1003213E+01 -0.3221473E-07
  0.3600118E+00 -0.3222682E-07
  0.1058926E+01 -0.3270642E-07
  0.1287349E+01 -0.3148802E-07
  0.5916806E+00 -0.3196426E-07
  0.1480619E+01 -0.3130244E-07
  0.3949112E+00 -0.3185062E-07
  0.1348474E+01 -0.3121485E-07
  0.1296004E+01 -0.3119708E-07
  0.1240714E+01 -0.3111237E-07
  0.1181014E+01 -0.3107706E-07
  0.1117018E+01 -0.3109088E-07
  0.1048974E+01 -0.3097572E-07
  0.9767088E+00 -0.3091267E-07
  0.9002667E+00 -0.3083778E-07
  0.8200316E+00 -0.3079935E-07
  0.7361476E+00 -0.3073962E-07
  0.6490870E+00 -0.3061338E-07
  0.5595086E+00 -0.3063844E-07
  0.4675804E+00 -0.3047501E-07
  0.3735268E+00 -0.3040847E-07
  0.2778023E+00 -0.3032898E-07
  0.1808329E+00 -0.3027160E-07
  0.8295655E-01 -0.3013034E-07
 -0.1534918E-01 -0.3012586E-07
 -0.1136208E+00 -0.3000670E-07
 -0.2113946E+00 -0.2993534E-07
 -0.3082583E+00 -0.2984800E-07
 -0.4038803E+00 -0.2972922E-07
 -0.4977624E+00 -0.2969405E-07
 -0.5895150E+00 -0.2967089E-07
 -0.6788238E+00 -0.2959004E-07
 -0.7651889E+00 -0.2948647E-07
 -0.8482322E+00 -0.2942787E-07
 -0.9276767E+00 -0.2935453E-07
 -0.1003062E+01 -0.2931505E-07
 -0.1074032E+01 -0.2923822E-07
 -0.1140376E+01 -0.2920245E-07
 -0.1201686E+01 -0.2910922E-07
 -0.1257666E+01 -0.2908221E-07
 -0.1308170E+01 -0.2907736E-07
 -0.1352861E+01 -0.2900094E-07
 -0.1391459E+01 -0.2901429E-07
 -0.1423892E+01 -0.2894926E-07
 -0.1450335E+01 -0.2894514E-07
 -0.1470446E+01 -0.2887929E-07
 -0.1483629E+01 -0.2889003E-07
 -0.1490314E+01 -0.2886666E-07
 -0.1490577E+01 -0.2892422E-07
 -0.1484079E+01 -0.2891808E-07
 -0.1471000E+01 -0.2889069E-07
 -0.1451623E+01 -0.2891136E-07
 -0.1426302E+01 -0.2895834E-07
 -0.1395684E+01 -0.2897278E-07
 -0.1358651E+01 -0.2904026E-07
 -0.1314539E+01 -0.2907900E-07
 -0.1264871E+01 -0.2909509E-07
 -0.1209638E+01 -0.2908416E-07
 -0.1148570E+01 -0.2917803E-07
 -0.1082581E+01 -0.2917627E-07
 -0.1012139E+01 -0.2925467E-07
 -0.9374194E+00 -0.2931488E-07
 -0.8588699E+00 -0.2942514E-07
 -0.7767133E+00 -0.2946687E-07
 -0.6911239E+00 -0.2952089E-07
 -0.6026787E+00 -0.2963009E-07
 -0.5117703E+00 -0.2968050E-07
 -0.4184375E+00 -0.2976616E-07
 -0.3231316E+00 -0.2980239E-07
 -0.2265016E+00 -0.2987154E-07
 -0.1290811E+00 -0.2996688E-07
 -0.3122536E-01 -0.3009760E-07
  0.6679476E-01 -0.3015894E-07
  0.1647304E+00 -0.3023521E-07
  0.2623900E+00 -0.3029854E-07
  0.3590782E+00 -0.3040449E-07
  0.4544186E+00 -0.3054929E-07
  0.5473799E+00 -0.3054533E-07
  0.6373853E+00 -0.3061969E-07
  0.7246642E+00 -0.3067720E-07
  0.8090494E+00 -0.3076295E-07
  0.8901913E+00 -0.3082976E-07
  0.9675147E+00 -0.3089530E-07
  0.1040542E+01 -0.3095968E-07
  0.1109125E+01 -0.3105875E-07
  0.1173370E+01 -0.3104846E-07
  0.1233187E+01 -0.3112788E-07
  0.1287066E+01 -0.3111698E-07
  0.1333750E+01 -0.3114829E-07
  0.1374385E+01 -0.3122316E-07
  0.1409235E+01 -0.3114731E-07
  0.1436808E+01 -0.3125701E-07
  0.1458038E+01 -0.3126448E-07
  0.1475198E+01 -0.3129200E-07
  0.4881448E-01 -0.3073123E-07
  0.1035409E+00 -0.3126174E-07
  0.1157084E+01 -0.3155450E-07
  0.9834946E+00 -0.3158670E-07
  0.7712544E+00 -0.3176492E-07
  0.8075020E+00 -0.3167912E-07
  0.6287141E+00 -0.3179863E-07
  0.1803169E-01 -0.3156039E-07
  0.2362441E-01 -0.3031933E-07
 -0.7149787E-03 -0.2993287E-07
  0.1319523E+01 -0.3130823E-07
 -0.2570883E-01 -0.2943113E-07
 -0.5402291E-01 -0.2902937E-07
 -0.7630845E-01 -0.2863137E-07
 -0.8933119E-01 -0.2821680E-07
 -0.1006832E+00 -0.2794508E-07
 -0.1111741E+00 -0.2777693E-07
 -0.1179043E+00 -0.2762198E-07
 -0.1184518E+00 -0.2762165E-07
 -0.1135538E+00 -0.2772633E-07
 -0.1025935E+00 -0.2782994E-07
 -0.8641236E-01 -0.2815012E-07
 -0.6695271E-01 -0.2842263E-07
 -0.4589155E-01 -0.2883328E-07
 -0.2437690E-01 -0.2920228E-07
 -0.1579139E-02 -0.2967077E-07
  0.2550952E-01 -0.3013604E-07
  0.5081366E-01 -0.3058879E-07
  0.7086780E-01 -0.3105398E-07
  0.9122188E-01 -0.3135303E-07
  0.1200013E+00 -0.3164028E-07
  0.7083402E-01 -0.3098733E-07
  0.1456956E+01 -0.3119866E-07
  0.1398337E+01 -0.3122713E-07
  0.1432877E+01 -0.3114580E-07
 -0.6940434E-01 -0.3149685E-07
  0.9372072E+00 -0.3174422E-07
  0.3445777E+00 -0.3182693E-07
  0.1216836E+01 -0.3129499E-07
  0.1165539E+01 -0.3121227E-07
  0.9969956E+00 -0.3100878E-07
  0.9355596E+00 -0.3092848E-07
  0.8706282E+00 -0.3083846E-07
  0.8015575E+00 -0.3079284E-07
  0.7292457E+00 -0.3071307E-07
  0.6535643E+00 -0.3062913E-07
  0.5751953E+00 -0.3059559E-07
  0.4951137E+00 -0.3052015E-07
  0.4129785E+00 -0.3037997E-07
  0.3284042E+00 -0.3033391E-07
  0.2420178E+00 -0.3024157E-07
  0.1547386E+00 -0.3013735E-07
  0.6653690E-01 -0.3012487E-07
 -0.2205018E-01 -0.2996149E-07
 -0.1102925E+00 -0.2986812E-07
 -0.1979039E+00 -0.2980529E-07
 -0.2846264E+00 -0.2969891E-07
 -0.3703107E+00 -0.2963230E-07
 -0.4542994E+00 -0.2953295E-07
 -0.5362567E+00 -0.2946476E-07
 -0.6162103E+00 -0.2932413E-07
 -0.6933759E+00 -0.2925190E-07
 -0.7673143E+00 -0.2921239E-07
 -0.8383557E+00 -0.2912933E-07
 -0.9055747E+00 -0.2914845E-07
 -0.9685028E+00 -0.2899143E-07
 -0.1027735E+01 -0.2893967E-07
 -0.1082267E+01 -0.2897850E-07
 -0.1131620E+01 -0.2887609E-07
 -0.1176605E+01 -0.2883444E-07
 -0.1216124E+01 -0.2882313E-07
 -0.1249702E+01 -0.2877250E-07
 -0.1278537E+01 -0.2870806E-07
 -0.1303086E+01 -0.2868736E-07
 -0.1320132E+01 -0.2865782E-07
 -0.1329549E+01 -0.2865121E-07
 -0.1334872E+01 -0.2867695E-07
 -0.1334580E+01 -0.2861398E-07
 -0.1327545E+01 -0.2865669E-07
 -0.1315316E+01 -0.2871825E-07
 -0.1297959E+01 -0.2867699E-07
 -0.1276420E+01 -0.2871554E-07
 -0.1252966E+01 -0.2872800E-07
 -0.1221074E+01 -0.2877022E-07
 -0.1179176E+01 -0.2882211E-07
 -0.1133851E+01 -0.2890631E-07
 -0.1082908E+01 -0.2895816E-07
 -0.1025439E+01 -0.2892943E-07
 -0.9646702E+00 -0.2907015E-07
 -0.9003577E+00 -0.2910017E-07
 -0.8323936E+00 -0.2913137E-07
 -0.7616354E+00 -0.2917580E-07
 -0.6874125E+00 -0.2929043E-07
 -0.6098505E+00 -0.2944549E-07
 -0.5304168E+00 -0.2943304E-07
 -0.4487469E+00 -0.2961023E-07
 -0.3643158E+00 -0.2961375E-07
 -0.2780021E+00 -0.2982761E-07
 -0.1909702E+00 -0.2984888E-07
 -0.1039455E+00 -0.2997962E-07
 -0.1659746E-01 -0.2995906E-07
  0.7117928E-01 -0.3009292E-07
  0.1588762E+00 -0.3018615E-07
  0.2469140E+00 -0.3021847E-07
  0.3334669E+00 -0.3031986E-07
  0.4191328E+00 -0.3045187E-07
  0.5014087E+00 -0.3051959E-07
  0.5800619E+00 -0.3058185E-07
  0.6573700E+00 -0.3071433E-07
  0.7329294E+00 -0.3077643E-07
  0.8057788E+00 -0.3085361E-07
  0.8748472E+00 -0.3083749E-07
  0.9395886E+00 -0.3097839E-07
  0.1001092E+01 -0.3108479E-07
  0.1060201E+01 -0.3108817E-07
  0.1116695E+01 -0.3108048E-07
  0.1164631E+01 -0.3119003E-07
  0.1201774E+01 -0.3121280E-07
  0.1236707E+01 -0.3120429E-07
  0.1269419E+01 -0.3133556E-07
  0.1290512E+01 -0.3126952E-07
  0.1304562E+01 -0.3128748E-07
 -0.8601328E-01 -0.2975684E-07
 -0.4103632E-02 -0.3022443E-07
  0.1192824E+01 -0.3117978E-07
  0.1622350E+00 -0.3145463E-07
  0.1584787E+00 -0.3102380E-07
  0.7422690E+00 -0.3142019E-07
  0.1319075E+01 -0.3130822E-07
  0.9660481E+00 -0.3165857E-07
 -0.1016042E+01 -0.2894573E-07
 -0.1754432E+00 -0.2950440E-07
  0.1112974E+01 -0.3109033E-07
  0.7963929E-01 -0.3059603E-07
  0.1215338E+01 -0.3190559E-07
  0.1139964E+01 -0.3150668E-07
 -0.2919829E+00 -0.2876458E-07
 -0.3299298E+00 -0.2849007E-07
 -0.3617317E+00 -0.2824727E-07
 -0.3808585E+00 -0.2822735E-07
 -0.3818463E+00 -0.2818213E-07
 -0.3673139E+00 -0.2827175E-07
 -0.3356327E+00 -0.2847982E-07
 -0.2878523E+00 -0.2869238E-07
 -0.2278459E+00 -0.2898231E-07
 -0.1593899E+00 -0.2928251E-07
 -0.8648265E-01 -0.2963670E-07
 -0.1191726E-01 -0.3003260E-07
  0.7353114E-01 -0.3046071E-07
  0.1593219E+00 -0.3101135E-07
  0.2301041E+00 -0.3124465E-07
  0.2852530E+00 -0.3147047E-07
  0.2207872E+00 -0.3122655E-07
  0.1142057E+01 -0.3158059E-07
  0.1056371E+01 -0.3107148E-07
  0.8031887E+00 -0.3151183E-07
 -0.1054036E+01 -0.2828575E-07
 -0.2479591E+00 -0.2915660E-07
  0.6731438E+00 -0.3167024E-07
  0.9016228E+00 -0.3167789E-07
  0.1084105E+01 -0.3146739E-07
  0.6159537E+00 -0.3189010E-07
  0.7075906E+00 -0.3163320E-07
  0.1313325E+01 -0.3089056E-07
  0.1042433E+01 -0.3134675E-07
  0.1427814E+00 -0.3113756E-07
  0.8822200E+00 -0.3115258E-07
  0.8297954E+00 -0.3104882E-07
  0.6463489E+00 -0.3083212E-07
  0.5789902E+00 -0.3068937E-07
  0.5085123E+00 -0.3063987E-07
  0.4391385E+00 -0.3052234E-07
  0.3675569E+00 -0.3041608E-07
  0.2911659E+00 -0.3035139E-07
  0.2120032E+00 -0.3028288E-07
  0.1338832E+00 -0.3019170E-07
  0.5425311E-01 -0.3011344E-07
 -0.2542831E-01 -0.3001483E-07
 -0.1037677E+00 -0.2990716E-07
 -0.1813895E+00 -0.2980062E-07
 -0.2581002E+00 -0.2976672E-07
 -0.3347007E+00 -0.2967215E-07
 -0.4092567E+00 -0.2950174E-07
 -0.4812722E+00 -0.2948717E-07
 -0.5531487E+00 -0.2936375E-07
 -0.6215596E+00 -0.2933419E-07
 -0.6859193E+00 -0.2924337E-07
 -0.7500509E+00 -0.2912621E-07
 -0.8094662E+00 -0.2908788E-07
 -0.8635101E+00 -0.2906051E-07
 -0.9173219E+00 -0.2891559E-07
 -0.9653312E+00 -0.2888445E-07
 -0.1006892E+01 -0.2891013E-07
 -0.1048158E+01 -0.2882703E-07
 -0.1082720E+01 -0.2876720E-07
 -0.1110407E+01 -0.2882467E-07
 -0.1138226E+01 -0.2864688E-07
 -0.1165558E+01 -0.2856021E-07
 -0.1176382E+01 -0.2860316E-07
 -0.1176100E+01 -0.2869143E-07
 -0.1181410E+01 -0.2865564E-07
 -0.1181342E+01 -0.2865472E-07
 -0.1171999E+01 -0.2864478E-07
 -0.1162861E+01 -0.2873899E-07
 -0.1149677E+01 -0.2871006E-07
 -0.1132197E+01 -0.2879687E-07
 -0.1123265E+01 -0.2861847E-07
 -0.1098683E+01 -0.2865986E-07
 -0.1053795E+01 -0.2891486E-07
 -0.1014029E+01 -0.2882240E-07
 -0.9664980E+00 -0.2887321E-07
 -0.9090483E+00 -0.2904955E-07
 -0.8540589E+00 -0.2905156E-07
 -0.7965464E+00 -0.2910548E-07
 -0.7346553E+00 -0.2923906E-07
 -0.6725190E+00 -0.2927932E-07
 -0.6059079E+00 -0.2932895E-07
 -0.5343556E+00 -0.2946437E-07
 -0.4641098E+00 -0.2953307E-07
 -0.3921821E+00 -0.2964606E-07
 -0.3153071E+00 -0.2980030E-07
 -0.2364273E+00 -0.2992117E-07
 -0.1583576E+00 -0.2991070E-07
 -0.8223905E-01 -0.2997500E-07
 -0.5237118E-02 -0.3010167E-07
  0.7333006E-01 -0.3022679E-07
  0.1507781E+00 -0.3020508E-07
  0.2309830E+00 -0.3036094E-07
  0.3060365E+00 -0.3033454E-07
  0.3831127E+00 -0.3044896E-07
  0.4526052E+00 -0.3052812E-07
  0.5172001E+00 -0.3069061E-07
  0.5861946E+00 -0.3077870E-07
  0.6553622E+00 -0.3091384E-07
  0.7221299E+00 -0.3094338E-07
  0.7838241E+00 -0.3108511E-07
  0.8398442E+00 -0.3113767E-07
  0.8959600E+00 -0.3111104E-07
  0.9535692E+00 -0.3127928E-07
  0.1011691E+01 -0.3111479E-07
  0.1050428E+01 -0.3109668E-07
  0.1067131E+01 -0.3141982E-07
  0.1099041E+01 -0.3138319E-07
  0.1141305E+01 -0.3133324E-07
  0.9374946E+00 -0.3120072E-07
  0.9933762E+00 -0.3107699E-07
  0.1277495E+01 -0.3149200E-07
 -0.6365962E+00 -0.2887657E-07
  0.4870439E+00 -0.3188046E-07
  0.2718154E+00 -0.3131331E-07
 -0.4219177E+00 -0.3009265E-07
  0.9244087E+00 -0.3163782E-07
  0.5945408E+00 -0.3101883E-07
 -0.1441379E+00 -0.3021790E-07
  0.6909673E+00 -0.3150233E-07
  0.5338669E+00 -0.3202999E-07
 -0.4897888E+00 -0.2935741E-07
 -0.5487205E+00 -0.2915819E-07
 -0.6388234E+00 -0.2884861E-07
 -0.6150218E+00 -0.2895269E-07
 -0.5635625E+00 -0.2903563E-07
 -0.4854396E+00 -0.2931530E-07
 -0.3864495E+00 -0.2949495E-07
 -0.2721756E+00 -0.2979052E-07
 -0.1497888E+00 -0.3011675E-07
 -0.3362998E-01 -0.3034953E-07
  0.2235755E+00 -0.3109109E-07
  0.2776621E+00 -0.3178440E-07
  0.3899943E+00 -0.3149075E-07
  0.4659052E+00 -0.3167866E-07
  0.3842814E+00 -0.3188018E-07
  0.7730488E+00 -0.3088244E-07
 -0.6020501E+00 -0.2881645E-07
  0.7100778E+00 -0.3086819E-07
  0.1597960E+00 -0.3224777E-07
  0.8225143E+00 -0.3144644E-07
  0.1143496E+01 -0.3133469E-07
  0.7686903E+00 -0.3140580E-07
  0.7652444E+00 -0.3125353E-07
 -0.8638474E+00 -0.3027956E-07
  0.1373888E+01 -0.3109740E-07
  0.1814731E+00 -0.3135221E-07
 -0.7719141E+00 -0.2971405E-07
  0.4445934E+00 -0.3076324E-07
  0.7285023E+00 -0.3096673E-07
  0.5687261E+00 -0.3073076E-07
  0.5110681E+00 -0.3063972E-07
  0.3328965E+00 -0.3034953E-07
  0.2617433E+00 -0.3038821E-07
  0.1792893E+00 -0.3036190E-07
  0.1117422E+00 -0.3011253E-07
  0.4201850E-01 -0.3006727E-07
 -0.2932895E-01 -0.3010154E-07
 -0.9709585E-01 -0.2979217E-07
 -0.1626596E+00 -0.2974668E-07
 -0.2292340E+00 -0.2987023E-07
 -0.2992814E+00 -0.2950412E-07
 -0.3628630E+00 -0.2948385E-07
 -0.4237028E+00 -0.2955420E-07
 -0.4915988E+00 -0.2923942E-07
 -0.5500351E+00 -0.2914504E-07
 -0.6022238E+00 -0.2936237E-07
 -0.6645948E+00 -0.2900982E-07
 -0.7152221E+00 -0.2899773E-07
 -0.7564760E+00 -0.2909573E-07
 -0.8107906E+00 -0.2878452E-07
 -0.8516229E+00 -0.2877061E-07
 -0.8801967E+00 -0.2890431E-07
 -0.9242618E+00 -0.2867118E-07
 -0.9536205E+00 -0.2867830E-07
 -0.9710610E+00 -0.2888109E-07
 -0.1007282E+01 -0.2856262E-07
 -0.1031385E+01 -0.2857337E-07
 -0.1028975E+01 -0.2854379E-07
 -0.1030867E+01 -0.2855959E-07
 -0.1012135E+01 -0.2874114E-07
 -0.1014101E+01 -0.2852609E-07
 -0.1007064E+01 -0.2861548E-07
 -0.9891611E+00 -0.2918763E-07
 -0.9408339E+00 -0.2943695E-07
 -0.8586974E+00 -0.2911776E-07
 -0.7910612E+00 -0.2918854E-07
 -0.7486033E+00 -0.2897408E-07
 -0.7017372E+00 -0.2910670E-07
 -0.6427183E+00 -0.2925456E-07
 -0.5930948E+00 -0.2916372E-07
 -0.5335062E+00 -0.2926421E-07
 -0.4548740E+00 -0.2957672E-07
 -0.3949696E+00 -0.2937365E-07
 -0.3422287E+00 -0.2960590E-07
 -0.2714598E+00 -0.2988283E-07
 -0.1961750E+00 -0.2994149E-07
 -0.1250402E+00 -0.3004037E-07
 -0.6195171E-01 -0.2991211E-07
  0.2770833E-02 -0.3003640E-07
  0.7604415E-01 -0.3042658E-07
  0.1118385E+01 -0.3152503E-07
  0.3887884E+00 -0.3055326E-07
  0.4417786E+00 -0.3085053E-07
  0.5102350E+00 -0.3102397E-07
  0.5781687E+00 -0.3095324E-07
  0.6419663E+00 -0.3088731E-07
  0.6958050E+00 -0.3096099E-07
  0.7393274E+00 -0.3121703E-07
  0.7911645E+00 -0.3126760E-07
  0.8545998E+00 -0.3147658E-07
  0.4819459E-01 -0.2982994E-07
  0.6822838E+00 -0.3084831E-07
 -0.8548530E+00 -0.2975295E-07
  0.6374594E+00 -0.3230692E-07
  0.3649994E+00 -0.3182288E-07
 -0.5544186E+00 -0.2986528E-07
  0.6313457E+00 -0.3172270E-07
 -0.8195919E+00 -0.2950305E-07
 -0.8270093E+00 -0.2993067E-07
  0.5571997E+00 -0.3169761E-07
  0.6205648E+00 -0.3099829E-07
 -0.7511668E+00 -0.2988951E-07
 -0.6470661E+00 -0.3008817E-07
 -0.5157499E+00 -0.3031842E-07
 -0.3635070E+00 -0.3047291E-07
 -0.1989051E+00 -0.3071370E-07
 -0.4020051E-01 -0.3052507E-07
  0.4521794E+00 -0.3124991E-07
  0.3819475E+00 -0.3200696E-07
  0.5265862E+00 -0.3196719E-07
  0.4285339E+00 -0.3193239E-07
 -0.1724455E+00 -0.3034064E-07
  0.3884412E+00 -0.3037155E-07
 -0.2969861E-01 -0.3078195E-07
 -0.8342855E-01 -0.3053265E-07
  0.2013579E+00 -0.3077928E-07
  0.6233672E-01 -0.3061309E-07
 -0.6623651E+00 -0.2985025E-07
  0.5052881E+00 -0.3199292E-07
 -0.8859813E+00 -0.2857716E-07
  0.4468010E+00 -0.3229532E-07
  0.2548183E+00 -0.3175324E-07
  0.9014360E+00 -0.3147791E-07
  0.1046525E+01 -0.3168989E-07
  0.5153503E+00 -0.3279108E-07
 -0.3283800E+00 -0.3164946E-07
 -0.5002968E+00 -0.3274506E-07
  0.1847171E+00 -0.3057907E-07
  0.8165947E-01 -0.3088067E-07
  0.8834589E+00 -0.3087528E-07
 -0.3936051E+00 -0.2947779E-07
  0.1014193E+01 -0.3171673E-07
 -0.2695524E+00 -0.3030145E-07
 -0.1763660E-01 -0.3000181E-07
 -0.9114974E+00 -0.2855021E-07
  0.1379959E+00 -0.2997550E-07
 -0.8904608E+00 -0.2847745E-07
 -0.3099166E+00 -0.3024741E-07
  0.8925115E+00 -0.3187078E-07
 -0.5062714E+00 -0.2933264E-07
  0.3161165E+00 -0.3039431E-07
 -0.8766875E+00 -0.2857992E-07
  0.4714974E+00 -0.3066324E-07
 -0.8206052E+00 -0.2868113E-07
 -0.6341329E+00 -0.2915655E-07
  0.6159537E+00 -0.3104809E-07
  0.5898805E+00 -0.3095801E-07
 -0.7280291E+00 -0.2881152E-07
 -0.6050345E+00 -0.2896241E-07
 -0.4572513E+00 -0.2923020E-07
 -0.2912913E+00 -0.2953237E-07
 -0.1175366E+00 -0.2979275E-07
  0.5151047E-01 -0.3049218E-07
  0.2965262E+00 -0.3063650E-07
  0.9415404E+00 -0.3125614E-07
 -0.1004215E+01 -0.2874508E-07
 -0.2429004E+00 -0.2948597E-07
  0.2567928E+00 -0.3032932E-07
  0.4392647E+00 -0.3040444E-07
 -0.7309141E+00 -0.2856778E-07
 -0.1193147E+01 -0.1203545E-07
 -0.1354213E+01 -0.4354957E-08
 -0.1576808E+01 -0.2215381E-08
 -0.1801120E+01 -0.1492084E-08
 -0.2020658E+01 -0.1327878E-08
 -0.2234699E+01 -0.1390276E-08
 -0.2443307E+01 -0.1552892E-08
 -0.2646791E+01 -0.1743419E-08
 -0.2845308E+01 -0.1936073E-08
 -0.3038965E+01 -0.2114061E-08
 -0.3227688E+01 -0.2271541E-08
 -0.3411434E+01 -0.2402935E-08
 -0.3590192E+01 -0.2512638E-08
 -0.3764160E+01 -0.2606486E-08
 -0.3934262E+01 -0.2679220E-08
 -0.4102492E+01 -0.2736135E-08
 -0.4273421E+01 -0.2779965E-08
 -0.4456683E+01 -0.2820375E-08
 -0.4673557E+01 -0.2871626E-08
 -0.4974941E+01 -0.2963342E-08
 -0.4757480E+01 -0.2833196E-08
 -0.4332109E+01 -0.2553973E-08
 -0.3717396E+01 -0.2135755E-08
 -0.2940190E+01 -0.1599143E-08
 -0.2034444E+01 -0.9650798E-09
 -0.1039723E+01 -0.2652657E-09
  0.3853515E-03  0.4736540E-09
  0.1040346E+01  0.1214257E-08
  0.2034835E+01  0.1933696E-08
  0.2940440E+01  0.2592522E-08
  0.3717571E+01  0.3161319E-08
  0.4332235E+01  0.3619429E-08
  0.4757577E+01  0.3946379E-08
  0.4974998E+01  0.4123469E-08
  0.4974972E+01  0.4148760E-08
  0.4757530E+01  0.4018033E-08
  0.4332163E+01  0.3735346E-08
  0.3717454E+01  0.3318394E-08
  0.2940275E+01  0.2782555E-08
  0.2034598E+01  0.2148796E-08
  0.1039993E+01  0.1450525E-08
 -0.6201425E-04  0.7092704E-09
 -0.1040112E+01 -0.3161593E-10
 -0.2034697E+01 -0.7493005E-09
 -0.2940351E+01 -0.1405556E-08
 -0.3717492E+01 -0.1976679E-08
 -0.4332155E+01 -0.2434556E-08
 -0.4757495E+01 -0.2761469E-08
 -0.4974928E+01 -0.2939015E-08
 -0.4673508E+01 -0.2851765E-08
 -0.4456633E+01 -0.2796422E-08
 -0.4273383E+01 -0.2755364E-08
 -0.4102458E+01 -0.2710420E-08
 -0.3934224E+01 -0.2653657E-08
 -0.3764138E+01 -0.2581255E-08
 -0.3590122E+01 -0.2488147E-08
 -0.3411375E+01 -0.2379459E-08
 -0.3227628E+01 -0.2247250E-08
 -0.3038887E+01 -0.2088972E-08
 -0.2845261E+01 -0.1913966E-08
 -0.2646747E+01 -0.1723579E-08
 -0.2443277E+01 -0.1525932E-08
 -0.2234693E+01 -0.1372093E-08
 -0.2020656E+01 -0.1298446E-08
 -0.1801107E+01 -0.1471121E-08
 -0.1576782E+01 -0.2195154E-08
 -0.1354047E+01 -0.4333578E-08
 -0.1191572E+01 -0.1199384E-07
 -0.1139401E+01 -0.1173155E-07
 -0.1038113E+01 -0.1126237E-07
 -0.8911591E+00 -0.1058596E-07
 -0.7048970E+00 -0.9738779E-08
 -0.4877432E+00 -0.8778258E-08
 -0.2493584E+00 -0.7704606E-08
 -0.1357931E-03 -0.6604802E-08
  0.2490475E+00 -0.5509122E-08
  0.4873634E+00 -0.4473466E-08
  0.7043681E+00 -0.3562595E-08
  0.8905895E+00 -0.2748338E-08
  0.1037819E+01 -0.2128087E-08
  0.1139678E+01 -0.1723511E-08
  0.1191755E+01 -0.1535715E-08
  0.1191793E+01 -0.1584312E-08
  0.1139724E+01 -0.1844400E-08
  0.1037776E+01 -0.2329489E-08
  0.8903936E+00 -0.2980063E-08
  0.7041144E+00 -0.3820336E-08
  0.4870919E+00 -0.4789717E-08
  0.2488451E+00 -0.5858019E-08
 -0.3811022E-03 -0.6954453E-08
 -0.2496773E+00 -0.8040407E-08
 -0.4882117E+00 -0.9089914E-08
 -0.7053355E+00 -0.1001154E-07
 -0.8903880E+00 -0.1078995E-07
 -0.1032157E+01 -0.1137606E-07
 -0.1136895E+01 -0.1182244E-07
 -0.1722316E+01 -0.1342783E-08
 -0.1932291E+01 -0.1177289E-08
 -0.2136945E+01 -0.1242938E-08
 -0.2336444E+01 -0.1413959E-08
 -0.2531039E+01 -0.1605191E-08
 -0.2720883E+01 -0.1797299E-08
 -0.2906070E+01 -0.1978341E-08
 -0.3086544E+01 -0.2137577E-08
 -0.3262233E+01 -0.2269052E-08
 -0.3433131E+01 -0.2384454E-08
 -0.3599497E+01 -0.2470988E-08
 -0.3762138E+01 -0.2544524E-08
 -0.3923036E+01 -0.2600966E-08
 -0.4086538E+01 -0.2652888E-08
 -0.4261830E+01 -0.2695344E-08
 -0.4469258E+01 -0.2746203E-08
 -0.4069561E+01 -0.2469521E-08
 -0.3491987E+01 -0.2058211E-08
 -0.2761576E+01 -0.1527799E-08
 -0.1909896E+01 -0.9062474E-09
 -0.9746318E+00 -0.2179104E-09
  0.2597527E-02  0.5024357E-09
  0.9788675E+00  0.1232130E-08
  0.1912411E+01  0.1935207E-08
  0.2762734E+01  0.2580060E-08
  0.3492593E+01  0.3139449E-08
  0.4069952E+01  0.3591019E-08
  0.4469462E+01  0.3910427E-08
  0.4673678E+01  0.4086607E-08
  0.4673636E+01  0.4112306E-08
  0.4469344E+01  0.3982469E-08
  0.4069709E+01  0.3708049E-08
  0.3492207E+01  0.3298462E-08
  0.2762089E+01  0.2769118E-08
  0.1911256E+01  0.2148035E-08
  0.9768890E+00  0.1461794E-08
 -0.1673078E-03  0.7347776E-09
 -0.9772123E+00  0.5347556E-11
 -0.1911536E+01 -0.6972812E-09
 -0.2762305E+01 -0.1342698E-08
 -0.3492337E+01 -0.1903701E-08
 -0.4069749E+01 -0.2354250E-08
 -0.4469289E+01 -0.2673960E-08
 -0.4261907E+01 -0.2623007E-08
 -0.4086678E+01 -0.2578584E-08
 -0.3923230E+01 -0.2533094E-08
 -0.3762350E+01 -0.2474365E-08
 -0.3599677E+01 -0.2398041E-08
 -0.3433243E+01 -0.2304529E-08
 -0.3262269E+01 -0.2195294E-08
 -0.3086545E+01 -0.2057528E-08
 -0.2906075E+01 -0.1901981E-08
 -0.2720917E+01 -0.1725426E-08
 -0.2531072E+01 -0.1526985E-08
 -0.2336499E+01 -0.1331773E-08
 -0.2137029E+01 -0.1170684E-08
 -0.1932343E+01 -0.1098215E-08
 -0.1722399E+01 -0.1272468E-08
 -0.1507818E+01 -0.1983129E-08
 -0.1294662E+01 -0.4115751E-08
 -0.1178865E+01 -0.3710332E-08
 -0.1011601E+01 -0.3141873E-08
 -0.8001356E+00 -0.2429402E-08
 -0.5536875E+00 -0.1608526E-08
 -0.2830793E+00 -0.7131782E-09
 -0.1617019E-03  0.2144023E-09
  0.2827298E+00  0.1138067E-08
  0.5532509E+00  0.2011178E-08
  0.7996043E+00  0.2800885E-08
  0.1011016E+01  0.3468686E-08
  0.1178226E+01  0.3989499E-08
  0.1293908E+01  0.4334728E-08
  0.1353055E+01  0.4501267E-08
  0.1353074E+01  0.4467730E-08
  0.1293932E+01  0.4249566E-08
  0.1178215E+01  0.3845819E-08
  0.1010965E+01  0.3273915E-08
  0.7995517E+00  0.2561161E-08
  0.5531991E+00  0.1743970E-08
  0.2826662E+00  0.8490413E-09
 -0.2465880E-03 -0.7581970E-10
 -0.2832190E+00 -0.9971448E-09
 -0.5539049E+00 -0.1871121E-08
 -0.8003670E+00 -0.2656191E-08
 -0.1011650E+01 -0.3320105E-08
 -0.1178439E+01 -0.3834521E-08
 -0.1294472E+01 -0.4189264E-08
 -0.1507728E+01 -0.2063198E-08
 -0.1759448E+01 -0.8607667E-09
 -0.2304600E+01 -0.1300136E-08
 -0.2477462E+01 -0.1497666E-08
 -0.2646062E+01 -0.1679794E-08
 -0.2810356E+01 -0.1840025E-08
 -0.2970252E+01 -0.1979660E-08
 -0.3125635E+01 -0.2093961E-08
 -0.3276829E+01 -0.2189231E-08
 -0.3424797E+01 -0.2263324E-08
 -0.3571530E+01 -0.2321023E-08
 -0.3720701E+01 -0.2370842E-08
 -0.3880551E+01 -0.2418557E-08
 -0.3329264E+01 -0.2004759E-08
 -0.1816888E+01 -0.8550254E-09
 -0.2631379E+01 -0.1472285E-08
 -0.9238132E+00 -0.1663833E-09
  0.8089833E-02  0.5506269E-09
  0.9374624E+00  0.1273825E-08
  0.1825773E+01  0.1975256E-08
  0.2635493E+01  0.2621661E-08
  0.3330948E+01  0.3183348E-08
  0.3881289E+01  0.3627965E-08
  0.4262202E+01  0.3948460E-08
  0.4456902E+01  0.4124976E-08
  0.4456818E+01  0.4149967E-08
  0.4261980E+01  0.4024407E-08
  0.3880872E+01  0.3749627E-08
  0.3330156E+01  0.3337918E-08
  0.2633892E+01  0.2811284E-08
  0.1822517E+01  0.2191745E-08
  0.9314902E+00  0.1503441E-08
 -0.2298473E-03  0.7812130E-09
 -0.9319314E+00  0.5223810E-10
 -0.1822892E+01 -0.6500764E-09
 -0.2634171E+01 -0.1294857E-08
 -0.3330325E+01 -0.1856712E-08
 -0.3880920E+01 -0.2304313E-08
 -0.3721355E+01 -0.2259374E-08
 -0.3425998E+01 -0.2147841E-08
 -0.3572510E+01 -0.2208416E-08
 -0.3277855E+01 -0.2068640E-08
 -0.3126280E+01 -0.1974070E-08
 -0.2970572E+01 -0.1861635E-08
 -0.2810549E+01 -0.1720168E-08
 -0.2646213E+01 -0.1561412E-08
 -0.2477596E+01 -0.1376468E-08
 -0.2304741E+01 -0.1181168E-08
 -0.2127564E+01 -0.9800137E-09
 -0.1945943E+01 -0.8176250E-09
 -0.1759573E+01 -0.7443505E-09
 -0.1568408E+01 -0.9034743E-09
 -0.1372988E+01 -0.1605253E-08
 -0.1178195E+01 -0.1072693E-08
 -0.6448812E+00  0.3729556E-09
 -0.9319040E+00 -0.3995271E-09
 -0.3297049E+00  0.1213023E-08
 -0.1581370E-03  0.2090549E-08
  0.3293642E+00  0.2957665E-08
  0.6444750E+00  0.3777468E-08
  0.9314342E+00  0.4514853E-08
  0.1177663E+01  0.5148574E-08
  0.1372450E+01  0.5642127E-08
  0.1507226E+01  0.5970352E-08
  0.1576117E+01  0.6126312E-08
  0.1576123E+01  0.6094836E-08
  0.1507245E+01  0.5882738E-08
  0.1372481E+01  0.5507876E-08
  0.1177729E+01  0.4969488E-08
  0.9314784E+00  0.4295316E-08
  0.6445446E+00  0.3532554E-08
  0.3294144E+00  0.2686175E-08
 -0.1238830E-03  0.1816052E-08
 -0.3296919E+00  0.9516224E-09
 -0.6448723E+00  0.1298935E-09
 -0.9318622E+00 -0.6079989E-09
 -0.1178089E+01 -0.1237785E-08
 -0.1372813E+01 -0.1732039E-08
 -0.1945772E+01 -0.9445318E-09
 -0.2127425E+01 -0.1109039E-08
 -0.1568248E+01 -0.1022633E-08
 -0.2270347E+01 -0.1245474E-08
 -0.2125691E+01 -0.1056634E-08
 -0.2547990E+01 -0.1549712E-08
 -0.2680465E+01 -0.1669668E-08
 -0.2809087E+01 -0.1764612E-08
 -0.2935417E+01 -0.1846164E-08
 -0.3061649E+01 -0.1907117E-08
 -0.3190948E+01 -0.1953604E-08
  0.1427161E-01  0.6234029E-09
  0.9037893E+00  0.1338944E-08
 -0.1736467E+01 -0.8005129E-09
 -0.8795742E+00 -0.1081557E-09
 -0.2519158E+01 -0.1425785E-08
  0.1753583E+01  0.2048542E-08
  0.2528503E+01  0.2693108E-08
  0.3194597E+01  0.3253062E-08
  0.3721969E+01  0.3708696E-08
  0.4087104E+01  0.4027846E-08
  0.4273756E+01  0.4206582E-08
  0.4273654E+01  0.4226885E-08
  0.4086815E+01  0.4097440E-08
  0.3721341E+01  0.3821688E-08
  0.3193249E+01  0.3412186E-08
  0.2525592E+01  0.2882660E-08
  0.1747563E+01  0.2259416E-08
  0.8931771E+00  0.1569323E-08
 -0.2329405E-03  0.8403459E-09
 -0.8936192E+00  0.1062289E-09
 -0.1747940E+01 -0.5977169E-09
 -0.2525863E+01 -0.1246865E-08
 -0.3193404E+01 -0.1810015E-08
 -0.2682627E+01 -0.1508034E-08
 -0.2548995E+01 -0.1387720E-08
 -0.2939909E+01 -0.1691531E-08
 -0.2812739E+01 -0.1606955E-08
 -0.3065664E+01 -0.1753779E-08
 -0.2411660E+01 -0.1246647E-08
 -0.2270632E+01 -0.1080277E-08
 -0.2125943E+01 -0.8914070E-09
 -0.1977627E+01 -0.6878996E-09
 -0.1825616E+01 -0.4830480E-09
 -0.1669789E+01 -0.3156019E-09
 -0.1509903E+01 -0.2286868E-09
 -0.1345878E+01 -0.3831047E-09
 -0.1259377E-03  0.2679025E-08
  0.3763094E+00  0.3521382E-08
 -0.7366313E+00  0.1014321E-08
 -0.3765892E+00  0.1833753E-08
 -0.1064514E+01  0.2653280E-09
  0.7362953E+00  0.4319648E-08
  0.1064097E+01  0.5034490E-08
  0.1345400E+01  0.5648630E-08
  0.1567895E+01  0.6122555E-08
  0.1721880E+01  0.6444387E-08
  0.1800584E+01  0.6592753E-08
  0.1800608E+01  0.6554699E-08
  0.1721936E+01  0.6360283E-08
  0.1567990E+01  0.5990347E-08
  0.1345511E+01  0.5464624E-08
  0.1064230E+01  0.4823426E-08
  0.7364323E+00  0.4071769E-08
  0.3764408E+00  0.3260443E-08
 -0.1475525E-04  0.2417102E-08
 -0.3764781E+00  0.1575203E-08
 -0.7365090E+00  0.7833436E-09
 -0.1064362E+01  0.6086687E-10
 -0.1345701E+01 -0.5485016E-09
 -0.1669582E+01 -0.4816201E-09
 -0.1825396E+01 -0.6545857E-09
 -0.2411164E+01 -0.1404728E-08
 -0.1509725E+01 -0.3982221E-09
 -0.1977392E+01 -0.8567351E-09
 -0.2015103E+01 -0.9933739E-09
 -0.2118850E+01 -0.1116604E-08
 -0.2415310E+01 -0.1374247E-08
  0.1684309E+01  0.2138964E-08
  0.2427993E+01  0.2787291E-08
  0.8679751E+00  0.1437853E-08
  0.1317758E-01  0.6931702E-09
 -0.1664848E+01 -0.7490101E-09
 -0.8444064E+00 -0.4522593E-10
 -0.1681329E+01 -0.2916440E-09
  0.3573380E+01  0.3805809E-08
  0.3923792E+01  0.4130441E-08
  0.4102929E+01  0.4313304E-08
  0.4102818E+01  0.4336429E-08
  0.3923421E+01  0.4202413E-08
  0.3572568E+01  0.3920324E-08
  0.3065573E+01  0.3507967E-08
  0.2424613E+01  0.2979412E-08
  0.1677698E+01  0.2346285E-08
  0.8574888E+00  0.1650367E-08
 -0.1708366E-03  0.9149913E-09
 -0.8578235E+00  0.1771599E-09
 -0.1677977E+01 -0.5348982E-09
 -0.2424805E+01 -0.1187847E-08
 -0.1907307E+01 -0.6504831E-09
 -0.1795749E+01 -0.4796182E-09
 -0.2015959E+01 -0.7973898E-09
 -0.2121724E+01 -0.9247136E-09
 -0.2325306E+01 -0.1114985E-08
 -0.2224682E+01 -0.1029358E-08
  0.1509453E+01  0.5666434E-08
 -0.1564054E+01 -0.7969359E-10
 -0.1443860E+01  0.1310245E-09
 -0.1320651E+01  0.3074878E-09
 -0.1194233E+01  0.4015244E-09
  0.8261093E+00  0.4366305E-08
  0.1193876E+01  0.5073830E-08
  0.4222517E+00  0.3587479E-08
 -0.7382505E-04  0.2765004E-08
 -0.8263743E+00  0.1134889E-08
 -0.4224282E+00  0.1935341E-08
  0.1759072E+01  0.6137597E-08
  0.1931817E+01  0.6446826E-08
  0.2020127E+01  0.6595405E-08
  0.2020151E+01  0.6563881E-08
  0.1931879E+01  0.6372082E-08
  0.1759191E+01  0.6010326E-08
  0.1509595E+01  0.5495531E-08
  0.1194041E+01  0.4867911E-08
  0.8262970E+00  0.4127071E-08
  0.4224415E+00  0.3336214E-08
  0.1122905E-03  0.2502766E-08
 -0.4222617E+00  0.1682635E-08
 -0.8261850E+00  0.9010925E-09
 -0.1194030E+01  0.1996889E-09
 -0.1563870E+01 -0.2809311E-09
 -0.1907424E+01 -0.8442196E-09
 -0.1443635E+01 -0.7238699E-10
  0.3067222E+01  0.3353008E-08
 -0.1320434E+01  0.1072678E-09
 -0.1681246E+01 -0.4843571E-09
 -0.2316424E+01 -0.1312107E-08
 -0.2218800E+01 -0.1223244E-08
 -0.1795846E+01 -0.6768398E-09
 -0.1397739E+01 -0.3347103E-09
 -0.1469025E+01 -0.4748115E-09
 -0.8163015E+00  0.2533657E-10
  0.1611586E+01  0.2240550E-08
  0.2327225E+01  0.2903621E-08
 -0.1600058E+01 -0.6672898E-09
  0.8256215E+00  0.1522818E-08
  0.4254571E-02  0.7732611E-09
 -0.9990158E+00  0.8383445E-09
  0.3426929E+01  0.3924288E-08
 -0.1394836E+01 -0.1216540E-09
  0.3934766E+01  0.4433996E-08
  0.3762954E+01  0.4254027E-08
  0.3762597E+01  0.4325372E-08
  0.3426131E+01  0.4046141E-08
  0.2939915E+01  0.3626332E-08
  0.2325241E+01  0.3085887E-08
  0.1608966E+01  0.2450499E-08
  0.8224105E+00  0.1749037E-08
 -0.6402435E-04  0.1006624E-08
 -0.8225421E+00  0.2598015E-09
 -0.1609080E+01 -0.4574997E-09
 -0.1539397E+01 -0.3649374E-09
  0.1669306E+01  0.5492307E-08
 -0.1242397E+01  0.2102865E-09
 -0.1319607E+01  0.3405565E-10
 -0.1468085E+01 -0.2552270E-09
  0.2136400E+01  0.6263273E-08
 -0.9138109E+00  0.1032063E-08
  0.4670742E+00  0.3443817E-08
 -0.1082130E+01  0.6274647E-09
 -0.4670687E+00  0.1818041E-08
  0.2234063E+01  0.6405703E-08
  0.1320339E+01  0.4903132E-08
  0.9136749E+00  0.4210341E-08
  0.3305669E-04  0.2630371E-08
  0.1945361E+01  0.5951884E-08
  0.2234090E+01  0.6388643E-08
  0.2136478E+01  0.6179008E-08
  0.1945502E+01  0.5823176E-08
  0.1669505E+01  0.5331254E-08
  0.1320551E+01  0.4706035E-08
  0.9138831E+00  0.3976871E-08
  0.4672632E+00  0.3192915E-08
  0.2060239E-03  0.2376726E-08
 -0.4668920E+00  0.1567750E-08
 -0.9136091E+00  0.8040433E-09
 -0.1163821E+01  0.1830310E-09
 -0.1322183E+01 -0.1876419E-09
  0.2941155E+01  0.3468111E-08
 -0.9988717E+00  0.6088343E-09
 -0.1536029E+01 -0.5835573E-09
 -0.1243927E+01 -0.1278688E-10
 -0.1082178E+01  0.3950390E-09
  0.3934640E+01  0.4456922E-08
 -0.1163237E+01  0.4067953E-09
 -0.7568755E+00  0.2416093E-09
 -0.4605742E-02  0.8733034E-09
  0.2224226E+01  0.3021151E-08
 -0.7128034E+00  0.6185206E-09
  0.3764532E+01  0.4597150E-08
  0.3278565E+01  0.4061827E-08
 -0.5105472E+00  0.1618518E-08
  0.2812850E+01  0.3757387E-08
 -0.7503247E+00  0.4784430E-09
 -0.5943646E+00  0.1167382E-08
  0.3600263E+01  0.4394260E-08
  0.3278018E+01  0.4177258E-08
  0.1539490E+01  0.2575014E-08
  0.7869659E+00  0.1862683E-08
  0.6066751E-04  0.1114198E-08
 -0.7868518E+00  0.3624718E-09
  0.2442634E+01  0.6123268E-08
 -0.6348143E+00  0.9615895E-09
  0.9990957E+00  0.3985197E-08
  0.1825213E+01  0.5254051E-08
 -0.6742954E+00  0.7822764E-09
  0.2127128E+01  0.5577543E-08
  0.2442607E+01  0.6161285E-08
  0.2126988E+01  0.5702153E-08
  0.2335931E+01  0.5929730E-08
  0.5108067E+00  0.3223124E-08
  0.1443695E+01  0.4673268E-08
 -0.5529609E+00  0.1390313E-08
  0.2224770E+01  0.3211915E-08
  0.3599934E+01  0.4464955E-08
  0.1825371E+01  0.5080911E-08
  0.1443834E+01  0.4468050E-08
  0.9991848E+00  0.3753827E-08
  0.5108150E+00  0.2981197E-08
  0.1320385E-03  0.2174532E-08
 -0.5105348E+00  0.1372680E-08
 -0.5534253E+00  0.1152142E-08
 -0.6797101E+00  0.5357795E-09
 -0.6380308E+00  0.7242843E-09
 -0.7201645E+00  0.3737488E-09
  0.3764647E+01  0.4575467E-08
  0.2335832E+01  0.6006543E-08
 -0.7884444E+00  0.1235427E-09
  0.1536982E+01  0.2352102E-08
 -0.5958570E+00  0.9286836E-09
  0.1661494E-03  0.2425433E-08
  0.2813162E+01  0.3596617E-08
  0.3590398E+01  0.4757022E-08
  0.1563961E+01  0.4209584E-08
  0.1977385E+01  0.4818122E-08
  0.1082111E+01  0.3512151E-08
  0.2682807E+01  0.3910641E-08
  0.2646138E+01  0.5850276E-08
  0.3985724E-03  0.1958742E-08
  0.3433692E+01  0.4549003E-08
  0.3126425E+01  0.4336763E-08
 -0.8712887E-02  0.9925056E-09
  0.1468400E+01  0.2711548E-08
  0.7506959E+00  0.1997254E-08
  0.1977341E+01  0.4990699E-08
  0.4289901E-03  0.1747556E-08
  0.2304335E+01  0.5310166E-08
  0.2304230E+01  0.5434107E-08
  0.1082432E+01  0.3734119E-08
  0.2530550E+01  0.5660601E-08
  0.4033403E-03  0.1555667E-08
  0.2530460E+01  0.5733776E-08
  0.5534765E+00  0.2981292E-08
  0.7432837E+00  0.1752436E-08
  0.1949654E-03  0.1241244E-08
  0.2646117E+01  0.5877705E-08
  0.1564069E+01  0.4414020E-08
  0.3041720E-03  0.2193839E-08
  0.5528492E+00  0.2737301E-08
 -0.4176464E-03  0.1937948E-08
  0.3590500E+01  0.4732883E-08
 -0.3723054E-02  0.1495197E-08
 -0.8410905E-02  0.1133782E-08
 -0.6202061E-02  0.1303247E-08
  0.2119718E+01  0.3160913E-08
  0.3212624E-03  0.1387004E-08
  0.2682415E+01  0.3745870E-08
  0.3126673E+01  0.4212815E-08
  0.2121951E+01  0.3356862E-08
 -0.1650743E-02  0.1710088E-08
  0.1463515E+01  0.2489652E-08
  0.3433423E+01  0.4623764E-08
  0.5931660E+00  0.2501498E-08
  0.2477223E+01  0.5172573E-08
  0.1390399E+01  0.2642674E-08
  0.2549170E+01  0.4080936E-08
  0.6356072E+00  0.2524046E-08
  0.2016287E+01  0.3525863E-08
  0.2970696E+01  0.4392356E-08
  0.2548407E+01  0.3911386E-08
  0.1395343E+01  0.2874424E-08
  0.7134045E+00  0.2147869E-08
  0.2125808E+01  0.4730459E-08
  0.1680887E+01  0.3953460E-08
  0.2720420E+01  0.5476121E-08
  0.2477250E+01  0.5053467E-08
  0.3411539E+01  0.4913569E-08
  0.1163729E+01  0.3485110E-08
  0.2720494E+01  0.5394332E-08
  0.1681514E+01  0.4159018E-08
  0.5950826E+00  0.2746071E-08
  0.3262300E+01  0.4804043E-08
  0.7060606E+00  0.1905258E-08
  0.2844769E+01  0.5609923E-08
  0.2013752E+01  0.3323952E-08
  0.2125622E+01  0.4565692E-08
  0.2970642E+01  0.4516918E-08
  0.3411449E+01  0.4939557E-08
  0.6750476E+00  0.2323411E-08
  0.2844787E+01  0.5581070E-08
  0.6693231E+00  0.2079997E-08
  0.3262475E+01  0.4725810E-08
  0.1162463E+01  0.3262470E-08
  0.6318374E+00  0.2275420E-08
  0.2645998E+01  0.4926648E-08
  0.2270139E+01  0.4325671E-08
  0.1240416E+01  0.3035181E-08
  0.3086423E+01  0.5002221E-08
  0.1907645E+01  0.3712946E-08
  0.2810441E+01  0.4591379E-08
  0.7827024E+00  0.1631028E-08
  0.1794688E+01  0.3721336E-08
  0.2905770E+01  0.5227357E-08
  0.2645956E+01  0.4807217E-08
  0.1320191E+01  0.3052680E-08
  0.1316224E+01  0.2828891E-08
  0.3086515E+01  0.4922415E-08
  0.2905839E+01  0.5151982E-08
  0.1242989E+01  0.3260933E-08
  0.2411772E+01  0.4275922E-08
  0.3038595E+01  0.5363991E-08
  0.3227579E+01  0.5111166E-08
  0.2270636E+01  0.4496511E-08
  0.1796054E+01  0.3925458E-08
  0.3038631E+01  0.5337297E-08
  0.3227511E+01  0.5136391E-08
  0.2810468E+01  0.4712104E-08
  0.1905569E+01  0.3512365E-08
  0.2411027E+01  0.4112072E-08
 -0.1354656E+01  0.3874278E-07
 -0.1511412E+01  0.4190397E-07
 -0.1176984E+01  0.3682156E-07
 -0.1319671E+01  0.3876914E-07
 -0.1305917E+01  0.3967427E-07
 -0.1277121E+01  0.3974787E-07
 -0.1239400E+01  0.4001294E-07
 -0.1196000E+01  0.3995711E-07
 -0.1147228E+01  0.4000794E-07
 -0.1093408E+01  0.4008558E-07
 -0.1034779E+01  0.4019311E-07
 -0.9716199E+00  0.4033610E-07
 -0.9042013E+00  0.4042161E-07
 -0.8328311E+00  0.4051372E-07
 -0.7578390E+00  0.4064952E-07
 -0.6795349E+00  0.4086364E-07
 -0.5982563E+00  0.4095414E-07
 -0.5143766E+00  0.4105724E-07
 -0.4282436E+00  0.4124945E-07
 -0.3402325E+00  0.4130540E-07
 -0.2507251E+00  0.4151136E-07
 -0.1601438E+00  0.4171220E-07
 -0.6900805E-01  0.4173005E-07
  0.6699929E-01  0.4108167E-07
 -0.1338223E+01  0.3882841E-07
  0.3327604E+00  0.4146850E-07
 -0.1415264E+01  0.4206288E-07
  0.5853752E+00  0.4208261E-07
 -0.1268069E+01  0.3896396E-07
  0.8150665E+00  0.4240155E-07
 -0.1262995E+01  0.4222970E-07
  0.1012791E+01  0.4273297E-07
 -0.1147619E+01  0.3909372E-07
  0.1170825E+01  0.4300073E-07
 -0.1061761E+01  0.4248544E-07
  0.1282828E+01  0.4318601E-07
 -0.9824070E+00  0.3938822E-07
  0.1344352E+01  0.4330597E-07
 -0.8190625E+00  0.4296396E-07
  0.1353211E+01  0.4332628E-07
 -0.7789292E+00  0.3978342E-07
  0.1309038E+01  0.4325678E-07
 -0.5442303E+00  0.4334303E-07
  0.1213416E+01  0.4313925E-07
 -0.5448470E+00  0.4026715E-07
  0.1070163E+01  0.4286913E-07
 -0.2480384E+00  0.4375886E-07
  0.8849435E+00  0.4259935E-07
 -0.2893199E+00  0.4063525E-07
  0.6650331E+00  0.4222567E-07
  0.5786302E-01  0.4414140E-07
  0.4190295E+00  0.4186996E-07
 -0.2247078E-01  0.4109651E-07
  0.1565728E+00  0.4136726E-07
  0.3615056E+00  0.4462674E-07
 -0.1120188E+00  0.4093497E-07
  0.2452709E+00  0.4146951E-07
 -0.3762324E+00  0.4046234E-07
  0.6509640E+00  0.4501931E-07
 -0.6256592E+00  0.4005484E-07
  0.5033824E+00  0.4195496E-07
 -0.8504959E+00  0.3970681E-07
  0.9149182E+00  0.4538319E-07
 -0.1042015E+01  0.3932879E-07
  0.7417373E+00  0.4240113E-07
 -0.1192965E+01  0.3908409E-07
  0.1143022E+01  0.4570727E-07
 -0.1297203E+01  0.3884796E-07
  0.9509952E+00  0.4281966E-07
 -0.1349713E+01  0.3878169E-07
 -0.1355274E+01  0.3865109E-07
 -0.6988106E-02  0.4374998E-07
  0.1326323E+01  0.4595427E-07
  0.3651474E+00  0.3989666E-07
  0.1122977E+01  0.4305533E-07
  0.5900279E+00  0.4037713E-07
  0.1457593E+01  0.4628149E-07
  0.7917672E+00  0.4075174E-07
  0.1250885E+01  0.4313519E-07
  0.9624754E+00  0.4106943E-07
  0.1531600E+01  0.4628899E-07
  0.1095428E+01  0.4134141E-07
  0.1329723E+01  0.4328552E-07
  0.1185250E+01  0.4142774E-07
  0.1545449E+01  0.4619356E-07
  0.1228523E+01  0.4164515E-07
  0.1356306E+01  0.4330728E-07
  0.1223709E+01  0.4156169E-07
  0.1498716E+01  0.4607374E-07
  0.1170881E+01  0.4143738E-07
  0.1329716E+01  0.4334874E-07
  0.1072073E+01  0.4129639E-07
  0.1393149E+01  0.4598929E-07
  0.9311906E+00  0.4101180E-07
  0.1251025E+01  0.4319653E-07
  0.7538024E+00  0.4072104E-07
  0.1232760E+01  0.4572251E-07
  0.5468280E+00  0.4037057E-07
  0.1123094E+01  0.4290511E-07
  0.3183829E+00  0.3991604E-07
  0.1023962E+01  0.4527601E-07
  0.7741884E-01  0.3945112E-07
  0.9510234E+00  0.4265318E-07
 -0.1665843E+00  0.3895312E-07
  0.7750769E+00  0.4494947E-07
 -0.4040472E+00  0.3850684E-07
  0.7416935E+00  0.4221973E-07
 -0.6256086E+00  0.3809687E-07
  0.4958625E+00  0.4457332E-07
 -0.8225597E+00  0.3770034E-07
  0.5033034E+00  0.4183931E-07
 -0.9873008E+00  0.3741635E-07
  0.1971815E+00  0.4414704E-07
 -0.1113577E+01  0.3715914E-07
  0.2451692E+00  0.4141078E-07
 -0.1196111E+01  0.3696291E-07
 -0.1336670E+01  0.3878177E-07
  0.1259201E+00  0.3948604E-07
 -0.1348450E+01  0.3868519E-07
  0.0000000E+00  0.0000000E+00
  0.0000000E+00  0.0000000E+00
  0.0000000E+00  0.0000000E+00
  0.0000000E+00  0.0000000E+00
  0.0000000E+00  0.0000000E+00
  0.0000000E+00  0.0000000E+00
  0.0000000E+00  0.0000000E+00
  0.0000000E+00  0.0000000E+00
  0.0000000E+00  0.0000000E+00
  0.0000000E+00  0.0000000E+00
  0.0000000E+00  0.0000000E+00
  0.0000000E+00  0.0000000E+00
  0.0000000E+00  0.0000000E+00
  0.0000000E+00  0.0000000E+00
  0.0000000E+00  0.0000000E+00
  0.0000000E+00  0.0000000E+00
  0.0000000E+00  0.0000000E+00
  0.0000000E+00  0.0000000E+00
  0.0000000E+00  0.0000000E+00
  0.0000000E+00  0.0000000E+00
  0.0000000E+00  0.0000000E+00
  0.0000000E+00  0.0000000E+00
  0.0000000E+00  0.0000000E+00
  0.0000000E+00  0.0000000E+00
  0.0000000E+00  0.0000000E+00
  0.0000000E+00  0.0000000E+00
  0.0000000E+00  0.0000000E+00
  0.0000000E+00  0.0000000E+00
  0.0000000E+00  0.0000000E+00
  0.0000000E+00  0.0000000E+00
  0.0000000E+00  0.0000000E+00
  0.0000000E+00  0.0000000E+00
  0.0000000E+00  0.0000000E+00
  0.0000000E+00  0.0000000E+00
  0.0000000E+00  0.0000000E+00
  0.0000000E+00  0.0000000E+00
  0.0000000E+00  0.0000000E+00
  0.0000000E+00  0.0000000E+00
  0.0000000E+00  0.0000000E+00
  0.0000000E+00  0.0000000E+00
  0.0000000E+00  0.0000000E+00
  0.0000000E+00  0.0000000E+00
  0.0000000E+00  0.0000000E+00
  0.0000000E+00  0.0000000E+00
  0.0000000E+00  0.0000000E+00
  0.0000000E+00  0.0000000E+00
  0.0000000E+00  0.0000000E+00
  0.0000000E+00  0.0000000E+00
  0.0000000E+00  0.0000000E+00
  0.0000000E+00  0.0000000E+00
  0.0000000E+00  0.0000000E+00
  0.0000000E+00  0.0000000E+00
  0.0000000E+00  0.0000000E+00
  0.0000000E+00  0.0000000E+00
  0.0000000E+00  0.0000000E+00
  0.0000000E+00  0.0000000E+00
  0.0000000E+00  0.0000000E+00
  0.0000000E+00  0.0000000E+00
  0.0000000E+00  0.0000000E+00
  0.0000000E+00  0.0000000E+00
  0.0000000E+00  0.0000000E+00
  0.0000000E+00  0.0000000E+00
  0.0000000E+00  0.0000000E+00
  0.0000000E+00  0.0000000E+00
  0.0000000E+00  0.0000000E+00
  0.0000000E+00  0.0000000E+00
  0.0000000E+00  0.0000000E+00
  0.0000000E+00  0.0000000E+00
  0.0000000E+00  0.0000000E+00
  0.0000000E+00  0.0000000E+00
  0.0000000E+00  0.0000000E+00
  0.0000000E+00  0.0000000E+00
  0.0000000E+00  0.0000000E+00
  0.0000000E+00  0.0000000E+00
  0.0000000E+00  0.0000000E+00
  0.0000000E+00  0.0000000E+00
  0.0000000E+00  0.0000000E+00
  0.0000000E+00  0.0000000E+00
  0.0000000E+00  0.0000000E+00
  0.0000000E+00  0.0000000E+00
  0.0000000E+00  0.0000000E+00
  0.0000000E+00  0.0000000E+00
  0.0000000E+00  0.0000000E+00
  0.0000000E+00  0.0000000E+00
  0.0000000E+00  0.0000000E+00
  0.0000000E+00  0.0000000E+00
  0.0000000E+00  0.0000000E+00
  0.0000000E+00  0.0000000E+00
  0.0000000E+00  0.0000000E+00
  0.0000000E+00  0.0000000E+00
  0.0000000E+00  0.0000000E+00
  0.0000000E+00  0.0000000E+00
  0.0000000E+00  0.0000000E+00
  0.0000000E+00  0.0000000E+00
  0.0000000E+00  0.0000000E+00
  0.0000000E+00  0.0000000E+00
  0.0000000E+00  0.0000000E+00
  0.0000000E+00  0.0000000E+00
  0.0000000E+00  0.0000000E+00
  0.0000000E+00  0.0000000E+00
  0.0000000E+00  0.0000000E+00
  0.0000000E+00  0.0000000E+00
  0.0000000E+00  0.0000000E+00
  0.0000000E+00  0.0000000E+00
  0.0000000E+00  0.0000000E+00
  0.0000000E+00  0.0000000E+00
  0.0000000E+00  0.0000000E+00
  0.0000000E+00  0.0000000E+00
  0.0000000E+00  0.0000000E+00
  0.0000000E+00  0.0000000E+00
  0.0000000E+00  0.0000000E+00
  0.0000000E+00  0.0000000E+00
  0.0000000E+00  0.0000000E+00
  0.0000000E+00  0.0000000E+00
  0.0000000E+00  0.0000000E+00
  0.0000000E+00  0.0000000E+00
  0.0000000E+00  0.0000000E+00
  0.0000000E+00  0.0000000E+00
  0.0000000E+00  0.0000000E+00
  0.0000000E+00  0.0000000E+00
  0.0000000E+00  0.0000000E+00
  0.0000000E+00  0.0000000E+00
  0.0000000E+00  0.0000000E+00
  0.0000000E+00  0.0000000E+00
  0.0000000E+00  0.0000000E+00
  0.0000000E+00  0.0000000E+00
  0.0000000E+00  0.0000000E+00
  0.0000000E+00  0.0000000E+00
  0.0000000E+00  0.0000000E+00
  0.0000000E+00  0.0000000E+00
  0.0000000E+00  0.0000000E+00
  0.0000000E+00  0.0000000E+00
  0.0000000E+00  0.0000000E+00
  0.0000000E+00  0.0000000E+00
  0.0000000E+00  0.0000000E+00
  0.0000000E+00  0.0000000E+00
  0.0000000E+00  0.0000000E+00
  0.0000000E+00  0.0000000E+00
  0.0000000E+00  0.0000000E+00
  0.0000000E+00  0.0000000E+00
  0.0000000E+00  0.0000000E+00
  0.0000000E+00  0.0000000E+00
  0.0000000E+00  0.0000000E+00
  0.0000000E+00  0.0000000E+00
  0.0000000E+00  0.0000000E+00
  0.0000000E+00  0.0000000E+00
  0.0000000E+00  0.0000000E+00
  0.0000000E+00  0.0000000E+00
  0.0000000E+00  0.0000000E+00
  0.0000000E+00  0.0000000E+00
  0.0000000E+00  0.0000000E+00
  0.0000000E+00  0.0000000E+00
  0.0000000E+00  0.0000000E+00
  0.0000000E+00  0.0000000E+00
  0.0000000E+00  0.0000000E+00
  0.0000000E+00  0.0000000E+00
  0.0000000E+00  0.0000000E+00
  0.0000000E+00  0.0000000E+00
  0.0000000E+00  0.0000000E+00
  0.0000000E+00  0.0000000E+00
  0.0000000E+00  0.0000000E+00
  0.0000000E+00  0.0000000E+00
  0.0000000E+00  0.0000000E+00
  0.0000000E+00  0.0000000E+00
  0.0000000E+00  0.0000000E+00
  0.0000000E+00  0.0000000E+00
  0.0000000E+00  0.0000000E+00
  0.0000000E+00  0.0000000E+00
  0.0000000E+00  0.0000000E+00
  0.0000000E+00  0.0000000E+00
  0.0000000E+00  0.0000000E+00
  0.0000000E+00  0.0000000E+00
  0.0000000E+00  0.0000000E+00
  0.0000000E+00  0.0000000E+00
  0.0000000E+00  0.0000000E+00
  0.0000000E+00  0.0000000E+00
  0.0000000E+00  0.0000000E+00
  0.0000000E+00  0.0000000E+00
  0.0000000E+00  0.0000000E+00
  0.0000000E+00  0.0000000E+00
  0.0000000E+00  0.0000000E+00
  0.0000000E+00  0.0000000E+00
  0.0000000E+00  0.0000000E+00
  0.0000000E+00  0.0000000E+00
  0.0000000E+00  0.0000000E+00
  0.0000000E+00  0.0000000E+00
  0.0000000E+00  0.0000000E+00
  0.0000000E+00  0.0000000E+00
  0.0000000E+00  0.0000000E+00
  0.0000000E+00  0.0000000E+00
  0.0000000E+00  0.0000000E+00
  0.0000000E+00  0.0000000E+00
  0.0000000E+00  0.0000000E+00
  0.0000000E+00  0.0000000E+00
  0.0000000E+00  0.0000000E+00
  0.0000000E+00  0.0000000E+00
  0.0000000E+00  0.0000000E+00
  0.0000000E+00  0.0000000E+00
  0.0000000E+00  0.0000000E+00
  0.0000000E+00  0.0000000E+00
  0.0000000E+00  0.0000000E+00
  0.0000000E+00  0.0000000E+00
  0.0000000E+00  0.0000000E+00
  0.0000000E+00  0.0000000E+00
  0.0000000E+00  0.0000000E+00
  0.0000000E+00  0.0000000E+00
  0.0000000E+00  0.0000000E+00
  0.0000000E+00  0.0000000E+00
  0.0000000E+00  0.0000000E+00
  0.0000000E+00  0.0000000E+00
  0.0000000E+00  0.0000000E+00
  0.0000000E+00  0.0000000E+00
  0.0000000E+00  0.0000000E+00
  0.0000000E+00  0.0000000E+00
  0.0000000E+00  0.0000000E+00
  0.0000000E+00  0.0000000E+00
  0.0000000E+00  0.0000000E+00
  0.0000000E+00  0.0000000E+00
  0.0000000E+00  0.0000000E+00
  0.0000000E+00  0.0000000E+00
  0.0000000E+00  0.0000000E+00
  0.0000000E+00  0.0000000E+00
  0.0000000E+00  0.0000000E+00
  0.0000000E+00  0.0000000E+00
  0.0000000E+00  0.0000000E+00
  0.0000000E+00  0.0000000E+00
  0.0000000E+00  0.0000000E+00
  0.0000000E+00  0.0000000E+00
  0.0000000E+00  0.0000000E+00
  0.0000000E+00  0.0000000E+00
  0.0000000E+00  0.0000000E+00
  0.0000000E+00  0.0000000E+00
  0.0000000E+00  0.0000000E+00
  0.0000000E+00  0.0000000E+00
  0.0000000E+00  0.0000000E+00
  0.0000000E+00  0.0000000E+00
  0.0000000E+00  0.0000000E+00
  0.0000000E+00  0.0000000E+00
  0.0000000E+00  0.0000000E+00
  0.0000000E+00  0.0000000E+00
  0.0000000E+00  0.0000000E+00
  0.0000000E+00  0.0000000E+00
  0.0000000E+00  0.0000000E+00
  0.0000000E+00  0.0000000E+00
  0.0000000E+00  0.0000000E+00
  0.0000000E+00  0.0000000E+00
  0.0000000E+00  0.0000000E+00
  0.0000000E+00  0.0000000E+00
  0.0000000E+00  0.0000000E+00
  0.0000000E+00  0.0000000E+00
  0.0000000E+00  0.0000000E+00
  0.0000000E+00  0.0000000E+00
  0.0000000E+00  0.0000000E+00
  0.0000000E+00  0.0000000E+00
  0.0000000E+00  0.0000000E+00
  0.0000000E+00  0.0000000E+00
  0.0000000E+00  0.0000000E+00
  0.0000000E+00  0.0000000E+00
  0.0000000E+00  0.0000000E+00
  0.0000000E+00  0.0000000E+00
  0.0000000E+00  0.0000000E+00
  0.0000000E+00  0.0000000E+00
  0.0000000E+00  0.0000000E+00
  0.0000000E+00  0.0000000E+00
  0.0000000E+00  0.0000000E+00
  0.0000000E+00  0.0000000E+00
  0.0000000E+00  0.0000000E+00
  0.0000000E+00  0.0000000E+00
  0.0000000E+00  0.0000000E+00
  0.0000000E+00  0.0000000E+00
  0.0000000E+00  0.0000000E+00
  0.0000000E+00  0.0000000E+00
  0.0000000E+00  0.0000000E+00
  0.0000000E+00  0.0000000E+00
  0.0000000E+00  0.0000000E+00
  0.0000000E+00  0.0000000E+00
  0.0000000E+00  0.0000000E+00
  0.0000000E+00  0.0000000E+00
  0.0000000E+00  0.0000000E+00
  0.0000000E+00  0.0000000E+00
  0.0000000E+00  0.0000000E+00
  0.0000000E+00  0.0000000E+00
  0.0000000E+00  0.0000000E+00
  0.0000000E+00  0.0000000E+00
  0.0000000E+00  0.0000000E+00
  0.0000000E+00  0.0000000E+00
  0.0000000E+00  0.0000000E+00
  0.0000000E+00  0.0000000E+00
  0.0000000E+00  0.0000000E+00
  0.0000000E+00  0.0000000E+00
  0.0000000E+00  0.0000000E+00
  0.0000000E+00  0.0000000E+00
  0.0000000E+00  0.0000000E+00
  0.0000000E+00  0.0000000E+00
  0.0000000E+00  0.0000000E+00
  0.0000000E+00  0.0000000E+00
  0.0000000E+00  0.0000000E+00
  0.0000000E+00  0.0000000E+00
  0.0000000E+00  0.0000000E+00
  0.0000000E+00  0.0000000E+00
  0.0000000E+00  0.0000000E+00
  0.0000000E+00  0.0000000E+00
  0.0000000E+00  0.0000000E+00
  0.0000000E+00  0.0000000E+00
  0.0000000E+00  0.0000000E+00
  0.0000000E+00  0.0000000E+00
  0.0000000E+00  0.0000000E+00
  0.0000000E+00  0.0000000E+00
  0.0000000E+00  0.0000000E+00
  0.0000000E+00  0.0000000E+00
  0.0000000E+00  0.0000000E+00
  0.0000000E+00  0.0000000E+00
  0.0000000E+00  0.0000000E+00
  0.0000000E+00  0.0000000E+00
  0.0000000E+00  0.0000000E+00
  0.0000000E+00  0.0000000E+00
  0.0000000E+00  0.0000000E+00
  0.0000000E+00  0.0000000E+00
  0.0000000E+00  0.0000000E+00
  0.0000000E+00  0.0000000E+00
  0.0000000E+00  0.0000000E+00
  0.0000000E+00  0.0000000E+00
  0.0000000E+00  0.0000000E+00
  0.0000000E+00  0.0000000E+00
  0.0000000E+00  0.0000000E+00
  0.0000000E+00  0.0000000E+00
  0.0000000E+00  0.0000000E+00
  0.0000000E+00  0.0000000E+00
  0.0000000E+00  0.0000000E+00
  0.0000000E+00  0.0000000E+00
  0.0000000E+00  0.0000000E+00
  0.0000000E+00  0.0000000E+00
  0.0000000E+00  0.0000000E+00
  0.0000000E+00  0.0000000E+00
  0.0000000E+00  0.0000000E+00
  0.0000000E+00  0.0000000E+00
  0.0000000E+00  0.0000000E+00
  0.0000000E+00  0.0000000E+00
  0.0000000E+00  0.0000000E+00
  0.0000000E+00  0.0000000E+00
  0.0000000E+00  0.0000000E+00
  0.0000000E+00  0.0000000E+00
  0.0000000E+00  0.0000000E+00
  0.0000000E+00  0.0000000E+00
  0.0000000E+00  0.0000000E+00
  0.0000000E+00  0.0000000E+00
  0.0000000E+00  0.0000000E+00
  0.0000000E+00  0.0000000E+00
  0.0000000E+00  0.0000000E+00
  0.0000000E+00  0.0000000E+00
  0.0000000E+00  0.0000000E+00
  0.0000000E+00  0.0000000E+00
  0.0000000E+00  0.0000000E+00
  0.0000000E+00  0.0000000E+00
  0.0000000E+00  0.0000000E+00
  0.0000000E+00  0.0000000E+00
  0.0000000E+00  0.0000000E+00
  0.0000000E+00  0.0000000E+00
  0.0000000E+00  0.0000000E+00
  0.0000000E+00  0.0000000E+00
  0.0000000E+00  0.0000000E+00
  0.0000000E+00  0.0000000E+00
  0.0000000E+00  0.0000000E+00
  0.0000000E+00  0.0000000E+00
  0.0000000E+00  0.0000000E+00
  0.0000000E+00  0.0000000E+00
  0.0000000E+00  0.0000000E+00
  0.0000000E+00  0.0000000E+00
  0.0000000E+00  0.0000000E+00
  0.0000000E+00  0.0000000E+00
  0.0000000E+00  0.0000000E+00
  0.0000000E+00  0.0000000E+00
  0.0000000E+00  0.0000000E+00
  0.0000000E+00  0.0000000E+00
  0.0000000E+00  0.0000000E+00
  0.0000000E+00  0.0000000E+00
  0.0000000E+00  0.0000000E+00
  0.0000000E+00  0.0000000E+00
  0.0000000E+00  0.0000000E+00
  0.0000000E+00  0.0000000E+00
  0.0000000E+00  0.0000000E+00
  0.0000000E+00  0.0000000E+00
  0.0000000E+00  0.0000000E+00
  0.0000000E+00  0.0000000E+00
  0.0000000E+00  0.0000000E+00
  0.0000000E+00  0.0000000E+00
  0.0000000E+00  0.0000000E+00
  0.0000000E+00  0.0000000E+00
  0.0000000E+00  0.0000000E+00
  0.0000000E+00  0.0000000E+00
  0.0000000E+00  0.0000000E+00
  0.0000000E+00  0.0000000E+00
  0.0000000E+00  0.0000000E+00
  0.0000000E+00  0.0000000E+00
  0.0000000E+00  0.0000000E+00
  0.0000000E+00  0.0000000E+00
  0.0000000E+00  0.0000000E+00
  0.0000000E+00  0.0000000E+00
  0.0000000E+00  0.0000000E+00
  0.0000000E+00  0.0000000E+00
  0.0000000E+00  0.0000000E+00
  0.0000000E+00  0.0000000E+00
  0.0000000E+00  0.0000000E+00
  0.0000000E+00  0.0000000E+00
  0.0000000E+00  0.0000000E+00
  0.0000000E+00  0.0000000E+00
  0.0000000E+00  0.0000000E+00
  0.0000000E+00  0.0000000E+00
  0.0000000E+00  0.0000000E+00
  0.0000000E+00  0.0000000E+00
  0.0000000E+00  0.0000000E+00
  0.0000000E+00  0.0000000E+00
  0.0000000E+00  0.0000000E+00
  0.0000000E+00  0.0000000E+00
  0.0000000E+00  0.0000000E+00
  0.0000000E+00  0.0000000E+00
  0.0000000E+00  0.0000000E+00
  0.0000000E+00  0.0000000E+00
  0.0000000E+00  0.0000000E+00
  0.0000000E+00  0.0000000E+00
  0.0000000E+00  0.0000000E+00
  0.0000000E+00  0.0000000E+00
  0.0000000E+00  0.0000000E+00
  0.0000000E+00  0.0000000E+00
  0.0000000E+00  0.0000000E+00
  0.0000000E+00  0.0000000E+00
  0.0000000E+00  0.0000000E+00
  0.0000000E+00  0.0000000E+00
  0.0000000E+00  0.0000000E+00
  0.0000000E+00  0.0000000E+00
  0.0000000E+00  0.0000000E+00
  0.0000000E+00  0.0000000E+00
  0.0000000E+00  0.0000000E+00
  0.0000000E+00  0.0000000E+00
  0.0000000E+00  0.0000000E+00
  0.0000000E+00  0.0000000E+00
  0.0000000E+00  0.0000000E+00
  0.0000000E+00  0.0000000E+00
  0.0000000E+00  0.0000000E+00
  0.0000000E+00  0.0000000E+00
  0.0000000E+00  0.0000000E+00
  0.0000000E+00  0.0000000E+00
  0.0000000E+00  0.0000000E+00
  0.0000000E+00  0.0000000E+00
  0.0000000E+00  0.0000000E+00
  0.0000000E+00  0.0000000E+00
  0.0000000E+00  0.0000000E+00
  0.0000000E+00  0.0000000E+00
  0.0000000E+00  0.0000000E+00
  0.0000000E+00  0.0000000E+00
  0.0000000E+00  0.0000000E+00
  0.0000000E+00  0.0000000E+00
  0.0000000E+00  0.0000000E+00
  0.0000000E+00  0.0000000E+00
  0.0000000E+00  0.0000000E+00
  0.0000000E+00  0.0000000E+00
  0.0000000E+00  0.0000000E+00
  0.0000000E+00  0.0000000E+00
  0.0000000E+00  0.0000000E+00
  0.0000000E+00  0.0000000E+00
  0.0000000E+00  0.0000000E+00
  0.0000000E+00  0.0000000E+00
  0.0000000E+00  0.0000000E+00
  0.0000000E+00  0.0000000E+00
  0.0000000E+00  0.0000000E+00
  0.0000000E+00  0.0000000E+00
  0.0000000E+00  0.0000000E+00
  0.0000000E+00  0.0000000E+00
  0.0000000E+00  0.0000000E+00
  0.0000000E+00  0.0000000E+00
  0.0000000E+00  0.0000000E+00
  0.0000000E+00  0.0000000E+00
  0.0000000E+00  0.0000000E+00
  0.0000000E+00  0.0000000E+00
  0.0000000E+00  0.0000000E+00
  0.0000000E+00  0.0000000E+00
  0.0000000E+00  0.0000000E+00
  0.0000000E+00  0.0000000E+00
  0.0000000E+00  0.0000000E+00
  0.0000000E+00  0.0000000E+00
  0.0000000E+00  0.0000000E+00
  0.0000000E+00  0.0000000E+00
  0.0000000E+00  0.0000000E+00
  0.0000000E+00  0.0000000E+00
  0.0000000E+00  0.0000000E+00
  0.0000000E+00  0.0000000E+00
  0.0000000E+00  0.0000000E+00
  0.0000000E+00  0.0000000E+00
  0.0000000E+00  0.0000000E+00
  0.0000000E+00  0.0000000E+00
  0.0000000E+00  0.0000000E+00
  0.0000000E+00  0.0000000E+00
  0.0000000E+00  0.0000000E+00
  0.0000000E+00  0.0000000E+00
  0.0000000E+00  0.0000000E+00
  0.0000000E+00  0.0000000E+00
  0.0000000E+00  0.0000000E+00
  0.0000000E+00  0.0000000E+00
  0.0000000E+00  0.0000000E+00
  0.0000000E+00  0.0000000E+00
  0.0000000E+00  0.0000000E+00
  0.0000000E+00  0.0000000E+00
  0.0000000E+00  0.0000000E+00
  0.0000000E+00  0.0000000E+00
  0.0000000E+00  0.0000000E+00
  0.0000000E+00  0.0000000E+00
  0.0000000E+00  0.0000000E+00
  0.0000000E+00  0.0000000E+00
  0.0000000E+00  0.0000000E+00
  0.0000000E+00  0.0000000E+00
  0.0000000E+00  0.0000000E+00
  0.0000000E+00  0.0000000E+00
  0.0000000E+00  0.0000000E+00
  0.0000000E+00  0.0000000E+00
  0.0000000E+00  0.0000000E+00
  0.0000000E+00  0.0000000E+00
  0.0000000E+00  0.0000000E+00
  0.0000000E+00  0.0000000E+00
  0.0000000E+00  0.0000000E+00
  0.0000000E+00  0.0000000E+00
  0.0000000E+00  0.0000000E+00
  0.0000000E+00  0.0000000E+00
  0.0000000E+00  0.0000000E+00
  0.0000000E+00  0.0000000E+00
  0.0000000E+00  0.0000000E+00
  0.0000000E+00  0.0000000E+00
  0.0000000E+00  0.0000000E+00
  0.0000000E+00  0.0000000E+00
  0.0000000E+00  0.0000000E+00
  0.0000000E+00  0.0000000E+00
  0.0000000E+00  0.0000000E+00
  0.0000000E+00  0.0000000E+00
  0.0000000E+00  0.0000000E+00
  0.0000000E+00  0.0000000E+00
  0.0000000E+00  0.0000000E+00
  0.0000000E+00  0.0000000E+00
  0.0000000E+00  0.0000000E+00
  0.0000000E+00  0.0000000E+00
  0.0000000E+00  0.0000000E+00
  0.0000000E+00  0.0000000E+00
  0.0000000E+00  0.0000000E+00
  0.0000000E+00  0.0000000E+00
  0.0000000E+00  0.0000000E+00
  0.0000000E+00  0.0000000E+00
  0.0000000E+00  0.0000000E+00
  0.0000000E+00  0.0000000E+00
  0.0000000E+00  0.0000000E+00
  0.0000000E+00  0.0000000E+00
  0.0000000E+00  0.0000000E+00
  0.0000000E+00  0.0000000E+00
  0.0000000E+00  0.0000000E+00
  0.0000000E+00  0.0000000E+00
  0.0000000E+00  0.0000000E+00
  0.0000000E+00  0.0000000E+00
  0.0000000E+00  0.0000000E+00
  0.0000000E+00  0.0000000E+00
  0.0000000E+00  0.0000000E+00
  0.0000000E+00  0.0000000E+00
  0.0000000E+00  0.0000000E+00
  0.0000000E+00  0.0000000E+00
  0.0000000E+00  0.0000000E+00
  0.0000000E+00  0.0000000E+00
  0.0000000E+00  0.0000000E+00
  0.0000000E+00  0.0000000E+00
  0.0000000E+00  0.0000000E+00
  0.0000000E+00  0.0000000E+00
  0.0000000E+00  0.0000000E+00
  0.0000000E+00  0.0000000E+00
  0.0000000E+00  0.0000000E+00
  0.0000000E+00  0.0000000E+00
  0.0000000E+00  0.0000000E+00
  0.0000000E+00  0.0000000E+00
  0.0000000E+00  0.0000000E+00
  0.0000000E+00  0.0000000E+00
  0.0000000E+00  0.0000000E+00
  0.0000000E+00  0.0000000E+00
  0.0000000E+00  0.0000000E+00
  0.0000000E+00  0.0000000E+00
  0.0000000E+00  0.0000000E+00
  0.0000000E+00  0.0000000E+00
  0.0000000E+00  0.0000000E+00
  0.0000000E+00  0.0000000E+00
  0.0000000E+00  0.0000000E+00
  0.0000000E+00  0.0000000E+00
  0.0000000E+00  0.0000000E+00
  0.0000000E+00  0.0000000E+00
  0.0000000E+00  0.0000000E+00
  0.0000000E+00  0.0000000E+00
  0.0000000E+00  0.0000000E+00
  0.0000000E+00  0.0000000E+00
  0.0000000E+00  0.0000000E+00
  0.0000000E+00  0.0000000E+00
  0.0000000E+00  0.0000000E+00
  0.0000000E+00  0.0000000E+00
  0.0000000E+00  0.0000000E+00
  0.0000000E+00  0.0000000E+00
  0.0000000E+00  0.0000000E+00
  0.0000000E+00  0.0000000E+00
  0.0000000E+00  0.0000000E+00
  0.0000000E+00  0.0000000E+00
  0.0000000E+00  0.0000000E+00
  0.0000000E+00  0.0000000E+00
  0.0000000E+00  0.0000000E+00
  0.0000000E+00  0.0000000E+00
  0.0000000E+00  0.0000000E+00
  0.0000000E+00  0.0000000E+00
  0.0000000E+00  0.0000000E+00
  0.0000000E+00  0.0000000E+00
  0.0000000E+00  0.0000000E+00
  0.0000000E+00  0.0000000E+00
  0.0000000E+00  0.0000000E+00
  0.0000000E+00  0.0000000E+00
  0.0000000E+00  0.0000000E+00
  0.0000000E+00  0.0000000E+00
  0.0000000E+00  0.0000000E+00
  0.0000000E+00  0.0000000E+00
  0.0000000E+00  0.0000000E+00
  0.0000000E+00  0.0000000E+00
  0.0000000E+00  0.0000000E+00
  0.0000000E+00  0.0000000E+00
  0.0000000E+00  0.0000000E+00
  0.0000000E+00  0.0000000E+00
  0.0000000E+00  0.0000000E+00
  0.0000000E+00  0.0000000E+00
  0.0000000E+00  0.0000000E+00
  0.0000000E+00  0.0000000E+00
  0.0000000E+00  0.0000000E+00
  0.0000000E+00  0.0000000E+00
  0.0000000E+00  0.0000000E+00
  0.0000000E+00  0.0000000E+00
  0.0000000E+00  0.0000000E+00
  0.0000000E+00  0.0000000E+00
  0.0000000E+00  0.0000000E+00
  0.0000000E+00  0.0000000E+00
  0.0000000E+00  0.0000000E+00
  0.0000000E+00  0.0000000E+00
  0.0000000E+00  0.0000000E+00
  0.0000000E+00  0.0000000E+00
  0.0000000E+00  0.0000000E+00
  0.0000000E+00  0.0000000E+00
  0.0000000E+00  0.0000000E+00
  0.0000000E+00  0.0000000E+00
  0.0000000E+00  0.0000000E+00
  0.0000000E+00  0.0000000E+00
  0.0000000E+00  0.0000000E+00
  0.0000000E+00  0.0000000E+00
  0.0000000E+00  0.0000000E+00
  0.0000000E+00  0.0000000E+00
  0.0000000E+00  0.0000000E+00
  0.0000000E+00  0.0000000E+00
  0.0000000E+00  0.0000000E+00
  0.0000000E+00  0.0000000E+00
  0.0000000E+00  0.0000000E+00
  0.0000000E+00  0.0000000E+00
  0.0000000E+00  0.0000000E+00
  0.0000000E+00  0.0000000E+00
  0.0000000E+00  0.0000000E+00
  0.0000000E+00  0.0000000E+00
  0.0000000E+00  0.0000000E+00
  0.0000000E+00  0.0000000E+00
  0.0000000E+00  0.0000000E+00
  0.0000000E+00  0.0000000E+00
  0.0000000E+00  0.0000000E+00
  0.0000000E+00  0.0000000E+00
  0.0000000E+00  0.0000000E+00
  0.0000000E+00  0.0000000E+00
  0.0000000E+00  0.0000000E+00
  0.0000000E+00  0.0000000E+00
  0.0000000E+00  0.0000000E+00
  0.0000000E+00  0.0000000E+00
  0.0000000E+00  0.0000000E+00
  0.0000000E+00  0.0000000E+00
  0.0000000E+00  0.0000000E+00
  0.0000000E+00  0.0000000E+00
  0.0000000E+00  0.0000000E+00
  0.0000000E+00  0.0000000E+00
  0.0000000E+00  0.0000000E+00
  0.0000000E+00  0.0000000E+00
  0.0000000E+00  0.0000000E+00
  0.0000000E+00  0.0000000E+00
  0.0000000E+00  0.0000000E+00
  0.0000000E+00  0.0000000E+00
  0.0000000E+00  0.0000000E+00
  0.0000000E+00  0.0000000E+00
  0.0000000E+00  0.0000000E+00
  0.0000000E+00  0.0000000E+00
  0.0000000E+00  0.0000000E+00
  0.0000000E+00  0.0000000E+00
  0.0000000E+00  0.0000000E+00
  0.0000000E+00  0.0000000E+00
  0.0000000E+00  0.0000000E+00
  0.0000000E+00  0.0000000E+00
  0.0000000E+00  0.0000000E+00
  0.0000000E+00  0.0000000E+00
  0.0000000E+00  0.0000000E+00
  0.0000000E+00  0.0000000E+00
  0.0000000E+00  0.0000000E+00
  0.0000000E+00  0.0000000E+00
  0.0000000E+00  0.0000000E+00
  0.0000000E+00  0.0000000E+00
  0.0000000E+00  0.0000000E+00
  0.0000000E+00  0.0000000E+00
  0.0000000E+00  0.0000000E+00
  0.0000000E+00  0.0000000E+00
  0.0000000E+00  0.0000000E+00
  0.0000000E+00  0.0000000E+00
  0.0000000E+00  0.0000000E+00
  0.0000000E+00  0.0000000E+00
  0.0000000E+00  0.0000000E+00
  0.0000000E+00  0.0000000E+00
  0.0000000E+00  0.0000000E+00
  0.0000000E+00  0.0000000E+00
  0.0000000E+00  0.0000000E+00
  0.0000000E+00  0.0000000E+00
  0.0000000E+00  0.0000000E+00
  0.0000000E+00  0.0000000E+00
  0.0000000E+00  0.0000000E+00
  0.0000000E+00  0.0000000E+00
  0.0000000E+00  0.0000000E+00
  0.0000000E+00  0.0000000E+00
  0.0000000E+00  0.0000000E+00
  0.0000000E+00  0.0000000E+00
  0.0000000E+00  0.0000000E+00
  0.0000000E+00  0.0000000E+00
  0.0000000E+00  0.0000000E+00
  0.0000000E+00  0.0000000E+00
  0.0000000E+00  0.0000000E+00
  0.0000000E+00  0.0000000E+00
  0.0000000E+00  0.0000000E+00
  0.0000000E+00  0.0000000E+00
  0.0000000E+00  0.0000000E+00
  0.0000000E+00  0.0000000E+00
  0.0000000E+00  0.0000000E+00
  0.0000000E+00  0.0000000E+00
  0.0000000E+00  0.0000000E+00
  0.0000000E+00  0.0000000E+00
  0.0000000E+00  0.0000000E+00
  0.0000000E+00  0.0000000E+00
  0.0000000E+00  0.0000000E+00
  0.0000000E+00  0.0000000E+00
  0.0000000E+00  0.0000000E+00
  0.0000000E+00  0.0000000E+00
  0.0000000E+00  0.0000000E+00
  0.0000000E+00  0.0000000E+00
  0.0000000E+00  0.0000000E+00
  0.0000000E+00  0.0000000E+00
  0.0000000E+00  0.0000000E+00
  0.0000000E+00  0.0000000E+00
  0.0000000E+00  0.0000000E+00
  0.0000000E+00  0.0000000E+00
  0.0000000E+00  0.0000000E+00
  0.0000000E+00  0.0000000E+00
  0.0000000E+00  0.0000000E+00
  0.0000000E+00  0.0000000E+00
  0.0000000E+00  0.0000000E+00
  0.0000000E+00  0.0000000E+00
  0.0000000E+00  0.0000000E+00
  0.0000000E+00  0.0000000E+00
  0.0000000E+00  0.0000000E+00
  0.0000000E+00  0.0000000E+00
  0.0000000E+00  0.0000000E+00
  0.0000000E+00  0.0000000E+00
  0.0000000E+00  0.0000000E+00
  0.0000000E+00  0.0000000E+00
  0.0000000E+00  0.0000000E+00
  0.0000000E+00  0.0000000E+00
  0.0000000E+00  0.0000000E+00
  0.0000000E+00  0.0000000E+00
  0.0000000E+00  0.0000000E+00
  0.0000000E+00  0.0000000E+00
  0.0000000E+00  0.0000000E+00
  0.0000000E+00  0.0000000E+00
  0.0000000E+00  0.0000000E+00
  0.0000000E+00  0.0000000E+00
  0.0000000E+00  0.0000000E+00
  0.0000000E+00  0.0000000E+00
  0.0000000E+00  0.0000000E+00
  0.0000000E+00  0.0000000E+00
  0.0000000E+00  0.0000000E+00
  0.0000000E+00  0.0000000E+00
  0.0000000E+00  0.0000000E+00
  0.0000000E+00  0.0000000E+00
  0.0000000E+00  0.0000000E+00
  0.0000000E+00  0.0000000E+00
  0.0000000E+00  0.0000000E+00
  0.0000000E+00  0.0000000E+00
  0.0000000E+00  0.0000000E+00
  0.0000000E+00  0.0000000E+00
  0.0000000E+00  0.0000000E+00
  0.0000000E+00  0.0000000E+00
  0.0000000E+00  0.0000000E+00
  0.0000000E+00  0.0000000E+00
  0.0000000E+00  0.0000000E+00
  0.0000000E+00  0.0000000E+00
  0.0000000E+00  0.0000000E+00
  0.0000000E+00  0.0000000E+00
  0.0000000E+00  0.0000000E+00
  0.0000000E+00  0.0000000E+00
  0.0000000E+00  0.0000000E+00
  0.0000000E+00  0.0000000E+00
  0.0000000E+00  0.0000000E+00
  0.0000000E+00  0.0000000E+00
  0.0000000E+00  0.0000000E+00
  0.0000000E+00  0.0000000E+00
  0.0000000E+00  0.0000000E+00
  0.0000000E+00  0.0000000E+00
  0.0000000E+00  0.0000000E+00
  0.0000000E+00  0.0000000E+00
  0.0000000E+00  0.0000000E+00
  0.0000000E+00  0.0000000E+00
  0.0000000E+00  0.0000000E+00
  0.0000000E+00  0.0000000E+00
  0.0000000E+00  0.0000000E+00
  0.0000000E+00  0.0000000E+00
  0.0000000E+00  0.0000000E+00
  0.0000000E+00  0.0000000E+00
  0.0000000E+00  0.0000000E+00
  0.0000000E+00  0.0000000E+00
  0.0000000E+00  0.0000000E+00
  0.0000000E+00  0.0000000E+00
  0.0000000E+00  0.0000000E+00
  0.0000000E+00  0.0000000E+00
  0.0000000E+00  0.0000000E+00
  0.0000000E+00  0.0000000E+00
  0.0000000E+00  0.0000000E+00
  0.0000000E+00  0.0000000E+00
  0.0000000E+00  0.0000000E+00
  0.0000000E+00  0.0000000E+00
  0.0000000E+00  0.0000000E+00
  0.0000000E+00  0.0000000E+00
  0.0000000E+00  0.0000000E+00
  0.0000000E+00  0.0000000E+00
  0.0000000E+00  0.0000000E+00
  0.0000000E+00  0.0000000E+00
  0.0000000E+00  0.0000000E+00
  0.0000000E+00  0.0000000E+00
  0.0000000E+00  0.0000000E+00
  0.0000000E+00  0.0000000E+00
  0.0000000E+00  0.0000000E+00
  0.0000000E+00  0.0000000E+00
  0.0000000E+00  0.0000000E+00
  0.0000000E+00  0.0000000E+00
  0.0000000E+00  0.0000000E+00
  0.0000000E+00  0.0000000E+00
  0.0000000E+00  0.0000000E+00
  0.0000000E+00  0.0000000E+00
  0.0000000E+00  0.0000000E+00
  0.0000000E+00  0.0000000E+00
  0.0000000E+00  0.0000000E+00
  0.0000000E+00  0.0000000E+00
  0.0000000E+00  0.0000000E+00
  0.0000000E+00  0.0000000E+00
  0.0000000E+00  0.0000000E+00
  0.0000000E+00  0.0000000E+00
  0.0000000E+00  0.0000000E+00
  0.0000000E+00  0.0000000E+00
  0.0000000E+00  0.0000000E+00
  0.0000000E+00  0.0000000E+00
  0.0000000E+00  0.0000000E+00
  0.0000000E+00  0.0000000E+00
  0.0000000E+00  0.0000000E+00
  0.0000000E+00  0.0000000E+00
  0.0000000E+00  0.0000000E+00
  0.0000000E+00  0.0000000E+00
  0.0000000E+00  0.0000000E+00
  0.0000000E+00  0.0000000E+00
  0.0000000E+00  0.0000000E+00
  0.0000000E+00  0.0000000E+00
  0.0000000E+00  0.0000000E+00
  0.0000000E+00  0.0000000E+00
  0.0000000E+00  0.0000000E+00
  0.0000000E+00  0.0000000E+00
  0.0000000E+00  0.0000000E+00
  0.0000000E+00  0.0000000E+00
  0.0000000E+00  0.0000000E+00
  0.0000000E+00  0.0000000E+00
  0.0000000E+00  0.0000000E+00
  0.0000000E+00  0.0000000E+00
  0.0000000E+00  0.0000000E+00
  0.0000000E+00  0.0000000E+00
  0.0000000E+00  0.0000000E+00
  0.0000000E+00  0.0000000E+00
  0.0000000E+00  0.0000000E+00
  0.0000000E+00  0.0000000E+00
  0.0000000E+00  0.0000000E+00
  0.0000000E+00  0.0000000E+00
  0.0000000E+00  0.0000000E+00
  0.0000000E+00  0.0000000E+00
  0.0000000E+00  0.0000000E+00
  0.0000000E+00  0.0000000E+00
  0.0000000E+00  0.0000000E+00
  0.0000000E+00  0.0000000E+00
  0.0000000E+00  0.0000000E+00
  0.0000000E+00  0.0000000E+00
  0.0000000E+00  0.0000000E+00
  0.0000000E+00  0.0000000E+00
  0.0000000E+00  0.0000000E+00
  0.0000000E+00  0.0000000E+00
  0.0000000E+00  0.0000000E+00
  0.0000000E+00  0.0000000E+00
  0.0000000E+00  0.0000000E+00
  0.0000000E+00  0.0000000E+00
  0.0000000E+00  0.0000000E+00
  0.0000000E+00  0.0000000E+00
  0.0000000E+00  0.0000000E+00
  0.0000000E+00  0.0000000E+00
  0.0000000E+00  0.0000000E+00
  0.0000000E+00  0.0000000E+00
  0.0000000E+00  0.0000000E+00
  0.0000000E+00  0.0000000E+00
  0.0000000E+00  0.0000000E+00
  0.0000000E+00  0.0000000E+00
  0.0000000E+00  0.0000000E+00
  0.0000000E+00  0.0000000E+00
  0.0000000E+00  0.0000000E+00
  0.0000000E+00  0.0000000E+00
  0.0000000E+00  0.0000000E+00
  0.0000000E+00  0.0000000E+00
  0.0000000E+00  0.0000000E+00
  0.0000000E+00  0.0000000E+00
  0.0000000E+00  0.0000000E+00
  0.0000000E+00  0.0000000E+00
  0.0000000E+00  0.0000000E+00
  0.0000000E+00  0.0000000E+00
  0.0000000E+00  0.0000000E+00
  0.0000000E+00  0.0000000E+00
  0.0000000E+00  0.0000000E+00
  0.0000000E+00  0.0000000E+00
  0.0000000E+00  0.0000000E+00
  0.0000000E+00  0.0000000E+00
  0.0000000E+00  0.0000000E+00
  0.0000000E+00  0.0000000E+00
  0.0000000E+00  0.0000000E+00
  0.0000000E+00  0.0000000E+00
  0.0000000E+00  0.0000000E+00
  0.0000000E+00  0.0000000E+00
  0.0000000E+00  0.0000000E+00
  0.0000000E+00  0.0000000E+00
  0.0000000E+00  0.0000000E+00
  0.0000000E+00  0.0000000E+00
  0.0000000E+00  0.0000000E+00
  0.0000000E+00  0.0000000E+00
  0.0000000E+00  0.0000000E+00
  0.0000000E+00  0.0000000E+00
  0.0000000E+00  0.0000000E+00
  0.0000000E+00  0.0000000E+00
  0.0000000E+00  0.0000000E+00
  0.0000000E+00  0.0000000E+00
  0.0000000E+00  0.0000000E+00
  0.0000000E+00  0.0000000E+00
  0.0000000E+00  0.0000000E+00
  0.0000000E+00  0.0000000E+00
  0.0000000E+00  0.0000000E+00
  0.0000000E+00  0.0000000E+00
  0.0000000E+00  0.0000000E+00
  0.0000000E+00  0.0000000E+00
  0.0000000E+00  0.0000000E+00
  0.0000000E+00  0.0000000E+00
  0.0000000E+00  0.0000000E+00
  0.0000000E+00  0.0000000E+00
  0.0000000E+00  0.0000000E+00
  0.0000000E+00  0.0000000E+00
  0.0000000E+00  0.0000000E+00
  0.0000000E+00  0.0000000E+00
  0.0000000E+00  0.0000000E+00
  0.0000000E+00  0.0000000E+00
  0.0000000E+00  0.0000000E+00
  0.0000000E+00  0.0000000E+00
  0.0000000E+00  0.0000000E+00
  0.0000000E+00  0.0000000E+00
  0.0000000E+00  0.0000000E+00
  0.0000000E+00  0.0000000E+00
  0.0000000E+00  0.0000000E+00
  0.0000000E+00  0.0000000E+00
  0.0000000E+00  0.0000000E+00
  0.0000000E+00  0.0000000E+00
  0.0000000E+00  0.0000000E+00
  0.0000000E+00  0.0000000E+00
  0.0000000E+00  0.0000000E+00
  0.0000000E+00  0.0000000E+00
  0.0000000E+00  0.0000000E+00
  0.0000000E+00  0.0000000E+00
  0.0000000E+00  0.0000000E+00
  0.0000000E+00  0.0000000E+00
  0.0000000E+00  0.0000000E+00
  0.0000000E+00  0.0000000E+00
  0.0000000E+00  0.0000000E+00
  0.0000000E+00  0.0000000E+00
  0.0000000E+00  0.0000000E+00
  0.0000000E+00  0.0000000E+00
  0.0000000E+00  0.0000000E+00
  0.0000000E+00  0.0000000E+00
  0.0000000E+00  0.0000000E+00
  0.0000000E+00  0.0000000E+00
  0.0000000E+00  0.0000000E+00
  0.0000000E+00  0.0000000E+00
  0.0000000E+00  0.0000000E+00
  0.0000000E+00  0.0000000E+00
  0.0000000E+00  0.0000000E+00
  0.0000000E+00  0.0000000E+00
  0.0000000E+00  0.0000000E+00
  0.0000000E+00  0.0000000E+00
  0.0000000E+00  0.0000000E+00
  0.0000000E+00  0.0000000E+00
  0.0000000E+00  0.0000000E+00
  0.0000000E+00  0.0000000E+00
  0.0000000E+00  0.0000000E+00
  0.0000000E+00  0.0000000E+00
  0.0000000E+00  0.0000000E+00
  0.0000000E+00  0.0000000E+00
  0.0000000E+00  0.0000000E+00
  0.0000000E+00  0.0000000E+00
  0.0000000E+00  0.0000000E+00
  0.0000000E+00  0.0000000E+00
  0.0000000E+00  0.0000000E+00
  0.0000000E+00  0.0000000E+00
  0.0000000E+00  0.0000000E+00
  0.0000000E+00  0.0000000E+00
  0.0000000E+00  0.0000000E+00
  0.0000000E+00  0.0000000E+00
  0.0000000E+00  0.0000000E+00
  0.0000000E+00  0.0000000E+00
  0.0000000E+00  0.0000000E+00
  0.0000000E+00  0.0000000E+00
  0.0000000E+00  0.0000000E+00
  0.0000000E+00  0.0000000E+00
  0.0000000E+00  0.0000000E+00
  0.0000000E+00  0.0000000E+00
  0.0000000E+00  0.0000000E+00
  0.0000000E+00  0.0000000E+00
  0.0000000E+00  0.0000000E+00
  0.0000000E+00  0.0000000E+00
  0.0000000E+00  0.0000000E+00
  0.0000000E+00  0.0000000E+00
  0.0000000E+00  0.0000000E+00
  0.0000000E+00  0.0000000E+00
  0.0000000E+00  0.0000000E+00
  0.0000000E+00  0.0000000E+00
  0.0000000E+00  0.0000000E+00
  0.0000000E+00  0.0000000E+00
  0.0000000E+00  0.0000000E+00
  0.0000000E+00  0.0000000E+00
  0.0000000E+00  0.0000000E+00
  0.0000000E+00  0.0000000E+00
  0.0000000E+00  0.0000000E+00
  0.0000000E+00  0.0000000E+00
  0.0000000E+00  0.0000000E+00
  0.0000000E+00  0.0000000E+00
  0.0000000E+00  0.0000000E+00
  0.0000000E+00  0.0000000E+00
  0.0000000E+00  0.0000000E+00
  0.0000000E+00  0.0000000E+00
  0.0000000E+00  0.0000000E+00
  0.0000000E+00  0.0000000E+00
  0.0000000E+00  0.0000000E+00
  0.0000000E+00  0.0000000E+00
  0.0000000E+00  0.0000000E+00
  0.0000000E+00  0.0000000E+00
  0.0000000E+00  0.0000000E+00
  0.0000000E+00  0.0000000E+00
  0.0000000E+00  0.0000000E+00
  0.0000000E+00  0.0000000E+00
  0.0000000E+00  0.0000000E+00
  0.0000000E+00  0.0000000E+00
  0.0000000E+00  0.0000000E+00
  0.0000000E+00  0.0000000E+00
  0.0000000E+00  0.0000000E+00
  0.0000000E+00  0.0000000E+00
  0.0000000E+00  0.0000000E+00
  0.0000000E+00  0.0000000E+00
  0.0000000E+00  0.0000000E+00
  0.0000000E+00  0.0000000E+00
  0.0000000E+00  0.0000000E+00
  0.0000000E+00  0.0000000E+00
  0.0000000E+00  0.0000000E+00
  0.0000000E+00  0.0000000E+00
  0.0000000E+00  0.0000000E+00
  0.0000000E+00  0.0000000E+00
  0.0000000E+00  0.0000000E+00
  0.0000000E+00  0.0000000E+00
  0.0000000E+00  0.0000000E+00
  0.0000000E+00  0.0000000E+00
  0.0000000E+00  0.0000000E+00
  0.0000000E+00  0.0000000E+00
  0.0000000E+00  0.0000000E+00
  0.0000000E+00  0.0000000E+00
  0.0000000E+00  0.0000000E+00
  0.0000000E+00  0.0000000E+00
  0.0000000E+00  0.0000000E+00
  0.0000000E+00  0.0000000E+00
  0.0000000E+00  0.0000000E+00
  0.0000000E+00  0.0000000E+00
  0.0000000E+00  0.0000000E+00
  0.0000000E+00  0.0000000E+00
  0.0000000E+00  0.0000000E+00
  0.0000000E+00  0.0000000E+00
  0.0000000E+00  0.0000000E+00
  0.0000000E+00  0.0000000E+00
  0.0000000E+00  0.0000000E+00
  0.0000000E+00  0.0000000E+00
  0.0000000E+00  0.0000000E+00
  0.0000000E+00  0.0000000E+00
  0.0000000E+00  0.0000000E+00
  0.0000000E+00  0.0000000E+00
  0.0000000E+00  0.0000000E+00
  0.0000000E+00  0.0000000E+00
  0.0000000E+00  0.0000000E+00
  0.0000000E+00  0.0000000E+00
  0.0000000E+00  0.0000000E+00
  0.0000000E+00  0.0000000E+00
  0.0000000E+00  0.0000000E+00
  0.0000000E+00  0.0000000E+00
  0.0000000E+00  0.0000000E+00
  0.0000000E+00  0.0000000E+00
  0.0000000E+00  0.0000000E+00
  0.0000000E+00  0.0000000E+00
  0.0000000E+00  0.0000000E+00
  0.0000000E+00  0.0000000E+00
  0.0000000E+00  0.0000000E+00
  0.0000000E+00  0.0000000E+00
  0.0000000E+00  0.0000000E+00
  0.0000000E+00  0.0000000E+00
  0.0000000E+00  0.0000000E+00
  0.0000000E+00  0.0000000E+00
  0.0000000E+00  0.0000000E+00
  0.0000000E+00  0.0000000E+00
  0.0000000E+00  0.0000000E+00
  0.0000000E+00  0.0000000E+00
  0.0000000E+00  0.0000000E+00
  0.0000000E+00  0.0000000E+00
  0.0000000E+00  0.0000000E+00
  0.0000000E+00  0.0000000E+00
  0.0000000E+00  0.0000000E+00
  0.0000000E+00  0.0000000E+00
  0.0000000E+00  0.0000000E+00
  0.0000000E+00  0.0000000E+00
  0.0000000E+00  0.0000000E+00
  0.0000000E+00  0.0000000E+00
  0.0000000E+00  0.0000000E+00
  0.0000000E+00  0.0000000E+00
  0.0000000E+00  0.0000000E+00
  0.0000000E+00  0.0000000E+00
  0.0000000E+00  0.0000000E+00
  0.0000000E+00  0.0000000E+00
  0.0000000E+00  0.0000000E+00
  0.0000000E+00  0.0000000E+00
  0.0000000E+00  0.0000000E+00
  0.0000000E+00  0.0000000E+00
  0.0000000E+00  0.0000000E+00
  0.0000000E+00  0.0000000E+00
  0.0000000E+00  0.0000000E+00
  0.0000000E+00  0.0000000E+00
  0.0000000E+00  0.0000000E+00
  0.0000000E+00  0.0000000E+00
  0.0000000E+00  0.0000000E+00
  0.0000000E+00  0.0000000E+00
  0.0000000E+00  0.0000000E+00
  0.0000000E+00  0.0000000E+00
  0.0000000E+00  0.0000000E+00
  0.0000000E+00  0.0000000E+00
  0.0000000E+00  0.0000000E+00
  0.0000000E+00  0.0000000E+00
  0.0000000E+00  0.0000000E+00
  0.0000000E+00  0.0000000E+00
  0.0000000E+00  0.0000000E+00
  0.0000000E+00  0.0000000E+00
  0.0000000E+00  0.0000000E+00
  0.0000000E+00  0.0000000E+00
  0.0000000E+00  0.0000000E+00
  0.0000000E+00  0.0000000E+00
  0.0000000E+00  0.0000000E+00
  0.0000000E+00  0.0000000E+00
  0.0000000E+00  0.0000000E+00
  0.0000000E+00  0.0000000E+00
  0.0000000E+00  0.0000000E+00
  0.0000000E+00  0.0000000E+00
  0.0000000E+00  0.0000000E+00
  0.0000000E+00  0.0000000E+00
  0.0000000E+00  0.0000000E+00
  0.0000000E+00  0.0000000E+00
  0.0000000E+00  0.0000000E+00
  0.0000000E+00  0.0000000E+00
  0.0000000E+00  0.0000000E+00
  0.0000000E+00  0.0000000E+00
  0.0000000E+00  0.0000000E+00
  0.0000000E+00  0.0000000E+00
  0.0000000E+00  0.0000000E+00
  0.0000000E+00  0.0000000E+00
  0.0000000E+00  0.0000000E+00
  0.0000000E+00  0.0000000E+00
  0.0000000E+00  0.0000000E+00
  0.0000000E+00  0.0000000E+00
  0.0000000E+00  0.0000000E+00
  0.0000000E+00  0.0000000E+00
  0.0000000E+00  0.0000000E+00
  0.0000000E+00  0.0000000E+00
  0.0000000E+00  0.0000000E+00
  0.0000000E+00  0.0000000E+00
  0.0000000E+00  0.0000000E+00
  0.0000000E+00  0.0000000E+00
  0.0000000E+00  0.0000000E+00
  0.0000000E+00  0.0000000E+00
  0.0000000E+00  0.0000000E+00
  0.0000000E+00  0.0000000E+00
  0.0000000E+00  0.0000000E+00
  0.0000000E+00  0.0000000E+00
  0.0000000E+00  0.0000000E+00
  0.0000000E+00  0.0000000E+00
  0.0000000E+00  0.0000000E+00
  0.0000000E+00  0.0000000E+00
  0.0000000E+00  0.0000000E+00
  0.0000000E+00  0.0000000E+00
  0.0000000E+00  0.0000000E+00
  0.0000000E+00  0.0000000E+00
  0.0000000E+00  0.0000000E+00
  0.0000000E+00  0.0000000E+00
  0.0000000E+00  0.0000000E+00
  0.0000000E+00  0.0000000E+00
  0.0000000E+00  0.0000000E+00
  0.0000000E+00  0.0000000E+00
  0.0000000E+00  0.0000000E+00
  0.0000000E+00  0.0000000E+00
  0.0000000E+00  0.0000000E+00
  0.0000000E+00  0.0000000E+00
  0.0000000E+00  0.0000000E+00
  0.0000000E+00  0.0000000E+00
  0.0000000E+00  0.0000000E+00
  0.0000000E+00  0.0000000E+00
  0.0000000E+00  0.0000000E+00
  0.0000000E+00  0.0000000E+00
  0.0000000E+00  0.0000000E+00
  0.0000000E+00  0.0000000E+00
  0.0000000E+00  0.0000000E+00
  0.0000000E+00  0.0000000E+00
  0.0000000E+00  0.0000000E+00
  0.0000000E+00  0.0000000E+00
  0.0000000E+00  0.0000000E+00
  0.0000000E+00  0.0000000E+00
  0.0000000E+00  0.0000000E+00
  0.0000000E+00  0.0000000E+00
  0.0000000E+00  0.0000000E+00
  0.0000000E+00  0.0000000E+00
  0.0000000E+00  0.0000000E+00
  0.0000000E+00  0.0000000E+00
  0.0000000E+00  0.0000000E+00
  0.0000000E+00  0.0000000E+00
  0.0000000E+00  0.0000000E+00
  0.0000000E+00  0.0000000E+00
  0.0000000E+00  0.0000000E+00
  0.0000000E+00  0.0000000E+00
  0.0000000E+00  0.0000000E+00
  0.0000000E+00  0.0000000E+00
  0.0000000E+00  0.0000000E+00
  0.0000000E+00  0.0000000E+00
  0.0000000E+00  0.0000000E+00
  0.0000000E+00  0.0000000E+00
  0.0000000E+00  0.0000000E+00
  0.0000000E+00  0.0000000E+00
  0.0000000E+00  0.0000000E+00
  0.0000000E+00  0.0000000E+00
  0.0000000E+00  0.0000000E+00
  0.0000000E+00  0.0000000E+00
  0.0000000E+00  0.0000000E+00
  0.0000000E+00  0.0000000E+00
  0.0000000E+00  0.0000000E+00
  0.0000000E+00  0.0000000E+00
  0.0000000E+00  0.0000000E+00
  0.0000000E+00  0.0000000E+00
  0.0000000E+00  0.0000000E+00
  0.0000000E+00  0.0000000E+00
  0.0000000E+00  0.0000000E+00
  0.0000000E+00  0.0000000E+00
  0.0000000E+00  0.0000000E+00
  0.0000000E+00  0.0000000E+00
  0.0000000E+00  0.0000000E+00
  0.0000000E+00  0.0000000E+00
  0.0000000E+00  0.0000000E+00
  0.0000000E+00  0.0000000E+00
  0.0000000E+00  0.0000000E+00
  0.0000000E+00  0.0000000E+00
  0.0000000E+00  0.0000000E+00
  0.0000000E+00  0.0000000E+00
  0.0000000E+00  0.0000000E+00
  0.0000000E+00  0.0000000E+00
  0.0000000E+00  0.0000000E+00
  0.0000000E+00  0.0000000E+00
  0.0000000E+00  0.0000000E+00
  0.0000000E+00  0.0000000E+00
  0.0000000E+00  0.0000000E+00
  0.0000000E+00  0.0000000E+00
  0.0000000E+00  0.0000000E+00
  0.0000000E+00  0.0000000E+00
  0.0000000E+00  0.0000000E+00
  0.0000000E+00  0.0000000E+00
  0.0000000E+00  0.0000000E+00
  0.0000000E+00  0.0000000E+00
  0.0000000E+00  0.0000000E+00
  0.0000000E+00  0.0000000E+00
  0.0000000E+00  0.0000000E+00
  0.0000000E+00  0.0000000E+00
  0.0000000E+00  0.0000000E+00
  0.0000000E+00  0.0000000E+00
  0.0000000E+00  0.0000000E+00
  0.0000000E+00  0.0000000E+00
  0.0000000E+00  0.0000000E+00
  0.0000000E+00  0.0000000E+00
  0.0000000E+00  0.0000000E+00
  0.0000000E+00  0.0000000E+00
  0.0000000E+00  0.0000000E+00
  0.0000000E+00  0.0000000E+00
  0.0000000E+00  0.0000000E+00
  0.0000000E+00  0.0000000E+00
  0.0000000E+00  0.0000000E+00
  0.0000000E+00  0.0000000E+00
  0.0000000E+00  0.0000000E+00
  0.0000000E+00  0.0000000E+00
  0.0000000E+00  0.0000000E+00
  0.0000000E+00  0.0000000E+00
  0.0000000E+00  0.0000000E+00
  0.0000000E+00  0.0000000E+00
  0.0000000E+00  0.0000000E+00
  0.0000000E+00  0.0000000E+00
  0.0000000E+00  0.0000000E+00
  0.0000000E+00  0.0000000E+00
  0.0000000E+00  0.0000000E+00
  0.0000000E+00  0.0000000E+00
  0.0000000E+00  0.0000000E+00
  0.0000000E+00  0.0000000E+00
  0.0000000E+00  0.0000000E+00
  0.0000000E+00  0.0000000E+00
  0.0000000E+00  0.0000000E+00
  0.0000000E+00  0.0000000E+00
  0.0000000E+00  0.0000000E+00
  0.0000000E+00  0.0000000E+00
  0.0000000E+00  0.0000000E+00
  0.0000000E+00  0.0000000E+00
  0.0000000E+00  0.0000000E+00
  0.0000000E+00  0.0000000E+00
  0.0000000E+00  0.0000000E+00
  0.0000000E+00  0.0000000E+00
  0.0000000E+00  0.0000000E+00
  0.0000000E+00  0.0000000E+00
  0.0000000E+00  0.0000000E+00
  0.0000000E+00  0.0000000E+00
  0.0000000E+00  0.0000000E+00
  0.0000000E+00  0.0000000E+00
  0.0000000E+00  0.0000000E+00
  0.0000000E+00  0.0000000E+00
  0.0000000E+00  0.0000000E+00
  0.0000000E+00  0.0000000E+00
  0.0000000E+00  0.0000000E+00
  0.0000000E+00  0.0000000E+00
  0.0000000E+00  0.0000000E+00
  0.0000000E+00  0.0000000E+00
  0.0000000E+00  0.0000000E+00
  0.0000000E+00  0.0000000E+00
  0.0000000E+00  0.0000000E+00
  0.0000000E+00  0.0000000E+00
  0.0000000E+00  0.0000000E+00
  0.0000000E+00  0.0000000E+00
  0.0000000E+00  0.0000000E+00
  0.0000000E+00  0.0000000E+00
  0.0000000E+00  0.0000000E+00
  0.0000000E+00  0.0000000E+00
  0.0000000E+00  0.0000000E+00
  0.0000000E+00  0.0000000E+00
  0.0000000E+00  0.0000000E+00
  0.0000000E+00  0.0000000E+00
  0.0000000E+00  0.0000000E+00
  0.0000000E+00  0.0000000E+00
  0.0000000E+00  0.0000000E+00
  0.0000000E+00  0.0000000E+00
  0.0000000E+00  0.0000000E+00
  0.0000000E+00  0.0000000E+00
  0.0000000E+00  0.0000000E+00
  0.0000000E+00  0.0000000E+00
  0.0000000E+00  0.0000000E+00
  0.0000000E+00  0.0000000E+00
  0.0000000E+00  0.0000000E+00
  0.0000000E+00  0.0000000E+00
  0.0000000E+00  0.0000000E+00
  0.0000000E+00  0.0000000E+00
  0.0000000E+00  0.0000000E+00
  0.0000000E+00  0.0000000E+00
  0.0000000E+00  0.0000000E+00
  0.0000000E+00  0.0000000E+00
  0.0000000E+00  0.0000000E+00
  0.0000000E+00  0.0000000E+00
  0.0000000E+00  0.0000000E+00
  0.0000000E+00  0.0000000E+00
  0.0000000E+00  0.0000000E+00
  0.0000000E+00  0.0000000E+00
  0.0000000E+00  0.0000000E+00
  0.0000000E+00  0.0000000E+00
  0.0000000E+00  0.0000000E+00
  0.0000000E+00  0.0000000E+00
  0.0000000E+00  0.0000000E+00
  0.0000000E+00  0.0000000E+00
  0.0000000E+00  0.0000000E+00
  0.0000000E+00  0.0000000E+00
  0.0000000E+00  0.0000000E+00
  0.0000000E+00  0.0000000E+00
  0.0000000E+00  0.0000000E+00
  0.0000000E+00  0.0000000E+00
  0.0000000E+00  0.0000000E+00
  0.0000000E+00  0.0000000E+00
  0.0000000E+00  0.0000000E+00
  0.0000000E+00  0.0000000E+00
  0.0000000E+00  0.0000000E+00
  0.0000000E+00  0.0000000E+00
  0.0000000E+00  0.0000000E+00
  0.0000000E+00  0.0000000E+00
  0.0000000E+00  0.0000000E+00
  0.0000000E+00  0.0000000E+00
  0.0000000E+00  0.0000000E+00
  0.0000000E+00  0.0000000E+00
  0.0000000E+00  0.0000000E+00
  0.0000000E+00  0.0000000E+00
  0.0000000E+00  0.0000000E+00
  0.0000000E+00  0.0000000E+00
  0.0000000E+00  0.0000000E+00
  0.0000000E+00  0.0000000E+00
  0.0000000E+00  0.0000000E+00
  0.0000000E+00  0.0000000E+00
  0.0000000E+00  0.0000000E+00
  0.0000000E+00  0.0000000E+00
  0.0000000E+00  0.0000000E+00
  0.0000000E+00  0.0000000E+00
  0.0000000E+00  0.0000000E+00
  0.0000000E+00  0.0000000E+00
  0.0000000E+00  0.0000000E+00
  0.0000000E+00  0.0000000E+00
  0.0000000E+00  0.0000000E+00
  0.0000000E+00  0.0000000E+00
  0.0000000E+00  0.0000000E+00
  0.0000000E+00  0.0000000E+00
  0.0000000E+00  0.0000000E+00
  0.0000000E+00  0.0000000E+00
  0.0000000E+00  0.0000000E+00
  0.0000000E+00  0.0000000E+00
  0.0000000E+00  0.0000000E+00
  0.0000000E+00  0.0000000E+00
  0.0000000E+00  0.0000000E+00
  0.0000000E+00  0.0000000E+00
  0.0000000E+00  0.0000000E+00
  0.0000000E+00  0.0000000E+00
  0.0000000E+00  0.0000000E+00
  0.0000000E+00  0.0000000E+00
  0.0000000E+00  0.0000000E+00
  0.0000000E+00  0.0000000E+00
  0.0000000E+00  0.0000000E+00
  0.0000000E+00  0.0000000E+00
  0.0000000E+00  0.0000000E+00
  0.0000000E+00  0.0000000E+00
  0.0000000E+00  0.0000000E+00
  0.0000000E+00  0.0000000E+00
  0.0000000E+00  0.0000000E+00
  0.0000000E+00  0.0000000E+00
  0.0000000E+00  0.0000000E+00
  0.0000000E+00  0.0000000E+00
  0.0000000E+00  0.0000000E+00
  0.0000000E+00  0.0000000E+00
  0.0000000E+00  0.0000000E+00
  0.0000000E+00  0.0000000E+00
  0.0000000E+00  0.0000000E+00
  0.0000000E+00  0.0000000E+00
  0.0000000E+00  0.0000000E+00
  0.0000000E+00  0.0000000E+00
  0.0000000E+00  0.0000000E+00
  0.0000000E+00  0.0000000E+00
  0.0000000E+00  0.0000000E+00
  0.0000000E+00  0.0000000E+00
  0.0000000E+00  0.0000000E+00
  0.0000000E+00  0.0000000E+00
  0.0000000E+00  0.0000000E+00
  0.0000000E+00  0.0000000E+00
  0.0000000E+00  0.0000000E+00
  0.0000000E+00  0.0000000E+00
  0.0000000E+00  0.0000000E+00
  0.0000000E+00  0.0000000E+00
  0.0000000E+00  0.0000000E+00
  0.0000000E+00  0.0000000E+00
  0.0000000E+00  0.0000000E+00
  0.0000000E+00  0.0000000E+00
  0.0000000E+00  0.0000000E+00
  0.0000000E+00  0.0000000E+00
  0.0000000E+00  0.0000000E+00
  0.0000000E+00  0.0000000E+00
  0.0000000E+00  0.0000000E+00
  0.0000000E+00  0.0000000E+00
  0.0000000E+00  0.0000000E+00
  0.0000000E+00  0.0000000E+00
  0.0000000E+00  0.0000000E+00
  0.0000000E+00  0.0000000E+00
  0.0000000E+00  0.0000000E+00
  0.0000000E+00  0.0000000E+00
  0.0000000E+00  0.0000000E+00
  0.0000000E+00  0.0000000E+00
  0.0000000E+00  0.0000000E+00
  0.0000000E+00  0.0000000E+00
  0.0000000E+00  0.0000000E+00
  0.0000000E+00  0.0000000E+00
  0.0000000E+00  0.0000000E+00
  0.0000000E+00  0.0000000E+00
  0.0000000E+00  0.0000000E+00
  0.0000000E+00  0.0000000E+00
  0.0000000E+00  0.0000000E+00
  0.0000000E+00  0.0000000E+00
