  0.1575909E+00 -0.7345113E+00
  0.1051954E+00 -0.7342738E+00
  0.7850079E-01 -0.7482396E+00
  0.5984239E-01 -0.7541472E+00
  0.5225591E-01 -0.7612205E+00
  0.4879735E-01 -0.7669173E+00
 -0.5070012E+00 -0.7868646E+00
  0.9088648E-02 -0.7617381E+00
  0.5371770E-02 -0.7684185E+00
  0.9204232E-03 -0.8030262E+00
 -0.9815291E-02 -0.9892223E+00
 -0.3462775E-02 -0.9864901E+00
  0.2745811E-02 -0.9862064E+00
  0.8872923E-02 -0.9866782E+00
  0.1441275E-01 -0.9873273E+00
  0.2012923E-01 -0.9884607E+00
  0.2610579E-01 -0.9886272E+00
  0.3218026E-01 -0.9873488E+00
  0.3847531E-01 -0.9875454E+00
  0.4357338E-01 -0.9889197E+00
  0.4851223E-01 -0.9889480E+00
  0.5402267E-01 -0.9899117E+00
  0.5809960E-01 -0.9916310E+00
  0.6207310E-01 -0.9918073E+00
  0.6684650E-01 -0.9928142E+00
  0.6987908E-01 -0.9944758E+00
  0.7278151E-01 -0.9945183E+00
  0.7665880E-01 -0.9953456E+00
  0.7853653E-01 -0.9967645E+00
  0.8022279E-01 -0.9965549E+00
  0.8298220E-01 -0.9970879E+00
  0.8356418E-01 -0.9981563E+00
  0.8388901E-01 -0.9975884E+00
  0.8533506E-01 -0.9977358E+00
  0.8451146E-01 -0.9983897E+00
  0.8342554E-01 -0.9973897E+00
  0.8351229E-01 -0.9971199E+00
  0.8132765E-01 -0.9973720E+00
  0.7891367E-01 -0.9959986E+00
  0.7766946E-01 -0.9953616E+00
  0.7424370E-01 -0.9953179E+00
  0.7063796E-01 -0.9936703E+00
  0.6815409E-01 -0.9927800E+00
  0.6366746E-01 -0.9925621E+00
  0.5906471E-01 -0.9907693E+00
  0.5550098E-01 -0.9897787E+00
  0.5018117E-01 -0.9895369E+00
  0.4481105E-01 -0.9877535E+00
  0.4034625E-01 -0.9868087E+00
  0.3444172E-01 -0.9866892E+00
  0.2854355E-01 -0.9850736E+00
  0.2337125E-01 -0.9843120E+00
  0.1713131E-01 -0.9844506E+00
  0.1093283E-01 -0.9831359E+00
  0.5239916E-02 -0.9827104E+00
 -0.1106325E-02 -0.9832320E+00
 -0.7391062E-02 -0.9822939E+00
 -0.1341736E-01 -0.9822448E+00
 -0.1965394E-01 -0.9831508E+00
 -0.2583364E-01 -0.9826038E+00
 -0.3200084E-01 -0.9829450E+00
 -0.3793865E-01 -0.9841890E+00
 -0.4379645E-01 -0.9840529E+00
 -0.4987159E-01 -0.9848321E+00
 -0.5531820E-01 -0.9864063E+00
 -0.6069368E-01 -0.9864945E+00
 -0.6652465E-01 -0.9874920E+00
 -0.7129369E-01 -0.9892542E+00
 -0.7599737E-01 -0.9894465E+00
 -0.8138900E-01 -0.9904624E+00
 -0.8533494E-01 -0.9921981E+00
 -0.8913953E-01 -0.9923825E+00
 -0.9379075E-01 -0.9933931E+00
 -0.9668119E-01 -0.9950370E+00
 -0.9937450E-01 -0.9950774E+00
 -0.1030510E+00 -0.9959196E+00
 -0.1046889E+00 -0.9973428E+00
 -0.1061013E+00 -0.9971375E+00
 -0.1086317E+00 -0.9977178E+00
 -0.1092622E+00 -0.9988036E+00
 -0.1103659E+00 -0.9985592E+00
 -0.1080626E+00 -0.1002029E+01
 -0.1018654E+00 -0.1004104E+01
 -0.9964821E-01 -0.1004202E+01
 -0.9813619E-01 -0.1003849E+01
 -0.9637528E-01 -0.1003457E+01
 -0.9435362E-01 -0.1002930E+01
 -0.9209628E-01 -0.1002218E+01
 -0.8955830E-01 -0.1001349E+01
 -0.8667621E-01 -0.1000395E+01
 -0.8342129E-01 -0.9994237E+00
 -0.7981773E-01 -0.9984444E+00
 -0.7590716E-01 -0.9974689E+00
 -0.7174107E-01 -0.9964621E+00
 -0.6733605E-01 -0.9954634E+00
 -0.6264633E-01 -0.9945853E+00
 -0.5775050E-01 -0.9937680E+00
 -0.5271956E-01 -0.9928719E+00
 -0.4742300E-01 -0.9918544E+00
 -0.4144512E-01 -0.9906091E+00
 -0.3562256E-01 -0.9862081E+00
 -0.3210783E-01 -0.9827952E+00
 -0.2682144E-01 -0.9832060E+00
 -0.2088724E-01 -0.9859405E+00
 -0.1512394E-01 -0.9917427E+00
 -0.1946937E-01 -0.8002034E+00
 -0.2097730E-01 -0.7646269E+00
 -0.2241854E-01 -0.7577159E+00
 -0.2423028E-01 -0.7563593E+00
 -0.2675616E-01 -0.7525805E+00
 -0.3013998E-01 -0.7499911E+00
 -0.3616500E-01 -0.7476261E+00
 -0.7879216E-01 -0.7392725E+00
 -0.9797028E-01 -0.7270346E+00
 -0.1588899E+00 -0.7349160E+00
 -0.4640715E+00 -0.7449759E+00
 -0.5188876E+00 -0.7978078E+00
 -0.1095071E+01 -0.7563617E+00
 -0.1345671E+01 -0.7677676E+00
 -0.1533595E+01 -0.7776608E+00
 -0.1650394E+01 -0.7842981E+00
 -0.1690758E+01 -0.7866461E+00
 -0.1651921E+01 -0.7842974E+00
 -0.1538478E+01 -0.7778921E+00
 -0.1361328E+01 -0.7687683E+00
 -0.1127065E+01 -0.7584188E+00
 -0.8436464E+00 -0.7484419E+00
 -0.5242984E+00 -0.7406090E+00
 -0.1836130E+00 -0.7362648E+00
  0.1643841E+00 -0.7361472E+00
  0.5052593E+00 -0.7402232E+00
  0.8247069E+00 -0.7478510E+00
  0.1109254E+01 -0.7576960E+00
  0.1346145E+01 -0.7680511E+00
  0.1524279E+01 -0.7771016E+00
  0.1634000E+01 -0.7832046E+00
  0.1668163E+01 -0.7851596E+00
  0.1627288E+01 -0.7827858E+00
  0.1518368E+01 -0.7768199E+00
  0.1343624E+01 -0.7679802E+00
  0.1107812E+01 -0.7575919E+00
  0.8219995E+00 -0.7474398E+00
  0.4978458E+00 -0.7392224E+00
 -0.3866464E+00 -0.7634729E+00
 -0.3240521E+00 -0.7882992E+00
  0.1815675E+00 -0.7461551E+00
  0.1654176E+00 -0.7591246E+00
  0.1561442E+00 -0.7666166E+00
  0.3377109E-01 -0.7660570E+00
 -0.5589331E+00 -0.7661426E+00
  0.4459823E-01 -0.8019953E+00
  0.2311497E-01 -0.8018093E+00
  0.6587834E-01 -0.8026360E+00
  0.8572747E-01 -0.8042408E+00
  0.1049673E+00 -0.8061163E+00
  0.1249646E+00 -0.8070420E+00
  0.1442650E+00 -0.8083339E+00
  0.1625410E+00 -0.8101188E+00
  0.1798255E+00 -0.8122559E+00
  0.1961610E+00 -0.8145864E+00
  0.2115652E+00 -0.8169845E+00
  0.2258885E+00 -0.8194355E+00
  0.2391919E+00 -0.8218797E+00
  0.2514639E+00 -0.8242295E+00
  0.2625243E+00 -0.8264635E+00
  0.2724564E+00 -0.8285322E+00
  0.2812287E+00 -0.8303819E+00
  0.2886288E+00 -0.8320410E+00
  0.2947764E+00 -0.8334641E+00
  0.2997217E+00 -0.8345658E+00
  0.3031397E+00 -0.8353977E+00
  0.3051699E+00 -0.8359378E+00
  0.3059222E+00 -0.8360913E+00
  0.3051262E+00 -0.8359356E+00
  0.3029516E+00 -0.8354508E+00
  0.2995316E+00 -0.8345919E+00
  0.2946022E+00 -0.8334531E+00
  0.2883458E+00 -0.8320366E+00
  0.2808862E+00 -0.8303263E+00
  0.2720125E+00 -0.8283922E+00
  0.2619179E+00 -0.8262902E+00
  0.2507218E+00 -0.8239901E+00
  0.2382721E+00 -0.8215951E+00
  0.2247388E+00 -0.8191321E+00
  0.2102606E+00 -0.8165918E+00
  0.1947290E+00 -0.8140989E+00
  0.1783128E+00 -0.8116556E+00
  0.1611456E+00 -0.8092650E+00
  0.1431598E+00 -0.8070419E+00
  0.1245300E+00 -0.8050012E+00
  0.1053637E+00 -0.8031256E+00
  0.8566310E-01 -0.8015164E+00
  0.6556250E-01 -0.8002142E+00
  0.4516209E-01 -0.7991987E+00
  0.2450186E-01 -0.7985347E+00
  0.3695778E-02 -0.7981791E+00
 -0.1715525E-01 -0.7981061E+00
 -0.3796258E-01 -0.7983958E+00
 -0.5863214E-01 -0.7990138E+00
 -0.7909483E-01 -0.7999051E+00
 -0.9923286E-01 -0.8011300E+00
 -0.1189090E+00 -0.8027229E+00
 -0.1381042E+00 -0.8045399E+00
 -0.1567939E+00 -0.8065423E+00
 -0.1748565E+00 -0.8087420E+00
 -0.1922410E+00 -0.8110860E+00
 -0.2088422E+00 -0.8134932E+00
 -0.2246308E+00 -0.8159580E+00
 -0.2395521E+00 -0.8184299E+00
 -0.2534094E+00 -0.8209018E+00
 -0.2662082E+00 -0.8233429E+00
 -0.2779511E+00 -0.8256691E+00
 -0.2884747E+00 -0.8278661E+00
 -0.2978017E+00 -0.8299001E+00
 -0.3059301E+00 -0.8317087E+00
 -0.3126530E+00 -0.8333116E+00
 -0.3180949E+00 -0.8346291E+00
 -0.3222727E+00 -0.8356373E+00
 -0.3249206E+00 -0.8363863E+00
 -0.3259890E+00 -0.8369808E+00
 -0.3251889E+00 -0.8375258E+00
 -0.3227979E+00 -0.8377082E+00
 -0.3193481E+00 -0.8373160E+00
 -0.3147875E+00 -0.8364903E+00
 -0.3090513E+00 -0.8353143E+00
 -0.3022255E+00 -0.8337601E+00
 -0.2943207E+00 -0.8318763E+00
 -0.2851997E+00 -0.8297584E+00
 -0.2748211E+00 -0.8274684E+00
 -0.2631686E+00 -0.8250788E+00
 -0.2503455E+00 -0.8226130E+00
 -0.2364599E+00 -0.8200961E+00
 -0.2215877E+00 -0.8175551E+00
 -0.2057237E+00 -0.8150530E+00
 -0.1889194E+00 -0.8127190E+00
 -0.1714145E+00 -0.8104970E+00
 -0.1533349E+00 -0.8082903E+00
 -0.1346556E+00 -0.8060842E+00
 -0.1154657E+00 -0.8038453E+00
 -0.9609009E-01 -0.8015505E+00
 -0.7666751E-01 -0.7997512E+00
 -0.5723854E-01 -0.7988769E+00
 -0.3802915E-01 -0.7991450E+00
 -0.4363812E-01 -0.7653721E+00
 -0.2764671E+00 -0.7252551E+00
 -0.4828308E-01 -0.7589782E+00
 -0.5401956E-01 -0.7585346E+00
 -0.6141252E-01 -0.7573985E+00
 -0.7153250E-01 -0.7552983E+00
 -0.8989926E-01 -0.7534205E+00
 -0.9185905E+00 -0.7546214E+00
 -0.2400089E+00 -0.7399065E+00
 -0.1038728E+01 -0.7616547E+00
 -0.5077373E+00 -0.7703789E+00
 -0.7662979E+00 -0.7476748E+00
 -0.1116584E+01 -0.7663718E+00
 -0.1141823E+01 -0.7676468E+00
 -0.1113719E+01 -0.7656910E+00
 -0.1038205E+01 -0.7613956E+00
 -0.9209855E+00 -0.7547880E+00
 -0.7639980E+00 -0.7466418E+00
 -0.5735215E+00 -0.7390032E+00
 -0.3581792E+00 -0.7330101E+00
 -0.1281683E+00 -0.7297316E+00
  0.1081892E+00 -0.7297024E+00
  0.3397192E+00 -0.7328202E+00
  0.5555055E+00 -0.7386222E+00
  0.7470317E+00 -0.7460327E+00
  0.9061242E+00 -0.7538089E+00
  0.1025324E+01 -0.7605981E+00
  0.1097311E+01 -0.7650880E+00
  0.1118290E+01 -0.7664941E+00
  0.1091982E+01 -0.7652189E+00
  0.1022594E+01 -0.7612104E+00
  0.9049525E+00 -0.7541362E+00
  0.7483156E+00 -0.7462924E+00
  0.5612082E+00 -0.7392854E+00
  0.3439149E+00 -0.7362448E+00
  0.6272656E-01 -0.7575476E+00
  0.1495886E+00 -0.7797104E+00
 -0.2141873E+00 -0.7567678E+00
  0.4057453E-01 -0.7848594E+00
  0.6297264E-01 -0.7625488E+00
  0.2601678E+00 -0.7666315E+00
  0.6085858E-01 -0.7671552E+00
  0.2911410E+00 -0.7551904E+00
  0.1620642E+00 -0.7749825E+00
  0.1869015E+00 -0.7766891E+00
  0.2099528E+00 -0.7789948E+00
  0.2318604E+00 -0.7816449E+00
  0.2524988E+00 -0.7843525E+00
  0.2716554E+00 -0.7871277E+00
  0.2894975E+00 -0.7899449E+00
  0.3060499E+00 -0.7927104E+00
  0.3211356E+00 -0.7954091E+00
  0.3348635E+00 -0.7979097E+00
  0.3471851E+00 -0.8001912E+00
  0.3577773E+00 -0.8022764E+00
  0.3668218E+00 -0.8040928E+00
  0.3744636E+00 -0.8056586E+00
  0.3803931E+00 -0.8069727E+00
  0.3844983E+00 -0.8078914E+00
  0.3868514E+00 -0.8084359E+00
  0.3873695E+00 -0.8086400E+00
  0.3860882E+00 -0.8083837E+00
  0.3831768E+00 -0.8077391E+00
  0.3785368E+00 -0.8067951E+00
  0.3721633E+00 -0.8054256E+00
  0.3641820E+00 -0.8037121E+00
  0.3545336E+00 -0.8017958E+00
  0.3432450E+00 -0.7995464E+00
  0.3304668E+00 -0.7970670E+00
  0.3161528E+00 -0.7944840E+00
  0.3003804E+00 -0.7917081E+00
  0.2832986E+00 -0.7888353E+00
  0.2648840E+00 -0.7860018E+00
  0.2452401E+00 -0.7831179E+00
  0.2245304E+00 -0.7802783E+00
  0.2027539E+00 -0.7776343E+00
  0.1800343E+00 -0.7750890E+00
  0.1565422E+00 -0.7727272E+00
  0.1323027E+00 -0.7706698E+00
  0.1074566E+00 -0.7688176E+00
  0.8211992E-01 -0.7672795E+00
  0.5640310E-01 -0.7663092E+00
  0.3028719E-01 -0.7656522E+00
  0.3918591E-02 -0.7652406E+00
 -0.2246067E-01 -0.7652641E+00
 -0.4873963E-01 -0.7656375E+00
 -0.7482017E-01 -0.7663406E+00
 -0.1005800E+00 -0.7675074E+00
 -0.1258473E+00 -0.7689338E+00
 -0.1502844E+00 -0.7705932E+00
 -0.1740055E+00 -0.7727799E+00
 -0.1973995E+00 -0.7751882E+00
 -0.2199924E+00 -0.7776604E+00
 -0.2416343E+00 -0.7803944E+00
 -0.2625348E+00 -0.7831873E+00
 -0.2823640E+00 -0.7859775E+00
 -0.3009061E+00 -0.7888512E+00
 -0.3182097E+00 -0.7916801E+00
 -0.3340936E+00 -0.7943986E+00
 -0.3485020E+00 -0.7970712E+00
 -0.3615937E+00 -0.7995601E+00
 -0.3731399E+00 -0.8018106E+00
 -0.3829491E+00 -0.8039181E+00
 -0.3912458E+00 -0.8056850E+00
 -0.3979872E+00 -0.8071209E+00
 -0.4028915E+00 -0.8081961E+00
 -0.4058411E+00 -0.8088884E+00
 -0.4069203E+00 -0.8092881E+00
 -0.4060977E+00 -0.8094265E+00
 -0.4033195E+00 -0.8091428E+00
 -0.3988449E+00 -0.8084889E+00
 -0.3927913E+00 -0.8074018E+00
 -0.3853752E+00 -0.8059734E+00
 -0.3768215E+00 -0.8040618E+00
 -0.3670093E+00 -0.8019374E+00
 -0.3555594E+00 -0.7995958E+00
 -0.3423288E+00 -0.7969998E+00
 -0.3273696E+00 -0.7942370E+00
 -0.3109517E+00 -0.7913930E+00
 -0.2932516E+00 -0.7885409E+00
 -0.2742212E+00 -0.7856556E+00
 -0.2537873E+00 -0.7827439E+00
 -0.2321827E+00 -0.7799484E+00
 -0.2100818E+00 -0.7774162E+00
 -0.1874474E+00 -0.7750199E+00
 -0.1639666E+00 -0.7726685E+00
 -0.1399118E+00 -0.7705223E+00
 -0.1158032E+00 -0.7684851E+00
 -0.9160544E-01 -0.7670377E+00
 -0.6734334E-01 -0.7661992E+00
 -0.8458589E+00 -0.7711303E+00
 -0.6473506E+00 -0.7565511E+00
 -0.8621519E-01 -0.7603502E+00
 -0.9929012E-01 -0.7592441E+00
  0.2345475E+00 -0.7678660E+00
 -0.1153282E+00 -0.7562453E+00
 -0.1489863E+00 -0.7549810E+00
 -0.4123367E+00 -0.7362135E+00
 -0.9079145E+00 -0.7759812E+00
 -0.9262477E+00 -0.7769362E+00
 -0.7572094E-01 -0.7601730E+00
 -0.9006034E+00 -0.7747817E+00
 -0.8405331E+00 -0.7715937E+00
 -0.7483703E+00 -0.7653529E+00
 -0.6227561E+00 -0.7567409E+00
 -0.4701582E+00 -0.7492201E+00
 -0.2962497E+00 -0.7433172E+00
 -0.1092256E+00 -0.7401665E+00
  0.8647660E-01 -0.7401422E+00
  0.2777276E+00 -0.7433259E+00
  0.4529420E+00 -0.7490399E+00
  0.6070042E+00 -0.7561933E+00
  0.7342717E+00 -0.7636183E+00
  0.8288336E+00 -0.7701212E+00
  0.8846903E+00 -0.7743226E+00
  0.9003248E+00 -0.7758013E+00
  0.8806395E+00 -0.7756108E+00
  0.8310343E+00 -0.7721099E+00
  0.7345077E+00 -0.7642272E+00
  0.6110690E+00 -0.7566977E+00
  0.4673736E+00 -0.7516479E+00
 -0.7550587E+00 -0.7624361E+00
  0.8816326E-01 -0.7692147E+00
  0.1356252E+00 -0.7722542E+00
  0.1124382E+00 -0.7690215E+00
 -0.5888234E+00 -0.7412083E+00
  0.2161488E+00 -0.7720900E+00
  0.4151284E+00 -0.7630698E+00
  0.1840468E+00 -0.7702907E+00
  0.2144663E+00 -0.7711277E+00
  0.2913886E+00 -0.7789748E+00
  0.3132322E+00 -0.7815239E+00
  0.3333397E+00 -0.7844535E+00
  0.3521536E+00 -0.7874382E+00
  0.3691992E+00 -0.7900504E+00
  0.3847086E+00 -0.7925490E+00
  0.3985480E+00 -0.7949953E+00
  0.4102425E+00 -0.7967887E+00
  0.4202684E+00 -0.7986117E+00
  0.4292322E+00 -0.8004140E+00
  0.4363756E+00 -0.8018537E+00
  0.4408943E+00 -0.8027521E+00
  0.4431526E+00 -0.8034183E+00
  0.4434158E+00 -0.8035187E+00
  0.4414058E+00 -0.8030781E+00
  0.4377160E+00 -0.8024384E+00
  0.4323769E+00 -0.8014776E+00
  0.4248585E+00 -0.7999167E+00
  0.4155899E+00 -0.7981874E+00
  0.4045982E+00 -0.7962627E+00
  0.3915232E+00 -0.7937929E+00
  0.3768375E+00 -0.7912855E+00
  0.3605545E+00 -0.7887025E+00
  0.3423839E+00 -0.7857027E+00
  0.3228248E+00 -0.7828050E+00
  0.3018518E+00 -0.7799736E+00
  0.2792929E+00 -0.7768872E+00
  0.2556112E+00 -0.7740343E+00
  0.2307745E+00 -0.7714048E+00
  0.2047296E+00 -0.7686719E+00
  0.1779115E+00 -0.7663019E+00
  0.1502417E+00 -0.7643282E+00
  0.1217783E+00 -0.7621922E+00
  0.9294672E-01 -0.7604262E+00
  0.6395181E-01 -0.7597159E+00
  0.3376389E-01 -0.7595126E+00
  0.2941334E-02 -0.7590746E+00
 -0.2755616E-01 -0.7589778E+00
 -0.5792321E-01 -0.7594811E+00
 -0.8799338E-01 -0.7602553E+00
 -0.1174532E+00 -0.7614601E+00
 -0.1461335E+00 -0.7628719E+00
 -0.1728831E+00 -0.7638826E+00
 -0.1987548E+00 -0.7662008E+00
 -0.2255385E+00 -0.7692696E+00
 -0.2512326E+00 -0.7715681E+00
 -0.2758330E+00 -0.7745085E+00
 -0.3002175E+00 -0.7776623E+00
 -0.3230317E+00 -0.7805339E+00
 -0.3441624E+00 -0.7834332E+00
 -0.3639071E+00 -0.7863745E+00
 -0.3817146E+00 -0.7891182E+00
 -0.3979851E+00 -0.7917541E+00
 -0.4130580E+00 -0.7944003E+00
 -0.4259813E+00 -0.7966914E+00
 -0.4368806E+00 -0.7988892E+00
 -0.4464618E+00 -0.8008139E+00
 -0.4542196E+00 -0.8023024E+00
 -0.4594882E+00 -0.8032278E+00
 -0.4620171E+00 -0.8035962E+00
 -0.4625193E+00 -0.8039463E+00
 -0.4612149E+00 -0.8040071E+00
 -0.4572189E+00 -0.8032758E+00
 -0.4513902E+00 -0.8026454E+00
 -0.4441165E+00 -0.8010936E+00
 -0.4354523E+00 -0.7998061E+00
 -0.4264390E+00 -0.7975631E+00
 -0.4162496E+00 -0.7957945E+00
 -0.4036257E+00 -0.7937105E+00
 -0.3882946E+00 -0.7909589E+00
 -0.3707103E+00 -0.7878863E+00
 -0.3517411E+00 -0.7849790E+00
 -0.3314004E+00 -0.7822340E+00
 -0.3092318E+00 -0.7793313E+00
 -0.2850213E+00 -0.7760623E+00
 -0.2596701E+00 -0.7724139E+00
 -0.2353278E+00 -0.7698328E+00
 -0.2106793E+00 -0.7682216E+00
 -0.1840347E+00 -0.7659444E+00
 -0.1567542E+00 -0.7637604E+00
 -0.1305133E+00 -0.7615104E+00
 -0.1037420E+00 -0.7612031E+00
 -0.7661615E+00 -0.7878382E+00
 -0.7948365E+00 -0.7917330E+00
  0.1098505E+00 -0.7557502E+00
 -0.5111392E+00 -0.7509608E+00
 -0.7286661E+00 -0.7831558E+00
  0.2962862E+00 -0.7675799E+00
  0.1037253E+00 -0.7641723E+00
 -0.1397093E+00 -0.7607142E+00
  0.4607289E-01 -0.7639891E+00
 -0.7156270E+00 -0.7869657E+00
  0.2414389E+00 -0.7728403E+00
 -0.7805021E+00 -0.7906694E+00
  0.2069707E-01 -0.7702224E+00
  0.1588774E+00 -0.7653949E+00
 -0.5347953E+00 -0.7693691E+00
 -0.4079578E+00 -0.7614186E+00
 -0.2605381E+00 -0.7552125E+00
 -0.1000612E+00 -0.7521823E+00
  0.7385286E-01 -0.7521167E+00
  0.2428375E+00 -0.7557225E+00
  0.3923806E+00 -0.7618403E+00
  0.5220937E+00 -0.7692326E+00
  0.6286616E+00 -0.7768550E+00
  0.7073693E+00 -0.7834604E+00
  0.7531332E+00 -0.7877384E+00
  0.7644790E+00 -0.7894875E+00
  0.7453758E+00 -0.7915644E+00
  0.7179009E+00 -0.7889171E+00
  0.6289398E+00 -0.7770292E+00
  0.5277596E+00 -0.7688035E+00
 -0.6617464E+00 -0.7734537E+00
 -0.1209158E+00 -0.7633610E+00
  0.2672575E+00 -0.7761279E+00
 -0.1558356E+00 -0.7539040E+00
  0.1086419E+00 -0.7499614E+00
 -0.6402540E+00 -0.7806669E+00
 -0.1887584E+00 -0.7566212E+00
  0.2652779E+00 -0.7761177E+00
  0.2013623E+00 -0.7694518E+00
 -0.3587714E+00 -0.7743006E+00
 -0.2628088E+00 -0.7627903E+00
  0.1297762E+00 -0.7563543E+00
  0.2365917E+00 -0.7698271E+00
 -0.6759096E+00 -0.8072999E+00
  0.3246856E+00 -0.7786765E+00
  0.3482188E+00 -0.7803523E+00
  0.4096002E+00 -0.7886868E+00
  0.4262474E+00 -0.7911934E+00
  0.4418065E+00 -0.7940650E+00
  0.4534071E+00 -0.7947277E+00
  0.4640043E+00 -0.7963942E+00
  0.4757365E+00 -0.7989310E+00
  0.4854151E+00 -0.8009248E+00
  0.4898956E+00 -0.8014057E+00
  0.4914442E+00 -0.8023133E+00
  0.4913301E+00 -0.8025655E+00
  0.4876571E+00 -0.8013653E+00
  0.4833073E+00 -0.8007879E+00
  0.4778835E+00 -0.8005056E+00
  0.4687880E+00 -0.7982447E+00
  0.4586849E+00 -0.7965176E+00
  0.4471171E+00 -0.7952992E+00
  0.4319449E+00 -0.7921548E+00
  0.4160169E+00 -0.7896599E+00
  0.3984904E+00 -0.7877693E+00
  0.3777187E+00 -0.7841156E+00
  0.3565131E+00 -0.7812482E+00
  0.3336706E+00 -0.7791077E+00
  0.3080547E+00 -0.7754204E+00
  0.2823843E+00 -0.7725783E+00
  0.2550905E+00 -0.7706008E+00
  0.2256853E+00 -0.7672678E+00
  0.1965452E+00 -0.7650078E+00
  0.1655550E+00 -0.7639489E+00
  0.1332373E+00 -0.7608194E+00
  0.1021688E+00 -0.7574235E+00
  0.7229728E-01 -0.7578235E+00
  0.3788775E-01 -0.7598225E+00
  0.1486906E-02 -0.7582152E+00
 -0.3274099E-01 -0.7579706E+00
 -0.6756647E-01 -0.7592624E+00
 -0.1014791E+00 -0.7592713E+00
 -0.1338132E+00 -0.7609011E+00
 -0.1664563E+00 -0.7633096E+00
 -0.1917640E+00 -0.7599776E+00
 -0.2173487E+00 -0.7626782E+00
 -0.2479866E+00 -0.7694755E+00
 -0.2765187E+00 -0.7692501E+00
 -0.3031394E+00 -0.7729225E+00
 -0.3324402E+00 -0.7776019E+00
 -0.3579446E+00 -0.7794403E+00
 -0.3807749E+00 -0.7822802E+00
 -0.4030308E+00 -0.7857333E+00
 -0.4220422E+00 -0.7877918E+00
 -0.4396591E+00 -0.7901112E+00
 -0.4576250E+00 -0.7937019E+00
 -0.4717018E+00 -0.7952766E+00
 -0.4828912E+00 -0.7977968E+00
 -0.4942989E+00 -0.8002935E+00
 -0.5036481E+00 -0.8016800E+00
 -0.5085978E+00 -0.8023792E+00
 -0.5089341E+00 -0.8017421E+00
 -0.5084529E+00 -0.8022624E+00
 -0.5072150E+00 -0.8029711E+00
 -0.5008169E+00 -0.8007106E+00
 -0.4935971E+00 -0.8012919E+00
 -0.4856211E+00 -0.7981393E+00
 -0.4753672E+00 -0.7979777E+00
 -0.4675561E+00 -0.7940611E+00
 -0.4593402E+00 -0.7946104E+00
 -0.4458456E+00 -0.7931105E+00
 -0.4278431E+00 -0.7897118E+00
 -0.4068518E+00 -0.7857490E+00
 -0.3857948E+00 -0.7831099E+00
 -0.3633217E+00 -0.7811565E+00
 -0.3378392E+00 -0.7784407E+00
 -0.3088667E+00 -0.7748196E+00
 -0.2801307E+00 -0.7677701E+00
 -0.2560304E+00 -0.7651545E+00
 -0.2337669E+00 -0.7683223E+00
 -0.2021456E+00 -0.7651256E+00
 -0.1719235E+00 -0.7611539E+00
  0.2965038E+00 -0.7756841E+00
  0.2660998E+00 -0.7704147E+00
  0.1470125E+00 -0.7717002E+00
 -0.9448527E-01 -0.7644979E+00
 -0.4740071E+00 -0.7848623E+00
 -0.6338350E+00 -0.7985981E+00
 -0.5465659E+00 -0.8023318E+00
 -0.1847370E+00 -0.7632374E+00
  0.3224726E+00 -0.7526041E+00
 -0.6618329E+00 -0.8009907E+00
  0.3482172E+00 -0.7748063E+00
  0.3723530E+00 -0.7791424E+00
 -0.4653520E+00 -0.7822306E+00
 -0.3601368E+00 -0.7727669E+00
  0.6515201E-01 -0.7650589E+00
  0.2191716E+00 -0.7685987E+00
  0.3473688E+00 -0.7748398E+00
  0.4574253E+00 -0.7824802E+00
  0.5477788E+00 -0.7904179E+00
  0.6149299E+00 -0.7972672E+00
  0.6540065E+00 -0.8015645E+00
  0.6612196E+00 -0.8024874E+00
  0.2035919E+00 -0.7267027E+00
  0.6083237E+00 -0.8147805E+00
  0.5452574E+00 -0.7912334E+00
  0.4612854E+00 -0.7804152E+00
 -0.5660868E+00 -0.7975332E+00
  0.3697757E+00 -0.7832990E+00
 -0.2334751E+00 -0.7662500E+00
  0.3911801E+00 -0.7868548E+00
  0.2995571E+00 -0.7567654E+00
  0.3196664E+00 -0.7779691E+00
 -0.1466154E+00 -0.7584417E+00
 -0.2003349E+00 -0.7536764E+00
  0.3570734E+00 -0.7795455E+00
  0.5407960E-01 -0.7955313E+00
  0.4554141E-01 -0.7555524E+00
 -0.5891761E+00 -0.8179859E+00
 -0.3062760E+00 -0.7868665E+00
  0.4805913E+00 -0.7943092E+00
  0.3793193E+00 -0.7757891E+00
  0.4448831E+00 -0.7841839E+00
  0.4614276E+00 -0.7869624E+00
  0.4988774E+00 -0.7909392E+00
  0.5172465E+00 -0.7961578E+00
  0.5362092E+00 -0.7985642E+00
  0.5388188E+00 -0.7962416E+00
  0.5354984E+00 -0.7992846E+00
  0.5365647E+00 -0.8021380E+00
  0.5273464E+00 -0.7966639E+00
  0.5227456E+00 -0.7965342E+00
  0.5198974E+00 -0.8007928E+00
  0.5066352E+00 -0.7936157E+00
  0.4965495E+00 -0.7920232E+00
  0.4867386E+00 -0.7956984E+00
  0.4668315E+00 -0.7875437E+00
  0.4509012E+00 -0.7852765E+00
  0.4340820E+00 -0.7882988E+00
  0.4081625E+00 -0.7796313E+00
  0.3869552E+00 -0.7770411E+00
  0.3637268E+00 -0.7798176E+00
  0.3327786E+00 -0.7710560E+00
  0.3070435E+00 -0.7685411E+00
  0.2782617E+00 -0.7714478E+00
  0.2434680E+00 -0.7630120E+00
  0.2141048E+00 -0.7610635E+00
  0.1785044E+00 -0.7659577E+00
  0.1382629E+00 -0.7584559E+00
  0.9061531E-01 -0.7584959E+00
 -0.5751601E-03 -0.7535051E+00
 -0.3613994E-01 -0.7538087E+00
 -0.7776143E-01 -0.7607083E+00
 -0.1154537E+00 -0.7549107E+00
 -0.1484539E+00 -0.7572989E+00
 -0.1971118E+00 -0.7736335E+00
 -0.2625271E+00 -0.7806290E+00
 -0.3201887E+00 -0.7763085E+00
 -0.3625372E+00 -0.7795656E+00
 -0.3890718E+00 -0.7749233E+00
 -0.4114902E+00 -0.7782980E+00
 -0.4384361E+00 -0.7859541E+00
 -0.4564429E+00 -0.7837389E+00
 -0.4741159E+00 -0.7842460E+00
 -0.5011306E+00 -0.7942790E+00
 -0.5163729E+00 -0.7901216E+00
 -0.5229467E+00 -0.7938563E+00
 -0.5380298E+00 -0.7999663E+00
 -0.5506665E+00 -0.8000479E+00
 -0.5552660E+00 -0.8019063E+00
 -0.5481915E+00 -0.7964693E+00
 -0.5464149E+00 -0.7978611E+00
 -0.5477366E+00 -0.8052381E+00
  0.9839306E-01 -0.7635741E+00
 -0.5072404E+00 -0.7945170E+00
 -0.5033726E+00 -0.7956166E+00
 -0.4864139E+00 -0.7940819E+00
 -0.4634585E+00 -0.7877004E+00
 -0.4372807E+00 -0.7804548E+00
 -0.4155613E+00 -0.7788342E+00
 -0.3918758E+00 -0.7805069E+00
 -0.3623574E+00 -0.7766110E+00
 -0.3228996E+00 -0.7765803E+00
 -0.6606477E+00 -0.7835672E+00
  0.4007475E+00 -0.7794772E+00
 -0.8552718E-01 -0.7858016E+00
 -0.4153026E+00 -0.8030232E+00
 -0.5425656E+00 -0.8169661E+00
 -0.4701891E+00 -0.7977661E+00
  0.4058552E+00 -0.7890019E+00
 -0.2099286E+00 -0.7798952E+00
  0.1903216E+00 -0.7905644E+00
 -0.2563423E+00 -0.7587021E+00
  0.4274150E+00 -0.7876964E+00
  0.2990968E+00 -0.7934677E+00
  0.3910764E+00 -0.8014646E+00
  0.4669181E+00 -0.8094165E+00
  0.5235409E+00 -0.8163587E+00
  0.5592698E+00 -0.8195692E+00
  0.5815108E+00 -0.8112741E+00
 -0.1041659E+00 -0.7346361E+00
  0.5140997E+00 -0.8225307E+00
  0.4636995E+00 -0.8086464E+00
 -0.5922423E-01 -0.7516706E+00
 -0.5902486E+00 -0.8082310E+00
  0.4888972E+00 -0.7888919E+00
 -0.6799031E+00 -0.8112167E+00
 -0.6028422E+00 -0.8087417E+00
 -0.5332643E+00 -0.8097934E+00
 -0.5975118E+00 -0.8054562E+00
 -0.4030241E+00 -0.7955059E+00
 -0.4902824E+00 -0.8092592E+00
  0.1246100E+00 -0.7568164E+00
 -0.3598553E+00 -0.7738263E+00
 -0.3753222E+00 -0.7516040E+00
 -0.2726635E+00 -0.7689346E+00
 -0.1723351E+00 -0.7675027E+00
 -0.1798113E+00 -0.7797346E+00
 -0.4916700E+00 -0.7236726E+00
 -0.8007706E+00 -0.7457849E+00
  0.5966270E+00 -0.7968820E+00
  0.6424350E+00 -0.8091202E+00
  0.2867268E+00 -0.7624003E+00
 -0.5534325E+00 -0.7892566E+00
 -0.2179384E+00 -0.7708003E+00
 -0.6158154E+00 -0.8066017E+00
 -0.5815248E+00 -0.7967727E+00
 -0.2964591E+00 -0.7609782E+00
 -0.5356097E+00 -0.7923682E+00
 -0.1941095E-01 -0.7518676E+00
 -0.5445192E+00 -0.8096803E+00
 -0.2365911E+00 -0.7729599E+00
 -0.4956053E+00 -0.7845631E+00
  0.5180092E+00 -0.7885786E+00
 -0.1466731E+00 -0.7552177E+00
  0.4862641E+00 -0.7842240E+00
  0.2458271E+00 -0.7603965E+00
 -0.4288569E+00 -0.7768217E+00
  0.4194383E+00 -0.7778549E+00
 -0.4546966E+00 -0.7776625E+00
  0.3438129E+00 -0.7683244E+00
  0.4269530E+00 -0.7767020E+00
  0.4925373E+00 -0.7846260E+00
  0.5380567E+00 -0.7910883E+00
  0.5626569E+00 -0.7957441E+00
  0.5762970E+00 -0.8059065E+00
 -0.5548682E+00 -0.7952701E+00
 -0.2842953E+00 -0.7692410E+00
 -0.2205533E+00 -0.7645320E+00
 -0.5770440E+00 -0.7883103E+00
  0.5451123E+00 -0.7916126E+00
 -0.5251738E+00 -0.7759029E+00
 -0.3417072E+00 -0.7600321E+00
 -0.2368041E+00 -0.1460442E+00
 -0.1969124E+00  0.2357213E-01
 -0.1839263E+00  0.6987347E-01
 -0.1772545E+00  0.8397523E-01
 -0.1729639E+00  0.8544929E-01
 -0.1696939E+00  0.8162079E-01
 -0.1669615E+00  0.7574883E-01
 -0.1645020E+00  0.6928959E-01
 -0.1622016E+00  0.6296114E-01
 -0.1599950E+00  0.5708553E-01
 -0.1578292E+00  0.5179513E-01
 -0.1556779E+00  0.4711074E-01
 -0.1535208E+00  0.4300095E-01
 -0.1513603E+00  0.3940215E-01
 -0.1492075E+00  0.3625237E-01
 -0.1471067E+00  0.3346891E-01
 -0.1451844E+00  0.3099889E-01
 -0.1436949E+00  0.2881091E-01
 -0.1432083E+00  0.2692051E-01
 -0.1450818E+00  0.2547913E-01
 -0.4289812E+00  0.2185777E-01
 -0.6940771E+00  0.1533221E-01
 -0.9287931E+00  0.7018919E-02
 -0.1122866E+01 -0.1648970E-02
 -0.1267853E+01 -0.9191432E-02
 -0.1357422E+01 -0.1431060E-01
 -0.1387683E+01 -0.1614180E-01
 -0.1357359E+01 -0.1434428E-01
 -0.1267769E+01 -0.9232340E-02
 -0.1122788E+01 -0.1692603E-02
 -0.9287201E+00  0.6976190E-02
 -0.6940043E+00  0.1528437E-01
 -0.4289066E+00  0.2180636E-01
 -0.1450180E+00  0.2542704E-01
  0.1452295E+00  0.2553368E-01
  0.4291162E+00  0.2212171E-01
  0.6942090E+00  0.1579445E-01
  0.9289114E+00  0.7659341E-02
  0.1122975E+01 -0.8654381E-03
  0.1267949E+01 -0.8296485E-02
  0.1357525E+01 -0.1334170E-01
  0.1387816E+01 -0.1512412E-01
  0.1357509E+01 -0.1333381E-01
  0.1267923E+01 -0.8281127E-02
  0.1122939E+01 -0.8429086E-03
  0.9288639E+00  0.7688856E-02
  0.6941557E+00  0.1583013E-01
  0.4290606E+00  0.2216221E-01
  0.1451720E+00  0.2557782E-01
  0.1433259E+00  0.2701794E-01
  0.1438496E+00  0.2890886E-01
  0.1453802E+00  0.3109732E-01
  0.1473478E+00  0.3356732E-01
  0.1494985E+00  0.3635336E-01
  0.1517136E+00  0.3950988E-01
  0.1539463E+00  0.4310262E-01
  0.1561829E+00  0.4721290E-01
  0.1584372E+00  0.5189622E-01
  0.1607263E+00  0.5718508E-01
  0.1630709E+00  0.6305847E-01
  0.1655095E+00  0.6938330E-01
  0.1680994E+00  0.7583621E-01
  0.1709447E+00  0.8169674E-01
  0.1742364E+00  0.8552602E-01
  0.1784002E+00  0.8400785E-01
  0.1845768E+00  0.6985516E-01
  0.1961586E+00  0.2353642E-01
  0.2315872E+00 -0.1457248E+00
  0.6891549E+00 -0.1517982E+00
  0.1116885E+01 -0.1629227E+00
  0.1495986E+01 -0.1770684E+00
  0.1809454E+01 -0.1918824E+00
  0.2043392E+01 -0.2047641E+00
  0.2187753E+01 -0.2134818E+00
  0.2236552E+01 -0.2165415E+00
  0.2187736E+01 -0.2134354E+00
  0.2043333E+01 -0.2047416E+00
  0.1809482E+01 -0.1919302E+00
  0.1496385E+01 -0.1772023E+00
  0.1117661E+01 -0.1631604E+00
  0.6899319E+00 -0.1522636E+00
  0.2319137E+00 -0.1463729E+00
 -0.2363753E+00 -0.1465396E+00
 -0.6944492E+00 -0.1527419E+00
 -0.1122217E+01 -0.1639679E+00
 -0.1500925E+01 -0.1783058E+00
 -0.1814007E+01 -0.1932098E+00
 -0.2047946E+01 -0.2061743E+00
 -0.2192721E+01 -0.2149235E+00
 -0.2241959E+01 -0.2180196E+00
 -0.2193284E+01 -0.2148674E+00
 -0.2048670E+01 -0.2059237E+00
 -0.1814277E+01 -0.1927065E+00
 -0.1499994E+01 -0.1774823E+00
 -0.1119390E+01 -0.1627467E+00
 -0.6927063E+00 -0.1519165E+00
 -0.5251348E+00  0.7934047E-01
 -0.5125434E+00  0.8097627E-01
 -0.5028974E+00  0.7726051E-01
 -0.4947187E+00  0.7145757E-01
 -0.4873238E+00  0.6507498E-01
 -0.4803932E+00  0.5881421E-01
 -0.4737346E+00  0.5299922E-01
 -0.4672124E+00  0.4776547E-01
 -0.4607459E+00  0.4313189E-01
 -0.4543334E+00  0.3904647E-01
 -0.4479667E+00  0.3549416E-01
 -0.4415689E+00  0.3242205E-01
 -0.4352649E+00  0.2970641E-01
 -0.4294734E+00  0.2728839E-01
 -0.4249832E+00  0.2514421E-01
 -0.4234754E+00  0.2329296E-01
 -0.6851799E+00  0.1674886E-01
 -0.9169028E+00  0.8429457E-02
 -0.1108600E+01 -0.2160954E-03
 -0.1251782E+01 -0.7793919E-02
 -0.1340161E+01 -0.1294480E-01
 -0.1369761E+01 -0.1485944E-01
 -0.1339723E+01 -0.1306731E-01
 -0.1251302E+01 -0.7929291E-02
 -0.1108241E+01 -0.3473008E-03
 -0.9167070E+00  0.8357928E-02
 -0.6850315E+00  0.1669393E-01
 -0.4233408E+00  0.2323497E-01
 -0.1431010E+00  0.2686451E-01
  0.1434170E+00  0.2696925E-01
  0.4236536E+00  0.2354488E-01
  0.6853357E+00  0.1719742E-01
  0.9170157E+00  0.9037214E-02
  0.1108579E+01  0.4862814E-03
  0.1251680E+01 -0.6966933E-02
  0.1340095E+01 -0.1202684E-01
  0.1369992E+01 -0.1381417E-01
  0.1340066E+01 -0.1201805E-01
  0.1251626E+01 -0.6949199E-02
  0.1108507E+01  0.5126871E-03
  0.9169298E+00  0.9071042E-02
  0.6852419E+00  0.1723790E-01
  0.4235565E+00  0.2359091E-01
  0.4250641E+00  0.2543495E-01
  0.4295388E+00  0.2757073E-01
  0.4353067E+00  0.2998878E-01
  0.4416091E+00  0.3272448E-01
  0.4481025E+00  0.3583182E-01
  0.4546355E+00  0.3937647E-01
  0.4611751E+00  0.4343653E-01
  0.4677424E+00  0.4806737E-01
  0.4743868E+00  0.5329832E-01
  0.4811887E+00  0.5910727E-01
  0.4882620E+00  0.6535803E-01
  0.4957896E+00  0.7172505E-01
  0.5040934E+00  0.7748941E-01
  0.5137804E+00  0.8118302E-01
  0.5262387E+00  0.7951558E-01
  0.5449557E+00  0.6513692E-01
  0.5804482E+00  0.1847091E-01
  0.9393579E+00  0.9197954E-02
  0.1257185E+01 -0.2705690E-02
  0.1520043E+01 -0.1512547E-01
  0.1716339E+01 -0.2593548E-01
  0.1837555E+01 -0.3328300E-01
  0.1878506E+01 -0.3585777E-01
  0.1837507E+01 -0.3326450E-01
  0.1716292E+01 -0.2594061E-01
  0.1520121E+01 -0.1518938E-01
  0.1257441E+01 -0.2818306E-02
  0.9397163E+00  0.8993193E-02
  0.5808274E+00  0.1815460E-01
  0.1964768E+00  0.2309381E-01
 -0.1964734E+00  0.2297211E-01
 -0.5808411E+00  0.1774762E-01
 -0.9397699E+00  0.8320034E-02
 -0.1257538E+01 -0.3716307E-02
 -0.1520305E+01 -0.1625075E-01
 -0.1716629E+01 -0.2714665E-01
 -0.1837990E+01 -0.3451458E-01
 -0.1879172E+01 -0.3708661E-01
 -0.1838331E+01 -0.3442712E-01
 -0.1717170E+01 -0.2696159E-01
 -0.1520869E+01 -0.1587399E-01
 -0.1257995E+01 -0.3188194E-02
 -0.9400166E+00  0.9002941E-02
 -0.5811924E+00  0.1845874E-01
 -0.5443258E+00  0.6504703E-01
 -0.8296715E+00  0.7282194E-01
 -0.7887578E+00  0.5745474E-01
 -0.7775077E+00  0.5132518E-01
 -0.7666730E+00  0.4562540E-01
 -0.7560759E+00  0.4049446E-01
 -0.7456374E+00  0.3591847E-01
 -0.7354958E+00  0.3188012E-01
 -0.7253657E+00  0.2846202E-01
 -0.7151096E+00  0.2546909E-01
 -0.7048179E+00  0.2292745E-01
 -0.6951814E+00  0.2063117E-01
 -0.6877010E+00  0.1855646E-01
 -0.9204625E+00  0.1017535E-01
 -0.1256853E+01 -0.6380909E-02
 -0.1113242E+01  0.1422575E-02
 -0.1345318E+01 -0.1159192E-01
 -0.1374422E+01 -0.1355061E-01
 -0.1343966E+01 -0.1174967E-01
 -0.1255219E+01 -0.6550015E-02
 -0.1111858E+01  0.1156617E-02
 -0.9197739E+00  0.9991148E-02
 -0.6873536E+00  0.1844207E-01
 -0.4247743E+00  0.2507042E-01
 -0.1435551E+00  0.2874726E-01
  0.1439707E+00  0.2885266E-01
  0.4251898E+00  0.2538326E-01
  0.6877906E+00  0.1895265E-01
  0.9202793E+00  0.1068588E-01
  0.1112511E+01  0.2024324E-02
  0.1256106E+01 -0.5525425E-02
  0.1344828E+01 -0.1065104E-01
  0.1374822E+01 -0.1246125E-01
  0.1344794E+01 -0.1064065E-01
  0.1256037E+01 -0.5505128E-02
  0.1112418E+01  0.2054305E-02
  0.9201722E+00  0.1072499E-01
  0.6876674E+00  0.1899940E-01
  0.6948945E+00  0.2103784E-01
  0.7143943E+00  0.2600382E-01
  0.7042112E+00  0.2336037E-01
  0.7248751E+00  0.2902288E-01
  0.7354329E+00  0.3247897E-01
  0.7459919E+00  0.3644808E-01
  0.7565868E+00  0.4098313E-01
  0.7673003E+00  0.4611036E-01
  0.7782634E+00  0.5180301E-01
  0.7896634E+00  0.5792346E-01
  0.8018043E+00  0.6413884E-01
  0.8152152E+00  0.6971443E-01
  0.8308511E+00  0.7319807E-01
  0.8510404E+00  0.7126715E-01
  0.8814957E+00  0.5651148E-01
  0.1179472E+01  0.4545397E-01
  0.1609934E+01  0.2384554E-01
  0.1425872E+01  0.3391431E-01
  0.1723652E+01  0.1699870E-01
  0.1762101E+01  0.1459241E-01
  0.1723671E+01  0.1699287E-01
  0.1609998E+01  0.2381256E-01
  0.1426025E+01  0.3383745E-01
  0.1179695E+01  0.4535875E-01
  0.8817752E+00  0.5637521E-01
  0.5452650E+00  0.6493031E-01
  0.1848788E+00  0.6951837E-01
 -0.1835815E+00  0.6937674E-01
 -0.5439848E+00  0.6451072E-01
 -0.8805315E+00  0.5573498E-01
 -0.1178514E+01  0.4455345E-01
 -0.1424927E+01  0.3285933E-01
 -0.1609020E+01  0.2273761E-01
 -0.1722825E+01  0.1585873E-01
 -0.1761394E+01  0.1345317E-01
 -0.1723044E+01  0.1593588E-01
 -0.1609386E+01  0.2289080E-01
 -0.1425341E+01  0.3315386E-01
 -0.1178921E+01  0.4494687E-01
 -0.8808973E+00  0.5621389E-01
 -0.8140372E+00  0.6932693E-01
 -0.8007607E+00  0.6368979E-01
 -0.8499621E+00  0.7094086E-01
 -0.1025900E+01  0.3623542E-01
 -0.1040462E+01  0.4178688E-01
 -0.9978836E+00  0.2674180E-01
 -0.9844397E+00  0.2286514E-01
 -0.9711572E+00  0.1945825E-01
 -0.9577612E+00  0.1654983E-01
 -0.9441019E+00  0.1416554E-01
 -0.9309043E+00  0.1212990E-01
 -0.1388850E+01 -0.1181535E-01
 -0.1357289E+01 -0.1021218E-01
 -0.1270810E+01 -0.4836623E-02
 -0.1359866E+01 -0.1008235E-01
 -0.1125947E+01  0.3017070E-02
 -0.1267786E+01 -0.4791973E-02
 -0.1123071E+01  0.2943190E-02
 -0.9291844E+00  0.1189555E-01
 -0.6944368E+00  0.2046913E-01
 -0.4291532E+00  0.2719564E-01
 -0.1450063E+00  0.3092576E-01
  0.1455249E+00  0.3103167E-01
  0.4296860E+00  0.2751038E-01
  0.6950331E+00  0.2098452E-01
  0.9299550E+00  0.1259572E-01
  0.1124189E+01  0.3805688E-02
  0.1269283E+01 -0.3855969E-02
  0.1358932E+01 -0.9056759E-02
  0.1389233E+01 -0.1089261E-01
  0.1358898E+01 -0.9044560E-02
  0.1269220E+01 -0.3832036E-02
  0.1124097E+01  0.3840156E-02
  0.9298367E+00  0.1264092E-01
  0.9840377E+00  0.2361515E-01
  0.9981641E+00  0.2746836E-01
  0.9559051E+00  0.1736666E-01
  0.9699269E+00  0.2027173E-01
  0.9422903E+00  0.1484026E-01
  0.1012326E+01  0.3188047E-01
  0.1026645E+01  0.3687614E-01
  0.1041290E+01  0.4242226E-01
  0.1056516E+01  0.4837791E-01
  0.1072732E+01  0.5440874E-01
  0.1090662E+01  0.5976526E-01
  0.1111532E+01  0.6304450E-01
  0.1138627E+01  0.6072051E-01
  0.1700945E+01  0.3122741E-01
  0.1663846E+01  0.3354508E-01
  0.1554073E+01  0.4005382E-01
  0.1663822E+01  0.3352787E-01
  0.1376432E+01  0.4968021E-01
  0.1554138E+01  0.4005333E-01
  0.1376565E+01  0.4964698E-01
  0.1138826E+01  0.6067220E-01
  0.8512866E+00  0.7118430E-01
  0.5265046E+00  0.7938005E-01
  0.1786798E+00  0.8377965E-01
 -0.1769463E+00  0.8365086E-01
 -0.5247867E+00  0.7899418E-01
 -0.8496101E+00  0.7058905E-01
 -0.1137209E+01  0.5988772E-01
 -0.1375028E+01  0.4873177E-01
 -0.1552719E+01  0.3901481E-01
 -0.1662568E+01  0.3241853E-01
 -0.1699778E+01  0.3010910E-01
 -0.1662727E+01  0.3248493E-01
 -0.1553014E+01  0.3913361E-01
 -0.1375400E+01  0.4891695E-01
 -0.1137587E+01  0.6017843E-01
 -0.1089488E+01  0.5920238E-01
 -0.1071689E+01  0.5378172E-01
 -0.1011716E+01  0.3123049E-01
 -0.1110453E+01  0.6238027E-01
 -0.1055581E+01  0.4774306E-01
 -0.1205779E+01  0.1734439E-01
 -0.1189343E+01  0.1349039E-01
 -0.1141573E+01  0.4899452E-02
 -0.1284567E+01 -0.2712359E-02
 -0.1137894E+01  0.5089653E-02
 -0.1375438E+01 -0.7901650E-02
 -0.1407429E+01 -0.1004754E-01
 -0.1287777E+01 -0.3140288E-02
 -0.1377916E+01 -0.8317155E-02
  0.1258758E+01  0.3259899E-01
 -0.7036554E+00  0.2281304E-01
 -0.4348256E+00  0.2960714E-01
 -0.1468952E+00  0.3338593E-01
  0.1475099E+00  0.3349185E-01
  0.4354596E+00  0.2991937E-01
  0.7043464E+00  0.2329964E-01
  0.9423960E+00  0.1478997E-01
  0.1139223E+01  0.5873316E-02
  0.1286247E+01 -0.1897892E-02
  0.1377089E+01 -0.7172538E-02
  0.1407809E+01 -0.9033986E-02
  0.1377070E+01 -0.7158307E-02
  0.1286205E+01 -0.1870168E-02
  0.1139141E+01  0.5913592E-02
  0.1223767E+01  0.2234588E-01
  0.1241065E+01  0.2720430E-01
  0.1206648E+01  0.1806086E-01
  0.1189586E+01  0.1432714E-01
  0.1155596E+01  0.8316507E-02
  0.1172538E+01  0.1110210E-01
  0.1111705E+01  0.6300189E-01
  0.1277151E+01  0.3839027E-01
  0.1296741E+01  0.4422261E-01
  0.1318401E+01  0.4935928E-01
  0.1343669E+01  0.5233693E-01
  0.1517143E+01  0.4298382E-01
  0.1343766E+01  0.5233509E-01
  0.1624201E+01  0.3671084E-01
  0.1660436E+01  0.3445537E-01
  0.1517048E+01  0.4303611E-01
  0.1624196E+01  0.3670156E-01
  0.8310369E+00  0.7317883E-01
  0.5140073E+00  0.8108715E-01
  0.1744866E+00  0.8535083E-01
 -0.1726626E+00  0.8522612E-01
 -0.5122045E+00  0.8069849E-01
 -0.8292515E+00  0.7259164E-01
 -0.1110004E+01  0.6220478E-01
 -0.1342154E+01  0.5139679E-01
 -0.1515584E+01  0.4201095E-01
 -0.1622760E+01  0.3567071E-01
 -0.1659100E+01  0.3340656E-01
 -0.1622947E+01  0.3568665E-01
 -0.1515861E+01  0.4211507E-01
 -0.1342494E+01  0.5157347E-01
 -0.1276151E+01  0.3760384E-01
 -0.1222658E+01  0.2162880E-01
 -0.1295658E+01  0.4343132E-01
 -0.9415042E+00  0.1414287E-01
 -0.1317253E+01  0.4858153E-01
 -0.1257767E+01  0.3185102E-01
 -0.1157514E+01  0.7182247E-02
 -0.1173322E+01  0.1016564E-01
 -0.1240006E+01  0.2647299E-01
 -0.1360744E+01  0.9163255E-02
 -0.1341840E+01  0.5368106E-02
 -0.1396950E+01 -0.6157277E-02
 -0.1303841E+01 -0.3829268E-03
 -0.1154857E+01  0.7628619E-02
 -0.1305566E+01 -0.6309294E-03
 -0.1396057E+01 -0.5784229E-02
 -0.1427655E+01 -0.7859698E-02
  0.1464067E+01  0.3534889E-01
 -0.7138839E+00  0.2546188E-01
  0.1362367E+01  0.9860486E-02
 -0.1489768E+00  0.3616524E-01
 -0.4410827E+00  0.3234245E-01
  0.4417677E+00  0.3264531E-01
  0.7145178E+00  0.2593535E-01
  0.9559858E+00  0.1730977E-01
  0.1155643E+01  0.8272314E-02
  0.1304773E+01  0.3971737E-03
  0.1396928E+01 -0.4948031E-02
  0.1428098E+01 -0.6834220E-02
  0.1396928E+01 -0.4933414E-02
  0.1304757E+01  0.4268804E-03
  0.1323878E+01  0.3108602E-02
  0.1090798E+01  0.5967817E-01
  0.1401206E+01  0.1877734E-01
  0.1381679E+01  0.1403354E-01
  0.1343115E+01  0.6231049E-02
  0.5043305E+00  0.7732842E-01
  0.1488522E+01  0.4029356E-01
  0.1593656E+01  0.3409249E-01
  0.1441941E+01  0.2968867E-01
  0.1593638E+01  0.3412954E-01
  0.1711940E+00  0.8149038E-01
  0.1318489E+01  0.4929024E-01
  0.1488573E+01  0.4023721E-01
  0.1629201E+01  0.3192701E-01
  0.8154054E+00  0.6960987E-01
 -0.1694181E+00  0.8135870E-01
 -0.5025803E+00  0.7695539E-01
 -0.8136967E+00  0.6902726E-01
 -0.1089146E+01  0.5894313E-01
 -0.1316928E+01  0.4841048E-01
 -0.1487101E+01  0.3925469E-01
 -0.1592302E+01  0.3303720E-01
 -0.1627933E+01  0.3085157E-01
 -0.1592450E+01  0.3307759E-01
 -0.1487368E+01  0.3934736E-01
 -0.1420015E+01  0.2317472E-01
 -0.1380159E+01  0.1326015E-01
 -0.9553560E+00  0.1670563E-01
 -0.1462939E+01  0.3443305E-01
 -0.1323571E+01  0.2070731E-02
 -0.1399886E+01  0.1795992E-01
 -0.1440842E+01  0.2879329E-01
  0.1496718E+00  0.3626712E-01
  0.1421186E+01  0.2403887E-01
 -0.1436742E+01 -0.7023558E-04
 -0.1448562E+01 -0.5206239E-02
 -0.1172596E+01  0.1024195E-01
  0.1458548E+01  0.4288819E-02
  0.1518962E+00  0.3941393E-01
 -0.7245142E+00  0.2845208E-01
  0.1567437E+01  0.2932566E-01
  0.9699832E+00  0.2020960E-01
  0.1437950E+01  0.7311126E-03
  0.1521505E+01  0.1823267E-01
 -0.4475810E+00  0.3543803E-01
  0.7249887E+00  0.2894649E-01
  0.1323856E+01  0.3079461E-02
  0.1417345E+01 -0.2335575E-02
  0.1448991E+01 -0.4245815E-02
  0.1417378E+01 -0.2320927E-02
 -0.1666749E+00  0.7553603E-01
  0.1500113E+01  0.1305271E-01
  0.1464029E+01  0.3532970E-01
  0.1072794E+01  0.5434459E-01
  0.1479212E+01  0.8392134E-02
 -0.8003679E+00  0.6347858E-01
  0.1683352E+00  0.7565352E-01
  0.8019423E+00  0.6403977E-01
 -0.4943591E+00  0.7123362E-01
  0.1567400E+01  0.2931846E-01
  0.1296734E+01  0.4418524E-01
  0.1543743E+01  0.2377860E-01
  0.1172538E+01  0.1105529E-01
  0.4482537E+00  0.3574333E-01
 -0.1071302E+01  0.5359491E-01
 -0.1295348E+01  0.4328391E-01
 -0.1462746E+01  0.3431818E-01
 -0.1566207E+01  0.2825027E-01
 -0.1601225E+01  0.2612718E-01
 -0.1566285E+01  0.2831396E-01
 -0.1542622E+01  0.2279465E-01
 -0.1477910E+01  0.7476318E-02
 -0.1498912E+01  0.1211523E-01
 -0.1457226E+01  0.3397819E-02
 -0.1511374E+00  0.3931029E-01
  0.4959917E+00  0.7158133E-01
 -0.1416534E+01 -0.3332827E-02
 -0.1323841E+01  0.2134630E-02
 -0.1520358E+01  0.1727303E-01
  0.1602379E+01  0.2719463E-01
 -0.9698198E+00  0.1956476E-01
  0.1541331E+00  0.4299657E-01
 -0.1275946E+01  0.3745199E-01
 -0.1055262E+01  0.4756932E-01
 -0.1440852E+01  0.2864889E-01
  0.9840516E+00  0.2354830E-01
 -0.1642239E+00  0.6910907E-01
  0.1555390E+01  0.1617438E-01
 -0.4540966E+00  0.3896225E-01
  0.7355185E+00  0.3239682E-01
 -0.1469607E+01 -0.2202965E-02
  0.1343043E+01  0.6200824E-02
  0.1437902E+01  0.7179308E-03
  0.1056517E+01  0.4831989E-01
  0.1533526E+01  0.1102564E-01
 -0.7883815E+00  0.5726946E-01
  0.7897586E+00  0.5783175E-01
  0.1441846E+01  0.2966597E-01
 -0.4869741E+00  0.6488372E-01
  0.1512160E+01  0.6395020E-02
  0.4884408E+00  0.6522983E-01
  0.1543674E+01  0.2376744E-01
 -0.1438235E+01 -0.3320875E-03
  0.1470008E+01 -0.1219033E-02
  0.1657309E+00  0.6922486E-01
  0.1277076E+01  0.3835401E-01
  0.1578144E+01  0.2167875E-01
 -0.1542717E+01  0.2270405E-01
 -0.1577092E+01  0.2064635E-01
 -0.1533024E+00  0.4288815E-01
 -0.1532713E+01  0.1001120E-01
 -0.1490583E+01  0.1287370E-02
 -0.1511505E+01  0.5313213E-02
 -0.1189978E+01  0.1335186E-01
  0.1491043E+01  0.2312124E-02
 -0.9841588E+00  0.2281124E-01
 -0.7351410E+00  0.3186515E-01
  0.1189536E+01  0.1427922E-01
 -0.1554462E+01  0.1513804E-01
 -0.1343540E+01  0.5237924E-02
  0.4547874E+00  0.3928038E-01
 -0.1520750E+01  0.1717190E-01
  0.7783311E+00  0.5171492E-01
 -0.1362757E+01  0.8755341E-02
  0.9981353E+00  0.2740109E-01
  0.1500017E+01  0.1304386E-01
  0.1206555E+01  0.1801372E-01
 -0.7456436E+00  0.3581011E-01
 -0.9981961E+00  0.2662549E-01
  0.1362257E+01  0.9832420E-02
  0.1458475E+01  0.4276364E-02
  0.1041252E+01  0.4236240E-01
 -0.1257913E+01  0.3163998E-01
  0.4813451E+00  0.5898927E-01
 -0.7772094E+00  0.5115003E-01
 -0.1554656E+00  0.4699111E-01
  0.1421045E+01  0.2402497E-01
 -0.4800884E+00  0.5864562E-01
  0.1258642E+01  0.3256390E-01
  0.1521407E+01  0.1822498E-01
  0.4613246E+00  0.4333690E-01
 -0.1458736E+01  0.3177037E-02
  0.1632802E+00  0.6291442E-01
 -0.1207013E+01  0.1710334E-01
 -0.1040334E+01  0.4160275E-01
  0.7460616E+00  0.3636299E-01
  0.1563721E+00  0.4709905E-01
  0.1479127E+01  0.8380475E-02
 -0.1619471E+00  0.6279866E-01
 -0.1479183E+01  0.7314861E-02
 -0.4605618E+00  0.4299690E-01
 -0.1420460E+01  0.2300550E-01
 -0.1499727E+01  0.1193490E-01
  0.7673574E+00  0.4602225E-01
 -0.1026065E+01  0.3604525E-01
 -0.1400909E+01  0.1772230E-01
  0.4678852E+00  0.4796218E-01
  0.1223642E+01  0.2230348E-01
 -0.7560667E+00  0.4032570E-01
 -0.1417307E+01 -0.3231217E-02
 -0.1240675E+01  0.2623683E-01
  0.4745327E+00  0.5318715E-01
 -0.7665344E+00  0.4545509E-01
  0.1381547E+01  0.1400926E-01
 -0.1381766E+01  0.1298317E-01
 -0.4670211E+00  0.4762345E-01
 -0.4734931E+00  0.5284181E-01
  0.1401058E+01  0.1875421E-01
  0.1012275E+01  0.3181599E-01
  0.1609145E+00  0.5705331E-01
 -0.1576239E+00  0.5165925E-01
  0.1026590E+01  0.3681246E-01
  0.1240934E+01  0.2716433E-01
 -0.1597722E+00  0.5693630E-01
  0.1586205E+00  0.5177874E-01
  0.7566425E+00  0.4089617E-01
 -0.1223825E+01  0.2134597E-01
 -0.1012097E+01  0.3104268E-01
 -0.2441269E-01  0.1106776E+01
  0.2808287E+00  0.1177063E+01
 -0.3292821E+00  0.1046999E+01
 -0.2469537E+00  0.1100486E+01
 -0.3635854E+00  0.1116783E+01
 -0.4357578E+00  0.1113994E+01
 -0.5054636E+00  0.1107837E+01
 -0.5728469E+00  0.1100832E+01
 -0.6376271E+00  0.1093200E+01
 -0.6995085E+00  0.1085130E+01
 -0.7582224E+00  0.1076773E+01
 -0.8135120E+00  0.1068285E+01
 -0.8651492E+00  0.1059806E+01
 -0.9129012E+00  0.1051499E+01
 -0.9565813E+00  0.1043525E+01
 -0.9960186E+00  0.1035998E+01
 -0.1031041E+01  0.1029050E+01
 -0.1061510E+01  0.1022822E+01
 -0.1087284E+01  0.1017404E+01
 -0.1108253E+01  0.1012881E+01
 -0.1124347E+01  0.1009298E+01
 -0.1135311E+01  0.1006685E+01
 -0.1138450E+01  0.1002984E+01
 -0.1112124E+01  0.9827368E+00
  0.1996607E+00  0.1104248E+01
 -0.1078813E+01  0.9891093E+00
  0.4897304E+00  0.1162221E+01
 -0.1003631E+01  0.1004853E+01
  0.4161968E+00  0.1091906E+01
 -0.8886433E+00  0.1026858E+01
  0.6791362E+00  0.1140653E+01
 -0.7381095E+00  0.1051607E+01
  0.6162061E+00  0.1071919E+01
 -0.5576521E+00  0.1075270E+01
  0.8420059E+00  0.1116556E+01
 -0.3542674E+00  0.1094099E+01
  0.7920104E+00  0.1047966E+01
 -0.1360560E+00  0.1105182E+01
  0.9721540E+00  0.1093296E+01
  0.8821464E-01  0.1106888E+01
  0.9369180E+00  0.1023737E+01
  0.3094644E+00  0.1098952E+01
  0.1064697E+01  0.1074336E+01
  0.5187170E+00  0.1082565E+01
  0.1045501E+01  0.1002713E+01
  0.7076198E+00  0.1060328E+01
  0.1116287E+01  0.1062639E+01
  0.8688086E+00  0.1035717E+01
  0.1113783E+01  0.9881513E+00
  0.9961521E+00  0.1012570E+01
  0.1125081E+01  0.1060153E+01
  0.1084951E+01  0.9944444E+00
  0.1139253E+01  0.9825119E+00
  0.1132005E+01  0.9841478E+00
  0.1090805E+01  0.1067218E+01
  0.1135653E+01  0.9832851E+00
  0.1121052E+01  0.9866002E+00
  0.1095734E+01  0.9920929E+00
  0.1014664E+01  0.1082690E+01
  0.1013670E+01  0.1009108E+01
  0.1059821E+01  0.9997556E+00
  0.8924468E+00  0.1031612E+01
  0.8994128E+00  0.1104164E+01
  0.7365568E+00  0.1056159E+01
  0.9577372E+00  0.1019917E+01
  0.5518775E+00  0.1079222E+01
  0.7492590E+00  0.1128339E+01
  0.3454271E+00  0.1097011E+01
  0.8185248E+00  0.1043965E+01
  0.1253550E+00  0.1106231E+01
  0.5055327E-01  0.1107126E+01
 -0.1094677E+01  0.1056587E+01
  0.5698395E+00  0.1151464E+01
 -0.1060011E+01  0.9479825E+00
  0.6473569E+00  0.1068210E+01
 -0.9690142E+00  0.9661700E+00
  0.3680929E+00  0.1169935E+01
 -0.8395086E+00  0.9895954E+00
  0.4508073E+00  0.1088841E+01
 -0.6762988E+00  0.1014573E+01
  0.1520018E+00  0.1180836E+01
 -0.4855772E+00  0.1037181E+01
  0.2365941E+00  0.1102654E+01
 -0.2748124E+00  0.1053861E+01
 -0.6969062E-01  0.1182453E+01
 -0.5240707E-01  0.1062075E+01
  0.1332803E-01  0.1107443E+01
  0.1726752E+00  0.1060622E+01
 -0.2879860E+00  0.1174582E+01
  0.3913102E+00  0.1049676E+01
 -0.2099149E+00  0.1102487E+01
  0.5946554E+00  0.1030962E+01
 -0.4940735E+00  0.1158400E+01
  0.7746418E+00  0.1007418E+01
 -0.4241233E+00  0.1088579E+01
  0.9243019E+00  0.9827415E+00
 -0.6797101E+00  0.1136366E+01
  0.1038015E+01  0.9607359E+00
 -0.6206946E+00  0.1067785E+01
  0.1111617E+01  0.9447813E+00
 -0.8376223E+00  0.1111882E+01
  0.1142458E+01  0.9373991E+00
 -0.7918922E+00  0.1043307E+01
  0.1129471E+01  0.9397239E+00
 -0.9618261E+00  0.1088852E+01
  0.1073087E+01  0.9514714E+00
 -0.9311284E+00  0.1019048E+01
  0.9753912E+00  0.9707068E+00
 -0.1047725E+01  0.1070928E+01
  0.8399251E+00  0.9943838E+00
 -0.1033225E+01  0.9988050E+00
  0.6717464E+00  0.1018924E+01
 -0.1092242E+01  0.1060932E+01
  0.4772325E+00  0.1040749E+01
 -0.1094470E+01  0.9857730E+00
  0.2638003E+00  0.1056151E+01
 -0.1733751E+00  0.1103156E+01
 -0.1109363E+01  0.9380379E+00
 -0.9914297E-01  0.1105395E+01
  0.0000000E+00  0.0000000E+00
  0.0000000E+00  0.0000000E+00
  0.0000000E+00  0.0000000E+00
  0.0000000E+00  0.0000000E+00
  0.0000000E+00  0.0000000E+00
  0.0000000E+00  0.0000000E+00
  0.0000000E+00  0.0000000E+00
  0.0000000E+00  0.0000000E+00
  0.0000000E+00  0.0000000E+00
  0.0000000E+00  0.0000000E+00
  0.0000000E+00  0.0000000E+00
  0.0000000E+00  0.0000000E+00
  0.0000000E+00  0.0000000E+00
  0.0000000E+00  0.0000000E+00
  0.0000000E+00  0.0000000E+00
  0.0000000E+00  0.0000000E+00
  0.0000000E+00  0.0000000E+00
  0.0000000E+00  0.0000000E+00
  0.0000000E+00  0.0000000E+00
  0.0000000E+00  0.0000000E+00
  0.0000000E+00  0.0000000E+00
  0.0000000E+00  0.0000000E+00
  0.0000000E+00  0.0000000E+00
  0.0000000E+00  0.0000000E+00
  0.0000000E+00  0.0000000E+00
  0.0000000E+00  0.0000000E+00
  0.0000000E+00  0.0000000E+00
  0.0000000E+00  0.0000000E+00
  0.0000000E+00  0.0000000E+00
  0.0000000E+00  0.0000000E+00
  0.0000000E+00  0.0000000E+00
  0.0000000E+00  0.0000000E+00
  0.0000000E+00  0.0000000E+00
  0.0000000E+00  0.0000000E+00
  0.0000000E+00  0.0000000E+00
  0.0000000E+00  0.0000000E+00
  0.0000000E+00  0.0000000E+00
  0.0000000E+00  0.0000000E+00
  0.0000000E+00  0.0000000E+00
  0.0000000E+00  0.0000000E+00
  0.0000000E+00  0.0000000E+00
  0.0000000E+00  0.0000000E+00
  0.0000000E+00  0.0000000E+00
  0.0000000E+00  0.0000000E+00
  0.0000000E+00  0.0000000E+00
  0.0000000E+00  0.0000000E+00
  0.0000000E+00  0.0000000E+00
  0.0000000E+00  0.0000000E+00
  0.0000000E+00  0.0000000E+00
  0.0000000E+00  0.0000000E+00
  0.0000000E+00  0.0000000E+00
  0.0000000E+00  0.0000000E+00
  0.0000000E+00  0.0000000E+00
  0.0000000E+00  0.0000000E+00
  0.0000000E+00  0.0000000E+00
  0.0000000E+00  0.0000000E+00
  0.0000000E+00  0.0000000E+00
  0.0000000E+00  0.0000000E+00
  0.0000000E+00  0.0000000E+00
  0.0000000E+00  0.0000000E+00
  0.0000000E+00  0.0000000E+00
  0.0000000E+00  0.0000000E+00
  0.0000000E+00  0.0000000E+00
  0.0000000E+00  0.0000000E+00
  0.0000000E+00  0.0000000E+00
  0.0000000E+00  0.0000000E+00
  0.0000000E+00  0.0000000E+00
  0.0000000E+00  0.0000000E+00
  0.0000000E+00  0.0000000E+00
  0.0000000E+00  0.0000000E+00
  0.0000000E+00  0.0000000E+00
  0.0000000E+00  0.0000000E+00
  0.0000000E+00  0.0000000E+00
  0.0000000E+00  0.0000000E+00
  0.0000000E+00  0.0000000E+00
  0.0000000E+00  0.0000000E+00
  0.0000000E+00  0.0000000E+00
  0.0000000E+00  0.0000000E+00
  0.0000000E+00  0.0000000E+00
  0.0000000E+00  0.0000000E+00
  0.0000000E+00  0.0000000E+00
  0.0000000E+00  0.0000000E+00
  0.0000000E+00  0.0000000E+00
  0.0000000E+00  0.0000000E+00
  0.0000000E+00  0.0000000E+00
  0.0000000E+00  0.0000000E+00
  0.0000000E+00  0.0000000E+00
  0.0000000E+00  0.0000000E+00
  0.0000000E+00  0.0000000E+00
  0.0000000E+00  0.0000000E+00
  0.0000000E+00  0.0000000E+00
  0.0000000E+00  0.0000000E+00
  0.0000000E+00  0.0000000E+00
  0.0000000E+00  0.0000000E+00
  0.0000000E+00  0.0000000E+00
  0.0000000E+00  0.0000000E+00
  0.0000000E+00  0.0000000E+00
  0.0000000E+00  0.0000000E+00
  0.0000000E+00  0.0000000E+00
  0.0000000E+00  0.0000000E+00
  0.0000000E+00  0.0000000E+00
  0.0000000E+00  0.0000000E+00
  0.0000000E+00  0.0000000E+00
  0.0000000E+00  0.0000000E+00
  0.0000000E+00  0.0000000E+00
  0.0000000E+00  0.0000000E+00
  0.0000000E+00  0.0000000E+00
  0.0000000E+00  0.0000000E+00
  0.0000000E+00  0.0000000E+00
  0.0000000E+00  0.0000000E+00
  0.0000000E+00  0.0000000E+00
  0.0000000E+00  0.0000000E+00
  0.0000000E+00  0.0000000E+00
  0.0000000E+00  0.0000000E+00
  0.0000000E+00  0.0000000E+00
  0.0000000E+00  0.0000000E+00
  0.0000000E+00  0.0000000E+00
  0.0000000E+00  0.0000000E+00
  0.0000000E+00  0.0000000E+00
  0.0000000E+00  0.0000000E+00
  0.0000000E+00  0.0000000E+00
  0.0000000E+00  0.0000000E+00
  0.0000000E+00  0.0000000E+00
  0.0000000E+00  0.0000000E+00
  0.0000000E+00  0.0000000E+00
  0.0000000E+00  0.0000000E+00
  0.0000000E+00  0.0000000E+00
  0.0000000E+00  0.0000000E+00
  0.0000000E+00  0.0000000E+00
  0.0000000E+00  0.0000000E+00
  0.0000000E+00  0.0000000E+00
  0.0000000E+00  0.0000000E+00
  0.0000000E+00  0.0000000E+00
  0.0000000E+00  0.0000000E+00
  0.0000000E+00  0.0000000E+00
  0.0000000E+00  0.0000000E+00
  0.0000000E+00  0.0000000E+00
  0.0000000E+00  0.0000000E+00
  0.0000000E+00  0.0000000E+00
  0.0000000E+00  0.0000000E+00
  0.0000000E+00  0.0000000E+00
  0.0000000E+00  0.0000000E+00
  0.0000000E+00  0.0000000E+00
  0.0000000E+00  0.0000000E+00
  0.0000000E+00  0.0000000E+00
  0.0000000E+00  0.0000000E+00
  0.0000000E+00  0.0000000E+00
  0.0000000E+00  0.0000000E+00
  0.0000000E+00  0.0000000E+00
  0.0000000E+00  0.0000000E+00
  0.0000000E+00  0.0000000E+00
  0.0000000E+00  0.0000000E+00
  0.0000000E+00  0.0000000E+00
  0.0000000E+00  0.0000000E+00
  0.0000000E+00  0.0000000E+00
  0.0000000E+00  0.0000000E+00
  0.0000000E+00  0.0000000E+00
  0.0000000E+00  0.0000000E+00
  0.0000000E+00  0.0000000E+00
  0.0000000E+00  0.0000000E+00
  0.0000000E+00  0.0000000E+00
  0.0000000E+00  0.0000000E+00
  0.0000000E+00  0.0000000E+00
  0.0000000E+00  0.0000000E+00
  0.0000000E+00  0.0000000E+00
  0.0000000E+00  0.0000000E+00
  0.0000000E+00  0.0000000E+00
  0.0000000E+00  0.0000000E+00
  0.0000000E+00  0.0000000E+00
  0.0000000E+00  0.0000000E+00
  0.0000000E+00  0.0000000E+00
  0.0000000E+00  0.0000000E+00
  0.0000000E+00  0.0000000E+00
  0.0000000E+00  0.0000000E+00
  0.0000000E+00  0.0000000E+00
  0.0000000E+00  0.0000000E+00
  0.0000000E+00  0.0000000E+00
  0.0000000E+00  0.0000000E+00
  0.0000000E+00  0.0000000E+00
  0.0000000E+00  0.0000000E+00
  0.0000000E+00  0.0000000E+00
  0.0000000E+00  0.0000000E+00
  0.0000000E+00  0.0000000E+00
  0.0000000E+00  0.0000000E+00
  0.0000000E+00  0.0000000E+00
  0.0000000E+00  0.0000000E+00
  0.0000000E+00  0.0000000E+00
  0.0000000E+00  0.0000000E+00
  0.0000000E+00  0.0000000E+00
  0.0000000E+00  0.0000000E+00
  0.0000000E+00  0.0000000E+00
  0.0000000E+00  0.0000000E+00
  0.0000000E+00  0.0000000E+00
  0.0000000E+00  0.0000000E+00
  0.0000000E+00  0.0000000E+00
  0.0000000E+00  0.0000000E+00
  0.0000000E+00  0.0000000E+00
  0.0000000E+00  0.0000000E+00
  0.0000000E+00  0.0000000E+00
  0.0000000E+00  0.0000000E+00
  0.0000000E+00  0.0000000E+00
  0.0000000E+00  0.0000000E+00
  0.0000000E+00  0.0000000E+00
  0.0000000E+00  0.0000000E+00
  0.0000000E+00  0.0000000E+00
  0.0000000E+00  0.0000000E+00
  0.0000000E+00  0.0000000E+00
  0.0000000E+00  0.0000000E+00
  0.0000000E+00  0.0000000E+00
  0.0000000E+00  0.0000000E+00
  0.0000000E+00  0.0000000E+00
  0.0000000E+00  0.0000000E+00
  0.0000000E+00  0.0000000E+00
  0.0000000E+00  0.0000000E+00
  0.0000000E+00  0.0000000E+00
  0.0000000E+00  0.0000000E+00
  0.0000000E+00  0.0000000E+00
  0.0000000E+00  0.0000000E+00
  0.0000000E+00  0.0000000E+00
  0.0000000E+00  0.0000000E+00
  0.0000000E+00  0.0000000E+00
  0.0000000E+00  0.0000000E+00
  0.0000000E+00  0.0000000E+00
  0.0000000E+00  0.0000000E+00
  0.0000000E+00  0.0000000E+00
  0.0000000E+00  0.0000000E+00
  0.0000000E+00  0.0000000E+00
  0.0000000E+00  0.0000000E+00
  0.0000000E+00  0.0000000E+00
  0.0000000E+00  0.0000000E+00
  0.0000000E+00  0.0000000E+00
  0.0000000E+00  0.0000000E+00
  0.0000000E+00  0.0000000E+00
  0.0000000E+00  0.0000000E+00
  0.0000000E+00  0.0000000E+00
  0.0000000E+00  0.0000000E+00
  0.0000000E+00  0.0000000E+00
  0.0000000E+00  0.0000000E+00
  0.0000000E+00  0.0000000E+00
  0.0000000E+00  0.0000000E+00
  0.0000000E+00  0.0000000E+00
  0.0000000E+00  0.0000000E+00
  0.0000000E+00  0.0000000E+00
  0.0000000E+00  0.0000000E+00
  0.0000000E+00  0.0000000E+00
  0.0000000E+00  0.0000000E+00
  0.0000000E+00  0.0000000E+00
  0.0000000E+00  0.0000000E+00
  0.0000000E+00  0.0000000E+00
  0.0000000E+00  0.0000000E+00
  0.0000000E+00  0.0000000E+00
  0.0000000E+00  0.0000000E+00
  0.0000000E+00  0.0000000E+00
  0.0000000E+00  0.0000000E+00
  0.0000000E+00  0.0000000E+00
  0.0000000E+00  0.0000000E+00
  0.0000000E+00  0.0000000E+00
  0.0000000E+00  0.0000000E+00
  0.0000000E+00  0.0000000E+00
  0.0000000E+00  0.0000000E+00
  0.0000000E+00  0.0000000E+00
  0.0000000E+00  0.0000000E+00
  0.0000000E+00  0.0000000E+00
  0.0000000E+00  0.0000000E+00
  0.0000000E+00  0.0000000E+00
  0.0000000E+00  0.0000000E+00
  0.0000000E+00  0.0000000E+00
  0.0000000E+00  0.0000000E+00
  0.0000000E+00  0.0000000E+00
  0.0000000E+00  0.0000000E+00
  0.0000000E+00  0.0000000E+00
  0.0000000E+00  0.0000000E+00
  0.0000000E+00  0.0000000E+00
  0.0000000E+00  0.0000000E+00
  0.0000000E+00  0.0000000E+00
  0.0000000E+00  0.0000000E+00
  0.0000000E+00  0.0000000E+00
  0.0000000E+00  0.0000000E+00
  0.0000000E+00  0.0000000E+00
  0.0000000E+00  0.0000000E+00
  0.0000000E+00  0.0000000E+00
  0.0000000E+00  0.0000000E+00
  0.0000000E+00  0.0000000E+00
  0.0000000E+00  0.0000000E+00
  0.0000000E+00  0.0000000E+00
  0.0000000E+00  0.0000000E+00
  0.0000000E+00  0.0000000E+00
  0.0000000E+00  0.0000000E+00
  0.0000000E+00  0.0000000E+00
  0.0000000E+00  0.0000000E+00
  0.0000000E+00  0.0000000E+00
  0.0000000E+00  0.0000000E+00
  0.0000000E+00  0.0000000E+00
  0.0000000E+00  0.0000000E+00
  0.0000000E+00  0.0000000E+00
  0.0000000E+00  0.0000000E+00
  0.0000000E+00  0.0000000E+00
  0.0000000E+00  0.0000000E+00
  0.0000000E+00  0.0000000E+00
  0.0000000E+00  0.0000000E+00
  0.0000000E+00  0.0000000E+00
  0.0000000E+00  0.0000000E+00
  0.0000000E+00  0.0000000E+00
  0.0000000E+00  0.0000000E+00
  0.0000000E+00  0.0000000E+00
  0.0000000E+00  0.0000000E+00
  0.0000000E+00  0.0000000E+00
  0.0000000E+00  0.0000000E+00
  0.0000000E+00  0.0000000E+00
  0.0000000E+00  0.0000000E+00
  0.0000000E+00  0.0000000E+00
  0.0000000E+00  0.0000000E+00
  0.0000000E+00  0.0000000E+00
  0.0000000E+00  0.0000000E+00
  0.0000000E+00  0.0000000E+00
  0.0000000E+00  0.0000000E+00
  0.0000000E+00  0.0000000E+00
  0.0000000E+00  0.0000000E+00
  0.0000000E+00  0.0000000E+00
  0.0000000E+00  0.0000000E+00
  0.0000000E+00  0.0000000E+00
  0.0000000E+00  0.0000000E+00
  0.0000000E+00  0.0000000E+00
  0.0000000E+00  0.0000000E+00
  0.0000000E+00  0.0000000E+00
  0.0000000E+00  0.0000000E+00
  0.0000000E+00  0.0000000E+00
  0.0000000E+00  0.0000000E+00
  0.0000000E+00  0.0000000E+00
  0.0000000E+00  0.0000000E+00
  0.0000000E+00  0.0000000E+00
  0.0000000E+00  0.0000000E+00
  0.0000000E+00  0.0000000E+00
  0.0000000E+00  0.0000000E+00
  0.0000000E+00  0.0000000E+00
  0.0000000E+00  0.0000000E+00
  0.0000000E+00  0.0000000E+00
  0.0000000E+00  0.0000000E+00
  0.0000000E+00  0.0000000E+00
  0.0000000E+00  0.0000000E+00
  0.0000000E+00  0.0000000E+00
  0.0000000E+00  0.0000000E+00
  0.0000000E+00  0.0000000E+00
  0.0000000E+00  0.0000000E+00
  0.0000000E+00  0.0000000E+00
  0.0000000E+00  0.0000000E+00
  0.0000000E+00  0.0000000E+00
  0.0000000E+00  0.0000000E+00
  0.0000000E+00  0.0000000E+00
  0.0000000E+00  0.0000000E+00
  0.0000000E+00  0.0000000E+00
  0.0000000E+00  0.0000000E+00
  0.0000000E+00  0.0000000E+00
  0.0000000E+00  0.0000000E+00
  0.0000000E+00  0.0000000E+00
  0.0000000E+00  0.0000000E+00
  0.0000000E+00  0.0000000E+00
  0.0000000E+00  0.0000000E+00
  0.0000000E+00  0.0000000E+00
  0.0000000E+00  0.0000000E+00
  0.0000000E+00  0.0000000E+00
  0.0000000E+00  0.0000000E+00
  0.0000000E+00  0.0000000E+00
  0.0000000E+00  0.0000000E+00
  0.0000000E+00  0.0000000E+00
  0.0000000E+00  0.0000000E+00
  0.0000000E+00  0.0000000E+00
  0.0000000E+00  0.0000000E+00
  0.0000000E+00  0.0000000E+00
  0.0000000E+00  0.0000000E+00
  0.0000000E+00  0.0000000E+00
  0.0000000E+00  0.0000000E+00
  0.0000000E+00  0.0000000E+00
  0.0000000E+00  0.0000000E+00
  0.0000000E+00  0.0000000E+00
  0.0000000E+00  0.0000000E+00
  0.0000000E+00  0.0000000E+00
  0.0000000E+00  0.0000000E+00
  0.0000000E+00  0.0000000E+00
  0.0000000E+00  0.0000000E+00
  0.0000000E+00  0.0000000E+00
  0.0000000E+00  0.0000000E+00
  0.0000000E+00  0.0000000E+00
  0.0000000E+00  0.0000000E+00
  0.0000000E+00  0.0000000E+00
  0.0000000E+00  0.0000000E+00
  0.0000000E+00  0.0000000E+00
  0.0000000E+00  0.0000000E+00
  0.0000000E+00  0.0000000E+00
  0.0000000E+00  0.0000000E+00
  0.0000000E+00  0.0000000E+00
  0.0000000E+00  0.0000000E+00
  0.0000000E+00  0.0000000E+00
  0.0000000E+00  0.0000000E+00
  0.0000000E+00  0.0000000E+00
  0.0000000E+00  0.0000000E+00
  0.0000000E+00  0.0000000E+00
  0.0000000E+00  0.0000000E+00
  0.0000000E+00  0.0000000E+00
  0.0000000E+00  0.0000000E+00
  0.0000000E+00  0.0000000E+00
  0.0000000E+00  0.0000000E+00
  0.0000000E+00  0.0000000E+00
  0.0000000E+00  0.0000000E+00
  0.0000000E+00  0.0000000E+00
  0.0000000E+00  0.0000000E+00
  0.0000000E+00  0.0000000E+00
  0.0000000E+00  0.0000000E+00
  0.0000000E+00  0.0000000E+00
  0.0000000E+00  0.0000000E+00
  0.0000000E+00  0.0000000E+00
  0.0000000E+00  0.0000000E+00
  0.0000000E+00  0.0000000E+00
  0.0000000E+00  0.0000000E+00
  0.0000000E+00  0.0000000E+00
  0.0000000E+00  0.0000000E+00
  0.0000000E+00  0.0000000E+00
  0.0000000E+00  0.0000000E+00
  0.0000000E+00  0.0000000E+00
  0.0000000E+00  0.0000000E+00
  0.0000000E+00  0.0000000E+00
  0.0000000E+00  0.0000000E+00
  0.0000000E+00  0.0000000E+00
  0.0000000E+00  0.0000000E+00
  0.0000000E+00  0.0000000E+00
  0.0000000E+00  0.0000000E+00
  0.0000000E+00  0.0000000E+00
  0.0000000E+00  0.0000000E+00
  0.0000000E+00  0.0000000E+00
  0.0000000E+00  0.0000000E+00
  0.0000000E+00  0.0000000E+00
  0.0000000E+00  0.0000000E+00
  0.0000000E+00  0.0000000E+00
  0.0000000E+00  0.0000000E+00
  0.0000000E+00  0.0000000E+00
  0.0000000E+00  0.0000000E+00
  0.0000000E+00  0.0000000E+00
  0.0000000E+00  0.0000000E+00
  0.0000000E+00  0.0000000E+00
  0.0000000E+00  0.0000000E+00
  0.0000000E+00  0.0000000E+00
  0.0000000E+00  0.0000000E+00
  0.0000000E+00  0.0000000E+00
  0.0000000E+00  0.0000000E+00
  0.0000000E+00  0.0000000E+00
  0.0000000E+00  0.0000000E+00
  0.0000000E+00  0.0000000E+00
  0.0000000E+00  0.0000000E+00
  0.0000000E+00  0.0000000E+00
  0.0000000E+00  0.0000000E+00
  0.0000000E+00  0.0000000E+00
  0.0000000E+00  0.0000000E+00
  0.0000000E+00  0.0000000E+00
  0.0000000E+00  0.0000000E+00
  0.0000000E+00  0.0000000E+00
  0.0000000E+00  0.0000000E+00
  0.0000000E+00  0.0000000E+00
  0.0000000E+00  0.0000000E+00
  0.0000000E+00  0.0000000E+00
  0.0000000E+00  0.0000000E+00
  0.0000000E+00  0.0000000E+00
  0.0000000E+00  0.0000000E+00
  0.0000000E+00  0.0000000E+00
  0.0000000E+00  0.0000000E+00
  0.0000000E+00  0.0000000E+00
  0.0000000E+00  0.0000000E+00
  0.0000000E+00  0.0000000E+00
  0.0000000E+00  0.0000000E+00
  0.0000000E+00  0.0000000E+00
  0.0000000E+00  0.0000000E+00
  0.0000000E+00  0.0000000E+00
  0.0000000E+00  0.0000000E+00
  0.0000000E+00  0.0000000E+00
  0.0000000E+00  0.0000000E+00
  0.0000000E+00  0.0000000E+00
  0.0000000E+00  0.0000000E+00
  0.0000000E+00  0.0000000E+00
  0.0000000E+00  0.0000000E+00
  0.0000000E+00  0.0000000E+00
  0.0000000E+00  0.0000000E+00
  0.0000000E+00  0.0000000E+00
  0.0000000E+00  0.0000000E+00
  0.0000000E+00  0.0000000E+00
  0.0000000E+00  0.0000000E+00
  0.0000000E+00  0.0000000E+00
  0.0000000E+00  0.0000000E+00
  0.0000000E+00  0.0000000E+00
  0.0000000E+00  0.0000000E+00
  0.0000000E+00  0.0000000E+00
  0.0000000E+00  0.0000000E+00
  0.0000000E+00  0.0000000E+00
  0.0000000E+00  0.0000000E+00
  0.0000000E+00  0.0000000E+00
  0.0000000E+00  0.0000000E+00
  0.0000000E+00  0.0000000E+00
  0.0000000E+00  0.0000000E+00
  0.0000000E+00  0.0000000E+00
  0.0000000E+00  0.0000000E+00
  0.0000000E+00  0.0000000E+00
  0.0000000E+00  0.0000000E+00
  0.0000000E+00  0.0000000E+00
  0.0000000E+00  0.0000000E+00
  0.0000000E+00  0.0000000E+00
  0.0000000E+00  0.0000000E+00
  0.0000000E+00  0.0000000E+00
  0.0000000E+00  0.0000000E+00
  0.0000000E+00  0.0000000E+00
  0.0000000E+00  0.0000000E+00
  0.0000000E+00  0.0000000E+00
  0.0000000E+00  0.0000000E+00
  0.0000000E+00  0.0000000E+00
  0.0000000E+00  0.0000000E+00
  0.0000000E+00  0.0000000E+00
  0.0000000E+00  0.0000000E+00
  0.0000000E+00  0.0000000E+00
  0.0000000E+00  0.0000000E+00
  0.0000000E+00  0.0000000E+00
  0.0000000E+00  0.0000000E+00
  0.0000000E+00  0.0000000E+00
  0.0000000E+00  0.0000000E+00
  0.0000000E+00  0.0000000E+00
  0.0000000E+00  0.0000000E+00
  0.0000000E+00  0.0000000E+00
  0.0000000E+00  0.0000000E+00
  0.0000000E+00  0.0000000E+00
  0.0000000E+00  0.0000000E+00
  0.0000000E+00  0.0000000E+00
  0.0000000E+00  0.0000000E+00
  0.0000000E+00  0.0000000E+00
  0.0000000E+00  0.0000000E+00
  0.0000000E+00  0.0000000E+00
  0.0000000E+00  0.0000000E+00
  0.0000000E+00  0.0000000E+00
  0.0000000E+00  0.0000000E+00
  0.0000000E+00  0.0000000E+00
  0.0000000E+00  0.0000000E+00
  0.0000000E+00  0.0000000E+00
  0.0000000E+00  0.0000000E+00
  0.0000000E+00  0.0000000E+00
  0.0000000E+00  0.0000000E+00
  0.0000000E+00  0.0000000E+00
  0.0000000E+00  0.0000000E+00
  0.0000000E+00  0.0000000E+00
  0.0000000E+00  0.0000000E+00
  0.0000000E+00  0.0000000E+00
  0.0000000E+00  0.0000000E+00
  0.0000000E+00  0.0000000E+00
  0.0000000E+00  0.0000000E+00
  0.0000000E+00  0.0000000E+00
  0.0000000E+00  0.0000000E+00
  0.0000000E+00  0.0000000E+00
  0.0000000E+00  0.0000000E+00
  0.0000000E+00  0.0000000E+00
  0.0000000E+00  0.0000000E+00
  0.0000000E+00  0.0000000E+00
  0.0000000E+00  0.0000000E+00
  0.0000000E+00  0.0000000E+00
  0.0000000E+00  0.0000000E+00
  0.0000000E+00  0.0000000E+00
  0.0000000E+00  0.0000000E+00
  0.0000000E+00  0.0000000E+00
  0.0000000E+00  0.0000000E+00
  0.0000000E+00  0.0000000E+00
  0.0000000E+00  0.0000000E+00
  0.0000000E+00  0.0000000E+00
  0.0000000E+00  0.0000000E+00
  0.0000000E+00  0.0000000E+00
  0.0000000E+00  0.0000000E+00
  0.0000000E+00  0.0000000E+00
  0.0000000E+00  0.0000000E+00
  0.0000000E+00  0.0000000E+00
  0.0000000E+00  0.0000000E+00
  0.0000000E+00  0.0000000E+00
  0.0000000E+00  0.0000000E+00
  0.0000000E+00  0.0000000E+00
  0.0000000E+00  0.0000000E+00
  0.0000000E+00  0.0000000E+00
  0.0000000E+00  0.0000000E+00
  0.0000000E+00  0.0000000E+00
  0.0000000E+00  0.0000000E+00
  0.0000000E+00  0.0000000E+00
  0.0000000E+00  0.0000000E+00
  0.0000000E+00  0.0000000E+00
  0.0000000E+00  0.0000000E+00
  0.0000000E+00  0.0000000E+00
  0.0000000E+00  0.0000000E+00
  0.0000000E+00  0.0000000E+00
  0.0000000E+00  0.0000000E+00
  0.0000000E+00  0.0000000E+00
  0.0000000E+00  0.0000000E+00
  0.0000000E+00  0.0000000E+00
  0.0000000E+00  0.0000000E+00
  0.0000000E+00  0.0000000E+00
  0.0000000E+00  0.0000000E+00
  0.0000000E+00  0.0000000E+00
  0.0000000E+00  0.0000000E+00
  0.0000000E+00  0.0000000E+00
  0.0000000E+00  0.0000000E+00
  0.0000000E+00  0.0000000E+00
  0.0000000E+00  0.0000000E+00
  0.0000000E+00  0.0000000E+00
  0.0000000E+00  0.0000000E+00
  0.0000000E+00  0.0000000E+00
  0.0000000E+00  0.0000000E+00
  0.0000000E+00  0.0000000E+00
  0.0000000E+00  0.0000000E+00
  0.0000000E+00  0.0000000E+00
  0.0000000E+00  0.0000000E+00
  0.0000000E+00  0.0000000E+00
  0.0000000E+00  0.0000000E+00
  0.0000000E+00  0.0000000E+00
  0.0000000E+00  0.0000000E+00
  0.0000000E+00  0.0000000E+00
  0.0000000E+00  0.0000000E+00
  0.0000000E+00  0.0000000E+00
  0.0000000E+00  0.0000000E+00
  0.0000000E+00  0.0000000E+00
  0.0000000E+00  0.0000000E+00
  0.0000000E+00  0.0000000E+00
  0.0000000E+00  0.0000000E+00
  0.0000000E+00  0.0000000E+00
  0.0000000E+00  0.0000000E+00
  0.0000000E+00  0.0000000E+00
  0.0000000E+00  0.0000000E+00
  0.0000000E+00  0.0000000E+00
  0.0000000E+00  0.0000000E+00
  0.0000000E+00  0.0000000E+00
  0.0000000E+00  0.0000000E+00
  0.0000000E+00  0.0000000E+00
  0.0000000E+00  0.0000000E+00
  0.0000000E+00  0.0000000E+00
  0.0000000E+00  0.0000000E+00
  0.0000000E+00  0.0000000E+00
  0.0000000E+00  0.0000000E+00
  0.0000000E+00  0.0000000E+00
  0.0000000E+00  0.0000000E+00
  0.0000000E+00  0.0000000E+00
  0.0000000E+00  0.0000000E+00
  0.0000000E+00  0.0000000E+00
  0.0000000E+00  0.0000000E+00
  0.0000000E+00  0.0000000E+00
  0.0000000E+00  0.0000000E+00
  0.0000000E+00  0.0000000E+00
  0.0000000E+00  0.0000000E+00
  0.0000000E+00  0.0000000E+00
  0.0000000E+00  0.0000000E+00
  0.0000000E+00  0.0000000E+00
  0.0000000E+00  0.0000000E+00
  0.0000000E+00  0.0000000E+00
  0.0000000E+00  0.0000000E+00
  0.0000000E+00  0.0000000E+00
  0.0000000E+00  0.0000000E+00
  0.0000000E+00  0.0000000E+00
  0.0000000E+00  0.0000000E+00
  0.0000000E+00  0.0000000E+00
  0.0000000E+00  0.0000000E+00
  0.0000000E+00  0.0000000E+00
  0.0000000E+00  0.0000000E+00
  0.0000000E+00  0.0000000E+00
  0.0000000E+00  0.0000000E+00
  0.0000000E+00  0.0000000E+00
  0.0000000E+00  0.0000000E+00
  0.0000000E+00  0.0000000E+00
  0.0000000E+00  0.0000000E+00
  0.0000000E+00  0.0000000E+00
  0.0000000E+00  0.0000000E+00
  0.0000000E+00  0.0000000E+00
  0.0000000E+00  0.0000000E+00
  0.0000000E+00  0.0000000E+00
  0.0000000E+00  0.0000000E+00
  0.0000000E+00  0.0000000E+00
  0.0000000E+00  0.0000000E+00
  0.0000000E+00  0.0000000E+00
  0.0000000E+00  0.0000000E+00
  0.0000000E+00  0.0000000E+00
  0.0000000E+00  0.0000000E+00
  0.0000000E+00  0.0000000E+00
  0.0000000E+00  0.0000000E+00
  0.0000000E+00  0.0000000E+00
  0.0000000E+00  0.0000000E+00
  0.0000000E+00  0.0000000E+00
  0.0000000E+00  0.0000000E+00
  0.0000000E+00  0.0000000E+00
  0.0000000E+00  0.0000000E+00
  0.0000000E+00  0.0000000E+00
  0.0000000E+00  0.0000000E+00
  0.0000000E+00  0.0000000E+00
  0.0000000E+00  0.0000000E+00
  0.0000000E+00  0.0000000E+00
  0.0000000E+00  0.0000000E+00
  0.0000000E+00  0.0000000E+00
  0.0000000E+00  0.0000000E+00
  0.0000000E+00  0.0000000E+00
  0.0000000E+00  0.0000000E+00
  0.0000000E+00  0.0000000E+00
  0.0000000E+00  0.0000000E+00
  0.0000000E+00  0.0000000E+00
  0.0000000E+00  0.0000000E+00
  0.0000000E+00  0.0000000E+00
  0.0000000E+00  0.0000000E+00
  0.0000000E+00  0.0000000E+00
  0.0000000E+00  0.0000000E+00
  0.0000000E+00  0.0000000E+00
  0.0000000E+00  0.0000000E+00
  0.0000000E+00  0.0000000E+00
  0.0000000E+00  0.0000000E+00
  0.0000000E+00  0.0000000E+00
  0.0000000E+00  0.0000000E+00
  0.0000000E+00  0.0000000E+00
  0.0000000E+00  0.0000000E+00
  0.0000000E+00  0.0000000E+00
  0.0000000E+00  0.0000000E+00
  0.0000000E+00  0.0000000E+00
  0.0000000E+00  0.0000000E+00
  0.0000000E+00  0.0000000E+00
  0.0000000E+00  0.0000000E+00
  0.0000000E+00  0.0000000E+00
  0.0000000E+00  0.0000000E+00
  0.0000000E+00  0.0000000E+00
  0.0000000E+00  0.0000000E+00
  0.0000000E+00  0.0000000E+00
  0.0000000E+00  0.0000000E+00
  0.0000000E+00  0.0000000E+00
  0.0000000E+00  0.0000000E+00
  0.0000000E+00  0.0000000E+00
  0.0000000E+00  0.0000000E+00
  0.0000000E+00  0.0000000E+00
  0.0000000E+00  0.0000000E+00
  0.0000000E+00  0.0000000E+00
  0.0000000E+00  0.0000000E+00
  0.0000000E+00  0.0000000E+00
  0.0000000E+00  0.0000000E+00
  0.0000000E+00  0.0000000E+00
  0.0000000E+00  0.0000000E+00
  0.0000000E+00  0.0000000E+00
  0.0000000E+00  0.0000000E+00
  0.0000000E+00  0.0000000E+00
  0.0000000E+00  0.0000000E+00
  0.0000000E+00  0.0000000E+00
  0.0000000E+00  0.0000000E+00
  0.0000000E+00  0.0000000E+00
  0.0000000E+00  0.0000000E+00
  0.0000000E+00  0.0000000E+00
  0.0000000E+00  0.0000000E+00
  0.0000000E+00  0.0000000E+00
  0.0000000E+00  0.0000000E+00
  0.0000000E+00  0.0000000E+00
  0.0000000E+00  0.0000000E+00
  0.0000000E+00  0.0000000E+00
  0.0000000E+00  0.0000000E+00
  0.0000000E+00  0.0000000E+00
  0.0000000E+00  0.0000000E+00
  0.0000000E+00  0.0000000E+00
  0.0000000E+00  0.0000000E+00
  0.0000000E+00  0.0000000E+00
  0.0000000E+00  0.0000000E+00
  0.0000000E+00  0.0000000E+00
  0.0000000E+00  0.0000000E+00
  0.0000000E+00  0.0000000E+00
  0.0000000E+00  0.0000000E+00
  0.0000000E+00  0.0000000E+00
  0.0000000E+00  0.0000000E+00
  0.0000000E+00  0.0000000E+00
  0.0000000E+00  0.0000000E+00
  0.0000000E+00  0.0000000E+00
  0.0000000E+00  0.0000000E+00
  0.0000000E+00  0.0000000E+00
  0.0000000E+00  0.0000000E+00
  0.0000000E+00  0.0000000E+00
  0.0000000E+00  0.0000000E+00
  0.0000000E+00  0.0000000E+00
  0.0000000E+00  0.0000000E+00
  0.0000000E+00  0.0000000E+00
  0.0000000E+00  0.0000000E+00
  0.0000000E+00  0.0000000E+00
  0.0000000E+00  0.0000000E+00
  0.0000000E+00  0.0000000E+00
  0.0000000E+00  0.0000000E+00
  0.0000000E+00  0.0000000E+00
  0.0000000E+00  0.0000000E+00
  0.0000000E+00  0.0000000E+00
  0.0000000E+00  0.0000000E+00
  0.0000000E+00  0.0000000E+00
  0.0000000E+00  0.0000000E+00
  0.0000000E+00  0.0000000E+00
  0.0000000E+00  0.0000000E+00
  0.0000000E+00  0.0000000E+00
  0.0000000E+00  0.0000000E+00
  0.0000000E+00  0.0000000E+00
  0.0000000E+00  0.0000000E+00
  0.0000000E+00  0.0000000E+00
  0.0000000E+00  0.0000000E+00
  0.0000000E+00  0.0000000E+00
  0.0000000E+00  0.0000000E+00
  0.0000000E+00  0.0000000E+00
  0.0000000E+00  0.0000000E+00
  0.0000000E+00  0.0000000E+00
  0.0000000E+00  0.0000000E+00
  0.0000000E+00  0.0000000E+00
  0.0000000E+00  0.0000000E+00
  0.0000000E+00  0.0000000E+00
  0.0000000E+00  0.0000000E+00
  0.0000000E+00  0.0000000E+00
  0.0000000E+00  0.0000000E+00
  0.0000000E+00  0.0000000E+00
  0.0000000E+00  0.0000000E+00
  0.0000000E+00  0.0000000E+00
  0.0000000E+00  0.0000000E+00
  0.0000000E+00  0.0000000E+00
  0.0000000E+00  0.0000000E+00
  0.0000000E+00  0.0000000E+00
  0.0000000E+00  0.0000000E+00
  0.0000000E+00  0.0000000E+00
  0.0000000E+00  0.0000000E+00
  0.0000000E+00  0.0000000E+00
  0.0000000E+00  0.0000000E+00
  0.0000000E+00  0.0000000E+00
  0.0000000E+00  0.0000000E+00
  0.0000000E+00  0.0000000E+00
  0.0000000E+00  0.0000000E+00
  0.0000000E+00  0.0000000E+00
  0.0000000E+00  0.0000000E+00
  0.0000000E+00  0.0000000E+00
  0.0000000E+00  0.0000000E+00
  0.0000000E+00  0.0000000E+00
  0.0000000E+00  0.0000000E+00
  0.0000000E+00  0.0000000E+00
  0.0000000E+00  0.0000000E+00
  0.0000000E+00  0.0000000E+00
  0.0000000E+00  0.0000000E+00
  0.0000000E+00  0.0000000E+00
  0.0000000E+00  0.0000000E+00
  0.0000000E+00  0.0000000E+00
  0.0000000E+00  0.0000000E+00
  0.0000000E+00  0.0000000E+00
  0.0000000E+00  0.0000000E+00
  0.0000000E+00  0.0000000E+00
  0.0000000E+00  0.0000000E+00
  0.0000000E+00  0.0000000E+00
  0.0000000E+00  0.0000000E+00
  0.0000000E+00  0.0000000E+00
  0.0000000E+00  0.0000000E+00
  0.0000000E+00  0.0000000E+00
  0.0000000E+00  0.0000000E+00
  0.0000000E+00  0.0000000E+00
  0.0000000E+00  0.0000000E+00
  0.0000000E+00  0.0000000E+00
  0.0000000E+00  0.0000000E+00
  0.0000000E+00  0.0000000E+00
  0.0000000E+00  0.0000000E+00
  0.0000000E+00  0.0000000E+00
  0.0000000E+00  0.0000000E+00
  0.0000000E+00  0.0000000E+00
  0.0000000E+00  0.0000000E+00
  0.0000000E+00  0.0000000E+00
  0.0000000E+00  0.0000000E+00
  0.0000000E+00  0.0000000E+00
  0.0000000E+00  0.0000000E+00
  0.0000000E+00  0.0000000E+00
  0.0000000E+00  0.0000000E+00
  0.0000000E+00  0.0000000E+00
  0.0000000E+00  0.0000000E+00
  0.0000000E+00  0.0000000E+00
  0.0000000E+00  0.0000000E+00
  0.0000000E+00  0.0000000E+00
  0.0000000E+00  0.0000000E+00
  0.0000000E+00  0.0000000E+00
  0.0000000E+00  0.0000000E+00
  0.0000000E+00  0.0000000E+00
  0.0000000E+00  0.0000000E+00
  0.0000000E+00  0.0000000E+00
  0.0000000E+00  0.0000000E+00
  0.0000000E+00  0.0000000E+00
  0.0000000E+00  0.0000000E+00
  0.0000000E+00  0.0000000E+00
  0.0000000E+00  0.0000000E+00
  0.0000000E+00  0.0000000E+00
  0.0000000E+00  0.0000000E+00
  0.0000000E+00  0.0000000E+00
  0.0000000E+00  0.0000000E+00
  0.0000000E+00  0.0000000E+00
  0.0000000E+00  0.0000000E+00
  0.0000000E+00  0.0000000E+00
  0.0000000E+00  0.0000000E+00
  0.0000000E+00  0.0000000E+00
  0.0000000E+00  0.0000000E+00
  0.0000000E+00  0.0000000E+00
  0.0000000E+00  0.0000000E+00
  0.0000000E+00  0.0000000E+00
  0.0000000E+00  0.0000000E+00
  0.0000000E+00  0.0000000E+00
  0.0000000E+00  0.0000000E+00
  0.0000000E+00  0.0000000E+00
  0.0000000E+00  0.0000000E+00
  0.0000000E+00  0.0000000E+00
  0.0000000E+00  0.0000000E+00
  0.0000000E+00  0.0000000E+00
  0.0000000E+00  0.0000000E+00
  0.0000000E+00  0.0000000E+00
  0.0000000E+00  0.0000000E+00
  0.0000000E+00  0.0000000E+00
  0.0000000E+00  0.0000000E+00
  0.0000000E+00  0.0000000E+00
  0.0000000E+00  0.0000000E+00
  0.0000000E+00  0.0000000E+00
  0.0000000E+00  0.0000000E+00
  0.0000000E+00  0.0000000E+00
  0.0000000E+00  0.0000000E+00
  0.0000000E+00  0.0000000E+00
  0.0000000E+00  0.0000000E+00
  0.0000000E+00  0.0000000E+00
  0.0000000E+00  0.0000000E+00
  0.0000000E+00  0.0000000E+00
  0.0000000E+00  0.0000000E+00
  0.0000000E+00  0.0000000E+00
  0.0000000E+00  0.0000000E+00
  0.0000000E+00  0.0000000E+00
  0.0000000E+00  0.0000000E+00
  0.0000000E+00  0.0000000E+00
  0.0000000E+00  0.0000000E+00
  0.0000000E+00  0.0000000E+00
  0.0000000E+00  0.0000000E+00
  0.0000000E+00  0.0000000E+00
  0.0000000E+00  0.0000000E+00
  0.0000000E+00  0.0000000E+00
  0.0000000E+00  0.0000000E+00
  0.0000000E+00  0.0000000E+00
  0.0000000E+00  0.0000000E+00
  0.0000000E+00  0.0000000E+00
  0.0000000E+00  0.0000000E+00
  0.0000000E+00  0.0000000E+00
  0.0000000E+00  0.0000000E+00
  0.0000000E+00  0.0000000E+00
  0.0000000E+00  0.0000000E+00
  0.0000000E+00  0.0000000E+00
  0.0000000E+00  0.0000000E+00
  0.0000000E+00  0.0000000E+00
  0.0000000E+00  0.0000000E+00
  0.0000000E+00  0.0000000E+00
  0.0000000E+00  0.0000000E+00
  0.0000000E+00  0.0000000E+00
  0.0000000E+00  0.0000000E+00
  0.0000000E+00  0.0000000E+00
  0.0000000E+00  0.0000000E+00
  0.0000000E+00  0.0000000E+00
  0.0000000E+00  0.0000000E+00
  0.0000000E+00  0.0000000E+00
  0.0000000E+00  0.0000000E+00
  0.0000000E+00  0.0000000E+00
  0.0000000E+00  0.0000000E+00
  0.0000000E+00  0.0000000E+00
  0.0000000E+00  0.0000000E+00
  0.0000000E+00  0.0000000E+00
  0.0000000E+00  0.0000000E+00
  0.0000000E+00  0.0000000E+00
  0.0000000E+00  0.0000000E+00
  0.0000000E+00  0.0000000E+00
  0.0000000E+00  0.0000000E+00
  0.0000000E+00  0.0000000E+00
  0.0000000E+00  0.0000000E+00
  0.0000000E+00  0.0000000E+00
  0.0000000E+00  0.0000000E+00
  0.0000000E+00  0.0000000E+00
  0.0000000E+00  0.0000000E+00
  0.0000000E+00  0.0000000E+00
  0.0000000E+00  0.0000000E+00
  0.0000000E+00  0.0000000E+00
  0.0000000E+00  0.0000000E+00
  0.0000000E+00  0.0000000E+00
  0.0000000E+00  0.0000000E+00
  0.0000000E+00  0.0000000E+00
  0.0000000E+00  0.0000000E+00
  0.0000000E+00  0.0000000E+00
  0.0000000E+00  0.0000000E+00
  0.0000000E+00  0.0000000E+00
  0.0000000E+00  0.0000000E+00
  0.0000000E+00  0.0000000E+00
  0.0000000E+00  0.0000000E+00
  0.0000000E+00  0.0000000E+00
  0.0000000E+00  0.0000000E+00
  0.0000000E+00  0.0000000E+00
  0.0000000E+00  0.0000000E+00
  0.0000000E+00  0.0000000E+00
  0.0000000E+00  0.0000000E+00
  0.0000000E+00  0.0000000E+00
  0.0000000E+00  0.0000000E+00
  0.0000000E+00  0.0000000E+00
  0.0000000E+00  0.0000000E+00
  0.0000000E+00  0.0000000E+00
  0.0000000E+00  0.0000000E+00
  0.0000000E+00  0.0000000E+00
  0.0000000E+00  0.0000000E+00
  0.0000000E+00  0.0000000E+00
  0.0000000E+00  0.0000000E+00
  0.0000000E+00  0.0000000E+00
  0.0000000E+00  0.0000000E+00
  0.0000000E+00  0.0000000E+00
  0.0000000E+00  0.0000000E+00
  0.0000000E+00  0.0000000E+00
  0.0000000E+00  0.0000000E+00
  0.0000000E+00  0.0000000E+00
  0.0000000E+00  0.0000000E+00
  0.0000000E+00  0.0000000E+00
  0.0000000E+00  0.0000000E+00
  0.0000000E+00  0.0000000E+00
  0.0000000E+00  0.0000000E+00
  0.0000000E+00  0.0000000E+00
  0.0000000E+00  0.0000000E+00
  0.0000000E+00  0.0000000E+00
  0.0000000E+00  0.0000000E+00
  0.0000000E+00  0.0000000E+00
  0.0000000E+00  0.0000000E+00
  0.0000000E+00  0.0000000E+00
  0.0000000E+00  0.0000000E+00
  0.0000000E+00  0.0000000E+00
  0.0000000E+00  0.0000000E+00
  0.0000000E+00  0.0000000E+00
  0.0000000E+00  0.0000000E+00
  0.0000000E+00  0.0000000E+00
  0.0000000E+00  0.0000000E+00
  0.0000000E+00  0.0000000E+00
  0.0000000E+00  0.0000000E+00
  0.0000000E+00  0.0000000E+00
  0.0000000E+00  0.0000000E+00
  0.0000000E+00  0.0000000E+00
  0.0000000E+00  0.0000000E+00
  0.0000000E+00  0.0000000E+00
  0.0000000E+00  0.0000000E+00
  0.0000000E+00  0.0000000E+00
  0.0000000E+00  0.0000000E+00
  0.0000000E+00  0.0000000E+00
  0.0000000E+00  0.0000000E+00
  0.0000000E+00  0.0000000E+00
  0.0000000E+00  0.0000000E+00
  0.0000000E+00  0.0000000E+00
  0.0000000E+00  0.0000000E+00
  0.0000000E+00  0.0000000E+00
  0.0000000E+00  0.0000000E+00
  0.0000000E+00  0.0000000E+00
  0.0000000E+00  0.0000000E+00
  0.0000000E+00  0.0000000E+00
  0.0000000E+00  0.0000000E+00
  0.0000000E+00  0.0000000E+00
  0.0000000E+00  0.0000000E+00
  0.0000000E+00  0.0000000E+00
  0.0000000E+00  0.0000000E+00
  0.0000000E+00  0.0000000E+00
  0.0000000E+00  0.0000000E+00
  0.0000000E+00  0.0000000E+00
  0.0000000E+00  0.0000000E+00
  0.0000000E+00  0.0000000E+00
  0.0000000E+00  0.0000000E+00
  0.0000000E+00  0.0000000E+00
  0.0000000E+00  0.0000000E+00
  0.0000000E+00  0.0000000E+00
  0.0000000E+00  0.0000000E+00
  0.0000000E+00  0.0000000E+00
  0.0000000E+00  0.0000000E+00
  0.0000000E+00  0.0000000E+00
  0.0000000E+00  0.0000000E+00
  0.0000000E+00  0.0000000E+00
  0.0000000E+00  0.0000000E+00
  0.0000000E+00  0.0000000E+00
  0.0000000E+00  0.0000000E+00
  0.0000000E+00  0.0000000E+00
  0.0000000E+00  0.0000000E+00
  0.0000000E+00  0.0000000E+00
  0.0000000E+00  0.0000000E+00
  0.0000000E+00  0.0000000E+00
  0.0000000E+00  0.0000000E+00
  0.0000000E+00  0.0000000E+00
  0.0000000E+00  0.0000000E+00
  0.0000000E+00  0.0000000E+00
  0.0000000E+00  0.0000000E+00
  0.0000000E+00  0.0000000E+00
  0.0000000E+00  0.0000000E+00
  0.0000000E+00  0.0000000E+00
  0.0000000E+00  0.0000000E+00
  0.0000000E+00  0.0000000E+00
  0.0000000E+00  0.0000000E+00
  0.0000000E+00  0.0000000E+00
  0.0000000E+00  0.0000000E+00
  0.0000000E+00  0.0000000E+00
  0.0000000E+00  0.0000000E+00
  0.0000000E+00  0.0000000E+00
  0.0000000E+00  0.0000000E+00
  0.0000000E+00  0.0000000E+00
  0.0000000E+00  0.0000000E+00
  0.0000000E+00  0.0000000E+00
  0.0000000E+00  0.0000000E+00
  0.0000000E+00  0.0000000E+00
  0.0000000E+00  0.0000000E+00
  0.0000000E+00  0.0000000E+00
  0.0000000E+00  0.0000000E+00
  0.0000000E+00  0.0000000E+00
  0.0000000E+00  0.0000000E+00
  0.0000000E+00  0.0000000E+00
  0.0000000E+00  0.0000000E+00
  0.0000000E+00  0.0000000E+00
  0.0000000E+00  0.0000000E+00
  0.0000000E+00  0.0000000E+00
  0.0000000E+00  0.0000000E+00
  0.0000000E+00  0.0000000E+00
  0.0000000E+00  0.0000000E+00
  0.0000000E+00  0.0000000E+00
  0.0000000E+00  0.0000000E+00
  0.0000000E+00  0.0000000E+00
  0.0000000E+00  0.0000000E+00
  0.0000000E+00  0.0000000E+00
  0.0000000E+00  0.0000000E+00
  0.0000000E+00  0.0000000E+00
  0.0000000E+00  0.0000000E+00
  0.0000000E+00  0.0000000E+00
  0.0000000E+00  0.0000000E+00
  0.0000000E+00  0.0000000E+00
  0.0000000E+00  0.0000000E+00
  0.0000000E+00  0.0000000E+00
  0.0000000E+00  0.0000000E+00
  0.0000000E+00  0.0000000E+00
  0.0000000E+00  0.0000000E+00
  0.0000000E+00  0.0000000E+00
  0.0000000E+00  0.0000000E+00
  0.0000000E+00  0.0000000E+00
  0.0000000E+00  0.0000000E+00
  0.0000000E+00  0.0000000E+00
  0.0000000E+00  0.0000000E+00
  0.0000000E+00  0.0000000E+00
  0.0000000E+00  0.0000000E+00
  0.0000000E+00  0.0000000E+00
  0.0000000E+00  0.0000000E+00
  0.0000000E+00  0.0000000E+00
  0.0000000E+00  0.0000000E+00
  0.0000000E+00  0.0000000E+00
  0.0000000E+00  0.0000000E+00
  0.0000000E+00  0.0000000E+00
  0.0000000E+00  0.0000000E+00
  0.0000000E+00  0.0000000E+00
  0.0000000E+00  0.0000000E+00
  0.0000000E+00  0.0000000E+00
  0.0000000E+00  0.0000000E+00
  0.0000000E+00  0.0000000E+00
  0.0000000E+00  0.0000000E+00
  0.0000000E+00  0.0000000E+00
  0.0000000E+00  0.0000000E+00
  0.0000000E+00  0.0000000E+00
  0.0000000E+00  0.0000000E+00
  0.0000000E+00  0.0000000E+00
  0.0000000E+00  0.0000000E+00
  0.0000000E+00  0.0000000E+00
  0.0000000E+00  0.0000000E+00
  0.0000000E+00  0.0000000E+00
  0.0000000E+00  0.0000000E+00
  0.0000000E+00  0.0000000E+00
  0.0000000E+00  0.0000000E+00
  0.0000000E+00  0.0000000E+00
  0.0000000E+00  0.0000000E+00
  0.0000000E+00  0.0000000E+00
  0.0000000E+00  0.0000000E+00
  0.0000000E+00  0.0000000E+00
  0.0000000E+00  0.0000000E+00
  0.0000000E+00  0.0000000E+00
  0.0000000E+00  0.0000000E+00
  0.0000000E+00  0.0000000E+00
  0.0000000E+00  0.0000000E+00
  0.0000000E+00  0.0000000E+00
  0.0000000E+00  0.0000000E+00
  0.0000000E+00  0.0000000E+00
  0.0000000E+00  0.0000000E+00
  0.0000000E+00  0.0000000E+00
  0.0000000E+00  0.0000000E+00
  0.0000000E+00  0.0000000E+00
  0.0000000E+00  0.0000000E+00
  0.0000000E+00  0.0000000E+00
  0.0000000E+00  0.0000000E+00
  0.0000000E+00  0.0000000E+00
  0.0000000E+00  0.0000000E+00
  0.0000000E+00  0.0000000E+00
  0.0000000E+00  0.0000000E+00
  0.0000000E+00  0.0000000E+00
  0.0000000E+00  0.0000000E+00
  0.0000000E+00  0.0000000E+00
  0.0000000E+00  0.0000000E+00
  0.0000000E+00  0.0000000E+00
  0.0000000E+00  0.0000000E+00
  0.0000000E+00  0.0000000E+00
  0.0000000E+00  0.0000000E+00
  0.0000000E+00  0.0000000E+00
  0.0000000E+00  0.0000000E+00
  0.0000000E+00  0.0000000E+00
  0.0000000E+00  0.0000000E+00
  0.0000000E+00  0.0000000E+00
  0.0000000E+00  0.0000000E+00
  0.0000000E+00  0.0000000E+00
  0.0000000E+00  0.0000000E+00
  0.0000000E+00  0.0000000E+00
  0.0000000E+00  0.0000000E+00
  0.0000000E+00  0.0000000E+00
  0.0000000E+00  0.0000000E+00
  0.0000000E+00  0.0000000E+00
  0.0000000E+00  0.0000000E+00
  0.0000000E+00  0.0000000E+00
  0.0000000E+00  0.0000000E+00
  0.0000000E+00  0.0000000E+00
  0.0000000E+00  0.0000000E+00
  0.0000000E+00  0.0000000E+00
  0.0000000E+00  0.0000000E+00
  0.0000000E+00  0.0000000E+00
  0.0000000E+00  0.0000000E+00
  0.0000000E+00  0.0000000E+00
  0.0000000E+00  0.0000000E+00
  0.0000000E+00  0.0000000E+00
  0.0000000E+00  0.0000000E+00
  0.0000000E+00  0.0000000E+00
  0.0000000E+00  0.0000000E+00
  0.0000000E+00  0.0000000E+00
  0.0000000E+00  0.0000000E+00
  0.0000000E+00  0.0000000E+00
  0.0000000E+00  0.0000000E+00
  0.0000000E+00  0.0000000E+00
  0.0000000E+00  0.0000000E+00
  0.0000000E+00  0.0000000E+00
  0.0000000E+00  0.0000000E+00
  0.0000000E+00  0.0000000E+00
  0.0000000E+00  0.0000000E+00
  0.0000000E+00  0.0000000E+00
  0.0000000E+00  0.0000000E+00
  0.0000000E+00  0.0000000E+00
  0.0000000E+00  0.0000000E+00
  0.0000000E+00  0.0000000E+00
  0.0000000E+00  0.0000000E+00
  0.0000000E+00  0.0000000E+00
  0.0000000E+00  0.0000000E+00
  0.0000000E+00  0.0000000E+00
  0.0000000E+00  0.0000000E+00
  0.0000000E+00  0.0000000E+00
  0.0000000E+00  0.0000000E+00
  0.0000000E+00  0.0000000E+00
  0.0000000E+00  0.0000000E+00
  0.0000000E+00  0.0000000E+00
  0.0000000E+00  0.0000000E+00
  0.0000000E+00  0.0000000E+00
  0.0000000E+00  0.0000000E+00
  0.0000000E+00  0.0000000E+00
  0.0000000E+00  0.0000000E+00
  0.0000000E+00  0.0000000E+00
  0.0000000E+00  0.0000000E+00
  0.0000000E+00  0.0000000E+00
  0.0000000E+00  0.0000000E+00
  0.0000000E+00  0.0000000E+00
  0.0000000E+00  0.0000000E+00
  0.0000000E+00  0.0000000E+00
  0.0000000E+00  0.0000000E+00
  0.0000000E+00  0.0000000E+00
  0.0000000E+00  0.0000000E+00
  0.0000000E+00  0.0000000E+00
  0.0000000E+00  0.0000000E+00
  0.0000000E+00  0.0000000E+00
  0.0000000E+00  0.0000000E+00
  0.0000000E+00  0.0000000E+00
  0.0000000E+00  0.0000000E+00
  0.0000000E+00  0.0000000E+00
  0.0000000E+00  0.0000000E+00
  0.0000000E+00  0.0000000E+00
  0.0000000E+00  0.0000000E+00
  0.0000000E+00  0.0000000E+00
  0.0000000E+00  0.0000000E+00
  0.0000000E+00  0.0000000E+00
  0.0000000E+00  0.0000000E+00
  0.0000000E+00  0.0000000E+00
  0.0000000E+00  0.0000000E+00
  0.0000000E+00  0.0000000E+00
  0.0000000E+00  0.0000000E+00
  0.0000000E+00  0.0000000E+00
  0.0000000E+00  0.0000000E+00
  0.0000000E+00  0.0000000E+00
  0.0000000E+00  0.0000000E+00
  0.0000000E+00  0.0000000E+00
  0.0000000E+00  0.0000000E+00
  0.0000000E+00  0.0000000E+00
  0.0000000E+00  0.0000000E+00
  0.0000000E+00  0.0000000E+00
  0.0000000E+00  0.0000000E+00
  0.0000000E+00  0.0000000E+00
  0.0000000E+00  0.0000000E+00
  0.0000000E+00  0.0000000E+00
  0.0000000E+00  0.0000000E+00
  0.0000000E+00  0.0000000E+00
  0.0000000E+00  0.0000000E+00
  0.0000000E+00  0.0000000E+00
  0.0000000E+00  0.0000000E+00
  0.0000000E+00  0.0000000E+00
  0.0000000E+00  0.0000000E+00
  0.0000000E+00  0.0000000E+00
  0.0000000E+00  0.0000000E+00
  0.0000000E+00  0.0000000E+00
  0.0000000E+00  0.0000000E+00
  0.0000000E+00  0.0000000E+00
  0.0000000E+00  0.0000000E+00
  0.0000000E+00  0.0000000E+00
  0.0000000E+00  0.0000000E+00
  0.0000000E+00  0.0000000E+00
  0.0000000E+00  0.0000000E+00
  0.0000000E+00  0.0000000E+00
  0.0000000E+00  0.0000000E+00
  0.0000000E+00  0.0000000E+00
  0.0000000E+00  0.0000000E+00
  0.0000000E+00  0.0000000E+00
  0.0000000E+00  0.0000000E+00
  0.0000000E+00  0.0000000E+00
  0.0000000E+00  0.0000000E+00
  0.0000000E+00  0.0000000E+00
  0.0000000E+00  0.0000000E+00
  0.0000000E+00  0.0000000E+00
  0.0000000E+00  0.0000000E+00
  0.0000000E+00  0.0000000E+00
  0.0000000E+00  0.0000000E+00
  0.0000000E+00  0.0000000E+00
  0.0000000E+00  0.0000000E+00
  0.0000000E+00  0.0000000E+00
  0.0000000E+00  0.0000000E+00
  0.0000000E+00  0.0000000E+00
  0.0000000E+00  0.0000000E+00
  0.0000000E+00  0.0000000E+00
  0.0000000E+00  0.0000000E+00
  0.0000000E+00  0.0000000E+00
  0.0000000E+00  0.0000000E+00
  0.0000000E+00  0.0000000E+00
  0.0000000E+00  0.0000000E+00
  0.0000000E+00  0.0000000E+00
  0.0000000E+00  0.0000000E+00
  0.0000000E+00  0.0000000E+00
  0.0000000E+00  0.0000000E+00
  0.0000000E+00  0.0000000E+00
  0.0000000E+00  0.0000000E+00
  0.0000000E+00  0.0000000E+00
  0.0000000E+00  0.0000000E+00
  0.0000000E+00  0.0000000E+00
  0.0000000E+00  0.0000000E+00
  0.0000000E+00  0.0000000E+00
  0.0000000E+00  0.0000000E+00
  0.0000000E+00  0.0000000E+00
  0.0000000E+00  0.0000000E+00
  0.0000000E+00  0.0000000E+00
  0.0000000E+00  0.0000000E+00
  0.0000000E+00  0.0000000E+00
  0.0000000E+00  0.0000000E+00
  0.0000000E+00  0.0000000E+00
  0.0000000E+00  0.0000000E+00
  0.0000000E+00  0.0000000E+00
  0.0000000E+00  0.0000000E+00
  0.0000000E+00  0.0000000E+00
  0.0000000E+00  0.0000000E+00
  0.0000000E+00  0.0000000E+00
  0.0000000E+00  0.0000000E+00
  0.0000000E+00  0.0000000E+00
  0.0000000E+00  0.0000000E+00
  0.0000000E+00  0.0000000E+00
  0.0000000E+00  0.0000000E+00
  0.0000000E+00  0.0000000E+00
  0.0000000E+00  0.0000000E+00
  0.0000000E+00  0.0000000E+00
  0.0000000E+00  0.0000000E+00
  0.0000000E+00  0.0000000E+00
  0.0000000E+00  0.0000000E+00
  0.0000000E+00  0.0000000E+00
  0.0000000E+00  0.0000000E+00
  0.0000000E+00  0.0000000E+00
  0.0000000E+00  0.0000000E+00
  0.0000000E+00  0.0000000E+00
  0.0000000E+00  0.0000000E+00
  0.0000000E+00  0.0000000E+00
  0.0000000E+00  0.0000000E+00
  0.0000000E+00  0.0000000E+00
  0.0000000E+00  0.0000000E+00
  0.0000000E+00  0.0000000E+00
  0.0000000E+00  0.0000000E+00
  0.0000000E+00  0.0000000E+00
  0.0000000E+00  0.0000000E+00
  0.0000000E+00  0.0000000E+00
  0.0000000E+00  0.0000000E+00
  0.0000000E+00  0.0000000E+00
  0.0000000E+00  0.0000000E+00
  0.0000000E+00  0.0000000E+00
  0.0000000E+00  0.0000000E+00
  0.0000000E+00  0.0000000E+00
  0.0000000E+00  0.0000000E+00
  0.0000000E+00  0.0000000E+00
  0.0000000E+00  0.0000000E+00
  0.0000000E+00  0.0000000E+00
  0.0000000E+00  0.0000000E+00
  0.0000000E+00  0.0000000E+00
  0.0000000E+00  0.0000000E+00
  0.0000000E+00  0.0000000E+00
  0.0000000E+00  0.0000000E+00
  0.0000000E+00  0.0000000E+00
  0.0000000E+00  0.0000000E+00
  0.0000000E+00  0.0000000E+00
  0.0000000E+00  0.0000000E+00
  0.0000000E+00  0.0000000E+00
  0.0000000E+00  0.0000000E+00
  0.0000000E+00  0.0000000E+00
  0.0000000E+00  0.0000000E+00
  0.0000000E+00  0.0000000E+00
  0.0000000E+00  0.0000000E+00
  0.0000000E+00  0.0000000E+00
  0.0000000E+00  0.0000000E+00
  0.0000000E+00  0.0000000E+00
  0.0000000E+00  0.0000000E+00
  0.0000000E+00  0.0000000E+00
  0.0000000E+00  0.0000000E+00
  0.0000000E+00  0.0000000E+00
  0.0000000E+00  0.0000000E+00
  0.0000000E+00  0.0000000E+00
  0.0000000E+00  0.0000000E+00
  0.0000000E+00  0.0000000E+00
  0.0000000E+00  0.0000000E+00
  0.0000000E+00  0.0000000E+00
  0.0000000E+00  0.0000000E+00
  0.0000000E+00  0.0000000E+00
  0.0000000E+00  0.0000000E+00
  0.0000000E+00  0.0000000E+00
  0.0000000E+00  0.0000000E+00
  0.0000000E+00  0.0000000E+00
  0.0000000E+00  0.0000000E+00
  0.0000000E+00  0.0000000E+00
  0.0000000E+00  0.0000000E+00
  0.0000000E+00  0.0000000E+00
  0.0000000E+00  0.0000000E+00
  0.0000000E+00  0.0000000E+00
  0.0000000E+00  0.0000000E+00
  0.0000000E+00  0.0000000E+00
  0.0000000E+00  0.0000000E+00
  0.0000000E+00  0.0000000E+00
  0.0000000E+00  0.0000000E+00
  0.0000000E+00  0.0000000E+00
  0.0000000E+00  0.0000000E+00
  0.0000000E+00  0.0000000E+00
  0.0000000E+00  0.0000000E+00
  0.0000000E+00  0.0000000E+00
  0.0000000E+00  0.0000000E+00
  0.0000000E+00  0.0000000E+00
  0.0000000E+00  0.0000000E+00
  0.0000000E+00  0.0000000E+00
  0.0000000E+00  0.0000000E+00
  0.0000000E+00  0.0000000E+00
  0.0000000E+00  0.0000000E+00
  0.0000000E+00  0.0000000E+00
  0.0000000E+00  0.0000000E+00
  0.0000000E+00  0.0000000E+00
  0.0000000E+00  0.0000000E+00
  0.0000000E+00  0.0000000E+00
  0.0000000E+00  0.0000000E+00
  0.0000000E+00  0.0000000E+00
  0.0000000E+00  0.0000000E+00
  0.0000000E+00  0.0000000E+00
  0.0000000E+00  0.0000000E+00
  0.0000000E+00  0.0000000E+00
  0.0000000E+00  0.0000000E+00
  0.0000000E+00  0.0000000E+00
  0.0000000E+00  0.0000000E+00
  0.0000000E+00  0.0000000E+00
  0.0000000E+00  0.0000000E+00
  0.0000000E+00  0.0000000E+00
  0.0000000E+00  0.0000000E+00
  0.0000000E+00  0.0000000E+00
  0.0000000E+00  0.0000000E+00
  0.0000000E+00  0.0000000E+00
  0.0000000E+00  0.0000000E+00
  0.0000000E+00  0.0000000E+00
  0.0000000E+00  0.0000000E+00
  0.0000000E+00  0.0000000E+00
  0.0000000E+00  0.0000000E+00
  0.0000000E+00  0.0000000E+00
  0.0000000E+00  0.0000000E+00
  0.0000000E+00  0.0000000E+00
  0.0000000E+00  0.0000000E+00
  0.0000000E+00  0.0000000E+00
  0.0000000E+00  0.0000000E+00
  0.0000000E+00  0.0000000E+00
  0.0000000E+00  0.0000000E+00
  0.0000000E+00  0.0000000E+00
  0.0000000E+00  0.0000000E+00
  0.0000000E+00  0.0000000E+00
  0.0000000E+00  0.0000000E+00
  0.0000000E+00  0.0000000E+00
  0.0000000E+00  0.0000000E+00
  0.0000000E+00  0.0000000E+00
  0.0000000E+00  0.0000000E+00
  0.0000000E+00  0.0000000E+00
  0.0000000E+00  0.0000000E+00
  0.0000000E+00  0.0000000E+00
  0.0000000E+00  0.0000000E+00
  0.0000000E+00  0.0000000E+00
  0.0000000E+00  0.0000000E+00
  0.0000000E+00  0.0000000E+00
  0.0000000E+00  0.0000000E+00
  0.0000000E+00  0.0000000E+00
  0.0000000E+00  0.0000000E+00
  0.0000000E+00  0.0000000E+00
  0.0000000E+00  0.0000000E+00
  0.0000000E+00  0.0000000E+00
  0.0000000E+00  0.0000000E+00
  0.0000000E+00  0.0000000E+00
  0.0000000E+00  0.0000000E+00
  0.0000000E+00  0.0000000E+00
  0.0000000E+00  0.0000000E+00
  0.0000000E+00  0.0000000E+00
  0.0000000E+00  0.0000000E+00
