 -0.6791478E-01  0.1869737E-04
 -0.1301724E-01  0.1135723E-04
  0.1754557E-01  0.7564096E-05
  0.3801022E-01  0.4930676E-05
  0.5799575E-01  0.3780616E-05
  0.8481973E-01  0.3163648E-05
 -0.1035804E+01 -0.6821351E-04
  0.5321412E-01 -0.2149103E-05
  0.5660476E-01 -0.2726754E-05
  0.6020078E-01 -0.3524613E-05
  0.6935867E-01 -0.5824489E-05
  0.2058276E+00 -0.5619892E-05
  0.3403877E+00 -0.5427299E-05
  0.4727331E+00 -0.5283335E-05
  0.6017449E+00 -0.5187706E-05
  0.7276275E+00 -0.4974565E-05
  0.8499238E+00 -0.4823243E-05
  0.9666286E+00 -0.4574324E-05
  0.1079636E+01 -0.4186144E-05
  0.1189268E+01 -0.4110879E-05
  0.1291682E+01 -0.3952888E-05
  0.1389205E+01 -0.3570594E-05
  0.1482159E+01 -0.3560430E-05
  0.1566102E+01 -0.3446534E-05
  0.1644181E+01 -0.3047858E-05
  0.1716816E+01 -0.3097327E-05
  0.1779039E+01 -0.3026875E-05
  0.1834690E+01 -0.2619867E-05
  0.1884233E+01 -0.2717467E-05
  0.1922422E+01 -0.2700831E-05
  0.1953593E+01 -0.2323330E-05
  0.1978169E+01 -0.2480562E-05
  0.1990881E+01 -0.2533203E-05
  0.1996398E+01 -0.2205848E-05
  0.1995071E+01 -0.2433580E-05
  0.1981768E+01 -0.2561353E-05
  0.1961387E+01 -0.2299871E-05
  0.1934201E+01 -0.2590365E-05
  0.1895378E+01 -0.2772730E-05
  0.1849835E+01 -0.2578092E-05
  0.1797772E+01 -0.2909903E-05
  0.1734836E+01 -0.3135574E-05
  0.1665805E+01 -0.3007942E-05
  0.1590773E+01 -0.3362475E-05
  0.1506058E+01 -0.3612767E-05
  0.1416132E+01 -0.3541929E-05
  0.1320965E+01 -0.3893697E-05
  0.1217719E+01 -0.4145745E-05
  0.1110344E+01 -0.4132185E-05
  0.9987248E+00 -0.4454746E-05
  0.8809813E+00 -0.4694707E-05
  0.7603792E+00 -0.4735432E-05
  0.6367137E+00 -0.5020857E-05
  0.5091550E+00 -0.5241373E-05
  0.3801388E+00 -0.5336217E-05
  0.2493667E+00 -0.5564742E-05
  0.1170857E+00 -0.5771699E-05
 -0.1522867E-01 -0.5919500E-05
 -0.1478593E+00 -0.6100347E-05
 -0.2795354E+00 -0.6286928E-05
 -0.4097912E+00 -0.6495912E-05
 -0.5389449E+00 -0.6629604E-05
 -0.6647627E+00 -0.6796696E-05
 -0.7878299E+00 -0.7061243E-05
 -0.9084212E+00 -0.7156392E-05
 -0.1023418E+01 -0.7303380E-05
 -0.1134429E+01 -0.7625098E-05
 -0.1241742E+01 -0.7678902E-05
 -0.1341419E+01 -0.7812630E-05
 -0.1435953E+01 -0.8179501E-05
 -0.1525749E+01 -0.8197672E-05
 -0.1606272E+01 -0.8293413E-05
 -0.1680833E+01 -0.8694212E-05
 -0.1749785E+01 -0.8654575E-05
 -0.1808170E+01 -0.8705628E-05
 -0.1859940E+01 -0.9089296E-05
 -0.1905519E+01 -0.8993573E-05
 -0.1939638E+01 -0.8984641E-05
 -0.1966710E+01 -0.9353798E-05
 -0.1986821E+01 -0.9305988E-05
 -0.1994923E+01 -0.9616154E-05
 -0.2001861E+01 -0.9336334E-05
 -0.1998007E+01 -0.8121370E-05
 -0.1982124E+01 -0.7812965E-05
 -0.1957101E+01 -0.7734047E-05
 -0.1923844E+01 -0.7667225E-05
 -0.1882255E+01 -0.7594218E-05
 -0.1832342E+01 -0.7535606E-05
 -0.1774353E+01 -0.7462877E-05
 -0.1708594E+01 -0.7389261E-05
 -0.1635417E+01 -0.7297524E-05
 -0.1555113E+01 -0.7201423E-05
 -0.1467985E+01 -0.7092387E-05
 -0.1374364E+01 -0.6981244E-05
 -0.1274683E+01 -0.6875495E-05
 -0.1169457E+01 -0.6753300E-05
 -0.1059087E+01 -0.6638485E-05
 -0.9439530E+00 -0.6522177E-05
 -0.8246285E+00 -0.6382645E-05
 -0.7019734E+00 -0.6129147E-05
 -0.5750791E+00 -0.5947690E-05
 -0.4459859E+00 -0.6220170E-05
 -0.3184399E+00 -0.6190504E-05
 -0.1912864E+00 -0.6025625E-05
 -0.6421547E-01 -0.5893033E-05
 -0.4854018E-01 -0.5809258E-05
 -0.4138428E-01 -0.5897372E-05
 -0.3684589E-01 -0.6068887E-05
 -0.3345382E-01 -0.6301448E-05
 -0.3063121E-01 -0.6621227E-05
 -0.2738380E-01 -0.7056869E-05
 -0.2381825E-01 -0.7849246E-05
 -0.1452702E-01 -0.1353149E-04
  0.1163482E-01 -0.1611622E-04
  0.6160899E-01 -0.2448747E-04
  0.1921519E+00 -0.6617688E-04
 -0.1025238E+01 -0.6987634E-04
  0.4446119E+00 -0.1522747E-03
  0.5604086E+00 -0.1865885E-03
  0.6452460E+00 -0.2123419E-03
  0.6976719E+00 -0.2283696E-03
  0.7164695E+00 -0.2339557E-03
  0.6995758E+00 -0.2287007E-03
  0.6492583E+00 -0.2132364E-03
  0.5728889E+00 -0.1890805E-03
  0.4734508E+00 -0.1571179E-03
  0.3530647E+00 -0.1184489E-03
  0.2176305E+00 -0.7487878E-04
  0.7348984E-01 -0.2838508E-04
 -0.7351553E-01  0.1911152E-04
 -0.2176611E+00  0.6564784E-04
 -0.3532156E+00  0.1092827E-03
 -0.4745829E+00  0.1481682E-03
 -0.5762466E+00  0.1805681E-03
 -0.6530865E+00  0.2049566E-03
 -0.7004724E+00  0.2200078E-03
 -0.7145233E+00  0.2247281E-03
 -0.6953291E+00  0.2191880E-03
 -0.6479768E+00  0.2043542E-03
 -0.5739902E+00  0.1805292E-03
 -0.4730137E+00  0.1483596E-03
 -0.3495379E+00  0.1093494E-03
 -0.2099984E+00  0.6511556E-04
 -0.5494279E+00 -0.5354338E-04
 -0.4969176E+00 -0.4523512E-04
  0.1055298E+00  0.2118643E-04
  0.1603019E+00  0.1874876E-04
  0.2224907E+00  0.1722649E-04
  0.1658348E+00  0.6858358E-06
 -0.2471365E+00 -0.7763577E-04
  0.2929724E+00  0.1401696E-05
  0.1785493E+00 -0.1021054E-05
  0.4039743E+00  0.3811150E-05
  0.5113633E+00  0.6036445E-05
  0.6148744E+00  0.8206692E-05
  0.7137638E+00  0.1050000E-04
  0.8095976E+00  0.1272348E-04
  0.9017646E+00  0.1482486E-04
  0.9898893E+00  0.1680052E-04
  0.1073623E+01  0.1867220E-04
  0.1152537E+01  0.2044534E-04
  0.1226472E+01  0.2207918E-04
  0.1295061E+01  0.2360692E-04
  0.1357947E+01  0.2502380E-04
  0.1414989E+01  0.2628819E-04
  0.1465829E+01  0.2743491E-04
  0.1510216E+01  0.2845920E-04
  0.1548195E+01  0.2930703E-04
  0.1579461E+01  0.3001634E-04
  0.1603739E+01  0.3060261E-04
  0.1621245E+01  0.3099053E-04
  0.1631810E+01  0.3122359E-04
  0.1635145E+01  0.3131187E-04
  0.1631488E+01  0.3120836E-04
  0.1620769E+01  0.3094369E-04
  0.1602821E+01  0.3055023E-04
  0.1577997E+01  0.2997255E-04
  0.1546325E+01  0.2923840E-04
  0.1507746E+01  0.2837819E-04
  0.1462630E+01  0.2734244E-04
  0.1411147E+01  0.2617181E-04
  0.1353335E+01  0.2488161E-04
  0.1289609E+01  0.2343648E-04
  0.1220215E+01  0.2187664E-04
  0.1145322E+01  0.2021897E-04
  0.1065394E+01  0.1842477E-04
  0.9807652E+00  0.1654586E-04
  0.8917050E+00  0.1459045E-04
  0.7987109E+00  0.1253307E-04
  0.7021981E+00  0.1040655E-04
  0.6025184E+00  0.8238961E-05
  0.5002000E+00  0.5985392E-05
  0.3957496E+00  0.3709694E-05
  0.2895210E+00  0.1405234E-05
  0.1819345E+00 -0.9368641E-06
  0.7354359E-01 -0.3290194E-05
 -0.3511905E-01 -0.5644984E-05
 -0.1435774E+00 -0.8005702E-05
 -0.2513112E+00 -0.1034528E-04
 -0.3578259E+00 -0.1266313E-04
 -0.4627439E+00 -0.1493457E-04
 -0.5655691E+00 -0.1716438E-04
 -0.6658049E+00 -0.1934650E-04
 -0.7630545E+00 -0.2146610E-04
 -0.8570007E+00 -0.2352047E-04
 -0.9471520E+00 -0.2550489E-04
 -0.1033091E+01 -0.2739410E-04
 -0.1114422E+01 -0.2919762E-04
 -0.1190781E+01 -0.3092001E-04
 -0.1262009E+01 -0.3249744E-04
 -0.1327771E+01 -0.3396943E-04
 -0.1387676E+01 -0.3533462E-04
 -0.1441609E+01 -0.3653962E-04
 -0.1489313E+01 -0.3760597E-04
 -0.1530516E+01 -0.3855610E-04
 -0.1565223E+01 -0.3932580E-04
 -0.1593095E+01 -0.3994965E-04
 -0.1613962E+01 -0.4045024E-04
 -0.1627991E+01 -0.4075679E-04
 -0.1635275E+01 -0.4087144E-04
 -0.1636084E+01 -0.4072468E-04
 -0.1629859E+01 -0.4036607E-04
 -0.1616068E+01 -0.3993062E-04
 -0.1595036E+01 -0.3938383E-04
 -0.1566885E+01 -0.3871815E-04
 -0.1531547E+01 -0.3793133E-04
 -0.1489224E+01 -0.3702356E-04
 -0.1440313E+01 -0.3597595E-04
 -0.1385141E+01 -0.3478943E-04
 -0.1324045E+01 -0.3344667E-04
 -0.1257208E+01 -0.3198015E-04
 -0.1184813E+01 -0.3038875E-04
 -0.1107161E+01 -0.2868640E-04
 -0.1024700E+01 -0.2687400E-04
 -0.9379442E+00 -0.2495764E-04
 -0.8470205E+00 -0.2296773E-04
 -0.7520972E+00 -0.2091513E-04
 -0.6537922E+00 -0.1880133E-04
 -0.5528484E+00 -0.1662986E-04
 -0.4501637E+00 -0.1444560E-04
 -0.3472907E+00 -0.1226214E-04
 -0.2457669E+00 -0.1007348E-04
 -0.1461332E+00 -0.7903476E-05
 -0.1253844E+00 -0.8630712E-05
  0.4340371E-01 -0.4031220E-04
 -0.1117372E+00 -0.9289132E-05
 -0.1013784E+00 -0.1009422E-04
 -0.9152406E-01 -0.1111174E-04
 -0.8139998E-01 -0.1248511E-04
 -0.7429226E-01 -0.1495857E-04
  0.1504062E+00 -0.1274162E-03
 -0.2714470E-01 -0.3527030E-04
  0.1811327E+00 -0.1437835E-03
 -0.2637988E+00 -0.7086447E-04
  0.1055130E+00 -0.1066835E-03
  0.2012488E+00 -0.1544071E-03
  0.2085199E+00 -0.1578820E-03
  0.2013575E+00 -0.1540853E-03
  0.1822630E+00 -0.1438630E-03
  0.1600716E+00 -0.1279895E-03
  0.1338519E+00 -0.1067217E-03
  0.1001101E+00 -0.8091783E-04
  0.6149148E-01 -0.5174029E-04
  0.2076022E-01 -0.2057716E-04
 -0.2056621E-01  0.1145429E-04
 -0.6126586E-01  0.4283764E-04
 -0.1000787E+00  0.7210787E-04
 -0.1358078E+00  0.9810262E-04
 -0.1667010E+00  0.1197176E-03
 -0.1905254E+00  0.1359366E-03
 -0.2041421E+00  0.1457393E-03
 -0.2048341E+00  0.1486135E-03
 -0.1948016E+00  0.1450660E-03
 -0.1816577E+00  0.1356838E-03
 -0.1626151E+00  0.1197552E-03
 -0.1324081E+00  0.9851979E-04
 -0.9362517E-01  0.7315282E-04
 -0.5000917E-01  0.4369889E-04
  0.2630024E+00  0.4252822E-05
  0.3133062E+00  0.1587404E-04
 -0.9465923E-01 -0.3165197E-04
  0.9029261E-01  0.1930840E-05
  0.1884253E+00  0.4652337E-05
  0.2523361E+00  0.3121095E-04
  0.2691130E+00  0.3942499E-05
  0.1694260E+00  0.3574056E-04
  0.6454675E+00  0.1616468E-04
  0.7317869E+00  0.1920096E-04
  0.8143792E+00  0.2201117E-04
  0.8927079E+00  0.2468522E-04
  0.9670502E+00  0.2719913E-04
  0.1037110E+01  0.2953101E-04
  0.1102546E+01  0.3171257E-04
  0.1163121E+01  0.3372037E-04
  0.1218709E+01  0.3556660E-04
  0.1268782E+01  0.3724500E-04
  0.1313173E+01  0.3875218E-04
  0.1352051E+01  0.4004755E-04
  0.1385016E+01  0.4115911E-04
  0.1411696E+01  0.4209838E-04
  0.1432373E+01  0.4282851E-04
  0.1447195E+01  0.4333868E-04
  0.1455882E+01  0.4361291E-04
  0.1458301E+01  0.4367328E-04
  0.1454479E+01  0.4350831E-04
  0.1444143E+01  0.4314298E-04
  0.1427395E+01  0.4256951E-04
  0.1404489E+01  0.4177783E-04
  0.1375341E+01  0.4079343E-04
  0.1340136E+01  0.3960567E-04
  0.1299137E+01  0.3821543E-04
  0.1252362E+01  0.3664567E-04
  0.1200018E+01  0.3489151E-04
  0.1142450E+01  0.3295877E-04
  0.1079785E+01  0.3086824E-04
  0.1012296E+01  0.2861878E-04
  0.9403646E+00  0.2621993E-04
  0.8642247E+00  0.2369814E-04
  0.7842128E+00  0.2105207E-04
  0.7007520E+00  0.1829285E-04
  0.6141785E+00  0.1544174E-04
  0.5248572E+00  0.1250477E-04
  0.4333345E+00  0.9495681E-05
  0.3400942E+00  0.6428570E-05
  0.2451056E+00  0.3317586E-05
  0.1486510E+00  0.1633276E-06
  0.5138124E-01 -0.3019738E-05
 -0.4600561E-01 -0.6206773E-05
 -0.1429884E+00 -0.9377420E-05
 -0.2391831E+00 -0.1252704E-04
 -0.3342204E+00 -0.1564127E-04
 -0.4276602E+00 -0.1869690E-04
 -0.5190880E+00 -0.2164540E-04
 -0.6081010E+00 -0.2451140E-04
 -0.6941181E+00 -0.2734836E-04
 -0.7774451E+00 -0.3008874E-04
 -0.8574416E+00 -0.3270748E-04
 -0.9332482E+00 -0.3525073E-04
 -0.1004943E+01 -0.3766762E-04
 -0.1072328E+01 -0.3993325E-04
 -0.1134978E+01 -0.4203905E-04
 -0.1192824E+01 -0.4398579E-04
 -0.1245509E+01 -0.4574403E-04
 -0.1292503E+01 -0.4735141E-04
 -0.1334000E+01 -0.4875962E-04
 -0.1370024E+01 -0.4995885E-04
 -0.1399946E+01 -0.5097846E-04
 -0.1423576E+01 -0.5180236E-04
 -0.1441128E+01 -0.5240622E-04
 -0.1452852E+01 -0.5275947E-04
 -0.1458590E+01 -0.5286840E-04
 -0.1458310E+01 -0.5274079E-04
 -0.1452215E+01 -0.5236507E-04
 -0.1439929E+01 -0.5178932E-04
 -0.1421003E+01 -0.5102288E-04
 -0.1395331E+01 -0.5010757E-04
 -0.1362346E+01 -0.4906692E-04
 -0.1322758E+01 -0.4787084E-04
 -0.1277399E+01 -0.4648305E-04
 -0.1226793E+01 -0.4487052E-04
 -0.1171337E+01 -0.4303569E-04
 -0.1110984E+01 -0.4103251E-04
 -0.1045659E+01 -0.3887817E-04
 -0.9756899E+00 -0.3655424E-04
 -0.9019240E+00 -0.3405930E-04
 -0.8250646E+00 -0.3142510E-04
 -0.7442890E+00 -0.2874009E-04
 -0.6592991E+00 -0.2600988E-04
 -0.5715463E+00 -0.2316601E-04
 -0.4820966E+00 -0.2026427E-04
 -0.3916239E+00 -0.1734878E-04
 -0.3015482E+00 -0.1443097E-04
 -0.2125537E+00 -0.1150070E-04
 -0.1099911E+00 -0.1169270E-03
 -0.1023855E+00 -0.9006613E-04
 -0.1735402E+00 -0.1419341E-04
 -0.1563999E+00 -0.1601043E-04
  0.3303450E+00  0.2744545E-04
 -0.1372309E+00 -0.1822019E-04
 -0.1253179E+00 -0.2279538E-04
 -0.5759608E-02 -0.5855272E-04
 -0.1127135E+00 -0.1253544E-03
 -0.1130975E+00 -0.1278445E-03
 -0.1903026E+00 -0.1270511E-04
 -0.1148414E+00 -0.1243913E-03
 -0.1185104E+00 -0.1163025E-03
 -0.1047422E+00 -0.1039097E-03
 -0.7906862E-01 -0.8702449E-04
 -0.5699445E-01 -0.6650169E-04
 -0.3552204E-01 -0.4309222E-04
 -0.1253210E-01 -0.1793279E-04
  0.1213639E-01  0.8404885E-05
  0.3649535E-01  0.3414949E-04
  0.5834389E-01  0.5775448E-04
  0.7633011E-01  0.7852475E-04
  0.9003752E-01  0.9570004E-04
  0.1002090E+00  0.1084820E-03
  0.1090693E+00  0.1160319E-03
  0.1187159E+00  0.1181446E-03
  0.1281171E+00  0.1154890E-03
  0.1187585E+00  0.1088509E-03
  0.9735022E-01  0.9587094E-04
  0.8293496E-01  0.7925292E-04
  0.7273941E-01  0.5987954E-04
 -0.1027068E+00 -0.1046200E-03
  0.3709712E+00  0.7231424E-05
  0.5587258E+00  0.1291151E-04
  0.4668044E+00  0.1014253E-04
  0.4830223E-01 -0.8253273E-04
  0.4151387E+00  0.2460310E-04
  0.2204115E+00  0.5232062E-04
  0.5737820E+00  0.1954890E-04
  0.6577349E+00  0.2338015E-04
  0.8712617E+00  0.3303086E-04
  0.9348655E+00  0.3576270E-04
  0.9939065E+00  0.3827421E-04
  0.1048191E+01  0.4063191E-04
  0.1098163E+01  0.4276568E-04
  0.1142726E+01  0.4470977E-04
  0.1181991E+01  0.4645514E-04
  0.1216807E+01  0.4791569E-04
  0.1245712E+01  0.4917730E-04
  0.1267648E+01  0.5032099E-04
  0.1284618E+01  0.5123188E-04
  0.1297738E+01  0.5179347E-04
  0.1305970E+01  0.5206807E-04
  0.1308332E+01  0.5209179E-04
  0.1305487E+01  0.5182174E-04
  0.1296191E+01  0.5134761E-04
  0.1280478E+01  0.5066823E-04
  0.1259686E+01  0.4971027E-04
  0.1233039E+01  0.4854306E-04
  0.1200601E+01  0.4714989E-04
  0.1163464E+01  0.4550623E-04
  0.1120992E+01  0.4365177E-04
  0.1073212E+01  0.4160701E-04
  0.1021219E+01  0.3932073E-04
  0.9645576E+00  0.3686993E-04
  0.9033171E+00  0.3423061E-04
  0.8385001E+00  0.3140490E-04
  0.7698325E+00  0.2844542E-04
  0.6975068E+00  0.2533275E-04
  0.6224432E+00  0.2208414E-04
  0.5445504E+00  0.1873584E-04
  0.4640654E+00  0.1527912E-04
  0.3820630E+00  0.1173314E-04
  0.2994007E+00  0.8142063E-05
  0.2140504E+00  0.4526539E-05
  0.1262678E+00  0.7757681E-06
  0.3744007E-01 -0.3063990E-05
 -0.5113386E-01 -0.6861887E-05
 -0.1388600E+00 -0.1063282E-04
 -0.2256341E+00 -0.1437904E-04
 -0.3113566E+00 -0.1804554E-04
 -0.3956392E+00 -0.2160795E-04
 -0.4777348E+00 -0.2491645E-04
 -0.5569304E+00 -0.2811991E-04
 -0.6324517E+00 -0.3147252E-04
 -0.7070536E+00 -0.3468569E-04
 -0.7785025E+00 -0.3775069E-04
 -0.8452103E+00 -0.4081627E-04
 -0.9090330E+00 -0.4367801E-04
 -0.9690716E+00 -0.4632776E-04
 -0.1024630E+01 -0.4880673E-04
 -0.1076319E+01 -0.5103556E-04
 -0.1122779E+01 -0.5308255E-04
 -0.1163368E+01 -0.5498354E-04
 -0.1199939E+01 -0.5661149E-04
 -0.1232162E+01 -0.5797403E-04
 -0.1257868E+01 -0.5917662E-04
 -0.1277595E+01 -0.6016642E-04
 -0.1292834E+01 -0.6081479E-04
 -0.1304027E+01 -0.6111168E-04
 -0.1309991E+01 -0.6115236E-04
 -0.1310072E+01 -0.6096087E-04
 -0.1306286E+01 -0.6041773E-04
 -0.1297073E+01 -0.5963975E-04
 -0.1280460E+01 -0.5870316E-04
 -0.1257346E+01 -0.5759870E-04
 -0.1224575E+01 -0.5648356E-04
 -0.1185238E+01 -0.5523579E-04
 -0.1141393E+01 -0.5367444E-04
 -0.1093974E+01 -0.5176546E-04
 -0.1043697E+01 -0.4954558E-04
 -0.9892089E+00 -0.4716256E-04
 -0.9297001E+00 -0.4461716E-04
 -0.8661893E+00 -0.4183517E-04
 -0.8010061E+00 -0.3878302E-04
 -0.7357908E+00 -0.3557728E-04
 -0.6651184E+00 -0.3254006E-04
 -0.5880917E+00 -0.2949588E-04
 -0.5096831E+00 -0.2617404E-04
 -0.4312594E+00 -0.2277220E-04
 -0.3509007E+00 -0.1952253E-04
 -0.2709090E+00 -0.1620192E-04
 -0.3899271E+00 -0.1054784E-03
 -0.3950647E+00 -0.1093549E-03
  0.3268188E+00  0.1047297E-04
 -0.1138449E+00 -0.7161742E-04
 -0.3590141E+00 -0.1004470E-03
  0.4267956E+00  0.3549319E-04
  0.3432992E+00  0.9537835E-05
 -0.2259202E+00 -0.2123614E-04
  0.1003399E+00  0.2557054E-05
 -0.3946156E+00 -0.9868721E-04
  0.7339010E+00  0.2675700E-04
 -0.3883712E+00 -0.1074171E-03
  0.6431387E-01 -0.6288540E-06
  0.4037382E+00  0.1685574E-04
 -0.2608148E+00 -0.7465034E-04
 -0.1900088E+00 -0.5774257E-04
 -0.1189067E+00 -0.3806654E-04
 -0.4309996E-01 -0.1664372E-04
  0.3988697E-01  0.6577455E-05
  0.1223135E+00  0.2913679E-04
  0.1965252E+00  0.4911393E-04
  0.2602876E+00  0.6645849E-04
  0.3122510E+00  0.8073065E-04
  0.3518625E+00  0.9128237E-04
  0.3800308E+00  0.9740725E-04
  0.3989035E+00  0.9890135E-04
  0.4248458E+00  0.9625891E-04
  0.3968357E+00  0.9270648E-04
  0.3217803E+00  0.8088267E-04
  0.2682759E+00  0.6736817E-04
 -0.3130566E+00 -0.9153895E-04
 -0.2507463E+00 -0.1862027E-04
  0.8039557E+00  0.3000006E-04
 -0.1927277E+00 -0.2350245E-04
  0.2429232E+00  0.1056719E-04
 -0.3471211E+00 -0.8866224E-04
 -0.1861377E+00 -0.2797215E-04
  0.5126688E+00  0.3090259E-04
  0.4960104E+00  0.2227117E-04
 -0.3715338E+00 -0.5040542E-04
 -0.3036732E+00 -0.3761231E-04
  0.4229903E+00  0.1281521E-04
  0.5813527E+00  0.2674413E-04
 -0.6458022E+00 -0.9252565E-04
  0.7725758E+00  0.3800281E-04
  0.8330158E+00  0.4098626E-04
  0.9812408E+00  0.4879107E-04
  0.1021028E+01  0.5090688E-04
  0.1054877E+01  0.5289799E-04
  0.1088250E+01  0.5436378E-04
  0.1113075E+01  0.5572296E-04
  0.1125859E+01  0.5726323E-04
  0.1136008E+01  0.5854267E-04
  0.1149794E+01  0.5909852E-04
  0.1160799E+01  0.5926695E-04
  0.1163666E+01  0.5923584E-04
  0.1164697E+01  0.5873371E-04
  0.1157284E+01  0.5815824E-04
  0.1141078E+01  0.5746802E-04
  0.1123996E+01  0.5628376E-04
  0.1100053E+01  0.5498806E-04
  0.1068593E+01  0.5351171E-04
  0.1036706E+01  0.5156015E-04
  0.9985744E+00  0.4952453E-04
  0.9536284E+00  0.4729062E-04
  0.9083580E+00  0.4462780E-04
  0.8576236E+00  0.4191816E-04
  0.8010368E+00  0.3901152E-04
  0.7441992E+00  0.3574128E-04
  0.6828381E+00  0.3247028E-04
  0.6168720E+00  0.2900260E-04
  0.5507927E+00  0.2524848E-04
  0.4812553E+00  0.2155713E-04
  0.4080015E+00  0.1761531E-04
  0.3350359E+00  0.1350374E-04
  0.2662000E+00  0.9554356E-05
  0.1907373E+00  0.5783643E-05
  0.1099363E+00  0.1415088E-05
  0.2725246E-01 -0.3211192E-05
 -0.5356006E-01 -0.7542875E-05
 -0.1326499E+00 -0.1197161E-04
 -0.2110190E+00 -0.1627612E-04
 -0.2887438E+00 -0.2036517E-04
 -0.3660485E+00 -0.2450583E-04
 -0.4390208E+00 -0.2764394E-04
 -0.5062996E+00 -0.3086509E-04
 -0.5680995E+00 -0.3480175E-04
 -0.6362875E+00 -0.3841844E-04
 -0.6992284E+00 -0.4179760E-04
 -0.7552481E+00 -0.4558294E-04
 -0.8134776E+00 -0.4882989E-04
 -0.8674976E+00 -0.5173419E-04
 -0.9155735E+00 -0.5458917E-04
 -0.9627388E+00 -0.5699755E-04
 -0.1002394E+01 -0.5924981E-04
 -0.1033889E+01 -0.6158766E-04
 -0.1067057E+01 -0.6338157E-04
 -0.1098070E+01 -0.6479034E-04
 -0.1118444E+01 -0.6626826E-04
 -0.1133501E+01 -0.6748179E-04
 -0.1148097E+01 -0.6809456E-04
 -0.1163291E+01 -0.6807657E-04
 -0.1171424E+01 -0.6797590E-04
 -0.1170187E+01 -0.6779299E-04
 -0.1171718E+01 -0.6690427E-04
 -0.1167080E+01 -0.6592683E-04
 -0.1151090E+01 -0.6488329E-04
 -0.1132969E+01 -0.6354615E-04
 -0.1096553E+01 -0.6260845E-04
 -0.1054442E+01 -0.6164616E-04
 -0.1009611E+01 -0.5996901E-04
 -0.9645728E+00 -0.5767454E-04
 -0.9219083E+00 -0.5496133E-04
 -0.8742123E+00 -0.5226469E-04
 -0.8189527E+00 -0.4941603E-04
 -0.7603750E+00 -0.4615734E-04
 -0.7041142E+00 -0.4241885E-04
 -0.6573741E+00 -0.3868119E-04
 -0.5993077E+00 -0.3562660E-04
 -0.5248222E+00 -0.3289563E-04
 -0.4539480E+00 -0.2886213E-04
 -0.3921450E+00 -0.2498362E-04
  0.7103940E+00  0.3440339E-04
  0.6514372E+00  0.3049842E-04
  0.4836951E+00  0.1483447E-04
 -0.7726685E-01 -0.1583309E-04
 -0.4413967E+00 -0.6578035E-04
 -0.6048182E+00 -0.8693300E-04
 -0.5471073E+00 -0.7540436E-04
 -0.2913773E+00 -0.2711354E-04
  0.3291531E+00  0.3948545E-04
 -0.6517436E+00 -0.9059501E-04
  0.5021409E+00  0.4223857E-04
  0.3675581E+00  0.4592319E-04
 -0.4309781E+00 -0.6478436E-04
 -0.3165618E+00 -0.5093311E-04
  0.6794147E-01  0.5257154E-05
  0.2128635E+00  0.2560008E-04
  0.3382299E+00  0.4252621E-04
  0.4451404E+00  0.5708578E-04
  0.5335066E+00  0.6905697E-04
  0.6011941E+00  0.7795621E-04
  0.6468783E+00  0.8313230E-04
  0.6617310E+00  0.8404967E-04
  0.4967941E-01  0.2445411E-04
  0.6466451E+00  0.7687866E-04
  0.5355628E+00  0.6882094E-04
  0.4448482E+00  0.5774122E-04
 -0.5241957E+00 -0.7799295E-04
  0.8873911E+00  0.4371353E-04
 -0.2006465E+00 -0.3419361E-04
  0.9350932E+00  0.4644529E-04
  0.6178077E-01  0.3719227E-04
  0.6104449E+00  0.3793614E-04
 -0.3213117E+00 -0.2182534E-04
 -0.2448213E+00 -0.2933584E-04
  0.6718137E+00  0.4280868E-04
  0.9126821E-01  0.3538186E-05
  0.1420850E+00  0.2496022E-05
 -0.8698179E+00 -0.8000954E-04
 -0.4226823E+00 -0.4332064E-04
  0.9296060E+00  0.5865423E-04
  0.7355953E+00  0.4563534E-04
  0.8700465E+00  0.5405472E-04
  0.9046058E+00  0.5617761E-04
  0.9932199E+00  0.6096702E-04
  0.9809552E+00  0.6347881E-04
  0.9653869E+00  0.6610215E-04
  0.9875724E+00  0.6640627E-04
  0.1019868E+01  0.6582241E-04
  0.1019734E+01  0.6594192E-04
  0.1032252E+01  0.6466982E-04
  0.1027163E+01  0.6405616E-04
  0.1003499E+01  0.6369829E-04
  0.9957396E+00  0.6195652E-04
  0.9750178E+00  0.6064965E-04
  0.9379405E+00  0.5940576E-04
  0.9165883E+00  0.5679821E-04
  0.8838183E+00  0.5474131E-04
  0.8354968E+00  0.5258371E-04
  0.8014989E+00  0.4920873E-04
  0.7579322E+00  0.4647825E-04
  0.7002958E+00  0.4348858E-04
  0.6549396E+00  0.3947478E-04
  0.6023716E+00  0.3616927E-04
  0.5378521E+00  0.3245975E-04
  0.4830496E+00  0.2796193E-04
  0.4230905E+00  0.2420258E-04
  0.3518193E+00  0.1958943E-04
  0.2854461E+00  0.1439332E-04
  0.1870408E+00  0.8299834E-05
  0.1960854E-01 -0.3440163E-05
 -0.5143936E-01 -0.7989750E-05
 -0.1229284E+00 -0.1339852E-04
 -0.1953011E+00 -0.1821739E-04
 -0.2650396E+00 -0.2242589E-04
 -0.3477116E+00 -0.2878174E-04
 -0.4965087E+00 -0.3707815E-04
 -0.5998362E+00 -0.4450391E-04
 -0.6568888E+00 -0.5005634E-04
 -0.7191831E+00 -0.5342274E-04
 -0.7684335E+00 -0.5628403E-04
 -0.8053166E+00 -0.5982221E-04
 -0.8536097E+00 -0.6209165E-04
 -0.8819633E+00 -0.6437778E-04
 -0.8896443E+00 -0.6802398E-04
 -0.9248250E+00 -0.6998213E-04
 -0.9718673E+00 -0.7071567E-04
 -0.9821161E+00 -0.7272501E-04
 -0.9882951E+00 -0.7441478E-04
 -0.1004681E+01 -0.7498295E-04
 -0.1032671E+01 -0.7390514E-04
 -0.1044543E+01 -0.7361063E-04
 -0.1037191E+01 -0.7381052E-04
  0.2353880E+00  0.9288976E-05
 -0.9854995E+00 -0.6844068E-04
 -0.9294382E+00 -0.6811346E-04
 -0.8786193E+00 -0.6598004E-04
 -0.8326125E+00 -0.6300884E-04
 -0.8061733E+00 -0.5953943E-04
 -0.7684821E+00 -0.5671591E-04
 -0.7132367E+00 -0.5369366E-04
 -0.6532595E+00 -0.4990325E-04
 -0.6020438E+00 -0.4472569E-04
 -0.6983961E+00 -0.9027593E-04
  0.7850738E+00  0.4835564E-04
 -0.1063154E+00 -0.1458051E-04
 -0.6033376E+00 -0.5726027E-04
 -0.8054411E+00 -0.7384063E-04
 -0.6874620E+00 -0.6453688E-04
  0.5782881E+00  0.4972906E-04
 -0.2920580E+00 -0.3070335E-04
  0.2929689E+00  0.2127637E-04
 -0.2043154E+00 -0.3704032E-04
  0.8218143E+00  0.5181675E-04
  0.4575251E+00  0.3543147E-04
  0.5980863E+00  0.4739477E-04
  0.7149780E+00  0.5728281E-04
  0.8042039E+00  0.6467143E-04
  0.8617346E+00  0.6935774E-04
  0.8692424E+00  0.7246831E-04
 -0.6344345E-01 -0.1681942E-04
  0.8179236E+00  0.6334514E-04
  0.7062712E+00  0.5698218E-04
 -0.2500653E-01 -0.1095940E-04
 -0.8475502E+00 -0.8024897E-04
  0.9697965E+00  0.5969429E-04
 -0.6667079E+00 -0.9299925E-04
 -0.8647066E+00 -0.8190572E-04
 -0.1035208E+01 -0.7182555E-04
 -0.8828330E+00 -0.8111010E-04
 -0.5617678E+00 -0.5590570E-04
 -0.7087143E+00 -0.6705527E-04
  0.2073391E+00  0.1284497E-04
 -0.2380489E+00 -0.5093512E-04
 -0.1187817E+00 -0.5332131E-04
 -0.4768624E+00 -0.3836914E-04
 -0.3429020E+00 -0.2523511E-04
 -0.1444929E+00 -0.2686991E-04
  0.1380007E+00 -0.6962754E-04
  0.3064384E+00 -0.1120062E-03
  0.7743049E+00  0.7498452E-04
  0.6998747E+00  0.8134490E-04
  0.5771252E+00  0.3365787E-04
 -0.6999593E+00 -0.7579062E-04
 -0.3979368E+00 -0.3128138E-04
 -0.6721817E+00 -0.8433960E-04
 -0.9288082E+00 -0.7879102E-04
 -0.5674408E+00 -0.4138661E-04
 -0.1050872E+01 -0.7209532E-04
 -0.1513877E-01 -0.5845867E-05
 -0.8632124E+00 -0.7397567E-04
 -0.3802773E+00 -0.3383264E-04
 -0.7663804E+00 -0.6771194E-04
  0.8813897E+00  0.6394795E-04
 -0.2061194E+00 -0.2239716E-04
  0.7815391E+00  0.6000081E-04
  0.3945497E+00  0.2862406E-04
 -0.6557369E+00 -0.5904104E-04
  0.6702578E+00  0.5131562E-04
 -0.6850705E+00 -0.6232155E-04
  0.5498354E+00  0.4136438E-04
  0.6832535E+00  0.5219806E-04
  0.7899414E+00  0.6074907E-04
  0.8663424E+00  0.6669131E-04
  0.9086111E+00  0.6990678E-04
  0.8845492E+00  0.7176810E-04
 -0.8896639E+00 -0.7527253E-04
 -0.5746217E+00 -0.3957192E-04
 -0.4342298E+00 -0.3158839E-04
 -0.8656738E+00 -0.7844176E-04
  0.8680599E+00  0.6767787E-04
 -0.7588435E+00 -0.7165232E-04
 -0.5044833E+00 -0.4772138E-04
  0.1250232E+00 -0.3308869E-04
  0.1417522E+00 -0.2693195E-04
  0.1650817E+00 -0.2492118E-04
  0.1886743E+00 -0.2389637E-04
  0.2117847E+00 -0.2324508E-04
  0.2343223E+00 -0.2275300E-04
  0.2562945E+00 -0.2234264E-04
  0.2777232E+00 -0.2197097E-04
  0.2986311E+00 -0.2162141E-04
  0.3190419E+00 -0.2128243E-04
  0.3389239E+00 -0.2094761E-04
  0.3582675E+00 -0.2061427E-04
  0.3770659E+00 -0.2027944E-04
  0.3953656E+00 -0.1994379E-04
  0.4132538E+00 -0.1960858E-04
  0.4309345E+00 -0.1927895E-04
  0.4489053E+00 -0.1897182E-04
  0.4681727E+00 -0.1872146E-04
  0.4909769E+00 -0.1860111E-04
  0.5226375E+00 -0.1878607E-04
  0.1545044E+01 -0.5594613E-04
  0.2499901E+01 -0.9066011E-04
  0.3345530E+01 -0.1214120E-03
  0.4044930E+01 -0.1468567E-03
  0.4567578E+01 -0.1658869E-03
  0.4890540E+01 -0.1776640E-03
  0.4999691E+01 -0.1816710E-03
  0.4890389E+01 -0.1777396E-03
  0.4567386E+01 -0.1660451E-03
  0.4044773E+01 -0.1470920E-03
  0.3345400E+01 -0.1217121E-03
  0.2499779E+01 -0.9101207E-04
  0.1544921E+01 -0.5633402E-04
  0.5225409E+00 -0.1919425E-04
 -0.5226845E+00  0.1878549E-04
 -0.1545066E+01  0.5594330E-04
 -0.2499913E+01  0.9065705E-04
 -0.3345516E+01  0.1214107E-03
 -0.4044895E+01  0.1468543E-03
 -0.4567495E+01  0.1658812E-03
 -0.4890471E+01  0.1776572E-03
 -0.4999710E+01  0.1816708E-03
 -0.4890428E+01  0.1777408E-03
 -0.4567428E+01  0.1660488E-03
 -0.4044799E+01  0.1470944E-03
 -0.3345403E+01  0.1217131E-03
 -0.2499801E+01  0.9101255E-04
 -0.1544960E+01  0.5633448E-04
 -0.5225947E+00  0.1919419E-04
 -0.4909121E+00  0.1902368E-04
 -0.4681035E+00  0.1916706E-04
 -0.4488294E+00  0.1944568E-04
 -0.4308451E+00  0.1978458E-04
 -0.4131454E+00  0.2014988E-04
 -0.3952442E+00  0.2052557E-04
 -0.3769280E+00  0.2090634E-04
 -0.3581009E+00  0.2129153E-04
 -0.3387579E+00  0.2168237E-04
 -0.3188943E+00  0.2208228E-04
 -0.2985088E+00  0.2249293E-04
 -0.2776083E+00  0.2291849E-04
 -0.2561820E+00  0.2336499E-04
 -0.2342062E+00  0.2384348E-04
 -0.2116388E+00  0.2437399E-04
 -0.1884648E+00  0.2500106E-04
 -0.1647631E+00  0.2585135E-04
 -0.1411389E+00  0.2731083E-04
 -0.1238185E+00  0.3154452E-04
 -0.3671096E+00  0.9467280E-04
 -0.5945637E+00  0.1536789E-03
 -0.7959991E+00  0.2059737E-03
 -0.9623830E+00  0.2492075E-03
 -0.1086685E+01  0.2814578E-03
 -0.1163744E+01  0.3013373E-03
 -0.1189994E+01  0.3080033E-03
 -0.1164124E+01  0.3011826E-03
 -0.1087269E+01  0.2811654E-03
 -0.9628546E+00  0.2487970E-03
 -0.7963405E+00  0.2054990E-03
 -0.5950532E+00  0.1531718E-03
 -0.3677640E+00  0.9410491E-04
 -0.1243974E+00  0.3088244E-04
  0.1244063E+00 -0.3373666E-04
  0.3677649E+00 -0.9693312E-04
  0.5949889E+00 -0.1559450E-03
  0.7961535E+00 -0.2081839E-03
  0.9625452E+00 -0.2513641E-03
  0.1087053E+01 -0.2836134E-03
  0.1164134E+01 -0.3035494E-03
  0.1190236E+01 -0.3102806E-03
  0.1164253E+01 -0.3034781E-03
  0.1087461E+01 -0.2834246E-03
  0.9630445E+00 -0.2509807E-03
  0.7959199E+00 -0.2075248E-03
  0.5927154E+00 -0.1549310E-03
  0.3664391E+00 -0.9601392E-04
  0.5575921E+00 -0.7173724E-04
  0.6259827E+00 -0.6983261E-04
  0.6926388E+00 -0.6834548E-04
  0.7576143E+00 -0.6706704E-04
  0.8209790E+00 -0.6589587E-04
  0.8827997E+00 -0.6478766E-04
  0.9431209E+00 -0.6371635E-04
  0.1001893E+01 -0.6266318E-04
  0.1059068E+01 -0.6161923E-04
  0.1114772E+01 -0.6058596E-04
  0.1169126E+01 -0.5956089E-04
  0.1222108E+01 -0.5853383E-04
  0.1274309E+01 -0.5751837E-04
  0.1327293E+01 -0.5657112E-04
  0.1384133E+01 -0.5579578E-04
  0.1451452E+01 -0.5541464E-04
  0.2348469E+01 -0.8980333E-04
  0.3142905E+01 -0.1202709E-03
  0.3800274E+01 -0.1454922E-03
  0.4291409E+01 -0.1643503E-03
  0.4594700E+01 -0.1760111E-03
  0.4696496E+01 -0.1799476E-03
  0.4593562E+01 -0.1760403E-03
  0.4290163E+01 -0.1644581E-03
  0.3799355E+01 -0.1456895E-03
  0.3142454E+01 -0.1205524E-03
  0.2348144E+01 -0.9014325E-04
  0.1451157E+01 -0.5578958E-04
  0.4907482E+00 -0.1899916E-04
 -0.4911195E+00  0.1862348E-04
 -0.1451517E+01  0.5543239E-04
 -0.2348490E+01  0.8981944E-04
 -0.3142808E+01  0.1202817E-03
 -0.3799780E+01  0.1454890E-03
 -0.4290687E+01  0.1643336E-03
 -0.4594056E+01  0.1760014E-03
 -0.4696654E+01  0.1799743E-03
 -0.4593964E+01  0.1760847E-03
 -0.4290509E+01  0.1644958E-03
 -0.3799562E+01  0.1457205E-03
 -0.3142549E+01  0.1205771E-03
 -0.2348214E+01  0.9016610E-04
 -0.1451261E+01  0.5581390E-04
 -0.1383825E+01  0.5621440E-04
 -0.1326835E+01  0.5700858E-04
 -0.1273677E+01  0.5797956E-04
 -0.1221353E+01  0.5902288E-04
 -0.1168465E+01  0.6009421E-04
 -0.1114348E+01  0.6117760E-04
 -0.1058736E+01  0.6226623E-04
 -0.1001563E+01  0.6336650E-04
 -0.9428215E+00  0.6448466E-04
 -0.8825506E+00  0.6562784E-04
 -0.8207585E+00  0.6681174E-04
 -0.7574155E+00  0.6805797E-04
 -0.6924549E+00  0.6940550E-04
 -0.6257735E+00  0.7093249E-04
 -0.5573618E+00  0.7281398E-04
 -0.4874053E+00  0.7549537E-04
 -0.4178588E+00  0.8033329E-04
 -0.6762899E+00  0.1298478E-03
 -0.9051252E+00  0.1736948E-03
 -0.1094350E+01  0.2099494E-03
 -0.1235764E+01  0.2370136E-03
 -0.1323219E+01  0.2537082E-03
 -0.1352850E+01  0.2593029E-03
 -0.1323334E+01  0.2535766E-03
 -0.1235961E+01  0.2367677E-03
 -0.1094554E+01  0.2096141E-03
 -0.9053106E+00  0.1732867E-03
 -0.6765066E+00  0.1293817E-03
 -0.4181331E+00  0.7981758E-04
 -0.1414741E+00  0.2676039E-04
  0.1413785E+00 -0.2746637E-04
  0.4180376E+00 -0.8049860E-04
  0.6764031E+00 -0.1300153E-03
  0.9052145E+00 -0.1738552E-03
  0.1094465E+01 -0.2100967E-03
  0.1235917E+01 -0.2371636E-03
  0.1323381E+01 -0.2538775E-03
  0.1353000E+01 -0.2595061E-03
  0.1323494E+01 -0.2537949E-03
  0.1236182E+01 -0.2369956E-03
  0.1094849E+01 -0.2098204E-03
  0.9055397E+00 -0.1734721E-03
  0.6765569E+00 -0.1295303E-03
  0.4182361E+00 -0.7997642E-04
  0.4877034E+00 -0.7459149E-04
  0.1012799E+01 -0.1133595E-03
  0.1328308E+01 -0.1069274E-03
  0.1428351E+01 -0.1051128E-03
  0.1525894E+01 -0.1033534E-03
  0.1620950E+01 -0.1016267E-03
  0.1713552E+01 -0.9992837E-04
  0.1804215E+01 -0.9827604E-04
  0.1892602E+01 -0.9662992E-04
  0.1978759E+01 -0.9497095E-04
  0.2063169E+01 -0.9330637E-04
  0.2148315E+01 -0.9172779E-04
  0.2239733E+01 -0.9043945E-04
  0.2997899E+01 -0.1211484E-03
  0.4093927E+01 -0.1655825E-03
  0.3625892E+01 -0.1466041E-03
  0.4382630E+01 -0.1772972E-03
  0.4478188E+01 -0.1811766E-03
  0.4379348E+01 -0.1772015E-03
  0.4089925E+01 -0.1655357E-03
  0.3622324E+01 -0.1466641E-03
  0.2996168E+01 -0.1213674E-03
  0.2238902E+01 -0.9075339E-04
  0.1383649E+01 -0.5616580E-04
  0.4678634E+00 -0.1911816E-04
 -0.4684004E+00  0.1876805E-04
 -0.1384189E+01  0.5583437E-04
 -0.2239493E+01  0.9046226E-04
 -0.2996906E+01  0.1211360E-03
 -0.3623345E+01  0.1465173E-03
 -0.4091441E+01  0.1654965E-03
 -0.4380711E+01  0.1772428E-03
 -0.4478508E+01  0.1812435E-03
 -0.4380575E+01  0.1773230E-03
 -0.4091196E+01  0.1656560E-03
 -0.3623029E+01  0.1467501E-03
 -0.2996552E+01  0.1214300E-03
 -0.2239101E+01  0.9080661E-04
 -0.2146886E+01  0.9208326E-04
 -0.1976235E+01  0.9532050E-04
 -0.2060882E+01  0.9364351E-04
 -0.1890659E+01  0.9704093E-04
 -0.1803104E+01  0.9877928E-04
 -0.1713135E+01  0.1005272E-03
 -0.1620632E+01  0.1022899E-03
 -0.1525576E+01  0.1040798E-03
 -0.1428045E+01  0.1059065E-03
 -0.1328057E+01  0.1077970E-03
 -0.1225563E+01  0.1097907E-03
 -0.1120455E+01  0.1119519E-03
 -0.1012571E+01  0.1144076E-03
 -0.9019129E+00  0.1174564E-03
 -0.7887640E+00  0.1218509E-03
 -0.1055627E+01  0.1628904E-03
 -0.1441257E+01  0.2221641E-03
 -0.1276347E+01  0.1968237E-03
 -0.1543187E+01  0.2377966E-03
 -0.1577683E+01  0.2430397E-03
 -0.1543222E+01  0.2376815E-03
 -0.1441316E+01  0.2219441E-03
 -0.1276415E+01  0.1965165E-03
 -0.1055745E+01  0.1625108E-03
 -0.7889271E+00  0.1214047E-03
 -0.4876236E+00  0.7500599E-04
 -0.1650100E+00  0.2533586E-04
  0.1648214E+00 -0.2543080E-04
  0.4874399E+00 -0.7507813E-04
  0.7887614E+00 -0.1214335E-03
  0.1055607E+01 -0.1624774E-03
  0.1276331E+01 -0.1964098E-03
  0.1441291E+01 -0.2217512E-03
  0.1543267E+01 -0.2373939E-03
  0.1577783E+01 -0.2426584E-03
  0.1543356E+01 -0.2373096E-03
  0.1441492E+01 -0.2215707E-03
  0.1276603E+01 -0.1961372E-03
  0.1055890E+01 -0.1621162E-03
  0.7890110E+00 -0.1209989E-03
  0.1120651E+01 -0.1109377E-03
  0.1225776E+01 -0.1088442E-03
  0.9021288E+00 -0.1164313E-03
  0.2041602E+01 -0.1384485E-03
  0.1911217E+01 -0.1408206E-03
  0.2292622E+01 -0.1338702E-03
  0.2414005E+01 -0.1316684E-03
  0.2533045E+01 -0.1294971E-03
  0.2649525E+01 -0.1273122E-03
  0.2763190E+01 -0.1250941E-03
  0.2876620E+01 -0.1229353E-03
  0.4294247E+01 -0.1836966E-03
  0.4197783E+01 -0.1795588E-03
  0.3927142E+01 -0.1679902E-03
  0.4203279E+01 -0.1798183E-03
  0.3479225E+01 -0.1487757E-03
  0.3920832E+01 -0.1677524E-03
  0.3472576E+01 -0.1486409E-03
  0.2872497E+01 -0.1230207E-03
  0.2146540E+01 -0.9199550E-04
  0.1326573E+01 -0.5693042E-04
  0.4485200E+00 -0.1936913E-04
 -0.4491888E+00  0.1904381E-04
 -0.1327268E+01  0.5662610E-04
 -0.2147351E+01  0.9173567E-04
 -0.2873585E+01  0.1228362E-03
 -0.3474214E+01  0.1485694E-03
 -0.3923001E+01  0.1678106E-03
 -0.4200358E+01  0.1797210E-03
 -0.4294090E+01  0.1837790E-03
 -0.4200224E+01  0.1798061E-03
 -0.3922759E+01  0.1679767E-03
 -0.3473845E+01  0.1488054E-03
 -0.2873163E+01  0.1231343E-03
 -0.2413075E+01  0.1320681E-03
 -0.2292685E+01  0.1343996E-03
 -0.2644757E+01  0.1274541E-03
 -0.2530240E+01  0.1297493E-03
 -0.2758048E+01  0.1252167E-03
 -0.2168882E+01  0.1367483E-03
 -0.2041669E+01  0.1391316E-03
 -0.1911133E+01  0.1415639E-03
 -0.1777300E+01  0.1440828E-03
 -0.1640126E+01  0.1467353E-03
 -0.1499471E+01  0.1496171E-03
 -0.1355124E+01  0.1528890E-03
 -0.1207039E+01  0.1569814E-03
 -0.1803854E+01  0.2341679E-03
 -0.1764441E+01  0.2290072E-03
 -0.1647931E+01  0.2140618E-03
 -0.1764445E+01  0.2291141E-03
 -0.1459381E+01  0.1896595E-03
 -0.1647905E+01  0.2138509E-03
 -0.1459367E+01  0.1893643E-03
 -0.1207073E+01  0.1566117E-03
 -0.9020165E+00  0.1170253E-03
 -0.5575360E+00  0.7234039E-04
 -0.1886876E+00  0.2450359E-04
  0.1884073E+00 -0.2438997E-04
  0.5572707E+00 -0.7220389E-04
  0.9017793E+00 -0.1168496E-03
  0.1206882E+01 -0.1563755E-03
  0.1459254E+01 -0.1890549E-03
  0.1647856E+01 -0.2134638E-03
  0.1764434E+01 -0.2285307E-03
  0.1803916E+01 -0.2335942E-03
  0.1764556E+01 -0.2284395E-03
  0.1648081E+01 -0.2132824E-03
  0.1459565E+01 -0.1887892E-03
  0.1207238E+01 -0.1560264E-03
  0.1499645E+01 -0.1486657E-03
  0.1640283E+01 -0.1458518E-03
  0.2168646E+01 -0.1361313E-03
  0.1355312E+01 -0.1519181E-03
  0.1777445E+01 -0.1432711E-03
  0.2769275E+01 -0.1618642E-03
  0.2915398E+01 -0.1591740E-03
  0.3340766E+01 -0.1513451E-03
  0.3764578E+01 -0.1705363E-03
  0.3333944E+01 -0.1511000E-03
  0.4030412E+01 -0.1825645E-03
  0.4122447E+01 -0.1867740E-03
  0.3769023E+01 -0.1708016E-03
  0.4034120E+01 -0.1828150E-03
 -0.2310646E+01  0.1710428E-03
  0.2060614E+01 -0.9352171E-04
  0.1273376E+01 -0.5786887E-04
  0.4305016E+00 -0.1967878E-04
 -0.4312414E+00  0.1937814E-04
 -0.1274141E+01  0.5758982E-04
 -0.2061365E+01  0.9328934E-04
 -0.2758490E+01  0.1249120E-03
 -0.3335067E+01  0.1510774E-03
 -0.3765840E+01  0.1706404E-03
 -0.4032065E+01  0.1827514E-03
 -0.4122059E+01  0.1868744E-03
 -0.4031916E+01  0.1828351E-03
 -0.3765584E+01  0.1708099E-03
 -0.3334657E+01  0.1513184E-03
 -0.2622303E+01  0.1652330E-03
 -0.2468485E+01  0.1681066E-03
 -0.2771986E+01  0.1623979E-03
 -0.2917559E+01  0.1595877E-03
 -0.3197712E+01  0.1540193E-03
 -0.3059240E+01  0.1567909E-03
 -0.1355064E+01  0.1525250E-03
 -0.2148836E+01  0.1740790E-03
 -0.1982962E+01  0.1772775E-03
 -0.1812915E+01  0.1807556E-03
 -0.1638419E+01  0.1847124E-03
 -0.1849923E+01  0.2082694E-03
 -0.1638304E+01  0.1844159E-03
 -0.1980760E+01  0.2230210E-03
 -0.2025034E+01  0.2280540E-03
 -0.1850079E+01  0.2084677E-03
 -0.1980852E+01  0.2231296E-03
 -0.1012616E+01  0.1139806E-03
 -0.6259039E+00  0.7046788E-04
 -0.2118399E+00  0.2388679E-04
  0.2114739E+00 -0.2372520E-04
  0.6255510E+00 -0.7028561E-04
  0.1012306E+01 -0.1137561E-03
  0.1354811E+01 -0.1522481E-03
  0.1638121E+01 -0.1840704E-03
  0.1849844E+01 -0.2078346E-03
  0.1980735E+01 -0.2224986E-03
  0.2025067E+01 -0.2274360E-03
  0.1980917E+01 -0.2224154E-03
  0.1850182E+01 -0.2076557E-03
  0.1638567E+01 -0.1838082E-03
  0.2148767E+01 -0.1733322E-03
  0.2620284E+01 -0.1646234E-03
  0.1983000E+01 -0.1764649E-03
  0.2757645E+01 -0.1250632E-03
  0.1813022E+01 -0.1798852E-03
  0.2310236E+01 -0.1703520E-03
  0.3201617E+01 -0.1539556E-03
  0.3059596E+01 -0.1565482E-03
  0.2467413E+01 -0.1674587E-03
  0.3125053E+01 -0.1827504E-03
  0.3289363E+01 -0.1796631E-03
  0.3865977E+01 -0.1859405E-03
  0.3612683E+01 -0.1736532E-03
  0.3199197E+01 -0.1538471E-03
  0.3611601E+01 -0.1737213E-03
  0.3867316E+01 -0.1859028E-03
  0.3952902E+01 -0.1900732E-03
 -0.2239101E+01  0.2000827E-03
  0.1976433E+01 -0.9518294E-04
 -0.3130113E+01  0.1833028E-03
  0.4128184E+00 -0.2001315E-04
  0.1221184E+01 -0.5888501E-04
 -0.1221837E+01  0.5862710E-04
 -0.1976721E+01  0.9495780E-04
 -0.2645207E+01  0.1271400E-03
 -0.3198075E+01  0.1537674E-03
 -0.3611146E+01  0.1736781E-03
 -0.3866403E+01  0.1860022E-03
 -0.3952706E+01  0.1902028E-03
 -0.3866278E+01  0.1860955E-03
 -0.3610899E+01  0.1738546E-03
 -0.3454515E+01  0.1769781E-03
 -0.1499265E+01  0.1492567E-03
 -0.2787345E+01  0.1897392E-03
 -0.2961060E+01  0.1865010E-03
 -0.3294511E+01  0.1801311E-03
 -0.6925220E+00  0.6895095E-04
 -0.2047097E+01  0.2040020E-03
 -0.2191609E+01  0.2182470E-03
 -0.2426377E+01  0.1964713E-03
 -0.2191783E+01  0.2183497E-03
 -0.2344014E+00  0.2336701E-04
 -0.1812649E+01  0.1804664E-03
 -0.2046843E+01  0.2038023E-03
 -0.2240653E+01  0.2231669E-03
 -0.1120381E+01  0.1115354E-03
  0.2339703E+00 -0.2322638E-04
  0.6921127E+00 -0.6879144E-04
  0.1120018E+01 -0.1113381E-03
  0.1498977E+01 -0.1490019E-03
  0.1812430E+01 -0.1801442E-03
  0.2046693E+01 -0.2033990E-03
  0.2191533E+01 -0.2177548E-03
  0.2240596E+01 -0.2225825E-03
  0.2191756E+01 -0.2176690E-03
  0.2047126E+01 -0.2032276E-03
  0.2608196E+01 -0.1924222E-03
  0.2957705E+01 -0.1859184E-03
  0.2645540E+01 -0.1273097E-03
  0.2239006E+01 -0.1993546E-03
  0.3451942E+01 -0.1766717E-03
  0.2785432E+01 -0.1891411E-03
  0.2426027E+01 -0.1958014E-03
 -0.4135540E+00  0.1973728E-04
 -0.2609109E+01  0.1930471E-03
  0.3523584E+01 -0.1924362E-03
  0.3781597E+01 -0.1934630E-03
  0.3062799E+01 -0.1566990E-03
 -0.3351403E+01  0.1961987E-03
 -0.3956496E+00  0.2010654E-04
  0.1891458E+01 -0.9690039E-04
 -0.2397334E+01  0.2141495E-03
 -0.2530639E+01  0.1294260E-03
 -0.3527465E+01  0.1928064E-03
 -0.2793489E+01  0.2066231E-03
  0.1168524E+01 -0.5993337E-04
 -0.1891103E+01  0.9666988E-04
 -0.3454712E+01  0.1767949E-03
 -0.3698901E+01  0.1893377E-03
 -0.3781479E+01  0.1936149E-03
 -0.3698816E+01  0.1894347E-03
  0.2558937E+00 -0.2280399E-04
 -0.2984352E+01  0.2030821E-03
 -0.2238775E+01  0.1998697E-03
 -0.1639832E+01  0.1463715E-03
 -0.3170366E+01  0.1996125E-03
  0.1225008E+01 -0.1092286E-03
 -0.2563769E+00  0.2289595E-04
 -0.1225414E+01  0.1093741E-03
  0.7569872E+00 -0.6749581E-04
 -0.2397148E+01  0.2140382E-03
 -0.1982613E+01  0.1769829E-03
 -0.2597850E+01  0.2102859E-03
 -0.3059528E+01  0.1565292E-03
 -0.1168912E+01  0.5969039E-04
  0.1639488E+01 -0.1461751E-03
  0.1982351E+01 -0.1767239E-03
  0.2238615E+01 -0.1995343E-03
  0.2397043E+01 -0.2136114E-03
  0.2450682E+01 -0.2183439E-03
  0.2397195E+01 -0.2135195E-03
  0.2597425E+01 -0.2097118E-03
  0.3167722E+01 -0.1991595E-03
  0.2982694E+01 -0.2025936E-03
  0.3347791E+01 -0.1957777E-03
  0.3949860E+00 -0.2035709E-04
 -0.7574471E+00  0.6760853E-04
  0.3696032E+01 -0.1891402E-03
  0.3458277E+01 -0.1768733E-03
  0.2792573E+01 -0.2060938E-03
 -0.2450785E+01  0.2188697E-03
  0.2532376E+01 -0.1296409E-03
 -0.3773070E+00  0.2048024E-04
  0.2148290E+01 -0.1735951E-03
  0.1776718E+01 -0.1435933E-03
  0.2426041E+01 -0.1960037E-03
 -0.2413338E+01  0.1317335E-03
  0.2772959E+00 -0.2242544E-04
 -0.2855784E+01  0.2111731E-03
  0.1114523E+01 -0.6098576E-04
 -0.1803442E+01  0.9839707E-04
  0.3606155E+01 -0.1968875E-03
 -0.3294598E+01  0.1799380E-03
 -0.3527493E+01  0.1927047E-03
 -0.1776971E+01  0.1437169E-03
 -0.3050931E+01  0.2075538E-03
  0.1327508E+01 -0.1073056E-03
 -0.1327881E+01  0.1073837E-03
 -0.2426026E+01  0.1962567E-03
  0.8203119E+00 -0.6631864E-04
 -0.3241117E+01  0.2040144E-03
 -0.8207917E+00  0.6636607E-04
 -0.2597640E+01  0.2101749E-03
  0.3530476E+01 -0.1927210E-03
 -0.3606265E+01  0.1970589E-03
 -0.2778163E+00  0.2245735E-04
 -0.2148429E+01  0.1737790E-03
 -0.2655762E+01  0.2149196E-03
  0.2597634E+01 -0.2098270E-03
  0.2655506E+01 -0.2144593E-03
  0.3767104E+00 -0.2070126E-04
  0.3050310E+01 -0.2072191E-03
  0.3425848E+01 -0.2003079E-03
  0.3240520E+01 -0.2037364E-03
  0.2921396E+01 -0.1595170E-03
 -0.3426223E+01  0.2005223E-03
  0.2415641E+01 -0.1319615E-03
  0.1804154E+01 -0.9861916E-04
 -0.2917725E+01  0.1593139E-03
  0.2855366E+01 -0.2107785E-03
  0.3298521E+01 -0.1800655E-03
 -0.1114741E+01  0.6076638E-04
  0.2793529E+01 -0.2062522E-03
 -0.1427905E+01  0.1054946E-03
  0.3133287E+01 -0.1832010E-03
 -0.2292776E+01  0.1340539E-03
 -0.2984199E+01  0.2029674E-03
 -0.2771988E+01  0.1621151E-03
  0.1714047E+01 -0.1003283E-03
  0.2294768E+01 -0.1342523E-03
 -0.3130065E+01  0.1831001E-03
 -0.3351363E+01  0.1960914E-03
 -0.1910833E+01  0.1412001E-03
  0.2310618E+01 -0.1706574E-03
 -0.8826086E+00  0.6518837E-04
  0.1427704E+01 -0.1054933E-03
  0.3579280E+00 -0.2104458E-04
 -0.2608782E+01  0.1928312E-03
  0.8822067E+00 -0.6520886E-04
 -0.2310275E+01  0.1707417E-03
 -0.2793299E+01  0.2065089E-03
 -0.1059046E+01  0.6184744E-04
  0.3353595E+01 -0.1960696E-03
 -0.2987398E+00  0.2203816E-04
  0.2775093E+01 -0.1622943E-03
  0.1910918E+01 -0.1411664E-03
 -0.1713341E+01  0.1001357E-03
 -0.3584412E+00  0.2085785E-04
 -0.3170260E+01  0.1995057E-03
  0.2982233E+00 -0.2207056E-04
  0.3171729E+01 -0.1994218E-03
  0.1058876E+01 -0.6203246E-04
  0.2609275E+01 -0.1926810E-03
  0.2984964E+01 -0.2028032E-03
 -0.1525529E+01  0.1036727E-03
  0.2042136E+01 -0.1388262E-03
  0.2788332E+01 -0.1894715E-03
 -0.1001771E+01  0.6293944E-04
 -0.2622141E+01  0.1649427E-03
  0.1621166E+01 -0.1020339E-03
  0.3701610E+01 -0.1893255E-03
  0.2469342E+01 -0.1678264E-03
 -0.9429447E+00  0.6405085E-04
  0.1525663E+01 -0.1037493E-03
 -0.2960892E+01  0.1862888E-03
  0.2963044E+01 -0.1863231E-03
  0.1001611E+01 -0.6308353E-04
  0.9426783E+00 -0.6413760E-04
 -0.2787085E+01  0.1895233E-03
 -0.2168807E+01  0.1363913E-03
 -0.3191334E+00  0.2163274E-04
  0.3386012E+00 -0.2138702E-04
 -0.2041460E+01  0.1387713E-03
 -0.2468193E+01  0.1678100E-03
  0.3186840E+00 -0.2172756E-04
 -0.3390370E+00  0.2124026E-04
 -0.1620701E+01  0.1018900E-03
  0.2624324E+01 -0.1650541E-03
  0.2170166E+01 -0.1365305E-03
  0.4446031E-01  0.6472956E-06
 -0.3359650E+00  0.4645269E-04
  0.3464937E+00 -0.4476263E-04
  0.3116485E+00 -0.3250383E-04
  0.4513385E+00 -0.4997407E-04
  0.5376778E+00 -0.6070363E-04
  0.6212456E+00 -0.7112639E-04
  0.7021222E+00 -0.8121148E-04
  0.7799195E+00 -0.9092141E-04
  0.8542765E+00 -0.1002172E-03
  0.9248954E+00 -0.1090368E-03
  0.9914706E+00 -0.1173507E-03
  0.1053723E+01 -0.1251367E-03
  0.1111386E+01 -0.1323355E-03
  0.1164211E+01 -0.1389398E-03
  0.1211946E+01 -0.1449026E-03
  0.1254426E+01 -0.1502035E-03
  0.1291456E+01 -0.1548263E-03
  0.1322833E+01 -0.1587453E-03
  0.1348432E+01 -0.1619309E-03
  0.1368125E+01 -0.1643908E-03
  0.1381788E+01 -0.1660785E-03
  0.1386072E+01 -0.1665208E-03
  0.1357688E+01 -0.1623809E-03
 -0.2238566E+00  0.3403545E-04
  0.1317584E+01 -0.1575228E-03
 -0.6264951E+00  0.7778240E-04
  0.1225851E+01 -0.1461974E-03
 -0.4835732E+00  0.6631174E-04
  0.1086169E+01 -0.1288885E-03
 -0.8923084E+00  0.1062483E-03
  0.9038764E+00 -0.1062800E-03
 -0.7244107E+00  0.9619290E-04
  0.6861421E+00 -0.7926190E-04
 -0.1123296E+01  0.1308209E-03
  0.4414110E+00 -0.4889161E-04
 -0.9369712E+00  0.1225292E-03
  0.1793189E+00 -0.1636655E-04
 -0.1310166E+01  0.1505077E-03
 -0.8976416E-01  0.1704842E-04
 -0.1112827E+01  0.1442936E-03
 -0.3553302E+00  0.5002800E-04
 -0.1445519E+01  0.1645598E-03
 -0.6069531E+00  0.8128231E-04
 -0.1244889E+01  0.1606496E-03
 -0.8347999E+00  0.1095813E-03
 -0.1524071E+01  0.1724101E-03
 -0.1029894E+01  0.1338113E-03
 -0.1327926E+01  0.1709438E-03
 -0.1184589E+01  0.1530308E-03
 -0.1543030E+01  0.1737529E-03
 -0.1292773E+01  0.1664814E-03
 -0.1359031E+01  0.1747642E-03
 -0.1350165E+01  0.1736434E-03
 -0.1501493E+01  0.1685408E-03
 -0.1354510E+01  0.1742327E-03
 -0.1336900E+01  0.1719690E-03
 -0.1305892E+01  0.1682307E-03
 -0.1401000E+01  0.1569777E-03
 -0.1206039E+01  0.1558596E-03
 -0.1262222E+01  0.1626610E-03
 -0.1058732E+01  0.1376164E-03
 -0.1245497E+01  0.1395076E-03
 -0.8698070E+00  0.1142174E-03
 -0.1137966E+01  0.1472172E-03
 -0.6468272E+00  0.8657835E-04
 -0.1041113E+01  0.1168194E-03
 -0.3985964E+00  0.5576049E-04
 -0.9690300E+00  0.1262344E-03
 -0.1348538E+00  0.2296516E-04
 -0.4538599E-01  0.1182692E-04
  0.1540105E+01 -0.1603109E-03
 -0.7958403E+00  0.8979867E-04
  0.1185432E+01 -0.1545045E-03
 -0.7620962E+00  0.1005348E-03
  0.1089618E+01 -0.1408649E-03
 -0.5193423E+00  0.5950225E-04
  0.9511313E+00 -0.1214560E-03
 -0.5252640E+00  0.7112132E-04
  0.7753445E+00 -0.9706053E-04
 -0.2224540E+00  0.2712236E-04
  0.5691868E+00 -0.6861583E-04
 -0.2678649E+00  0.3916062E-04
  0.3405970E+00 -0.3725249E-04
  0.8319660E-01 -0.6068334E-05
  0.9868269E-01 -0.4198349E-05
  0.4685595E-04  0.5886457E-05
 -0.1470724E+00  0.2925650E-04
  0.3855845E+00 -0.3876387E-04
 -0.3870634E+00  0.6178615E-04
  0.2679696E+00 -0.2736830E-04
 -0.6119068E+00  0.9211611E-04
  0.6728516E+00 -0.6968102E-04
 -0.8128026E+00  0.1190591E-03
  0.5254170E+00 -0.5931072E-04
 -0.9818434E+00  0.1415564E-03
  0.9336064E+00 -0.9759914E-04
 -0.1112358E+01  0.1587272E-03
  0.7621948E+00 -0.8868459E-04
 -0.1199162E+01  0.1698967E-03
  0.1157650E+01 -0.1214263E-03
 -0.1238827E+01  0.1746348E-03
  0.9689856E+00 -0.1143475E-03
 -0.1229859E+01  0.1727424E-03
  0.1336268E+01 -0.1402312E-03
 -0.1172804E+01  0.1643040E-03
  0.1137794E+01 -0.1352699E-03
 -0.1069616E+01  0.1496532E-03
  0.1462600E+01 -0.1532752E-03
 -0.9243480E+00  0.1293554E-03
  0.1262024E+01 -0.1506478E-03
 -0.7427779E+00  0.1042213E-03
  0.1531618E+01 -0.1600137E-03
 -0.5321842E+00  0.7522422E-04
  0.1336868E+01 -0.1598637E-03
 -0.3009414E+00  0.4347903E-04
  0.2233211E+00 -0.2152999E-04
  0.1234893E+01 -0.1618488E-03
  0.1342105E+00 -0.1047826E-04
  0.0000000E+00  0.0000000E+00
  0.0000000E+00  0.0000000E+00
  0.0000000E+00  0.0000000E+00
  0.0000000E+00  0.0000000E+00
  0.0000000E+00  0.0000000E+00
  0.0000000E+00  0.0000000E+00
  0.0000000E+00  0.0000000E+00
  0.0000000E+00  0.0000000E+00
  0.0000000E+00  0.0000000E+00
  0.0000000E+00  0.0000000E+00
  0.0000000E+00  0.0000000E+00
  0.0000000E+00  0.0000000E+00
  0.0000000E+00  0.0000000E+00
  0.0000000E+00  0.0000000E+00
  0.0000000E+00  0.0000000E+00
  0.0000000E+00  0.0000000E+00
  0.0000000E+00  0.0000000E+00
  0.0000000E+00  0.0000000E+00
  0.0000000E+00  0.0000000E+00
  0.0000000E+00  0.0000000E+00
  0.0000000E+00  0.0000000E+00
  0.0000000E+00  0.0000000E+00
  0.0000000E+00  0.0000000E+00
  0.0000000E+00  0.0000000E+00
  0.0000000E+00  0.0000000E+00
  0.0000000E+00  0.0000000E+00
  0.0000000E+00  0.0000000E+00
  0.0000000E+00  0.0000000E+00
  0.0000000E+00  0.0000000E+00
  0.0000000E+00  0.0000000E+00
  0.0000000E+00  0.0000000E+00
  0.0000000E+00  0.0000000E+00
  0.0000000E+00  0.0000000E+00
  0.0000000E+00  0.0000000E+00
  0.0000000E+00  0.0000000E+00
  0.0000000E+00  0.0000000E+00
  0.0000000E+00  0.0000000E+00
  0.0000000E+00  0.0000000E+00
  0.0000000E+00  0.0000000E+00
  0.0000000E+00  0.0000000E+00
  0.0000000E+00  0.0000000E+00
  0.0000000E+00  0.0000000E+00
  0.0000000E+00  0.0000000E+00
  0.0000000E+00  0.0000000E+00
  0.0000000E+00  0.0000000E+00
  0.0000000E+00  0.0000000E+00
  0.0000000E+00  0.0000000E+00
  0.0000000E+00  0.0000000E+00
  0.0000000E+00  0.0000000E+00
  0.0000000E+00  0.0000000E+00
  0.0000000E+00  0.0000000E+00
  0.0000000E+00  0.0000000E+00
  0.0000000E+00  0.0000000E+00
  0.0000000E+00  0.0000000E+00
  0.0000000E+00  0.0000000E+00
  0.0000000E+00  0.0000000E+00
  0.0000000E+00  0.0000000E+00
  0.0000000E+00  0.0000000E+00
  0.0000000E+00  0.0000000E+00
  0.0000000E+00  0.0000000E+00
  0.0000000E+00  0.0000000E+00
  0.0000000E+00  0.0000000E+00
  0.0000000E+00  0.0000000E+00
  0.0000000E+00  0.0000000E+00
  0.0000000E+00  0.0000000E+00
  0.0000000E+00  0.0000000E+00
  0.0000000E+00  0.0000000E+00
  0.0000000E+00  0.0000000E+00
  0.0000000E+00  0.0000000E+00
  0.0000000E+00  0.0000000E+00
  0.0000000E+00  0.0000000E+00
  0.0000000E+00  0.0000000E+00
  0.0000000E+00  0.0000000E+00
  0.0000000E+00  0.0000000E+00
  0.0000000E+00  0.0000000E+00
  0.0000000E+00  0.0000000E+00
  0.0000000E+00  0.0000000E+00
  0.0000000E+00  0.0000000E+00
  0.0000000E+00  0.0000000E+00
  0.0000000E+00  0.0000000E+00
  0.0000000E+00  0.0000000E+00
  0.0000000E+00  0.0000000E+00
  0.0000000E+00  0.0000000E+00
  0.0000000E+00  0.0000000E+00
  0.0000000E+00  0.0000000E+00
  0.0000000E+00  0.0000000E+00
  0.0000000E+00  0.0000000E+00
  0.0000000E+00  0.0000000E+00
  0.0000000E+00  0.0000000E+00
  0.0000000E+00  0.0000000E+00
  0.0000000E+00  0.0000000E+00
  0.0000000E+00  0.0000000E+00
  0.0000000E+00  0.0000000E+00
  0.0000000E+00  0.0000000E+00
  0.0000000E+00  0.0000000E+00
  0.0000000E+00  0.0000000E+00
  0.0000000E+00  0.0000000E+00
  0.0000000E+00  0.0000000E+00
  0.0000000E+00  0.0000000E+00
  0.0000000E+00  0.0000000E+00
  0.0000000E+00  0.0000000E+00
  0.0000000E+00  0.0000000E+00
  0.0000000E+00  0.0000000E+00
  0.0000000E+00  0.0000000E+00
  0.0000000E+00  0.0000000E+00
  0.0000000E+00  0.0000000E+00
  0.0000000E+00  0.0000000E+00
  0.0000000E+00  0.0000000E+00
  0.0000000E+00  0.0000000E+00
  0.0000000E+00  0.0000000E+00
  0.0000000E+00  0.0000000E+00
  0.0000000E+00  0.0000000E+00
  0.0000000E+00  0.0000000E+00
  0.0000000E+00  0.0000000E+00
  0.0000000E+00  0.0000000E+00
  0.0000000E+00  0.0000000E+00
  0.0000000E+00  0.0000000E+00
  0.0000000E+00  0.0000000E+00
  0.0000000E+00  0.0000000E+00
  0.0000000E+00  0.0000000E+00
  0.0000000E+00  0.0000000E+00
  0.0000000E+00  0.0000000E+00
  0.0000000E+00  0.0000000E+00
  0.0000000E+00  0.0000000E+00
  0.0000000E+00  0.0000000E+00
  0.0000000E+00  0.0000000E+00
  0.0000000E+00  0.0000000E+00
  0.0000000E+00  0.0000000E+00
  0.0000000E+00  0.0000000E+00
  0.0000000E+00  0.0000000E+00
  0.0000000E+00  0.0000000E+00
  0.0000000E+00  0.0000000E+00
  0.0000000E+00  0.0000000E+00
  0.0000000E+00  0.0000000E+00
  0.0000000E+00  0.0000000E+00
  0.0000000E+00  0.0000000E+00
  0.0000000E+00  0.0000000E+00
  0.0000000E+00  0.0000000E+00
  0.0000000E+00  0.0000000E+00
  0.0000000E+00  0.0000000E+00
  0.0000000E+00  0.0000000E+00
  0.0000000E+00  0.0000000E+00
  0.0000000E+00  0.0000000E+00
  0.0000000E+00  0.0000000E+00
  0.0000000E+00  0.0000000E+00
  0.0000000E+00  0.0000000E+00
  0.0000000E+00  0.0000000E+00
  0.0000000E+00  0.0000000E+00
  0.0000000E+00  0.0000000E+00
  0.0000000E+00  0.0000000E+00
  0.0000000E+00  0.0000000E+00
  0.0000000E+00  0.0000000E+00
  0.0000000E+00  0.0000000E+00
  0.0000000E+00  0.0000000E+00
  0.0000000E+00  0.0000000E+00
  0.0000000E+00  0.0000000E+00
  0.0000000E+00  0.0000000E+00
  0.0000000E+00  0.0000000E+00
  0.0000000E+00  0.0000000E+00
  0.0000000E+00  0.0000000E+00
  0.0000000E+00  0.0000000E+00
  0.0000000E+00  0.0000000E+00
  0.0000000E+00  0.0000000E+00
  0.0000000E+00  0.0000000E+00
  0.0000000E+00  0.0000000E+00
  0.0000000E+00  0.0000000E+00
  0.0000000E+00  0.0000000E+00
  0.0000000E+00  0.0000000E+00
  0.0000000E+00  0.0000000E+00
  0.0000000E+00  0.0000000E+00
  0.0000000E+00  0.0000000E+00
  0.0000000E+00  0.0000000E+00
  0.0000000E+00  0.0000000E+00
  0.0000000E+00  0.0000000E+00
  0.0000000E+00  0.0000000E+00
  0.0000000E+00  0.0000000E+00
  0.0000000E+00  0.0000000E+00
  0.0000000E+00  0.0000000E+00
  0.0000000E+00  0.0000000E+00
  0.0000000E+00  0.0000000E+00
  0.0000000E+00  0.0000000E+00
  0.0000000E+00  0.0000000E+00
  0.0000000E+00  0.0000000E+00
  0.0000000E+00  0.0000000E+00
  0.0000000E+00  0.0000000E+00
  0.0000000E+00  0.0000000E+00
  0.0000000E+00  0.0000000E+00
  0.0000000E+00  0.0000000E+00
  0.0000000E+00  0.0000000E+00
  0.0000000E+00  0.0000000E+00
  0.0000000E+00  0.0000000E+00
  0.0000000E+00  0.0000000E+00
  0.0000000E+00  0.0000000E+00
  0.0000000E+00  0.0000000E+00
  0.0000000E+00  0.0000000E+00
  0.0000000E+00  0.0000000E+00
  0.0000000E+00  0.0000000E+00
  0.0000000E+00  0.0000000E+00
  0.0000000E+00  0.0000000E+00
  0.0000000E+00  0.0000000E+00
  0.0000000E+00  0.0000000E+00
  0.0000000E+00  0.0000000E+00
  0.0000000E+00  0.0000000E+00
  0.0000000E+00  0.0000000E+00
  0.0000000E+00  0.0000000E+00
  0.0000000E+00  0.0000000E+00
  0.0000000E+00  0.0000000E+00
  0.0000000E+00  0.0000000E+00
  0.0000000E+00  0.0000000E+00
  0.0000000E+00  0.0000000E+00
  0.0000000E+00  0.0000000E+00
  0.0000000E+00  0.0000000E+00
  0.0000000E+00  0.0000000E+00
  0.0000000E+00  0.0000000E+00
  0.0000000E+00  0.0000000E+00
  0.0000000E+00  0.0000000E+00
  0.0000000E+00  0.0000000E+00
  0.0000000E+00  0.0000000E+00
  0.0000000E+00  0.0000000E+00
  0.0000000E+00  0.0000000E+00
  0.0000000E+00  0.0000000E+00
  0.0000000E+00  0.0000000E+00
  0.0000000E+00  0.0000000E+00
  0.0000000E+00  0.0000000E+00
  0.0000000E+00  0.0000000E+00
  0.0000000E+00  0.0000000E+00
  0.0000000E+00  0.0000000E+00
  0.0000000E+00  0.0000000E+00
  0.0000000E+00  0.0000000E+00
  0.0000000E+00  0.0000000E+00
  0.0000000E+00  0.0000000E+00
  0.0000000E+00  0.0000000E+00
  0.0000000E+00  0.0000000E+00
  0.0000000E+00  0.0000000E+00
  0.0000000E+00  0.0000000E+00
  0.0000000E+00  0.0000000E+00
  0.0000000E+00  0.0000000E+00
  0.0000000E+00  0.0000000E+00
  0.0000000E+00  0.0000000E+00
  0.0000000E+00  0.0000000E+00
  0.0000000E+00  0.0000000E+00
  0.0000000E+00  0.0000000E+00
  0.0000000E+00  0.0000000E+00
  0.0000000E+00  0.0000000E+00
  0.0000000E+00  0.0000000E+00
  0.0000000E+00  0.0000000E+00
  0.0000000E+00  0.0000000E+00
  0.0000000E+00  0.0000000E+00
  0.0000000E+00  0.0000000E+00
  0.0000000E+00  0.0000000E+00
  0.0000000E+00  0.0000000E+00
  0.0000000E+00  0.0000000E+00
  0.0000000E+00  0.0000000E+00
  0.0000000E+00  0.0000000E+00
  0.0000000E+00  0.0000000E+00
  0.0000000E+00  0.0000000E+00
  0.0000000E+00  0.0000000E+00
  0.0000000E+00  0.0000000E+00
  0.0000000E+00  0.0000000E+00
  0.0000000E+00  0.0000000E+00
  0.0000000E+00  0.0000000E+00
  0.0000000E+00  0.0000000E+00
  0.0000000E+00  0.0000000E+00
  0.0000000E+00  0.0000000E+00
  0.0000000E+00  0.0000000E+00
  0.0000000E+00  0.0000000E+00
  0.0000000E+00  0.0000000E+00
  0.0000000E+00  0.0000000E+00
  0.0000000E+00  0.0000000E+00
  0.0000000E+00  0.0000000E+00
  0.0000000E+00  0.0000000E+00
  0.0000000E+00  0.0000000E+00
  0.0000000E+00  0.0000000E+00
  0.0000000E+00  0.0000000E+00
  0.0000000E+00  0.0000000E+00
  0.0000000E+00  0.0000000E+00
  0.0000000E+00  0.0000000E+00
  0.0000000E+00  0.0000000E+00
  0.0000000E+00  0.0000000E+00
  0.0000000E+00  0.0000000E+00
  0.0000000E+00  0.0000000E+00
  0.0000000E+00  0.0000000E+00
  0.0000000E+00  0.0000000E+00
  0.0000000E+00  0.0000000E+00
  0.0000000E+00  0.0000000E+00
  0.0000000E+00  0.0000000E+00
  0.0000000E+00  0.0000000E+00
  0.0000000E+00  0.0000000E+00
  0.0000000E+00  0.0000000E+00
  0.0000000E+00  0.0000000E+00
  0.0000000E+00  0.0000000E+00
  0.0000000E+00  0.0000000E+00
  0.0000000E+00  0.0000000E+00
  0.0000000E+00  0.0000000E+00
  0.0000000E+00  0.0000000E+00
  0.0000000E+00  0.0000000E+00
  0.0000000E+00  0.0000000E+00
  0.0000000E+00  0.0000000E+00
  0.0000000E+00  0.0000000E+00
  0.0000000E+00  0.0000000E+00
  0.0000000E+00  0.0000000E+00
  0.0000000E+00  0.0000000E+00
  0.0000000E+00  0.0000000E+00
  0.0000000E+00  0.0000000E+00
  0.0000000E+00  0.0000000E+00
  0.0000000E+00  0.0000000E+00
  0.0000000E+00  0.0000000E+00
  0.0000000E+00  0.0000000E+00
  0.0000000E+00  0.0000000E+00
  0.0000000E+00  0.0000000E+00
  0.0000000E+00  0.0000000E+00
  0.0000000E+00  0.0000000E+00
  0.0000000E+00  0.0000000E+00
  0.0000000E+00  0.0000000E+00
  0.0000000E+00  0.0000000E+00
  0.0000000E+00  0.0000000E+00
  0.0000000E+00  0.0000000E+00
  0.0000000E+00  0.0000000E+00
  0.0000000E+00  0.0000000E+00
  0.0000000E+00  0.0000000E+00
  0.0000000E+00  0.0000000E+00
  0.0000000E+00  0.0000000E+00
  0.0000000E+00  0.0000000E+00
  0.0000000E+00  0.0000000E+00
  0.0000000E+00  0.0000000E+00
  0.0000000E+00  0.0000000E+00
  0.0000000E+00  0.0000000E+00
  0.0000000E+00  0.0000000E+00
  0.0000000E+00  0.0000000E+00
  0.0000000E+00  0.0000000E+00
  0.0000000E+00  0.0000000E+00
  0.0000000E+00  0.0000000E+00
  0.0000000E+00  0.0000000E+00
  0.0000000E+00  0.0000000E+00
  0.0000000E+00  0.0000000E+00
  0.0000000E+00  0.0000000E+00
  0.0000000E+00  0.0000000E+00
  0.0000000E+00  0.0000000E+00
  0.0000000E+00  0.0000000E+00
  0.0000000E+00  0.0000000E+00
  0.0000000E+00  0.0000000E+00
  0.0000000E+00  0.0000000E+00
  0.0000000E+00  0.0000000E+00
  0.0000000E+00  0.0000000E+00
  0.0000000E+00  0.0000000E+00
  0.0000000E+00  0.0000000E+00
  0.0000000E+00  0.0000000E+00
  0.0000000E+00  0.0000000E+00
  0.0000000E+00  0.0000000E+00
  0.0000000E+00  0.0000000E+00
  0.0000000E+00  0.0000000E+00
  0.0000000E+00  0.0000000E+00
  0.0000000E+00  0.0000000E+00
  0.0000000E+00  0.0000000E+00
  0.0000000E+00  0.0000000E+00
  0.0000000E+00  0.0000000E+00
  0.0000000E+00  0.0000000E+00
  0.0000000E+00  0.0000000E+00
  0.0000000E+00  0.0000000E+00
  0.0000000E+00  0.0000000E+00
  0.0000000E+00  0.0000000E+00
  0.0000000E+00  0.0000000E+00
  0.0000000E+00  0.0000000E+00
  0.0000000E+00  0.0000000E+00
  0.0000000E+00  0.0000000E+00
  0.0000000E+00  0.0000000E+00
  0.0000000E+00  0.0000000E+00
  0.0000000E+00  0.0000000E+00
  0.0000000E+00  0.0000000E+00
  0.0000000E+00  0.0000000E+00
  0.0000000E+00  0.0000000E+00
  0.0000000E+00  0.0000000E+00
  0.0000000E+00  0.0000000E+00
  0.0000000E+00  0.0000000E+00
  0.0000000E+00  0.0000000E+00
  0.0000000E+00  0.0000000E+00
  0.0000000E+00  0.0000000E+00
  0.0000000E+00  0.0000000E+00
  0.0000000E+00  0.0000000E+00
  0.0000000E+00  0.0000000E+00
  0.0000000E+00  0.0000000E+00
  0.0000000E+00  0.0000000E+00
  0.0000000E+00  0.0000000E+00
  0.0000000E+00  0.0000000E+00
  0.0000000E+00  0.0000000E+00
  0.0000000E+00  0.0000000E+00
  0.0000000E+00  0.0000000E+00
  0.0000000E+00  0.0000000E+00
  0.0000000E+00  0.0000000E+00
  0.0000000E+00  0.0000000E+00
  0.0000000E+00  0.0000000E+00
  0.0000000E+00  0.0000000E+00
  0.0000000E+00  0.0000000E+00
  0.0000000E+00  0.0000000E+00
  0.0000000E+00  0.0000000E+00
  0.0000000E+00  0.0000000E+00
  0.0000000E+00  0.0000000E+00
  0.0000000E+00  0.0000000E+00
  0.0000000E+00  0.0000000E+00
  0.0000000E+00  0.0000000E+00
  0.0000000E+00  0.0000000E+00
  0.0000000E+00  0.0000000E+00
  0.0000000E+00  0.0000000E+00
  0.0000000E+00  0.0000000E+00
  0.0000000E+00  0.0000000E+00
  0.0000000E+00  0.0000000E+00
  0.0000000E+00  0.0000000E+00
  0.0000000E+00  0.0000000E+00
  0.0000000E+00  0.0000000E+00
  0.0000000E+00  0.0000000E+00
  0.0000000E+00  0.0000000E+00
  0.0000000E+00  0.0000000E+00
  0.0000000E+00  0.0000000E+00
  0.0000000E+00  0.0000000E+00
  0.0000000E+00  0.0000000E+00
  0.0000000E+00  0.0000000E+00
  0.0000000E+00  0.0000000E+00
  0.0000000E+00  0.0000000E+00
  0.0000000E+00  0.0000000E+00
  0.0000000E+00  0.0000000E+00
  0.0000000E+00  0.0000000E+00
  0.0000000E+00  0.0000000E+00
  0.0000000E+00  0.0000000E+00
  0.0000000E+00  0.0000000E+00
  0.0000000E+00  0.0000000E+00
  0.0000000E+00  0.0000000E+00
  0.0000000E+00  0.0000000E+00
  0.0000000E+00  0.0000000E+00
  0.0000000E+00  0.0000000E+00
  0.0000000E+00  0.0000000E+00
  0.0000000E+00  0.0000000E+00
  0.0000000E+00  0.0000000E+00
  0.0000000E+00  0.0000000E+00
  0.0000000E+00  0.0000000E+00
  0.0000000E+00  0.0000000E+00
  0.0000000E+00  0.0000000E+00
  0.0000000E+00  0.0000000E+00
  0.0000000E+00  0.0000000E+00
  0.0000000E+00  0.0000000E+00
  0.0000000E+00  0.0000000E+00
  0.0000000E+00  0.0000000E+00
  0.0000000E+00  0.0000000E+00
  0.0000000E+00  0.0000000E+00
  0.0000000E+00  0.0000000E+00
  0.0000000E+00  0.0000000E+00
  0.0000000E+00  0.0000000E+00
  0.0000000E+00  0.0000000E+00
  0.0000000E+00  0.0000000E+00
  0.0000000E+00  0.0000000E+00
  0.0000000E+00  0.0000000E+00
  0.0000000E+00  0.0000000E+00
  0.0000000E+00  0.0000000E+00
  0.0000000E+00  0.0000000E+00
  0.0000000E+00  0.0000000E+00
  0.0000000E+00  0.0000000E+00
  0.0000000E+00  0.0000000E+00
  0.0000000E+00  0.0000000E+00
  0.0000000E+00  0.0000000E+00
  0.0000000E+00  0.0000000E+00
  0.0000000E+00  0.0000000E+00
  0.0000000E+00  0.0000000E+00
  0.0000000E+00  0.0000000E+00
  0.0000000E+00  0.0000000E+00
  0.0000000E+00  0.0000000E+00
  0.0000000E+00  0.0000000E+00
  0.0000000E+00  0.0000000E+00
  0.0000000E+00  0.0000000E+00
  0.0000000E+00  0.0000000E+00
  0.0000000E+00  0.0000000E+00
  0.0000000E+00  0.0000000E+00
  0.0000000E+00  0.0000000E+00
  0.0000000E+00  0.0000000E+00
  0.0000000E+00  0.0000000E+00
  0.0000000E+00  0.0000000E+00
  0.0000000E+00  0.0000000E+00
  0.0000000E+00  0.0000000E+00
  0.0000000E+00  0.0000000E+00
  0.0000000E+00  0.0000000E+00
  0.0000000E+00  0.0000000E+00
  0.0000000E+00  0.0000000E+00
  0.0000000E+00  0.0000000E+00
  0.0000000E+00  0.0000000E+00
  0.0000000E+00  0.0000000E+00
  0.0000000E+00  0.0000000E+00
  0.0000000E+00  0.0000000E+00
  0.0000000E+00  0.0000000E+00
  0.0000000E+00  0.0000000E+00
  0.0000000E+00  0.0000000E+00
  0.0000000E+00  0.0000000E+00
  0.0000000E+00  0.0000000E+00
  0.0000000E+00  0.0000000E+00
  0.0000000E+00  0.0000000E+00
  0.0000000E+00  0.0000000E+00
  0.0000000E+00  0.0000000E+00
  0.0000000E+00  0.0000000E+00
  0.0000000E+00  0.0000000E+00
  0.0000000E+00  0.0000000E+00
  0.0000000E+00  0.0000000E+00
  0.0000000E+00  0.0000000E+00
  0.0000000E+00  0.0000000E+00
  0.0000000E+00  0.0000000E+00
  0.0000000E+00  0.0000000E+00
  0.0000000E+00  0.0000000E+00
  0.0000000E+00  0.0000000E+00
  0.0000000E+00  0.0000000E+00
  0.0000000E+00  0.0000000E+00
  0.0000000E+00  0.0000000E+00
  0.0000000E+00  0.0000000E+00
  0.0000000E+00  0.0000000E+00
  0.0000000E+00  0.0000000E+00
  0.0000000E+00  0.0000000E+00
  0.0000000E+00  0.0000000E+00
  0.0000000E+00  0.0000000E+00
  0.0000000E+00  0.0000000E+00
  0.0000000E+00  0.0000000E+00
  0.0000000E+00  0.0000000E+00
  0.0000000E+00  0.0000000E+00
  0.0000000E+00  0.0000000E+00
  0.0000000E+00  0.0000000E+00
  0.0000000E+00  0.0000000E+00
  0.0000000E+00  0.0000000E+00
  0.0000000E+00  0.0000000E+00
  0.0000000E+00  0.0000000E+00
  0.0000000E+00  0.0000000E+00
  0.0000000E+00  0.0000000E+00
  0.0000000E+00  0.0000000E+00
  0.0000000E+00  0.0000000E+00
  0.0000000E+00  0.0000000E+00
  0.0000000E+00  0.0000000E+00
  0.0000000E+00  0.0000000E+00
  0.0000000E+00  0.0000000E+00
  0.0000000E+00  0.0000000E+00
  0.0000000E+00  0.0000000E+00
  0.0000000E+00  0.0000000E+00
  0.0000000E+00  0.0000000E+00
  0.0000000E+00  0.0000000E+00
  0.0000000E+00  0.0000000E+00
  0.0000000E+00  0.0000000E+00
  0.0000000E+00  0.0000000E+00
  0.0000000E+00  0.0000000E+00
  0.0000000E+00  0.0000000E+00
  0.0000000E+00  0.0000000E+00
  0.0000000E+00  0.0000000E+00
  0.0000000E+00  0.0000000E+00
  0.0000000E+00  0.0000000E+00
  0.0000000E+00  0.0000000E+00
  0.0000000E+00  0.0000000E+00
  0.0000000E+00  0.0000000E+00
  0.0000000E+00  0.0000000E+00
  0.0000000E+00  0.0000000E+00
  0.0000000E+00  0.0000000E+00
  0.0000000E+00  0.0000000E+00
  0.0000000E+00  0.0000000E+00
  0.0000000E+00  0.0000000E+00
  0.0000000E+00  0.0000000E+00
  0.0000000E+00  0.0000000E+00
  0.0000000E+00  0.0000000E+00
  0.0000000E+00  0.0000000E+00
  0.0000000E+00  0.0000000E+00
  0.0000000E+00  0.0000000E+00
  0.0000000E+00  0.0000000E+00
  0.0000000E+00  0.0000000E+00
  0.0000000E+00  0.0000000E+00
  0.0000000E+00  0.0000000E+00
  0.0000000E+00  0.0000000E+00
  0.0000000E+00  0.0000000E+00
  0.0000000E+00  0.0000000E+00
  0.0000000E+00  0.0000000E+00
  0.0000000E+00  0.0000000E+00
  0.0000000E+00  0.0000000E+00
  0.0000000E+00  0.0000000E+00
  0.0000000E+00  0.0000000E+00
  0.0000000E+00  0.0000000E+00
  0.0000000E+00  0.0000000E+00
  0.0000000E+00  0.0000000E+00
  0.0000000E+00  0.0000000E+00
  0.0000000E+00  0.0000000E+00
  0.0000000E+00  0.0000000E+00
  0.0000000E+00  0.0000000E+00
  0.0000000E+00  0.0000000E+00
  0.0000000E+00  0.0000000E+00
  0.0000000E+00  0.0000000E+00
  0.0000000E+00  0.0000000E+00
  0.0000000E+00  0.0000000E+00
  0.0000000E+00  0.0000000E+00
  0.0000000E+00  0.0000000E+00
  0.0000000E+00  0.0000000E+00
  0.0000000E+00  0.0000000E+00
  0.0000000E+00  0.0000000E+00
  0.0000000E+00  0.0000000E+00
  0.0000000E+00  0.0000000E+00
  0.0000000E+00  0.0000000E+00
  0.0000000E+00  0.0000000E+00
  0.0000000E+00  0.0000000E+00
  0.0000000E+00  0.0000000E+00
  0.0000000E+00  0.0000000E+00
  0.0000000E+00  0.0000000E+00
  0.0000000E+00  0.0000000E+00
  0.0000000E+00  0.0000000E+00
  0.0000000E+00  0.0000000E+00
  0.0000000E+00  0.0000000E+00
  0.0000000E+00  0.0000000E+00
  0.0000000E+00  0.0000000E+00
  0.0000000E+00  0.0000000E+00
  0.0000000E+00  0.0000000E+00
  0.0000000E+00  0.0000000E+00
  0.0000000E+00  0.0000000E+00
  0.0000000E+00  0.0000000E+00
  0.0000000E+00  0.0000000E+00
  0.0000000E+00  0.0000000E+00
  0.0000000E+00  0.0000000E+00
  0.0000000E+00  0.0000000E+00
  0.0000000E+00  0.0000000E+00
  0.0000000E+00  0.0000000E+00
  0.0000000E+00  0.0000000E+00
  0.0000000E+00  0.0000000E+00
  0.0000000E+00  0.0000000E+00
  0.0000000E+00  0.0000000E+00
  0.0000000E+00  0.0000000E+00
  0.0000000E+00  0.0000000E+00
  0.0000000E+00  0.0000000E+00
  0.0000000E+00  0.0000000E+00
  0.0000000E+00  0.0000000E+00
  0.0000000E+00  0.0000000E+00
  0.0000000E+00  0.0000000E+00
  0.0000000E+00  0.0000000E+00
  0.0000000E+00  0.0000000E+00
  0.0000000E+00  0.0000000E+00
  0.0000000E+00  0.0000000E+00
  0.0000000E+00  0.0000000E+00
  0.0000000E+00  0.0000000E+00
  0.0000000E+00  0.0000000E+00
  0.0000000E+00  0.0000000E+00
  0.0000000E+00  0.0000000E+00
  0.0000000E+00  0.0000000E+00
  0.0000000E+00  0.0000000E+00
  0.0000000E+00  0.0000000E+00
  0.0000000E+00  0.0000000E+00
  0.0000000E+00  0.0000000E+00
  0.0000000E+00  0.0000000E+00
  0.0000000E+00  0.0000000E+00
  0.0000000E+00  0.0000000E+00
  0.0000000E+00  0.0000000E+00
  0.0000000E+00  0.0000000E+00
  0.0000000E+00  0.0000000E+00
  0.0000000E+00  0.0000000E+00
  0.0000000E+00  0.0000000E+00
  0.0000000E+00  0.0000000E+00
  0.0000000E+00  0.0000000E+00
  0.0000000E+00  0.0000000E+00
  0.0000000E+00  0.0000000E+00
  0.0000000E+00  0.0000000E+00
  0.0000000E+00  0.0000000E+00
  0.0000000E+00  0.0000000E+00
  0.0000000E+00  0.0000000E+00
  0.0000000E+00  0.0000000E+00
  0.0000000E+00  0.0000000E+00
  0.0000000E+00  0.0000000E+00
  0.0000000E+00  0.0000000E+00
  0.0000000E+00  0.0000000E+00
  0.0000000E+00  0.0000000E+00
  0.0000000E+00  0.0000000E+00
  0.0000000E+00  0.0000000E+00
  0.0000000E+00  0.0000000E+00
  0.0000000E+00  0.0000000E+00
  0.0000000E+00  0.0000000E+00
  0.0000000E+00  0.0000000E+00
  0.0000000E+00  0.0000000E+00
  0.0000000E+00  0.0000000E+00
  0.0000000E+00  0.0000000E+00
  0.0000000E+00  0.0000000E+00
  0.0000000E+00  0.0000000E+00
  0.0000000E+00  0.0000000E+00
  0.0000000E+00  0.0000000E+00
  0.0000000E+00  0.0000000E+00
  0.0000000E+00  0.0000000E+00
  0.0000000E+00  0.0000000E+00
  0.0000000E+00  0.0000000E+00
  0.0000000E+00  0.0000000E+00
  0.0000000E+00  0.0000000E+00
  0.0000000E+00  0.0000000E+00
  0.0000000E+00  0.0000000E+00
  0.0000000E+00  0.0000000E+00
  0.0000000E+00  0.0000000E+00
  0.0000000E+00  0.0000000E+00
  0.0000000E+00  0.0000000E+00
  0.0000000E+00  0.0000000E+00
  0.0000000E+00  0.0000000E+00
  0.0000000E+00  0.0000000E+00
  0.0000000E+00  0.0000000E+00
  0.0000000E+00  0.0000000E+00
  0.0000000E+00  0.0000000E+00
  0.0000000E+00  0.0000000E+00
  0.0000000E+00  0.0000000E+00
  0.0000000E+00  0.0000000E+00
  0.0000000E+00  0.0000000E+00
  0.0000000E+00  0.0000000E+00
  0.0000000E+00  0.0000000E+00
  0.0000000E+00  0.0000000E+00
  0.0000000E+00  0.0000000E+00
  0.0000000E+00  0.0000000E+00
  0.0000000E+00  0.0000000E+00
  0.0000000E+00  0.0000000E+00
  0.0000000E+00  0.0000000E+00
  0.0000000E+00  0.0000000E+00
  0.0000000E+00  0.0000000E+00
  0.0000000E+00  0.0000000E+00
  0.0000000E+00  0.0000000E+00
  0.0000000E+00  0.0000000E+00
  0.0000000E+00  0.0000000E+00
  0.0000000E+00  0.0000000E+00
  0.0000000E+00  0.0000000E+00
  0.0000000E+00  0.0000000E+00
  0.0000000E+00  0.0000000E+00
  0.0000000E+00  0.0000000E+00
  0.0000000E+00  0.0000000E+00
  0.0000000E+00  0.0000000E+00
  0.0000000E+00  0.0000000E+00
  0.0000000E+00  0.0000000E+00
  0.0000000E+00  0.0000000E+00
  0.0000000E+00  0.0000000E+00
  0.0000000E+00  0.0000000E+00
  0.0000000E+00  0.0000000E+00
  0.0000000E+00  0.0000000E+00
  0.0000000E+00  0.0000000E+00
  0.0000000E+00  0.0000000E+00
  0.0000000E+00  0.0000000E+00
  0.0000000E+00  0.0000000E+00
  0.0000000E+00  0.0000000E+00
  0.0000000E+00  0.0000000E+00
  0.0000000E+00  0.0000000E+00
  0.0000000E+00  0.0000000E+00
  0.0000000E+00  0.0000000E+00
  0.0000000E+00  0.0000000E+00
  0.0000000E+00  0.0000000E+00
  0.0000000E+00  0.0000000E+00
  0.0000000E+00  0.0000000E+00
  0.0000000E+00  0.0000000E+00
  0.0000000E+00  0.0000000E+00
  0.0000000E+00  0.0000000E+00
  0.0000000E+00  0.0000000E+00
  0.0000000E+00  0.0000000E+00
  0.0000000E+00  0.0000000E+00
  0.0000000E+00  0.0000000E+00
  0.0000000E+00  0.0000000E+00
  0.0000000E+00  0.0000000E+00
  0.0000000E+00  0.0000000E+00
  0.0000000E+00  0.0000000E+00
  0.0000000E+00  0.0000000E+00
  0.0000000E+00  0.0000000E+00
  0.0000000E+00  0.0000000E+00
  0.0000000E+00  0.0000000E+00
  0.0000000E+00  0.0000000E+00
  0.0000000E+00  0.0000000E+00
  0.0000000E+00  0.0000000E+00
  0.0000000E+00  0.0000000E+00
  0.0000000E+00  0.0000000E+00
  0.0000000E+00  0.0000000E+00
  0.0000000E+00  0.0000000E+00
  0.0000000E+00  0.0000000E+00
  0.0000000E+00  0.0000000E+00
  0.0000000E+00  0.0000000E+00
  0.0000000E+00  0.0000000E+00
  0.0000000E+00  0.0000000E+00
  0.0000000E+00  0.0000000E+00
  0.0000000E+00  0.0000000E+00
  0.0000000E+00  0.0000000E+00
  0.0000000E+00  0.0000000E+00
  0.0000000E+00  0.0000000E+00
  0.0000000E+00  0.0000000E+00
  0.0000000E+00  0.0000000E+00
  0.0000000E+00  0.0000000E+00
  0.0000000E+00  0.0000000E+00
  0.0000000E+00  0.0000000E+00
  0.0000000E+00  0.0000000E+00
  0.0000000E+00  0.0000000E+00
  0.0000000E+00  0.0000000E+00
  0.0000000E+00  0.0000000E+00
  0.0000000E+00  0.0000000E+00
  0.0000000E+00  0.0000000E+00
  0.0000000E+00  0.0000000E+00
  0.0000000E+00  0.0000000E+00
  0.0000000E+00  0.0000000E+00
  0.0000000E+00  0.0000000E+00
  0.0000000E+00  0.0000000E+00
  0.0000000E+00  0.0000000E+00
  0.0000000E+00  0.0000000E+00
  0.0000000E+00  0.0000000E+00
  0.0000000E+00  0.0000000E+00
  0.0000000E+00  0.0000000E+00
  0.0000000E+00  0.0000000E+00
  0.0000000E+00  0.0000000E+00
  0.0000000E+00  0.0000000E+00
  0.0000000E+00  0.0000000E+00
  0.0000000E+00  0.0000000E+00
  0.0000000E+00  0.0000000E+00
  0.0000000E+00  0.0000000E+00
  0.0000000E+00  0.0000000E+00
  0.0000000E+00  0.0000000E+00
  0.0000000E+00  0.0000000E+00
  0.0000000E+00  0.0000000E+00
  0.0000000E+00  0.0000000E+00
  0.0000000E+00  0.0000000E+00
  0.0000000E+00  0.0000000E+00
  0.0000000E+00  0.0000000E+00
  0.0000000E+00  0.0000000E+00
  0.0000000E+00  0.0000000E+00
  0.0000000E+00  0.0000000E+00
  0.0000000E+00  0.0000000E+00
  0.0000000E+00  0.0000000E+00
  0.0000000E+00  0.0000000E+00
  0.0000000E+00  0.0000000E+00
  0.0000000E+00  0.0000000E+00
  0.0000000E+00  0.0000000E+00
  0.0000000E+00  0.0000000E+00
  0.0000000E+00  0.0000000E+00
  0.0000000E+00  0.0000000E+00
  0.0000000E+00  0.0000000E+00
  0.0000000E+00  0.0000000E+00
  0.0000000E+00  0.0000000E+00
  0.0000000E+00  0.0000000E+00
  0.0000000E+00  0.0000000E+00
  0.0000000E+00  0.0000000E+00
  0.0000000E+00  0.0000000E+00
  0.0000000E+00  0.0000000E+00
  0.0000000E+00  0.0000000E+00
  0.0000000E+00  0.0000000E+00
  0.0000000E+00  0.0000000E+00
  0.0000000E+00  0.0000000E+00
  0.0000000E+00  0.0000000E+00
  0.0000000E+00  0.0000000E+00
  0.0000000E+00  0.0000000E+00
  0.0000000E+00  0.0000000E+00
  0.0000000E+00  0.0000000E+00
  0.0000000E+00  0.0000000E+00
  0.0000000E+00  0.0000000E+00
  0.0000000E+00  0.0000000E+00
  0.0000000E+00  0.0000000E+00
  0.0000000E+00  0.0000000E+00
  0.0000000E+00  0.0000000E+00
  0.0000000E+00  0.0000000E+00
  0.0000000E+00  0.0000000E+00
  0.0000000E+00  0.0000000E+00
  0.0000000E+00  0.0000000E+00
  0.0000000E+00  0.0000000E+00
  0.0000000E+00  0.0000000E+00
  0.0000000E+00  0.0000000E+00
  0.0000000E+00  0.0000000E+00
  0.0000000E+00  0.0000000E+00
  0.0000000E+00  0.0000000E+00
  0.0000000E+00  0.0000000E+00
  0.0000000E+00  0.0000000E+00
  0.0000000E+00  0.0000000E+00
  0.0000000E+00  0.0000000E+00
  0.0000000E+00  0.0000000E+00
  0.0000000E+00  0.0000000E+00
  0.0000000E+00  0.0000000E+00
  0.0000000E+00  0.0000000E+00
  0.0000000E+00  0.0000000E+00
  0.0000000E+00  0.0000000E+00
  0.0000000E+00  0.0000000E+00
  0.0000000E+00  0.0000000E+00
  0.0000000E+00  0.0000000E+00
  0.0000000E+00  0.0000000E+00
  0.0000000E+00  0.0000000E+00
  0.0000000E+00  0.0000000E+00
  0.0000000E+00  0.0000000E+00
  0.0000000E+00  0.0000000E+00
  0.0000000E+00  0.0000000E+00
  0.0000000E+00  0.0000000E+00
  0.0000000E+00  0.0000000E+00
  0.0000000E+00  0.0000000E+00
  0.0000000E+00  0.0000000E+00
  0.0000000E+00  0.0000000E+00
  0.0000000E+00  0.0000000E+00
  0.0000000E+00  0.0000000E+00
  0.0000000E+00  0.0000000E+00
  0.0000000E+00  0.0000000E+00
  0.0000000E+00  0.0000000E+00
  0.0000000E+00  0.0000000E+00
  0.0000000E+00  0.0000000E+00
  0.0000000E+00  0.0000000E+00
  0.0000000E+00  0.0000000E+00
  0.0000000E+00  0.0000000E+00
  0.0000000E+00  0.0000000E+00
  0.0000000E+00  0.0000000E+00
  0.0000000E+00  0.0000000E+00
  0.0000000E+00  0.0000000E+00
  0.0000000E+00  0.0000000E+00
  0.0000000E+00  0.0000000E+00
  0.0000000E+00  0.0000000E+00
  0.0000000E+00  0.0000000E+00
  0.0000000E+00  0.0000000E+00
  0.0000000E+00  0.0000000E+00
  0.0000000E+00  0.0000000E+00
  0.0000000E+00  0.0000000E+00
  0.0000000E+00  0.0000000E+00
  0.0000000E+00  0.0000000E+00
  0.0000000E+00  0.0000000E+00
  0.0000000E+00  0.0000000E+00
  0.0000000E+00  0.0000000E+00
  0.0000000E+00  0.0000000E+00
  0.0000000E+00  0.0000000E+00
  0.0000000E+00  0.0000000E+00
  0.0000000E+00  0.0000000E+00
  0.0000000E+00  0.0000000E+00
  0.0000000E+00  0.0000000E+00
  0.0000000E+00  0.0000000E+00
  0.0000000E+00  0.0000000E+00
  0.0000000E+00  0.0000000E+00
  0.0000000E+00  0.0000000E+00
  0.0000000E+00  0.0000000E+00
  0.0000000E+00  0.0000000E+00
  0.0000000E+00  0.0000000E+00
  0.0000000E+00  0.0000000E+00
  0.0000000E+00  0.0000000E+00
  0.0000000E+00  0.0000000E+00
  0.0000000E+00  0.0000000E+00
  0.0000000E+00  0.0000000E+00
  0.0000000E+00  0.0000000E+00
  0.0000000E+00  0.0000000E+00
  0.0000000E+00  0.0000000E+00
  0.0000000E+00  0.0000000E+00
  0.0000000E+00  0.0000000E+00
  0.0000000E+00  0.0000000E+00
  0.0000000E+00  0.0000000E+00
  0.0000000E+00  0.0000000E+00
  0.0000000E+00  0.0000000E+00
  0.0000000E+00  0.0000000E+00
  0.0000000E+00  0.0000000E+00
  0.0000000E+00  0.0000000E+00
  0.0000000E+00  0.0000000E+00
  0.0000000E+00  0.0000000E+00
  0.0000000E+00  0.0000000E+00
  0.0000000E+00  0.0000000E+00
  0.0000000E+00  0.0000000E+00
  0.0000000E+00  0.0000000E+00
  0.0000000E+00  0.0000000E+00
  0.0000000E+00  0.0000000E+00
  0.0000000E+00  0.0000000E+00
  0.0000000E+00  0.0000000E+00
  0.0000000E+00  0.0000000E+00
  0.0000000E+00  0.0000000E+00
  0.0000000E+00  0.0000000E+00
  0.0000000E+00  0.0000000E+00
  0.0000000E+00  0.0000000E+00
  0.0000000E+00  0.0000000E+00
  0.0000000E+00  0.0000000E+00
  0.0000000E+00  0.0000000E+00
  0.0000000E+00  0.0000000E+00
  0.0000000E+00  0.0000000E+00
  0.0000000E+00  0.0000000E+00
  0.0000000E+00  0.0000000E+00
  0.0000000E+00  0.0000000E+00
  0.0000000E+00  0.0000000E+00
  0.0000000E+00  0.0000000E+00
  0.0000000E+00  0.0000000E+00
  0.0000000E+00  0.0000000E+00
  0.0000000E+00  0.0000000E+00
  0.0000000E+00  0.0000000E+00
  0.0000000E+00  0.0000000E+00
  0.0000000E+00  0.0000000E+00
  0.0000000E+00  0.0000000E+00
  0.0000000E+00  0.0000000E+00
  0.0000000E+00  0.0000000E+00
  0.0000000E+00  0.0000000E+00
  0.0000000E+00  0.0000000E+00
  0.0000000E+00  0.0000000E+00
  0.0000000E+00  0.0000000E+00
  0.0000000E+00  0.0000000E+00
  0.0000000E+00  0.0000000E+00
  0.0000000E+00  0.0000000E+00
  0.0000000E+00  0.0000000E+00
  0.0000000E+00  0.0000000E+00
  0.0000000E+00  0.0000000E+00
  0.0000000E+00  0.0000000E+00
  0.0000000E+00  0.0000000E+00
  0.0000000E+00  0.0000000E+00
  0.0000000E+00  0.0000000E+00
  0.0000000E+00  0.0000000E+00
  0.0000000E+00  0.0000000E+00
  0.0000000E+00  0.0000000E+00
  0.0000000E+00  0.0000000E+00
  0.0000000E+00  0.0000000E+00
  0.0000000E+00  0.0000000E+00
  0.0000000E+00  0.0000000E+00
  0.0000000E+00  0.0000000E+00
  0.0000000E+00  0.0000000E+00
  0.0000000E+00  0.0000000E+00
  0.0000000E+00  0.0000000E+00
  0.0000000E+00  0.0000000E+00
  0.0000000E+00  0.0000000E+00
  0.0000000E+00  0.0000000E+00
  0.0000000E+00  0.0000000E+00
  0.0000000E+00  0.0000000E+00
  0.0000000E+00  0.0000000E+00
  0.0000000E+00  0.0000000E+00
  0.0000000E+00  0.0000000E+00
  0.0000000E+00  0.0000000E+00
  0.0000000E+00  0.0000000E+00
  0.0000000E+00  0.0000000E+00
  0.0000000E+00  0.0000000E+00
  0.0000000E+00  0.0000000E+00
  0.0000000E+00  0.0000000E+00
  0.0000000E+00  0.0000000E+00
  0.0000000E+00  0.0000000E+00
  0.0000000E+00  0.0000000E+00
  0.0000000E+00  0.0000000E+00
  0.0000000E+00  0.0000000E+00
  0.0000000E+00  0.0000000E+00
  0.0000000E+00  0.0000000E+00
  0.0000000E+00  0.0000000E+00
  0.0000000E+00  0.0000000E+00
  0.0000000E+00  0.0000000E+00
  0.0000000E+00  0.0000000E+00
  0.0000000E+00  0.0000000E+00
  0.0000000E+00  0.0000000E+00
  0.0000000E+00  0.0000000E+00
  0.0000000E+00  0.0000000E+00
  0.0000000E+00  0.0000000E+00
  0.0000000E+00  0.0000000E+00
  0.0000000E+00  0.0000000E+00
  0.0000000E+00  0.0000000E+00
  0.0000000E+00  0.0000000E+00
  0.0000000E+00  0.0000000E+00
  0.0000000E+00  0.0000000E+00
  0.0000000E+00  0.0000000E+00
  0.0000000E+00  0.0000000E+00
  0.0000000E+00  0.0000000E+00
  0.0000000E+00  0.0000000E+00
  0.0000000E+00  0.0000000E+00
  0.0000000E+00  0.0000000E+00
  0.0000000E+00  0.0000000E+00
  0.0000000E+00  0.0000000E+00
  0.0000000E+00  0.0000000E+00
  0.0000000E+00  0.0000000E+00
  0.0000000E+00  0.0000000E+00
  0.0000000E+00  0.0000000E+00
  0.0000000E+00  0.0000000E+00
  0.0000000E+00  0.0000000E+00
  0.0000000E+00  0.0000000E+00
  0.0000000E+00  0.0000000E+00
  0.0000000E+00  0.0000000E+00
  0.0000000E+00  0.0000000E+00
  0.0000000E+00  0.0000000E+00
  0.0000000E+00  0.0000000E+00
  0.0000000E+00  0.0000000E+00
  0.0000000E+00  0.0000000E+00
  0.0000000E+00  0.0000000E+00
  0.0000000E+00  0.0000000E+00
  0.0000000E+00  0.0000000E+00
  0.0000000E+00  0.0000000E+00
  0.0000000E+00  0.0000000E+00
  0.0000000E+00  0.0000000E+00
  0.0000000E+00  0.0000000E+00
  0.0000000E+00  0.0000000E+00
  0.0000000E+00  0.0000000E+00
  0.0000000E+00  0.0000000E+00
  0.0000000E+00  0.0000000E+00
  0.0000000E+00  0.0000000E+00
  0.0000000E+00  0.0000000E+00
  0.0000000E+00  0.0000000E+00
  0.0000000E+00  0.0000000E+00
  0.0000000E+00  0.0000000E+00
  0.0000000E+00  0.0000000E+00
  0.0000000E+00  0.0000000E+00
  0.0000000E+00  0.0000000E+00
  0.0000000E+00  0.0000000E+00
  0.0000000E+00  0.0000000E+00
  0.0000000E+00  0.0000000E+00
  0.0000000E+00  0.0000000E+00
  0.0000000E+00  0.0000000E+00
  0.0000000E+00  0.0000000E+00
  0.0000000E+00  0.0000000E+00
  0.0000000E+00  0.0000000E+00
  0.0000000E+00  0.0000000E+00
  0.0000000E+00  0.0000000E+00
  0.0000000E+00  0.0000000E+00
  0.0000000E+00  0.0000000E+00
  0.0000000E+00  0.0000000E+00
  0.0000000E+00  0.0000000E+00
  0.0000000E+00  0.0000000E+00
  0.0000000E+00  0.0000000E+00
  0.0000000E+00  0.0000000E+00
  0.0000000E+00  0.0000000E+00
  0.0000000E+00  0.0000000E+00
  0.0000000E+00  0.0000000E+00
  0.0000000E+00  0.0000000E+00
  0.0000000E+00  0.0000000E+00
  0.0000000E+00  0.0000000E+00
  0.0000000E+00  0.0000000E+00
  0.0000000E+00  0.0000000E+00
  0.0000000E+00  0.0000000E+00
  0.0000000E+00  0.0000000E+00
  0.0000000E+00  0.0000000E+00
  0.0000000E+00  0.0000000E+00
  0.0000000E+00  0.0000000E+00
  0.0000000E+00  0.0000000E+00
  0.0000000E+00  0.0000000E+00
  0.0000000E+00  0.0000000E+00
  0.0000000E+00  0.0000000E+00
  0.0000000E+00  0.0000000E+00
  0.0000000E+00  0.0000000E+00
  0.0000000E+00  0.0000000E+00
  0.0000000E+00  0.0000000E+00
  0.0000000E+00  0.0000000E+00
  0.0000000E+00  0.0000000E+00
  0.0000000E+00  0.0000000E+00
  0.0000000E+00  0.0000000E+00
  0.0000000E+00  0.0000000E+00
  0.0000000E+00  0.0000000E+00
  0.0000000E+00  0.0000000E+00
  0.0000000E+00  0.0000000E+00
  0.0000000E+00  0.0000000E+00
  0.0000000E+00  0.0000000E+00
  0.0000000E+00  0.0000000E+00
  0.0000000E+00  0.0000000E+00
  0.0000000E+00  0.0000000E+00
  0.0000000E+00  0.0000000E+00
  0.0000000E+00  0.0000000E+00
  0.0000000E+00  0.0000000E+00
  0.0000000E+00  0.0000000E+00
  0.0000000E+00  0.0000000E+00
  0.0000000E+00  0.0000000E+00
  0.0000000E+00  0.0000000E+00
  0.0000000E+00  0.0000000E+00
  0.0000000E+00  0.0000000E+00
  0.0000000E+00  0.0000000E+00
  0.0000000E+00  0.0000000E+00
  0.0000000E+00  0.0000000E+00
  0.0000000E+00  0.0000000E+00
  0.0000000E+00  0.0000000E+00
  0.0000000E+00  0.0000000E+00
  0.0000000E+00  0.0000000E+00
  0.0000000E+00  0.0000000E+00
  0.0000000E+00  0.0000000E+00
  0.0000000E+00  0.0000000E+00
  0.0000000E+00  0.0000000E+00
  0.0000000E+00  0.0000000E+00
  0.0000000E+00  0.0000000E+00
  0.0000000E+00  0.0000000E+00
  0.0000000E+00  0.0000000E+00
  0.0000000E+00  0.0000000E+00
  0.0000000E+00  0.0000000E+00
  0.0000000E+00  0.0000000E+00
  0.0000000E+00  0.0000000E+00
  0.0000000E+00  0.0000000E+00
  0.0000000E+00  0.0000000E+00
  0.0000000E+00  0.0000000E+00
  0.0000000E+00  0.0000000E+00
  0.0000000E+00  0.0000000E+00
  0.0000000E+00  0.0000000E+00
  0.0000000E+00  0.0000000E+00
  0.0000000E+00  0.0000000E+00
  0.0000000E+00  0.0000000E+00
  0.0000000E+00  0.0000000E+00
  0.0000000E+00  0.0000000E+00
  0.0000000E+00  0.0000000E+00
  0.0000000E+00  0.0000000E+00
  0.0000000E+00  0.0000000E+00
  0.0000000E+00  0.0000000E+00
  0.0000000E+00  0.0000000E+00
  0.0000000E+00  0.0000000E+00
  0.0000000E+00  0.0000000E+00
  0.0000000E+00  0.0000000E+00
  0.0000000E+00  0.0000000E+00
  0.0000000E+00  0.0000000E+00
  0.0000000E+00  0.0000000E+00
  0.0000000E+00  0.0000000E+00
  0.0000000E+00  0.0000000E+00
  0.0000000E+00  0.0000000E+00
  0.0000000E+00  0.0000000E+00
  0.0000000E+00  0.0000000E+00
  0.0000000E+00  0.0000000E+00
  0.0000000E+00  0.0000000E+00
  0.0000000E+00  0.0000000E+00
  0.0000000E+00  0.0000000E+00
  0.0000000E+00  0.0000000E+00
  0.0000000E+00  0.0000000E+00
  0.0000000E+00  0.0000000E+00
  0.0000000E+00  0.0000000E+00
  0.0000000E+00  0.0000000E+00
  0.0000000E+00  0.0000000E+00
  0.0000000E+00  0.0000000E+00
  0.0000000E+00  0.0000000E+00
  0.0000000E+00  0.0000000E+00
  0.0000000E+00  0.0000000E+00
  0.0000000E+00  0.0000000E+00
  0.0000000E+00  0.0000000E+00
  0.0000000E+00  0.0000000E+00
  0.0000000E+00  0.0000000E+00
  0.0000000E+00  0.0000000E+00
  0.0000000E+00  0.0000000E+00
  0.0000000E+00  0.0000000E+00
  0.0000000E+00  0.0000000E+00
  0.0000000E+00  0.0000000E+00
  0.0000000E+00  0.0000000E+00
  0.0000000E+00  0.0000000E+00
  0.0000000E+00  0.0000000E+00
  0.0000000E+00  0.0000000E+00
  0.0000000E+00  0.0000000E+00
  0.0000000E+00  0.0000000E+00
  0.0000000E+00  0.0000000E+00
  0.0000000E+00  0.0000000E+00
  0.0000000E+00  0.0000000E+00
  0.0000000E+00  0.0000000E+00
  0.0000000E+00  0.0000000E+00
  0.0000000E+00  0.0000000E+00
  0.0000000E+00  0.0000000E+00
  0.0000000E+00  0.0000000E+00
  0.0000000E+00  0.0000000E+00
  0.0000000E+00  0.0000000E+00
  0.0000000E+00  0.0000000E+00
  0.0000000E+00  0.0000000E+00
  0.0000000E+00  0.0000000E+00
  0.0000000E+00  0.0000000E+00
  0.0000000E+00  0.0000000E+00
  0.0000000E+00  0.0000000E+00
  0.0000000E+00  0.0000000E+00
  0.0000000E+00  0.0000000E+00
  0.0000000E+00  0.0000000E+00
  0.0000000E+00  0.0000000E+00
  0.0000000E+00  0.0000000E+00
  0.0000000E+00  0.0000000E+00
  0.0000000E+00  0.0000000E+00
  0.0000000E+00  0.0000000E+00
  0.0000000E+00  0.0000000E+00
  0.0000000E+00  0.0000000E+00
  0.0000000E+00  0.0000000E+00
  0.0000000E+00  0.0000000E+00
  0.0000000E+00  0.0000000E+00
  0.0000000E+00  0.0000000E+00
  0.0000000E+00  0.0000000E+00
  0.0000000E+00  0.0000000E+00
  0.0000000E+00  0.0000000E+00
  0.0000000E+00  0.0000000E+00
  0.0000000E+00  0.0000000E+00
  0.0000000E+00  0.0000000E+00
  0.0000000E+00  0.0000000E+00
  0.0000000E+00  0.0000000E+00
  0.0000000E+00  0.0000000E+00
  0.0000000E+00  0.0000000E+00
  0.0000000E+00  0.0000000E+00
  0.0000000E+00  0.0000000E+00
  0.0000000E+00  0.0000000E+00
  0.0000000E+00  0.0000000E+00
  0.0000000E+00  0.0000000E+00
  0.0000000E+00  0.0000000E+00
  0.0000000E+00  0.0000000E+00
  0.0000000E+00  0.0000000E+00
  0.0000000E+00  0.0000000E+00
  0.0000000E+00  0.0000000E+00
  0.0000000E+00  0.0000000E+00
  0.0000000E+00  0.0000000E+00
  0.0000000E+00  0.0000000E+00
  0.0000000E+00  0.0000000E+00
  0.0000000E+00  0.0000000E+00
  0.0000000E+00  0.0000000E+00
  0.0000000E+00  0.0000000E+00
  0.0000000E+00  0.0000000E+00
  0.0000000E+00  0.0000000E+00
  0.0000000E+00  0.0000000E+00
  0.0000000E+00  0.0000000E+00
  0.0000000E+00  0.0000000E+00
  0.0000000E+00  0.0000000E+00
  0.0000000E+00  0.0000000E+00
  0.0000000E+00  0.0000000E+00
  0.0000000E+00  0.0000000E+00
  0.0000000E+00  0.0000000E+00
  0.0000000E+00  0.0000000E+00
  0.0000000E+00  0.0000000E+00
  0.0000000E+00  0.0000000E+00
  0.0000000E+00  0.0000000E+00
  0.0000000E+00  0.0000000E+00
  0.0000000E+00  0.0000000E+00
  0.0000000E+00  0.0000000E+00
  0.0000000E+00  0.0000000E+00
  0.0000000E+00  0.0000000E+00
  0.0000000E+00  0.0000000E+00
  0.0000000E+00  0.0000000E+00
  0.0000000E+00  0.0000000E+00
  0.0000000E+00  0.0000000E+00
  0.0000000E+00  0.0000000E+00
  0.0000000E+00  0.0000000E+00
  0.0000000E+00  0.0000000E+00
  0.0000000E+00  0.0000000E+00
  0.0000000E+00  0.0000000E+00
  0.0000000E+00  0.0000000E+00
  0.0000000E+00  0.0000000E+00
  0.0000000E+00  0.0000000E+00
  0.0000000E+00  0.0000000E+00
  0.0000000E+00  0.0000000E+00
  0.0000000E+00  0.0000000E+00
  0.0000000E+00  0.0000000E+00
  0.0000000E+00  0.0000000E+00
  0.0000000E+00  0.0000000E+00
  0.0000000E+00  0.0000000E+00
  0.0000000E+00  0.0000000E+00
  0.0000000E+00  0.0000000E+00
  0.0000000E+00  0.0000000E+00
  0.0000000E+00  0.0000000E+00
  0.0000000E+00  0.0000000E+00
  0.0000000E+00  0.0000000E+00
  0.0000000E+00  0.0000000E+00
  0.0000000E+00  0.0000000E+00
  0.0000000E+00  0.0000000E+00
  0.0000000E+00  0.0000000E+00
  0.0000000E+00  0.0000000E+00
  0.0000000E+00  0.0000000E+00
  0.0000000E+00  0.0000000E+00
  0.0000000E+00  0.0000000E+00
  0.0000000E+00  0.0000000E+00
  0.0000000E+00  0.0000000E+00
  0.0000000E+00  0.0000000E+00
  0.0000000E+00  0.0000000E+00
  0.0000000E+00  0.0000000E+00
  0.0000000E+00  0.0000000E+00
  0.0000000E+00  0.0000000E+00
  0.0000000E+00  0.0000000E+00
  0.0000000E+00  0.0000000E+00
  0.0000000E+00  0.0000000E+00
  0.0000000E+00  0.0000000E+00
  0.0000000E+00  0.0000000E+00
  0.0000000E+00  0.0000000E+00
  0.0000000E+00  0.0000000E+00
  0.0000000E+00  0.0000000E+00
  0.0000000E+00  0.0000000E+00
  0.0000000E+00  0.0000000E+00
  0.0000000E+00  0.0000000E+00
  0.0000000E+00  0.0000000E+00
  0.0000000E+00  0.0000000E+00
  0.0000000E+00  0.0000000E+00
  0.0000000E+00  0.0000000E+00
  0.0000000E+00  0.0000000E+00
  0.0000000E+00  0.0000000E+00
  0.0000000E+00  0.0000000E+00
  0.0000000E+00  0.0000000E+00
  0.0000000E+00  0.0000000E+00
  0.0000000E+00  0.0000000E+00
  0.0000000E+00  0.0000000E+00
  0.0000000E+00  0.0000000E+00
  0.0000000E+00  0.0000000E+00
  0.0000000E+00  0.0000000E+00
  0.0000000E+00  0.0000000E+00
  0.0000000E+00  0.0000000E+00
  0.0000000E+00  0.0000000E+00
  0.0000000E+00  0.0000000E+00
  0.0000000E+00  0.0000000E+00
  0.0000000E+00  0.0000000E+00
  0.0000000E+00  0.0000000E+00
  0.0000000E+00  0.0000000E+00
  0.0000000E+00  0.0000000E+00
  0.0000000E+00  0.0000000E+00
  0.0000000E+00  0.0000000E+00
  0.0000000E+00  0.0000000E+00
  0.0000000E+00  0.0000000E+00
  0.0000000E+00  0.0000000E+00
  0.0000000E+00  0.0000000E+00
  0.0000000E+00  0.0000000E+00
  0.0000000E+00  0.0000000E+00
  0.0000000E+00  0.0000000E+00
  0.0000000E+00  0.0000000E+00
  0.0000000E+00  0.0000000E+00
  0.0000000E+00  0.0000000E+00
  0.0000000E+00  0.0000000E+00
  0.0000000E+00  0.0000000E+00
  0.0000000E+00  0.0000000E+00
  0.0000000E+00  0.0000000E+00
  0.0000000E+00  0.0000000E+00
  0.0000000E+00  0.0000000E+00
  0.0000000E+00  0.0000000E+00
  0.0000000E+00  0.0000000E+00
  0.0000000E+00  0.0000000E+00
  0.0000000E+00  0.0000000E+00
  0.0000000E+00  0.0000000E+00
  0.0000000E+00  0.0000000E+00
  0.0000000E+00  0.0000000E+00
  0.0000000E+00  0.0000000E+00
  0.0000000E+00  0.0000000E+00
  0.0000000E+00  0.0000000E+00
  0.0000000E+00  0.0000000E+00
  0.0000000E+00  0.0000000E+00
  0.0000000E+00  0.0000000E+00
  0.0000000E+00  0.0000000E+00
  0.0000000E+00  0.0000000E+00
  0.0000000E+00  0.0000000E+00
  0.0000000E+00  0.0000000E+00
  0.0000000E+00  0.0000000E+00
  0.0000000E+00  0.0000000E+00
  0.0000000E+00  0.0000000E+00
  0.0000000E+00  0.0000000E+00
  0.0000000E+00  0.0000000E+00
  0.0000000E+00  0.0000000E+00
  0.0000000E+00  0.0000000E+00
  0.0000000E+00  0.0000000E+00
  0.0000000E+00  0.0000000E+00
  0.0000000E+00  0.0000000E+00
  0.0000000E+00  0.0000000E+00
  0.0000000E+00  0.0000000E+00
  0.0000000E+00  0.0000000E+00
  0.0000000E+00  0.0000000E+00
  0.0000000E+00  0.0000000E+00
  0.0000000E+00  0.0000000E+00
  0.0000000E+00  0.0000000E+00
  0.0000000E+00  0.0000000E+00
  0.0000000E+00  0.0000000E+00
  0.0000000E+00  0.0000000E+00
  0.0000000E+00  0.0000000E+00
  0.0000000E+00  0.0000000E+00
  0.0000000E+00  0.0000000E+00
  0.0000000E+00  0.0000000E+00
  0.0000000E+00  0.0000000E+00
  0.0000000E+00  0.0000000E+00
  0.0000000E+00  0.0000000E+00
  0.0000000E+00  0.0000000E+00
  0.0000000E+00  0.0000000E+00
  0.0000000E+00  0.0000000E+00
  0.0000000E+00  0.0000000E+00
  0.0000000E+00  0.0000000E+00
  0.0000000E+00  0.0000000E+00
  0.0000000E+00  0.0000000E+00
  0.0000000E+00  0.0000000E+00
  0.0000000E+00  0.0000000E+00
  0.0000000E+00  0.0000000E+00
  0.0000000E+00  0.0000000E+00
  0.0000000E+00  0.0000000E+00
  0.0000000E+00  0.0000000E+00
  0.0000000E+00  0.0000000E+00
  0.0000000E+00  0.0000000E+00
  0.0000000E+00  0.0000000E+00
  0.0000000E+00  0.0000000E+00
  0.0000000E+00  0.0000000E+00
  0.0000000E+00  0.0000000E+00
  0.0000000E+00  0.0000000E+00
  0.0000000E+00  0.0000000E+00
  0.0000000E+00  0.0000000E+00
  0.0000000E+00  0.0000000E+00
  0.0000000E+00  0.0000000E+00
  0.0000000E+00  0.0000000E+00
  0.0000000E+00  0.0000000E+00
  0.0000000E+00  0.0000000E+00
  0.0000000E+00  0.0000000E+00
  0.0000000E+00  0.0000000E+00
  0.0000000E+00  0.0000000E+00
  0.0000000E+00  0.0000000E+00
  0.0000000E+00  0.0000000E+00
  0.0000000E+00  0.0000000E+00
  0.0000000E+00  0.0000000E+00
  0.0000000E+00  0.0000000E+00
  0.0000000E+00  0.0000000E+00
  0.0000000E+00  0.0000000E+00
  0.0000000E+00  0.0000000E+00
  0.0000000E+00  0.0000000E+00
  0.0000000E+00  0.0000000E+00
  0.0000000E+00  0.0000000E+00
  0.0000000E+00  0.0000000E+00
  0.0000000E+00  0.0000000E+00
  0.0000000E+00  0.0000000E+00
  0.0000000E+00  0.0000000E+00
  0.0000000E+00  0.0000000E+00
  0.0000000E+00  0.0000000E+00
  0.0000000E+00  0.0000000E+00
  0.0000000E+00  0.0000000E+00
  0.0000000E+00  0.0000000E+00
  0.0000000E+00  0.0000000E+00
  0.0000000E+00  0.0000000E+00
  0.0000000E+00  0.0000000E+00
  0.0000000E+00  0.0000000E+00
  0.0000000E+00  0.0000000E+00
  0.0000000E+00  0.0000000E+00
  0.0000000E+00  0.0000000E+00
  0.0000000E+00  0.0000000E+00
  0.0000000E+00  0.0000000E+00
  0.0000000E+00  0.0000000E+00
  0.0000000E+00  0.0000000E+00
  0.0000000E+00  0.0000000E+00
  0.0000000E+00  0.0000000E+00
  0.0000000E+00  0.0000000E+00
  0.0000000E+00  0.0000000E+00
  0.0000000E+00  0.0000000E+00
  0.0000000E+00  0.0000000E+00
  0.0000000E+00  0.0000000E+00
  0.0000000E+00  0.0000000E+00
  0.0000000E+00  0.0000000E+00
  0.0000000E+00  0.0000000E+00
  0.0000000E+00  0.0000000E+00
  0.0000000E+00  0.0000000E+00
  0.0000000E+00  0.0000000E+00
  0.0000000E+00  0.0000000E+00
  0.0000000E+00  0.0000000E+00
  0.0000000E+00  0.0000000E+00
  0.0000000E+00  0.0000000E+00
  0.0000000E+00  0.0000000E+00
  0.0000000E+00  0.0000000E+00
  0.0000000E+00  0.0000000E+00
  0.0000000E+00  0.0000000E+00
  0.0000000E+00  0.0000000E+00
  0.0000000E+00  0.0000000E+00
  0.0000000E+00  0.0000000E+00
  0.0000000E+00  0.0000000E+00
  0.0000000E+00  0.0000000E+00
  0.0000000E+00  0.0000000E+00
  0.0000000E+00  0.0000000E+00
  0.0000000E+00  0.0000000E+00
  0.0000000E+00  0.0000000E+00
  0.0000000E+00  0.0000000E+00
  0.0000000E+00  0.0000000E+00
  0.0000000E+00  0.0000000E+00
