 -0.9637301E+00  0.2578567E-01
 -0.9542387E+00  0.2564149E-01
 -0.9649066E+00  0.2615525E-01
 -0.9654253E+00  0.2644593E-01
 -0.9673387E+00  0.2678850E-01
 -0.9669852E+00  0.2709489E-01
 -0.9324252E+00  0.2655383E-01
 -0.9410729E+00  0.2715021E-01
 -0.9434086E+00  0.2741895E-01
 -0.9810954E+00  0.2859403E-01
 -0.1206559E+01  0.3463816E-01
 -0.1202881E+01  0.3454186E-01
 -0.1201567E+01  0.3451081E-01
 -0.1202711E+01  0.3454076E-01
 -0.1203061E+01  0.3454617E-01
 -0.1202132E+01  0.3452660E-01
 -0.1202203E+01  0.3452820E-01
 -0.1199601E+01  0.3445610E-01
 -0.1197042E+01  0.3439291E-01
 -0.1198260E+01  0.3442426E-01
 -0.1196986E+01  0.3438697E-01
 -0.1195197E+01  0.3434409E-01
 -0.1196749E+01  0.3438414E-01
 -0.1195684E+01  0.3435240E-01
 -0.1193948E+01  0.3431089E-01
 -0.1195556E+01  0.3435256E-01
 -0.1194568E+01  0.3432280E-01
 -0.1192881E+01  0.3428258E-01
 -0.1194578E+01  0.3432672E-01
 -0.1193748E+01  0.3430132E-01
 -0.1192198E+01  0.3426469E-01
 -0.1194004E+01  0.3431179E-01
 -0.1193336E+01  0.3429060E-01
 -0.1191927E+01  0.3425755E-01
 -0.1193832E+01  0.3430721E-01
 -0.1193295E+01  0.3428944E-01
 -0.1192024E+01  0.3426003E-01
 -0.1194093E+01  0.3431413E-01
 -0.1193687E+01  0.3429987E-01
 -0.1192556E+01  0.3427420E-01
 -0.1194779E+01  0.3433219E-01
 -0.1194484E+01  0.3432082E-01
 -0.1193457E+01  0.3429795E-01
 -0.1195782E+01  0.3435872E-01
 -0.1195519E+01  0.3434819E-01
 -0.1194556E+01  0.3432703E-01
 -0.1196923E+01  0.3438881E-01
 -0.1196644E+01  0.3437798E-01
 -0.1195658E+01  0.3435634E-01
 -0.1198004E+01  0.3441738E-01
 -0.1197642E+01  0.3440435E-01
 -0.1196582E+01  0.3438072E-01
 -0.1198833E+01  0.3443933E-01
 -0.1198340E+01  0.3442281E-01
 -0.1197201E+01  0.3439703E-01
 -0.1199373E+01  0.3445356E-01
 -0.1198759E+01  0.3443387E-01
 -0.1197481E+01  0.3440450E-01
 -0.1199521E+01  0.3445748E-01
 -0.1198783E+01  0.3443455E-01
 -0.1197352E+01  0.3440101E-01
 -0.1199196E+01  0.3444867E-01
 -0.1198360E+01  0.3442316E-01
 -0.1196913E+01  0.3438929E-01
 -0.1198680E+01  0.3443512E-01
 -0.1197703E+01  0.3440581E-01
 -0.1196106E+01  0.3436783E-01
 -0.1197795E+01  0.3441169E-01
 -0.1196742E+01  0.3438035E-01
 -0.1194992E+01  0.3433846E-01
 -0.1196571E+01  0.3437941E-01
 -0.1195528E+01  0.3434835E-01
 -0.1193847E+01  0.3430813E-01
 -0.1195490E+01  0.3435085E-01
 -0.1194569E+01  0.3432306E-01
 -0.1192992E+01  0.3428564E-01
 -0.1194787E+01  0.3433244E-01
 -0.1194046E+01  0.3430946E-01
 -0.1192531E+01  0.3427390E-01
 -0.1193758E+01  0.3430705E-01
 -0.1191322E+01  0.3424431E-01
 -0.1195299E+01  0.3435086E-01
 -0.1202083E+01  0.3451659E-01
 -0.1203345E+01  0.3454611E-01
 -0.1203419E+01  0.3454712E-01
 -0.1203621E+01  0.3455217E-01
 -0.1203884E+01  0.3455918E-01
 -0.1204067E+01  0.3456401E-01
 -0.1204199E+01  0.3456739E-01
 -0.1204345E+01  0.3457130E-01
 -0.1204566E+01  0.3457718E-01
 -0.1204869E+01  0.3458505E-01
 -0.1205200E+01  0.3459380E-01
 -0.1205501E+01  0.3460173E-01
 -0.1205786E+01  0.3460917E-01
 -0.1206191E+01  0.3461976E-01
 -0.1206616E+01  0.3463100E-01
 -0.1206931E+01  0.3463923E-01
 -0.1207407E+01  0.3465094E-01
 -0.1208860E+01  0.3468623E-01
 -0.1205378E+01  0.3459267E-01
 -0.1198749E+01  0.3442651E-01
 -0.1198500E+01  0.3442370E-01
 -0.1202206E+01  0.3452138E-01
 -0.1209608E+01  0.3471528E-01
 -0.9777068E+00  0.2849881E-01
 -0.9390863E+00  0.2729136E-01
 -0.9367332E+00  0.2700757E-01
 -0.9414707E+00  0.2688456E-01
 -0.9433713E+00  0.2666445E-01
 -0.9468549E+00  0.2648352E-01
 -0.9504258E+00  0.2631104E-01
 -0.9536659E+00  0.2585090E-01
 -0.9452909E+00  0.2538943E-01
 -0.9645204E+00  0.2579927E-01
 -0.9737790E+00  0.2605367E-01
 -0.9473821E+00  0.2688131E-01
 -0.9639011E+00  0.2578811E-01
 -0.9657831E+00  0.2584659E-01
 -0.9669387E+00  0.2588276E-01
 -0.9674845E+00  0.2589976E-01
 -0.9676876E+00  0.2590531E-01
 -0.9675308E+00  0.2589983E-01
 -0.9672143E+00  0.2589034E-01
 -0.9670459E+00  0.2588536E-01
 -0.9670237E+00  0.2588397E-01
 -0.9669232E+00  0.2588044E-01
 -0.9668108E+00  0.2587648E-01
 -0.9667301E+00  0.2587383E-01
 -0.9667523E+00  0.2587416E-01
 -0.9668118E+00  0.2587549E-01
 -0.9669872E+00  0.2588023E-01
 -0.9672164E+00  0.2588673E-01
 -0.9674539E+00  0.2589382E-01
 -0.9676538E+00  0.2589972E-01
 -0.9677323E+00  0.2590202E-01
 -0.9675674E+00  0.2589710E-01
 -0.9673001E+00  0.2588974E-01
 -0.9673094E+00  0.2589086E-01
 -0.9673306E+00  0.2589125E-01
 -0.9669757E+00  0.2588051E-01
 -0.9661844E+00  0.2585770E-01
 -0.9650155E+00  0.2582495E-01
 -0.9402410E+00  0.2640522E-01
 -0.9775924E+00  0.2739844E-01
 -0.9525049E+00  0.2610505E-01
 -0.9620706E+00  0.2663109E-01
 -0.9636500E+00  0.2697847E-01
 -0.9397500E+00  0.2732129E-01
 -0.9600610E+00  0.2615707E-01
 -0.9783093E+00  0.2851663E-01
 -0.9790511E+00  0.2853753E-01
 -0.9778746E+00  0.2850370E-01
 -0.9781356E+00  0.2851174E-01
 -0.9783068E+00  0.2851691E-01
 -0.9772286E+00  0.2848541E-01
 -0.9761706E+00  0.2845521E-01
 -0.9753934E+00  0.2843338E-01
 -0.9750422E+00  0.2842304E-01
 -0.9747724E+00  0.2841524E-01
 -0.9744247E+00  0.2840568E-01
 -0.9742928E+00  0.2840160E-01
 -0.9741480E+00  0.2839727E-01
 -0.9738786E+00  0.2839010E-01
 -0.9737841E+00  0.2838704E-01
 -0.9736578E+00  0.2838328E-01
 -0.9734073E+00  0.2837657E-01
 -0.9733844E+00  0.2837566E-01
 -0.9733784E+00  0.2837515E-01
 -0.9732217E+00  0.2837114E-01
 -0.9732797E+00  0.2837238E-01
 -0.9733344E+00  0.2837373E-01
 -0.9732364E+00  0.2837139E-01
 -0.9733211E+00  0.2837349E-01
 -0.9733806E+00  0.2837505E-01
 -0.9732916E+00  0.2837308E-01
 -0.9734105E+00  0.2837614E-01
 -0.9735221E+00  0.2837921E-01
 -0.9734935E+00  0.2837889E-01
 -0.9736374E+00  0.2838276E-01
 -0.9738020E+00  0.2838722E-01
 -0.9738162E+00  0.2838808E-01
 -0.9740185E+00  0.2839368E-01
 -0.9741992E+00  0.2839872E-01
 -0.9742194E+00  0.2839980E-01
 -0.9744359E+00  0.2840571E-01
 -0.9746044E+00  0.2841046E-01
 -0.9746111E+00  0.2841118E-01
 -0.9747937E+00  0.2841613E-01
 -0.9749259E+00  0.2841980E-01
 -0.9748777E+00  0.2841892E-01
 -0.9749794E+00  0.2842166E-01
 -0.9750687E+00  0.2842420E-01
 -0.9750402E+00  0.2842380E-01
 -0.9751961E+00  0.2842799E-01
 -0.9752801E+00  0.2843026E-01
 -0.9751683E+00  0.2842752E-01
 -0.9752390E+00  0.2842925E-01
 -0.9752616E+00  0.2842969E-01
 -0.9750856E+00  0.2842517E-01
 -0.9750943E+00  0.2842512E-01
 -0.9751437E+00  0.2842637E-01
 -0.9750505E+00  0.2842413E-01
 -0.9750618E+00  0.2842403E-01
 -0.9750302E+00  0.2842297E-01
 -0.9748589E+00  0.2841845E-01
 -0.9747778E+00  0.2841586E-01
 -0.9746339E+00  0.2841158E-01
 -0.9743556E+00  0.2840397E-01
 -0.9742592E+00  0.2840083E-01
 -0.9741563E+00  0.2839775E-01
 -0.9739218E+00  0.2839138E-01
 -0.9738824E+00  0.2838995E-01
 -0.9738487E+00  0.2838865E-01
 -0.9737089E+00  0.2838485E-01
 -0.9738028E+00  0.2838694E-01
 -0.9738169E+00  0.2838712E-01
 -0.9736938E+00  0.2838399E-01
 -0.9737293E+00  0.2838481E-01
 -0.9739984E+00  0.2839178E-01
 -0.9750458E+00  0.2841864E-01
 -0.9762674E+00  0.2844951E-01
 -0.9768699E+00  0.2846481E-01
 -0.9771650E+00  0.2847270E-01
 -0.9773728E+00  0.2847860E-01
 -0.9774347E+00  0.2848033E-01
 -0.9774008E+00  0.2847946E-01
 -0.9773567E+00  0.2847826E-01
 -0.9773420E+00  0.2847778E-01
 -0.9774020E+00  0.2847943E-01
 -0.9774924E+00  0.2848207E-01
 -0.9775883E+00  0.2848479E-01
 -0.9776692E+00  0.2848711E-01
 -0.9777731E+00  0.2849021E-01
 -0.9779745E+00  0.2849622E-01
 -0.9781751E+00  0.2850213E-01
 -0.9782355E+00  0.2850399E-01
 -0.9781231E+00  0.2850113E-01
 -0.9776894E+00  0.2848961E-01
 -0.9765522E+00  0.2846018E-01
 -0.9754533E+00  0.2843232E-01
 -0.9752572E+00  0.2842847E-01
 -0.9762056E+00  0.2845584E-01
 -0.9398784E+00  0.2730799E-01
 -0.9412184E+00  0.2526624E-01
 -0.9383656E+00  0.2704453E-01
 -0.9441380E+00  0.2694706E-01
 -0.9493982E+00  0.2681833E-01
 -0.9534376E+00  0.2665252E-01
 -0.9575436E+00  0.2648970E-01
 -0.9491211E+00  0.2546552E-01
 -0.9531003E+00  0.2579847E-01
 -0.9499439E+00  0.2548471E-01
 -0.9662840E+00  0.2649112E-01
 -0.9487229E+00  0.2547201E-01
 -0.9501426E+00  0.2548827E-01
 -0.9498171E+00  0.2547724E-01
 -0.9494985E+00  0.2546833E-01
 -0.9497781E+00  0.2547987E-01
 -0.9500343E+00  0.2548853E-01
 -0.9498616E+00  0.2548175E-01
 -0.9498432E+00  0.2548074E-01
 -0.9497842E+00  0.2547932E-01
 -0.9497957E+00  0.2548073E-01
 -0.9498713E+00  0.2548358E-01
 -0.9498423E+00  0.2548148E-01
 -0.9498590E+00  0.2548033E-01
 -0.9498500E+00  0.2547831E-01
 -0.9498812E+00  0.2547730E-01
 -0.9499385E+00  0.2547738E-01
 -0.9498559E+00  0.2547417E-01
 -0.9495510E+00  0.2546732E-01
 -0.9497219E+00  0.2547657E-01
 -0.9502497E+00  0.2549407E-01
 -0.9500494E+00  0.2548537E-01
 -0.9497858E+00  0.2547861E-01
 -0.9498326E+00  0.2548714E-01
 -0.9529331E+00  0.2559634E-01
 -0.9328668E+00  0.2696224E-01
 -0.9720061E+00  0.2748020E-01
 -0.9675948E+00  0.2643583E-01
 -0.9826733E+00  0.2776281E-01
 -0.9432958E+00  0.2712012E-01
 -0.9670333E+00  0.2675463E-01
 -0.9400286E+00  0.2732633E-01
 -0.9595833E+00  0.2629145E-01
 -0.9416403E+00  0.2736183E-01
 -0.9408593E+00  0.2733504E-01
 -0.9405095E+00  0.2732248E-01
 -0.9404401E+00  0.2731800E-01
 -0.9403082E+00  0.2731307E-01
 -0.9401649E+00  0.2730838E-01
 -0.9400935E+00  0.2730599E-01
 -0.9400238E+00  0.2730369E-01
 -0.9399799E+00  0.2730203E-01
 -0.9398882E+00  0.2729909E-01
 -0.9397960E+00  0.2729580E-01
 -0.9397180E+00  0.2729339E-01
 -0.9396807E+00  0.2729207E-01
 -0.9397264E+00  0.2729240E-01
 -0.9398375E+00  0.2729467E-01
 -0.9399009E+00  0.2729626E-01
 -0.9399602E+00  0.2729809E-01
 -0.9400268E+00  0.2730003E-01
 -0.9400119E+00  0.2730023E-01
 -0.9399737E+00  0.2729965E-01
 -0.9400216E+00  0.2730089E-01
 -0.9399911E+00  0.2730046E-01
 -0.9399400E+00  0.2729943E-01
 -0.9399935E+00  0.2730100E-01
 -0.9399698E+00  0.2730092E-01
 -0.9399464E+00  0.2730087E-01
 -0.9400045E+00  0.2730261E-01
 -0.9399929E+00  0.2730287E-01
 -0.9399807E+00  0.2730313E-01
 -0.9400412E+00  0.2730497E-01
 -0.9400238E+00  0.2730515E-01
 -0.9400013E+00  0.2730506E-01
 -0.9400466E+00  0.2730660E-01
 -0.9400082E+00  0.2730612E-01
 -0.9399644E+00  0.2730538E-01
 -0.9399480E+00  0.2730506E-01
 -0.9398333E+00  0.2730223E-01
 -0.9397405E+00  0.2730023E-01
 -0.9399068E+00  0.2730497E-01
 -0.9400572E+00  0.2730874E-01
 -0.9400613E+00  0.2730884E-01
 -0.9400440E+00  0.2730840E-01
 -0.9400497E+00  0.2730858E-01
 -0.9400302E+00  0.2730805E-01
 -0.9400825E+00  0.2730933E-01
 -0.9400011E+00  0.2730750E-01
 -0.9398205E+00  0.2730455E-01
 -0.9400001E+00  0.2731010E-01
 -0.9401633E+00  0.2731362E-01
 -0.9401391E+00  0.2731263E-01
 -0.9402027E+00  0.2731386E-01
 -0.9402220E+00  0.2731284E-01
 -0.9401543E+00  0.2730973E-01
 -0.9401388E+00  0.2730826E-01
 -0.9401131E+00  0.2730665E-01
 -0.9400518E+00  0.2730436E-01
 -0.9400750E+00  0.2730446E-01
 -0.9400955E+00  0.2730419E-01
 -0.9401087E+00  0.2730393E-01
 -0.9402513E+00  0.2730752E-01
 -0.9403489E+00  0.2730958E-01
 -0.9404280E+00  0.2731086E-01
 -0.9404653E+00  0.2731128E-01
 -0.9404901E+00  0.2731205E-01
 -0.9406525E+00  0.2731648E-01
 -0.9410231E+00  0.2732662E-01
 -0.9413074E+00  0.2733538E-01
 -0.9415666E+00  0.2734408E-01
 -0.9416703E+00  0.2734841E-01
 -0.9417973E+00  0.2735282E-01
 -0.9417117E+00  0.2735012E-01
 -0.9417110E+00  0.2734848E-01
 -0.9417602E+00  0.2734819E-01
 -0.9417388E+00  0.2734683E-01
 -0.9416774E+00  0.2734529E-01
 -0.9416397E+00  0.2734478E-01
 -0.9416898E+00  0.2734631E-01
 -0.9417012E+00  0.2734699E-01
 -0.9415954E+00  0.2734554E-01
 -0.9414262E+00  0.2734395E-01
 -0.9414896E+00  0.2734778E-01
 -0.9415399E+00  0.2734872E-01
 -0.9413573E+00  0.2734345E-01
 -0.9410477E+00  0.2733550E-01
 -0.9405622E+00  0.2732189E-01
 -0.9403210E+00  0.2731433E-01
 -0.9404323E+00  0.2731816E-01
 -0.9561023E+00  0.2587176E-01
 -0.9526879E+00  0.2580002E-01
 -0.9458714E+00  0.2698470E-01
 -0.9511697E+00  0.2685507E-01
 -0.9611709E+00  0.2688489E-01
 -0.9537801E+00  0.2665777E-01
 -0.9579214E+00  0.2651104E-01
 -0.9457139E+00  0.2550717E-01
 -0.9566702E+00  0.2588711E-01
 -0.9561297E+00  0.2586895E-01
 -0.9392387E+00  0.2706274E-01
 -0.9555364E+00  0.2585274E-01
 -0.9565206E+00  0.2589330E-01
 -0.9569478E+00  0.2590671E-01
 -0.9562593E+00  0.2587472E-01
 -0.9561472E+00  0.2586752E-01
 -0.9559535E+00  0.2586211E-01
 -0.9560112E+00  0.2586686E-01
 -0.9560876E+00  0.2587206E-01
 -0.9561384E+00  0.2587103E-01
 -0.9561787E+00  0.2586988E-01
 -0.9561626E+00  0.2586696E-01
 -0.9561532E+00  0.2586431E-01
 -0.9562347E+00  0.2586461E-01
 -0.9560257E+00  0.2585948E-01
 -0.9556942E+00  0.2585579E-01
 -0.9565562E+00  0.2589308E-01
 -0.9572244E+00  0.2591884E-01
 -0.9563566E+00  0.2587850E-01
 -0.9560622E+00  0.2586805E-01
 -0.9578472E+00  0.2592832E-01
 -0.9526706E+00  0.2577657E-01
 -0.9411569E+00  0.2735538E-01
 -0.9405713E+00  0.2734614E-01
 -0.9387230E+00  0.2729834E-01
 -0.9476990E+00  0.2548183E-01
 -0.9587696E+00  0.2709759E-01
 -0.9633998E+00  0.2637210E-01
 -0.9420401E+00  0.2715790E-01
 -0.9397568E+00  0.2709121E-01
 -0.9392215E+00  0.2706287E-01
 -0.9386988E+00  0.2704963E-01
 -0.9386778E+00  0.2704929E-01
 -0.9387676E+00  0.2705109E-01
 -0.9385843E+00  0.2704646E-01
 -0.9384613E+00  0.2704256E-01
 -0.9385123E+00  0.2704266E-01
 -0.9380735E+00  0.2703176E-01
 -0.9380690E+00  0.2703098E-01
 -0.9384471E+00  0.2703748E-01
 -0.9388331E+00  0.2704482E-01
 -0.9388889E+00  0.2704659E-01
 -0.9390329E+00  0.2705203E-01
 -0.9390174E+00  0.2705307E-01
 -0.9387749E+00  0.2704906E-01
 -0.9387351E+00  0.2704915E-01
 -0.9388894E+00  0.2705306E-01
 -0.9386556E+00  0.2704793E-01
 -0.9386020E+00  0.2704683E-01
 -0.9387987E+00  0.2705145E-01
 -0.9385473E+00  0.2704579E-01
 -0.9385116E+00  0.2704513E-01
 -0.9387163E+00  0.2705006E-01
 -0.9384756E+00  0.2704470E-01
 -0.9384419E+00  0.2704432E-01
 -0.9386467E+00  0.2704920E-01
 -0.9384190E+00  0.2704418E-01
 -0.9383662E+00  0.2704323E-01
 -0.9385391E+00  0.2704720E-01
 -0.9382828E+00  0.2704144E-01
 -0.9381838E+00  0.2703918E-01
 -0.9383643E+00  0.2704291E-01
 -0.9378855E+00  0.2703117E-01
 -0.9373491E+00  0.2702022E-01
 -0.9379184E+00  0.2703440E-01
 -0.9387440E+00  0.2705225E-01
 -0.9386489E+00  0.2704952E-01
 -0.9384964E+00  0.2704607E-01
 -0.9385971E+00  0.2704790E-01
 -0.9384823E+00  0.2704526E-01
 -0.9385006E+00  0.2704709E-01
 -0.9382514E+00  0.2704420E-01
 -0.9369658E+00  0.2701941E-01
 -0.9372215E+00  0.2702917E-01
 -0.9382735E+00  0.2705191E-01
 -0.9378779E+00  0.2704108E-01
 -0.9382278E+00  0.2704846E-01
 -0.9387341E+00  0.2705645E-01
 -0.9386507E+00  0.2705158E-01
 -0.9386520E+00  0.2704980E-01
 -0.9387345E+00  0.2705024E-01
 -0.9385872E+00  0.2704632E-01
 -0.9385822E+00  0.2704515E-01
 -0.9388653E+00  0.2704986E-01
 -0.9388573E+00  0.2704917E-01
 -0.9391345E+00  0.2705686E-01
 -0.9394760E+00  0.2706436E-01
 -0.9396477E+00  0.2706671E-01
 -0.9396122E+00  0.2706544E-01
 -0.9391742E+00  0.2705667E-01
 -0.9392375E+00  0.2706116E-01
 -0.9394695E+00  0.2706966E-01
 -0.9390171E+00  0.2706344E-01
 -0.9392411E+00  0.2707508E-01
 -0.9387598E+00  0.2706595E-01
 -0.9391295E+00  0.2707740E-01
 -0.9388015E+00  0.2706443E-01
 -0.9395282E+00  0.2707586E-01
 -0.9401529E+00  0.2708653E-01
 -0.9401115E+00  0.2708295E-01
 -0.9397412E+00  0.2707395E-01
 -0.9396864E+00  0.2707340E-01
 -0.9399762E+00  0.2708050E-01
 -0.9400513E+00  0.2708312E-01
 -0.9394366E+00  0.2707256E-01
 -0.9379549E+00  0.2704518E-01
 -0.9377682E+00  0.2704419E-01
 -0.9389939E+00  0.2706907E-01
 -0.9389120E+00  0.2706514E-01
 -0.9384804E+00  0.2705738E-01
 -0.9377782E+00  0.2703311E-01
 -0.9392844E+00  0.2706317E-01
 -0.9629983E+00  0.2634877E-01
 -0.9652542E+00  0.2641768E-01
 -0.9343617E+00  0.2679597E-01
 -0.9522716E+00  0.2583208E-01
 -0.9623106E+00  0.2633467E-01
 -0.9549223E+00  0.2675506E-01
 -0.9403492E+00  0.2713441E-01
 -0.9516558E+00  0.2686503E-01
 -0.9571952E+00  0.2704041E-01
 -0.9656626E+00  0.2646844E-01
 -0.9386017E+00  0.2705628E-01
 -0.9656426E+00  0.2643266E-01
 -0.9577888E+00  0.2735750E-01
 -0.9454036E+00  0.2704259E-01
 -0.9641626E+00  0.2637335E-01
 -0.9639159E+00  0.2635357E-01
 -0.9635555E+00  0.2634150E-01
 -0.9639190E+00  0.2635816E-01
 -0.9639424E+00  0.2636648E-01
 -0.9641296E+00  0.2636899E-01
 -0.9642510E+00  0.2637185E-01
 -0.9642125E+00  0.2637064E-01
 -0.9641944E+00  0.2636965E-01
 -0.9641933E+00  0.2637001E-01
 -0.9638811E+00  0.2636477E-01
 -0.9637104E+00  0.2636720E-01
 -0.9660676E+00  0.2647372E-01
 -0.9669928E+00  0.2652518E-01
 -0.9636652E+00  0.2636798E-01
 -0.9628294E+00  0.2633188E-01
 -0.9579546E+00  0.2623246E-01
 -0.9484103E+00  0.2704988E-01
 -0.9393425E+00  0.2706883E-01
 -0.9489963E+00  0.2654617E-01
 -0.9342256E+00  0.2654741E-01
 -0.9664368E+00  0.2649082E-01
 -0.9562860E+00  0.2655063E-01
 -0.9588877E+00  0.2711824E-01
 -0.9478347E+00  0.2707622E-01
 -0.9673851E+00  0.2689152E-01
 -0.9569767E+00  0.2668331E-01
 -0.9274312E+00  0.2682710E-01
 -0.9444717E+00  0.2699243E-01
 -0.9765172E+00  0.2705502E-01
 -0.9453993E+00  0.2698935E-01
 -0.9434784E+00  0.2694655E-01
 -0.9430428E+00  0.2693995E-01
 -0.9429632E+00  0.2693766E-01
 -0.9437270E+00  0.2695398E-01
 -0.9416676E+00  0.2690667E-01
 -0.9415640E+00  0.2690312E-01
 -0.9433675E+00  0.2693541E-01
 -0.9446781E+00  0.2695856E-01
 -0.9440429E+00  0.2694629E-01
 -0.9443743E+00  0.2696258E-01
 -0.9445403E+00  0.2696981E-01
 -0.9431049E+00  0.2694136E-01
 -0.9431504E+00  0.2694543E-01
 -0.9442984E+00  0.2697131E-01
 -0.9430421E+00  0.2694285E-01
 -0.9430093E+00  0.2694221E-01
 -0.9442248E+00  0.2696895E-01
 -0.9429826E+00  0.2694075E-01
 -0.9429587E+00  0.2694013E-01
 -0.9441544E+00  0.2696622E-01
 -0.9429466E+00  0.2693883E-01
 -0.9429310E+00  0.2693836E-01
 -0.9441056E+00  0.2696398E-01
 -0.9429791E+00  0.2693863E-01
 -0.9429144E+00  0.2693693E-01
 -0.9439991E+00  0.2696015E-01
 -0.9428226E+00  0.2693337E-01
 -0.9428411E+00  0.2693336E-01
 -0.9442702E+00  0.2696538E-01
 -0.9423701E+00  0.2692083E-01
 -0.9393585E+00  0.2685659E-01
 -0.9414327E+00  0.2690308E-01
 -0.9455106E+00  0.2699095E-01
 -0.9438719E+00  0.2695023E-01
 -0.9434246E+00  0.2694010E-01
 -0.9445829E+00  0.2696542E-01
 -0.9433077E+00  0.2693713E-01
 -0.9436615E+00  0.2695261E-01
 -0.9444586E+00  0.2698048E-01
 -0.9371421E+00  0.2681806E-01
 -0.9379895E+00  0.2684732E-01
 -0.9444027E+00  0.2699336E-01
 -0.9406235E+00  0.2689895E-01
 -0.9420497E+00  0.2693099E-01
 -0.9447789E+00  0.2698616E-01
 -0.9432909E+00  0.2694662E-01
 -0.9431895E+00  0.2694339E-01
 -0.9440362E+00  0.2696102E-01
 -0.9429803E+00  0.2693657E-01
 -0.9426919E+00  0.2692610E-01
 -0.9444869E+00  0.2696185E-01
 -0.9435337E+00  0.2693913E-01
 -0.9441195E+00  0.2695956E-01
 -0.9453425E+00  0.2698607E-01
 -0.9455386E+00  0.2698584E-01
 -0.9451404E+00  0.2697749E-01
 -0.9432108E+00  0.2693952E-01
 -0.9434164E+00  0.2695305E-01
 -0.9446046E+00  0.2698460E-01
 -0.9419517E+00  0.2693016E-01
 -0.9436069E+00  0.2698467E-01
 -0.9410313E+00  0.2691991E-01
 -0.9427500E+00  0.2696983E-01
 -0.9404815E+00  0.2689609E-01
 -0.9445510E+00  0.2698056E-01
 -0.9462774E+00  0.2701258E-01
 -0.9455570E+00  0.2699051E-01
 -0.9438709E+00  0.2695310E-01
 -0.9440601E+00  0.2696089E-01
 -0.9455044E+00  0.2699405E-01
 -0.9459007E+00  0.2700576E-01
 -0.9446505E+00  0.2698718E-01
 -0.9378324E+00  0.2684240E-01
 -0.9373156E+00  0.2683148E-01
 -0.9453032E+00  0.2700311E-01
 -0.9441099E+00  0.2697276E-01
 -0.9405476E+00  0.2690838E-01
 -0.9454201E+00  0.2699334E-01
 -0.9418026E+00  0.2691665E-01
 -0.9463446E+00  0.2729686E-01
 -0.9712892E+00  0.2688834E-01
 -0.9737208E+00  0.2698089E-01
 -0.9711862E+00  0.2692222E-01
 -0.9860119E+00  0.2732444E-01
 -0.9535834E+00  0.2687965E-01
 -0.9428064E+00  0.2617944E-01
 -0.9689068E+00  0.2684863E-01
 -0.9592583E+00  0.2685654E-01
 -0.9746736E+00  0.2695957E-01
 -0.9714121E+00  0.2690142E-01
 -0.9696549E+00  0.2683301E-01
 -0.9721069E+00  0.2692831E-01
 -0.9714364E+00  0.2690818E-01
 -0.9709684E+00  0.2689944E-01
 -0.9706541E+00  0.2689625E-01
 -0.9705017E+00  0.2689531E-01
 -0.9702717E+00  0.2689377E-01
 -0.9695994E+00  0.2688167E-01
 -0.9692343E+00  0.2685484E-01
 -0.9335786E+00  0.2537282E-01
 -0.9906366E+00  0.2747916E-01
 -0.9715421E+00  0.2692656E-01
 -0.9681300E+00  0.2679367E-01
 -0.9802064E+00  0.2712754E-01
 -0.9434016E+00  0.2694848E-01
 -0.9691756E+00  0.2681554E-01
 -0.9443645E+00  0.2697052E-01
 -0.9710022E+00  0.2629723E-01
 -0.9556789E+00  0.2702085E-01
 -0.9396871E+00  0.2685411E-01
 -0.9473127E+00  0.2647568E-01
 -0.9533312E+00  0.2695247E-01
 -0.1003896E+01  0.2798923E-01
 -0.9313796E+00  0.2692867E-01
 -0.9809347E+00  0.2747687E-01
 -0.9796575E+00  0.2742208E-01
 -0.9508887E+00  0.2691445E-01
 -0.9436453E+00  0.2673181E-01
 -0.9433087E+00  0.2673441E-01
 -0.9438266E+00  0.2674828E-01
 -0.9406497E+00  0.2668323E-01
 -0.9474065E+00  0.2680553E-01
 -0.9505248E+00  0.2683355E-01
 -0.9455185E+00  0.2672569E-01
 -0.9474302E+00  0.2681961E-01
 -0.9512210E+00  0.2691562E-01
 -0.9435952E+00  0.2674517E-01
 -0.9441210E+00  0.2676320E-01
 -0.9518370E+00  0.2694242E-01
 -0.9436221E+00  0.2674815E-01
 -0.9436145E+00  0.2674785E-01
 -0.9518438E+00  0.2693888E-01
 -0.9435313E+00  0.2674261E-01
 -0.9435777E+00  0.2674373E-01
 -0.9517618E+00  0.2693353E-01
 -0.9435281E+00  0.2673947E-01
 -0.9436088E+00  0.2674137E-01
 -0.9517233E+00  0.2692905E-01
 -0.9435323E+00  0.2673622E-01
 -0.9436376E+00  0.2673865E-01
 -0.9515627E+00  0.2692114E-01
 -0.9433707E+00  0.2672813E-01
 -0.9435971E+00  0.2673308E-01
 -0.9532418E+00  0.2696119E-01
 -0.9453139E+00  0.2677959E-01
 -0.9476769E+00  0.2684163E-01
 -0.9437809E+00  0.2671222E-01
 -0.9439354E+00  0.2672065E-01
 -0.9526863E+00  0.2692516E-01
 -0.9433800E+00  0.2670814E-01
 -0.9444655E+00  0.2674917E-01
 -0.9626489E+00  0.2722616E-01
 -0.9651193E+00  0.2730931E-01
 -0.9538398E+00  0.2700600E-01
 -0.9541731E+00  0.2698631E-01
 -0.9433979E+00  0.2672891E-01
 -0.9440588E+00  0.2675185E-01
 -0.9508314E+00  0.2691078E-01
 -0.9438062E+00  0.2674665E-01
 -0.9417350E+00  0.2667961E-01
 -0.9532657E+00  0.2692612E-01
 -0.9441787E+00  0.2670705E-01
 -0.9453219E+00  0.2677871E-01
 -0.9518234E+00  0.2692808E-01
 -0.9505848E+00  0.2688038E-01
 -0.9515863E+00  0.2691366E-01
 -0.9427571E+00  0.2672012E-01
 -0.9438948E+00  0.2676517E-01
 -0.9543729E+00  0.2702473E-01
 -0.9498101E+00  0.2705126E-01
 -0.9464530E+00  0.2684936E-01
 -0.9521639E+00  0.2694847E-01
 -0.9546641E+00  0.2699018E-01
 -0.9504696E+00  0.2687865E-01
 -0.9437131E+00  0.2672967E-01
 -0.9447744E+00  0.2676506E-01
 -0.9513907E+00  0.2691710E-01
 -0.9506653E+00  0.2689639E-01
 -0.9542837E+00  0.2701678E-01
 -0.9418438E+00  0.2620219E-01
 -0.9446409E+00  0.2676695E-01
 -0.9912943E+00  0.2766012E-01
 -0.9887019E+00  0.2763070E-01
 -0.9876877E+00  0.2762003E-01
 -0.9738961E+00  0.2726571E-01
 -0.9714442E+00  0.2717312E-01
 -0.9779010E+00  0.2735379E-01
 -0.9918092E+00  0.2769984E-01
 -0.9599941E+00  0.2651023E-01
 -0.9521087E+00  0.2694261E-01
 -0.9870527E+00  0.2758491E-01
 -0.9873258E+00  0.2759827E-01
 -0.9873117E+00  0.2760268E-01
 -0.9873215E+00  0.2760813E-01
 -0.9851025E+00  0.2755835E-01
 -0.9716424E+00  0.2720211E-01
 -0.9389147E+00  0.2577088E-01
 -0.9951373E+00  0.2782931E-01
 -0.9869388E+00  0.2759416E-01
 -0.9625476E+00  0.2634616E-01
 -0.9694344E+00  0.2713706E-01
 -0.9402300E+00  0.2666611E-01
 -0.9800246E+00  0.2713882E-01
 -0.9677830E+00  0.2710593E-01
 -0.9618398E+00  0.2723238E-01
 -0.9624453E+00  0.2699429E-01
 -0.9814023E+00  0.2743681E-01
 -0.9870614E+00  0.2757671E-01
 -0.9497912E+00  0.2668878E-01
 -0.9773127E+00  0.2685532E-01
 -0.9575501E+00  0.2607557E-01
 -0.9515442E+00  0.2690856E-01
 -0.9537117E+00  0.2708048E-01
 -0.9926762E+00  0.2722519E-01
 -0.9378791E+00  0.2510051E-01
 -0.9616162E+00  0.2571755E-01
 -0.9580659E+00  0.2675508E-01
 -0.9767243E+00  0.2710659E-01
 -0.9370984E+00  0.2658979E-01
 -0.9571501E+00  0.2674031E-01
 -0.9558482E+00  0.2710776E-01
 -0.9783143E+00  0.2717763E-01
 -0.9484763E+00  0.2670200E-01
 -0.9351263E+00  0.2656384E-01
 -0.9368617E+00  0.2660826E-01
 -0.9469721E+00  0.2658288E-01
 -0.9736287E+00  0.2730971E-01
 -0.9626349E+00  0.2711392E-01
 -0.9493610E+00  0.2669981E-01
 -0.9447453E+00  0.2660425E-01
 -0.9479690E+00  0.2662574E-01
 -0.9478365E+00  0.2665458E-01
 -0.9469181E+00  0.2661499E-01
 -0.9496935E+00  0.2669857E-01
 -0.9501362E+00  0.2670761E-01
 -0.9479030E+00  0.2663986E-01
 -0.9474048E+00  0.2663429E-01
 -0.9474391E+00  0.2663990E-01
 -0.9474705E+00  0.2664496E-01
 -0.9477423E+00  0.2665738E-01
 -0.9490663E+00  0.2669756E-01
 -0.9635903E+00  0.2702253E-01
 -0.9513043E+00  0.2679106E-01
 -0.9456908E+00  0.2688248E-01
 -0.9463094E+00  0.2688181E-01
 -0.9419221E+00  0.2649659E-01
 -0.9478307E+00  0.2663679E-01
 -0.9367372E+00  0.2632819E-01
 -0.9396856E+00  0.2640461E-01
 -0.2022933E+00  0.6364627E-02
  0.1610022E-01  0.3777778E-03
  0.7467390E-01 -0.1282187E-02
  0.9218223E-01 -0.1811492E-02
  0.9382222E-01 -0.1895610E-02
  0.8892059E-01 -0.1791040E-02
  0.8151943E-01 -0.1610410E-02
  0.7342756E-01 -0.1405142E-02
  0.6557440E-01 -0.1202001E-02
  0.5838735E-01 -0.1013771E-02
  0.5200440E-01 -0.8449441E-03
  0.4639316E-01 -0.6950755E-03
  0.4152392E-01 -0.5633995E-03
  0.3732472E-01 -0.4479534E-03
  0.3376856E-01 -0.3474538E-03
  0.3078674E-01 -0.2594890E-03
  0.2835176E-01 -0.1822788E-03
  0.2645299E-01 -0.1137238E-03
  0.2512868E-01 -0.5181418E-04
  0.2452829E-01  0.5996461E-05
  0.2453833E-01  0.6004377E-05
  0.2454538E-01  0.6020567E-05
  0.2455000E-01  0.6038522E-05
  0.2456232E-01  0.5828842E-05
  0.2456692E-01  0.5705378E-05
  0.2456388E-01  0.5707578E-05
  0.2452934E-01  0.6324694E-05
  0.2451011E-01  0.6557118E-05
  0.2450215E-01  0.6529678E-05
  0.2449493E-01  0.6443318E-05
  0.2448544E-01  0.6383751E-05
  0.2447412E-01  0.6347047E-05
  0.2446270E-01  0.6287629E-05
  0.2445236E-01  0.6217611E-05
  0.2444392E-01  0.6151019E-05
  0.2443800E-01  0.6069193E-05
  0.2443394E-01  0.5958856E-05
  0.2443220E-01  0.5865100E-05
  0.2443234E-01  0.5787895E-05
  0.2443417E-01  0.5712420E-05
  0.2443747E-01  0.5678052E-05
  0.2444224E-01  0.5709548E-05
  0.2444821E-01  0.5768739E-05
  0.2445525E-01  0.5845195E-05
  0.2446355E-01  0.5943533E-05
  0.2447342E-01  0.6033005E-05
  0.2448439E-01  0.6108807E-05
  0.2449588E-01  0.6151853E-05
  0.2450747E-01  0.6168288E-05
  0.2510825E-01 -0.5161865E-04
  0.2643280E-01 -0.1135346E-03
  0.2833067E-01 -0.1820721E-03
  0.3076343E-01 -0.2592557E-03
  0.3374682E-01 -0.3472100E-03
  0.3731008E-01 -0.4478907E-03
  0.4149837E-01 -0.5631043E-03
  0.4636594E-01 -0.6946982E-03
  0.5197325E-01 -0.8445127E-03
  0.5835197E-01 -0.1013233E-02
  0.6553377E-01 -0.1201305E-02
  0.7337955E-01 -0.1404255E-02
  0.8146054E-01 -0.1609293E-02
  0.8884358E-01 -0.1789402E-02
  0.9374365E-01 -0.1893938E-02
  0.9204274E-01 -0.1808171E-02
  0.7446537E-01 -0.1276956E-02
  0.1586183E-01  0.3838761E-03
 -0.2020808E+00  0.6359356E-02
 -0.2022931E+00  0.6365355E-02
 -0.2025280E+00  0.6371148E-02
 -0.2026054E+00  0.6372884E-02
 -0.2026576E+00  0.6374482E-02
 -0.2026792E+00  0.6374982E-02
 -0.2026907E+00  0.6374446E-02
 -0.2026808E+00  0.6373270E-02
 -0.2026663E+00  0.6372500E-02
 -0.2027111E+00  0.6373643E-02
 -0.2027656E+00  0.6375213E-02
 -0.2027885E+00  0.6376052E-02
 -0.2028259E+00  0.6377479E-02
 -0.2028850E+00  0.6379675E-02
 -0.2028975E+00  0.6380599E-02
 -0.2028770E+00  0.6380399E-02
 -0.2028021E+00  0.6378771E-02
 -0.2027284E+00  0.6377366E-02
 -0.2026788E+00  0.6376825E-02
 -0.2025579E+00  0.6374361E-02
 -0.2024626E+00  0.6372338E-02
 -0.2023304E+00  0.6369325E-02
 -0.2022670E+00  0.6368400E-02
 -0.2022218E+00  0.6367720E-02
 -0.2021125E+00  0.6364472E-02
 -0.2019260E+00  0.6358376E-02
 -0.2016587E+00  0.6349545E-02
 -0.2011245E+00  0.6333627E-02
 -0.2017646E+00  0.6350792E-02
  0.9225672E-01 -0.1813055E-02
  0.9391113E-01 -0.1897617E-02
  0.8900292E-01 -0.1792841E-02
  0.8156546E-01 -0.1611265E-02
  0.7346600E-01 -0.1405825E-02
  0.6560786E-01 -0.1202550E-02
  0.5841675E-01 -0.1014215E-02
  0.5203265E-01 -0.8453705E-03
  0.4641774E-01 -0.6953990E-03
  0.4151035E-01 -0.5628942E-03
  0.3730743E-01 -0.4473604E-03
  0.3379231E-01 -0.3477816E-03
  0.3083346E-01 -0.2602912E-03
  0.2839448E-01 -0.1829849E-03
  0.2647907E-01 -0.1140738E-03
  0.2514357E-01 -0.5193232E-04
  0.2515043E-01 -0.5191300E-04
  0.2518276E-01 -0.5247497E-04
  0.2527232E-01 -0.5429267E-04
  0.2526115E-01 -0.5403255E-04
  0.2522970E-01 -0.5342672E-04
  0.2506275E-01 -0.5004601E-04
  0.2501912E-01 -0.4925467E-04
  0.2502853E-01 -0.4964558E-04
  0.2505634E-01 -0.5045761E-04
  0.2506803E-01 -0.5097982E-04
  0.2506580E-01 -0.5122325E-04
  0.2505735E-01 -0.5130118E-04
  0.2504761E-01 -0.5138365E-04
  0.2503926E-01 -0.5149685E-04
  0.2503291E-01 -0.5160966E-04
  0.2502922E-01 -0.5170263E-04
  0.2502779E-01 -0.5180473E-04
  0.2502804E-01 -0.5190287E-04
  0.2503012E-01 -0.5193234E-04
  0.2503377E-01 -0.5192662E-04
  0.2503861E-01 -0.5191342E-04
  0.2504455E-01 -0.5186649E-04
  0.2505233E-01 -0.5181647E-04
  0.2506207E-01 -0.5177281E-04
  0.2507257E-01 -0.5171816E-04
  0.2508418E-01 -0.5166979E-04
  0.2509689E-01 -0.5165153E-04
  0.2641891E-01 -0.1135181E-03
  0.2831537E-01 -0.1820161E-03
  0.3074648E-01 -0.2591523E-03
  0.3372725E-01 -0.3470494E-03
  0.3728751E-01 -0.4476895E-03
  0.4147382E-01 -0.5628134E-03
  0.4633794E-01 -0.6943707E-03
  0.5194230E-01 -0.8440816E-03
  0.5831617E-01 -0.1012708E-02
  0.6549203E-01 -0.1200609E-02
  0.7332947E-01 -0.1403353E-02
  0.8140059E-01 -0.1608146E-02
  0.8877987E-01 -0.1788150E-02
  0.9365071E-01 -0.1891875E-02
  0.9194252E-01 -0.1805944E-02
  0.7433582E-01 -0.1273950E-02
  0.1573089E-01  0.3870441E-03
  0.1563858E-01  0.3890463E-03
  0.1554800E-01  0.3910692E-03
  0.1552550E-01  0.3914054E-03
  0.1551900E-01  0.3912388E-03
  0.1549422E-01  0.3913619E-03
  0.1550918E-01  0.3904237E-03
  0.1550060E-01  0.3903228E-03
  0.1548475E-01  0.3906675E-03
  0.1542134E-01  0.3924718E-03
  0.1539560E-01  0.3933723E-03
  0.1537828E-01  0.3941946E-03
  0.1533300E-01  0.3958577E-03
  0.1530701E-01  0.3970028E-03
  0.1534713E-01  0.3962855E-03
  0.1539504E-01  0.3953860E-03
  0.1546308E-01  0.3940330E-03
  0.1551655E-01  0.3931763E-03
  0.1560404E-01  0.3913377E-03
  0.1568794E-01  0.3895784E-03
  0.1577757E-01  0.3877046E-03
  0.1586269E-01  0.3859873E-03
  0.1591295E-01  0.3850613E-03
  0.1595457E-01  0.3840487E-03
  0.1610859E-01  0.3796140E-03
  0.1620779E-01  0.3764459E-03
  0.1634876E-01  0.3720580E-03
  0.1630413E-01  0.3727500E-03
  0.7477646E-01 -0.1284507E-02
  0.9393956E-01 -0.1898029E-02
  0.7349095E-01 -0.1406182E-02
  0.6563602E-01 -0.1202989E-02
  0.5844560E-01 -0.1014695E-02
  0.5205944E-01 -0.8458244E-03
  0.4638924E-01 -0.6945917E-03
  0.4142405E-01 -0.5608355E-03
  0.3729779E-01 -0.4469958E-03
  0.3377281E-01 -0.3471885E-03
  0.3092955E-01 -0.2622317E-03
  0.2851708E-01 -0.1854475E-03
  0.2655056E-01 -0.1154436E-03
  0.2666371E-01 -0.1177463E-03
  0.2658869E-01 -0.1161318E-03
  0.2678511E-01 -0.1202465E-03
  0.2655138E-01 -0.1153383E-03
  0.2631691E-01 -0.1104550E-03
  0.2622857E-01 -0.1086759E-03
  0.2622990E-01 -0.1089156E-03
  0.2630995E-01 -0.1108491E-03
  0.2635592E-01 -0.1120997E-03
  0.2636994E-01 -0.1126880E-03
  0.2636884E-01 -0.1129550E-03
  0.2636191E-01 -0.1130774E-03
  0.2635435E-01 -0.1131671E-03
  0.2634855E-01 -0.1132532E-03
  0.2634487E-01 -0.1133787E-03
  0.2634325E-01 -0.1135077E-03
  0.2634399E-01 -0.1135776E-03
  0.2634635E-01 -0.1136335E-03
  0.2634965E-01 -0.1136679E-03
  0.2635457E-01 -0.1136711E-03
  0.2636193E-01 -0.1136580E-03
  0.2637072E-01 -0.1136185E-03
  0.2638120E-01 -0.1135665E-03
  0.2639347E-01 -0.1135422E-03
  0.2640682E-01 -0.1135517E-03
  0.2830046E-01 -0.1819826E-03
  0.3370748E-01 -0.3469398E-03
  0.3072964E-01 -0.2590685E-03
  0.3726694E-01 -0.4475171E-03
  0.4145066E-01 -0.5625910E-03
  0.4631187E-01 -0.6941060E-03
  0.5191283E-01 -0.8437287E-03
  0.5828268E-01 -0.1012227E-02
  0.6545178E-01 -0.1199991E-02
  0.7328269E-01 -0.1402573E-02
  0.8134516E-01 -0.1607093E-02
  0.8870172E-01 -0.1786528E-02
  0.9357006E-01 -0.1890200E-02
  0.9186441E-01 -0.1804343E-02
  0.7425587E-01 -0.1272289E-02
  0.7419685E-01 -0.1271137E-02
  0.7418054E-01 -0.1271515E-02
  0.7419530E-01 -0.1271523E-02
  0.7415436E-01 -0.1271230E-02
  0.7416214E-01 -0.1271841E-02
  0.7413968E-01 -0.1271475E-02
  0.7412673E-01 -0.1271201E-02
  0.7408769E-01 -0.1270082E-02
  0.7406873E-01 -0.1269422E-02
  0.7407939E-01 -0.1269477E-02
  0.7407065E-01 -0.1268886E-02
  0.7403404E-01 -0.1267492E-02
  0.7403747E-01 -0.1267154E-02
  0.7407980E-01 -0.1267872E-02
  0.7414401E-01 -0.1269132E-02
  0.7422353E-01 -0.1270788E-02
  0.7427435E-01 -0.1271631E-02
  0.7438162E-01 -0.1274025E-02
  0.7444140E-01 -0.1275164E-02
  0.7450444E-01 -0.1276391E-02
  0.7455892E-01 -0.1277494E-02
  0.7460614E-01 -0.1278647E-02
  0.7468115E-01 -0.1280786E-02
  0.7475512E-01 -0.1283067E-02
  0.7477862E-01 -0.1284081E-02
  0.8904174E-01 -0.1793563E-02
  0.8159165E-01 -0.1611656E-02
  0.9231979E-01 -0.1814363E-02
  0.5847700E-01 -0.1015292E-02
  0.6566716E-01 -0.1203569E-02
  0.4636287E-01 -0.6939687E-03
  0.4148292E-01 -0.5621394E-03
  0.3723174E-01 -0.4455635E-03
  0.3368294E-01 -0.3451660E-03
  0.3089727E-01 -0.2614537E-03
  0.2866451E-01 -0.1884941E-03
  0.2847296E-01 -0.1844462E-03
  0.2801095E-01 -0.1746682E-03
  0.2836531E-01 -0.1821328E-03
  0.2836459E-01 -0.1820727E-03
  0.2847040E-01 -0.1843100E-03
  0.2823241E-01 -0.1795338E-03
  0.2819619E-01 -0.1790289E-03
  0.2823590E-01 -0.1801701E-03
  0.2825311E-01 -0.1808368E-03
  0.2825515E-01 -0.1811953E-03
  0.2824807E-01 -0.1813373E-03
  0.2824003E-01 -0.1814318E-03
  0.2823426E-01 -0.1815519E-03
  0.2823088E-01 -0.1816634E-03
  0.2822991E-01 -0.1817673E-03
  0.2823030E-01 -0.1818646E-03
  0.2823196E-01 -0.1819263E-03
  0.2823590E-01 -0.1819423E-03
  0.2824201E-01 -0.1819401E-03
  0.2825048E-01 -0.1819654E-03
  0.2826108E-01 -0.1819759E-03
  0.2827278E-01 -0.1819645E-03
  0.2828744E-01 -0.1819881E-03
  0.4142964E-01 -0.5624627E-03
  0.4628905E-01 -0.6938780E-03
  0.3368975E-01 -0.3468583E-03
  0.3724682E-01 -0.4473597E-03
  0.3071338E-01 -0.2590191E-03
  0.5188604E-01 -0.8434664E-03
  0.5825312E-01 -0.1011851E-02
  0.6541730E-01 -0.1199509E-02
  0.7324343E-01 -0.1401974E-02
  0.8130720E-01 -0.1606546E-02
  0.8866476E-01 -0.1785977E-02
  0.9361068E-01 -0.1891823E-02
  0.9184158E-01 -0.1804227E-02
  0.9183741E-01 -0.1805685E-02
  0.9184449E-01 -0.1806094E-02
  0.9182239E-01 -0.1804571E-02
  0.9182680E-01 -0.1805092E-02
  0.9183384E-01 -0.1804464E-02
  0.9181537E-01 -0.1805401E-02
  0.9178543E-01 -0.1804560E-02
  0.9177575E-01 -0.1804173E-02
  0.9175552E-01 -0.1803376E-02
  0.9176503E-01 -0.1803332E-02
  0.9174536E-01 -0.1802407E-02
  0.9175771E-01 -0.1802340E-02
  0.9179632E-01 -0.1802961E-02
  0.9184474E-01 -0.1803800E-02
  0.9191299E-01 -0.1805156E-02
  0.9199819E-01 -0.1806973E-02
  0.9205650E-01 -0.1808090E-02
  0.9209286E-01 -0.1808585E-02
  0.9214044E-01 -0.1809456E-02
  0.9219359E-01 -0.1810555E-02
  0.9223596E-01 -0.1811535E-02
  0.9226733E-01 -0.1812432E-02
  0.9231584E-01 -0.1813944E-02
  0.8906117E-01 -0.1793882E-02
  0.8160341E-01 -0.1611721E-02
  0.5207876E-01 -0.8461783E-03
  0.9390257E-01 -0.1896713E-02
  0.7351118E-01 -0.1406468E-02
  0.4655950E-01 -0.6984978E-03
  0.4154543E-01 -0.5636963E-03
  0.3067178E-01 -0.2566091E-03
  0.3085024E-01 -0.2605263E-03
  0.3074682E-01 -0.2585922E-03
  0.3108741E-01 -0.2655739E-03
  0.3077923E-01 -0.2588519E-03
  0.3042684E-01 -0.2514191E-03
  0.3062439E-01 -0.2555756E-03
  0.6539111E-01 -0.1199225E-02
  0.3072534E-01 -0.2588203E-03
  0.3068402E-01 -0.2582596E-03
  0.3066986E-01 -0.2582500E-03
  0.3065964E-01 -0.2582961E-03
  0.3065333E-01 -0.2583964E-03
  0.3065003E-01 -0.2585162E-03
  0.3064864E-01 -0.2586314E-03
  0.3064881E-01 -0.2587239E-03
  0.3065087E-01 -0.2587826E-03
  0.3065606E-01 -0.2588461E-03
  0.3066393E-01 -0.2589140E-03
  0.3067415E-01 -0.2589436E-03
  0.3068622E-01 -0.2589659E-03
  0.3069980E-01 -0.2590054E-03
  0.5186433E-01 -0.8432678E-03
  0.5822932E-01 -0.1011643E-02
  0.4626890E-01 -0.6937340E-03
  0.4140902E-01 -0.5622978E-03
  0.3367337E-01 -0.3467874E-03
  0.3722828E-01 -0.4472599E-03
  0.9355194E-01 -0.1891912E-02
  0.7322216E-01 -0.1401827E-02
  0.8128107E-01 -0.1606288E-02
  0.8865100E-01 -0.1786065E-02
  0.9356948E-01 -0.1891158E-02
  0.9350530E-01 -0.1890720E-02
  0.9356156E-01 -0.1892287E-02
  0.9356372E-01 -0.1892213E-02
  0.9354076E-01 -0.1891405E-02
  0.9357482E-01 -0.1891711E-02
  0.9355517E-01 -0.1891502E-02
  0.9353986E-01 -0.1891369E-02
  0.9352180E-01 -0.1890560E-02
  0.9351166E-01 -0.1889924E-02
  0.9352493E-01 -0.1889873E-02
  0.9353647E-01 -0.1889748E-02
  0.9361731E-01 -0.1891497E-02
  0.9364399E-01 -0.1891725E-02
  0.9371116E-01 -0.1893068E-02
  0.9378850E-01 -0.1894699E-02
  0.9387682E-01 -0.1896666E-02
  0.9388604E-01 -0.1896563E-02
  0.9391276E-01 -0.1897005E-02
  0.9394852E-01 -0.1897821E-02
  0.9396885E-01 -0.1898348E-02
  0.7351779E-01 -0.1406500E-02
  0.5216889E-01 -0.8482513E-03
  0.8159370E-01 -0.1611355E-02
  0.3074826E-01 -0.2589792E-03
  0.8900569E-01 -0.1792228E-02
  0.6571274E-01 -0.1204516E-02
  0.3346318E-01 -0.3405041E-03
  0.3726301E-01 -0.4464086E-03
  0.5854326E-01 -0.1016767E-02
  0.4669552E-01 -0.7015859E-03
  0.4159923E-01 -0.5649424E-03
  0.3347166E-01 -0.3406035E-03
  0.3394631E-01 -0.3509026E-03
  0.3398146E-01 -0.3519715E-03
  0.3368333E-01 -0.3453601E-03
  0.3397145E-01 -0.3513544E-03
  0.3375465E-01 -0.3466612E-03
  0.8126530E-01 -0.1606257E-02
  0.3372956E-01 -0.3472384E-03
  0.4625084E-01 -0.6936134E-03
  0.3364659E-01 -0.3460492E-03
  0.3367356E-01 -0.3463388E-03
  0.3362074E-01 -0.3460340E-03
  0.3361700E-01 -0.3461472E-03
  0.3361523E-01 -0.3462372E-03
  0.3361519E-01 -0.3463305E-03
  0.3361949E-01 -0.3464419E-03
  0.3362621E-01 -0.3465276E-03
  0.3363550E-01 -0.3466207E-03
  0.3364606E-01 -0.3466881E-03
  0.3365921E-01 -0.3467479E-03
  0.3721187E-01 -0.4471602E-03
  0.8854860E-01 -0.1784458E-02
  0.5821276E-01 -0.1011569E-02
  0.5184251E-01 -0.8430555E-03
  0.4139123E-01 -0.5621773E-03
  0.8856691E-01 -0.1784510E-02
  0.8864634E-01 -0.1786363E-02
  0.8858291E-01 -0.1785443E-02
  0.7320937E-01 -0.1401869E-02
  0.8863287E-01 -0.1786356E-02
  0.8856960E-01 -0.1784235E-02
  0.8855811E-01 -0.1784849E-02
  0.8856998E-01 -0.1785190E-02
  0.8859961E-01 -0.1785724E-02
  0.8856274E-01 -0.1784655E-02
  0.8857083E-01 -0.1783869E-02
  0.8859089E-01 -0.1783985E-02
  0.8862968E-01 -0.1784556E-02
  0.8869717E-01 -0.1785935E-02
  0.8875453E-01 -0.1787028E-02
  0.8881219E-01 -0.1788126E-02
  0.8884576E-01 -0.1788620E-02
  0.8887946E-01 -0.1789173E-02
  0.8891284E-01 -0.1789825E-02
  0.8895791E-01 -0.1790915E-02
  0.6569623E-01 -0.1204112E-02
  0.5221186E-01 -0.8492584E-03
  0.3381345E-01 -0.3486932E-03
  0.8158658E-01 -0.1611127E-02
  0.3720994E-01 -0.4452479E-03
  0.5856229E-01 -0.1017228E-02
  0.7352866E-01 -0.1406715E-02
  0.3362821E-01 -0.3459333E-03
  0.6537078E-01 -0.1199062E-02
  0.4177415E-01 -0.5686732E-03
  0.3743200E-01 -0.4498542E-03
  0.3735628E-01 -0.4484906E-03
  0.4623220E-01 -0.6934591E-03
  0.3717833E-01 -0.4462855E-03
  0.3726828E-01 -0.4473159E-03
  0.8125649E-01 -0.1606353E-02
  0.3716351E-01 -0.4465758E-03
  0.4137491E-01 -0.5620482E-03
  0.6536345E-01 -0.1199174E-02
  0.3722667E-01 -0.4467455E-03
  0.3716448E-01 -0.4464439E-03
  0.3717041E-01 -0.4468189E-03
  0.3717691E-01 -0.4469210E-03
  0.3718783E-01 -0.4470547E-03
  0.3719847E-01 -0.4470996E-03
  0.8123086E-01 -0.1604879E-02
  0.5819538E-01 -0.1011426E-02
  0.8123141E-01 -0.1606193E-02
  0.8121707E-01 -0.1605656E-02
  0.5182992E-01 -0.8430231E-03
  0.8129156E-01 -0.1605636E-02
  0.8121547E-01 -0.1604815E-02
  0.8121131E-01 -0.1605304E-02
  0.8125574E-01 -0.1605123E-02
  0.8124120E-01 -0.1606381E-02
  0.8122358E-01 -0.1605941E-02
  0.7319707E-01 -0.1401853E-02
  0.3716389E-01 -0.4466494E-03
  0.3716799E-01 -0.4462956E-03
  0.8132968E-01 -0.1606239E-02
  0.8137243E-01 -0.1606964E-02
  0.8141351E-01 -0.1607663E-02
  0.8146170E-01 -0.1608546E-02
  0.8151236E-01 -0.1609521E-02
  0.8155693E-01 -0.1610438E-02
  0.7350338E-01 -0.1406197E-02
  0.5211413E-01 -0.8470286E-03
  0.5848974E-01 -0.1015598E-02
  0.4651622E-01 -0.6974675E-03
  0.3719677E-01 -0.4464002E-03
  0.8120885E-01 -0.1604956E-02
  0.3729988E-01 -0.4471096E-03
  0.3734547E-01 -0.4480142E-03
  0.6566596E-01 -0.1203477E-02
  0.8125099E-01 -0.1606446E-02
  0.3734637E-01 -0.4486613E-03
  0.4135163E-01 -0.5611454E-03
  0.7329594E-01 -0.1402127E-02
  0.7325656E-01 -0.1401498E-02
  0.7332624E-01 -0.1402579E-02
  0.4133667E-01 -0.5614553E-03
  0.7318074E-01 -0.1400653E-02
  0.6535150E-01 -0.1199144E-02
  0.4139158E-01 -0.5614609E-03
  0.4133863E-01 -0.5613375E-03
  0.4159289E-01 -0.5644885E-03
  0.4134442E-01 -0.5617574E-03
  0.4135324E-01 -0.5619033E-03
  0.7315943E-01 -0.1401255E-02
  0.5818348E-01 -0.1011341E-02
  0.7322472E-01 -0.1401081E-02
  0.7315791E-01 -0.1401024E-02
  0.7316796E-01 -0.1401571E-02
  0.7319845E-01 -0.1400747E-02
  0.5182077E-01 -0.8430319E-03
  0.7315716E-01 -0.1400741E-02
  0.7317531E-01 -0.1401689E-02
  0.4151561E-01 -0.5627653E-03
  0.4136177E-01 -0.5619391E-03
  0.7316518E-01 -0.1400616E-02
  0.7316358E-01 -0.1401462E-02
  0.7317864E-01 -0.1401608E-02
  0.7338177E-01 -0.1403652E-02
  0.7345987E-01 -0.1405311E-02
  0.4136553E-01 -0.5611941E-03
  0.5843738E-01 -0.1014474E-02
  0.4641023E-01 -0.6950550E-03
  0.5195457E-01 -0.8434093E-03
  0.4141116E-01 -0.5608660E-03
  0.4621549E-01 -0.6932835E-03
  0.4141856E-01 -0.5613341E-03
  0.4140678E-01 -0.5614315E-03
  0.4133932E-01 -0.5616122E-03
  0.6559964E-01 -0.1202050E-02
  0.4154817E-01 -0.5636678E-03
  0.4134276E-01 -0.5612131E-03
  0.6555092E-01 -0.1201089E-02
  0.6533065E-01 -0.1198542E-02
  0.4626516E-01 -0.6919932E-03
  0.4619343E-01 -0.6928295E-03
  0.5817481E-01 -0.1011290E-02
  0.4619712E-01 -0.6930004E-03
  0.4624574E-01 -0.6924307E-03
  0.4623592E-01 -0.6918764E-03
  0.4620385E-01 -0.6931680E-03
  0.4620927E-01 -0.6932458E-03
  0.6532931E-01 -0.1198689E-02
  0.6542820E-01 -0.1198718E-02
  0.6533235E-01 -0.1198347E-02
  0.6538521E-01 -0.1198320E-02
  0.4622646E-01 -0.6926374E-03
  0.6533862E-01 -0.1199060E-02
  0.6537058E-01 -0.1198308E-02
  0.6533150E-01 -0.1198863E-02
  0.6534391E-01 -0.1199117E-02
  0.4620259E-01 -0.6926827E-03
  0.4632369E-01 -0.6931674E-03
  0.6533753E-01 -0.1198183E-02
  0.4631318E-01 -0.6932878E-03
  0.6540690E-01 -0.1198507E-02
  0.4619529E-01 -0.6927203E-03
  0.4620923E-01 -0.6925736E-03
  0.5180653E-01 -0.8428530E-03
  0.6535060E-01 -0.1198168E-02
  0.5198092E-01 -0.8440721E-03
  0.4622749E-01 -0.6923350E-03
  0.6548841E-01 -0.1199860E-02
  0.5829391E-01 -0.1011303E-02
  0.5816146E-01 -0.1010760E-02
  0.5822435E-01 -0.1010439E-02
  0.5830087E-01 -0.1011651E-02
  0.5179900E-01 -0.8421997E-03
  0.5179646E-01 -0.8426436E-03
  0.5182764E-01 -0.8416495E-03
  0.3751398E-01 -0.4516110E-03
  0.5825704E-01 -0.1010900E-02
  0.5816548E-01 -0.1010616E-02
  0.5820720E-01 -0.1010351E-02
  0.5179834E-01 -0.8427160E-03
  0.5193864E-01 -0.8433124E-03
  0.5183310E-01 -0.8421110E-03
  0.5819592E-01 -0.1010423E-02
  0.5816823E-01 -0.1011204E-02
  0.5179282E-01 -0.8424507E-03
  0.5817182E-01 -0.1010481E-02
  0.5181525E-01 -0.8420054E-03
  0.5816013E-01 -0.1010905E-02
  0.5816346E-01 -0.1011073E-02
  0.5818109E-01 -0.1010405E-02
  0.5181192E-01 -0.8422298E-03
  0.5179310E-01 -0.8422856E-03
  0.5184949E-01 -0.8415356E-03
  0.5184542E-01 -0.8417306E-03
  0.1387083E+01 -0.3573359E-01
  0.1479012E+01 -0.3838829E-01
  0.1331271E+01 -0.3414694E-01
  0.1387664E+01 -0.3575017E-01
  0.1422015E+01 -0.3662625E-01
  0.1423604E+01 -0.3666821E-01
  0.1423485E+01 -0.3666556E-01
  0.1423513E+01 -0.3666658E-01
  0.1423540E+01 -0.3666741E-01
  0.1423564E+01 -0.3666799E-01
  0.1423590E+01 -0.3666863E-01
  0.1423605E+01 -0.3666895E-01
  0.1423612E+01 -0.3666917E-01
  0.1423627E+01 -0.3666959E-01
  0.1423666E+01 -0.3667064E-01
  0.1423678E+01 -0.3667102E-01
  0.1423713E+01 -0.3667205E-01
  0.1423772E+01 -0.3667375E-01
  0.1423823E+01 -0.3667531E-01
  0.1423879E+01 -0.3667701E-01
  0.1423888E+01 -0.3667736E-01
  0.1423806E+01 -0.3667566E-01
  0.1419939E+01 -0.3657751E-01
  0.1387848E+01 -0.3575920E-01
  0.1388279E+01 -0.3576927E-01
  0.1387942E+01 -0.3576075E-01
  0.1478886E+01 -0.3838506E-01
  0.1387919E+01 -0.3576002E-01
  0.1388320E+01 -0.3577060E-01
  0.1388030E+01 -0.3576323E-01
  0.1478322E+01 -0.3837052E-01
  0.1388155E+01 -0.3576669E-01
  0.1388020E+01 -0.3576319E-01
  0.1388315E+01 -0.3577130E-01
  0.1478240E+01 -0.3836893E-01
  0.1388365E+01 -0.3577278E-01
  0.1387975E+01 -0.3576256E-01
  0.1388314E+01 -0.3577150E-01
  0.1478247E+01 -0.3836971E-01
  0.1388317E+01 -0.3577177E-01
  0.1388113E+01 -0.3576699E-01
  0.1388346E+01 -0.3577308E-01
  0.1478150E+01 -0.3836758E-01
  0.1388295E+01 -0.3577197E-01
  0.1388128E+01 -0.3576788E-01
  0.1388250E+01 -0.3577105E-01
  0.1477997E+01 -0.3836356E-01
  0.1388198E+01 -0.3576996E-01
  0.1387967E+01 -0.3576372E-01
  0.1388179E+01 -0.3576970E-01
  0.1478012E+01 -0.3836431E-01
  0.1388132E+01 -0.3576849E-01
  0.1387964E+01 -0.3576390E-01
  0.1388063E+01 -0.3576658E-01
  0.1478100E+01 -0.3836678E-01
  0.1387980E+01 -0.3576401E-01
  0.1388047E+01 -0.3576645E-01
  0.1388064E+01 -0.3576609E-01
  0.1478203E+01 -0.3836957E-01
  0.1388158E+01 -0.3576828E-01
  0.1388116E+01 -0.3576825E-01
  0.1388104E+01 -0.3576629E-01
  0.1478296E+01 -0.3837191E-01
  0.1388033E+01 -0.3576384E-01
  0.1388157E+01 -0.3576919E-01
  0.1388181E+01 -0.3576714E-01
  0.1478404E+01 -0.3837453E-01
  0.1388461E+01 -0.3577426E-01
  0.1388169E+01 -0.3576928E-01
  0.1388041E+01 -0.3576227E-01
  0.1387703E+01 -0.3575191E-01
  0.1473228E+01 -0.3824003E-01
  0.1478517E+01 -0.3837723E-01
  0.1335512E+01 -0.3425993E-01
  0.1388224E+01 -0.3577047E-01
  0.1335509E+01 -0.3425982E-01
  0.1478635E+01 -0.3838010E-01
  0.1335584E+01 -0.3426196E-01
  0.1388268E+01 -0.3577138E-01
  0.1335690E+01 -0.3426491E-01
  0.1478709E+01 -0.3838182E-01
  0.1335804E+01 -0.3426833E-01
  0.1388328E+01 -0.3577268E-01
  0.1335775E+01 -0.3426759E-01
  0.1478680E+01 -0.3838063E-01
  0.1335717E+01 -0.3426609E-01
  0.1388294E+01 -0.3577136E-01
  0.1335752E+01 -0.3426731E-01
  0.1478696E+01 -0.3838095E-01
  0.1335754E+01 -0.3426783E-01
  0.1388275E+01 -0.3577061E-01
  0.1335733E+01 -0.3426757E-01
  0.1478666E+01 -0.3838001E-01
  0.1335735E+01 -0.3426792E-01
  0.1388328E+01 -0.3577201E-01
  0.1335762E+01 -0.3426898E-01
  0.1478517E+01 -0.3837572E-01
  0.1335773E+01 -0.3426952E-01
  0.1388253E+01 -0.3576972E-01
  0.1335724E+01 -0.3426828E-01
  0.1478266E+01 -0.3836882E-01
  0.1335655E+01 -0.3426625E-01
  0.1388069E+01 -0.3576455E-01
  0.1335615E+01 -0.3426482E-01
  0.1478071E+01 -0.3836338E-01
  0.1335718E+01 -0.3426741E-01
  0.1387941E+01 -0.3576100E-01
  0.1335722E+01 -0.3426709E-01
  0.1478050E+01 -0.3836281E-01
  0.1335582E+01 -0.3426266E-01
  0.1387902E+01 -0.3575982E-01
  0.1335439E+01 -0.3425812E-01
  0.1477938E+01 -0.3836045E-01
  0.1335518E+01 -0.3425952E-01
  0.1387935E+01 -0.3576097E-01
  0.1335699E+01 -0.3426423E-01
  0.1386806E+01 -0.3572728E-01
  0.1335620E+01 -0.3426313E-01
  0.1386777E+01 -0.3572566E-01
  0.0000000E+00  0.0000000E+00
  0.0000000E+00  0.0000000E+00
  0.0000000E+00  0.0000000E+00
  0.0000000E+00  0.0000000E+00
  0.0000000E+00  0.0000000E+00
  0.0000000E+00  0.0000000E+00
  0.0000000E+00  0.0000000E+00
  0.0000000E+00  0.0000000E+00
  0.0000000E+00  0.0000000E+00
  0.0000000E+00  0.0000000E+00
  0.0000000E+00  0.0000000E+00
  0.0000000E+00  0.0000000E+00
  0.0000000E+00  0.0000000E+00
  0.0000000E+00  0.0000000E+00
  0.0000000E+00  0.0000000E+00
  0.0000000E+00  0.0000000E+00
  0.0000000E+00  0.0000000E+00
  0.0000000E+00  0.0000000E+00
  0.0000000E+00  0.0000000E+00
  0.0000000E+00  0.0000000E+00
  0.0000000E+00  0.0000000E+00
  0.0000000E+00  0.0000000E+00
  0.0000000E+00  0.0000000E+00
  0.0000000E+00  0.0000000E+00
  0.0000000E+00  0.0000000E+00
  0.0000000E+00  0.0000000E+00
  0.0000000E+00  0.0000000E+00
  0.0000000E+00  0.0000000E+00
  0.0000000E+00  0.0000000E+00
  0.0000000E+00  0.0000000E+00
  0.0000000E+00  0.0000000E+00
  0.0000000E+00  0.0000000E+00
  0.0000000E+00  0.0000000E+00
  0.0000000E+00  0.0000000E+00
  0.0000000E+00  0.0000000E+00
  0.0000000E+00  0.0000000E+00
  0.0000000E+00  0.0000000E+00
  0.0000000E+00  0.0000000E+00
  0.0000000E+00  0.0000000E+00
  0.0000000E+00  0.0000000E+00
  0.0000000E+00  0.0000000E+00
  0.0000000E+00  0.0000000E+00
  0.0000000E+00  0.0000000E+00
  0.0000000E+00  0.0000000E+00
  0.0000000E+00  0.0000000E+00
  0.0000000E+00  0.0000000E+00
  0.0000000E+00  0.0000000E+00
  0.0000000E+00  0.0000000E+00
  0.0000000E+00  0.0000000E+00
  0.0000000E+00  0.0000000E+00
  0.0000000E+00  0.0000000E+00
  0.0000000E+00  0.0000000E+00
  0.0000000E+00  0.0000000E+00
  0.0000000E+00  0.0000000E+00
  0.0000000E+00  0.0000000E+00
  0.0000000E+00  0.0000000E+00
  0.0000000E+00  0.0000000E+00
  0.0000000E+00  0.0000000E+00
  0.0000000E+00  0.0000000E+00
  0.0000000E+00  0.0000000E+00
  0.0000000E+00  0.0000000E+00
  0.0000000E+00  0.0000000E+00
  0.0000000E+00  0.0000000E+00
  0.0000000E+00  0.0000000E+00
  0.0000000E+00  0.0000000E+00
  0.0000000E+00  0.0000000E+00
  0.0000000E+00  0.0000000E+00
  0.0000000E+00  0.0000000E+00
  0.0000000E+00  0.0000000E+00
  0.0000000E+00  0.0000000E+00
  0.0000000E+00  0.0000000E+00
  0.0000000E+00  0.0000000E+00
  0.0000000E+00  0.0000000E+00
  0.0000000E+00  0.0000000E+00
  0.0000000E+00  0.0000000E+00
  0.0000000E+00  0.0000000E+00
  0.0000000E+00  0.0000000E+00
  0.0000000E+00  0.0000000E+00
  0.0000000E+00  0.0000000E+00
  0.0000000E+00  0.0000000E+00
  0.0000000E+00  0.0000000E+00
  0.0000000E+00  0.0000000E+00
  0.0000000E+00  0.0000000E+00
  0.0000000E+00  0.0000000E+00
  0.0000000E+00  0.0000000E+00
  0.0000000E+00  0.0000000E+00
  0.0000000E+00  0.0000000E+00
  0.0000000E+00  0.0000000E+00
  0.0000000E+00  0.0000000E+00
  0.0000000E+00  0.0000000E+00
  0.0000000E+00  0.0000000E+00
  0.0000000E+00  0.0000000E+00
  0.0000000E+00  0.0000000E+00
  0.0000000E+00  0.0000000E+00
  0.0000000E+00  0.0000000E+00
  0.0000000E+00  0.0000000E+00
  0.0000000E+00  0.0000000E+00
  0.0000000E+00  0.0000000E+00
  0.0000000E+00  0.0000000E+00
  0.0000000E+00  0.0000000E+00
  0.0000000E+00  0.0000000E+00
  0.0000000E+00  0.0000000E+00
  0.0000000E+00  0.0000000E+00
  0.0000000E+00  0.0000000E+00
  0.0000000E+00  0.0000000E+00
  0.0000000E+00  0.0000000E+00
  0.0000000E+00  0.0000000E+00
  0.0000000E+00  0.0000000E+00
  0.0000000E+00  0.0000000E+00
  0.0000000E+00  0.0000000E+00
  0.0000000E+00  0.0000000E+00
  0.0000000E+00  0.0000000E+00
  0.0000000E+00  0.0000000E+00
  0.0000000E+00  0.0000000E+00
  0.0000000E+00  0.0000000E+00
  0.0000000E+00  0.0000000E+00
  0.0000000E+00  0.0000000E+00
  0.0000000E+00  0.0000000E+00
  0.0000000E+00  0.0000000E+00
  0.0000000E+00  0.0000000E+00
  0.0000000E+00  0.0000000E+00
  0.0000000E+00  0.0000000E+00
  0.0000000E+00  0.0000000E+00
  0.0000000E+00  0.0000000E+00
  0.0000000E+00  0.0000000E+00
  0.0000000E+00  0.0000000E+00
  0.0000000E+00  0.0000000E+00
  0.0000000E+00  0.0000000E+00
  0.0000000E+00  0.0000000E+00
  0.0000000E+00  0.0000000E+00
  0.0000000E+00  0.0000000E+00
  0.0000000E+00  0.0000000E+00
  0.0000000E+00  0.0000000E+00
  0.0000000E+00  0.0000000E+00
  0.0000000E+00  0.0000000E+00
  0.0000000E+00  0.0000000E+00
  0.0000000E+00  0.0000000E+00
  0.0000000E+00  0.0000000E+00
  0.0000000E+00  0.0000000E+00
  0.0000000E+00  0.0000000E+00
  0.0000000E+00  0.0000000E+00
  0.0000000E+00  0.0000000E+00
  0.0000000E+00  0.0000000E+00
  0.0000000E+00  0.0000000E+00
  0.0000000E+00  0.0000000E+00
  0.0000000E+00  0.0000000E+00
  0.0000000E+00  0.0000000E+00
  0.0000000E+00  0.0000000E+00
  0.0000000E+00  0.0000000E+00
  0.0000000E+00  0.0000000E+00
  0.0000000E+00  0.0000000E+00
  0.0000000E+00  0.0000000E+00
  0.0000000E+00  0.0000000E+00
  0.0000000E+00  0.0000000E+00
  0.0000000E+00  0.0000000E+00
  0.0000000E+00  0.0000000E+00
  0.0000000E+00  0.0000000E+00
  0.0000000E+00  0.0000000E+00
  0.0000000E+00  0.0000000E+00
  0.0000000E+00  0.0000000E+00
  0.0000000E+00  0.0000000E+00
  0.0000000E+00  0.0000000E+00
  0.0000000E+00  0.0000000E+00
  0.0000000E+00  0.0000000E+00
  0.0000000E+00  0.0000000E+00
  0.0000000E+00  0.0000000E+00
  0.0000000E+00  0.0000000E+00
  0.0000000E+00  0.0000000E+00
  0.0000000E+00  0.0000000E+00
  0.0000000E+00  0.0000000E+00
  0.0000000E+00  0.0000000E+00
  0.0000000E+00  0.0000000E+00
  0.0000000E+00  0.0000000E+00
  0.0000000E+00  0.0000000E+00
  0.0000000E+00  0.0000000E+00
  0.0000000E+00  0.0000000E+00
  0.0000000E+00  0.0000000E+00
  0.0000000E+00  0.0000000E+00
  0.0000000E+00  0.0000000E+00
  0.0000000E+00  0.0000000E+00
  0.0000000E+00  0.0000000E+00
  0.0000000E+00  0.0000000E+00
  0.0000000E+00  0.0000000E+00
  0.0000000E+00  0.0000000E+00
  0.0000000E+00  0.0000000E+00
  0.0000000E+00  0.0000000E+00
  0.0000000E+00  0.0000000E+00
  0.0000000E+00  0.0000000E+00
  0.0000000E+00  0.0000000E+00
  0.0000000E+00  0.0000000E+00
  0.0000000E+00  0.0000000E+00
  0.0000000E+00  0.0000000E+00
  0.0000000E+00  0.0000000E+00
  0.0000000E+00  0.0000000E+00
  0.0000000E+00  0.0000000E+00
  0.0000000E+00  0.0000000E+00
  0.0000000E+00  0.0000000E+00
  0.0000000E+00  0.0000000E+00
  0.0000000E+00  0.0000000E+00
  0.0000000E+00  0.0000000E+00
  0.0000000E+00  0.0000000E+00
  0.0000000E+00  0.0000000E+00
  0.0000000E+00  0.0000000E+00
  0.0000000E+00  0.0000000E+00
  0.0000000E+00  0.0000000E+00
  0.0000000E+00  0.0000000E+00
  0.0000000E+00  0.0000000E+00
  0.0000000E+00  0.0000000E+00
  0.0000000E+00  0.0000000E+00
  0.0000000E+00  0.0000000E+00
  0.0000000E+00  0.0000000E+00
  0.0000000E+00  0.0000000E+00
  0.0000000E+00  0.0000000E+00
  0.0000000E+00  0.0000000E+00
  0.0000000E+00  0.0000000E+00
  0.0000000E+00  0.0000000E+00
  0.0000000E+00  0.0000000E+00
  0.0000000E+00  0.0000000E+00
  0.0000000E+00  0.0000000E+00
  0.0000000E+00  0.0000000E+00
  0.0000000E+00  0.0000000E+00
  0.0000000E+00  0.0000000E+00
  0.0000000E+00  0.0000000E+00
  0.0000000E+00  0.0000000E+00
  0.0000000E+00  0.0000000E+00
  0.0000000E+00  0.0000000E+00
  0.0000000E+00  0.0000000E+00
  0.0000000E+00  0.0000000E+00
  0.0000000E+00  0.0000000E+00
  0.0000000E+00  0.0000000E+00
  0.0000000E+00  0.0000000E+00
  0.0000000E+00  0.0000000E+00
  0.0000000E+00  0.0000000E+00
  0.0000000E+00  0.0000000E+00
  0.0000000E+00  0.0000000E+00
  0.0000000E+00  0.0000000E+00
  0.0000000E+00  0.0000000E+00
  0.0000000E+00  0.0000000E+00
  0.0000000E+00  0.0000000E+00
  0.0000000E+00  0.0000000E+00
  0.0000000E+00  0.0000000E+00
  0.0000000E+00  0.0000000E+00
  0.0000000E+00  0.0000000E+00
  0.0000000E+00  0.0000000E+00
  0.0000000E+00  0.0000000E+00
  0.0000000E+00  0.0000000E+00
  0.0000000E+00  0.0000000E+00
  0.0000000E+00  0.0000000E+00
  0.0000000E+00  0.0000000E+00
  0.0000000E+00  0.0000000E+00
  0.0000000E+00  0.0000000E+00
  0.0000000E+00  0.0000000E+00
  0.0000000E+00  0.0000000E+00
  0.0000000E+00  0.0000000E+00
  0.0000000E+00  0.0000000E+00
  0.0000000E+00  0.0000000E+00
  0.0000000E+00  0.0000000E+00
  0.0000000E+00  0.0000000E+00
  0.0000000E+00  0.0000000E+00
  0.0000000E+00  0.0000000E+00
  0.0000000E+00  0.0000000E+00
  0.0000000E+00  0.0000000E+00
  0.0000000E+00  0.0000000E+00
  0.0000000E+00  0.0000000E+00
  0.0000000E+00  0.0000000E+00
  0.0000000E+00  0.0000000E+00
  0.0000000E+00  0.0000000E+00
  0.0000000E+00  0.0000000E+00
  0.0000000E+00  0.0000000E+00
  0.0000000E+00  0.0000000E+00
  0.0000000E+00  0.0000000E+00
  0.0000000E+00  0.0000000E+00
  0.0000000E+00  0.0000000E+00
  0.0000000E+00  0.0000000E+00
  0.0000000E+00  0.0000000E+00
  0.0000000E+00  0.0000000E+00
  0.0000000E+00  0.0000000E+00
  0.0000000E+00  0.0000000E+00
  0.0000000E+00  0.0000000E+00
  0.0000000E+00  0.0000000E+00
  0.0000000E+00  0.0000000E+00
  0.0000000E+00  0.0000000E+00
  0.0000000E+00  0.0000000E+00
  0.0000000E+00  0.0000000E+00
  0.0000000E+00  0.0000000E+00
  0.0000000E+00  0.0000000E+00
  0.0000000E+00  0.0000000E+00
  0.0000000E+00  0.0000000E+00
  0.0000000E+00  0.0000000E+00
  0.0000000E+00  0.0000000E+00
  0.0000000E+00  0.0000000E+00
  0.0000000E+00  0.0000000E+00
  0.0000000E+00  0.0000000E+00
  0.0000000E+00  0.0000000E+00
  0.0000000E+00  0.0000000E+00
  0.0000000E+00  0.0000000E+00
  0.0000000E+00  0.0000000E+00
  0.0000000E+00  0.0000000E+00
  0.0000000E+00  0.0000000E+00
  0.0000000E+00  0.0000000E+00
  0.0000000E+00  0.0000000E+00
  0.0000000E+00  0.0000000E+00
  0.0000000E+00  0.0000000E+00
  0.0000000E+00  0.0000000E+00
  0.0000000E+00  0.0000000E+00
  0.0000000E+00  0.0000000E+00
  0.0000000E+00  0.0000000E+00
  0.0000000E+00  0.0000000E+00
  0.0000000E+00  0.0000000E+00
  0.0000000E+00  0.0000000E+00
  0.0000000E+00  0.0000000E+00
  0.0000000E+00  0.0000000E+00
  0.0000000E+00  0.0000000E+00
  0.0000000E+00  0.0000000E+00
  0.0000000E+00  0.0000000E+00
  0.0000000E+00  0.0000000E+00
  0.0000000E+00  0.0000000E+00
  0.0000000E+00  0.0000000E+00
  0.0000000E+00  0.0000000E+00
  0.0000000E+00  0.0000000E+00
  0.0000000E+00  0.0000000E+00
  0.0000000E+00  0.0000000E+00
  0.0000000E+00  0.0000000E+00
  0.0000000E+00  0.0000000E+00
  0.0000000E+00  0.0000000E+00
  0.0000000E+00  0.0000000E+00
  0.0000000E+00  0.0000000E+00
  0.0000000E+00  0.0000000E+00
  0.0000000E+00  0.0000000E+00
  0.0000000E+00  0.0000000E+00
  0.0000000E+00  0.0000000E+00
  0.0000000E+00  0.0000000E+00
  0.0000000E+00  0.0000000E+00
  0.0000000E+00  0.0000000E+00
  0.0000000E+00  0.0000000E+00
  0.0000000E+00  0.0000000E+00
  0.0000000E+00  0.0000000E+00
  0.0000000E+00  0.0000000E+00
  0.0000000E+00  0.0000000E+00
  0.0000000E+00  0.0000000E+00
  0.0000000E+00  0.0000000E+00
  0.0000000E+00  0.0000000E+00
  0.0000000E+00  0.0000000E+00
  0.0000000E+00  0.0000000E+00
  0.0000000E+00  0.0000000E+00
  0.0000000E+00  0.0000000E+00
  0.0000000E+00  0.0000000E+00
  0.0000000E+00  0.0000000E+00
  0.0000000E+00  0.0000000E+00
  0.0000000E+00  0.0000000E+00
  0.0000000E+00  0.0000000E+00
  0.0000000E+00  0.0000000E+00
  0.0000000E+00  0.0000000E+00
  0.0000000E+00  0.0000000E+00
  0.0000000E+00  0.0000000E+00
  0.0000000E+00  0.0000000E+00
  0.0000000E+00  0.0000000E+00
  0.0000000E+00  0.0000000E+00
  0.0000000E+00  0.0000000E+00
  0.0000000E+00  0.0000000E+00
  0.0000000E+00  0.0000000E+00
  0.0000000E+00  0.0000000E+00
  0.0000000E+00  0.0000000E+00
  0.0000000E+00  0.0000000E+00
  0.0000000E+00  0.0000000E+00
  0.0000000E+00  0.0000000E+00
  0.0000000E+00  0.0000000E+00
  0.0000000E+00  0.0000000E+00
  0.0000000E+00  0.0000000E+00
  0.0000000E+00  0.0000000E+00
  0.0000000E+00  0.0000000E+00
  0.0000000E+00  0.0000000E+00
  0.0000000E+00  0.0000000E+00
  0.0000000E+00  0.0000000E+00
  0.0000000E+00  0.0000000E+00
  0.0000000E+00  0.0000000E+00
  0.0000000E+00  0.0000000E+00
  0.0000000E+00  0.0000000E+00
  0.0000000E+00  0.0000000E+00
  0.0000000E+00  0.0000000E+00
  0.0000000E+00  0.0000000E+00
  0.0000000E+00  0.0000000E+00
  0.0000000E+00  0.0000000E+00
  0.0000000E+00  0.0000000E+00
  0.0000000E+00  0.0000000E+00
  0.0000000E+00  0.0000000E+00
  0.0000000E+00  0.0000000E+00
  0.0000000E+00  0.0000000E+00
  0.0000000E+00  0.0000000E+00
  0.0000000E+00  0.0000000E+00
  0.0000000E+00  0.0000000E+00
  0.0000000E+00  0.0000000E+00
  0.0000000E+00  0.0000000E+00
  0.0000000E+00  0.0000000E+00
  0.0000000E+00  0.0000000E+00
  0.0000000E+00  0.0000000E+00
  0.0000000E+00  0.0000000E+00
  0.0000000E+00  0.0000000E+00
  0.0000000E+00  0.0000000E+00
  0.0000000E+00  0.0000000E+00
  0.0000000E+00  0.0000000E+00
  0.0000000E+00  0.0000000E+00
  0.0000000E+00  0.0000000E+00
  0.0000000E+00  0.0000000E+00
  0.0000000E+00  0.0000000E+00
  0.0000000E+00  0.0000000E+00
  0.0000000E+00  0.0000000E+00
  0.0000000E+00  0.0000000E+00
  0.0000000E+00  0.0000000E+00
  0.0000000E+00  0.0000000E+00
  0.0000000E+00  0.0000000E+00
  0.0000000E+00  0.0000000E+00
  0.0000000E+00  0.0000000E+00
  0.0000000E+00  0.0000000E+00
  0.0000000E+00  0.0000000E+00
  0.0000000E+00  0.0000000E+00
  0.0000000E+00  0.0000000E+00
  0.0000000E+00  0.0000000E+00
  0.0000000E+00  0.0000000E+00
  0.0000000E+00  0.0000000E+00
  0.0000000E+00  0.0000000E+00
  0.0000000E+00  0.0000000E+00
  0.0000000E+00  0.0000000E+00
  0.0000000E+00  0.0000000E+00
  0.0000000E+00  0.0000000E+00
  0.0000000E+00  0.0000000E+00
  0.0000000E+00  0.0000000E+00
  0.0000000E+00  0.0000000E+00
  0.0000000E+00  0.0000000E+00
  0.0000000E+00  0.0000000E+00
  0.0000000E+00  0.0000000E+00
  0.0000000E+00  0.0000000E+00
  0.0000000E+00  0.0000000E+00
  0.0000000E+00  0.0000000E+00
  0.0000000E+00  0.0000000E+00
  0.0000000E+00  0.0000000E+00
  0.0000000E+00  0.0000000E+00
  0.0000000E+00  0.0000000E+00
  0.0000000E+00  0.0000000E+00
  0.0000000E+00  0.0000000E+00
  0.0000000E+00  0.0000000E+00
  0.0000000E+00  0.0000000E+00
  0.0000000E+00  0.0000000E+00
  0.0000000E+00  0.0000000E+00
  0.0000000E+00  0.0000000E+00
  0.0000000E+00  0.0000000E+00
  0.0000000E+00  0.0000000E+00
  0.0000000E+00  0.0000000E+00
  0.0000000E+00  0.0000000E+00
  0.0000000E+00  0.0000000E+00
  0.0000000E+00  0.0000000E+00
  0.0000000E+00  0.0000000E+00
  0.0000000E+00  0.0000000E+00
  0.0000000E+00  0.0000000E+00
  0.0000000E+00  0.0000000E+00
  0.0000000E+00  0.0000000E+00
  0.0000000E+00  0.0000000E+00
  0.0000000E+00  0.0000000E+00
  0.0000000E+00  0.0000000E+00
  0.0000000E+00  0.0000000E+00
  0.0000000E+00  0.0000000E+00
  0.0000000E+00  0.0000000E+00
  0.0000000E+00  0.0000000E+00
  0.0000000E+00  0.0000000E+00
  0.0000000E+00  0.0000000E+00
  0.0000000E+00  0.0000000E+00
  0.0000000E+00  0.0000000E+00
  0.0000000E+00  0.0000000E+00
  0.0000000E+00  0.0000000E+00
  0.0000000E+00  0.0000000E+00
  0.0000000E+00  0.0000000E+00
  0.0000000E+00  0.0000000E+00
  0.0000000E+00  0.0000000E+00
  0.0000000E+00  0.0000000E+00
  0.0000000E+00  0.0000000E+00
  0.0000000E+00  0.0000000E+00
  0.0000000E+00  0.0000000E+00
  0.0000000E+00  0.0000000E+00
  0.0000000E+00  0.0000000E+00
  0.0000000E+00  0.0000000E+00
  0.0000000E+00  0.0000000E+00
  0.0000000E+00  0.0000000E+00
  0.0000000E+00  0.0000000E+00
  0.0000000E+00  0.0000000E+00
  0.0000000E+00  0.0000000E+00
  0.0000000E+00  0.0000000E+00
  0.0000000E+00  0.0000000E+00
  0.0000000E+00  0.0000000E+00
  0.0000000E+00  0.0000000E+00
  0.0000000E+00  0.0000000E+00
  0.0000000E+00  0.0000000E+00
  0.0000000E+00  0.0000000E+00
  0.0000000E+00  0.0000000E+00
  0.0000000E+00  0.0000000E+00
  0.0000000E+00  0.0000000E+00
  0.0000000E+00  0.0000000E+00
  0.0000000E+00  0.0000000E+00
  0.0000000E+00  0.0000000E+00
  0.0000000E+00  0.0000000E+00
  0.0000000E+00  0.0000000E+00
  0.0000000E+00  0.0000000E+00
  0.0000000E+00  0.0000000E+00
  0.0000000E+00  0.0000000E+00
  0.0000000E+00  0.0000000E+00
  0.0000000E+00  0.0000000E+00
  0.0000000E+00  0.0000000E+00
  0.0000000E+00  0.0000000E+00
  0.0000000E+00  0.0000000E+00
  0.0000000E+00  0.0000000E+00
  0.0000000E+00  0.0000000E+00
  0.0000000E+00  0.0000000E+00
  0.0000000E+00  0.0000000E+00
  0.0000000E+00  0.0000000E+00
  0.0000000E+00  0.0000000E+00
  0.0000000E+00  0.0000000E+00
  0.0000000E+00  0.0000000E+00
  0.0000000E+00  0.0000000E+00
  0.0000000E+00  0.0000000E+00
  0.0000000E+00  0.0000000E+00
  0.0000000E+00  0.0000000E+00
  0.0000000E+00  0.0000000E+00
  0.0000000E+00  0.0000000E+00
  0.0000000E+00  0.0000000E+00
  0.0000000E+00  0.0000000E+00
  0.0000000E+00  0.0000000E+00
  0.0000000E+00  0.0000000E+00
  0.0000000E+00  0.0000000E+00
  0.0000000E+00  0.0000000E+00
  0.0000000E+00  0.0000000E+00
  0.0000000E+00  0.0000000E+00
  0.0000000E+00  0.0000000E+00
  0.0000000E+00  0.0000000E+00
  0.0000000E+00  0.0000000E+00
  0.0000000E+00  0.0000000E+00
  0.0000000E+00  0.0000000E+00
  0.0000000E+00  0.0000000E+00
  0.0000000E+00  0.0000000E+00
  0.0000000E+00  0.0000000E+00
  0.0000000E+00  0.0000000E+00
  0.0000000E+00  0.0000000E+00
  0.0000000E+00  0.0000000E+00
  0.0000000E+00  0.0000000E+00
  0.0000000E+00  0.0000000E+00
  0.0000000E+00  0.0000000E+00
  0.0000000E+00  0.0000000E+00
  0.0000000E+00  0.0000000E+00
  0.0000000E+00  0.0000000E+00
  0.0000000E+00  0.0000000E+00
  0.0000000E+00  0.0000000E+00
  0.0000000E+00  0.0000000E+00
  0.0000000E+00  0.0000000E+00
  0.0000000E+00  0.0000000E+00
  0.0000000E+00  0.0000000E+00
  0.0000000E+00  0.0000000E+00
  0.0000000E+00  0.0000000E+00
  0.0000000E+00  0.0000000E+00
  0.0000000E+00  0.0000000E+00
  0.0000000E+00  0.0000000E+00
  0.0000000E+00  0.0000000E+00
  0.0000000E+00  0.0000000E+00
  0.0000000E+00  0.0000000E+00
  0.0000000E+00  0.0000000E+00
  0.0000000E+00  0.0000000E+00
  0.0000000E+00  0.0000000E+00
  0.0000000E+00  0.0000000E+00
  0.0000000E+00  0.0000000E+00
  0.0000000E+00  0.0000000E+00
  0.0000000E+00  0.0000000E+00
  0.0000000E+00  0.0000000E+00
  0.0000000E+00  0.0000000E+00
  0.0000000E+00  0.0000000E+00
  0.0000000E+00  0.0000000E+00
  0.0000000E+00  0.0000000E+00
  0.0000000E+00  0.0000000E+00
  0.0000000E+00  0.0000000E+00
  0.0000000E+00  0.0000000E+00
  0.0000000E+00  0.0000000E+00
  0.0000000E+00  0.0000000E+00
  0.0000000E+00  0.0000000E+00
  0.0000000E+00  0.0000000E+00
  0.0000000E+00  0.0000000E+00
  0.0000000E+00  0.0000000E+00
  0.0000000E+00  0.0000000E+00
  0.0000000E+00  0.0000000E+00
  0.0000000E+00  0.0000000E+00
  0.0000000E+00  0.0000000E+00
  0.0000000E+00  0.0000000E+00
  0.0000000E+00  0.0000000E+00
  0.0000000E+00  0.0000000E+00
  0.0000000E+00  0.0000000E+00
  0.0000000E+00  0.0000000E+00
  0.0000000E+00  0.0000000E+00
  0.0000000E+00  0.0000000E+00
  0.0000000E+00  0.0000000E+00
  0.0000000E+00  0.0000000E+00
  0.0000000E+00  0.0000000E+00
  0.0000000E+00  0.0000000E+00
  0.0000000E+00  0.0000000E+00
  0.0000000E+00  0.0000000E+00
  0.0000000E+00  0.0000000E+00
  0.0000000E+00  0.0000000E+00
  0.0000000E+00  0.0000000E+00
  0.0000000E+00  0.0000000E+00
  0.0000000E+00  0.0000000E+00
  0.0000000E+00  0.0000000E+00
  0.0000000E+00  0.0000000E+00
  0.0000000E+00  0.0000000E+00
  0.0000000E+00  0.0000000E+00
  0.0000000E+00  0.0000000E+00
  0.0000000E+00  0.0000000E+00
  0.0000000E+00  0.0000000E+00
  0.0000000E+00  0.0000000E+00
  0.0000000E+00  0.0000000E+00
  0.0000000E+00  0.0000000E+00
  0.0000000E+00  0.0000000E+00
  0.0000000E+00  0.0000000E+00
  0.0000000E+00  0.0000000E+00
  0.0000000E+00  0.0000000E+00
  0.0000000E+00  0.0000000E+00
  0.0000000E+00  0.0000000E+00
  0.0000000E+00  0.0000000E+00
  0.0000000E+00  0.0000000E+00
  0.0000000E+00  0.0000000E+00
  0.0000000E+00  0.0000000E+00
  0.0000000E+00  0.0000000E+00
  0.0000000E+00  0.0000000E+00
  0.0000000E+00  0.0000000E+00
  0.0000000E+00  0.0000000E+00
  0.0000000E+00  0.0000000E+00
  0.0000000E+00  0.0000000E+00
  0.0000000E+00  0.0000000E+00
  0.0000000E+00  0.0000000E+00
  0.0000000E+00  0.0000000E+00
  0.0000000E+00  0.0000000E+00
  0.0000000E+00  0.0000000E+00
  0.0000000E+00  0.0000000E+00
  0.0000000E+00  0.0000000E+00
  0.0000000E+00  0.0000000E+00
  0.0000000E+00  0.0000000E+00
  0.0000000E+00  0.0000000E+00
  0.0000000E+00  0.0000000E+00
  0.0000000E+00  0.0000000E+00
  0.0000000E+00  0.0000000E+00
  0.0000000E+00  0.0000000E+00
  0.0000000E+00  0.0000000E+00
  0.0000000E+00  0.0000000E+00
  0.0000000E+00  0.0000000E+00
  0.0000000E+00  0.0000000E+00
  0.0000000E+00  0.0000000E+00
  0.0000000E+00  0.0000000E+00
  0.0000000E+00  0.0000000E+00
  0.0000000E+00  0.0000000E+00
  0.0000000E+00  0.0000000E+00
  0.0000000E+00  0.0000000E+00
  0.0000000E+00  0.0000000E+00
  0.0000000E+00  0.0000000E+00
  0.0000000E+00  0.0000000E+00
  0.0000000E+00  0.0000000E+00
  0.0000000E+00  0.0000000E+00
  0.0000000E+00  0.0000000E+00
  0.0000000E+00  0.0000000E+00
  0.0000000E+00  0.0000000E+00
  0.0000000E+00  0.0000000E+00
  0.0000000E+00  0.0000000E+00
  0.0000000E+00  0.0000000E+00
  0.0000000E+00  0.0000000E+00
  0.0000000E+00  0.0000000E+00
  0.0000000E+00  0.0000000E+00
  0.0000000E+00  0.0000000E+00
  0.0000000E+00  0.0000000E+00
  0.0000000E+00  0.0000000E+00
  0.0000000E+00  0.0000000E+00
  0.0000000E+00  0.0000000E+00
  0.0000000E+00  0.0000000E+00
  0.0000000E+00  0.0000000E+00
  0.0000000E+00  0.0000000E+00
  0.0000000E+00  0.0000000E+00
  0.0000000E+00  0.0000000E+00
  0.0000000E+00  0.0000000E+00
  0.0000000E+00  0.0000000E+00
  0.0000000E+00  0.0000000E+00
  0.0000000E+00  0.0000000E+00
  0.0000000E+00  0.0000000E+00
  0.0000000E+00  0.0000000E+00
  0.0000000E+00  0.0000000E+00
  0.0000000E+00  0.0000000E+00
  0.0000000E+00  0.0000000E+00
  0.0000000E+00  0.0000000E+00
  0.0000000E+00  0.0000000E+00
  0.0000000E+00  0.0000000E+00
  0.0000000E+00  0.0000000E+00
  0.0000000E+00  0.0000000E+00
  0.0000000E+00  0.0000000E+00
  0.0000000E+00  0.0000000E+00
  0.0000000E+00  0.0000000E+00
  0.0000000E+00  0.0000000E+00
  0.0000000E+00  0.0000000E+00
  0.0000000E+00  0.0000000E+00
  0.0000000E+00  0.0000000E+00
  0.0000000E+00  0.0000000E+00
  0.0000000E+00  0.0000000E+00
  0.0000000E+00  0.0000000E+00
  0.0000000E+00  0.0000000E+00
  0.0000000E+00  0.0000000E+00
  0.0000000E+00  0.0000000E+00
  0.0000000E+00  0.0000000E+00
  0.0000000E+00  0.0000000E+00
  0.0000000E+00  0.0000000E+00
  0.0000000E+00  0.0000000E+00
  0.0000000E+00  0.0000000E+00
  0.0000000E+00  0.0000000E+00
  0.0000000E+00  0.0000000E+00
  0.0000000E+00  0.0000000E+00
  0.0000000E+00  0.0000000E+00
  0.0000000E+00  0.0000000E+00
  0.0000000E+00  0.0000000E+00
  0.0000000E+00  0.0000000E+00
  0.0000000E+00  0.0000000E+00
  0.0000000E+00  0.0000000E+00
  0.0000000E+00  0.0000000E+00
  0.0000000E+00  0.0000000E+00
  0.0000000E+00  0.0000000E+00
  0.0000000E+00  0.0000000E+00
  0.0000000E+00  0.0000000E+00
  0.0000000E+00  0.0000000E+00
  0.0000000E+00  0.0000000E+00
  0.0000000E+00  0.0000000E+00
  0.0000000E+00  0.0000000E+00
  0.0000000E+00  0.0000000E+00
  0.0000000E+00  0.0000000E+00
  0.0000000E+00  0.0000000E+00
  0.0000000E+00  0.0000000E+00
  0.0000000E+00  0.0000000E+00
  0.0000000E+00  0.0000000E+00
  0.0000000E+00  0.0000000E+00
  0.0000000E+00  0.0000000E+00
  0.0000000E+00  0.0000000E+00
  0.0000000E+00  0.0000000E+00
  0.0000000E+00  0.0000000E+00
  0.0000000E+00  0.0000000E+00
  0.0000000E+00  0.0000000E+00
  0.0000000E+00  0.0000000E+00
  0.0000000E+00  0.0000000E+00
  0.0000000E+00  0.0000000E+00
  0.0000000E+00  0.0000000E+00
  0.0000000E+00  0.0000000E+00
  0.0000000E+00  0.0000000E+00
  0.0000000E+00  0.0000000E+00
  0.0000000E+00  0.0000000E+00
  0.0000000E+00  0.0000000E+00
  0.0000000E+00  0.0000000E+00
  0.0000000E+00  0.0000000E+00
  0.0000000E+00  0.0000000E+00
  0.0000000E+00  0.0000000E+00
  0.0000000E+00  0.0000000E+00
  0.0000000E+00  0.0000000E+00
  0.0000000E+00  0.0000000E+00
  0.0000000E+00  0.0000000E+00
  0.0000000E+00  0.0000000E+00
  0.0000000E+00  0.0000000E+00
  0.0000000E+00  0.0000000E+00
  0.0000000E+00  0.0000000E+00
  0.0000000E+00  0.0000000E+00
  0.0000000E+00  0.0000000E+00
  0.0000000E+00  0.0000000E+00
  0.0000000E+00  0.0000000E+00
  0.0000000E+00  0.0000000E+00
  0.0000000E+00  0.0000000E+00
  0.0000000E+00  0.0000000E+00
  0.0000000E+00  0.0000000E+00
  0.0000000E+00  0.0000000E+00
  0.0000000E+00  0.0000000E+00
  0.0000000E+00  0.0000000E+00
  0.0000000E+00  0.0000000E+00
  0.0000000E+00  0.0000000E+00
  0.0000000E+00  0.0000000E+00
  0.0000000E+00  0.0000000E+00
  0.0000000E+00  0.0000000E+00
  0.0000000E+00  0.0000000E+00
  0.0000000E+00  0.0000000E+00
  0.0000000E+00  0.0000000E+00
  0.0000000E+00  0.0000000E+00
  0.0000000E+00  0.0000000E+00
  0.0000000E+00  0.0000000E+00
  0.0000000E+00  0.0000000E+00
  0.0000000E+00  0.0000000E+00
  0.0000000E+00  0.0000000E+00
  0.0000000E+00  0.0000000E+00
  0.0000000E+00  0.0000000E+00
  0.0000000E+00  0.0000000E+00
  0.0000000E+00  0.0000000E+00
  0.0000000E+00  0.0000000E+00
  0.0000000E+00  0.0000000E+00
  0.0000000E+00  0.0000000E+00
  0.0000000E+00  0.0000000E+00
  0.0000000E+00  0.0000000E+00
  0.0000000E+00  0.0000000E+00
  0.0000000E+00  0.0000000E+00
  0.0000000E+00  0.0000000E+00
  0.0000000E+00  0.0000000E+00
  0.0000000E+00  0.0000000E+00
  0.0000000E+00  0.0000000E+00
  0.0000000E+00  0.0000000E+00
  0.0000000E+00  0.0000000E+00
  0.0000000E+00  0.0000000E+00
  0.0000000E+00  0.0000000E+00
  0.0000000E+00  0.0000000E+00
  0.0000000E+00  0.0000000E+00
  0.0000000E+00  0.0000000E+00
  0.0000000E+00  0.0000000E+00
  0.0000000E+00  0.0000000E+00
  0.0000000E+00  0.0000000E+00
  0.0000000E+00  0.0000000E+00
  0.0000000E+00  0.0000000E+00
  0.0000000E+00  0.0000000E+00
  0.0000000E+00  0.0000000E+00
  0.0000000E+00  0.0000000E+00
  0.0000000E+00  0.0000000E+00
  0.0000000E+00  0.0000000E+00
  0.0000000E+00  0.0000000E+00
  0.0000000E+00  0.0000000E+00
  0.0000000E+00  0.0000000E+00
  0.0000000E+00  0.0000000E+00
  0.0000000E+00  0.0000000E+00
  0.0000000E+00  0.0000000E+00
  0.0000000E+00  0.0000000E+00
  0.0000000E+00  0.0000000E+00
  0.0000000E+00  0.0000000E+00
  0.0000000E+00  0.0000000E+00
  0.0000000E+00  0.0000000E+00
  0.0000000E+00  0.0000000E+00
  0.0000000E+00  0.0000000E+00
  0.0000000E+00  0.0000000E+00
  0.0000000E+00  0.0000000E+00
  0.0000000E+00  0.0000000E+00
  0.0000000E+00  0.0000000E+00
  0.0000000E+00  0.0000000E+00
  0.0000000E+00  0.0000000E+00
  0.0000000E+00  0.0000000E+00
  0.0000000E+00  0.0000000E+00
  0.0000000E+00  0.0000000E+00
  0.0000000E+00  0.0000000E+00
  0.0000000E+00  0.0000000E+00
  0.0000000E+00  0.0000000E+00
  0.0000000E+00  0.0000000E+00
  0.0000000E+00  0.0000000E+00
  0.0000000E+00  0.0000000E+00
  0.0000000E+00  0.0000000E+00
  0.0000000E+00  0.0000000E+00
  0.0000000E+00  0.0000000E+00
  0.0000000E+00  0.0000000E+00
  0.0000000E+00  0.0000000E+00
  0.0000000E+00  0.0000000E+00
  0.0000000E+00  0.0000000E+00
  0.0000000E+00  0.0000000E+00
  0.0000000E+00  0.0000000E+00
  0.0000000E+00  0.0000000E+00
  0.0000000E+00  0.0000000E+00
  0.0000000E+00  0.0000000E+00
  0.0000000E+00  0.0000000E+00
  0.0000000E+00  0.0000000E+00
  0.0000000E+00  0.0000000E+00
  0.0000000E+00  0.0000000E+00
  0.0000000E+00  0.0000000E+00
  0.0000000E+00  0.0000000E+00
  0.0000000E+00  0.0000000E+00
  0.0000000E+00  0.0000000E+00
  0.0000000E+00  0.0000000E+00
  0.0000000E+00  0.0000000E+00
  0.0000000E+00  0.0000000E+00
  0.0000000E+00  0.0000000E+00
  0.0000000E+00  0.0000000E+00
  0.0000000E+00  0.0000000E+00
  0.0000000E+00  0.0000000E+00
  0.0000000E+00  0.0000000E+00
  0.0000000E+00  0.0000000E+00
  0.0000000E+00  0.0000000E+00
  0.0000000E+00  0.0000000E+00
  0.0000000E+00  0.0000000E+00
  0.0000000E+00  0.0000000E+00
  0.0000000E+00  0.0000000E+00
  0.0000000E+00  0.0000000E+00
  0.0000000E+00  0.0000000E+00
  0.0000000E+00  0.0000000E+00
  0.0000000E+00  0.0000000E+00
  0.0000000E+00  0.0000000E+00
  0.0000000E+00  0.0000000E+00
  0.0000000E+00  0.0000000E+00
  0.0000000E+00  0.0000000E+00
  0.0000000E+00  0.0000000E+00
  0.0000000E+00  0.0000000E+00
  0.0000000E+00  0.0000000E+00
  0.0000000E+00  0.0000000E+00
  0.0000000E+00  0.0000000E+00
  0.0000000E+00  0.0000000E+00
  0.0000000E+00  0.0000000E+00
  0.0000000E+00  0.0000000E+00
  0.0000000E+00  0.0000000E+00
  0.0000000E+00  0.0000000E+00
  0.0000000E+00  0.0000000E+00
  0.0000000E+00  0.0000000E+00
  0.0000000E+00  0.0000000E+00
  0.0000000E+00  0.0000000E+00
  0.0000000E+00  0.0000000E+00
  0.0000000E+00  0.0000000E+00
  0.0000000E+00  0.0000000E+00
  0.0000000E+00  0.0000000E+00
  0.0000000E+00  0.0000000E+00
  0.0000000E+00  0.0000000E+00
  0.0000000E+00  0.0000000E+00
  0.0000000E+00  0.0000000E+00
  0.0000000E+00  0.0000000E+00
  0.0000000E+00  0.0000000E+00
  0.0000000E+00  0.0000000E+00
  0.0000000E+00  0.0000000E+00
  0.0000000E+00  0.0000000E+00
  0.0000000E+00  0.0000000E+00
  0.0000000E+00  0.0000000E+00
  0.0000000E+00  0.0000000E+00
  0.0000000E+00  0.0000000E+00
  0.0000000E+00  0.0000000E+00
  0.0000000E+00  0.0000000E+00
  0.0000000E+00  0.0000000E+00
  0.0000000E+00  0.0000000E+00
  0.0000000E+00  0.0000000E+00
  0.0000000E+00  0.0000000E+00
  0.0000000E+00  0.0000000E+00
  0.0000000E+00  0.0000000E+00
  0.0000000E+00  0.0000000E+00
  0.0000000E+00  0.0000000E+00
  0.0000000E+00  0.0000000E+00
  0.0000000E+00  0.0000000E+00
  0.0000000E+00  0.0000000E+00
  0.0000000E+00  0.0000000E+00
  0.0000000E+00  0.0000000E+00
  0.0000000E+00  0.0000000E+00
  0.0000000E+00  0.0000000E+00
  0.0000000E+00  0.0000000E+00
  0.0000000E+00  0.0000000E+00
  0.0000000E+00  0.0000000E+00
  0.0000000E+00  0.0000000E+00
  0.0000000E+00  0.0000000E+00
  0.0000000E+00  0.0000000E+00
  0.0000000E+00  0.0000000E+00
  0.0000000E+00  0.0000000E+00
  0.0000000E+00  0.0000000E+00
  0.0000000E+00  0.0000000E+00
  0.0000000E+00  0.0000000E+00
  0.0000000E+00  0.0000000E+00
  0.0000000E+00  0.0000000E+00
  0.0000000E+00  0.0000000E+00
  0.0000000E+00  0.0000000E+00
  0.0000000E+00  0.0000000E+00
  0.0000000E+00  0.0000000E+00
  0.0000000E+00  0.0000000E+00
  0.0000000E+00  0.0000000E+00
  0.0000000E+00  0.0000000E+00
  0.0000000E+00  0.0000000E+00
  0.0000000E+00  0.0000000E+00
  0.0000000E+00  0.0000000E+00
  0.0000000E+00  0.0000000E+00
  0.0000000E+00  0.0000000E+00
  0.0000000E+00  0.0000000E+00
  0.0000000E+00  0.0000000E+00
  0.0000000E+00  0.0000000E+00
  0.0000000E+00  0.0000000E+00
  0.0000000E+00  0.0000000E+00
  0.0000000E+00  0.0000000E+00
  0.0000000E+00  0.0000000E+00
  0.0000000E+00  0.0000000E+00
  0.0000000E+00  0.0000000E+00
  0.0000000E+00  0.0000000E+00
  0.0000000E+00  0.0000000E+00
  0.0000000E+00  0.0000000E+00
  0.0000000E+00  0.0000000E+00
  0.0000000E+00  0.0000000E+00
  0.0000000E+00  0.0000000E+00
  0.0000000E+00  0.0000000E+00
  0.0000000E+00  0.0000000E+00
  0.0000000E+00  0.0000000E+00
  0.0000000E+00  0.0000000E+00
  0.0000000E+00  0.0000000E+00
  0.0000000E+00  0.0000000E+00
  0.0000000E+00  0.0000000E+00
  0.0000000E+00  0.0000000E+00
  0.0000000E+00  0.0000000E+00
  0.0000000E+00  0.0000000E+00
  0.0000000E+00  0.0000000E+00
  0.0000000E+00  0.0000000E+00
  0.0000000E+00  0.0000000E+00
  0.0000000E+00  0.0000000E+00
  0.0000000E+00  0.0000000E+00
  0.0000000E+00  0.0000000E+00
  0.0000000E+00  0.0000000E+00
  0.0000000E+00  0.0000000E+00
  0.0000000E+00  0.0000000E+00
  0.0000000E+00  0.0000000E+00
  0.0000000E+00  0.0000000E+00
  0.0000000E+00  0.0000000E+00
  0.0000000E+00  0.0000000E+00
  0.0000000E+00  0.0000000E+00
  0.0000000E+00  0.0000000E+00
  0.0000000E+00  0.0000000E+00
  0.0000000E+00  0.0000000E+00
  0.0000000E+00  0.0000000E+00
  0.0000000E+00  0.0000000E+00
  0.0000000E+00  0.0000000E+00
  0.0000000E+00  0.0000000E+00
  0.0000000E+00  0.0000000E+00
  0.0000000E+00  0.0000000E+00
  0.0000000E+00  0.0000000E+00
  0.0000000E+00  0.0000000E+00
  0.0000000E+00  0.0000000E+00
  0.0000000E+00  0.0000000E+00
  0.0000000E+00  0.0000000E+00
  0.0000000E+00  0.0000000E+00
  0.0000000E+00  0.0000000E+00
  0.0000000E+00  0.0000000E+00
  0.0000000E+00  0.0000000E+00
  0.0000000E+00  0.0000000E+00
  0.0000000E+00  0.0000000E+00
  0.0000000E+00  0.0000000E+00
  0.0000000E+00  0.0000000E+00
  0.0000000E+00  0.0000000E+00
  0.0000000E+00  0.0000000E+00
  0.0000000E+00  0.0000000E+00
  0.0000000E+00  0.0000000E+00
  0.0000000E+00  0.0000000E+00
  0.0000000E+00  0.0000000E+00
  0.0000000E+00  0.0000000E+00
  0.0000000E+00  0.0000000E+00
  0.0000000E+00  0.0000000E+00
  0.0000000E+00  0.0000000E+00
  0.0000000E+00  0.0000000E+00
  0.0000000E+00  0.0000000E+00
  0.0000000E+00  0.0000000E+00
  0.0000000E+00  0.0000000E+00
  0.0000000E+00  0.0000000E+00
  0.0000000E+00  0.0000000E+00
  0.0000000E+00  0.0000000E+00
  0.0000000E+00  0.0000000E+00
  0.0000000E+00  0.0000000E+00
  0.0000000E+00  0.0000000E+00
  0.0000000E+00  0.0000000E+00
  0.0000000E+00  0.0000000E+00
  0.0000000E+00  0.0000000E+00
  0.0000000E+00  0.0000000E+00
  0.0000000E+00  0.0000000E+00
  0.0000000E+00  0.0000000E+00
  0.0000000E+00  0.0000000E+00
  0.0000000E+00  0.0000000E+00
  0.0000000E+00  0.0000000E+00
  0.0000000E+00  0.0000000E+00
  0.0000000E+00  0.0000000E+00
  0.0000000E+00  0.0000000E+00
  0.0000000E+00  0.0000000E+00
  0.0000000E+00  0.0000000E+00
  0.0000000E+00  0.0000000E+00
  0.0000000E+00  0.0000000E+00
  0.0000000E+00  0.0000000E+00
  0.0000000E+00  0.0000000E+00
  0.0000000E+00  0.0000000E+00
  0.0000000E+00  0.0000000E+00
  0.0000000E+00  0.0000000E+00
  0.0000000E+00  0.0000000E+00
  0.0000000E+00  0.0000000E+00
  0.0000000E+00  0.0000000E+00
  0.0000000E+00  0.0000000E+00
  0.0000000E+00  0.0000000E+00
  0.0000000E+00  0.0000000E+00
  0.0000000E+00  0.0000000E+00
  0.0000000E+00  0.0000000E+00
  0.0000000E+00  0.0000000E+00
  0.0000000E+00  0.0000000E+00
  0.0000000E+00  0.0000000E+00
  0.0000000E+00  0.0000000E+00
  0.0000000E+00  0.0000000E+00
  0.0000000E+00  0.0000000E+00
  0.0000000E+00  0.0000000E+00
  0.0000000E+00  0.0000000E+00
  0.0000000E+00  0.0000000E+00
  0.0000000E+00  0.0000000E+00
  0.0000000E+00  0.0000000E+00
  0.0000000E+00  0.0000000E+00
  0.0000000E+00  0.0000000E+00
  0.0000000E+00  0.0000000E+00
  0.0000000E+00  0.0000000E+00
  0.0000000E+00  0.0000000E+00
  0.0000000E+00  0.0000000E+00
  0.0000000E+00  0.0000000E+00
  0.0000000E+00  0.0000000E+00
  0.0000000E+00  0.0000000E+00
  0.0000000E+00  0.0000000E+00
  0.0000000E+00  0.0000000E+00
  0.0000000E+00  0.0000000E+00
  0.0000000E+00  0.0000000E+00
  0.0000000E+00  0.0000000E+00
  0.0000000E+00  0.0000000E+00
  0.0000000E+00  0.0000000E+00
  0.0000000E+00  0.0000000E+00
  0.0000000E+00  0.0000000E+00
  0.0000000E+00  0.0000000E+00
  0.0000000E+00  0.0000000E+00
  0.0000000E+00  0.0000000E+00
  0.0000000E+00  0.0000000E+00
  0.0000000E+00  0.0000000E+00
  0.0000000E+00  0.0000000E+00
  0.0000000E+00  0.0000000E+00
  0.0000000E+00  0.0000000E+00
  0.0000000E+00  0.0000000E+00
  0.0000000E+00  0.0000000E+00
  0.0000000E+00  0.0000000E+00
  0.0000000E+00  0.0000000E+00
  0.0000000E+00  0.0000000E+00
  0.0000000E+00  0.0000000E+00
  0.0000000E+00  0.0000000E+00
  0.0000000E+00  0.0000000E+00
  0.0000000E+00  0.0000000E+00
  0.0000000E+00  0.0000000E+00
  0.0000000E+00  0.0000000E+00
  0.0000000E+00  0.0000000E+00
  0.0000000E+00  0.0000000E+00
  0.0000000E+00  0.0000000E+00
  0.0000000E+00  0.0000000E+00
  0.0000000E+00  0.0000000E+00
  0.0000000E+00  0.0000000E+00
  0.0000000E+00  0.0000000E+00
  0.0000000E+00  0.0000000E+00
  0.0000000E+00  0.0000000E+00
  0.0000000E+00  0.0000000E+00
  0.0000000E+00  0.0000000E+00
  0.0000000E+00  0.0000000E+00
  0.0000000E+00  0.0000000E+00
  0.0000000E+00  0.0000000E+00
  0.0000000E+00  0.0000000E+00
  0.0000000E+00  0.0000000E+00
  0.0000000E+00  0.0000000E+00
  0.0000000E+00  0.0000000E+00
  0.0000000E+00  0.0000000E+00
  0.0000000E+00  0.0000000E+00
  0.0000000E+00  0.0000000E+00
  0.0000000E+00  0.0000000E+00
  0.0000000E+00  0.0000000E+00
  0.0000000E+00  0.0000000E+00
  0.0000000E+00  0.0000000E+00
  0.0000000E+00  0.0000000E+00
  0.0000000E+00  0.0000000E+00
  0.0000000E+00  0.0000000E+00
  0.0000000E+00  0.0000000E+00
  0.0000000E+00  0.0000000E+00
  0.0000000E+00  0.0000000E+00
  0.0000000E+00  0.0000000E+00
  0.0000000E+00  0.0000000E+00
  0.0000000E+00  0.0000000E+00
  0.0000000E+00  0.0000000E+00
  0.0000000E+00  0.0000000E+00
  0.0000000E+00  0.0000000E+00
  0.0000000E+00  0.0000000E+00
  0.0000000E+00  0.0000000E+00
  0.0000000E+00  0.0000000E+00
  0.0000000E+00  0.0000000E+00
  0.0000000E+00  0.0000000E+00
  0.0000000E+00  0.0000000E+00
  0.0000000E+00  0.0000000E+00
  0.0000000E+00  0.0000000E+00
  0.0000000E+00  0.0000000E+00
  0.0000000E+00  0.0000000E+00
  0.0000000E+00  0.0000000E+00
  0.0000000E+00  0.0000000E+00
  0.0000000E+00  0.0000000E+00
  0.0000000E+00  0.0000000E+00
  0.0000000E+00  0.0000000E+00
  0.0000000E+00  0.0000000E+00
  0.0000000E+00  0.0000000E+00
  0.0000000E+00  0.0000000E+00
  0.0000000E+00  0.0000000E+00
  0.0000000E+00  0.0000000E+00
  0.0000000E+00  0.0000000E+00
  0.0000000E+00  0.0000000E+00
  0.0000000E+00  0.0000000E+00
  0.0000000E+00  0.0000000E+00
  0.0000000E+00  0.0000000E+00
  0.0000000E+00  0.0000000E+00
  0.0000000E+00  0.0000000E+00
  0.0000000E+00  0.0000000E+00
  0.0000000E+00  0.0000000E+00
  0.0000000E+00  0.0000000E+00
  0.0000000E+00  0.0000000E+00
  0.0000000E+00  0.0000000E+00
  0.0000000E+00  0.0000000E+00
  0.0000000E+00  0.0000000E+00
  0.0000000E+00  0.0000000E+00
  0.0000000E+00  0.0000000E+00
  0.0000000E+00  0.0000000E+00
  0.0000000E+00  0.0000000E+00
  0.0000000E+00  0.0000000E+00
  0.0000000E+00  0.0000000E+00
  0.0000000E+00  0.0000000E+00
  0.0000000E+00  0.0000000E+00
  0.0000000E+00  0.0000000E+00
  0.0000000E+00  0.0000000E+00
  0.0000000E+00  0.0000000E+00
  0.0000000E+00  0.0000000E+00
  0.0000000E+00  0.0000000E+00
  0.0000000E+00  0.0000000E+00
  0.0000000E+00  0.0000000E+00
  0.0000000E+00  0.0000000E+00
  0.0000000E+00  0.0000000E+00
  0.0000000E+00  0.0000000E+00
  0.0000000E+00  0.0000000E+00
  0.0000000E+00  0.0000000E+00
  0.0000000E+00  0.0000000E+00
  0.0000000E+00  0.0000000E+00
  0.0000000E+00  0.0000000E+00
  0.0000000E+00  0.0000000E+00
  0.0000000E+00  0.0000000E+00
  0.0000000E+00  0.0000000E+00
  0.0000000E+00  0.0000000E+00
  0.0000000E+00  0.0000000E+00
  0.0000000E+00  0.0000000E+00
  0.0000000E+00  0.0000000E+00
  0.0000000E+00  0.0000000E+00
  0.0000000E+00  0.0000000E+00
  0.0000000E+00  0.0000000E+00
  0.0000000E+00  0.0000000E+00
  0.0000000E+00  0.0000000E+00
  0.0000000E+00  0.0000000E+00
  0.0000000E+00  0.0000000E+00
  0.0000000E+00  0.0000000E+00
  0.0000000E+00  0.0000000E+00
  0.0000000E+00  0.0000000E+00
  0.0000000E+00  0.0000000E+00
  0.0000000E+00  0.0000000E+00
  0.0000000E+00  0.0000000E+00
  0.0000000E+00  0.0000000E+00
  0.0000000E+00  0.0000000E+00
  0.0000000E+00  0.0000000E+00
  0.0000000E+00  0.0000000E+00
  0.0000000E+00  0.0000000E+00
  0.0000000E+00  0.0000000E+00
  0.0000000E+00  0.0000000E+00
  0.0000000E+00  0.0000000E+00
  0.0000000E+00  0.0000000E+00
  0.0000000E+00  0.0000000E+00
  0.0000000E+00  0.0000000E+00
  0.0000000E+00  0.0000000E+00
  0.0000000E+00  0.0000000E+00
  0.0000000E+00  0.0000000E+00
  0.0000000E+00  0.0000000E+00
  0.0000000E+00  0.0000000E+00
  0.0000000E+00  0.0000000E+00
  0.0000000E+00  0.0000000E+00
  0.0000000E+00  0.0000000E+00
  0.0000000E+00  0.0000000E+00
  0.0000000E+00  0.0000000E+00
  0.0000000E+00  0.0000000E+00
  0.0000000E+00  0.0000000E+00
  0.0000000E+00  0.0000000E+00
  0.0000000E+00  0.0000000E+00
  0.0000000E+00  0.0000000E+00
  0.0000000E+00  0.0000000E+00
  0.0000000E+00  0.0000000E+00
  0.0000000E+00  0.0000000E+00
  0.0000000E+00  0.0000000E+00
  0.0000000E+00  0.0000000E+00
  0.0000000E+00  0.0000000E+00
  0.0000000E+00  0.0000000E+00
  0.0000000E+00  0.0000000E+00
  0.0000000E+00  0.0000000E+00
  0.0000000E+00  0.0000000E+00
  0.0000000E+00  0.0000000E+00
  0.0000000E+00  0.0000000E+00
  0.0000000E+00  0.0000000E+00
  0.0000000E+00  0.0000000E+00
  0.0000000E+00  0.0000000E+00
  0.0000000E+00  0.0000000E+00
  0.0000000E+00  0.0000000E+00
  0.0000000E+00  0.0000000E+00
  0.0000000E+00  0.0000000E+00
  0.0000000E+00  0.0000000E+00
  0.0000000E+00  0.0000000E+00
  0.0000000E+00  0.0000000E+00
  0.0000000E+00  0.0000000E+00
  0.0000000E+00  0.0000000E+00
  0.0000000E+00  0.0000000E+00
  0.0000000E+00  0.0000000E+00
  0.0000000E+00  0.0000000E+00
  0.0000000E+00  0.0000000E+00
  0.0000000E+00  0.0000000E+00
  0.0000000E+00  0.0000000E+00
  0.0000000E+00  0.0000000E+00
  0.0000000E+00  0.0000000E+00
  0.0000000E+00  0.0000000E+00
  0.0000000E+00  0.0000000E+00
  0.0000000E+00  0.0000000E+00
  0.0000000E+00  0.0000000E+00
  0.0000000E+00  0.0000000E+00
  0.0000000E+00  0.0000000E+00
  0.0000000E+00  0.0000000E+00
  0.0000000E+00  0.0000000E+00
  0.0000000E+00  0.0000000E+00
  0.0000000E+00  0.0000000E+00
  0.0000000E+00  0.0000000E+00
  0.0000000E+00  0.0000000E+00
  0.0000000E+00  0.0000000E+00
  0.0000000E+00  0.0000000E+00
  0.0000000E+00  0.0000000E+00
  0.0000000E+00  0.0000000E+00
  0.0000000E+00  0.0000000E+00
  0.0000000E+00  0.0000000E+00
  0.0000000E+00  0.0000000E+00
  0.0000000E+00  0.0000000E+00
  0.0000000E+00  0.0000000E+00
  0.0000000E+00  0.0000000E+00
  0.0000000E+00  0.0000000E+00
  0.0000000E+00  0.0000000E+00
  0.0000000E+00  0.0000000E+00
  0.0000000E+00  0.0000000E+00
  0.0000000E+00  0.0000000E+00
  0.0000000E+00  0.0000000E+00
  0.0000000E+00  0.0000000E+00
  0.0000000E+00  0.0000000E+00
  0.0000000E+00  0.0000000E+00
  0.0000000E+00  0.0000000E+00
  0.0000000E+00  0.0000000E+00
  0.0000000E+00  0.0000000E+00
  0.0000000E+00  0.0000000E+00
  0.0000000E+00  0.0000000E+00
  0.0000000E+00  0.0000000E+00
  0.0000000E+00  0.0000000E+00
  0.0000000E+00  0.0000000E+00
  0.0000000E+00  0.0000000E+00
  0.0000000E+00  0.0000000E+00
  0.0000000E+00  0.0000000E+00
  0.0000000E+00  0.0000000E+00
  0.0000000E+00  0.0000000E+00
  0.0000000E+00  0.0000000E+00
  0.0000000E+00  0.0000000E+00
  0.0000000E+00  0.0000000E+00
  0.0000000E+00  0.0000000E+00
  0.0000000E+00  0.0000000E+00
  0.0000000E+00  0.0000000E+00
  0.0000000E+00  0.0000000E+00
  0.0000000E+00  0.0000000E+00
  0.0000000E+00  0.0000000E+00
  0.0000000E+00  0.0000000E+00
  0.0000000E+00  0.0000000E+00
  0.0000000E+00  0.0000000E+00
  0.0000000E+00  0.0000000E+00
  0.0000000E+00  0.0000000E+00
  0.0000000E+00  0.0000000E+00
  0.0000000E+00  0.0000000E+00
  0.0000000E+00  0.0000000E+00
  0.0000000E+00  0.0000000E+00
  0.0000000E+00  0.0000000E+00
  0.0000000E+00  0.0000000E+00
  0.0000000E+00  0.0000000E+00
  0.0000000E+00  0.0000000E+00
  0.0000000E+00  0.0000000E+00
  0.0000000E+00  0.0000000E+00
  0.0000000E+00  0.0000000E+00
  0.0000000E+00  0.0000000E+00
  0.0000000E+00  0.0000000E+00
  0.0000000E+00  0.0000000E+00
  0.0000000E+00  0.0000000E+00
  0.0000000E+00  0.0000000E+00
  0.0000000E+00  0.0000000E+00
  0.0000000E+00  0.0000000E+00
  0.0000000E+00  0.0000000E+00
  0.0000000E+00  0.0000000E+00
  0.0000000E+00  0.0000000E+00
  0.0000000E+00  0.0000000E+00
  0.0000000E+00  0.0000000E+00
  0.0000000E+00  0.0000000E+00
  0.0000000E+00  0.0000000E+00
  0.0000000E+00  0.0000000E+00
  0.0000000E+00  0.0000000E+00
  0.0000000E+00  0.0000000E+00
  0.0000000E+00  0.0000000E+00
  0.0000000E+00  0.0000000E+00
  0.0000000E+00  0.0000000E+00
  0.0000000E+00  0.0000000E+00
  0.0000000E+00  0.0000000E+00
  0.0000000E+00  0.0000000E+00
  0.0000000E+00  0.0000000E+00
  0.0000000E+00  0.0000000E+00
  0.0000000E+00  0.0000000E+00
  0.0000000E+00  0.0000000E+00
  0.0000000E+00  0.0000000E+00
  0.0000000E+00  0.0000000E+00
  0.0000000E+00  0.0000000E+00
  0.0000000E+00  0.0000000E+00
  0.0000000E+00  0.0000000E+00
  0.0000000E+00  0.0000000E+00
  0.0000000E+00  0.0000000E+00
  0.0000000E+00  0.0000000E+00
  0.0000000E+00  0.0000000E+00
  0.0000000E+00  0.0000000E+00
  0.0000000E+00  0.0000000E+00
  0.0000000E+00  0.0000000E+00
  0.0000000E+00  0.0000000E+00
  0.0000000E+00  0.0000000E+00
  0.0000000E+00  0.0000000E+00
  0.0000000E+00  0.0000000E+00
  0.0000000E+00  0.0000000E+00
  0.0000000E+00  0.0000000E+00
  0.0000000E+00  0.0000000E+00
  0.0000000E+00  0.0000000E+00
  0.0000000E+00  0.0000000E+00
  0.0000000E+00  0.0000000E+00
  0.0000000E+00  0.0000000E+00
  0.0000000E+00  0.0000000E+00
  0.0000000E+00  0.0000000E+00
  0.0000000E+00  0.0000000E+00
  0.0000000E+00  0.0000000E+00
  0.0000000E+00  0.0000000E+00
  0.0000000E+00  0.0000000E+00
  0.0000000E+00  0.0000000E+00
  0.0000000E+00  0.0000000E+00
  0.0000000E+00  0.0000000E+00
  0.0000000E+00  0.0000000E+00
  0.0000000E+00  0.0000000E+00
  0.0000000E+00  0.0000000E+00
  0.0000000E+00  0.0000000E+00
  0.0000000E+00  0.0000000E+00
  0.0000000E+00  0.0000000E+00
  0.0000000E+00  0.0000000E+00
  0.0000000E+00  0.0000000E+00
  0.0000000E+00  0.0000000E+00
  0.0000000E+00  0.0000000E+00
  0.0000000E+00  0.0000000E+00
  0.0000000E+00  0.0000000E+00
  0.0000000E+00  0.0000000E+00
  0.0000000E+00  0.0000000E+00
  0.0000000E+00  0.0000000E+00
  0.0000000E+00  0.0000000E+00
  0.0000000E+00  0.0000000E+00
  0.0000000E+00  0.0000000E+00
  0.0000000E+00  0.0000000E+00
  0.0000000E+00  0.0000000E+00
  0.0000000E+00  0.0000000E+00
  0.0000000E+00  0.0000000E+00
  0.0000000E+00  0.0000000E+00
  0.0000000E+00  0.0000000E+00
  0.0000000E+00  0.0000000E+00
  0.0000000E+00  0.0000000E+00
  0.0000000E+00  0.0000000E+00
  0.0000000E+00  0.0000000E+00
  0.0000000E+00  0.0000000E+00
  0.0000000E+00  0.0000000E+00
  0.0000000E+00  0.0000000E+00
  0.0000000E+00  0.0000000E+00
  0.0000000E+00  0.0000000E+00
  0.0000000E+00  0.0000000E+00
  0.0000000E+00  0.0000000E+00
  0.0000000E+00  0.0000000E+00
  0.0000000E+00  0.0000000E+00
  0.0000000E+00  0.0000000E+00
  0.0000000E+00  0.0000000E+00
  0.0000000E+00  0.0000000E+00
  0.0000000E+00  0.0000000E+00
  0.0000000E+00  0.0000000E+00
  0.0000000E+00  0.0000000E+00
  0.0000000E+00  0.0000000E+00
  0.0000000E+00  0.0000000E+00
  0.0000000E+00  0.0000000E+00
  0.0000000E+00  0.0000000E+00
  0.0000000E+00  0.0000000E+00
  0.0000000E+00  0.0000000E+00
  0.0000000E+00  0.0000000E+00
  0.0000000E+00  0.0000000E+00
  0.0000000E+00  0.0000000E+00
  0.0000000E+00  0.0000000E+00
  0.0000000E+00  0.0000000E+00
  0.0000000E+00  0.0000000E+00
  0.0000000E+00  0.0000000E+00
  0.0000000E+00  0.0000000E+00
  0.0000000E+00  0.0000000E+00
  0.0000000E+00  0.0000000E+00
  0.0000000E+00  0.0000000E+00
  0.0000000E+00  0.0000000E+00
  0.0000000E+00  0.0000000E+00
  0.0000000E+00  0.0000000E+00
  0.0000000E+00  0.0000000E+00
  0.0000000E+00  0.0000000E+00
  0.0000000E+00  0.0000000E+00
  0.0000000E+00  0.0000000E+00
  0.0000000E+00  0.0000000E+00
  0.0000000E+00  0.0000000E+00
  0.0000000E+00  0.0000000E+00
  0.0000000E+00  0.0000000E+00
  0.0000000E+00  0.0000000E+00
  0.0000000E+00  0.0000000E+00
  0.0000000E+00  0.0000000E+00
  0.0000000E+00  0.0000000E+00
  0.0000000E+00  0.0000000E+00
  0.0000000E+00  0.0000000E+00
  0.0000000E+00  0.0000000E+00
  0.0000000E+00  0.0000000E+00
  0.0000000E+00  0.0000000E+00
  0.0000000E+00  0.0000000E+00
  0.0000000E+00  0.0000000E+00
  0.0000000E+00  0.0000000E+00
  0.0000000E+00  0.0000000E+00
  0.0000000E+00  0.0000000E+00
  0.0000000E+00  0.0000000E+00
  0.0000000E+00  0.0000000E+00
  0.0000000E+00  0.0000000E+00
