 -0.2279205E+00 -0.6583366E-05
 -0.1583033E+00 -0.4763860E-05
 -0.1228865E+00 -0.3853656E-05
 -0.9801050E-01 -0.3211726E-05
 -0.8852205E-01 -0.2966632E-05
 -0.8519801E-01 -0.2875479E-05
  0.7359801E+00  0.1792717E-04
 -0.2874882E-01 -0.1424950E-05
 -0.2408178E-01 -0.1305880E-05
 -0.1902532E-01 -0.1199837E-05
 -0.8951768E-02 -0.1085924E-05
 -0.2748424E-01 -0.1482052E-05
 -0.4572409E-01 -0.1873762E-05
 -0.6370191E-01 -0.2260337E-05
 -0.8069651E-01 -0.2622756E-05
 -0.9768349E-01 -0.2987962E-05
 -0.1147045E+00 -0.3355638E-05
 -0.1314080E+00 -0.3717029E-05
 -0.1481414E+00 -0.4083862E-05
 -0.1631244E+00 -0.4406604E-05
 -0.1773448E+00 -0.4713091E-05
 -0.1919347E+00 -0.5033538E-05
 -0.2043648E+00 -0.5300477E-05
 -0.2159628E+00 -0.5549924E-05
 -0.2281409E+00 -0.5819701E-05
 -0.2376889E+00 -0.6024200E-05
 -0.2462537E+00 -0.6207904E-05
 -0.2555579E+00 -0.6417010E-05
 -0.2618459E+00 -0.6550805E-05
 -0.2669874E+00 -0.6660091E-05
 -0.2729622E+00 -0.6797756E-05
 -0.2756418E+00 -0.6852781E-05
 -0.2770464E+00 -0.6880557E-05
 -0.2793358E+00 -0.6937713E-05
 -0.2781831E+00 -0.6908803E-05
 -0.2757432E+00 -0.6852181E-05
 -0.2742532E+00 -0.6826929E-05
 -0.2693329E+00 -0.6715894E-05
 -0.2631938E+00 -0.6578344E-05
 -0.2580367E+00 -0.6473476E-05
 -0.2495949E+00 -0.6285609E-05
 -0.2400603E+00 -0.6075083E-05
 -0.2314999E+00 -0.5895214E-05
 -0.2199316E+00 -0.5640469E-05
 -0.2074526E+00 -0.5366588E-05
 -0.1959149E+00 -0.5122228E-05
 -0.1817541E+00 -0.4812186E-05
 -0.1668960E+00 -0.4488059E-05
 -0.1528964E+00 -0.4190010E-05
 -0.1367564E+00 -0.3838761E-05
 -0.1201434E+00 -0.3477918E-05
 -0.1042591E+00 -0.3138815E-05
 -0.8679977E-01 -0.2761019E-05
 -0.6907926E-01 -0.2377140E-05
 -0.5191388E-01 -0.2009891E-05
 -0.3379777E-01 -0.1619298E-05
 -0.1562073E-01 -0.1226877E-05
  0.2210706E-02 -0.8437960E-06
  0.2032576E-01 -0.4546631E-06
  0.3832654E-01 -0.6613180E-07
  0.5618754E-01  0.3188804E-06
  0.7367335E-01  0.6942809E-06
  0.9083732E-01  0.1064502E-05
  0.1080579E+00  0.1437906E-05
  0.1242900E+00  0.1785309E-05
  0.1400436E+00  0.2125825E-05
  0.1560621E+00  0.2475524E-05
  0.1704449E+00  0.2783605E-05
  0.1841971E+00  0.3081459E-05
  0.1984220E+00  0.3395022E-05
  0.2104332E+00  0.3652200E-05
  0.2215874E+00  0.3894112E-05
  0.2333505E+00  0.4155950E-05
  0.2424193E+00  0.4349388E-05
  0.2504506E+00  0.4523547E-05
  0.2592086E+00  0.4721332E-05
  0.2648607E+00  0.4839404E-05
  0.2693626E+00  0.4936595E-05
  0.2747286E+00  0.5060824E-05
  0.2771108E+00  0.5109561E-05
  0.2792315E+00  0.5160723E-05
  0.2768019E+00  0.5087715E-05
  0.2686227E+00  0.4869363E-05
  0.2645864E+00  0.4771959E-05
  0.2607202E+00  0.4686239E-05
  0.2558709E+00  0.4579946E-05
  0.2500260E+00  0.4453020E-05
  0.2432228E+00  0.4306609E-05
  0.2354318E+00  0.4139343E-05
  0.2265967E+00  0.3950030E-05
  0.2167133E+00  0.3737455E-05
  0.2058343E+00  0.3503477E-05
  0.1940444E+00  0.3250244E-05
  0.1814334E+00  0.2979428E-05
  0.1680608E+00  0.2692742E-05
  0.1539046E+00  0.2388797E-05
  0.1391084E+00  0.2071184E-05
  0.1237793E+00  0.1743035E-05
  0.1078088E+00  0.1401212E-05
  0.9073286E-01  0.1032112E-05
  0.7360993E-01  0.6676784E-06
  0.5920418E-01  0.3765030E-06
  0.4263321E-01  0.2337435E-07
  0.2524999E-01 -0.3534427E-06
  0.8049876E-02 -0.7282702E-06
  0.1525154E-01 -0.3596801E-06
  0.1730143E-01 -0.2723214E-06
  0.1908594E-01 -0.2196036E-06
  0.2141665E-01 -0.1581174E-06
  0.2482679E-01 -0.6626192E-07
  0.2939581E-01  0.5460382E-07
  0.3757182E-01  0.2686073E-06
  0.9648052E-01  0.1796416E-05
  0.1219828E+00  0.2475486E-05
  0.2034207E+00  0.4590724E-05
  0.6188463E+00  0.1534913E-04
  0.7528192E+00  0.1834441E-04
  0.1480093E+01  0.3765536E-04
  0.1820835E+01  0.4648736E-04
  0.2076504E+01  0.5311240E-04
  0.2235475E+01  0.5722991E-04
  0.2290399E+01  0.5864989E-04
  0.2237502E+01  0.5727513E-04
  0.2082983E+01  0.5326590E-04
  0.1841561E+01  0.4700643E-04
  0.1522276E+01  0.3873013E-04
  0.1136102E+01  0.2872111E-04
  0.7010586E+00  0.1744694E-04
  0.2369917E+00  0.5421700E-05
 -0.2370289E+00 -0.6860645E-05
 -0.7013618E+00 -0.1889131E-04
 -0.1136546E+01 -0.3016623E-04
 -0.1524225E+01 -0.4020962E-04
 -0.1847013E+01 -0.4857181E-04
 -0.2089766E+01 -0.5485939E-04
 -0.2239331E+01 -0.5873134E-04
 -0.2285980E+01 -0.5993546E-04
 -0.2230374E+01 -0.5848955E-04
 -0.2081899E+01 -0.5463776E-04
 -0.1843691E+01 -0.4846172E-04
 -0.1522388E+01 -0.4013226E-04
 -0.1133085E+01 -0.3004013E-04
 -0.6915669E+00 -0.1859701E-04
  0.5455924E+00  0.1319040E-04
  0.4581751E+00  0.1090812E-04
 -0.2691315E+00 -0.7590788E-05
 -0.2494177E+00 -0.7075806E-05
 -0.2394213E+00 -0.6804300E-05
 -0.6882422E-01 -0.2414905E-05
  0.7731400E+00  0.1912949E-04
 -0.9232176E-01 -0.2987512E-05
 -0.5626127E-01 -0.2107552E-05
 -0.1278846E+00 -0.3857080E-05
 -0.1613524E+00 -0.4673863E-05
 -0.1937841E+00 -0.5466137E-05
 -0.2268614E+00 -0.6276762E-05
 -0.2588370E+00 -0.7060574E-05
 -0.2892532E+00 -0.7805922E-05
 -0.3181120E+00 -0.8512800E-05
 -0.3454447E+00 -0.9181979E-05
 -0.3712455E+00 -0.9814077E-05
 -0.3953016E+00 -0.1040322E-04
 -0.4176536E+00 -0.1095061E-04
 -0.4382703E+00 -0.1145580E-04
 -0.4568954E+00 -0.1191213E-04
 -0.4735971E+00 -0.1232145E-04
 -0.4883274E+00 -0.1268271E-04
 -0.5008034E+00 -0.1298873E-04
 -0.5111479E+00 -0.1324217E-04
 -0.5194138E+00 -0.1344567E-04
 -0.5251839E+00 -0.1358728E-04
 -0.5286244E+00 -0.1367204E-04
 -0.5298558E+00 -0.1370259E-04
 -0.5285473E+00 -0.1367036E-04
 -0.5249071E+00 -0.1358144E-04
 -0.5191035E+00 -0.1343954E-04
 -0.5108224E+00 -0.1323665E-04
 -0.5003020E+00 -0.1297897E-04
 -0.4877026E+00 -0.1267077E-04
 -0.4727867E+00 -0.1230548E-04
 -0.4558218E+00 -0.1189016E-04
 -0.4369672E+00 -0.1142847E-04
 -0.4160617E+00 -0.1091674E-04
 -0.3933475E+00 -0.1036051E-04
 -0.3690281E+00 -0.9765291E-05
 -0.3429873E+00 -0.9127989E-05
 -0.3154825E+00 -0.8454647E-05
 -0.2867070E+00 -0.7750879E-05
 -0.2566054E+00 -0.7014076E-05
 -0.2254402E+00 -0.6252072E-05
 -0.1933729E+00 -0.5467396E-05
 -0.1604420E+00 -0.4662049E-05
 -0.1268595E+00 -0.3840398E-05
 -0.9277540E-01 -0.3007001E-05
 -0.5826840E-01 -0.2162946E-05
 -0.2352184E-01 -0.1313595E-05
  0.1130076E-01 -0.4614288E-06
  0.4605214E-01  0.3883052E-06
  0.8058040E-01  0.1232655E-05
  0.1147640E+00  0.2068909E-05
  0.1484236E+00  0.2892282E-05
  0.1813535E+00  0.3697582E-05
  0.2134908E+00  0.4484034E-05
  0.2447811E+00  0.5249278E-05
  0.2750439E+00  0.5989747E-05
  0.3041753E+00  0.6703116E-05
  0.3320098E+00  0.7384444E-05
  0.3584779E+00  0.8032883E-05
  0.3834794E+00  0.8645730E-05
  0.4067445E+00  0.9216024E-05
  0.4282517E+00  0.9742801E-05
  0.4479727E+00  0.1022650E-04
  0.4656779E+00  0.1066066E-04
  0.4813749E+00  0.1104559E-04
  0.4950394E+00  0.1138099E-04
  0.5063952E+00  0.1165967E-04
  0.5155734E+00  0.1188457E-04
  0.5225909E+00  0.1205684E-04
  0.5271004E+00  0.1216733E-04
  0.5290509E+00  0.1221405E-04
  0.5280869E+00  0.1218767E-04
  0.5245250E+00  0.1209684E-04
  0.5190180E+00  0.1195993E-04
  0.5115048E+00  0.1177466E-04
  0.5019274E+00  0.1153982E-04
  0.4903958E+00  0.1125724E-04
  0.4769413E+00  0.1092895E-04
  0.4614272E+00  0.1054991E-04
  0.4438172E+00  0.1011972E-04
  0.4241272E+00  0.9638176E-05
  0.4025055E+00  0.9109276E-05
  0.3791202E+00  0.8537063E-05
  0.3540826E+00  0.7924510E-05
  0.3274266E+00  0.7272363E-05
  0.2992624E+00  0.6583030E-05
  0.2699099E+00  0.5864974E-05
  0.2395506E+00  0.5122641E-05
  0.2081967E+00  0.4356491E-05
  0.1760196E+00  0.3570460E-05
  0.1434949E+00  0.2776415E-05
  0.1109059E+00  0.1980982E-05
  0.7841174E-01  0.1186495E-05
  0.4633615E-01  0.4011673E-06
  0.5282864E-01  0.6106990E-06
  0.3675505E+00  0.8821360E-05
  0.5839736E-01  0.7660099E-06
  0.6570900E-01  0.9584591E-06
  0.7542235E-01  0.1213123E-05
  0.8895729E-01  0.1566786E-05
  0.1141323E+00  0.2219176E-05
  0.1252588E+01  0.3165492E-04
  0.3198542E+00  0.7553278E-05
  0.1417554E+01  0.3591638E-04
  0.6999760E+00  0.1725843E-04
  0.1043529E+01  0.2625216E-04
  0.1524493E+01  0.3867794E-04
  0.1559195E+01  0.3957227E-04
  0.1520607E+01  0.3857219E-04
  0.1416727E+01  0.3588526E-04
  0.1255196E+01  0.3171198E-04
  0.1038848E+01  0.2612424E-04
  0.7764972E+00  0.1934912E-04
  0.4800174E+00  0.1169304E-04
  0.1633809E+00  0.3517150E-05
 -0.1619819E+00 -0.4883696E-05
 -0.4807160E+00 -0.1311234E-04
 -0.7778091E+00 -0.2078208E-04
 -0.1041520E+01 -0.2758998E-04
 -0.1260595E+01 -0.3324530E-04
 -0.1424773E+01 -0.3748280E-04
 -0.1524013E+01 -0.4004242E-04
 -0.1553117E+01 -0.4078945E-04
 -0.1517044E+01 -0.3985416E-04
 -0.1421320E+01 -0.3738108E-04
 -0.1259186E+01 -0.3319188E-04
 -0.1043541E+01 -0.2762060E-04
 -0.7860648E+00 -0.2096956E-04
 -0.4869227E+00 -0.1324768E-04
 -0.1140427E+00 -0.3531789E-05
 -0.2357848E+00 -0.6680505E-05
  0.2870371E+00  0.6666179E-05
 -0.7423200E-01 -0.2607746E-05
 -0.1093782E+00 -0.3457873E-05
 -0.3849483E+00 -0.1053876E-04
 -0.1115073E+00 -0.3475888E-05
 -0.4239302E+00 -0.1156173E-04
 -0.2705222E+00 -0.7433981E-05
 -0.3091856E+00 -0.8398173E-05
 -0.3452767E+00 -0.9297406E-05
 -0.3795974E+00 -0.1015326E-04
 -0.4119832E+00 -0.1096040E-04
 -0.4421449E+00 -0.1171172E-04
 -0.4702744E+00 -0.1241264E-04
 -0.4963778E+00 -0.1306289E-04
 -0.5202228E+00 -0.1365701E-04
 -0.5418994E+00 -0.1419686E-04
 -0.5613236E+00 -0.1468166E-04
 -0.5780908E+00 -0.1509926E-04
 -0.5924023E+00 -0.1545623E-04
 -0.6044139E+00 -0.1575629E-04
 -0.6137514E+00 -0.1598963E-04
 -0.6202475E+00 -0.1615170E-04
 -0.6239787E+00 -0.1624498E-04
 -0.6248400E+00 -0.1626671E-04
 -0.6228653E+00 -0.1621734E-04
 -0.6182655E+00 -0.1610305E-04
 -0.6109335E+00 -0.1592055E-04
 -0.6008666E+00 -0.1567018E-04
 -0.5882190E+00 -0.1535533E-04
 -0.5729638E+00 -0.1497561E-04
 -0.5551277E+00 -0.1453139E-04
 -0.5349236E+00 -0.1402843E-04
 -0.5123236E+00 -0.1346571E-04
 -0.4874418E+00 -0.1284635E-04
 -0.4604905E+00 -0.1217505E-04
 -0.4314763E+00 -0.1145296E-04
 -0.4005539E+00 -0.1068304E-04
 -0.3679544E+00 -0.9871489E-05
 -0.3337155E+00 -0.9019496E-05
 -0.2980195E+00 -0.8130835E-05
 -0.2611155E+00 -0.7212394E-05
 -0.2230683E+00 -0.6265042E-05
 -0.1840905E+00 -0.5294943E-05
 -0.1443667E+00 -0.4306161E-05
 -0.1040464E+00 -0.3302689E-05
 -0.6311258E-01 -0.2284067E-05
 -0.2179358E-01 -0.1255625E-05
  0.1954450E-01 -0.2267075E-06
  0.6072534E-01  0.7982252E-06
  0.1015988E+00  0.1815679E-05
  0.1419826E+00  0.2820830E-05
  0.1816203E+00  0.3807764E-05
  0.2200406E+00  0.4763318E-05
  0.2573794E+00  0.5692609E-05
  0.2941116E+00  0.6606901E-05
  0.3296254E+00  0.7491045E-05
  0.3636879E+00  0.8338889E-05
  0.3965164E+00  0.9157223E-05
  0.4276681E+00  0.9933739E-05
  0.4568545E+00  0.1066096E-04
  0.4840921E+00  0.1133986E-04
  0.5091362E+00  0.1196426E-04
  0.5318967E+00  0.1253128E-04
  0.5525275E+00  0.1304584E-04
  0.5707358E+00  0.1349985E-04
  0.5862778E+00  0.1388690E-04
  0.5993887E+00  0.1421425E-04
  0.6099994E+00  0.1447953E-04
  0.6177565E+00  0.1467288E-04
  0.6225013E+00  0.1479117E-04
  0.6243359E+00  0.1483615E-04
  0.6232364E+00  0.1480754E-04
  0.6191198E+00  0.1470351E-04
  0.6123065E+00  0.1453178E-04
  0.6029357E+00  0.1429710E-04
  0.5912890E+00  0.1400664E-04
  0.5776331E+00  0.1366756E-04
  0.5618657E+00  0.1327669E-04
  0.5435378E+00  0.1282214E-04
  0.5224895E+00  0.1229883E-04
  0.4988216E+00  0.1170989E-04
  0.4729015E+00  0.1106488E-04
  0.4449626E+00  0.1036955E-04
  0.4149672E+00  0.9623017E-05
  0.3828745E+00  0.8823461E-05
  0.3490426E+00  0.7980435E-05
  0.3143124E+00  0.7115720E-05
  0.2786417E+00  0.6228401E-05
  0.2416908E+00  0.5309727E-05
  0.2038865E+00  0.4369321E-05
  0.1659635E+00  0.3426270E-05
  0.1279699E+00  0.2481451E-05
  0.8996654E-01  0.1534935E-05
  0.1163317E+01  0.2925044E-04
  0.8877751E+00  0.2215733E-04
  0.1135387E+00  0.2165218E-05
  0.1307044E+00  0.2614761E-05
 -0.3529643E+00 -0.9689495E-05
  0.1519696E+00  0.3172351E-05
  0.1978916E+00  0.4362303E-05
  0.5578926E+00  0.1370034E-04
  0.1249349E+01  0.3146534E-04
  0.1274890E+01  0.3212118E-04
  0.1000642E+00  0.1811236E-05
  0.1239556E+01  0.3120676E-04
  0.1156209E+01  0.2905601E-04
  0.1027718E+01  0.2574738E-04
  0.8525851E+00  0.2124092E-04
  0.6401810E+00  0.1577347E-04
  0.3983873E+00  0.9548895E-05
  0.1384387E+00  0.2856774E-05
 -0.1335303E+00 -0.4143715E-05
 -0.3993737E+00 -0.1098603E-04
 -0.6429991E+00 -0.1725602E-04
 -0.8572559E+00 -0.2277011E-04
 -0.1034289E+01 -0.2732595E-04
 -0.1165910E+01 -0.3071229E-04
 -0.1243859E+01 -0.3271530E-04
 -0.1266032E+01 -0.3328064E-04
 -0.1238996E+01 -0.3258073E-04
 -0.1169421E+01 -0.3079241E-04
 -0.1034935E+01 -0.2732771E-04
 -0.8633077E+00 -0.2290646E-04
 -0.6637986E+00 -0.1776878E-04
  0.1037371E+01  0.2600904E-04
 -0.1543966E+00 -0.4543819E-05
 -0.2296836E+00 -0.6411757E-05
 -0.1927965E+00 -0.5495640E-05
  0.8002271E+00  0.1996200E-04
 -0.3318147E+00 -0.9116065E-05
 -0.5976954E+00 -0.1602796E-04
 -0.2958930E+00 -0.8122992E-05
 -0.3419276E+00 -0.9279189E-05
 -0.4587749E+00 -0.1221562E-04
 -0.4921539E+00 -0.1305357E-04
 -0.5229624E+00 -0.1382671E-04
 -0.5517616E+00 -0.1455006E-04
 -0.5778972E+00 -0.1520611E-04
 -0.6016454E+00 -0.1580235E-04
 -0.6228394E+00 -0.1633521E-04
 -0.6408103E+00 -0.1678595E-04
 -0.6562026E+00 -0.1717306E-04
 -0.6697590E+00 -0.1751497E-04
 -0.6805257E+00 -0.1778767E-04
 -0.6874682E+00 -0.1796223E-04
 -0.6910486E+00 -0.1805200E-04
 -0.6915414E+00 -0.1806409E-04
 -0.6886095E+00 -0.1798974E-04
 -0.6830255E+00 -0.1784962E-04
 -0.6748127E+00 -0.1764347E-04
 -0.6633030E+00 -0.1735447E-04
 -0.6490815E+00 -0.1699762E-04
 -0.6321849E+00 -0.1657400E-04
 -0.6121505E+00 -0.1607099E-04
 -0.5896418E+00 -0.1550634E-04
 -0.5646637E+00 -0.1488005E-04
 -0.5368634E+00 -0.1418207E-04
 -0.5069370E+00 -0.1343135E-04
 -0.4748488E+00 -0.1262641E-04
 -0.4404023E+00 -0.1176177E-04
 -0.4042407E+00 -0.1085440E-04
 -0.3663335E+00 -0.9903330E-05
 -0.3266370E+00 -0.8906818E-05
 -0.2857587E+00 -0.7881075E-05
 -0.2436108E+00 -0.6823566E-05
 -0.2003038E+00 -0.5736398E-05
 -0.1564757E+00 -0.4636173E-05
 -0.1122932E+00 -0.3528172E-05
 -0.6639227E-01 -0.2377028E-05
 -0.1955957E-01 -0.1201514E-05
  0.2682862E-01 -0.3702155E-07
  0.7298642E-01  0.1120906E-05
  0.1186927E+00  0.2268678E-05
  0.1635251E+00  0.3393400E-05
  0.2072255E+00  0.4490334E-05
  0.2481967E+00  0.5517883E-05
  0.2878638E+00  0.6511580E-05
  0.3285609E+00  0.7532910E-05
  0.3677353E+00  0.8516688E-05
  0.4052958E+00  0.9459054E-05
  0.4423062E+00  0.1038937E-04
  0.4770324E+00  0.1126235E-04
  0.5092772E+00  0.1207224E-04
  0.5393953E+00  0.1282932E-04
  0.5666744E+00  0.1351418E-04
  0.5915707E+00  0.1413989E-04
  0.6145074E+00  0.1471693E-04
  0.6342858E+00  0.1521428E-04
  0.6510602E+00  0.1563507E-04
  0.6656543E+00  0.1600236E-04
  0.6774220E+00  0.1629920E-04
  0.6855130E+00  0.1650257E-04
  0.6896252E+00  0.1660511E-04
  0.6906831E+00  0.1663011E-04
  0.6889173E+00  0.1658459E-04
  0.6832349E+00  0.1643950E-04
  0.6747414E+00  0.1622361E-04
  0.6638188E+00  0.1594856E-04
  0.6506371E+00  0.1561663E-04
  0.6363848E+00  0.1526240E-04
  0.6201922E+00  0.1485905E-04
  0.6004144E+00  0.1436528E-04
  0.5767395E+00  0.1377235E-04
  0.5498329E+00  0.1309750E-04
  0.5208156E+00  0.1236930E-04
  0.4896764E+00  0.1158805E-04
  0.4558346E+00  0.1073817E-04
  0.4191395E+00  0.9815829E-05
  0.3809001E+00  0.8854607E-05
  0.3437336E+00  0.7922392E-05
  0.3058562E+00  0.6972804E-05
  0.2652156E+00  0.5953584E-05
  0.2237083E+00  0.4912329E-05
  0.1835020E+00  0.3905789E-05
  0.1426468E+00  0.2880442E-05
  0.1065109E+01  0.2660954E-04
  0.1104558E+01  0.2762966E-04
 -0.1814410E+00 -0.5250829E-05
  0.6996490E+00  0.1730443E-04
  0.1011161E+01  0.2524046E-04
 -0.4425213E+00 -0.1196360E-04
 -0.1736572E+00 -0.5053907E-05
  0.1897418E+00  0.4112089E-05
 -0.8201165E-01 -0.2798627E-05
  0.9946594E+00  0.2479262E-04
 -0.3829171E+00 -0.1030822E-04
  0.1084232E+01  0.2711071E-04
 -0.4521301E-01 -0.1856113E-05
 -0.2521317E+00 -0.7060995E-05
  0.7382972E+00  0.1822660E-04
  0.5594365E+00  0.1364036E-04
  0.3522099E+00  0.8323497E-05
  0.1267969E+00  0.2538882E-05
 -0.1174148E+00 -0.3728015E-05
 -0.3548721E+00 -0.9819535E-05
 -0.5651868E+00 -0.1521376E-04
 -0.7476844E+00 -0.1989482E-04
 -0.8976988E+00 -0.2374198E-04
 -0.1008644E+01 -0.2658641E-04
 -0.1073483E+01 -0.2824478E-04
 -0.1090270E+01 -0.2866770E-04
 -0.1064747E+01 -0.2800397E-04
 -0.1024228E+01 -0.2697880E-04
 -0.8984776E+00 -0.2374807E-04
 -0.7560717E+00 -0.2009129E-04
  0.9155379E+00  0.2280372E-04
  0.1650496E+00  0.3464394E-05
 -0.4220748E+00 -0.1129330E-04
  0.2104653E+00  0.4664798E-05
 -0.1748640E+00 -0.5126964E-05
  0.8878955E+00  0.2205576E-04
  0.2557246E+00  0.5830738E-05
 -0.4042923E+00 -0.1095156E-04
 -0.3153079E+00 -0.8657954E-05
  0.4988677E+00  0.1202793E-04
  0.3633752E+00  0.8563277E-05
 -0.2129641E+00 -0.6033853E-05
 -0.3679681E+00 -0.9984114E-05
  0.9511952E+00  0.2357875E-04
 -0.4990238E+00 -0.1329656E-04
 -0.5344768E+00 -0.1418849E-04
 -0.6267555E+00 -0.1651660E-04
 -0.6518137E+00 -0.1714871E-04
 -0.6750903E+00 -0.1773771E-04
 -0.6927478E+00 -0.1818075E-04
 -0.7086918E+00 -0.1858313E-04
 -0.7256318E+00 -0.1901649E-04
 -0.7395679E+00 -0.1937303E-04
 -0.7464338E+00 -0.1954582E-04
 -0.7491793E+00 -0.1961321E-04
 -0.7491889E+00 -0.1961299E-04
 -0.7441158E+00 -0.1948157E-04
 -0.7377157E+00 -0.1931951E-04
 -0.7294414E+00 -0.1911243E-04
 -0.7159230E+00 -0.1877020E-04
 -0.7007024E+00 -0.1838651E-04
 -0.6831505E+00 -0.1794579E-04
 -0.6604928E+00 -0.1737264E-04
 -0.6365115E+00 -0.1676792E-04
 -0.6100666E+00 -0.1610309E-04
 -0.5790409E+00 -0.1531849E-04
 -0.5471689E+00 -0.1451541E-04
 -0.5128515E+00 -0.1365108E-04
 -0.4746320E+00 -0.1268554E-04
 -0.4361247E+00 -0.1171457E-04
 -0.3952628E+00 -0.1068505E-04
 -0.3514380E+00 -0.9577783E-05
 -0.3078127E+00 -0.8478205E-05
 -0.2615770E+00 -0.7312451E-05
 -0.2134545E+00 -0.6096123E-05
 -0.1672481E+00 -0.4927530E-05
 -0.1223680E+00 -0.3798826E-05
 -0.7116716E-01 -0.2509420E-05
 -0.1703103E-01 -0.1141376E-05
  0.3408658E-01  0.1481590E-06
  0.8585436E-01  0.1454455E-05
  0.1363607E+00  0.2730169E-05
  0.1847268E+00  0.3949292E-05
  0.2334412E+00  0.5177670E-05
  0.2719423E+00  0.6149499E-05
  0.3105828E+00  0.7121203E-05
  0.3558429E+00  0.8261566E-05
  0.3984664E+00  0.9340353E-05
  0.4383962E+00  0.1034630E-04
  0.4815683E+00  0.1143833E-04
  0.5196252E+00  0.1240129E-04
  0.5538880E+00  0.1326542E-04
  0.5870461E+00  0.1410341E-04
  0.6156790E+00  0.1482626E-04
  0.6420613E+00  0.1549299E-04
  0.6685241E+00  0.1616289E-04
  0.6896259E+00  0.1669723E-04
  0.7067247E+00  0.1712663E-04
  0.7235635E+00  0.1755307E-04
  0.7372415E+00  0.1790100E-04
  0.7448587E+00  0.1809298E-04
  0.7461079E+00  0.1812166E-04
  0.7458985E+00  0.1811305E-04
  0.7441841E+00  0.1806825E-04
  0.7353928E+00  0.1784366E-04
  0.7252508E+00  0.1758169E-04
  0.7133425E+00  0.1728354E-04
  0.6983147E+00  0.1690033E-04
  0.6854623E+00  0.1658600E-04
  0.6719728E+00  0.1624989E-04
  0.6510246E+00  0.1572474E-04
  0.6238242E+00  0.1504062E-04
  0.5926435E+00  0.1425350E-04
  0.5611370E+00  0.1345821E-04
  0.5273618E+00  0.1260560E-04
  0.4892604E+00  0.1164381E-04
  0.4465367E+00  0.1056256E-04
  0.4045560E+00  0.9502296E-05
  0.3684179E+00  0.8591998E-05
  0.3340093E+00  0.7725290E-05
  0.2870424E+00  0.6539434E-05
  0.2423561E+00  0.5411760E-05
 -0.4570658E+00 -0.1223610E-04
 -0.4121223E+00 -0.1109593E-04
 -0.2407247E+00 -0.6733634E-05
  0.1203173E+00  0.2351808E-05
  0.6616974E+00  0.1619534E-04
  0.8906219E+00  0.2204023E-04
  0.7677106E+00  0.1886417E-04
  0.2548892E+00  0.5769023E-05
 -0.4734272E+00 -0.1278600E-04
  0.9325348E+00  0.2309345E-04
 -0.5182337E+00 -0.1388971E-04
 -0.5460799E+00 -0.1465369E-04
  0.6494281E+00  0.1587061E-04
  0.4984601E+00  0.1202007E-04
 -0.1067892E+00 -0.3454925E-05
 -0.3262209E+00 -0.9060695E-05
 -0.5092431E+00 -0.1373435E-04
 -0.6663912E+00 -0.1774813E-04
 -0.7955657E+00 -0.2104675E-04
 -0.8917314E+00 -0.2350154E-04
 -0.9480975E+00 -0.2493640E-04
 -0.9594663E+00 -0.2521605E-04
 -0.2964385E+00 -0.8299236E-05
 -0.8859755E+00 -0.2333764E-04
 -0.7922664E+00 -0.2095165E-04
 -0.6722305E+00 -0.1787906E-04
  0.7934871E+00  0.1955360E-04
 -0.5670138E+00 -0.1500850E-04
  0.3180119E+00  0.7408350E-05
 -0.5990264E+00 -0.1581775E-04
 -0.4314995E+00 -0.1179078E-04
 -0.4841782E+00 -0.1297373E-04
  0.2039902E+00  0.4449187E-05
  0.2743634E+00  0.6295950E-05
 -0.5386314E+00 -0.1435668E-04
 -0.9348984E-01 -0.3124399E-05
 -0.8256822E-01 -0.2779889E-05
  0.8429492E+00  0.2069195E-04
  0.4290237E+00  0.1017941E-04
 -0.7222772E+00 -0.1900089E-04
 -0.5721135E+00 -0.1519421E-04
 -0.6693894E+00 -0.1765653E-04
 -0.6940906E+00 -0.1828123E-04
 -0.7501885E+00 -0.1969734E-04
 -0.7753610E+00 -0.2035173E-04
 -0.8009608E+00 -0.2101790E-04
 -0.8053203E+00 -0.2112327E-04
 -0.8024250E+00 -0.2103943E-04
 -0.8041188E+00 -0.2108428E-04
 -0.7916542E+00 -0.2075656E-04
 -0.7850478E+00 -0.2058855E-04
 -0.7803789E+00 -0.2047848E-04
 -0.7611803E+00 -0.1998437E-04
 -0.7461384E+00 -0.1960441E-04
 -0.7311866E+00 -0.1923375E-04
 -0.7021441E+00 -0.1849066E-04
 -0.6784088E+00 -0.1789094E-04
 -0.6532120E+00 -0.1726086E-04
 -0.6153174E+00 -0.1629300E-04
 -0.5837747E+00 -0.1549607E-04
 -0.5492740E+00 -0.1462908E-04
 -0.5039903E+00 -0.1347427E-04
 -0.4657951E+00 -0.1250916E-04
 -0.4232965E+00 -0.1143913E-04
 -0.3723886E+00 -0.1014160E-04
 -0.3288764E+00 -0.9041943E-05
 -0.2767438E+00 -0.7726831E-05
 -0.2179250E+00 -0.6228905E-05
 -0.1473204E+00 -0.4446847E-05
 -0.1377103E-01 -0.1056946E-05
  0.3879269E-01  0.2720073E-06
  0.9940575E-01  0.1804336E-05
  0.1548417E+00  0.3215772E-05
  0.2038244E+00  0.4452173E-05
  0.2745872E+00  0.6235348E-05
  0.3725613E+00  0.8701973E-05
  0.4570875E+00  0.1085589E-04
  0.5181672E+00  0.1241311E-04
  0.5576153E+00  0.1342002E-04
  0.5911084E+00  0.1426517E-04
  0.6302699E+00  0.1525582E-04
  0.6573768E+00  0.1594568E-04
  0.6833047E+00  0.1660611E-04
  0.7214418E+00  0.1757416E-04
  0.7438229E+00  0.1815145E-04
  0.7552739E+00  0.1842925E-04
  0.7768605E+00  0.1897555E-04
  0.7945598E+00  0.1943231E-04
  0.8018116E+00  0.1961270E-04
  0.7933163E+00  0.1939273E-04
  0.7915111E+00  0.1934050E-04
  0.7933578E+00  0.1937899E-04
 -0.1606174E+00 -0.4761910E-05
  0.7343949E+00  0.1788756E-04
  0.7262655E+00  0.1769351E-04
  0.7003543E+00  0.1704089E-04
  0.6661828E+00  0.1618153E-04
  0.6285571E+00  0.1522751E-04
  0.5966342E+00  0.1441718E-04
  0.5614199E+00  0.1352130E-04
  0.5175938E+00  0.1241433E-04
  0.4609000E+00  0.1096463E-04
  0.9319983E+00  0.2309875E-04
 -0.6042882E+00 -0.1600656E-04
  0.1092338E+00  0.2036558E-05
  0.5898126E+00  0.1425203E-04
  0.7761533E+00  0.1897945E-04
  0.6692775E+00  0.1627855E-04
 -0.6019035E+00 -0.1602729E-04
  0.2901798E+00  0.6642551E-05
 -0.2914418E+00 -0.8143330E-05
  0.3499569E+00  0.8253470E-05
 -0.6433062E+00 -0.1700253E-04
 -0.4498208E+00 -0.1216150E-04
 -0.5840693E+00 -0.1556922E-04
 -0.6949372E+00 -0.1838242E-04
 -0.7779002E+00 -0.2048690E-04
 -0.8301384E+00 -0.2181135E-04
 -0.8600923E+00 -0.2258018E-04
  0.1339627E+00  0.2749134E-05
 -0.7661739E+00 -0.2017438E-04
 -0.6898862E+00 -0.1824823E-04
  0.6943606E-01  0.1086342E-05
  0.8433318E+00  0.2071696E-04
 -0.7352055E+00 -0.1931812E-04
  0.9586133E+00  0.2375002E-04
  0.8612134E+00  0.2117796E-04
  0.7737461E+00  0.1886267E-04
  0.8545793E+00  0.2100755E-04
  0.5699944E+00  0.1375939E-04
  0.6989186E+00  0.1702560E-04
 -0.1952665E+00 -0.5673787E-05
  0.4949631E+00  0.1196448E-04
  0.5110304E+00  0.1244274E-04
  0.3850680E+00  0.9060581E-05
  0.2406874E+00  0.5376732E-05
  0.2429670E+00  0.5477260E-05
  0.6612442E+00  0.1643071E-04
  0.1080067E+01  0.2728478E-04
 -0.8747706E+00 -0.2299176E-04
 -0.9358383E+00 -0.2459492E-04
 -0.4363591E+00 -0.1174476E-04
  0.7839555E+00  0.1925792E-04
  0.3052869E+00  0.7030746E-05
  0.8697439E+00  0.2145729E-04
  0.8343471E+00  0.2048386E-04
  0.4221603E+00  0.9987546E-05
  0.7767220E+00  0.1896537E-04
  0.1399879E-01 -0.3540109E-06
  0.7815509E+00  0.1910585E-04
  0.3308024E+00  0.7686272E-05
  0.7072778E+00  0.1726073E-04
 -0.7716998E+00 -0.2028467E-04
  0.1984653E+00  0.4335513E-05
 -0.7223884E+00 -0.1905250E-04
 -0.3713230E+00 -0.1014576E-04
  0.6097134E+00  0.1478143E-04
 -0.6246181E+00 -0.1657020E-04
  0.6467146E+00  0.1573785E-04
 -0.5140814E+00 -0.1377227E-04
 -0.6354560E+00 -0.1685413E-04
 -0.7314018E+00 -0.1928961E-04
 -0.7981972E+00 -0.2098423E-04
 -0.8343878E+00 -0.2190270E-04
 -0.8530483E+00 -0.2239217E-04
  0.7953214E+00  0.1949272E-04
  0.4061849E+00  0.9570314E-05
  0.3114061E+00  0.7163897E-05
  0.8241940E+00  0.2025591E-04
 -0.8082265E+00 -0.2123613E-04
  0.7471163E+00  0.1831618E-04
  0.4820119E+00  0.1154916E-04
  0.3135213E+00  0.8043133E-05
  0.2632054E+00  0.6886053E-05
  0.2473911E+00  0.6508908E-05
  0.2396387E+00  0.6310766E-05
  0.2349330E+00  0.6179670E-05
  0.2315431E+00  0.6077570E-05
  0.2288639E+00  0.5991815E-05
  0.2265563E+00  0.5914920E-05
  0.2244719E+00  0.5843798E-05
  0.2225247E+00  0.5776579E-05
  0.2206387E+00  0.5711477E-05
  0.2187751E+00  0.5647501E-05
  0.2169030E+00  0.5583862E-05
  0.2150215E+00  0.5520520E-05
  0.2131485E+00  0.5457880E-05
  0.2113453E+00  0.5397454E-05
  0.2097977E+00  0.5343904E-05
  0.2088832E+00  0.5306659E-05
  0.2094481E+00  0.5306991E-05
  0.2135106E+00  0.5395648E-05
  0.6311596E+00  0.1589482E-04
  0.1021211E+01  0.2569941E-04
  0.1366644E+01  0.3438173E-04
  0.1652344E+01  0.4156165E-04
  0.1865839E+01  0.4692595E-04
  0.1997758E+01  0.5023906E-04
  0.2042335E+01  0.5135621E-04
  0.1997670E+01  0.5022976E-04
  0.1865724E+01  0.4690912E-04
  0.1652241E+01  0.4153902E-04
  0.1366550E+01  0.3435404E-04
  0.1021119E+01  0.2566758E-04
  0.6310652E+00  0.1586008E-04
  0.2134319E+00  0.5359881E-05
 -0.2135323E+00 -0.5374208E-05
 -0.6311626E+00 -0.1587288E-04
 -0.1021211E+01 -0.2567735E-04
 -0.1366626E+01 -0.3435916E-04
 -0.1652313E+01 -0.4153878E-04
 -0.1865787E+01 -0.4690258E-04
 -0.1997718E+01 -0.5021599E-04
 -0.2042341E+01 -0.5133427E-04
 -0.1997699E+01 -0.5020848E-04
 -0.1865753E+01 -0.4688794E-04
 -0.1652265E+01 -0.4151760E-04
 -0.1366566E+01 -0.3433245E-04
 -0.1021144E+01 -0.2564627E-04
 -0.6310945E+00 -0.1583881E-04
 -0.2134620E+00 -0.5338646E-05
 -0.2093884E+00 -0.5248607E-05
 -0.2088180E+00 -0.5245735E-05
 -0.2097242E+00 -0.5279478E-05
 -0.2112600E+00 -0.5328767E-05
 -0.2130450E+00 -0.5384005E-05
 -0.2149054E+00 -0.5440828E-05
 -0.2167708E+00 -0.5497454E-05
 -0.2186200E+00 -0.5553237E-05
 -0.2204735E+00 -0.5608619E-05
 -0.2223580E+00 -0.5664348E-05
 -0.2243050E+00 -0.5721134E-05
 -0.2263752E+00 -0.5780631E-05
 -0.2286573E+00 -0.5845412E-05
 -0.2313092E+00 -0.5920187E-05
 -0.2346244E+00 -0.6013787E-05
 -0.2392445E+00 -0.6145866E-05
 -0.2468618E+00 -0.6366839E-05
 -0.2624552E+00 -0.6823606E-05
 -0.3127871E+00 -0.8293102E-05
 -0.9246547E+00 -0.2425428E-04
 -0.1496737E+01 -0.3917844E-04
 -0.2003924E+01 -0.5241083E-04
 -0.2423426E+01 -0.6335683E-04
 -0.2736564E+01 -0.7152956E-04
 -0.2929851E+01 -0.7657613E-04
 -0.2995194E+01 -0.7828591E-04
 -0.2929819E+01 -0.7658595E-04
 -0.2736469E+01 -0.7154794E-04
 -0.2423432E+01 -0.6338758E-04
 -0.2004422E+01 -0.5246254E-04
 -0.1497743E+01 -0.3924977E-04
 -0.9256524E+00 -0.2432998E-04
 -0.3131616E+00 -0.8355284E-05
  0.3130235E+00  0.7977816E-05
  0.9255922E+00  0.2395688E-04
  0.1497734E+01  0.3888253E-04
  0.2004390E+01  0.5210110E-04
  0.2423365E+01  0.6303348E-04
  0.2736512E+01  0.7120630E-04
  0.2930354E+01  0.7626748E-04
  0.2996269E+01  0.7799241E-04
  0.2931081E+01  0.7629750E-04
  0.2737454E+01  0.7125233E-04
  0.2423692E+01  0.6307309E-04
  0.2003112E+01  0.5210706E-04
  0.1493953E+01  0.3882973E-04
  0.9232019E+00  0.2394477E-04
  0.7080820E+00  0.1849488E-04
  0.6942109E+00  0.1810535E-04
  0.6843201E+00  0.1781337E-04
  0.6764387E+00  0.1757088E-04
  0.6696457E+00  0.1735554E-04
  0.6635038E+00  0.1715686E-04
  0.6577473E+00  0.1696836E-04
  0.6521751E+00  0.1678508E-04
  0.6466675E+00  0.1660412E-04
  0.6412146E+00  0.1642515E-04
  0.6357986E+00  0.1624778E-04
  0.6303116E+00  0.1606933E-04
  0.6249362E+00  0.1589416E-04
  0.6202815E+00  0.1573769E-04
  0.6175216E+00  0.1562934E-04
  0.6191483E+00  0.1563159E-04
  0.1001779E+01  0.2527328E-04
  0.1340653E+01  0.3381166E-04
  0.1621068E+01  0.4087630E-04
  0.1830576E+01  0.4615331E-04
  0.1959926E+01  0.4940987E-04
  0.2003273E+01  0.5049852E-04
  0.1959315E+01  0.4938714E-04
  0.1829906E+01  0.4612245E-04
  0.1620574E+01  0.4084389E-04
  0.1340386E+01  0.3377999E-04
  0.1001579E+01  0.2523931E-04
  0.6189680E+00  0.1559524E-04
  0.2093069E+00  0.5270194E-05
 -0.2095073E+00 -0.5284841E-05
 -0.6191646E+00 -0.1560834E-04
 -0.1001763E+01 -0.2524926E-04
 -0.1340578E+01 -0.3378607E-04
 -0.1620807E+01 -0.4084584E-04
 -0.1830198E+01 -0.4611992E-04
 -0.1959599E+01 -0.4937780E-04
 -0.2003359E+01 -0.5047711E-04
 -0.1959561E+01 -0.4936992E-04
 -0.1830126E+01 -0.4610453E-04
 -0.1620708E+01 -0.4082374E-04
 -0.1340461E+01 -0.3375837E-04
 -0.1001636E+01 -0.2521711E-04
 -0.6190343E+00 -0.1557330E-04
 -0.6173486E+00 -0.1556715E-04
 -0.6200237E+00 -0.1567014E-04
 -0.6245676E+00 -0.1581972E-04
 -0.6298535E+00 -0.1598791E-04
 -0.6353745E+00 -0.1616180E-04
 -0.6409076E+00 -0.1633581E-04
 -0.6464061E+00 -0.1650866E-04
 -0.6519005E+00 -0.1668104E-04
 -0.6574711E+00 -0.1685487E-04
 -0.6632354E+00 -0.1703318E-04
 -0.6693690E+00 -0.1722042E-04
 -0.6761414E+00 -0.1742374E-04
 -0.6840106E+00 -0.1765566E-04
 -0.6938519E+00 -0.1793986E-04
 -0.7076315E+00 -0.1833024E-04
 -0.7302441E+00 -0.1896025E-04
 -0.7763957E+00 -0.2022849E-04
 -0.1256484E+01 -0.3275130E-04
 -0.1681735E+01 -0.4384484E-04
 -0.2033533E+01 -0.5302326E-04
 -0.2296316E+01 -0.5988066E-04
 -0.2458628E+01 -0.6411817E-04
 -0.2513468E+01 -0.6555293E-04
 -0.2458559E+01 -0.6412541E-04
 -0.2296245E+01 -0.5989659E-04
 -0.2033616E+01 -0.5305097E-04
 -0.1682049E+01 -0.4388538E-04
 -0.1256934E+01 -0.3280100E-04
 -0.7768695E+00 -0.2028258E-04
 -0.2628372E+00 -0.6877367E-05
  0.2626610E+00  0.6827891E-05
  0.7767135E+00  0.2023559E-04
  0.1256832E+01  0.3275910E-04
  0.1681998E+01  0.4385035E-04
  0.2033674E+01  0.5302562E-04
  0.2296494E+01  0.5988418E-04
  0.2458993E+01  0.6412676E-04
  0.2514137E+01  0.6556960E-04
  0.2459440E+01  0.6414744E-04
  0.2297196E+01  0.5992041E-04
  0.2034396E+01  0.5307063E-04
  0.1682573E+01  0.4389832E-04
  0.1257128E+01  0.3280524E-04
  0.7771476E+00  0.2028900E-04
  0.7308019E+00  0.1910120E-04
  0.1123195E+01  0.2924365E-04
  0.1083448E+01  0.2803915E-04
  0.1073522E+01  0.2772153E-04
  0.1064180E+01  0.2741906E-04
  0.1055155E+01  0.2712519E-04
  0.1046315E+01  0.2683672E-04
  0.1037868E+01  0.2655898E-04
  0.1029379E+01  0.2628115E-04
  0.1020681E+01  0.2599852E-04
  0.1011878E+01  0.2571402E-04
  0.1003997E+01  0.2545310E-04
  0.9992412E+00  0.2527140E-04
  0.1337514E+01  0.3381535E-04
  0.1826589E+01  0.4616524E-04
  0.1617751E+01  0.4089269E-04
  0.1955272E+01  0.4941268E-04
  0.1997658E+01  0.5047935E-04
  0.1953384E+01  0.4935711E-04
  0.1824300E+01  0.4609279E-04
  0.1615812E+01  0.4082304E-04
  0.1336557E+01  0.3376586E-04
  0.9987621E+00  0.2523021E-04
  0.6172355E+00  0.1559031E-04
  0.2086972E+00  0.5268693E-05
 -0.2089804E+00 -0.5283068E-05
 -0.6175213E+00 -0.1560326E-04
 -0.9990778E+00 -0.2524109E-04
 -0.1336969E+01 -0.3377514E-04
 -0.1616428E+01 -0.4083248E-04
 -0.1825239E+01 -0.4610467E-04
 -0.1954284E+01 -0.4936140E-04
 -0.1997917E+01 -0.5046023E-04
 -0.1954234E+01 -0.4935322E-04
 -0.1825147E+01 -0.4608875E-04
 -0.1616299E+01 -0.4080962E-04
 -0.1336817E+01 -0.3374651E-04
 -0.9989085E+00 -0.2520791E-04
 -0.1003239E+01 -0.2537554E-04
 -0.1019151E+01 -0.2589264E-04
 -0.1010590E+01 -0.2561891E-04
 -0.1028081E+01 -0.2617566E-04
 -0.1037053E+01 -0.2645965E-04
 -0.1045960E+01 -0.2674187E-04
 -0.1054857E+01 -0.2702351E-04
 -0.1063871E+01 -0.2730771E-04
 -0.1073199E+01 -0.2759946E-04
 -0.1083129E+01 -0.2790605E-04
 -0.1094094E+01 -0.2823885E-04
 -0.1106854E+01 -0.2861792E-04
 -0.1122757E+01 -0.2907941E-04
 -0.1145066E+01 -0.2971043E-04
 -0.1181730E+01 -0.3072350E-04
 -0.1581582E+01 -0.4114242E-04
 -0.2159449E+01 -0.5620324E-04
 -0.1912316E+01 -0.4976156E-04
 -0.2312164E+01 -0.6018558E-04
 -0.2363800E+01 -0.6153490E-04
 -0.2312182E+01 -0.6019456E-04
 -0.2159517E+01 -0.5622158E-04
 -0.1912506E+01 -0.4979050E-04
 -0.1581851E+01 -0.4117994E-04
 -0.1182075E+01 -0.3076801E-04
 -0.7306259E+00 -0.1900927E-04
 -0.2472312E+00 -0.6417444E-05
  0.2469624E+00  0.6456593E-05
  0.7303802E+00  0.1905082E-04
  0.1181873E+01  0.3081430E-04
  0.1581734E+01  0.4123342E-04
  0.1912487E+01  0.4985299E-04
  0.2159652E+01  0.5629565E-04
  0.2312481E+01  0.6028112E-04
  0.2364284E+01  0.6163481E-04
  0.2312762E+01  0.6029699E-04
  0.2160119E+01  0.5632480E-04
  0.1913013E+01  0.4989119E-04
  0.1582254E+01  0.4127785E-04
  0.1182335E+01  0.3086214E-04
  0.1107188E+01  0.2877306E-04
  0.1094430E+01  0.2838376E-04
  0.1145553E+01  0.2987263E-04
  0.1423920E+01  0.3666819E-04
  0.1436484E+01  0.3707283E-04
  0.1400239E+01  0.3589804E-04
  0.1389108E+01  0.3553235E-04
  0.1378163E+01  0.3517197E-04
  0.1367018E+01  0.3480728E-04
  0.1355436E+01  0.3443215E-04
  0.1344477E+01  0.3407327E-04
  0.2006401E+01  0.5082149E-04
  0.1960850E+01  0.4966338E-04
  0.1835654E+01  0.4650545E-04
  0.1964428E+01  0.4976263E-04
  0.1626282E+01  0.4120671E-04
  0.1831449E+01  0.4638363E-04
  0.1622254E+01  0.4108363E-04
  0.1342072E+01  0.3398643E-04
  0.1002963E+01  0.2539744E-04
  0.6198452E+00  0.1569455E-04
  0.2095594E+00  0.5304340E-05
 -0.2099192E+00 -0.5317882E-05
 -0.6202244E+00 -0.1570713E-04
 -0.1003429E+01 -0.2540943E-04
 -0.1342777E+01 -0.3400054E-04
 -0.1623443E+01 -0.4110499E-04
 -0.1833152E+01 -0.4641232E-04
 -0.1962748E+01 -0.4969072E-04
 -0.2006564E+01 -0.5079674E-04
 -0.1962697E+01 -0.4968242E-04
 -0.1833060E+01 -0.4639630E-04
 -0.1623308E+01 -0.4108190E-04
 -0.1342614E+01 -0.3397140E-04
 -0.1387865E+01 -0.3542581E-04
 -0.1399804E+01 -0.3580519E-04
 -0.1363907E+01 -0.3466492E-04
 -0.1375865E+01 -0.3504480E-04
 -0.1352454E+01 -0.3429789E-04
 -0.1411715E+01 -0.3618358E-04
 -0.1423783E+01 -0.3656573E-04
 -0.1436264E+01 -0.3695789E-04
 -0.1449545E+01 -0.3736998E-04
 -0.1464216E+01 -0.3781718E-04
 -0.1481303E+01 -0.3832647E-04
 -0.1502525E+01 -0.3894348E-04
 -0.1532480E+01 -0.3979011E-04
 -0.2290355E+01 -0.5951842E-04
 -0.2240328E+01 -0.5822113E-04
 -0.2092354E+01 -0.5435991E-04
 -0.2240313E+01 -0.5821262E-04
 -0.1852922E+01 -0.4812843E-04
 -0.2092428E+01 -0.5437803E-04
 -0.1853076E+01 -0.4815573E-04
 -0.1532723E+01 -0.3982593E-04
 -0.1145370E+01 -0.2975267E-04
 -0.7079555E+00 -0.1837649E-04
 -0.2395868E+00 -0.6194276E-05
  0.2392557E+00  0.6261171E-05
  0.7076430E+00  0.1844553E-04
  0.1145109E+01  0.2982648E-04
  0.1532533E+01  0.3990649E-04
  0.1852995E+01  0.4824535E-04
  0.2092502E+01  0.5447894E-04
  0.2240585E+01  0.5833480E-04
  0.2290751E+01  0.5964382E-04
  0.2240785E+01  0.5834833E-04
  0.2092877E+01  0.5450500E-04
  0.1853472E+01  0.4828129E-04
  0.1533017E+01  0.3994874E-04
  0.1481639E+01  0.3847702E-04
  0.1464549E+01  0.3795744E-04
  0.1411857E+01  0.3627708E-04
  0.1503102E+01  0.3910662E-04
  0.1449821E+01  0.3749742E-04
  0.1691967E+01  0.4336661E-04
  0.1678260E+01  0.4291891E-04
  0.1639032E+01  0.4162763E-04
  0.1844722E+01  0.4682917E-04
  0.1633955E+01  0.4147693E-04
  0.1975269E+01  0.5014648E-04
  0.2021169E+01  0.5131544E-04
  0.1849090E+01  0.4695577E-04
  0.1978666E+01  0.5024093E-04
 -0.1736531E+01 -0.4469857E-04
  0.1010268E+01  0.2564317E-04
  0.6243367E+00  0.1584646E-04
  0.2110628E+00  0.5356448E-05
 -0.2114779E+00 -0.5368097E-05
 -0.6247801E+00 -0.1585737E-04
 -0.1010782E+01 -0.2565313E-04
 -0.1352607E+01 -0.3432688E-04
 -0.1635316E+01 -0.4149965E-04
 -0.1846549E+01 -0.4685792E-04
 -0.1977090E+01 -0.5016791E-04
 -0.2021236E+01 -0.5128481E-04
 -0.1977056E+01 -0.5015997E-04
 -0.1846479E+01 -0.4684242E-04
 -0.1635200E+01 -0.4147691E-04
 -0.1706836E+01 -0.4376006E-04
 -0.1721434E+01 -0.4422323E-04
 -0.1692422E+01 -0.4330119E-04
 -0.1678009E+01 -0.4284232E-04
 -0.1649047E+01 -0.4192120E-04
 -0.1663499E+01 -0.4238097E-04
 -0.1502733E+01 -0.3897771E-04
 -0.1752583E+01 -0.4519777E-04
 -0.1770322E+01 -0.4573978E-04
 -0.1790977E+01 -0.4635665E-04
 -0.1816707E+01 -0.4710522E-04
 -0.2051539E+01 -0.5322260E-04
 -0.1816815E+01 -0.4713070E-04
 -0.2196504E+01 -0.5698311E-04
 -0.2245580E+01 -0.5825362E-04
 -0.2051425E+01 -0.5320389E-04
 -0.2196507E+01 -0.5697516E-04
 -0.1122976E+01 -0.2911864E-04
 -0.6941264E+00 -0.1798391E-04
 -0.2349303E+00 -0.6060396E-05
  0.2345559E+00  0.6131241E-05
  0.6937799E+00  0.1805712E-04
  0.1122648E+01  0.2919571E-04
  0.1502518E+01  0.3906251E-04
  0.1816711E+01  0.4722455E-04
  0.2051500E+01  0.5332509E-04
  0.2196614E+01  0.5709738E-04
  0.2245822E+01  0.5837933E-04
  0.2196863E+01  0.5711192E-04
  0.2051858E+01  0.5335037E-04
  0.1817151E+01  0.4725897E-04
  0.1752770E+01  0.4531722E-04
  0.1706241E+01  0.4382942E-04
  0.1770604E+01  0.4587286E-04
  0.1351824E+01  0.3431409E-04
  0.1791348E+01  0.4650209E-04
  0.1736513E+01  0.4480187E-04
  0.1652199E+01  0.4205948E-04
  0.1665094E+01  0.4248557E-04
  0.1721116E+01  0.4430864E-04
  0.1909503E+01  0.4893451E-04
  0.1893557E+01  0.4841726E-04
  0.1994273E+01  0.5075426E-04
  0.1861480E+01  0.4736392E-04
  0.1648650E+01  0.4194712E-04
  0.1863648E+01  0.4743562E-04
  0.1993175E+01  0.5071787E-04
  0.2038225E+01  0.5186821E-04
 -0.1999036E+01 -0.5166057E-04
  0.1018992E+01  0.2592536E-04
 -0.1911046E+01 -0.4890283E-04
  0.2128419E+00  0.5415857E-05
  0.6296542E+00  0.1601975E-04
 -0.6300715E+00 -0.1602602E-04
 -0.1019332E+01 -0.2592683E-04
 -0.1364033E+01 -0.3469345E-04
 -0.1649122E+01 -0.4194314E-04
 -0.1862127E+01 -0.4735859E-04
 -0.1993777E+01 -0.5070424E-04
 -0.2038306E+01 -0.5183343E-04
 -0.1993769E+01 -0.5069696E-04
 -0.1862099E+01 -0.4734399E-04
 -0.1878406E+01 -0.4786324E-04
 -0.1481452E+01 -0.3835875E-04
 -0.1943794E+01 -0.4994485E-04
 -0.1927312E+01 -0.4942128E-04
 -0.1894773E+01 -0.4838417E-04
 -0.6843030E+00 -0.1769957E-04
 -0.2022365E+01 -0.5235793E-04
 -0.2165384E+01 -0.5607699E-04
 -0.1978983E+01 -0.5104725E-04
 -0.2165367E+01 -0.5606849E-04
 -0.2316192E+00 -0.5966224E-05
 -0.1791072E+01 -0.4638154E-04
 -0.2022420E+01 -0.5237489E-04
 -0.2213751E+01 -0.5732661E-04
 -0.1107080E+01 -0.2865683E-04
  0.2311953E+00  0.6030515E-05
  0.6839123E+00  0.1776632E-04
  0.1106742E+01  0.2872835E-04
  0.1481189E+01  0.3843687E-04
  0.1790920E+01  0.4646850E-04
  0.2022382E+01  0.5247175E-04
  0.2165496E+01  0.5618537E-04
  0.2213972E+01  0.5744588E-04
  0.2165692E+01  0.5619833E-04
  0.2022732E+01  0.5249635E-04
  0.1960581E+01  0.5057279E-04
  0.1926119E+01  0.4946918E-04
  0.1363724E+01  0.3469672E-04
  0.1999251E+01  0.5178517E-04
  0.1878459E+01  0.4792222E-04
  0.1943098E+01  0.5001420E-04
  0.1979021E+01  0.5115622E-04
 -0.2132782E+00 -0.5424105E-05
 -0.1960851E+01 -0.5048262E-04
  0.2027632E+01  0.5183935E-04
  0.2056145E+01  0.5244408E-04
  0.1664328E+01  0.4244310E-04
 -0.2046122E+01 -0.5236534E-04
 -0.2151485E+00 -0.5481585E-05
  0.1028236E+01  0.2622145E-04
 -0.2140353E+01 -0.5532052E-04
 -0.1375950E+01 -0.3507263E-04
 -0.2028708E+01 -0.5180996E-04
 -0.2099424E+01 -0.5405729E-04
  0.6352849E+00  0.1620154E-04
 -0.1028240E+01 -0.2620966E-04
 -0.1878387E+01 -0.4787674E-04
 -0.2011176E+01 -0.5125893E-04
 -0.2056123E+01 -0.5240125E-04
 -0.2011208E+01 -0.5125251E-04
  0.2284977E+00  0.5944831E-05
 -0.2081159E+01 -0.5348104E-04
 -0.1998958E+01 -0.5167393E-04
 -0.1464268E+01 -0.3784654E-04
 -0.2063515E+01 -0.5292013E-04
  0.1093908E+01  0.2833766E-04
 -0.2289513E+00 -0.5890514E-05
 -0.1094249E+01 -0.2827553E-04
  0.6759691E+00  0.1752291E-04
 -0.2140292E+01 -0.5532677E-04
 -0.1770289E+01 -0.4576112E-04
 -0.2118865E+01 -0.5466301E-04
 -0.1663509E+01 -0.4240146E-04
 -0.6355807E+00 -0.1620006E-04
  0.1464032E+01  0.3791602E-04
  0.1770186E+01  0.4583994E-04
  0.1998996E+01  0.5176328E-04
  0.2140438E+01  0.5542649E-04
  0.2188314E+01  0.5666911E-04
  0.2140540E+01  0.5543695E-04
  0.2118885E+01  0.5476406E-04
  0.2062646E+01  0.5296895E-04
  0.2080629E+01  0.5354742E-04
  0.2045028E+01  0.5240079E-04
  0.2147283E+00  0.5478396E-05
 -0.6763873E+00 -0.1746601E-04
  0.2010553E+01  0.5128607E-04
  0.1879125E+01  0.4792252E-04
  0.2099195E+01  0.5414127E-04
 -0.2188122E+01 -0.5656036E-04
  0.1376413E+01  0.3510040E-04
 -0.2170171E+00 -0.5538663E-05
  0.1752497E+01  0.4528833E-04
  0.1449395E+01  0.3745871E-04
  0.1979051E+01  0.5114180E-04
 -0.1387895E+01 -0.3545254E-04
  0.2261973E+00  0.5868675E-05
 -0.2146236E+01 -0.5526743E-04
  0.6409100E+00  0.1638384E-04
 -0.1037171E+01 -0.2649301E-04
  0.2074147E+01  0.5302313E-04
 -0.1894685E+01 -0.4839610E-04
 -0.2028656E+01 -0.5181580E-04
 -0.1449520E+01 -0.3739695E-04
 -0.2127567E+01 -0.5467821E-04
  0.1082943E+01  0.2799394E-04
 -0.1083229E+01 -0.2794092E-04
 -0.1978832E+01 -0.5105856E-04
  0.6691840E+00  0.1730825E-04
 -0.2109532E+01 -0.5410474E-04
 -0.6695859E+00 -0.1726141E-04
 -0.2118763E+01 -0.5466806E-04
  0.2029915E+01  0.5188840E-04
 -0.2073999E+01 -0.5297084E-04
 -0.2266519E+00 -0.5824826E-05
 -0.1752458E+01 -0.4521647E-04
 -0.2166142E+01 -0.5588768E-04
  0.2119022E+01  0.5475977E-04
  0.2166256E+01  0.5598344E-04
  0.2166172E+00  0.5541549E-05
  0.2127604E+01  0.5475147E-04
  0.2091947E+01  0.5359790E-04
  0.2109601E+01  0.5416973E-04
  0.1679393E+01  0.4292490E-04
 -0.2091750E+01 -0.5353739E-04
  0.1388841E+01  0.3549834E-04
  0.1037416E+01  0.2651677E-04
 -0.1677950E+01 -0.4286129E-04
  0.2146319E+01  0.5535177E-04
  0.1896212E+01  0.4846835E-04
 -0.6411119E+00 -0.1637441E-04
  0.2099755E+01  0.5414785E-04
 -0.1073266E+01 -0.2763306E-04
  0.1912536E+01  0.4899544E-04
 -0.1399765E+01 -0.3583044E-04
 -0.2081021E+01 -0.5348496E-04
 -0.1692296E+01 -0.4331871E-04
  0.1046371E+01  0.2680714E-04
  0.1400764E+01  0.3588435E-04
 -0.1910908E+01 -0.4891361E-04
 -0.2046026E+01 -0.5237016E-04
 -0.1436190E+01 -0.3698333E-04
  0.1736737E+01  0.4478581E-04
 -0.6634251E+00 -0.1707304E-04
  0.1073127E+01  0.2767946E-04
  0.2184992E+00  0.5605052E-05
 -0.1960643E+01 -0.5049223E-04
  0.6631026E+00  0.1711156E-04
 -0.1736347E+01 -0.4471544E-04
 -0.2099287E+01 -0.5406137E-04
 -0.6465974E+00 -0.1654734E-04
  0.2047278E+01  0.5244972E-04
 -0.2245694E+00 -0.5764540E-05
  0.1693869E+01  0.4339284E-04
  0.1436322E+01  0.3704127E-04
 -0.1046046E+01 -0.2677475E-04
 -0.2188663E+00 -0.5594881E-05
 -0.2063391E+01 -0.5292437E-04
  0.2241425E+00  0.5798790E-05
  0.2064489E+01  0.5300811E-04
  0.6464343E+00  0.1656421E-04
  0.1961219E+01  0.5057406E-04
  0.2081808E+01  0.5356955E-04
 -0.1063929E+01 -0.2734067E-04
  0.1424176E+01  0.3664769E-04
  0.1944576E+01  0.5003677E-04
 -0.6520805E+00 -0.1671981E-04
 -0.1706662E+01 -0.4377660E-04
  0.1055168E+01  0.2709426E-04
  0.2011827E+01  0.5130997E-04
  0.1722089E+01  0.4431176E-04
 -0.6576509E+00 -0.1689406E-04
  0.1064007E+01  0.2738301E-04
 -0.1927125E+01 -0.4943100E-04
  0.1928477E+01  0.4951393E-04
  0.6519300E+00  0.1674455E-04
  0.6574320E+00  0.1692569E-04
 -0.1943581E+01 -0.4995411E-04
 -0.1411633E+01 -0.3620814E-04
 -0.2225959E+00 -0.5706660E-05
  0.2203737E+00  0.5668908E-05
 -0.1423692E+01 -0.3659040E-04
 -0.1721238E+01 -0.4423948E-04
  0.2222373E+00  0.5733073E-05
 -0.2207082E+00 -0.5650444E-05
 -0.1054917E+01 -0.2705616E-04
  0.1707972E+01  0.4385173E-04
  0.1412438E+01  0.3626487E-04
  0.4319060E-01  0.2165012E-05
 -0.3054373E+00 -0.7407676E-05
  0.3959496E+00  0.1183662E-04
  0.2980476E+00  0.9217896E-05
  0.4322297E+00  0.1294888E-04
  0.5150885E+00  0.1524442E-04
  0.5951604E+00  0.1745973E-04
  0.6726355E+00  0.1960326E-04
  0.7471952E+00  0.2166584E-04
  0.8184955E+00  0.2363816E-04
  0.8862221E+00  0.2551160E-04
  0.9500723E+00  0.2727743E-04
  0.1009768E+01  0.2892881E-04
  0.1065036E+01  0.3045716E-04
  0.1115642E+01  0.3185676E-04
  0.1161386E+01  0.3312180E-04
  0.1202043E+01  0.3424615E-04
  0.1237450E+01  0.3522483E-04
  0.1267416E+01  0.3605355E-04
  0.1291816E+01  0.3672772E-04
  0.1310557E+01  0.3724549E-04
  0.1323319E+01  0.3759789E-04
  0.1326927E+01  0.3769540E-04
  0.1295821E+01  0.3681833E-04
 -0.2134232E+00 -0.4935576E-05
  0.1257077E+01  0.3574283E-04
 -0.5426738E+00 -0.1399657E-04
  0.1169700E+01  0.3332235E-04
 -0.4616787E+00 -0.1180545E-04
  0.1036395E+01  0.2963170E-04
 -0.7581631E+00 -0.1998395E-04
  0.8624415E+00  0.2481640E-04
 -0.6914670E+00 -0.1816631E-04
  0.6546024E+00  0.1906372E-04
 -0.9438973E+00 -0.2514725E-04
  0.4210446E+00  0.1259930E-04
 -0.8940367E+00 -0.2377312E-04
  0.1709771E+00  0.5678696E-05
 -0.1092681E+01 -0.2928497E-04
 -0.8581520E-01 -0.1427806E-05
 -0.1061558E+01 -0.2841114E-04
 -0.3392646E+00 -0.8440564E-05
 -0.1198625E+01 -0.3223426E-04
 -0.5793760E+00 -0.1508451E-04
 -0.1187497E+01 -0.3189845E-04
 -0.7967082E+00 -0.2109802E-04
 -0.1257576E+01 -0.3387961E-04
 -0.9827585E+00 -0.2624462E-04
 -0.1266914E+01 -0.3409821E-04
 -0.1130232E+01 -0.3032391E-04
 -0.1267187E+01 -0.3415550E-04
 -0.1233367E+01 -0.3317597E-04
 -0.1296568E+01 -0.3492124E-04
 -0.1288131E+01 -0.3468910E-04
 -0.1227109E+01 -0.3305180E-04
 -0.1292386E+01 -0.3480483E-04
 -0.1275369E+01 -0.3433687E-04
 -0.1245911E+01 -0.3351659E-04
 -0.1138908E+01 -0.3061112E-04
 -0.1150546E+01 -0.3087501E-04
 -0.1204148E+01 -0.3236816E-04
 -0.1010088E+01 -0.2698606E-04
 -0.1006051E+01 -0.2693024E-04
 -0.8300703E+00 -0.2200293E-04
 -0.1085688E+01 -0.2909215E-04
 -0.6174921E+00 -0.1611815E-04
 -0.8337162E+00 -0.2215210E-04
 -0.3804943E+00 -0.9558540E-05
 -0.9246461E+00 -0.2463731E-04
 -0.1283074E+00 -0.2580316E-05
 -0.4263902E-01 -0.2101827E-06
  0.1264924E+01  0.3614465E-04
 -0.6286288E+00 -0.1646379E-04
  0.1239201E+01  0.3516523E-04
 -0.7272966E+00 -0.1917723E-04
  0.1132614E+01  0.3222341E-04
 -0.3988243E+00 -0.1008686E-04
  0.9815579E+00  0.2805205E-04
 -0.5013868E+00 -0.1292701E-04
  0.7919788E+00  0.2281636E-04
 -0.1533083E+00 -0.3272912E-05
  0.5712917E+00  0.1672014E-04
 -0.2557529E+00 -0.6129919E-05
  0.3281915E+00  0.1000389E-04
  0.9822109E-01  0.3710345E-05
  0.7221323E-01  0.2931370E-05
 -0.6946012E-04  0.9452400E-06
 -0.1866227E+00 -0.4221265E-05
  0.3458750E+00  0.1058702E-04
 -0.4381580E+00 -0.1117281E-04
  0.2555786E+00  0.8019810E-05
 -0.6724696E+00 -0.1764908E-04
  0.5799451E+00  0.1708865E-04
 -0.8803593E+00 -0.2339577E-04
  0.5011966E+00  0.1481790E-04
 -0.1053680E+01 -0.2818783E-04
  0.7912294E+00  0.2295931E-04
 -0.1185667E+01 -0.3183792E-04
  0.7271333E+00  0.2107116E-04
 -0.1271149E+01 -0.3420356E-04
  0.9714128E+00  0.2796740E-04
 -0.1306761E+01 -0.3519092E-04
  0.9245226E+00  0.2653484E-04
 -0.1291108E+01 -0.3476188E-04
  0.1113458E+01  0.3191841E-04
 -0.1224750E+01 -0.3293173E-04
  0.1085600E+01  0.3099391E-04
 -0.1110384E+01 -0.2977498E-04
  0.1211780E+01  0.3465609E-04
 -0.9525009E+00 -0.2541474E-04
  0.1204066E+01  0.3427413E-04
 -0.7573088E+00 -0.2002292E-04
  0.1262540E+01  0.3607453E-04
 -0.5323731E+00 -0.1380917E-04
  0.1275284E+01  0.3624743E-04
 -0.2862718E+00 -0.7010204E-05
  0.2137473E+00  0.6884043E-05
  0.1297321E+01  0.3676857E-04
  0.1287389E+00  0.4531762E-05
  0.0000000E+00  0.0000000E+00
  0.0000000E+00  0.0000000E+00
  0.0000000E+00  0.0000000E+00
  0.0000000E+00  0.0000000E+00
  0.0000000E+00  0.0000000E+00
  0.0000000E+00  0.0000000E+00
  0.0000000E+00  0.0000000E+00
  0.0000000E+00  0.0000000E+00
  0.0000000E+00  0.0000000E+00
  0.0000000E+00  0.0000000E+00
  0.0000000E+00  0.0000000E+00
  0.0000000E+00  0.0000000E+00
  0.0000000E+00  0.0000000E+00
  0.0000000E+00  0.0000000E+00
  0.0000000E+00  0.0000000E+00
  0.0000000E+00  0.0000000E+00
  0.0000000E+00  0.0000000E+00
  0.0000000E+00  0.0000000E+00
  0.0000000E+00  0.0000000E+00
  0.0000000E+00  0.0000000E+00
  0.0000000E+00  0.0000000E+00
  0.0000000E+00  0.0000000E+00
  0.0000000E+00  0.0000000E+00
  0.0000000E+00  0.0000000E+00
  0.0000000E+00  0.0000000E+00
  0.0000000E+00  0.0000000E+00
  0.0000000E+00  0.0000000E+00
  0.0000000E+00  0.0000000E+00
  0.0000000E+00  0.0000000E+00
  0.0000000E+00  0.0000000E+00
  0.0000000E+00  0.0000000E+00
  0.0000000E+00  0.0000000E+00
  0.0000000E+00  0.0000000E+00
  0.0000000E+00  0.0000000E+00
  0.0000000E+00  0.0000000E+00
  0.0000000E+00  0.0000000E+00
  0.0000000E+00  0.0000000E+00
  0.0000000E+00  0.0000000E+00
  0.0000000E+00  0.0000000E+00
  0.0000000E+00  0.0000000E+00
  0.0000000E+00  0.0000000E+00
  0.0000000E+00  0.0000000E+00
  0.0000000E+00  0.0000000E+00
  0.0000000E+00  0.0000000E+00
  0.0000000E+00  0.0000000E+00
  0.0000000E+00  0.0000000E+00
  0.0000000E+00  0.0000000E+00
  0.0000000E+00  0.0000000E+00
  0.0000000E+00  0.0000000E+00
  0.0000000E+00  0.0000000E+00
  0.0000000E+00  0.0000000E+00
  0.0000000E+00  0.0000000E+00
  0.0000000E+00  0.0000000E+00
  0.0000000E+00  0.0000000E+00
  0.0000000E+00  0.0000000E+00
  0.0000000E+00  0.0000000E+00
  0.0000000E+00  0.0000000E+00
  0.0000000E+00  0.0000000E+00
  0.0000000E+00  0.0000000E+00
  0.0000000E+00  0.0000000E+00
  0.0000000E+00  0.0000000E+00
  0.0000000E+00  0.0000000E+00
  0.0000000E+00  0.0000000E+00
  0.0000000E+00  0.0000000E+00
  0.0000000E+00  0.0000000E+00
  0.0000000E+00  0.0000000E+00
  0.0000000E+00  0.0000000E+00
  0.0000000E+00  0.0000000E+00
  0.0000000E+00  0.0000000E+00
  0.0000000E+00  0.0000000E+00
  0.0000000E+00  0.0000000E+00
  0.0000000E+00  0.0000000E+00
  0.0000000E+00  0.0000000E+00
  0.0000000E+00  0.0000000E+00
  0.0000000E+00  0.0000000E+00
  0.0000000E+00  0.0000000E+00
  0.0000000E+00  0.0000000E+00
  0.0000000E+00  0.0000000E+00
  0.0000000E+00  0.0000000E+00
  0.0000000E+00  0.0000000E+00
  0.0000000E+00  0.0000000E+00
  0.0000000E+00  0.0000000E+00
  0.0000000E+00  0.0000000E+00
  0.0000000E+00  0.0000000E+00
  0.0000000E+00  0.0000000E+00
  0.0000000E+00  0.0000000E+00
  0.0000000E+00  0.0000000E+00
  0.0000000E+00  0.0000000E+00
  0.0000000E+00  0.0000000E+00
  0.0000000E+00  0.0000000E+00
  0.0000000E+00  0.0000000E+00
  0.0000000E+00  0.0000000E+00
  0.0000000E+00  0.0000000E+00
  0.0000000E+00  0.0000000E+00
  0.0000000E+00  0.0000000E+00
  0.0000000E+00  0.0000000E+00
  0.0000000E+00  0.0000000E+00
  0.0000000E+00  0.0000000E+00
  0.0000000E+00  0.0000000E+00
  0.0000000E+00  0.0000000E+00
  0.0000000E+00  0.0000000E+00
  0.0000000E+00  0.0000000E+00
  0.0000000E+00  0.0000000E+00
  0.0000000E+00  0.0000000E+00
  0.0000000E+00  0.0000000E+00
  0.0000000E+00  0.0000000E+00
  0.0000000E+00  0.0000000E+00
  0.0000000E+00  0.0000000E+00
  0.0000000E+00  0.0000000E+00
  0.0000000E+00  0.0000000E+00
  0.0000000E+00  0.0000000E+00
  0.0000000E+00  0.0000000E+00
  0.0000000E+00  0.0000000E+00
  0.0000000E+00  0.0000000E+00
  0.0000000E+00  0.0000000E+00
  0.0000000E+00  0.0000000E+00
  0.0000000E+00  0.0000000E+00
  0.0000000E+00  0.0000000E+00
  0.0000000E+00  0.0000000E+00
  0.0000000E+00  0.0000000E+00
  0.0000000E+00  0.0000000E+00
  0.0000000E+00  0.0000000E+00
  0.0000000E+00  0.0000000E+00
  0.0000000E+00  0.0000000E+00
  0.0000000E+00  0.0000000E+00
  0.0000000E+00  0.0000000E+00
  0.0000000E+00  0.0000000E+00
  0.0000000E+00  0.0000000E+00
  0.0000000E+00  0.0000000E+00
  0.0000000E+00  0.0000000E+00
  0.0000000E+00  0.0000000E+00
  0.0000000E+00  0.0000000E+00
  0.0000000E+00  0.0000000E+00
  0.0000000E+00  0.0000000E+00
  0.0000000E+00  0.0000000E+00
  0.0000000E+00  0.0000000E+00
  0.0000000E+00  0.0000000E+00
  0.0000000E+00  0.0000000E+00
  0.0000000E+00  0.0000000E+00
  0.0000000E+00  0.0000000E+00
  0.0000000E+00  0.0000000E+00
  0.0000000E+00  0.0000000E+00
  0.0000000E+00  0.0000000E+00
  0.0000000E+00  0.0000000E+00
  0.0000000E+00  0.0000000E+00
  0.0000000E+00  0.0000000E+00
  0.0000000E+00  0.0000000E+00
  0.0000000E+00  0.0000000E+00
  0.0000000E+00  0.0000000E+00
  0.0000000E+00  0.0000000E+00
  0.0000000E+00  0.0000000E+00
  0.0000000E+00  0.0000000E+00
  0.0000000E+00  0.0000000E+00
  0.0000000E+00  0.0000000E+00
  0.0000000E+00  0.0000000E+00
  0.0000000E+00  0.0000000E+00
  0.0000000E+00  0.0000000E+00
  0.0000000E+00  0.0000000E+00
  0.0000000E+00  0.0000000E+00
  0.0000000E+00  0.0000000E+00
  0.0000000E+00  0.0000000E+00
  0.0000000E+00  0.0000000E+00
  0.0000000E+00  0.0000000E+00
  0.0000000E+00  0.0000000E+00
  0.0000000E+00  0.0000000E+00
  0.0000000E+00  0.0000000E+00
  0.0000000E+00  0.0000000E+00
  0.0000000E+00  0.0000000E+00
  0.0000000E+00  0.0000000E+00
  0.0000000E+00  0.0000000E+00
  0.0000000E+00  0.0000000E+00
  0.0000000E+00  0.0000000E+00
  0.0000000E+00  0.0000000E+00
  0.0000000E+00  0.0000000E+00
  0.0000000E+00  0.0000000E+00
  0.0000000E+00  0.0000000E+00
  0.0000000E+00  0.0000000E+00
  0.0000000E+00  0.0000000E+00
  0.0000000E+00  0.0000000E+00
  0.0000000E+00  0.0000000E+00
  0.0000000E+00  0.0000000E+00
  0.0000000E+00  0.0000000E+00
  0.0000000E+00  0.0000000E+00
  0.0000000E+00  0.0000000E+00
  0.0000000E+00  0.0000000E+00
  0.0000000E+00  0.0000000E+00
  0.0000000E+00  0.0000000E+00
  0.0000000E+00  0.0000000E+00
  0.0000000E+00  0.0000000E+00
  0.0000000E+00  0.0000000E+00
  0.0000000E+00  0.0000000E+00
  0.0000000E+00  0.0000000E+00
  0.0000000E+00  0.0000000E+00
  0.0000000E+00  0.0000000E+00
  0.0000000E+00  0.0000000E+00
  0.0000000E+00  0.0000000E+00
  0.0000000E+00  0.0000000E+00
  0.0000000E+00  0.0000000E+00
  0.0000000E+00  0.0000000E+00
  0.0000000E+00  0.0000000E+00
  0.0000000E+00  0.0000000E+00
  0.0000000E+00  0.0000000E+00
  0.0000000E+00  0.0000000E+00
  0.0000000E+00  0.0000000E+00
  0.0000000E+00  0.0000000E+00
  0.0000000E+00  0.0000000E+00
  0.0000000E+00  0.0000000E+00
  0.0000000E+00  0.0000000E+00
  0.0000000E+00  0.0000000E+00
  0.0000000E+00  0.0000000E+00
  0.0000000E+00  0.0000000E+00
  0.0000000E+00  0.0000000E+00
  0.0000000E+00  0.0000000E+00
  0.0000000E+00  0.0000000E+00
  0.0000000E+00  0.0000000E+00
  0.0000000E+00  0.0000000E+00
  0.0000000E+00  0.0000000E+00
  0.0000000E+00  0.0000000E+00
  0.0000000E+00  0.0000000E+00
  0.0000000E+00  0.0000000E+00
  0.0000000E+00  0.0000000E+00
  0.0000000E+00  0.0000000E+00
  0.0000000E+00  0.0000000E+00
  0.0000000E+00  0.0000000E+00
  0.0000000E+00  0.0000000E+00
  0.0000000E+00  0.0000000E+00
  0.0000000E+00  0.0000000E+00
  0.0000000E+00  0.0000000E+00
  0.0000000E+00  0.0000000E+00
  0.0000000E+00  0.0000000E+00
  0.0000000E+00  0.0000000E+00
  0.0000000E+00  0.0000000E+00
  0.0000000E+00  0.0000000E+00
  0.0000000E+00  0.0000000E+00
  0.0000000E+00  0.0000000E+00
  0.0000000E+00  0.0000000E+00
  0.0000000E+00  0.0000000E+00
  0.0000000E+00  0.0000000E+00
  0.0000000E+00  0.0000000E+00
  0.0000000E+00  0.0000000E+00
  0.0000000E+00  0.0000000E+00
  0.0000000E+00  0.0000000E+00
  0.0000000E+00  0.0000000E+00
  0.0000000E+00  0.0000000E+00
  0.0000000E+00  0.0000000E+00
  0.0000000E+00  0.0000000E+00
  0.0000000E+00  0.0000000E+00
  0.0000000E+00  0.0000000E+00
  0.0000000E+00  0.0000000E+00
  0.0000000E+00  0.0000000E+00
  0.0000000E+00  0.0000000E+00
  0.0000000E+00  0.0000000E+00
  0.0000000E+00  0.0000000E+00
  0.0000000E+00  0.0000000E+00
  0.0000000E+00  0.0000000E+00
  0.0000000E+00  0.0000000E+00
  0.0000000E+00  0.0000000E+00
  0.0000000E+00  0.0000000E+00
  0.0000000E+00  0.0000000E+00
  0.0000000E+00  0.0000000E+00
  0.0000000E+00  0.0000000E+00
  0.0000000E+00  0.0000000E+00
  0.0000000E+00  0.0000000E+00
  0.0000000E+00  0.0000000E+00
  0.0000000E+00  0.0000000E+00
  0.0000000E+00  0.0000000E+00
  0.0000000E+00  0.0000000E+00
  0.0000000E+00  0.0000000E+00
  0.0000000E+00  0.0000000E+00
  0.0000000E+00  0.0000000E+00
  0.0000000E+00  0.0000000E+00
  0.0000000E+00  0.0000000E+00
  0.0000000E+00  0.0000000E+00
  0.0000000E+00  0.0000000E+00
  0.0000000E+00  0.0000000E+00
  0.0000000E+00  0.0000000E+00
  0.0000000E+00  0.0000000E+00
  0.0000000E+00  0.0000000E+00
  0.0000000E+00  0.0000000E+00
  0.0000000E+00  0.0000000E+00
  0.0000000E+00  0.0000000E+00
  0.0000000E+00  0.0000000E+00
  0.0000000E+00  0.0000000E+00
  0.0000000E+00  0.0000000E+00
  0.0000000E+00  0.0000000E+00
  0.0000000E+00  0.0000000E+00
  0.0000000E+00  0.0000000E+00
  0.0000000E+00  0.0000000E+00
  0.0000000E+00  0.0000000E+00
  0.0000000E+00  0.0000000E+00
  0.0000000E+00  0.0000000E+00
  0.0000000E+00  0.0000000E+00
  0.0000000E+00  0.0000000E+00
  0.0000000E+00  0.0000000E+00
  0.0000000E+00  0.0000000E+00
  0.0000000E+00  0.0000000E+00
  0.0000000E+00  0.0000000E+00
  0.0000000E+00  0.0000000E+00
  0.0000000E+00  0.0000000E+00
  0.0000000E+00  0.0000000E+00
  0.0000000E+00  0.0000000E+00
  0.0000000E+00  0.0000000E+00
  0.0000000E+00  0.0000000E+00
  0.0000000E+00  0.0000000E+00
  0.0000000E+00  0.0000000E+00
  0.0000000E+00  0.0000000E+00
  0.0000000E+00  0.0000000E+00
  0.0000000E+00  0.0000000E+00
  0.0000000E+00  0.0000000E+00
  0.0000000E+00  0.0000000E+00
  0.0000000E+00  0.0000000E+00
  0.0000000E+00  0.0000000E+00
  0.0000000E+00  0.0000000E+00
  0.0000000E+00  0.0000000E+00
  0.0000000E+00  0.0000000E+00
  0.0000000E+00  0.0000000E+00
  0.0000000E+00  0.0000000E+00
  0.0000000E+00  0.0000000E+00
  0.0000000E+00  0.0000000E+00
  0.0000000E+00  0.0000000E+00
  0.0000000E+00  0.0000000E+00
  0.0000000E+00  0.0000000E+00
  0.0000000E+00  0.0000000E+00
  0.0000000E+00  0.0000000E+00
  0.0000000E+00  0.0000000E+00
  0.0000000E+00  0.0000000E+00
  0.0000000E+00  0.0000000E+00
  0.0000000E+00  0.0000000E+00
  0.0000000E+00  0.0000000E+00
  0.0000000E+00  0.0000000E+00
  0.0000000E+00  0.0000000E+00
  0.0000000E+00  0.0000000E+00
  0.0000000E+00  0.0000000E+00
  0.0000000E+00  0.0000000E+00
  0.0000000E+00  0.0000000E+00
  0.0000000E+00  0.0000000E+00
  0.0000000E+00  0.0000000E+00
  0.0000000E+00  0.0000000E+00
  0.0000000E+00  0.0000000E+00
  0.0000000E+00  0.0000000E+00
  0.0000000E+00  0.0000000E+00
  0.0000000E+00  0.0000000E+00
  0.0000000E+00  0.0000000E+00
  0.0000000E+00  0.0000000E+00
  0.0000000E+00  0.0000000E+00
  0.0000000E+00  0.0000000E+00
  0.0000000E+00  0.0000000E+00
  0.0000000E+00  0.0000000E+00
  0.0000000E+00  0.0000000E+00
  0.0000000E+00  0.0000000E+00
  0.0000000E+00  0.0000000E+00
  0.0000000E+00  0.0000000E+00
  0.0000000E+00  0.0000000E+00
  0.0000000E+00  0.0000000E+00
  0.0000000E+00  0.0000000E+00
  0.0000000E+00  0.0000000E+00
  0.0000000E+00  0.0000000E+00
  0.0000000E+00  0.0000000E+00
  0.0000000E+00  0.0000000E+00
  0.0000000E+00  0.0000000E+00
  0.0000000E+00  0.0000000E+00
  0.0000000E+00  0.0000000E+00
  0.0000000E+00  0.0000000E+00
  0.0000000E+00  0.0000000E+00
  0.0000000E+00  0.0000000E+00
  0.0000000E+00  0.0000000E+00
  0.0000000E+00  0.0000000E+00
  0.0000000E+00  0.0000000E+00
  0.0000000E+00  0.0000000E+00
  0.0000000E+00  0.0000000E+00
  0.0000000E+00  0.0000000E+00
  0.0000000E+00  0.0000000E+00
  0.0000000E+00  0.0000000E+00
  0.0000000E+00  0.0000000E+00
  0.0000000E+00  0.0000000E+00
  0.0000000E+00  0.0000000E+00
  0.0000000E+00  0.0000000E+00
  0.0000000E+00  0.0000000E+00
  0.0000000E+00  0.0000000E+00
  0.0000000E+00  0.0000000E+00
  0.0000000E+00  0.0000000E+00
  0.0000000E+00  0.0000000E+00
  0.0000000E+00  0.0000000E+00
  0.0000000E+00  0.0000000E+00
  0.0000000E+00  0.0000000E+00
  0.0000000E+00  0.0000000E+00
  0.0000000E+00  0.0000000E+00
  0.0000000E+00  0.0000000E+00
  0.0000000E+00  0.0000000E+00
  0.0000000E+00  0.0000000E+00
  0.0000000E+00  0.0000000E+00
  0.0000000E+00  0.0000000E+00
  0.0000000E+00  0.0000000E+00
  0.0000000E+00  0.0000000E+00
  0.0000000E+00  0.0000000E+00
  0.0000000E+00  0.0000000E+00
  0.0000000E+00  0.0000000E+00
  0.0000000E+00  0.0000000E+00
  0.0000000E+00  0.0000000E+00
  0.0000000E+00  0.0000000E+00
  0.0000000E+00  0.0000000E+00
  0.0000000E+00  0.0000000E+00
  0.0000000E+00  0.0000000E+00
  0.0000000E+00  0.0000000E+00
  0.0000000E+00  0.0000000E+00
  0.0000000E+00  0.0000000E+00
  0.0000000E+00  0.0000000E+00
  0.0000000E+00  0.0000000E+00
  0.0000000E+00  0.0000000E+00
  0.0000000E+00  0.0000000E+00
  0.0000000E+00  0.0000000E+00
  0.0000000E+00  0.0000000E+00
  0.0000000E+00  0.0000000E+00
  0.0000000E+00  0.0000000E+00
  0.0000000E+00  0.0000000E+00
  0.0000000E+00  0.0000000E+00
  0.0000000E+00  0.0000000E+00
  0.0000000E+00  0.0000000E+00
  0.0000000E+00  0.0000000E+00
  0.0000000E+00  0.0000000E+00
  0.0000000E+00  0.0000000E+00
  0.0000000E+00  0.0000000E+00
  0.0000000E+00  0.0000000E+00
  0.0000000E+00  0.0000000E+00
  0.0000000E+00  0.0000000E+00
  0.0000000E+00  0.0000000E+00
  0.0000000E+00  0.0000000E+00
  0.0000000E+00  0.0000000E+00
  0.0000000E+00  0.0000000E+00
  0.0000000E+00  0.0000000E+00
  0.0000000E+00  0.0000000E+00
  0.0000000E+00  0.0000000E+00
  0.0000000E+00  0.0000000E+00
  0.0000000E+00  0.0000000E+00
  0.0000000E+00  0.0000000E+00
  0.0000000E+00  0.0000000E+00
  0.0000000E+00  0.0000000E+00
  0.0000000E+00  0.0000000E+00
  0.0000000E+00  0.0000000E+00
  0.0000000E+00  0.0000000E+00
  0.0000000E+00  0.0000000E+00
  0.0000000E+00  0.0000000E+00
  0.0000000E+00  0.0000000E+00
  0.0000000E+00  0.0000000E+00
  0.0000000E+00  0.0000000E+00
  0.0000000E+00  0.0000000E+00
  0.0000000E+00  0.0000000E+00
  0.0000000E+00  0.0000000E+00
  0.0000000E+00  0.0000000E+00
  0.0000000E+00  0.0000000E+00
  0.0000000E+00  0.0000000E+00
  0.0000000E+00  0.0000000E+00
  0.0000000E+00  0.0000000E+00
  0.0000000E+00  0.0000000E+00
  0.0000000E+00  0.0000000E+00
  0.0000000E+00  0.0000000E+00
  0.0000000E+00  0.0000000E+00
  0.0000000E+00  0.0000000E+00
  0.0000000E+00  0.0000000E+00
  0.0000000E+00  0.0000000E+00
  0.0000000E+00  0.0000000E+00
  0.0000000E+00  0.0000000E+00
  0.0000000E+00  0.0000000E+00
  0.0000000E+00  0.0000000E+00
  0.0000000E+00  0.0000000E+00
  0.0000000E+00  0.0000000E+00
  0.0000000E+00  0.0000000E+00
  0.0000000E+00  0.0000000E+00
  0.0000000E+00  0.0000000E+00
  0.0000000E+00  0.0000000E+00
  0.0000000E+00  0.0000000E+00
  0.0000000E+00  0.0000000E+00
  0.0000000E+00  0.0000000E+00
  0.0000000E+00  0.0000000E+00
  0.0000000E+00  0.0000000E+00
  0.0000000E+00  0.0000000E+00
  0.0000000E+00  0.0000000E+00
  0.0000000E+00  0.0000000E+00
  0.0000000E+00  0.0000000E+00
  0.0000000E+00  0.0000000E+00
  0.0000000E+00  0.0000000E+00
  0.0000000E+00  0.0000000E+00
  0.0000000E+00  0.0000000E+00
  0.0000000E+00  0.0000000E+00
  0.0000000E+00  0.0000000E+00
  0.0000000E+00  0.0000000E+00
  0.0000000E+00  0.0000000E+00
  0.0000000E+00  0.0000000E+00
  0.0000000E+00  0.0000000E+00
  0.0000000E+00  0.0000000E+00
  0.0000000E+00  0.0000000E+00
  0.0000000E+00  0.0000000E+00
  0.0000000E+00  0.0000000E+00
  0.0000000E+00  0.0000000E+00
  0.0000000E+00  0.0000000E+00
  0.0000000E+00  0.0000000E+00
  0.0000000E+00  0.0000000E+00
  0.0000000E+00  0.0000000E+00
  0.0000000E+00  0.0000000E+00
  0.0000000E+00  0.0000000E+00
  0.0000000E+00  0.0000000E+00
  0.0000000E+00  0.0000000E+00
  0.0000000E+00  0.0000000E+00
  0.0000000E+00  0.0000000E+00
  0.0000000E+00  0.0000000E+00
  0.0000000E+00  0.0000000E+00
  0.0000000E+00  0.0000000E+00
  0.0000000E+00  0.0000000E+00
  0.0000000E+00  0.0000000E+00
  0.0000000E+00  0.0000000E+00
  0.0000000E+00  0.0000000E+00
  0.0000000E+00  0.0000000E+00
  0.0000000E+00  0.0000000E+00
  0.0000000E+00  0.0000000E+00
  0.0000000E+00  0.0000000E+00
  0.0000000E+00  0.0000000E+00
  0.0000000E+00  0.0000000E+00
  0.0000000E+00  0.0000000E+00
  0.0000000E+00  0.0000000E+00
  0.0000000E+00  0.0000000E+00
  0.0000000E+00  0.0000000E+00
  0.0000000E+00  0.0000000E+00
  0.0000000E+00  0.0000000E+00
  0.0000000E+00  0.0000000E+00
  0.0000000E+00  0.0000000E+00
  0.0000000E+00  0.0000000E+00
  0.0000000E+00  0.0000000E+00
  0.0000000E+00  0.0000000E+00
  0.0000000E+00  0.0000000E+00
  0.0000000E+00  0.0000000E+00
  0.0000000E+00  0.0000000E+00
  0.0000000E+00  0.0000000E+00
  0.0000000E+00  0.0000000E+00
  0.0000000E+00  0.0000000E+00
  0.0000000E+00  0.0000000E+00
  0.0000000E+00  0.0000000E+00
  0.0000000E+00  0.0000000E+00
  0.0000000E+00  0.0000000E+00
  0.0000000E+00  0.0000000E+00
  0.0000000E+00  0.0000000E+00
  0.0000000E+00  0.0000000E+00
  0.0000000E+00  0.0000000E+00
  0.0000000E+00  0.0000000E+00
  0.0000000E+00  0.0000000E+00
  0.0000000E+00  0.0000000E+00
  0.0000000E+00  0.0000000E+00
  0.0000000E+00  0.0000000E+00
  0.0000000E+00  0.0000000E+00
  0.0000000E+00  0.0000000E+00
  0.0000000E+00  0.0000000E+00
  0.0000000E+00  0.0000000E+00
  0.0000000E+00  0.0000000E+00
  0.0000000E+00  0.0000000E+00
  0.0000000E+00  0.0000000E+00
  0.0000000E+00  0.0000000E+00
  0.0000000E+00  0.0000000E+00
  0.0000000E+00  0.0000000E+00
  0.0000000E+00  0.0000000E+00
  0.0000000E+00  0.0000000E+00
  0.0000000E+00  0.0000000E+00
  0.0000000E+00  0.0000000E+00
  0.0000000E+00  0.0000000E+00
  0.0000000E+00  0.0000000E+00
  0.0000000E+00  0.0000000E+00
  0.0000000E+00  0.0000000E+00
  0.0000000E+00  0.0000000E+00
  0.0000000E+00  0.0000000E+00
  0.0000000E+00  0.0000000E+00
  0.0000000E+00  0.0000000E+00
  0.0000000E+00  0.0000000E+00
  0.0000000E+00  0.0000000E+00
  0.0000000E+00  0.0000000E+00
  0.0000000E+00  0.0000000E+00
  0.0000000E+00  0.0000000E+00
  0.0000000E+00  0.0000000E+00
  0.0000000E+00  0.0000000E+00
  0.0000000E+00  0.0000000E+00
  0.0000000E+00  0.0000000E+00
  0.0000000E+00  0.0000000E+00
  0.0000000E+00  0.0000000E+00
  0.0000000E+00  0.0000000E+00
  0.0000000E+00  0.0000000E+00
  0.0000000E+00  0.0000000E+00
  0.0000000E+00  0.0000000E+00
  0.0000000E+00  0.0000000E+00
  0.0000000E+00  0.0000000E+00
  0.0000000E+00  0.0000000E+00
  0.0000000E+00  0.0000000E+00
  0.0000000E+00  0.0000000E+00
  0.0000000E+00  0.0000000E+00
  0.0000000E+00  0.0000000E+00
  0.0000000E+00  0.0000000E+00
  0.0000000E+00  0.0000000E+00
  0.0000000E+00  0.0000000E+00
  0.0000000E+00  0.0000000E+00
  0.0000000E+00  0.0000000E+00
  0.0000000E+00  0.0000000E+00
  0.0000000E+00  0.0000000E+00
  0.0000000E+00  0.0000000E+00
  0.0000000E+00  0.0000000E+00
  0.0000000E+00  0.0000000E+00
  0.0000000E+00  0.0000000E+00
  0.0000000E+00  0.0000000E+00
  0.0000000E+00  0.0000000E+00
  0.0000000E+00  0.0000000E+00
  0.0000000E+00  0.0000000E+00
  0.0000000E+00  0.0000000E+00
  0.0000000E+00  0.0000000E+00
  0.0000000E+00  0.0000000E+00
  0.0000000E+00  0.0000000E+00
  0.0000000E+00  0.0000000E+00
  0.0000000E+00  0.0000000E+00
  0.0000000E+00  0.0000000E+00
  0.0000000E+00  0.0000000E+00
  0.0000000E+00  0.0000000E+00
  0.0000000E+00  0.0000000E+00
  0.0000000E+00  0.0000000E+00
  0.0000000E+00  0.0000000E+00
  0.0000000E+00  0.0000000E+00
  0.0000000E+00  0.0000000E+00
  0.0000000E+00  0.0000000E+00
  0.0000000E+00  0.0000000E+00
  0.0000000E+00  0.0000000E+00
  0.0000000E+00  0.0000000E+00
  0.0000000E+00  0.0000000E+00
  0.0000000E+00  0.0000000E+00
  0.0000000E+00  0.0000000E+00
  0.0000000E+00  0.0000000E+00
  0.0000000E+00  0.0000000E+00
  0.0000000E+00  0.0000000E+00
  0.0000000E+00  0.0000000E+00
  0.0000000E+00  0.0000000E+00
  0.0000000E+00  0.0000000E+00
  0.0000000E+00  0.0000000E+00
  0.0000000E+00  0.0000000E+00
  0.0000000E+00  0.0000000E+00
  0.0000000E+00  0.0000000E+00
  0.0000000E+00  0.0000000E+00
  0.0000000E+00  0.0000000E+00
  0.0000000E+00  0.0000000E+00
  0.0000000E+00  0.0000000E+00
  0.0000000E+00  0.0000000E+00
  0.0000000E+00  0.0000000E+00
  0.0000000E+00  0.0000000E+00
  0.0000000E+00  0.0000000E+00
  0.0000000E+00  0.0000000E+00
  0.0000000E+00  0.0000000E+00
  0.0000000E+00  0.0000000E+00
  0.0000000E+00  0.0000000E+00
  0.0000000E+00  0.0000000E+00
  0.0000000E+00  0.0000000E+00
  0.0000000E+00  0.0000000E+00
  0.0000000E+00  0.0000000E+00
  0.0000000E+00  0.0000000E+00
  0.0000000E+00  0.0000000E+00
  0.0000000E+00  0.0000000E+00
  0.0000000E+00  0.0000000E+00
  0.0000000E+00  0.0000000E+00
  0.0000000E+00  0.0000000E+00
  0.0000000E+00  0.0000000E+00
  0.0000000E+00  0.0000000E+00
  0.0000000E+00  0.0000000E+00
  0.0000000E+00  0.0000000E+00
  0.0000000E+00  0.0000000E+00
  0.0000000E+00  0.0000000E+00
  0.0000000E+00  0.0000000E+00
  0.0000000E+00  0.0000000E+00
  0.0000000E+00  0.0000000E+00
  0.0000000E+00  0.0000000E+00
  0.0000000E+00  0.0000000E+00
  0.0000000E+00  0.0000000E+00
  0.0000000E+00  0.0000000E+00
  0.0000000E+00  0.0000000E+00
  0.0000000E+00  0.0000000E+00
  0.0000000E+00  0.0000000E+00
  0.0000000E+00  0.0000000E+00
  0.0000000E+00  0.0000000E+00
  0.0000000E+00  0.0000000E+00
  0.0000000E+00  0.0000000E+00
  0.0000000E+00  0.0000000E+00
  0.0000000E+00  0.0000000E+00
  0.0000000E+00  0.0000000E+00
  0.0000000E+00  0.0000000E+00
  0.0000000E+00  0.0000000E+00
  0.0000000E+00  0.0000000E+00
  0.0000000E+00  0.0000000E+00
  0.0000000E+00  0.0000000E+00
  0.0000000E+00  0.0000000E+00
  0.0000000E+00  0.0000000E+00
  0.0000000E+00  0.0000000E+00
  0.0000000E+00  0.0000000E+00
  0.0000000E+00  0.0000000E+00
  0.0000000E+00  0.0000000E+00
  0.0000000E+00  0.0000000E+00
  0.0000000E+00  0.0000000E+00
  0.0000000E+00  0.0000000E+00
  0.0000000E+00  0.0000000E+00
  0.0000000E+00  0.0000000E+00
  0.0000000E+00  0.0000000E+00
  0.0000000E+00  0.0000000E+00
  0.0000000E+00  0.0000000E+00
  0.0000000E+00  0.0000000E+00
  0.0000000E+00  0.0000000E+00
  0.0000000E+00  0.0000000E+00
  0.0000000E+00  0.0000000E+00
  0.0000000E+00  0.0000000E+00
  0.0000000E+00  0.0000000E+00
  0.0000000E+00  0.0000000E+00
  0.0000000E+00  0.0000000E+00
  0.0000000E+00  0.0000000E+00
  0.0000000E+00  0.0000000E+00
  0.0000000E+00  0.0000000E+00
  0.0000000E+00  0.0000000E+00
  0.0000000E+00  0.0000000E+00
  0.0000000E+00  0.0000000E+00
  0.0000000E+00  0.0000000E+00
  0.0000000E+00  0.0000000E+00
  0.0000000E+00  0.0000000E+00
  0.0000000E+00  0.0000000E+00
  0.0000000E+00  0.0000000E+00
  0.0000000E+00  0.0000000E+00
  0.0000000E+00  0.0000000E+00
  0.0000000E+00  0.0000000E+00
  0.0000000E+00  0.0000000E+00
  0.0000000E+00  0.0000000E+00
  0.0000000E+00  0.0000000E+00
  0.0000000E+00  0.0000000E+00
  0.0000000E+00  0.0000000E+00
  0.0000000E+00  0.0000000E+00
  0.0000000E+00  0.0000000E+00
  0.0000000E+00  0.0000000E+00
  0.0000000E+00  0.0000000E+00
  0.0000000E+00  0.0000000E+00
  0.0000000E+00  0.0000000E+00
  0.0000000E+00  0.0000000E+00
  0.0000000E+00  0.0000000E+00
  0.0000000E+00  0.0000000E+00
  0.0000000E+00  0.0000000E+00
  0.0000000E+00  0.0000000E+00
  0.0000000E+00  0.0000000E+00
  0.0000000E+00  0.0000000E+00
  0.0000000E+00  0.0000000E+00
  0.0000000E+00  0.0000000E+00
  0.0000000E+00  0.0000000E+00
  0.0000000E+00  0.0000000E+00
  0.0000000E+00  0.0000000E+00
  0.0000000E+00  0.0000000E+00
  0.0000000E+00  0.0000000E+00
  0.0000000E+00  0.0000000E+00
  0.0000000E+00  0.0000000E+00
  0.0000000E+00  0.0000000E+00
  0.0000000E+00  0.0000000E+00
  0.0000000E+00  0.0000000E+00
  0.0000000E+00  0.0000000E+00
  0.0000000E+00  0.0000000E+00
  0.0000000E+00  0.0000000E+00
  0.0000000E+00  0.0000000E+00
  0.0000000E+00  0.0000000E+00
  0.0000000E+00  0.0000000E+00
  0.0000000E+00  0.0000000E+00
  0.0000000E+00  0.0000000E+00
  0.0000000E+00  0.0000000E+00
  0.0000000E+00  0.0000000E+00
  0.0000000E+00  0.0000000E+00
  0.0000000E+00  0.0000000E+00
  0.0000000E+00  0.0000000E+00
  0.0000000E+00  0.0000000E+00
  0.0000000E+00  0.0000000E+00
  0.0000000E+00  0.0000000E+00
  0.0000000E+00  0.0000000E+00
  0.0000000E+00  0.0000000E+00
  0.0000000E+00  0.0000000E+00
  0.0000000E+00  0.0000000E+00
  0.0000000E+00  0.0000000E+00
  0.0000000E+00  0.0000000E+00
  0.0000000E+00  0.0000000E+00
  0.0000000E+00  0.0000000E+00
  0.0000000E+00  0.0000000E+00
  0.0000000E+00  0.0000000E+00
  0.0000000E+00  0.0000000E+00
  0.0000000E+00  0.0000000E+00
  0.0000000E+00  0.0000000E+00
  0.0000000E+00  0.0000000E+00
  0.0000000E+00  0.0000000E+00
  0.0000000E+00  0.0000000E+00
  0.0000000E+00  0.0000000E+00
  0.0000000E+00  0.0000000E+00
  0.0000000E+00  0.0000000E+00
  0.0000000E+00  0.0000000E+00
  0.0000000E+00  0.0000000E+00
  0.0000000E+00  0.0000000E+00
  0.0000000E+00  0.0000000E+00
  0.0000000E+00  0.0000000E+00
  0.0000000E+00  0.0000000E+00
  0.0000000E+00  0.0000000E+00
  0.0000000E+00  0.0000000E+00
  0.0000000E+00  0.0000000E+00
  0.0000000E+00  0.0000000E+00
  0.0000000E+00  0.0000000E+00
  0.0000000E+00  0.0000000E+00
  0.0000000E+00  0.0000000E+00
  0.0000000E+00  0.0000000E+00
  0.0000000E+00  0.0000000E+00
  0.0000000E+00  0.0000000E+00
  0.0000000E+00  0.0000000E+00
  0.0000000E+00  0.0000000E+00
  0.0000000E+00  0.0000000E+00
  0.0000000E+00  0.0000000E+00
  0.0000000E+00  0.0000000E+00
  0.0000000E+00  0.0000000E+00
  0.0000000E+00  0.0000000E+00
  0.0000000E+00  0.0000000E+00
  0.0000000E+00  0.0000000E+00
  0.0000000E+00  0.0000000E+00
  0.0000000E+00  0.0000000E+00
  0.0000000E+00  0.0000000E+00
  0.0000000E+00  0.0000000E+00
  0.0000000E+00  0.0000000E+00
  0.0000000E+00  0.0000000E+00
  0.0000000E+00  0.0000000E+00
  0.0000000E+00  0.0000000E+00
  0.0000000E+00  0.0000000E+00
  0.0000000E+00  0.0000000E+00
  0.0000000E+00  0.0000000E+00
  0.0000000E+00  0.0000000E+00
  0.0000000E+00  0.0000000E+00
  0.0000000E+00  0.0000000E+00
  0.0000000E+00  0.0000000E+00
  0.0000000E+00  0.0000000E+00
  0.0000000E+00  0.0000000E+00
  0.0000000E+00  0.0000000E+00
  0.0000000E+00  0.0000000E+00
  0.0000000E+00  0.0000000E+00
  0.0000000E+00  0.0000000E+00
  0.0000000E+00  0.0000000E+00
  0.0000000E+00  0.0000000E+00
  0.0000000E+00  0.0000000E+00
  0.0000000E+00  0.0000000E+00
  0.0000000E+00  0.0000000E+00
  0.0000000E+00  0.0000000E+00
  0.0000000E+00  0.0000000E+00
  0.0000000E+00  0.0000000E+00
  0.0000000E+00  0.0000000E+00
  0.0000000E+00  0.0000000E+00
  0.0000000E+00  0.0000000E+00
  0.0000000E+00  0.0000000E+00
  0.0000000E+00  0.0000000E+00
  0.0000000E+00  0.0000000E+00
  0.0000000E+00  0.0000000E+00
  0.0000000E+00  0.0000000E+00
  0.0000000E+00  0.0000000E+00
  0.0000000E+00  0.0000000E+00
  0.0000000E+00  0.0000000E+00
  0.0000000E+00  0.0000000E+00
  0.0000000E+00  0.0000000E+00
  0.0000000E+00  0.0000000E+00
  0.0000000E+00  0.0000000E+00
  0.0000000E+00  0.0000000E+00
  0.0000000E+00  0.0000000E+00
  0.0000000E+00  0.0000000E+00
  0.0000000E+00  0.0000000E+00
  0.0000000E+00  0.0000000E+00
  0.0000000E+00  0.0000000E+00
  0.0000000E+00  0.0000000E+00
  0.0000000E+00  0.0000000E+00
  0.0000000E+00  0.0000000E+00
  0.0000000E+00  0.0000000E+00
  0.0000000E+00  0.0000000E+00
  0.0000000E+00  0.0000000E+00
  0.0000000E+00  0.0000000E+00
  0.0000000E+00  0.0000000E+00
  0.0000000E+00  0.0000000E+00
  0.0000000E+00  0.0000000E+00
  0.0000000E+00  0.0000000E+00
  0.0000000E+00  0.0000000E+00
  0.0000000E+00  0.0000000E+00
  0.0000000E+00  0.0000000E+00
  0.0000000E+00  0.0000000E+00
  0.0000000E+00  0.0000000E+00
  0.0000000E+00  0.0000000E+00
  0.0000000E+00  0.0000000E+00
  0.0000000E+00  0.0000000E+00
  0.0000000E+00  0.0000000E+00
  0.0000000E+00  0.0000000E+00
  0.0000000E+00  0.0000000E+00
  0.0000000E+00  0.0000000E+00
  0.0000000E+00  0.0000000E+00
  0.0000000E+00  0.0000000E+00
  0.0000000E+00  0.0000000E+00
  0.0000000E+00  0.0000000E+00
  0.0000000E+00  0.0000000E+00
  0.0000000E+00  0.0000000E+00
  0.0000000E+00  0.0000000E+00
  0.0000000E+00  0.0000000E+00
  0.0000000E+00  0.0000000E+00
  0.0000000E+00  0.0000000E+00
  0.0000000E+00  0.0000000E+00
  0.0000000E+00  0.0000000E+00
  0.0000000E+00  0.0000000E+00
  0.0000000E+00  0.0000000E+00
  0.0000000E+00  0.0000000E+00
  0.0000000E+00  0.0000000E+00
  0.0000000E+00  0.0000000E+00
  0.0000000E+00  0.0000000E+00
  0.0000000E+00  0.0000000E+00
  0.0000000E+00  0.0000000E+00
  0.0000000E+00  0.0000000E+00
  0.0000000E+00  0.0000000E+00
  0.0000000E+00  0.0000000E+00
  0.0000000E+00  0.0000000E+00
  0.0000000E+00  0.0000000E+00
  0.0000000E+00  0.0000000E+00
  0.0000000E+00  0.0000000E+00
  0.0000000E+00  0.0000000E+00
  0.0000000E+00  0.0000000E+00
  0.0000000E+00  0.0000000E+00
  0.0000000E+00  0.0000000E+00
  0.0000000E+00  0.0000000E+00
  0.0000000E+00  0.0000000E+00
  0.0000000E+00  0.0000000E+00
  0.0000000E+00  0.0000000E+00
  0.0000000E+00  0.0000000E+00
  0.0000000E+00  0.0000000E+00
  0.0000000E+00  0.0000000E+00
  0.0000000E+00  0.0000000E+00
  0.0000000E+00  0.0000000E+00
  0.0000000E+00  0.0000000E+00
  0.0000000E+00  0.0000000E+00
  0.0000000E+00  0.0000000E+00
  0.0000000E+00  0.0000000E+00
  0.0000000E+00  0.0000000E+00
  0.0000000E+00  0.0000000E+00
  0.0000000E+00  0.0000000E+00
  0.0000000E+00  0.0000000E+00
  0.0000000E+00  0.0000000E+00
  0.0000000E+00  0.0000000E+00
  0.0000000E+00  0.0000000E+00
  0.0000000E+00  0.0000000E+00
  0.0000000E+00  0.0000000E+00
  0.0000000E+00  0.0000000E+00
  0.0000000E+00  0.0000000E+00
  0.0000000E+00  0.0000000E+00
  0.0000000E+00  0.0000000E+00
  0.0000000E+00  0.0000000E+00
  0.0000000E+00  0.0000000E+00
  0.0000000E+00  0.0000000E+00
  0.0000000E+00  0.0000000E+00
  0.0000000E+00  0.0000000E+00
  0.0000000E+00  0.0000000E+00
  0.0000000E+00  0.0000000E+00
  0.0000000E+00  0.0000000E+00
  0.0000000E+00  0.0000000E+00
  0.0000000E+00  0.0000000E+00
  0.0000000E+00  0.0000000E+00
  0.0000000E+00  0.0000000E+00
  0.0000000E+00  0.0000000E+00
  0.0000000E+00  0.0000000E+00
  0.0000000E+00  0.0000000E+00
  0.0000000E+00  0.0000000E+00
  0.0000000E+00  0.0000000E+00
  0.0000000E+00  0.0000000E+00
  0.0000000E+00  0.0000000E+00
  0.0000000E+00  0.0000000E+00
  0.0000000E+00  0.0000000E+00
  0.0000000E+00  0.0000000E+00
  0.0000000E+00  0.0000000E+00
  0.0000000E+00  0.0000000E+00
  0.0000000E+00  0.0000000E+00
  0.0000000E+00  0.0000000E+00
  0.0000000E+00  0.0000000E+00
  0.0000000E+00  0.0000000E+00
  0.0000000E+00  0.0000000E+00
  0.0000000E+00  0.0000000E+00
  0.0000000E+00  0.0000000E+00
  0.0000000E+00  0.0000000E+00
  0.0000000E+00  0.0000000E+00
  0.0000000E+00  0.0000000E+00
  0.0000000E+00  0.0000000E+00
  0.0000000E+00  0.0000000E+00
  0.0000000E+00  0.0000000E+00
  0.0000000E+00  0.0000000E+00
  0.0000000E+00  0.0000000E+00
  0.0000000E+00  0.0000000E+00
  0.0000000E+00  0.0000000E+00
  0.0000000E+00  0.0000000E+00
  0.0000000E+00  0.0000000E+00
  0.0000000E+00  0.0000000E+00
  0.0000000E+00  0.0000000E+00
  0.0000000E+00  0.0000000E+00
  0.0000000E+00  0.0000000E+00
  0.0000000E+00  0.0000000E+00
  0.0000000E+00  0.0000000E+00
  0.0000000E+00  0.0000000E+00
  0.0000000E+00  0.0000000E+00
  0.0000000E+00  0.0000000E+00
  0.0000000E+00  0.0000000E+00
  0.0000000E+00  0.0000000E+00
  0.0000000E+00  0.0000000E+00
  0.0000000E+00  0.0000000E+00
  0.0000000E+00  0.0000000E+00
  0.0000000E+00  0.0000000E+00
  0.0000000E+00  0.0000000E+00
  0.0000000E+00  0.0000000E+00
  0.0000000E+00  0.0000000E+00
  0.0000000E+00  0.0000000E+00
  0.0000000E+00  0.0000000E+00
  0.0000000E+00  0.0000000E+00
  0.0000000E+00  0.0000000E+00
  0.0000000E+00  0.0000000E+00
  0.0000000E+00  0.0000000E+00
  0.0000000E+00  0.0000000E+00
  0.0000000E+00  0.0000000E+00
  0.0000000E+00  0.0000000E+00
  0.0000000E+00  0.0000000E+00
  0.0000000E+00  0.0000000E+00
  0.0000000E+00  0.0000000E+00
  0.0000000E+00  0.0000000E+00
  0.0000000E+00  0.0000000E+00
  0.0000000E+00  0.0000000E+00
  0.0000000E+00  0.0000000E+00
  0.0000000E+00  0.0000000E+00
  0.0000000E+00  0.0000000E+00
  0.0000000E+00  0.0000000E+00
  0.0000000E+00  0.0000000E+00
  0.0000000E+00  0.0000000E+00
  0.0000000E+00  0.0000000E+00
  0.0000000E+00  0.0000000E+00
  0.0000000E+00  0.0000000E+00
  0.0000000E+00  0.0000000E+00
  0.0000000E+00  0.0000000E+00
  0.0000000E+00  0.0000000E+00
  0.0000000E+00  0.0000000E+00
  0.0000000E+00  0.0000000E+00
  0.0000000E+00  0.0000000E+00
  0.0000000E+00  0.0000000E+00
  0.0000000E+00  0.0000000E+00
  0.0000000E+00  0.0000000E+00
  0.0000000E+00  0.0000000E+00
  0.0000000E+00  0.0000000E+00
  0.0000000E+00  0.0000000E+00
  0.0000000E+00  0.0000000E+00
  0.0000000E+00  0.0000000E+00
  0.0000000E+00  0.0000000E+00
  0.0000000E+00  0.0000000E+00
  0.0000000E+00  0.0000000E+00
  0.0000000E+00  0.0000000E+00
  0.0000000E+00  0.0000000E+00
  0.0000000E+00  0.0000000E+00
  0.0000000E+00  0.0000000E+00
  0.0000000E+00  0.0000000E+00
  0.0000000E+00  0.0000000E+00
  0.0000000E+00  0.0000000E+00
  0.0000000E+00  0.0000000E+00
  0.0000000E+00  0.0000000E+00
  0.0000000E+00  0.0000000E+00
  0.0000000E+00  0.0000000E+00
  0.0000000E+00  0.0000000E+00
  0.0000000E+00  0.0000000E+00
  0.0000000E+00  0.0000000E+00
  0.0000000E+00  0.0000000E+00
  0.0000000E+00  0.0000000E+00
  0.0000000E+00  0.0000000E+00
  0.0000000E+00  0.0000000E+00
  0.0000000E+00  0.0000000E+00
  0.0000000E+00  0.0000000E+00
  0.0000000E+00  0.0000000E+00
  0.0000000E+00  0.0000000E+00
  0.0000000E+00  0.0000000E+00
  0.0000000E+00  0.0000000E+00
  0.0000000E+00  0.0000000E+00
  0.0000000E+00  0.0000000E+00
  0.0000000E+00  0.0000000E+00
  0.0000000E+00  0.0000000E+00
  0.0000000E+00  0.0000000E+00
  0.0000000E+00  0.0000000E+00
  0.0000000E+00  0.0000000E+00
  0.0000000E+00  0.0000000E+00
  0.0000000E+00  0.0000000E+00
  0.0000000E+00  0.0000000E+00
  0.0000000E+00  0.0000000E+00
  0.0000000E+00  0.0000000E+00
  0.0000000E+00  0.0000000E+00
  0.0000000E+00  0.0000000E+00
  0.0000000E+00  0.0000000E+00
  0.0000000E+00  0.0000000E+00
  0.0000000E+00  0.0000000E+00
  0.0000000E+00  0.0000000E+00
  0.0000000E+00  0.0000000E+00
  0.0000000E+00  0.0000000E+00
  0.0000000E+00  0.0000000E+00
  0.0000000E+00  0.0000000E+00
  0.0000000E+00  0.0000000E+00
  0.0000000E+00  0.0000000E+00
  0.0000000E+00  0.0000000E+00
  0.0000000E+00  0.0000000E+00
  0.0000000E+00  0.0000000E+00
  0.0000000E+00  0.0000000E+00
  0.0000000E+00  0.0000000E+00
  0.0000000E+00  0.0000000E+00
  0.0000000E+00  0.0000000E+00
  0.0000000E+00  0.0000000E+00
  0.0000000E+00  0.0000000E+00
  0.0000000E+00  0.0000000E+00
  0.0000000E+00  0.0000000E+00
  0.0000000E+00  0.0000000E+00
  0.0000000E+00  0.0000000E+00
  0.0000000E+00  0.0000000E+00
  0.0000000E+00  0.0000000E+00
  0.0000000E+00  0.0000000E+00
  0.0000000E+00  0.0000000E+00
  0.0000000E+00  0.0000000E+00
  0.0000000E+00  0.0000000E+00
  0.0000000E+00  0.0000000E+00
  0.0000000E+00  0.0000000E+00
  0.0000000E+00  0.0000000E+00
  0.0000000E+00  0.0000000E+00
  0.0000000E+00  0.0000000E+00
  0.0000000E+00  0.0000000E+00
  0.0000000E+00  0.0000000E+00
  0.0000000E+00  0.0000000E+00
  0.0000000E+00  0.0000000E+00
  0.0000000E+00  0.0000000E+00
  0.0000000E+00  0.0000000E+00
  0.0000000E+00  0.0000000E+00
  0.0000000E+00  0.0000000E+00
  0.0000000E+00  0.0000000E+00
  0.0000000E+00  0.0000000E+00
  0.0000000E+00  0.0000000E+00
  0.0000000E+00  0.0000000E+00
  0.0000000E+00  0.0000000E+00
  0.0000000E+00  0.0000000E+00
  0.0000000E+00  0.0000000E+00
  0.0000000E+00  0.0000000E+00
  0.0000000E+00  0.0000000E+00
  0.0000000E+00  0.0000000E+00
  0.0000000E+00  0.0000000E+00
  0.0000000E+00  0.0000000E+00
  0.0000000E+00  0.0000000E+00
  0.0000000E+00  0.0000000E+00
  0.0000000E+00  0.0000000E+00
  0.0000000E+00  0.0000000E+00
  0.0000000E+00  0.0000000E+00
  0.0000000E+00  0.0000000E+00
  0.0000000E+00  0.0000000E+00
  0.0000000E+00  0.0000000E+00
  0.0000000E+00  0.0000000E+00
  0.0000000E+00  0.0000000E+00
  0.0000000E+00  0.0000000E+00
  0.0000000E+00  0.0000000E+00
  0.0000000E+00  0.0000000E+00
  0.0000000E+00  0.0000000E+00
  0.0000000E+00  0.0000000E+00
  0.0000000E+00  0.0000000E+00
  0.0000000E+00  0.0000000E+00
  0.0000000E+00  0.0000000E+00
  0.0000000E+00  0.0000000E+00
  0.0000000E+00  0.0000000E+00
  0.0000000E+00  0.0000000E+00
  0.0000000E+00  0.0000000E+00
  0.0000000E+00  0.0000000E+00
  0.0000000E+00  0.0000000E+00
  0.0000000E+00  0.0000000E+00
  0.0000000E+00  0.0000000E+00
  0.0000000E+00  0.0000000E+00
  0.0000000E+00  0.0000000E+00
  0.0000000E+00  0.0000000E+00
  0.0000000E+00  0.0000000E+00
  0.0000000E+00  0.0000000E+00
  0.0000000E+00  0.0000000E+00
  0.0000000E+00  0.0000000E+00
  0.0000000E+00  0.0000000E+00
  0.0000000E+00  0.0000000E+00
  0.0000000E+00  0.0000000E+00
  0.0000000E+00  0.0000000E+00
  0.0000000E+00  0.0000000E+00
  0.0000000E+00  0.0000000E+00
  0.0000000E+00  0.0000000E+00
  0.0000000E+00  0.0000000E+00
  0.0000000E+00  0.0000000E+00
  0.0000000E+00  0.0000000E+00
  0.0000000E+00  0.0000000E+00
  0.0000000E+00  0.0000000E+00
  0.0000000E+00  0.0000000E+00
  0.0000000E+00  0.0000000E+00
  0.0000000E+00  0.0000000E+00
  0.0000000E+00  0.0000000E+00
  0.0000000E+00  0.0000000E+00
  0.0000000E+00  0.0000000E+00
  0.0000000E+00  0.0000000E+00
  0.0000000E+00  0.0000000E+00
  0.0000000E+00  0.0000000E+00
  0.0000000E+00  0.0000000E+00
  0.0000000E+00  0.0000000E+00
  0.0000000E+00  0.0000000E+00
  0.0000000E+00  0.0000000E+00
  0.0000000E+00  0.0000000E+00
  0.0000000E+00  0.0000000E+00
  0.0000000E+00  0.0000000E+00
  0.0000000E+00  0.0000000E+00
  0.0000000E+00  0.0000000E+00
  0.0000000E+00  0.0000000E+00
  0.0000000E+00  0.0000000E+00
  0.0000000E+00  0.0000000E+00
  0.0000000E+00  0.0000000E+00
  0.0000000E+00  0.0000000E+00
  0.0000000E+00  0.0000000E+00
  0.0000000E+00  0.0000000E+00
  0.0000000E+00  0.0000000E+00
  0.0000000E+00  0.0000000E+00
  0.0000000E+00  0.0000000E+00
  0.0000000E+00  0.0000000E+00
  0.0000000E+00  0.0000000E+00
  0.0000000E+00  0.0000000E+00
  0.0000000E+00  0.0000000E+00
  0.0000000E+00  0.0000000E+00
  0.0000000E+00  0.0000000E+00
  0.0000000E+00  0.0000000E+00
  0.0000000E+00  0.0000000E+00
  0.0000000E+00  0.0000000E+00
  0.0000000E+00  0.0000000E+00
  0.0000000E+00  0.0000000E+00
  0.0000000E+00  0.0000000E+00
  0.0000000E+00  0.0000000E+00
  0.0000000E+00  0.0000000E+00
  0.0000000E+00  0.0000000E+00
  0.0000000E+00  0.0000000E+00
  0.0000000E+00  0.0000000E+00
  0.0000000E+00  0.0000000E+00
  0.0000000E+00  0.0000000E+00
  0.0000000E+00  0.0000000E+00
  0.0000000E+00  0.0000000E+00
  0.0000000E+00  0.0000000E+00
  0.0000000E+00  0.0000000E+00
  0.0000000E+00  0.0000000E+00
  0.0000000E+00  0.0000000E+00
  0.0000000E+00  0.0000000E+00
  0.0000000E+00  0.0000000E+00
  0.0000000E+00  0.0000000E+00
  0.0000000E+00  0.0000000E+00
  0.0000000E+00  0.0000000E+00
  0.0000000E+00  0.0000000E+00
  0.0000000E+00  0.0000000E+00
  0.0000000E+00  0.0000000E+00
  0.0000000E+00  0.0000000E+00
  0.0000000E+00  0.0000000E+00
  0.0000000E+00  0.0000000E+00
  0.0000000E+00  0.0000000E+00
  0.0000000E+00  0.0000000E+00
  0.0000000E+00  0.0000000E+00
  0.0000000E+00  0.0000000E+00
  0.0000000E+00  0.0000000E+00
  0.0000000E+00  0.0000000E+00
  0.0000000E+00  0.0000000E+00
  0.0000000E+00  0.0000000E+00
  0.0000000E+00  0.0000000E+00
  0.0000000E+00  0.0000000E+00
  0.0000000E+00  0.0000000E+00
  0.0000000E+00  0.0000000E+00
  0.0000000E+00  0.0000000E+00
  0.0000000E+00  0.0000000E+00
  0.0000000E+00  0.0000000E+00
  0.0000000E+00  0.0000000E+00
  0.0000000E+00  0.0000000E+00
  0.0000000E+00  0.0000000E+00
  0.0000000E+00  0.0000000E+00
  0.0000000E+00  0.0000000E+00
  0.0000000E+00  0.0000000E+00
  0.0000000E+00  0.0000000E+00
  0.0000000E+00  0.0000000E+00
  0.0000000E+00  0.0000000E+00
  0.0000000E+00  0.0000000E+00
  0.0000000E+00  0.0000000E+00
  0.0000000E+00  0.0000000E+00
  0.0000000E+00  0.0000000E+00
  0.0000000E+00  0.0000000E+00
  0.0000000E+00  0.0000000E+00
  0.0000000E+00  0.0000000E+00
  0.0000000E+00  0.0000000E+00
  0.0000000E+00  0.0000000E+00
  0.0000000E+00  0.0000000E+00
  0.0000000E+00  0.0000000E+00
  0.0000000E+00  0.0000000E+00
  0.0000000E+00  0.0000000E+00
  0.0000000E+00  0.0000000E+00
  0.0000000E+00  0.0000000E+00
  0.0000000E+00  0.0000000E+00
  0.0000000E+00  0.0000000E+00
  0.0000000E+00  0.0000000E+00
  0.0000000E+00  0.0000000E+00
  0.0000000E+00  0.0000000E+00
  0.0000000E+00  0.0000000E+00
  0.0000000E+00  0.0000000E+00
  0.0000000E+00  0.0000000E+00
  0.0000000E+00  0.0000000E+00
  0.0000000E+00  0.0000000E+00
  0.0000000E+00  0.0000000E+00
  0.0000000E+00  0.0000000E+00
  0.0000000E+00  0.0000000E+00
  0.0000000E+00  0.0000000E+00
  0.0000000E+00  0.0000000E+00
  0.0000000E+00  0.0000000E+00
  0.0000000E+00  0.0000000E+00
  0.0000000E+00  0.0000000E+00
  0.0000000E+00  0.0000000E+00
  0.0000000E+00  0.0000000E+00
  0.0000000E+00  0.0000000E+00
  0.0000000E+00  0.0000000E+00
  0.0000000E+00  0.0000000E+00
  0.0000000E+00  0.0000000E+00
  0.0000000E+00  0.0000000E+00
  0.0000000E+00  0.0000000E+00
  0.0000000E+00  0.0000000E+00
  0.0000000E+00  0.0000000E+00
  0.0000000E+00  0.0000000E+00
  0.0000000E+00  0.0000000E+00
  0.0000000E+00  0.0000000E+00
  0.0000000E+00  0.0000000E+00
  0.0000000E+00  0.0000000E+00
  0.0000000E+00  0.0000000E+00
  0.0000000E+00  0.0000000E+00
  0.0000000E+00  0.0000000E+00
  0.0000000E+00  0.0000000E+00
  0.0000000E+00  0.0000000E+00
  0.0000000E+00  0.0000000E+00
  0.0000000E+00  0.0000000E+00
  0.0000000E+00  0.0000000E+00
  0.0000000E+00  0.0000000E+00
  0.0000000E+00  0.0000000E+00
  0.0000000E+00  0.0000000E+00
  0.0000000E+00  0.0000000E+00
  0.0000000E+00  0.0000000E+00
  0.0000000E+00  0.0000000E+00
  0.0000000E+00  0.0000000E+00
  0.0000000E+00  0.0000000E+00
  0.0000000E+00  0.0000000E+00
  0.0000000E+00  0.0000000E+00
  0.0000000E+00  0.0000000E+00
  0.0000000E+00  0.0000000E+00
  0.0000000E+00  0.0000000E+00
  0.0000000E+00  0.0000000E+00
  0.0000000E+00  0.0000000E+00
  0.0000000E+00  0.0000000E+00
  0.0000000E+00  0.0000000E+00
  0.0000000E+00  0.0000000E+00
  0.0000000E+00  0.0000000E+00
  0.0000000E+00  0.0000000E+00
  0.0000000E+00  0.0000000E+00
  0.0000000E+00  0.0000000E+00
  0.0000000E+00  0.0000000E+00
  0.0000000E+00  0.0000000E+00
  0.0000000E+00  0.0000000E+00
  0.0000000E+00  0.0000000E+00
  0.0000000E+00  0.0000000E+00
  0.0000000E+00  0.0000000E+00
  0.0000000E+00  0.0000000E+00
  0.0000000E+00  0.0000000E+00
  0.0000000E+00  0.0000000E+00
  0.0000000E+00  0.0000000E+00
  0.0000000E+00  0.0000000E+00
  0.0000000E+00  0.0000000E+00
  0.0000000E+00  0.0000000E+00
  0.0000000E+00  0.0000000E+00
  0.0000000E+00  0.0000000E+00
  0.0000000E+00  0.0000000E+00
  0.0000000E+00  0.0000000E+00
  0.0000000E+00  0.0000000E+00
  0.0000000E+00  0.0000000E+00
  0.0000000E+00  0.0000000E+00
  0.0000000E+00  0.0000000E+00
  0.0000000E+00  0.0000000E+00
  0.0000000E+00  0.0000000E+00
  0.0000000E+00  0.0000000E+00
  0.0000000E+00  0.0000000E+00
  0.0000000E+00  0.0000000E+00
  0.0000000E+00  0.0000000E+00
  0.0000000E+00  0.0000000E+00
  0.0000000E+00  0.0000000E+00
  0.0000000E+00  0.0000000E+00
  0.0000000E+00  0.0000000E+00
  0.0000000E+00  0.0000000E+00
  0.0000000E+00  0.0000000E+00
  0.0000000E+00  0.0000000E+00
  0.0000000E+00  0.0000000E+00
  0.0000000E+00  0.0000000E+00
  0.0000000E+00  0.0000000E+00
  0.0000000E+00  0.0000000E+00
  0.0000000E+00  0.0000000E+00
  0.0000000E+00  0.0000000E+00
  0.0000000E+00  0.0000000E+00
  0.0000000E+00  0.0000000E+00
  0.0000000E+00  0.0000000E+00
  0.0000000E+00  0.0000000E+00
  0.0000000E+00  0.0000000E+00
  0.0000000E+00  0.0000000E+00
  0.0000000E+00  0.0000000E+00
  0.0000000E+00  0.0000000E+00
  0.0000000E+00  0.0000000E+00
  0.0000000E+00  0.0000000E+00
  0.0000000E+00  0.0000000E+00
  0.0000000E+00  0.0000000E+00
  0.0000000E+00  0.0000000E+00
  0.0000000E+00  0.0000000E+00
  0.0000000E+00  0.0000000E+00
  0.0000000E+00  0.0000000E+00
  0.0000000E+00  0.0000000E+00
  0.0000000E+00  0.0000000E+00
  0.0000000E+00  0.0000000E+00
  0.0000000E+00  0.0000000E+00
  0.0000000E+00  0.0000000E+00
  0.0000000E+00  0.0000000E+00
  0.0000000E+00  0.0000000E+00
  0.0000000E+00  0.0000000E+00
  0.0000000E+00  0.0000000E+00
  0.0000000E+00  0.0000000E+00
  0.0000000E+00  0.0000000E+00
  0.0000000E+00  0.0000000E+00
  0.0000000E+00  0.0000000E+00
  0.0000000E+00  0.0000000E+00
  0.0000000E+00  0.0000000E+00
  0.0000000E+00  0.0000000E+00
  0.0000000E+00  0.0000000E+00
  0.0000000E+00  0.0000000E+00
  0.0000000E+00  0.0000000E+00
  0.0000000E+00  0.0000000E+00
  0.0000000E+00  0.0000000E+00
  0.0000000E+00  0.0000000E+00
  0.0000000E+00  0.0000000E+00
  0.0000000E+00  0.0000000E+00
  0.0000000E+00  0.0000000E+00
  0.0000000E+00  0.0000000E+00
  0.0000000E+00  0.0000000E+00
  0.0000000E+00  0.0000000E+00
  0.0000000E+00  0.0000000E+00
  0.0000000E+00  0.0000000E+00
  0.0000000E+00  0.0000000E+00
  0.0000000E+00  0.0000000E+00
  0.0000000E+00  0.0000000E+00
  0.0000000E+00  0.0000000E+00
  0.0000000E+00  0.0000000E+00
  0.0000000E+00  0.0000000E+00
  0.0000000E+00  0.0000000E+00
  0.0000000E+00  0.0000000E+00
  0.0000000E+00  0.0000000E+00
  0.0000000E+00  0.0000000E+00
  0.0000000E+00  0.0000000E+00
  0.0000000E+00  0.0000000E+00
  0.0000000E+00  0.0000000E+00
  0.0000000E+00  0.0000000E+00
  0.0000000E+00  0.0000000E+00
  0.0000000E+00  0.0000000E+00
  0.0000000E+00  0.0000000E+00
  0.0000000E+00  0.0000000E+00
  0.0000000E+00  0.0000000E+00
  0.0000000E+00  0.0000000E+00
  0.0000000E+00  0.0000000E+00
  0.0000000E+00  0.0000000E+00
  0.0000000E+00  0.0000000E+00
  0.0000000E+00  0.0000000E+00
  0.0000000E+00  0.0000000E+00
  0.0000000E+00  0.0000000E+00
  0.0000000E+00  0.0000000E+00
  0.0000000E+00  0.0000000E+00
  0.0000000E+00  0.0000000E+00
  0.0000000E+00  0.0000000E+00
  0.0000000E+00  0.0000000E+00
  0.0000000E+00  0.0000000E+00
  0.0000000E+00  0.0000000E+00
  0.0000000E+00  0.0000000E+00
  0.0000000E+00  0.0000000E+00
  0.0000000E+00  0.0000000E+00
  0.0000000E+00  0.0000000E+00
  0.0000000E+00  0.0000000E+00
  0.0000000E+00  0.0000000E+00
  0.0000000E+00  0.0000000E+00
  0.0000000E+00  0.0000000E+00
  0.0000000E+00  0.0000000E+00
  0.0000000E+00  0.0000000E+00
  0.0000000E+00  0.0000000E+00
  0.0000000E+00  0.0000000E+00
  0.0000000E+00  0.0000000E+00
  0.0000000E+00  0.0000000E+00
  0.0000000E+00  0.0000000E+00
  0.0000000E+00  0.0000000E+00
  0.0000000E+00  0.0000000E+00
  0.0000000E+00  0.0000000E+00
  0.0000000E+00  0.0000000E+00
  0.0000000E+00  0.0000000E+00
  0.0000000E+00  0.0000000E+00
  0.0000000E+00  0.0000000E+00
  0.0000000E+00  0.0000000E+00
  0.0000000E+00  0.0000000E+00
  0.0000000E+00  0.0000000E+00
  0.0000000E+00  0.0000000E+00
  0.0000000E+00  0.0000000E+00
  0.0000000E+00  0.0000000E+00
  0.0000000E+00  0.0000000E+00
  0.0000000E+00  0.0000000E+00
  0.0000000E+00  0.0000000E+00
  0.0000000E+00  0.0000000E+00
  0.0000000E+00  0.0000000E+00
  0.0000000E+00  0.0000000E+00
  0.0000000E+00  0.0000000E+00
  0.0000000E+00  0.0000000E+00
  0.0000000E+00  0.0000000E+00
  0.0000000E+00  0.0000000E+00
  0.0000000E+00  0.0000000E+00
  0.0000000E+00  0.0000000E+00
  0.0000000E+00  0.0000000E+00
