 -0.2290865E+00 -0.3252453E-03
 -0.1586354E+00 -0.2244067E-03
 -0.1227589E+00 -0.1737318E-03
 -0.9753238E-01 -0.1382331E-03
 -0.8766830E-01 -0.1234667E-03
 -0.8378810E-01 -0.1158835E-03
  0.7170905E+00  0.8759127E-03
 -0.2771647E-01 -0.4285038E-04
 -0.2291544E-01 -0.3577699E-04
 -0.1772951E-01 -0.2818566E-04
 -0.7548921E-02 -0.1338679E-04
 -0.2335233E-01 -0.1589296E-04
 -0.3896940E-01 -0.1849560E-04
 -0.5402280E-01 -0.2051542E-04
 -0.6835685E-01 -0.2196181E-04
 -0.8314556E-01 -0.2473421E-04
 -0.9725951E-01 -0.2687183E-04
 -0.1114883E+00 -0.3013354E-04
 -0.1264588E+00 -0.3532215E-04
 -0.1386442E+00 -0.3647362E-04
 -0.1506324E+00 -0.3856374E-04
 -0.1639698E+00 -0.4374348E-04
 -0.1738314E+00 -0.4395859E-04
 -0.1835302E+00 -0.4544777E-04
 -0.1949797E+00 -0.5086879E-04
 -0.2022753E+00 -0.5036003E-04
 -0.2093448E+00 -0.5124773E-04
 -0.2184985E+00 -0.5675393E-04
 -0.2229659E+00 -0.5554759E-04
 -0.2270849E+00 -0.5570804E-04
 -0.2334962E+00 -0.6090360E-04
 -0.2348404E+00 -0.5886135E-04
 -0.2357167E+00 -0.5808279E-04
 -0.2389866E+00 -0.6253216E-04
 -0.2370007E+00 -0.5949768E-04
 -0.2345554E+00 -0.5775200E-04
 -0.2345828E+00 -0.6133136E-04
 -0.2294049E+00 -0.5749936E-04
 -0.2237907E+00 -0.5493245E-04
 -0.2206219E+00 -0.5759351E-04
 -0.2124839E+00 -0.5318994E-04
 -0.2039870E+00 -0.5004287E-04
 -0.1978094E+00 -0.5177000E-04
 -0.1870973E+00 -0.4708900E-04
 -0.1761305E+00 -0.4362779E-04
 -0.1672759E+00 -0.4452731E-04
 -0.1544922E+00 -0.3989397E-04
 -0.1415637E+00 -0.3637901E-04
 -0.1304366E+00 -0.3653347E-04
 -0.1161456E+00 -0.3223972E-04
 -0.1017976E+00 -0.2886922E-04
 -0.8886580E-01 -0.2830062E-04
 -0.7365613E-01 -0.2456768E-04
 -0.5843818E-01 -0.2144411E-04
 -0.4418947E-01 -0.2014057E-04
 -0.2864182E-01 -0.1705477E-04
 -0.1310621E-01 -0.1422431E-04
  0.1964263E-02 -0.1210794E-04
  0.1728784E-01 -0.9717212E-05
  0.3262337E-01 -0.7112444E-05
  0.4798903E-01 -0.4158947E-05
  0.6257510E-01 -0.2384872E-05
  0.7713792E-01 -0.3405512E-07
  0.9222321E-01  0.3684994E-05
  0.1055668E+00  0.4870173E-05
  0.1188877E+00  0.7019698E-05
  0.1332133E+00  0.1156021E-04
  0.1448339E+00  0.1217879E-04
  0.1564189E+00  0.1410083E-04
  0.1694615E+00  0.1935522E-04
  0.1789508E+00  0.1945673E-04
  0.1882666E+00  0.2092765E-04
  0.1994105E+00  0.2647176E-04
  0.2063027E+00  0.2588854E-04
  0.2129088E+00  0.2670418E-04
  0.2215962E+00  0.3212340E-04
  0.2254783E+00  0.3060446E-04
  0.2290498E+00  0.3060652E-04
  0.2350322E+00  0.3584918E-04
  0.2366991E+00  0.3509988E-04
  0.2402660E+00  0.3963027E-04
  0.2382037E+00  0.3542217E-04
  0.2272505E+00  0.1819212E-04
  0.2230050E+00  0.1394266E-04
  0.2197163E+00  0.1282230E-04
  0.2156339E+00  0.1183163E-04
  0.2106987E+00  0.1085089E-04
  0.2049413E+00  0.9955162E-05
  0.1983451E+00  0.9066412E-05
  0.1908586E+00  0.8038161E-05
  0.1824696E+00  0.6805022E-05
  0.1732424E+00  0.5417917E-05
  0.1632413E+00  0.3934083E-05
  0.1525565E+00  0.2431632E-05
  0.1412379E+00  0.9327105E-06
  0.1292515E+00 -0.7230669E-06
  0.1167260E+00 -0.2388957E-05
  0.1037453E+00 -0.3994499E-05
  0.9012270E-01 -0.5932088E-05
  0.7519156E-01 -0.9445221E-05
  0.6057543E-01 -0.1171134E-04
  0.4974782E-01 -0.7433664E-05
  0.3616236E-01 -0.7903300E-05
  0.2139465E-01 -0.1037304E-04
  0.6755038E-02 -0.1271146E-04
  0.1420173E-01  0.3759564E-05
  0.1644508E-01  0.8521474E-05
  0.1836356E-01  0.1186353E-04
  0.2078524E-01  0.1560714E-04
  0.2428405E-01  0.2076196E-04
  0.2893982E-01  0.2748764E-04
  0.3721191E-01  0.3919218E-04
  0.9633967E-01  0.1199576E-03
  0.1222535E+00  0.1577145E-03
  0.2044586E+00  0.2742927E-03
  0.6220907E+00  0.8525276E-03
  0.7343250E+00  0.8977940E-03
  0.1487585E+01  0.2047602E-02
  0.1830275E+01  0.2523346E-02
  0.2087380E+01  0.2880024E-02
  0.2247234E+01  0.3101631E-02
  0.2302475E+01  0.3178084E-02
  0.2249288E+01  0.3104110E-02
  0.2093924E+01  0.2888512E-02
  0.1851214E+01  0.2552185E-02
  0.1530250E+01  0.2107694E-02
  0.1142043E+01  0.1570162E-02
  0.7047133E+00  0.9646984E-03
  0.2382117E+00  0.3189626E-03
 -0.2382907E+00 -0.3405341E-03
 -0.7050574E+00 -0.9865324E-03
 -0.1142528E+01 -0.1592005E-02
 -0.1532254E+01 -0.2131444E-02
 -0.1856753E+01 -0.2580641E-02
 -0.2100801E+01 -0.2918461E-02
 -0.2251162E+01 -0.3126473E-02
 -0.2298050E+01 -0.3191021E-02
 -0.2242117E+01 -0.3113105E-02
 -0.2092846E+01 -0.2906171E-02
 -0.1853382E+01 -0.2574452E-02
 -0.1530374E+01 -0.2126947E-02
 -0.1138993E+01 -0.1584730E-02
 -0.6951323E+00 -0.9700542E-03
  0.5364853E+00  0.6729122E-03
  0.4496590E+00  0.5549632E-03
 -0.2677869E+00 -0.3632132E-03
 -0.2470610E+00 -0.3309966E-03
 -0.2358340E+00 -0.3110785E-03
 -0.6537922E-01 -0.8299560E-04
  0.7699327E+00  0.1008491E-02
 -0.8602910E-01 -0.9634727E-04
 -0.5242107E-01 -0.6277899E-04
 -0.1191789E+00 -0.1297339E-03
 -0.1503276E+00 -0.1606707E-03
 -0.1805546E+00 -0.1907908E-03
 -0.2114774E+00 -0.2225748E-03
 -0.2413801E+00 -0.2533235E-03
 -0.2698524E+00 -0.2824787E-03
 -0.2967733E+00 -0.3098740E-03
 -0.3222962E+00 -0.3358365E-03
 -0.3464448E+00 -0.3604643E-03
 -0.3688587E+00 -0.3831970E-03
 -0.3897033E+00 -0.4043782E-03
 -0.4090134E+00 -0.4241139E-03
 -0.4263532E+00 -0.4417179E-03
 -0.4419379E+00 -0.4576129E-03
 -0.4557797E+00 -0.4718603E-03
 -0.4674014E+00 -0.4837017E-03
 -0.4770677E+00 -0.4935965E-03
 -0.4848963E+00 -0.5017900E-03
 -0.4902513E+00 -0.5072330E-03
 -0.4934372E+00 -0.5104652E-03
 -0.4946722E+00 -0.5118553E-03
 -0.4933810E+00 -0.5104454E-03
 -0.4899339E+00 -0.5068592E-03
 -0.4845813E+00 -0.5015083E-03
 -0.4767888E+00 -0.4934686E-03
 -0.4669283E+00 -0.4833530E-03
 -0.4552284E+00 -0.4715163E-03
 -0.4412383E+00 -0.4571728E-03
 -0.4253621E+00 -0.4409473E-03
 -0.4078171E+00 -0.4231637E-03
 -0.3882425E+00 -0.4031839E-03
 -0.3670092E+00 -0.3815473E-03
 -0.3443544E+00 -0.3586133E-03
 -0.3200015E+00 -0.3338506E-03
 -0.2943096E+00 -0.3077706E-03
 -0.2674998E+00 -0.2806869E-03
 -0.2393746E+00 -0.2521712E-03
 -0.2102787E+00 -0.2227528E-03
 -0.1803921E+00 -0.1925916E-03
 -0.1496482E+00 -0.1615436E-03
 -0.1183096E+00 -0.1299024E-03
 -0.8653571E-01 -0.9788280E-04
 -0.5434639E-01 -0.6543516E-04
 -0.2193389E-01 -0.3276736E-04
  0.1054075E-01 -0.3001151E-07
  0.4294269E-01  0.3259715E-04
  0.7515425E-01  0.6506297E-04
  0.1070525E+00  0.9724875E-04
  0.1384272E+00  0.1288693E-03
  0.1691386E+00  0.1598100E-03
  0.1991398E+00  0.1900813E-03
  0.2282963E+00  0.2194923E-03
  0.2565324E+00  0.2480201E-03
  0.2837609E+00  0.2756235E-03
  0.3097010E+00  0.3018683E-03
  0.3344042E+00  0.3269656E-03
  0.3578124E+00  0.3508626E-03
  0.3794970E+00  0.3728975E-03
  0.3995726E+00  0.3933357E-03
  0.4180573E+00  0.4122695E-03
  0.4345520E+00  0.4290664E-03
  0.4491947E+00  0.4440109E-03
  0.4620305E+00  0.4572276E-03
  0.4725729E+00  0.4679217E-03
  0.4811319E+00  0.4766561E-03
  0.4877988E+00  0.4836126E-03
  0.4920749E+00  0.4879746E-03
  0.4939066E+00  0.4896555E-03
  0.4926701E+00  0.4875741E-03
  0.4888428E+00  0.4825832E-03
  0.4834635E+00  0.4764708E-03
  0.4763967E+00  0.4689582E-03
  0.4674818E+00  0.4597382E-03
  0.4567333E+00  0.4488424E-03
  0.4442178E+00  0.4363147E-03
  0.4297812E+00  0.4218794E-03
  0.4133801E+00  0.4054242E-03
  0.3950281E+00  0.3869100E-03
  0.3748654E+00  0.3665313E-03
  0.3530548E+00  0.3445013E-03
  0.3297169E+00  0.3209530E-03
  0.3048755E+00  0.2958487E-03
  0.2786188E+00  0.2692632E-03
  0.2512628E+00  0.2416408E-03
  0.2229738E+00  0.2131958E-03
  0.1937634E+00  0.1838685E-03
  0.1637806E+00  0.1537658E-03
  0.1335655E+00  0.1236065E-03
  0.1033302E+00  0.9346269E-04
  0.7309455E-01  0.6308116E-04
  0.4318075E-01  0.3288333E-04
  0.5023104E-01  0.4645565E-04
  0.3685144E+00  0.4939479E-03
  0.5619195E-01  0.5650186E-04
  0.6382832E-01  0.6811359E-04
  0.7382309E-01  0.8272145E-04
  0.8763139E-01  0.1024448E-03
  0.1130123E+00  0.1374128E-03
  0.1255775E+01  0.1701838E-02
  0.3197987E+00  0.4219891E-03
  0.1421324E+01  0.1928592E-02
  0.6966631E+00  0.9136317E-03
  0.1045923E+01  0.1414337E-02
  0.1528640E+01  0.2075518E-02
  0.1563475E+01  0.2123044E-02
  0.1524750E+01  0.2069783E-02
  0.1420518E+01  0.1927091E-02
  0.1258533E+01  0.1706029E-02
  0.1041622E+01  0.1410249E-02
  0.7785680E+00  0.1051486E-02
  0.4812857E+00  0.6460310E-03
  0.1637988E+00  0.2131117E-03
 -0.1624315E+00 -0.2316715E-03
 -0.4820183E+00 -0.6673734E-03
 -0.7799159E+00 -0.1073539E-02
 -0.1044360E+01 -0.1434174E-02
 -0.1264060E+01 -0.1733851E-02
 -0.1428712E+01 -0.1958435E-02
 -0.1528225E+01 -0.2093960E-02
 -0.1557361E+01 -0.2133196E-02
 -0.1521121E+01 -0.2083287E-02
 -0.1425139E+01 -0.1952422E-02
 -0.1262586E+01 -0.1730588E-02
 -0.1046324E+01 -0.1435262E-02
 -0.7880825E+00 -0.1082633E-02
 -0.4880978E+00 -0.6736131E-03
 -0.1086367E+00 -0.1314854E-03
 -0.2302096E+00 -0.2940007E-03
  0.2858519E+00  0.3696466E-03
 -0.7268818E-01 -0.1010345E-03
 -0.1058241E+00 -0.1373726E-03
 -0.3811916E+00 -0.5045411E-03
 -0.1059222E+00 -0.1282079E-03
 -0.4217166E+00 -0.5659396E-03
 -0.2571883E+00 -0.2981104E-03
 -0.2940911E+00 -0.3402651E-03
 -0.3284958E+00 -0.3792852E-03
 -0.3612119E+00 -0.4164055E-03
 -0.3920714E+00 -0.4513818E-03
 -0.4207975E+00 -0.4838324E-03
 -0.4475678E+00 -0.5140509E-03
 -0.4724014E+00 -0.5421126E-03
 -0.4951013E+00 -0.5677282E-03
 -0.5157393E+00 -0.5910796E-03
 -0.5342402E+00 -0.6120788E-03
 -0.5502251E+00 -0.6301532E-03
 -0.5638709E+00 -0.6456165E-03
 -0.5753410E+00 -0.6587360E-03
 -0.5842854E+00 -0.6689734E-03
 -0.5904929E+00 -0.6760326E-03
 -0.5940402E+00 -0.6800541E-03
 -0.5948582E+00 -0.6809334E-03
 -0.5929642E+00 -0.6787180E-03
 -0.5885384E+00 -0.6736803E-03
 -0.5815609E+00 -0.6657934E-03
 -0.5719642E+00 -0.6549106E-03
 -0.5599014E+00 -0.6412818E-03
 -0.5453830E+00 -0.6248692E-03
 -0.5283890E+00 -0.6056392E-03
 -0.5091335E+00 -0.5838843E-03
 -0.4876219E+00 -0.5595807E-03
 -0.4639255E+00 -0.5328106E-03
 -0.4382511E+00 -0.5038423E-03
 -0.4106371E+00 -0.4726845E-03
 -0.3811933E+00 -0.4394598E-03
 -0.3501524E+00 -0.4044710E-03
 -0.3175721E+00 -0.3677574E-03
 -0.2835905E+00 -0.3294575E-03
 -0.2484601E+00 -0.2899097E-03
 -0.2122586E+00 -0.2491411E-03
 -0.1751653E+00 -0.2073975E-03
 -0.1373564E+00 -0.1648324E-03
 -0.9900085E-01 -0.1216927E-03
 -0.6005927E-01 -0.7790227E-04
 -0.2074604E-01 -0.3367183E-04
  0.1857902E-01  0.1055908E-04
  0.5775711E-01  0.5462630E-04
  0.9665052E-01  0.9839308E-04
  0.1350753E+00  0.1416249E-03
  0.1727798E+00  0.1840419E-03
  0.2093079E+00  0.2250068E-03
  0.2448149E+00  0.2648141E-03
  0.2797708E+00  0.3041848E-03
  0.3135637E+00  0.3422505E-03
  0.3459872E+00  0.3787522E-03
  0.3772531E+00  0.4141270E-03
  0.4069282E+00  0.4477330E-03
  0.4347368E+00  0.4791930E-03
  0.4606876E+00  0.5085939E-03
  0.4845345E+00  0.5355722E-03
  0.5062217E+00  0.5600972E-03
  0.5258930E+00  0.5824327E-03
  0.5432332E+00  0.6021305E-03
  0.5580350E+00  0.6188372E-03
  0.5705166E+00  0.6329942E-03
  0.5806209E+00  0.6445437E-03
  0.5880200E+00  0.6529574E-03
  0.5925102E+00  0.6579335E-03
  0.5941572E+00  0.6595661E-03
  0.5929657E+00  0.6578373E-03
  0.5888624E+00  0.6526731E-03
  0.5822189E+00  0.6446579E-03
  0.5732267E+00  0.6341345E-03
  0.5621189E+00  0.6214307E-03
  0.5491570E+00  0.6069859E-03
  0.5342260E+00  0.5905409E-03
  0.5168630E+00  0.5713123E-03
  0.4968750E+00  0.5489861E-03
  0.4743541E+00  0.5236494E-03
  0.4496872E+00  0.4958542E-03
  0.4231077E+00  0.4659166E-03
  0.3945756E+00  0.4337734E-03
  0.3640218E+00  0.3992057E-03
  0.3317786E+00  0.3626236E-03
  0.2987561E+00  0.3253997E-03
  0.2648662E+00  0.2874139E-03
  0.2297501E+00  0.2480540E-03
  0.1938211E+00  0.2077375E-03
  0.1578111E+00  0.1674243E-03
  0.1217084E+00  0.1269308E-03
  0.8556733E-01  0.8621182E-04
  0.1162810E+01  0.1554258E-02
  0.8871141E+00  0.1182230E-02
  0.1103272E+00  0.1249315E-03
  0.1279827E+00  0.1506614E-03
 -0.3476039E+00 -0.4529439E-03
  0.1497496E+00  0.1820393E-03
  0.1960520E+00  0.2460831E-03
  0.5583433E+00  0.7460731E-03
  0.1248895E+01  0.1670703E-02
  0.1274451E+01  0.1704975E-02
  0.9632458E-01  0.1039507E-03
  0.1239042E+01  0.1656497E-02
  0.1155574E+01  0.1543489E-02
  0.1027164E+01  0.1370931E-02
  0.8522262E+00  0.1136107E-02
  0.6399446E+00  0.8507394E-03
  0.3982340E+00  0.5255494E-03
  0.1383728E+00  0.1759446E-03
 -0.1334992E+00 -0.1898124E-03
 -0.3992420E+00 -0.5472343E-03
 -0.6427805E+00 -0.8747568E-03
 -0.8569791E+00 -0.1162891E-02
 -0.1033979E+01 -0.1401047E-02
 -0.1165573E+01 -0.1578025E-02
 -0.1243458E+01 -0.1682406E-02
 -0.1265507E+01 -0.1711231E-02
 -0.1238322E+01 -0.1673906E-02
 -0.1168849E+01 -0.1581282E-02
 -0.1034516E+01 -0.1400511E-02
 -0.8629217E+00 -0.1169239E-02
 -0.6633666E+00 -0.9001066E-03
  0.1036820E+01  0.1384102E-02
 -0.1467208E+00 -0.1740159E-03
 -0.2180994E+00 -0.2529088E-03
 -0.1831262E+00 -0.2143381E-03
  0.8016168E+00  0.1079100E-02
 -0.3245807E+00 -0.4141935E-03
 -0.5949066E+00 -0.7966201E-03
 -0.2846610E+00 -0.3446146E-03
 -0.3291205E+00 -0.3976601E-03
 -0.4418656E+00 -0.5318291E-03
 -0.4739784E+00 -0.5697774E-03
 -0.5036154E+00 -0.6047299E-03
 -0.5313753E+00 -0.6375816E-03
 -0.5564969E+00 -0.6672336E-03
 -0.5793667E+00 -0.6943262E-03
 -0.5998333E+00 -0.7186253E-03
 -0.6170974E+00 -0.7389852E-03
 -0.6319353E+00 -0.7565566E-03
 -0.6451285E+00 -0.7725556E-03
 -0.6555753E+00 -0.7852854E-03
 -0.6622654E+00 -0.7932172E-03
 -0.6657260E+00 -0.7971771E-03
 -0.6661415E+00 -0.7975246E-03
 -0.6632465E+00 -0.7938491E-03
 -0.6578676E+00 -0.7873857E-03
 -0.6499202E+00 -0.7779934E-03
 -0.6388114E+00 -0.7647888E-03
 -0.6251442E+00 -0.7486375E-03
 -0.6088427E+00 -0.7293959E-03
 -0.5895282E+00 -0.7065182E-03
 -0.5678782E+00 -0.6809410E-03
 -0.5437963E+00 -0.6525095E-03
 -0.5170079E+00 -0.6208069E-03
 -0.4882091E+00 -0.5867892E-03
 -0.4572848E+00 -0.5502746E-03
 -0.4241021E+00 -0.5110354E-03
 -0.3892983E+00 -0.4699397E-03
 -0.3527684E+00 -0.4268032E-03
 -0.3145332E+00 -0.3816097E-03
 -0.2751826E+00 -0.3351743E-03
 -0.2345774E+00 -0.2872369E-03
 -0.1928712E+00 -0.2379503E-03
 -0.1506545E+00 -0.1880182E-03
 -0.1081255E+00 -0.1379539E-03
 -0.6394644E-01 -0.8582656E-04
 -0.1884426E-01 -0.3251541E-04
  0.2582527E-01  0.2020780E-04
  0.7026084E-01  0.7267547E-04
  0.1142872E+00  0.1247253E-03
  0.1574501E+00  0.1756360E-03
  0.1994889E+00  0.2251932E-03
  0.2388385E+00  0.2712571E-03
  0.2769329E+00  0.3157855E-03
  0.3161845E+00  0.3623185E-03
  0.3539319E+00  0.4069595E-03
  0.3900863E+00  0.4496197E-03
  0.4258046E+00  0.4922010E-03
  0.4593284E+00  0.5320794E-03
  0.4903977E+00  0.5689228E-03
  0.5194169E+00  0.6033960E-03
  0.5457266E+00  0.6345197E-03
  0.5697047E+00  0.6629397E-03
  0.5918496E+00  0.6894192E-03
  0.6109487E+00  0.7121243E-03
  0.6270643E+00  0.7311046E-03
  0.6411361E+00  0.7479299E-03
  0.6525387E+00  0.7616974E-03
  0.6602543E+00  0.7708035E-03
  0.6641278E+00  0.7750519E-03
  0.6650222E+00  0.7756432E-03
  0.6631796E+00  0.7730369E-03
  0.6575092E+00  0.7656040E-03
  0.6491054E+00  0.7548757E-03
  0.6384657E+00  0.7418980E-03
  0.6257328E+00  0.7266123E-03
  0.6121571E+00  0.7112822E-03
  0.5967810E+00  0.6940175E-03
  0.5778995E+00  0.6723834E-03
  0.5551689E+00  0.6458304E-03
  0.5292461E+00  0.6151748E-03
  0.5012913E+00  0.5821183E-03
  0.4713217E+00  0.5467577E-03
  0.4387352E+00  0.5081906E-03
  0.4033113E+00  0.4658858E-03
  0.3663331E+00  0.4214909E-03
  0.3305658E+00  0.3793223E-03
  0.2942538E+00  0.3369360E-03
  0.2551688E+00  0.2908995E-03
  0.2152047E+00  0.2436870E-03
  0.1766008E+00  0.1986007E-03
  0.1373311E+00  0.1524312E-03
  0.1060107E+01  0.1392436E-02
  0.1099568E+01  0.1446566E-02
 -0.1751568E+00 -0.2174298E-03
  0.6986113E+00  0.9261143E-03
  0.1006641E+01  0.1323960E-02
 -0.4355485E+00 -0.5644225E-03
 -0.1669064E+00 -0.2054328E-03
  0.1858170E+00  0.2231881E-03
 -0.8028655E-01 -0.1107194E-03
  0.9895106E+00  0.1297394E-02
 -0.3686254E+00 -0.4445421E-03
  0.1079334E+01  0.1420060E-02
 -0.4407335E-01 -0.6458149E-04
 -0.2446573E+00 -0.3067640E-03
  0.7349870E+00  0.9631069E-03
  0.5570554E+00  0.7281204E-03
  0.3507195E+00  0.4546878E-03
  0.1262462E+00  0.1570785E-03
 -0.1169377E+00 -0.1653785E-03
 -0.3533630E+00 -0.4786056E-03
 -0.5627441E+00 -0.7558084E-03
 -0.7444404E+00 -0.9964319E-03
 -0.8938029E+00 -0.1194244E-02
 -0.1004250E+01 -0.1340358E-02
 -0.1068700E+01 -0.1425038E-02
 -0.1085187E+01 -0.1445339E-02
 -0.1059203E+01 -0.1408517E-02
 -0.1019172E+01 -0.1358831E-02
 -0.8944261E+00 -0.1193788E-02
 -0.7526910E+00 -0.1005756E-02
  0.9117061E+00  0.1200937E-02
  0.1604192E+00  0.1862103E-03
 -0.4064380E+00 -0.4896645E-03
  0.2073387E+00  0.2556196E-03
 -0.1705105E+00 -0.2205809E-03
  0.8833818E+00  0.1157695E-02
  0.2528720E+00  0.3177367E-03
 -0.3953453E+00 -0.5019300E-03
 -0.3061757E+00 -0.3820911E-03
  0.4931519E+00  0.6282075E-03
  0.3585396E+00  0.4510673E-03
 -0.2046330E+00 -0.2501869E-03
 -0.3572589E+00 -0.4441123E-03
  0.9414324E+00  0.1211421E-02
 -0.4848475E+00 -0.6006497E-03
 -0.5191618E+00 -0.6420355E-03
 -0.6086593E+00 -0.7506454E-03
 -0.6329612E+00 -0.7801446E-03
 -0.6556289E+00 -0.8079353E-03
 -0.6726489E+00 -0.8282702E-03
 -0.6881437E+00 -0.8471411E-03
 -0.7049301E+00 -0.8687903E-03
 -0.7187234E+00 -0.8866507E-03
 -0.7253377E+00 -0.8945241E-03
 -0.7278616E+00 -0.8969584E-03
 -0.7278265E+00 -0.8966445E-03
 -0.7226922E+00 -0.8896532E-03
 -0.7164184E+00 -0.8817838E-03
 -0.7084594E+00 -0.8723066E-03
 -0.6952320E+00 -0.8559357E-03
 -0.6804515E+00 -0.8380032E-03
 -0.6635031E+00 -0.8176472E-03
 -0.6414105E+00 -0.7905206E-03
 -0.6181324E+00 -0.7623001E-03
 -0.5925354E+00 -0.7314003E-03
 -0.5623249E+00 -0.6943953E-03
 -0.5313919E+00 -0.6568883E-03
 -0.4981323E+00 -0.6166031E-03
 -0.4609447E+00 -0.5710960E-03
 -0.4235703E+00 -0.5257934E-03
 -0.3839315E+00 -0.4776729E-03
 -0.3413019E+00 -0.4255580E-03
 -0.2989590E+00 -0.3742251E-03
 -0.2540709E+00 -0.3195914E-03
 -0.2072807E+00 -0.2624181E-03
 -0.1623248E+00 -0.2073932E-03
 -0.1188639E+00 -0.1551629E-03
 -0.6915998E-01 -0.9462710E-04
 -0.1653503E-01 -0.3030475E-04
  0.3308865E-01  0.2992335E-04
  0.8340660E-01  0.9138132E-04
  0.1324656E+00  0.1512239E-03
  0.1793856E+00  0.2080549E-03
  0.2266734E+00  0.2655424E-03
  0.2637692E+00  0.3096288E-03
  0.3011280E+00  0.3543075E-03
  0.3453049E+00  0.4087306E-03
  0.3866667E+00  0.4592645E-03
  0.4254293E+00  0.5061897E-03
  0.4676226E+00  0.5586343E-03
  0.5046131E+00  0.6039612E-03
  0.5378785E+00  0.6443814E-03
  0.5701724E+00  0.6840285E-03
  0.5979161E+00  0.7176856E-03
  0.6235726E+00  0.7490563E-03
  0.6494994E+00  0.7814521E-03
  0.6699942E+00  0.8065655E-03
  0.6864977E+00  0.8261724E-03
  0.7029663E+00  0.8467095E-03
  0.7163690E+00  0.8637016E-03
  0.7236736E+00  0.8723558E-03
  0.7245461E+00  0.8722631E-03
  0.7241031E+00  0.8708439E-03
  0.7223572E+00  0.8684060E-03
  0.7134246E+00  0.8562549E-03
  0.7032851E+00  0.8425966E-03
  0.6916429E+00  0.8284186E-03
  0.6769146E+00  0.8097406E-03
  0.6648180E+00  0.7969960E-03
  0.6522133E+00  0.7834213E-03
  0.6321681E+00  0.7601254E-03
  0.6058178E+00  0.7283929E-03
  0.5753964E+00  0.6909139E-03
  0.5447709E+00  0.6535339E-03
  0.5120432E+00  0.6138234E-03
  0.4750340E+00  0.5686863E-03
  0.4333155E+00  0.5168773E-03
  0.3921320E+00  0.4652553E-03
  0.3570976E+00  0.4228448E-03
  0.3242052E+00  0.3845743E-03
  0.2785451E+00  0.3286245E-03
  0.2349757E+00  0.2749755E-03
 -0.4440246E+00 -0.5505641E-03
 -0.4001132E+00 -0.4960991E-03
 -0.2311749E+00 -0.2794602E-03
  0.1191528E+00  0.1446298E-03
  0.6550586E+00  0.8413028E-03
  0.8815039E+00  0.1134569E-02
  0.7593147E+00  0.9714037E-03
  0.2498844E+00  0.3046571E-03
 -0.4685285E+00 -0.6181074E-03
  0.9226074E+00  0.1184436E-02
 -0.5100096E+00 -0.6583998E-03
 -0.5405144E+00 -0.7097197E-03
  0.6429476E+00  0.8247687E-03
  0.4937574E+00  0.6324203E-03
 -0.1058005E+00 -0.1483119E-03
 -0.3230643E+00 -0.4306411E-03
 -0.5041967E+00 -0.6655296E-03
 -0.6597369E+00 -0.8674507E-03
 -0.7875815E+00 -0.1033342E-02
 -0.8827207E+00 -0.1156654E-02
 -0.9383692E+00 -0.1228093E-02
 -0.9494609E+00 -0.1240414E-02
 -0.2960850E+00 -0.4065106E-03
 -0.8759763E+00 -0.1141730E-02
 -0.7842006E+00 -0.1027939E-02
 -0.6655652E+00 -0.8735557E-03
  0.7855994E+00  0.1010083E-02
 -0.5506618E+00 -0.6800025E-03
  0.3150371E+00  0.3999277E-03
 -0.5818012E+00 -0.7180940E-03
 -0.4309468E+00 -0.5858892E-03
 -0.4735211E+00 -0.5993763E-03
  0.1979957E+00  0.2311251E-03
  0.2704119E+00  0.3367856E-03
 -0.5269353E+00 -0.6669480E-03
 -0.9199630E-01 -0.1270938E-03
 -0.7989112E-01 -0.1070205E-03
  0.8282927E+00  0.1036502E-02
  0.4220245E+00  0.5253307E-03
 -0.7059164E+00 -0.8874584E-03
 -0.5592096E+00 -0.7057407E-03
 -0.6540493E+00 -0.8229713E-03
 -0.6781227E+00 -0.8525025E-03
 -0.7325985E+00 -0.9191538E-03
 -0.7581838E+00 -0.9543559E-03
 -0.7842594E+00 -0.9909301E-03
 -0.7881810E+00 -0.9949887E-03
 -0.7845864E+00 -0.9873012E-03
 -0.7862930E+00 -0.9893011E-03
 -0.7734954E+00 -0.9713410E-03
 -0.7669652E+00 -0.9629028E-03
 -0.7627868E+00 -0.9585572E-03
 -0.7436514E+00 -0.9339494E-03
 -0.7289811E+00 -0.9159033E-03
 -0.7147543E+00 -0.8990601E-03
 -0.6860111E+00 -0.8625408E-03
 -0.6628712E+00 -0.8340870E-03
 -0.6385846E+00 -0.8046177E-03
 -0.6012202E+00 -0.7573627E-03
 -0.5704635E+00 -0.7195368E-03
 -0.5370259E+00 -0.6785375E-03
 -0.4924785E+00 -0.6223626E-03
 -0.4552303E+00 -0.5765422E-03
 -0.4139027E+00 -0.5255294E-03
 -0.3639047E+00 -0.4626071E-03
 -0.3214645E+00 -0.4103959E-03
 -0.2705885E+00 -0.3470039E-03
 -0.2128865E+00 -0.2744257E-03
 -0.1440693E+00 -0.1899901E-03
 -0.1342207E-01 -0.2660657E-04
  0.3786571E-01  0.3656383E-04
  0.9725980E-01  0.1110916E-03
  0.1514135E+00  0.1786385E-03
  0.1991213E+00  0.2370573E-03
  0.2684919E+00  0.3240428E-03
  0.3637353E+00  0.4392111E-03
  0.4464624E+00  0.5432040E-03
  0.5066537E+00  0.6204169E-03
  0.5449509E+00  0.6679667E-03
  0.5775477E+00  0.7077662E-03
  0.6161258E+00  0.7565256E-03
  0.6423333E+00  0.7885988E-03
  0.6677622E+00  0.8206421E-03
  0.7059287E+00  0.8706397E-03
  0.7276989E+00  0.8984887E-03
  0.7381829E+00  0.9085916E-03
  0.7596464E+00  0.9362309E-03
  0.7772835E+00  0.9599467E-03
  0.7842080E+00  0.9677941E-03
  0.7750196E+00  0.9534816E-03
  0.7728992E+00  0.9494132E-03
  0.7748908E+00  0.9515478E-03
 -0.1563429E+00 -0.2015592E-03
  0.7166773E+00  0.8779182E-03
  0.7097691E+00  0.8731673E-03
  0.6848303E+00  0.8434916E-03
  0.6514836E+00  0.8026885E-03
  0.6142285E+00  0.7548904E-03
  0.5829496E+00  0.7157165E-03
  0.5487577E+00  0.6733769E-03
  0.5060099E+00  0.6208198E-03
  0.4501478E+00  0.5486477E-03
  0.9212762E+00  0.1182200E-02
 -0.5904672E+00 -0.7437124E-03
  0.1074622E+00  0.1254381E-03
  0.5796270E+00  0.7209121E-03
  0.7625320E+00  0.9506970E-03
  0.6577896E+00  0.8208147E-03
 -0.5924552E+00 -0.7634596E-03
  0.2852733E+00  0.3502061E-03
 -0.2865773E+00 -0.3725249E-03
  0.3470022E+00  0.4438526E-03
 -0.6288763E+00 -0.7922589E-03
 -0.4421940E+00 -0.5686182E-03
 -0.5740790E+00 -0.7346377E-03
 -0.6829782E+00 -0.8716625E-03
 -0.7644355E+00 -0.9739931E-03
 -0.8157071E+00 -0.1038635E-02
 -0.8456665E+00 -0.1080649E-02
  0.1330502E+00  0.1652654E-03
 -0.7523155E+00 -0.9550260E-03
 -0.6780692E+00 -0.8656649E-03
  0.6912234E-01  0.8240347E-04
  0.8292544E+00  0.1040035E-02
 -0.7180434E+00 -0.9013488E-03
  0.9484313E+00  0.1217253E-02
  0.8468483E+00  0.1063346E-02
  0.7551905E+00  0.9235611E-03
  0.8397771E+00  0.1052814E-02
  0.5606893E+00  0.7002425E-03
  0.6869722E+00  0.8569025E-03
 -0.1917996E+00 -0.2527304E-03
  0.4916397E+00  0.6358498E-03
  0.5097749E+00  0.6714228E-03
  0.3766917E+00  0.4607656E-03
  0.2344337E+00  0.2780211E-03
  0.2406915E+00  0.3006828E-03
  0.6637351E+00  0.9017231E-03
  0.1085254E+01  0.1488869E-02
 -0.8623387E+00 -0.1113810E-02
 -0.9249806E+00 -0.1203240E-02
 -0.4261763E+00 -0.5388334E-03
  0.7726879E+00  0.9786687E-03
  0.2982691E+00  0.3618022E-03
  0.8592191E+00  0.1096336E-02
  0.8185304E+00  0.1021311E-02
  0.4120808E+00  0.5012125E-03
  0.7578180E+00  0.9290040E-03
  0.1373089E-01  0.7050171E-05
  0.7668687E+00  0.9522247E-03
  0.3242410E+00  0.3973469E-03
  0.6943569E+00  0.8667001E-03
 -0.7566156E+00 -0.9600582E-03
  0.1950113E+00  0.2368804E-03
 -0.7091932E+00 -0.9051609E-03
 -0.3647315E+00 -0.4714904E-03
  0.5986685E+00  0.7459604E-03
 -0.6133432E+00 -0.7844182E-03
  0.6351254E+00  0.7937935E-03
 -0.5048746E+00 -0.6483539E-03
 -0.6239955E+00 -0.7985299E-03
 -0.7181336E+00 -0.9170835E-03
 -0.7836250E+00 -0.9993524E-03
 -0.8190908E+00 -0.1043793E-02
 -0.8382807E+00 -0.1070255E-02
  0.7800837E+00  0.9728022E-03
  0.3957195E+00  0.4775029E-03
  0.3035887E+00  0.3640538E-03
  0.8097464E+00  0.1016648E-02
 -0.7936269E+00 -0.1012157E-02
  0.7344292E+00  0.9240806E-03
  0.4735397E+00  0.5894226E-03
  0.3160498E+00  0.4485173E-03
  0.2654111E+00  0.3783209E-03
  0.2494409E+00  0.3545754E-03
  0.2415709E+00  0.3415935E-03
  0.2367628E+00  0.3326433E-03
  0.2332810E+00  0.3254233E-03
  0.2305153E+00  0.3191376E-03
  0.2281247E+00  0.3133429E-03
  0.2259624E+00  0.3078540E-03
  0.2239423E+00  0.3025686E-03
  0.2219882E+00  0.2973940E-03
  0.2200586E+00  0.2922771E-03
  0.2181230E+00  0.2871849E-03
  0.2161829E+00  0.2821209E-03
  0.2142517E+00  0.2771037E-03
  0.2123946E+00  0.2722138E-03
  0.2107962E+00  0.2676800E-03
  0.2098360E+00  0.2639588E-03
  0.2103637E+00  0.2620839E-03
  0.2144058E+00  0.2645144E-03
  0.6337990E+00  0.7801470E-03
  0.1025480E+01  0.1261668E-02
  0.1372358E+01  0.1688066E-02
  0.1659247E+01  0.2040675E-02
  0.1873637E+01  0.2304117E-02
  0.2006106E+01  0.2466818E-02
  0.2050869E+01  0.2521660E-02
  0.2006017E+01  0.2466320E-02
  0.1873519E+01  0.2303226E-02
  0.1659139E+01  0.2039471E-02
  0.1372256E+01  0.1686593E-02
  0.1025379E+01  0.1259975E-02
  0.6336974E+00  0.7783045E-03
  0.2143195E+00  0.2626179E-03
 -0.2144287E+00 -0.2645529E-03
 -0.6338042E+00 -0.7801593E-03
 -0.1025481E+01 -0.1261668E-02
 -0.1372339E+01 -0.1688039E-02
 -0.1659219E+01 -0.2040636E-02
 -0.1873586E+01 -0.2304049E-02
 -0.2006065E+01 -0.2466767E-02
 -0.2050871E+01 -0.2521667E-02
 -0.2006043E+01 -0.2466364E-02
 -0.1873550E+01 -0.2303274E-02
 -0.1659166E+01 -0.2039515E-02
 -0.1372272E+01 -0.1686630E-02
 -0.1025408E+01 -0.1260026E-02
 -0.6337285E+00 -0.7783577E-03
 -0.2143511E+00 -0.2626697E-03
 -0.2102981E+00 -0.2601988E-03
 -0.2097649E+00 -0.2620055E-03
 -0.2107169E+00 -0.2656384E-03
 -0.2123013E+00 -0.2700665E-03
 -0.2141413E+00 -0.2748324E-03
 -0.2160579E+00 -0.2797204E-03
 -0.2179823E+00 -0.2846440E-03
 -0.2198939E+00 -0.2895706E-03
 -0.2218137E+00 -0.2945251E-03
 -0.2237660E+00 -0.2995362E-03
 -0.2257854E+00 -0.3046420E-03
 -0.2279325E+00 -0.3099171E-03
 -0.2302959E+00 -0.3154812E-03
 -0.2330338E+00 -0.3215473E-03
 -0.2364404E+00 -0.3285288E-03
 -0.2411609E+00 -0.3373492E-03
 -0.2488935E+00 -0.3504263E-03
 -0.2646394E+00 -0.3748901E-03
 -0.3152882E+00 -0.4489643E-03
 -0.9320730E+00 -0.1325849E-02
 -0.1508751E+01 -0.2145747E-02
 -0.2020007E+01 -0.2872692E-02
 -0.2442868E+01 -0.3474039E-02
 -0.2758531E+01 -0.3923045E-02
 -0.2953373E+01 -0.4200325E-02
 -0.3019243E+01 -0.4294284E-02
 -0.2953350E+01 -0.4200933E-02
 -0.2758451E+01 -0.3924187E-02
 -0.2442900E+01 -0.3475904E-02
 -0.2020527E+01 -0.2875732E-02
 -0.1509782E+01 -0.2149892E-02
 -0.9330992E+00 -0.1330266E-02
 -0.3156908E+00 -0.4526769E-03
  0.3155225E+00  0.4446066E-03
  0.9330112E+00  0.1322441E-02
  0.1509746E+01  0.2142406E-02
  0.2020471E+01  0.2868599E-02
  0.2442809E+01  0.3469211E-02
  0.2758480E+01  0.3918241E-02
  0.2953879E+01  0.4196325E-02
  0.3020327E+01  0.4291117E-02
  0.2954613E+01  0.4198036E-02
  0.2759438E+01  0.3920881E-02
  0.2443154E+01  0.3471551E-02
  0.2019192E+01  0.2869108E-02
  0.1505942E+01  0.2139646E-02
  0.9306154E+00  0.1322044E-02
  0.7137786E+00  0.1005682E-02
  0.6996070E+00  0.9792957E-03
  0.6894439E+00  0.9582647E-03
  0.6813068E+00  0.9399122E-03
  0.6742718E+00  0.9230133E-03
  0.6679019E+00  0.9070070E-03
  0.6619307E+00  0.8915589E-03
  0.6561558E+00  0.8764215E-03
  0.6504526E+00  0.8614414E-03
  0.6448145E+00  0.8466248E-03
  0.6392244E+00  0.8319629E-03
  0.6335689E+00  0.8173096E-03
  0.6280330E+00  0.8028916E-03
  0.6232297E+00  0.7894703E-03
  0.6203308E+00  0.7784691E-03
  0.6218491E+00  0.7729337E-03
  0.1006145E+01  0.1249990E-02
  0.1346497E+01  0.1672456E-02
  0.1628137E+01  0.2022004E-02
  0.1838556E+01  0.2283100E-02
  0.1968467E+01  0.2444207E-02
  0.2012002E+01  0.2498034E-02
  0.1967852E+01  0.2443017E-02
  0.1837880E+01  0.2281474E-02
  0.1627633E+01  0.2020291E-02
  0.1346225E+01  0.1670771E-02
  0.1005939E+01  0.1248181E-02
  0.6216608E+00  0.7709973E-03
  0.2102143E+00  0.2601231E-03
 -0.2104251E+00 -0.2621270E-03
 -0.6218657E+00 -0.7729167E-03
 -0.1006133E+01 -0.1249932E-02
 -0.1346420E+01 -0.1672313E-02
 -0.1627872E+01 -0.2021613E-02
 -0.1838175E+01 -0.2282554E-02
 -0.1968141E+01 -0.2443738E-02
 -0.2012088E+01 -0.2498121E-02
 -0.1968095E+01 -0.2443316E-02
 -0.1838095E+01 -0.2281739E-02
 -0.1627770E+01 -0.2020446E-02
 -0.1346300E+01 -0.1670848E-02
 -0.1005997E+01 -0.1248229E-02
 -0.6217291E+00 -0.7710554E-03
 -0.6201504E+00 -0.7764568E-03
 -0.6229632E+00 -0.7872710E-03
 -0.6276566E+00 -0.8004570E-03
 -0.6331014E+00 -0.8146546E-03
 -0.6387886E+00 -0.8292405E-03
 -0.6444991E+00 -0.8439368E-03
 -0.6501811E+00 -0.8586776E-03
 -0.6558704E+00 -0.8734937E-03
 -0.6616432E+00 -0.8884664E-03
 -0.6676227E+00 -0.9037470E-03
 -0.6739842E+00 -0.9195508E-03
 -0.6809956E+00 -0.9362219E-03
 -0.6891221E+00 -0.9543782E-03
 -0.6992342E+00 -0.9752075E-03
 -0.7133129E+00 -0.1001458E-02
 -0.7362690E+00 -0.1039979E-02
 -0.7828748E+00 -0.1111376E-02
 -0.1266971E+01 -0.1799389E-02
 -0.1695774E+01 -0.2408881E-02
 -0.2050511E+01 -0.2913164E-02
 -0.2315491E+01 -0.3289941E-02
 -0.2479162E+01 -0.3522777E-02
 -0.2534461E+01 -0.3601625E-02
 -0.2479102E+01 -0.3523223E-02
 -0.2315429E+01 -0.3290908E-02
 -0.2050610E+01 -0.2914825E-02
 -0.1696105E+01 -0.2411279E-02
 -0.1267442E+01 -0.1802311E-02
 -0.7833679E+00 -0.1114557E-02
 -0.2650423E+00 -0.3780761E-03
  0.2648454E+00  0.3748941E-03
  0.7831924E+00  0.1111520E-02
  0.1267320E+01  0.1799571E-02
  0.1696039E+01  0.2408946E-02
  0.2050656E+01  0.2913062E-02
  0.2315675E+01  0.3289904E-02
  0.2479538E+01  0.3523027E-02
  0.2535145E+01  0.3602322E-02
  0.2479984E+01  0.3524214E-02
  0.2316387E+01  0.3291998E-02
  0.2051393E+01  0.2915672E-02
  0.1696634E+01  0.2411755E-02
  0.1267635E+01  0.1802299E-02
  0.7836459E+00  0.1114663E-02
  0.7368442E+00  0.1044056E-02
  0.1131920E+01  0.1583247E-02
  0.1090930E+01  0.1492342E-02
  0.1080636E+01  0.1466523E-02
  0.1070943E+01  0.1441546E-02
  0.1061593E+01  0.1417094E-02
  0.1052445E+01  0.1393006E-02
  0.1043694E+01  0.1369567E-02
  0.1034926E+01  0.1346257E-02
  0.1025955E+01  0.1322802E-02
  0.1016890E+01  0.1299363E-02
  0.1008766E+01  0.1277212E-02
  0.1003786E+01  0.1259056E-02
  0.1343598E+01  0.1684921E-02
  0.1834895E+01  0.2300474E-02
  0.1625112E+01  0.2037690E-02
  0.1964166E+01  0.2462300E-02
  0.2006739E+01  0.2515386E-02
  0.1962262E+01  0.2459396E-02
  0.1832591E+01  0.2296688E-02
  0.1623157E+01  0.2034048E-02
  0.1342627E+01  0.1682300E-02
  0.1003300E+01  0.1256864E-02
  0.6200379E+00  0.7763822E-03
  0.2096409E+00  0.2619226E-03
 -0.2099349E+00 -0.2640026E-03
 -0.6203319E+00 -0.7783839E-03
 -0.1003624E+01 -0.1258753E-02
 -0.1343046E+01 -0.1684099E-02
 -0.1623776E+01 -0.2035844E-02
 -0.1833542E+01 -0.2298617E-02
 -0.1963174E+01 -0.2460925E-02
 -0.2007001E+01 -0.2515682E-02
 -0.1963120E+01 -0.2460495E-02
 -0.1833439E+01 -0.2297769E-02
 -0.1623641E+01 -0.2034635E-02
 -0.1342893E+01 -0.1682584E-02
 -0.1003446E+01 -0.1256985E-02
 -0.1007995E+01 -0.1274505E-02
 -0.1024410E+01 -0.1318888E-02
 -0.1015591E+01 -0.1295876E-02
 -0.1033613E+01 -0.1342525E-02
 -0.1042866E+01 -0.1366362E-02
 -0.1052071E+01 -0.1390271E-02
 -0.1061284E+01 -0.1414299E-02
 -0.1070625E+01 -0.1438577E-02
 -0.1080300E+01 -0.1463357E-02
 -0.1090596E+01 -0.1488995E-02
 -0.1101955E+01 -0.1516046E-02
 -0.1115128E+01 -0.1545515E-02
 -0.1131472E+01 -0.1579240E-02
 -0.1154264E+01 -0.1621745E-02
 -0.1191483E+01 -0.1684080E-02
 -0.1594638E+01 -0.2254578E-02
 -0.2177279E+01 -0.3079262E-02
 -0.1928106E+01 -0.2726532E-02
 -0.2331255E+01 -0.3297337E-02
 -0.2383323E+01 -0.3371245E-02
 -0.2331282E+01 -0.3297873E-02
 -0.2177357E+01 -0.3080352E-02
 -0.1928304E+01 -0.2728234E-02
 -0.1594923E+01 -0.2256788E-02
 -0.1191845E+01 -0.1686703E-02
 -0.7366675E+00 -0.1042864E-02
 -0.2492811E+00 -0.3534084E-03
  0.2489942E+00  0.3515048E-03
  0.7364038E+00  0.1041099E-02
  0.1191628E+01  0.1685216E-02
  0.1594792E+01  0.2255726E-02
  0.1928279E+01  0.2727711E-02
  0.2177489E+01  0.3080501E-02
  0.2331583E+01  0.3298754E-02
  0.2383806E+01  0.3372893E-02
  0.2331861E+01  0.3299668E-02
  0.2177967E+01  0.3082189E-02
  0.1928817E+01  0.2729930E-02
  0.1595324E+01  0.2258312E-02
  0.1192106E+01  0.1688013E-02
  0.1115475E+01  0.1549256E-02
  0.1102303E+01  0.1519605E-02
  0.1154766E+01  0.1625820E-02
  0.1432971E+01  0.1928309E-02
  0.1446002E+01  0.1961780E-02
  0.1408441E+01  0.1863756E-02
  0.1396912E+01  0.1832694E-02
  0.1385589E+01  0.1802041E-02
  0.1374081E+01  0.1771292E-02
  0.1362148E+01  0.1740166E-02
  0.1350862E+01  0.1709991E-02
  0.2015916E+01  0.2550618E-02
  0.1970153E+01  0.2492356E-02
  0.1844371E+01  0.2334126E-02
  0.1973753E+01  0.2497580E-02
  0.1634005E+01  0.2068122E-02
  0.1840137E+01  0.2327710E-02
  0.1629951E+01  0.2061678E-02
  0.1348439E+01  0.1705421E-02
  0.1007715E+01  0.1274249E-02
  0.6227822E+00  0.7871535E-03
  0.2105488E+00  0.2655476E-03
 -0.2109203E+00 -0.2677049E-03
 -0.6231719E+00 -0.7892569E-03
 -0.1008196E+01 -0.1276321E-02
 -0.1349155E+01 -0.1707602E-02
 -0.1631144E+01 -0.2064236E-02
 -0.1841848E+01 -0.2330660E-02
 -0.1972066E+01 -0.2495231E-02
 -0.2016080E+01 -0.2550736E-02
 -0.1972016E+01 -0.2494799E-02
 -0.1841761E+01 -0.2329823E-02
 -0.1631006E+01 -0.2063006E-02
 -0.1348988E+01 -0.1706049E-02
 -0.1395655E+01 -0.1829056E-02
 -0.1407985E+01 -0.1861090E-02
 -0.1370943E+01 -0.1765469E-02
 -0.1383265E+01 -0.1797124E-02
 -0.1359145E+01 -0.1734657E-02
 -0.1420317E+01 -0.1893281E-02
 -0.1432824E+01 -0.1925808E-02
 -0.1445771E+01 -0.1959002E-02
 -0.1459545E+01 -0.1993338E-02
 -0.1474741E+01 -0.2029573E-02
 -0.1492380E+01 -0.2069057E-02
 -0.1514188E+01 -0.2114122E-02
 -0.1544790E+01 -0.2171143E-02
 -0.2308767E+01 -0.3246520E-02
 -0.2258343E+01 -0.3175841E-02
 -0.2109171E+01 -0.2965313E-02
 -0.2258320E+01 -0.3175324E-02
 -0.1867809E+01 -0.2625640E-02
 -0.2109254E+01 -0.2966392E-02
 -0.1867981E+01 -0.2627260E-02
 -0.1545051E+01 -0.2173255E-02
 -0.1154583E+01 -0.1624223E-02
 -0.7136526E+00 -0.1004174E-02
 -0.2415205E+00 -0.3401916E-03
  0.2411716E+00  0.3386921E-03
  0.7133247E+00  0.1002807E-02
  0.1154309E+01  0.1623134E-02
  0.1544851E+01  0.2172561E-02
  0.1867886E+01  0.2627088E-02
  0.2109326E+01  0.2966880E-02
  0.2258598E+01  0.3177069E-02
  0.2309167E+01  0.3248445E-02
  0.2258802E+01  0.3177854E-02
  0.2109704E+01  0.2968384E-02
  0.1868375E+01  0.2629171E-02
  0.1545342E+01  0.2175012E-02
  0.1492725E+01  0.2072529E-02
  0.1475084E+01  0.2032871E-02
  0.1420470E+01  0.1895656E-02
  0.1514780E+01  0.2118050E-02
  0.1459834E+01  0.1996373E-02
  0.1701875E+01  0.2251825E-02
  0.1687683E+01  0.2213965E-02
  0.1647151E+01  0.2103989E-02
  0.1853836E+01  0.2366506E-02
  0.1642032E+01  0.2095977E-02
  0.1985042E+01  0.2534291E-02
  0.2031168E+01  0.2593521E-02
  0.1858243E+01  0.2373338E-02
  0.1988457E+01  0.2539343E-02
 -0.1748023E+01 -0.2368967E-02
  0.1015260E+01  0.1295590E-02
  0.6274217E+00  0.8003190E-03
  0.2121026E+00  0.2699894E-03
 -0.2125295E+00 -0.2721967E-03
 -0.6278763E+00 -0.8024849E-03
 -0.1015789E+01 -0.1297711E-02
 -0.1359299E+01 -0.1736200E-02
 -0.1643415E+01 -0.2098826E-02
 -0.1855683E+01 -0.2369691E-02
 -0.1986878E+01 -0.2537024E-02
 -0.2031242E+01 -0.2593480E-02
 -0.1986842E+01 -0.2536607E-02
 -0.1855618E+01 -0.2368880E-02
 -0.1643282E+01 -0.2097596E-02
 -0.1717241E+01 -0.2289456E-02
 -0.1732365E+01 -0.2328807E-02
 -0.1702321E+01 -0.2250507E-02
 -0.1687416E+01 -0.2211764E-02
 -0.1657555E+01 -0.2134874E-02
 -0.1672448E+01 -0.2173154E-02
 -0.1514409E+01 -0.2116133E-02
 -0.1764674E+01 -0.2410497E-02
 -0.1783045E+01 -0.2454331E-02
 -0.1804371E+01 -0.2502086E-02
 -0.1830811E+01 -0.2556702E-02
 -0.2067474E+01 -0.2888506E-02
 -0.1830924E+01 -0.2558209E-02
 -0.2213562E+01 -0.3092405E-02
 -0.2263019E+01 -0.3161268E-02
 -0.2067350E+01 -0.2887412E-02
 -0.2213566E+01 -0.3091929E-02
 -0.1131704E+01 -0.1581547E-02
 -0.6995238E+00 -0.9777892E-03
 -0.2367618E+00 -0.3312509E-03
  0.2363696E+00  0.3298231E-03
  0.6991600E+00  0.9764965E-03
  0.1131364E+01  0.1580489E-02
  0.1514183E+01  0.2115521E-02
  0.1830819E+01  0.2558121E-02
  0.2067426E+01  0.2888933E-02
  0.2213675E+01  0.3093512E-02
  0.2263266E+01  0.3163045E-02
  0.2213923E+01  0.3094338E-02
  0.2067793E+01  0.2890383E-02
  0.1831268E+01  0.2560100E-02
  0.1764872E+01  0.2413091E-02
  0.1716659E+01  0.2290622E-02
  0.1783337E+01  0.2457227E-02
  0.1358507E+01  0.1733923E-02
  0.1804751E+01  0.2505272E-02
  0.1748018E+01  0.2371131E-02
  0.1660733E+01  0.2140532E-02
  0.1674064E+01  0.2176986E-02
  0.1732055E+01  0.2330422E-02
  0.1920678E+01  0.2541087E-02
  0.1904185E+01  0.2497712E-02
  0.2004569E+01  0.2583042E-02
  0.1871077E+01  0.2410070E-02
  0.1657151E+01  0.2134374E-02
  0.1873272E+01  0.2414220E-02
  0.2003453E+01  0.2580890E-02
  0.2048742E+01  0.2639601E-02
 -0.2013406E+01 -0.2771775E-02
  0.1024244E+01  0.1318865E-02
 -0.1922227E+01 -0.2541506E-02
  0.2139347E+00  0.2748070E-03
  0.6328995E+00  0.8146162E-03
 -0.6333290E+00 -0.8167247E-03
 -0.1024594E+01 -0.1320730E-02
 -0.1371076E+01 -0.1767005E-02
 -0.1657635E+01 -0.2136048E-02
 -0.1871741E+01 -0.2411723E-02
 -0.2004064E+01 -0.2582023E-02
 -0.2048826E+01 -0.2639499E-02
 -0.2004057E+01 -0.2581636E-02
 -0.1871711E+01 -0.2410948E-02
 -0.1888514E+01 -0.2454165E-02
 -0.1492539E+01 -0.2070946E-02
 -0.1956138E+01 -0.2629930E-02
 -0.1939062E+01 -0.2585487E-02
 -0.1905403E+01 -0.2497757E-02
 -0.6894274E+00 -0.9569292E-03
 -0.2037492E+01 -0.2825727E-02
 -0.2181583E+01 -0.3026334E-02
 -0.1992631E+01 -0.2722231E-02
 -0.2181563E+01 -0.3025840E-02
 -0.2333586E+00 -0.3242183E-03
 -0.1804471E+01 -0.2503552E-02
 -0.2037548E+01 -0.2826722E-02
 -0.2230309E+01 -0.3093702E-02
 -0.1115365E+01 -0.1547788E-02
  0.2329179E+00  0.3227015E-03
  0.6890214E+00  0.9555561E-03
  0.1115015E+01  0.1546686E-02
  0.1492266E+01  0.2070231E-02
  0.1804312E+01  0.2503350E-02
  0.2037507E+01  0.2827097E-02
  0.2181697E+01  0.3027374E-02
  0.2230530E+01  0.3095362E-02
  0.2181893E+01  0.3028106E-02
  0.2037866E+01  0.2828501E-02
  0.1973571E+01  0.2676773E-02
  0.1937880E+01  0.2585541E-02
  0.1370753E+01  0.1765350E-02
  0.2013632E+01  0.2774198E-02
  0.1888572E+01  0.2455631E-02
  0.1955448E+01  0.2630709E-02
  0.1992683E+01  0.2724251E-02
 -0.2143841E+00 -0.2770182E-03
 -0.1973828E+01 -0.2675307E-02
  0.2039011E+01  0.2674203E-02
  0.2067207E+01  0.2687144E-02
  0.1673277E+01  0.2174335E-02
 -0.2058081E+01 -0.2721365E-02
 -0.2163114E+00 -0.2819576E-03
  0.1033765E+01  0.1342983E-02
 -0.2155740E+01 -0.2968011E-02
 -0.1383358E+01 -0.1798635E-02
 -0.2040093E+01 -0.2674544E-02
 -0.2113321E+01 -0.2864650E-02
  0.6386986E+00  0.8294176E-03
 -0.1033778E+01 -0.1344371E-02
 -0.1888494E+01 -0.2454884E-02
 -0.2022003E+01 -0.2628242E-02
 -0.2067183E+01 -0.2686773E-02
 -0.2022033E+01 -0.2627893E-02
  0.2301337E+00  0.3164401E-03
 -0.2094377E+01 -0.2816044E-02
 -0.2013333E+01 -0.2772579E-02
 -0.1474799E+01 -0.2031295E-02
 -0.2076092E+01 -0.2768443E-02
  0.1101769E+01  0.1516990E-02
 -0.2306042E+00 -0.3180822E-03
 -0.1102123E+01 -0.1518185E-02
  0.6808228E+00  0.9371738E-03
 -0.2155681E+01 -0.2968394E-02
 -0.1783018E+01 -0.2455596E-02
 -0.2133486E+01 -0.2914937E-02
 -0.1672462E+01 -0.2174263E-02
 -0.6390058E+00 -0.8313331E-03
  0.1474555E+01  0.2030525E-02
  0.1782913E+01  0.2455364E-02
  0.2013369E+01  0.2772948E-02
  0.2155828E+01  0.2969360E-02
  0.2204051E+01  0.3035995E-02
  0.2155933E+01  0.2969960E-02
  0.2133510E+01  0.2916503E-02
  0.2075237E+01  0.2768501E-02
  0.2093853E+01  0.2816630E-02
  0.2057004E+01  0.2721079E-02
  0.2158787E+00  0.2798010E-03
 -0.6812567E+00 -0.9386702E-03
  0.2021378E+01  0.2627941E-02
  0.1889229E+01  0.2455156E-02
  0.2113100E+01  0.2865746E-02
 -0.2203855E+01 -0.3034509E-02
  0.1383813E+01  0.1798042E-02
 -0.2182398E+00 -0.2869231E-03
  0.1764592E+01  0.2411453E-02
  0.1459395E+01  0.1994191E-02
  0.1992710E+01  0.2723405E-02
 -0.1395682E+01 -0.1830512E-02
  0.2277519E+00  0.3107035E-03
 -0.2160450E+01 -0.2928766E-02
  0.6444992E+00  0.8443237E-03
 -0.1042994E+01 -0.1368199E-02
  0.2085782E+01  0.2735119E-02
 -0.1905319E+01 -0.2498407E-02
 -0.2040033E+01 -0.2674851E-02
 -0.1459530E+01 -0.1994924E-02
 -0.2141081E+01 -0.2879065E-02
  0.1090412E+01  0.1489792E-02
 -0.1090711E+01 -0.1491020E-02
 -0.1992489E+01 -0.2722911E-02
  0.6737952E+00  0.9203314E-03
 -0.2122392E+01 -0.2830398E-02
 -0.6742136E+00 -0.9219131E-03
 -0.2133384E+01 -0.2915243E-02
  0.2041296E+01  0.2676436E-02
 -0.2085627E+01 -0.2734441E-02
 -0.2282232E+00 -0.3124526E-03
 -0.1764554E+01 -0.2411607E-02
 -0.2181088E+01 -0.2980212E-02
  0.2133646E+01  0.2916229E-02
  0.2181209E+01  0.2981467E-02
  0.2178262E+00  0.2848378E-03
  0.2141119E+01  0.2879944E-02
  0.2104196E+01  0.2783141E-02
  0.2122476E+01  0.2831204E-02
  0.1688810E+01  0.2213835E-02
 -0.2103990E+01 -0.2782277E-02
  0.1396626E+01  0.1830639E-02
  0.1043231E+01  0.1367196E-02
 -0.1687363E+01 -0.2212805E-02
  0.2160534E+01  0.2929826E-02
  0.1906846E+01  0.2499903E-02
 -0.6447132E+00 -0.8460658E-03
  0.2113660E+01  0.2866039E-02
 -0.1080378E+01 -0.1465296E-02
  0.1923711E+01  0.2543884E-02
 -0.1407954E+01 -0.1862501E-02
 -0.2094240E+01 -0.2816282E-02
 -0.1702201E+01 -0.2251484E-02
  0.1052484E+01  0.1391288E-02
  0.1408949E+01  0.1862807E-02
 -0.1922083E+01 -0.2542096E-02
 -0.2057992E+01 -0.2721641E-02
 -0.1445706E+01 -0.1960484E-02
  0.1748234E+01  0.2370159E-02
 -0.6678241E+00 -0.9060273E-03
  0.1080227E+01  0.1464150E-02
  0.2197707E+00  0.2899075E-03
 -0.1973627E+01 -0.2675895E-02
  0.6674877E+00  0.9044497E-03
 -0.1747845E+01 -0.2369968E-02
 -0.2113187E+01 -0.2864905E-02
 -0.6503873E+00 -0.8608359E-03
  0.2059258E+01  0.2723397E-02
 -0.2260628E+00 -0.3071151E-03
  0.1703767E+01  0.2252836E-02
  0.1445831E+01  0.1959981E-02
 -0.1052167E+01 -0.1392101E-02
 -0.2201516E+00 -0.2918915E-03
 -0.2075975E+01 -0.2768693E-02
  0.2256206E+00  0.3053008E-03
  0.2077084E+01  0.2770402E-02
  0.6502090E+00  0.8592029E-03
  0.1974205E+01  0.2676737E-02
  0.2095035E+01  0.2817701E-02
 -0.1070692E+01 -0.1440456E-02
  0.1433219E+01  0.1927084E-02
  0.1956927E+01  0.2631746E-02
 -0.6560624E+00 -0.8756749E-03
 -0.1717071E+01 -0.2290397E-02
  0.1061597E+01  0.1415317E-02
  0.2022650E+01  0.2628872E-02
  0.1733024E+01  0.2330434E-02
 -0.6618343E+00 -0.8906893E-03
  0.1070761E+01  0.1439501E-02
 -0.1938877E+01 -0.2586041E-02
  0.1940234E+01  0.2587643E-02
  0.6558995E+00  0.8741404E-03
  0.6616022E+00  0.8891531E-03
 -0.1955929E+01 -0.2630483E-02
 -0.1420248E+01 -0.1894675E-02
 -0.2240163E+00 -0.3019307E-03
  0.2217116E+00  0.2950031E-03
 -0.1432739E+01 -0.1927226E-02
 -0.1732175E+01 -0.2329755E-02
  0.2236427E+00  0.3001110E-03
 -0.2220601E+00 -0.2968745E-03
 -0.1061357E+01 -0.1416143E-02
  0.1718385E+01  0.2291553E-02
  0.1421046E+01  0.1894840E-02
  0.4398409E-01  0.9181052E-04
 -0.3119531E+00 -0.5364158E-03
  0.4027209E+00  0.7173301E-03
  0.3034678E+00  0.5516852E-03
  0.4416111E+00  0.7964242E-03
  0.5256371E+00  0.9453161E-03
  0.6071631E+00  0.1089707E-02
  0.6861126E+00  0.1229540E-02
  0.7621045E+00  0.1364117E-02
  0.8347937E+00  0.1492824E-02
  0.9038260E+00  0.1615062E-02
  0.9689128E+00  0.1730305E-02
  0.1029766E+01  0.1838044E-02
  0.1086097E+01  0.1937774E-02
  0.1137676E+01  0.2029106E-02
  0.1184303E+01  0.2111644E-02
  0.1225741E+01  0.2185000E-02
  0.1261826E+01  0.2248883E-02
  0.1292383E+01  0.2302972E-02
  0.1317262E+01  0.2347007E-02
  0.1336415E+01  0.2380881E-02
  0.1349505E+01  0.2404047E-02
  0.1352679E+01  0.2409701E-02
  0.1318363E+01  0.2349626E-02
 -0.2173155E+00 -0.3711340E-03
  0.1280117E+01  0.2281591E-02
 -0.5544537E+00 -0.9711559E-03
  0.1191167E+01  0.2123771E-02
 -0.4701286E+00 -0.8190908E-03
  0.1055410E+01  0.1883071E-02
 -0.7747175E+00 -0.1366461E-02
  0.8782692E+00  0.1569035E-02
 -0.7041240E+00 -0.1233860E-02
  0.6666095E+00  0.1193873E-02
 -0.9645858E+00 -0.1707667E-02
  0.4287671E+00  0.7723143E-03
 -0.9103929E+00 -0.1599541E-02
  0.1741075E+00  0.3209696E-03
 -0.1116674E+01 -0.1981394E-02
 -0.8740658E-01 -0.1424680E-03
 -0.1080966E+01 -0.1902007E-02
 -0.3455040E+00 -0.5997980E-03
 -0.1224995E+01 -0.2176845E-02
 -0.5900185E+00 -0.1033052E-02
 -0.1209202E+01 -0.2129412E-02
 -0.8113313E+00 -0.1425185E-02
 -0.1285301E+01 -0.2286413E-02
 -0.1000783E+01 -0.1760822E-02
 -0.1290087E+01 -0.2272849E-02
 -0.1150947E+01 -0.2026833E-02
 -0.1295157E+01 -0.2305709E-02
 -0.1255963E+01 -0.2212802E-02
 -0.1320286E+01 -0.2326536E-02
 -0.1311719E+01 -0.2311459E-02
 -0.1254249E+01 -0.2234086E-02
 -0.1316063E+01 -0.2318979E-02
 -0.1298685E+01 -0.2288424E-02
 -0.1268723E+01 -0.2234957E-02
 -0.1164146E+01 -0.2074256E-02
 -0.1171608E+01 -0.2062713E-02
 -0.1226170E+01 -0.2160076E-02
 -0.1028593E+01 -0.1809123E-02
 -0.1028400E+01 -0.1832546E-02
 -0.8452741E+00 -0.1484096E-02
 -0.1105553E+01 -0.1946446E-02
 -0.6288162E+00 -0.1100341E-02
 -0.8522981E+00 -0.1518361E-02
 -0.3874610E+00 -0.6725918E-03
 -0.9415715E+00 -0.1655953E-02
 -0.1306452E+00 -0.2175741E-03
 -0.4341802E-01 -0.6307392E-04
  0.1291797E+01  0.2327972E-02
 -0.6427112E+00 -0.1143974E-02
  0.1258840E+01  0.2235444E-02
 -0.7406173E+00 -0.1299903E-02
  0.1150567E+01  0.2045472E-02
 -0.4078478E+00 -0.7240396E-03
  0.9971242E+00  0.1775703E-02
 -0.5105746E+00 -0.8923134E-03
  0.8045586E+00  0.1436784E-02
 -0.1569148E+00 -0.2750313E-03
  0.5803707E+00  0.1041883E-02
 -0.2604427E+00 -0.4490897E-03
  0.3334253E+00  0.6066092E-03
  0.1001723E+00  0.1853204E-03
  0.7338250E-01  0.1480343E-03
 -0.7883220E-04  0.1228403E-04
 -0.1895601E+00 -0.3158927E-03
  0.3533112E+00  0.6389129E-03
 -0.4450831E+00 -0.7669678E-03
  0.2602602E+00  0.4736552E-03
 -0.6831060E+00 -0.1187397E-02
  0.5925704E+00  0.1067988E-02
 -0.8942799E+00 -0.1560669E-02
  0.5103757E+00  0.9169582E-03
 -0.1070333E+01 -0.1872167E-02
  0.8085441E+00  0.1455653E-02
 -0.1204399E+01 -0.2109719E-02
  0.7404478E+00  0.1324746E-02
 -0.1291233E+01 -0.2264030E-02
  0.9927368E+00  0.1786619E-02
 -0.1327427E+01 -0.2329031E-02
  0.9414584E+00  0.1681062E-02
 -0.1311535E+01 -0.2302154E-02
  0.1137955E+01  0.2048030E-02
 -0.1244098E+01 -0.2184342E-02
  0.1105484E+01  0.1971853E-02
 -0.1127941E+01 -0.1980477E-02
  0.1238479E+01  0.2229586E-02
 -0.9675912E+00 -0.1698457E-02
  0.1226124E+01  0.2185800E-02
 -0.7693185E+00 -0.1349339E-02
  0.1290096E+01  0.2323712E-02
 -0.5408405E+00 -0.9468131E-03
  0.1298539E+01  0.2314332E-02
 -0.2908274E+00 -0.5061778E-03
  0.2176253E+00  0.3995447E-03
  0.1317557E+01  0.2337971E-02
  0.1310904E+00  0.2461694E-03
  0.0000000E+00  0.0000000E+00
  0.0000000E+00  0.0000000E+00
  0.0000000E+00  0.0000000E+00
  0.0000000E+00  0.0000000E+00
  0.0000000E+00  0.0000000E+00
  0.0000000E+00  0.0000000E+00
  0.0000000E+00  0.0000000E+00
  0.0000000E+00  0.0000000E+00
  0.0000000E+00  0.0000000E+00
  0.0000000E+00  0.0000000E+00
  0.0000000E+00  0.0000000E+00
  0.0000000E+00  0.0000000E+00
  0.0000000E+00  0.0000000E+00
  0.0000000E+00  0.0000000E+00
  0.0000000E+00  0.0000000E+00
  0.0000000E+00  0.0000000E+00
  0.0000000E+00  0.0000000E+00
  0.0000000E+00  0.0000000E+00
  0.0000000E+00  0.0000000E+00
  0.0000000E+00  0.0000000E+00
  0.0000000E+00  0.0000000E+00
  0.0000000E+00  0.0000000E+00
  0.0000000E+00  0.0000000E+00
  0.0000000E+00  0.0000000E+00
  0.0000000E+00  0.0000000E+00
  0.0000000E+00  0.0000000E+00
  0.0000000E+00  0.0000000E+00
  0.0000000E+00  0.0000000E+00
  0.0000000E+00  0.0000000E+00
  0.0000000E+00  0.0000000E+00
  0.0000000E+00  0.0000000E+00
  0.0000000E+00  0.0000000E+00
  0.0000000E+00  0.0000000E+00
  0.0000000E+00  0.0000000E+00
  0.0000000E+00  0.0000000E+00
  0.0000000E+00  0.0000000E+00
  0.0000000E+00  0.0000000E+00
  0.0000000E+00  0.0000000E+00
  0.0000000E+00  0.0000000E+00
  0.0000000E+00  0.0000000E+00
  0.0000000E+00  0.0000000E+00
  0.0000000E+00  0.0000000E+00
  0.0000000E+00  0.0000000E+00
  0.0000000E+00  0.0000000E+00
  0.0000000E+00  0.0000000E+00
  0.0000000E+00  0.0000000E+00
  0.0000000E+00  0.0000000E+00
  0.0000000E+00  0.0000000E+00
  0.0000000E+00  0.0000000E+00
  0.0000000E+00  0.0000000E+00
  0.0000000E+00  0.0000000E+00
  0.0000000E+00  0.0000000E+00
  0.0000000E+00  0.0000000E+00
  0.0000000E+00  0.0000000E+00
  0.0000000E+00  0.0000000E+00
  0.0000000E+00  0.0000000E+00
  0.0000000E+00  0.0000000E+00
  0.0000000E+00  0.0000000E+00
  0.0000000E+00  0.0000000E+00
  0.0000000E+00  0.0000000E+00
  0.0000000E+00  0.0000000E+00
  0.0000000E+00  0.0000000E+00
  0.0000000E+00  0.0000000E+00
  0.0000000E+00  0.0000000E+00
  0.0000000E+00  0.0000000E+00
  0.0000000E+00  0.0000000E+00
  0.0000000E+00  0.0000000E+00
  0.0000000E+00  0.0000000E+00
  0.0000000E+00  0.0000000E+00
  0.0000000E+00  0.0000000E+00
  0.0000000E+00  0.0000000E+00
  0.0000000E+00  0.0000000E+00
  0.0000000E+00  0.0000000E+00
  0.0000000E+00  0.0000000E+00
  0.0000000E+00  0.0000000E+00
  0.0000000E+00  0.0000000E+00
  0.0000000E+00  0.0000000E+00
  0.0000000E+00  0.0000000E+00
  0.0000000E+00  0.0000000E+00
  0.0000000E+00  0.0000000E+00
  0.0000000E+00  0.0000000E+00
  0.0000000E+00  0.0000000E+00
  0.0000000E+00  0.0000000E+00
  0.0000000E+00  0.0000000E+00
  0.0000000E+00  0.0000000E+00
  0.0000000E+00  0.0000000E+00
  0.0000000E+00  0.0000000E+00
  0.0000000E+00  0.0000000E+00
  0.0000000E+00  0.0000000E+00
  0.0000000E+00  0.0000000E+00
  0.0000000E+00  0.0000000E+00
  0.0000000E+00  0.0000000E+00
  0.0000000E+00  0.0000000E+00
  0.0000000E+00  0.0000000E+00
  0.0000000E+00  0.0000000E+00
  0.0000000E+00  0.0000000E+00
  0.0000000E+00  0.0000000E+00
  0.0000000E+00  0.0000000E+00
  0.0000000E+00  0.0000000E+00
  0.0000000E+00  0.0000000E+00
  0.0000000E+00  0.0000000E+00
  0.0000000E+00  0.0000000E+00
  0.0000000E+00  0.0000000E+00
  0.0000000E+00  0.0000000E+00
  0.0000000E+00  0.0000000E+00
  0.0000000E+00  0.0000000E+00
  0.0000000E+00  0.0000000E+00
  0.0000000E+00  0.0000000E+00
  0.0000000E+00  0.0000000E+00
  0.0000000E+00  0.0000000E+00
  0.0000000E+00  0.0000000E+00
  0.0000000E+00  0.0000000E+00
  0.0000000E+00  0.0000000E+00
  0.0000000E+00  0.0000000E+00
  0.0000000E+00  0.0000000E+00
  0.0000000E+00  0.0000000E+00
  0.0000000E+00  0.0000000E+00
  0.0000000E+00  0.0000000E+00
  0.0000000E+00  0.0000000E+00
  0.0000000E+00  0.0000000E+00
  0.0000000E+00  0.0000000E+00
  0.0000000E+00  0.0000000E+00
  0.0000000E+00  0.0000000E+00
  0.0000000E+00  0.0000000E+00
  0.0000000E+00  0.0000000E+00
  0.0000000E+00  0.0000000E+00
  0.0000000E+00  0.0000000E+00
  0.0000000E+00  0.0000000E+00
  0.0000000E+00  0.0000000E+00
  0.0000000E+00  0.0000000E+00
  0.0000000E+00  0.0000000E+00
  0.0000000E+00  0.0000000E+00
  0.0000000E+00  0.0000000E+00
  0.0000000E+00  0.0000000E+00
  0.0000000E+00  0.0000000E+00
  0.0000000E+00  0.0000000E+00
  0.0000000E+00  0.0000000E+00
  0.0000000E+00  0.0000000E+00
  0.0000000E+00  0.0000000E+00
  0.0000000E+00  0.0000000E+00
  0.0000000E+00  0.0000000E+00
  0.0000000E+00  0.0000000E+00
  0.0000000E+00  0.0000000E+00
  0.0000000E+00  0.0000000E+00
  0.0000000E+00  0.0000000E+00
  0.0000000E+00  0.0000000E+00
  0.0000000E+00  0.0000000E+00
  0.0000000E+00  0.0000000E+00
  0.0000000E+00  0.0000000E+00
  0.0000000E+00  0.0000000E+00
  0.0000000E+00  0.0000000E+00
  0.0000000E+00  0.0000000E+00
  0.0000000E+00  0.0000000E+00
  0.0000000E+00  0.0000000E+00
  0.0000000E+00  0.0000000E+00
  0.0000000E+00  0.0000000E+00
  0.0000000E+00  0.0000000E+00
  0.0000000E+00  0.0000000E+00
  0.0000000E+00  0.0000000E+00
  0.0000000E+00  0.0000000E+00
  0.0000000E+00  0.0000000E+00
  0.0000000E+00  0.0000000E+00
  0.0000000E+00  0.0000000E+00
  0.0000000E+00  0.0000000E+00
  0.0000000E+00  0.0000000E+00
  0.0000000E+00  0.0000000E+00
  0.0000000E+00  0.0000000E+00
  0.0000000E+00  0.0000000E+00
  0.0000000E+00  0.0000000E+00
  0.0000000E+00  0.0000000E+00
  0.0000000E+00  0.0000000E+00
  0.0000000E+00  0.0000000E+00
  0.0000000E+00  0.0000000E+00
  0.0000000E+00  0.0000000E+00
  0.0000000E+00  0.0000000E+00
  0.0000000E+00  0.0000000E+00
  0.0000000E+00  0.0000000E+00
  0.0000000E+00  0.0000000E+00
  0.0000000E+00  0.0000000E+00
  0.0000000E+00  0.0000000E+00
  0.0000000E+00  0.0000000E+00
  0.0000000E+00  0.0000000E+00
  0.0000000E+00  0.0000000E+00
  0.0000000E+00  0.0000000E+00
  0.0000000E+00  0.0000000E+00
  0.0000000E+00  0.0000000E+00
  0.0000000E+00  0.0000000E+00
  0.0000000E+00  0.0000000E+00
  0.0000000E+00  0.0000000E+00
  0.0000000E+00  0.0000000E+00
  0.0000000E+00  0.0000000E+00
  0.0000000E+00  0.0000000E+00
  0.0000000E+00  0.0000000E+00
  0.0000000E+00  0.0000000E+00
  0.0000000E+00  0.0000000E+00
  0.0000000E+00  0.0000000E+00
  0.0000000E+00  0.0000000E+00
  0.0000000E+00  0.0000000E+00
  0.0000000E+00  0.0000000E+00
  0.0000000E+00  0.0000000E+00
  0.0000000E+00  0.0000000E+00
  0.0000000E+00  0.0000000E+00
  0.0000000E+00  0.0000000E+00
  0.0000000E+00  0.0000000E+00
  0.0000000E+00  0.0000000E+00
  0.0000000E+00  0.0000000E+00
  0.0000000E+00  0.0000000E+00
  0.0000000E+00  0.0000000E+00
  0.0000000E+00  0.0000000E+00
  0.0000000E+00  0.0000000E+00
  0.0000000E+00  0.0000000E+00
  0.0000000E+00  0.0000000E+00
  0.0000000E+00  0.0000000E+00
  0.0000000E+00  0.0000000E+00
  0.0000000E+00  0.0000000E+00
  0.0000000E+00  0.0000000E+00
  0.0000000E+00  0.0000000E+00
  0.0000000E+00  0.0000000E+00
  0.0000000E+00  0.0000000E+00
  0.0000000E+00  0.0000000E+00
  0.0000000E+00  0.0000000E+00
  0.0000000E+00  0.0000000E+00
  0.0000000E+00  0.0000000E+00
  0.0000000E+00  0.0000000E+00
  0.0000000E+00  0.0000000E+00
  0.0000000E+00  0.0000000E+00
  0.0000000E+00  0.0000000E+00
  0.0000000E+00  0.0000000E+00
  0.0000000E+00  0.0000000E+00
  0.0000000E+00  0.0000000E+00
  0.0000000E+00  0.0000000E+00
  0.0000000E+00  0.0000000E+00
  0.0000000E+00  0.0000000E+00
  0.0000000E+00  0.0000000E+00
  0.0000000E+00  0.0000000E+00
  0.0000000E+00  0.0000000E+00
  0.0000000E+00  0.0000000E+00
  0.0000000E+00  0.0000000E+00
  0.0000000E+00  0.0000000E+00
  0.0000000E+00  0.0000000E+00
  0.0000000E+00  0.0000000E+00
  0.0000000E+00  0.0000000E+00
  0.0000000E+00  0.0000000E+00
  0.0000000E+00  0.0000000E+00
  0.0000000E+00  0.0000000E+00
  0.0000000E+00  0.0000000E+00
  0.0000000E+00  0.0000000E+00
  0.0000000E+00  0.0000000E+00
  0.0000000E+00  0.0000000E+00
  0.0000000E+00  0.0000000E+00
  0.0000000E+00  0.0000000E+00
  0.0000000E+00  0.0000000E+00
  0.0000000E+00  0.0000000E+00
  0.0000000E+00  0.0000000E+00
  0.0000000E+00  0.0000000E+00
  0.0000000E+00  0.0000000E+00
  0.0000000E+00  0.0000000E+00
  0.0000000E+00  0.0000000E+00
  0.0000000E+00  0.0000000E+00
  0.0000000E+00  0.0000000E+00
  0.0000000E+00  0.0000000E+00
  0.0000000E+00  0.0000000E+00
  0.0000000E+00  0.0000000E+00
  0.0000000E+00  0.0000000E+00
  0.0000000E+00  0.0000000E+00
  0.0000000E+00  0.0000000E+00
  0.0000000E+00  0.0000000E+00
  0.0000000E+00  0.0000000E+00
  0.0000000E+00  0.0000000E+00
  0.0000000E+00  0.0000000E+00
  0.0000000E+00  0.0000000E+00
  0.0000000E+00  0.0000000E+00
  0.0000000E+00  0.0000000E+00
  0.0000000E+00  0.0000000E+00
  0.0000000E+00  0.0000000E+00
  0.0000000E+00  0.0000000E+00
  0.0000000E+00  0.0000000E+00
  0.0000000E+00  0.0000000E+00
  0.0000000E+00  0.0000000E+00
  0.0000000E+00  0.0000000E+00
  0.0000000E+00  0.0000000E+00
  0.0000000E+00  0.0000000E+00
  0.0000000E+00  0.0000000E+00
  0.0000000E+00  0.0000000E+00
  0.0000000E+00  0.0000000E+00
  0.0000000E+00  0.0000000E+00
  0.0000000E+00  0.0000000E+00
  0.0000000E+00  0.0000000E+00
  0.0000000E+00  0.0000000E+00
  0.0000000E+00  0.0000000E+00
  0.0000000E+00  0.0000000E+00
  0.0000000E+00  0.0000000E+00
  0.0000000E+00  0.0000000E+00
  0.0000000E+00  0.0000000E+00
  0.0000000E+00  0.0000000E+00
  0.0000000E+00  0.0000000E+00
  0.0000000E+00  0.0000000E+00
  0.0000000E+00  0.0000000E+00
  0.0000000E+00  0.0000000E+00
  0.0000000E+00  0.0000000E+00
  0.0000000E+00  0.0000000E+00
  0.0000000E+00  0.0000000E+00
  0.0000000E+00  0.0000000E+00
  0.0000000E+00  0.0000000E+00
  0.0000000E+00  0.0000000E+00
  0.0000000E+00  0.0000000E+00
  0.0000000E+00  0.0000000E+00
  0.0000000E+00  0.0000000E+00
  0.0000000E+00  0.0000000E+00
  0.0000000E+00  0.0000000E+00
  0.0000000E+00  0.0000000E+00
  0.0000000E+00  0.0000000E+00
  0.0000000E+00  0.0000000E+00
  0.0000000E+00  0.0000000E+00
  0.0000000E+00  0.0000000E+00
  0.0000000E+00  0.0000000E+00
  0.0000000E+00  0.0000000E+00
  0.0000000E+00  0.0000000E+00
  0.0000000E+00  0.0000000E+00
  0.0000000E+00  0.0000000E+00
  0.0000000E+00  0.0000000E+00
  0.0000000E+00  0.0000000E+00
  0.0000000E+00  0.0000000E+00
  0.0000000E+00  0.0000000E+00
  0.0000000E+00  0.0000000E+00
  0.0000000E+00  0.0000000E+00
  0.0000000E+00  0.0000000E+00
  0.0000000E+00  0.0000000E+00
  0.0000000E+00  0.0000000E+00
  0.0000000E+00  0.0000000E+00
  0.0000000E+00  0.0000000E+00
  0.0000000E+00  0.0000000E+00
  0.0000000E+00  0.0000000E+00
  0.0000000E+00  0.0000000E+00
  0.0000000E+00  0.0000000E+00
  0.0000000E+00  0.0000000E+00
  0.0000000E+00  0.0000000E+00
  0.0000000E+00  0.0000000E+00
  0.0000000E+00  0.0000000E+00
  0.0000000E+00  0.0000000E+00
  0.0000000E+00  0.0000000E+00
  0.0000000E+00  0.0000000E+00
  0.0000000E+00  0.0000000E+00
  0.0000000E+00  0.0000000E+00
  0.0000000E+00  0.0000000E+00
  0.0000000E+00  0.0000000E+00
  0.0000000E+00  0.0000000E+00
  0.0000000E+00  0.0000000E+00
  0.0000000E+00  0.0000000E+00
  0.0000000E+00  0.0000000E+00
  0.0000000E+00  0.0000000E+00
  0.0000000E+00  0.0000000E+00
  0.0000000E+00  0.0000000E+00
  0.0000000E+00  0.0000000E+00
  0.0000000E+00  0.0000000E+00
  0.0000000E+00  0.0000000E+00
  0.0000000E+00  0.0000000E+00
  0.0000000E+00  0.0000000E+00
  0.0000000E+00  0.0000000E+00
  0.0000000E+00  0.0000000E+00
  0.0000000E+00  0.0000000E+00
  0.0000000E+00  0.0000000E+00
  0.0000000E+00  0.0000000E+00
  0.0000000E+00  0.0000000E+00
  0.0000000E+00  0.0000000E+00
  0.0000000E+00  0.0000000E+00
  0.0000000E+00  0.0000000E+00
  0.0000000E+00  0.0000000E+00
  0.0000000E+00  0.0000000E+00
  0.0000000E+00  0.0000000E+00
  0.0000000E+00  0.0000000E+00
  0.0000000E+00  0.0000000E+00
  0.0000000E+00  0.0000000E+00
  0.0000000E+00  0.0000000E+00
  0.0000000E+00  0.0000000E+00
  0.0000000E+00  0.0000000E+00
  0.0000000E+00  0.0000000E+00
  0.0000000E+00  0.0000000E+00
  0.0000000E+00  0.0000000E+00
  0.0000000E+00  0.0000000E+00
  0.0000000E+00  0.0000000E+00
  0.0000000E+00  0.0000000E+00
  0.0000000E+00  0.0000000E+00
  0.0000000E+00  0.0000000E+00
  0.0000000E+00  0.0000000E+00
  0.0000000E+00  0.0000000E+00
  0.0000000E+00  0.0000000E+00
  0.0000000E+00  0.0000000E+00
  0.0000000E+00  0.0000000E+00
  0.0000000E+00  0.0000000E+00
  0.0000000E+00  0.0000000E+00
  0.0000000E+00  0.0000000E+00
  0.0000000E+00  0.0000000E+00
  0.0000000E+00  0.0000000E+00
  0.0000000E+00  0.0000000E+00
  0.0000000E+00  0.0000000E+00
  0.0000000E+00  0.0000000E+00
  0.0000000E+00  0.0000000E+00
  0.0000000E+00  0.0000000E+00
  0.0000000E+00  0.0000000E+00
  0.0000000E+00  0.0000000E+00
  0.0000000E+00  0.0000000E+00
  0.0000000E+00  0.0000000E+00
  0.0000000E+00  0.0000000E+00
  0.0000000E+00  0.0000000E+00
  0.0000000E+00  0.0000000E+00
  0.0000000E+00  0.0000000E+00
  0.0000000E+00  0.0000000E+00
  0.0000000E+00  0.0000000E+00
  0.0000000E+00  0.0000000E+00
  0.0000000E+00  0.0000000E+00
  0.0000000E+00  0.0000000E+00
  0.0000000E+00  0.0000000E+00
  0.0000000E+00  0.0000000E+00
  0.0000000E+00  0.0000000E+00
  0.0000000E+00  0.0000000E+00
  0.0000000E+00  0.0000000E+00
  0.0000000E+00  0.0000000E+00
  0.0000000E+00  0.0000000E+00
  0.0000000E+00  0.0000000E+00
  0.0000000E+00  0.0000000E+00
  0.0000000E+00  0.0000000E+00
  0.0000000E+00  0.0000000E+00
  0.0000000E+00  0.0000000E+00
  0.0000000E+00  0.0000000E+00
  0.0000000E+00  0.0000000E+00
  0.0000000E+00  0.0000000E+00
  0.0000000E+00  0.0000000E+00
  0.0000000E+00  0.0000000E+00
  0.0000000E+00  0.0000000E+00
  0.0000000E+00  0.0000000E+00
  0.0000000E+00  0.0000000E+00
  0.0000000E+00  0.0000000E+00
  0.0000000E+00  0.0000000E+00
  0.0000000E+00  0.0000000E+00
  0.0000000E+00  0.0000000E+00
  0.0000000E+00  0.0000000E+00
  0.0000000E+00  0.0000000E+00
  0.0000000E+00  0.0000000E+00
  0.0000000E+00  0.0000000E+00
  0.0000000E+00  0.0000000E+00
  0.0000000E+00  0.0000000E+00
  0.0000000E+00  0.0000000E+00
  0.0000000E+00  0.0000000E+00
  0.0000000E+00  0.0000000E+00
  0.0000000E+00  0.0000000E+00
  0.0000000E+00  0.0000000E+00
  0.0000000E+00  0.0000000E+00
  0.0000000E+00  0.0000000E+00
  0.0000000E+00  0.0000000E+00
  0.0000000E+00  0.0000000E+00
  0.0000000E+00  0.0000000E+00
  0.0000000E+00  0.0000000E+00
  0.0000000E+00  0.0000000E+00
  0.0000000E+00  0.0000000E+00
  0.0000000E+00  0.0000000E+00
  0.0000000E+00  0.0000000E+00
  0.0000000E+00  0.0000000E+00
  0.0000000E+00  0.0000000E+00
  0.0000000E+00  0.0000000E+00
  0.0000000E+00  0.0000000E+00
  0.0000000E+00  0.0000000E+00
  0.0000000E+00  0.0000000E+00
  0.0000000E+00  0.0000000E+00
  0.0000000E+00  0.0000000E+00
  0.0000000E+00  0.0000000E+00
  0.0000000E+00  0.0000000E+00
  0.0000000E+00  0.0000000E+00
  0.0000000E+00  0.0000000E+00
  0.0000000E+00  0.0000000E+00
  0.0000000E+00  0.0000000E+00
  0.0000000E+00  0.0000000E+00
  0.0000000E+00  0.0000000E+00
  0.0000000E+00  0.0000000E+00
  0.0000000E+00  0.0000000E+00
  0.0000000E+00  0.0000000E+00
  0.0000000E+00  0.0000000E+00
  0.0000000E+00  0.0000000E+00
  0.0000000E+00  0.0000000E+00
  0.0000000E+00  0.0000000E+00
  0.0000000E+00  0.0000000E+00
  0.0000000E+00  0.0000000E+00
  0.0000000E+00  0.0000000E+00
  0.0000000E+00  0.0000000E+00
  0.0000000E+00  0.0000000E+00
  0.0000000E+00  0.0000000E+00
  0.0000000E+00  0.0000000E+00
  0.0000000E+00  0.0000000E+00
  0.0000000E+00  0.0000000E+00
  0.0000000E+00  0.0000000E+00
  0.0000000E+00  0.0000000E+00
  0.0000000E+00  0.0000000E+00
  0.0000000E+00  0.0000000E+00
  0.0000000E+00  0.0000000E+00
  0.0000000E+00  0.0000000E+00
  0.0000000E+00  0.0000000E+00
  0.0000000E+00  0.0000000E+00
  0.0000000E+00  0.0000000E+00
  0.0000000E+00  0.0000000E+00
  0.0000000E+00  0.0000000E+00
  0.0000000E+00  0.0000000E+00
  0.0000000E+00  0.0000000E+00
  0.0000000E+00  0.0000000E+00
  0.0000000E+00  0.0000000E+00
  0.0000000E+00  0.0000000E+00
  0.0000000E+00  0.0000000E+00
  0.0000000E+00  0.0000000E+00
  0.0000000E+00  0.0000000E+00
  0.0000000E+00  0.0000000E+00
  0.0000000E+00  0.0000000E+00
  0.0000000E+00  0.0000000E+00
  0.0000000E+00  0.0000000E+00
  0.0000000E+00  0.0000000E+00
  0.0000000E+00  0.0000000E+00
  0.0000000E+00  0.0000000E+00
  0.0000000E+00  0.0000000E+00
  0.0000000E+00  0.0000000E+00
  0.0000000E+00  0.0000000E+00
  0.0000000E+00  0.0000000E+00
  0.0000000E+00  0.0000000E+00
  0.0000000E+00  0.0000000E+00
  0.0000000E+00  0.0000000E+00
  0.0000000E+00  0.0000000E+00
  0.0000000E+00  0.0000000E+00
  0.0000000E+00  0.0000000E+00
  0.0000000E+00  0.0000000E+00
  0.0000000E+00  0.0000000E+00
  0.0000000E+00  0.0000000E+00
  0.0000000E+00  0.0000000E+00
  0.0000000E+00  0.0000000E+00
  0.0000000E+00  0.0000000E+00
  0.0000000E+00  0.0000000E+00
  0.0000000E+00  0.0000000E+00
  0.0000000E+00  0.0000000E+00
  0.0000000E+00  0.0000000E+00
  0.0000000E+00  0.0000000E+00
  0.0000000E+00  0.0000000E+00
  0.0000000E+00  0.0000000E+00
  0.0000000E+00  0.0000000E+00
  0.0000000E+00  0.0000000E+00
  0.0000000E+00  0.0000000E+00
  0.0000000E+00  0.0000000E+00
  0.0000000E+00  0.0000000E+00
  0.0000000E+00  0.0000000E+00
  0.0000000E+00  0.0000000E+00
  0.0000000E+00  0.0000000E+00
  0.0000000E+00  0.0000000E+00
  0.0000000E+00  0.0000000E+00
  0.0000000E+00  0.0000000E+00
  0.0000000E+00  0.0000000E+00
  0.0000000E+00  0.0000000E+00
  0.0000000E+00  0.0000000E+00
  0.0000000E+00  0.0000000E+00
  0.0000000E+00  0.0000000E+00
  0.0000000E+00  0.0000000E+00
  0.0000000E+00  0.0000000E+00
  0.0000000E+00  0.0000000E+00
  0.0000000E+00  0.0000000E+00
  0.0000000E+00  0.0000000E+00
  0.0000000E+00  0.0000000E+00
  0.0000000E+00  0.0000000E+00
  0.0000000E+00  0.0000000E+00
  0.0000000E+00  0.0000000E+00
  0.0000000E+00  0.0000000E+00
  0.0000000E+00  0.0000000E+00
  0.0000000E+00  0.0000000E+00
  0.0000000E+00  0.0000000E+00
  0.0000000E+00  0.0000000E+00
  0.0000000E+00  0.0000000E+00
  0.0000000E+00  0.0000000E+00
  0.0000000E+00  0.0000000E+00
  0.0000000E+00  0.0000000E+00
  0.0000000E+00  0.0000000E+00
  0.0000000E+00  0.0000000E+00
  0.0000000E+00  0.0000000E+00
  0.0000000E+00  0.0000000E+00
  0.0000000E+00  0.0000000E+00
  0.0000000E+00  0.0000000E+00
  0.0000000E+00  0.0000000E+00
  0.0000000E+00  0.0000000E+00
  0.0000000E+00  0.0000000E+00
  0.0000000E+00  0.0000000E+00
  0.0000000E+00  0.0000000E+00
  0.0000000E+00  0.0000000E+00
  0.0000000E+00  0.0000000E+00
  0.0000000E+00  0.0000000E+00
  0.0000000E+00  0.0000000E+00
  0.0000000E+00  0.0000000E+00
  0.0000000E+00  0.0000000E+00
  0.0000000E+00  0.0000000E+00
  0.0000000E+00  0.0000000E+00
  0.0000000E+00  0.0000000E+00
  0.0000000E+00  0.0000000E+00
  0.0000000E+00  0.0000000E+00
  0.0000000E+00  0.0000000E+00
  0.0000000E+00  0.0000000E+00
  0.0000000E+00  0.0000000E+00
  0.0000000E+00  0.0000000E+00
  0.0000000E+00  0.0000000E+00
  0.0000000E+00  0.0000000E+00
  0.0000000E+00  0.0000000E+00
  0.0000000E+00  0.0000000E+00
  0.0000000E+00  0.0000000E+00
  0.0000000E+00  0.0000000E+00
  0.0000000E+00  0.0000000E+00
  0.0000000E+00  0.0000000E+00
  0.0000000E+00  0.0000000E+00
  0.0000000E+00  0.0000000E+00
  0.0000000E+00  0.0000000E+00
  0.0000000E+00  0.0000000E+00
  0.0000000E+00  0.0000000E+00
  0.0000000E+00  0.0000000E+00
  0.0000000E+00  0.0000000E+00
  0.0000000E+00  0.0000000E+00
  0.0000000E+00  0.0000000E+00
  0.0000000E+00  0.0000000E+00
  0.0000000E+00  0.0000000E+00
  0.0000000E+00  0.0000000E+00
  0.0000000E+00  0.0000000E+00
  0.0000000E+00  0.0000000E+00
  0.0000000E+00  0.0000000E+00
  0.0000000E+00  0.0000000E+00
  0.0000000E+00  0.0000000E+00
  0.0000000E+00  0.0000000E+00
  0.0000000E+00  0.0000000E+00
  0.0000000E+00  0.0000000E+00
  0.0000000E+00  0.0000000E+00
  0.0000000E+00  0.0000000E+00
  0.0000000E+00  0.0000000E+00
  0.0000000E+00  0.0000000E+00
  0.0000000E+00  0.0000000E+00
  0.0000000E+00  0.0000000E+00
  0.0000000E+00  0.0000000E+00
  0.0000000E+00  0.0000000E+00
  0.0000000E+00  0.0000000E+00
  0.0000000E+00  0.0000000E+00
  0.0000000E+00  0.0000000E+00
  0.0000000E+00  0.0000000E+00
  0.0000000E+00  0.0000000E+00
  0.0000000E+00  0.0000000E+00
  0.0000000E+00  0.0000000E+00
  0.0000000E+00  0.0000000E+00
  0.0000000E+00  0.0000000E+00
  0.0000000E+00  0.0000000E+00
  0.0000000E+00  0.0000000E+00
  0.0000000E+00  0.0000000E+00
  0.0000000E+00  0.0000000E+00
  0.0000000E+00  0.0000000E+00
  0.0000000E+00  0.0000000E+00
  0.0000000E+00  0.0000000E+00
  0.0000000E+00  0.0000000E+00
  0.0000000E+00  0.0000000E+00
  0.0000000E+00  0.0000000E+00
  0.0000000E+00  0.0000000E+00
  0.0000000E+00  0.0000000E+00
  0.0000000E+00  0.0000000E+00
  0.0000000E+00  0.0000000E+00
  0.0000000E+00  0.0000000E+00
  0.0000000E+00  0.0000000E+00
  0.0000000E+00  0.0000000E+00
  0.0000000E+00  0.0000000E+00
  0.0000000E+00  0.0000000E+00
  0.0000000E+00  0.0000000E+00
  0.0000000E+00  0.0000000E+00
  0.0000000E+00  0.0000000E+00
  0.0000000E+00  0.0000000E+00
  0.0000000E+00  0.0000000E+00
  0.0000000E+00  0.0000000E+00
  0.0000000E+00  0.0000000E+00
  0.0000000E+00  0.0000000E+00
  0.0000000E+00  0.0000000E+00
  0.0000000E+00  0.0000000E+00
  0.0000000E+00  0.0000000E+00
  0.0000000E+00  0.0000000E+00
  0.0000000E+00  0.0000000E+00
  0.0000000E+00  0.0000000E+00
  0.0000000E+00  0.0000000E+00
  0.0000000E+00  0.0000000E+00
  0.0000000E+00  0.0000000E+00
  0.0000000E+00  0.0000000E+00
  0.0000000E+00  0.0000000E+00
  0.0000000E+00  0.0000000E+00
  0.0000000E+00  0.0000000E+00
  0.0000000E+00  0.0000000E+00
  0.0000000E+00  0.0000000E+00
  0.0000000E+00  0.0000000E+00
  0.0000000E+00  0.0000000E+00
  0.0000000E+00  0.0000000E+00
  0.0000000E+00  0.0000000E+00
  0.0000000E+00  0.0000000E+00
  0.0000000E+00  0.0000000E+00
  0.0000000E+00  0.0000000E+00
  0.0000000E+00  0.0000000E+00
  0.0000000E+00  0.0000000E+00
  0.0000000E+00  0.0000000E+00
  0.0000000E+00  0.0000000E+00
  0.0000000E+00  0.0000000E+00
  0.0000000E+00  0.0000000E+00
  0.0000000E+00  0.0000000E+00
  0.0000000E+00  0.0000000E+00
  0.0000000E+00  0.0000000E+00
  0.0000000E+00  0.0000000E+00
  0.0000000E+00  0.0000000E+00
  0.0000000E+00  0.0000000E+00
  0.0000000E+00  0.0000000E+00
  0.0000000E+00  0.0000000E+00
  0.0000000E+00  0.0000000E+00
  0.0000000E+00  0.0000000E+00
  0.0000000E+00  0.0000000E+00
  0.0000000E+00  0.0000000E+00
  0.0000000E+00  0.0000000E+00
  0.0000000E+00  0.0000000E+00
  0.0000000E+00  0.0000000E+00
  0.0000000E+00  0.0000000E+00
  0.0000000E+00  0.0000000E+00
  0.0000000E+00  0.0000000E+00
  0.0000000E+00  0.0000000E+00
  0.0000000E+00  0.0000000E+00
  0.0000000E+00  0.0000000E+00
  0.0000000E+00  0.0000000E+00
  0.0000000E+00  0.0000000E+00
  0.0000000E+00  0.0000000E+00
  0.0000000E+00  0.0000000E+00
  0.0000000E+00  0.0000000E+00
  0.0000000E+00  0.0000000E+00
  0.0000000E+00  0.0000000E+00
  0.0000000E+00  0.0000000E+00
  0.0000000E+00  0.0000000E+00
  0.0000000E+00  0.0000000E+00
  0.0000000E+00  0.0000000E+00
  0.0000000E+00  0.0000000E+00
  0.0000000E+00  0.0000000E+00
  0.0000000E+00  0.0000000E+00
  0.0000000E+00  0.0000000E+00
  0.0000000E+00  0.0000000E+00
  0.0000000E+00  0.0000000E+00
  0.0000000E+00  0.0000000E+00
  0.0000000E+00  0.0000000E+00
  0.0000000E+00  0.0000000E+00
  0.0000000E+00  0.0000000E+00
  0.0000000E+00  0.0000000E+00
  0.0000000E+00  0.0000000E+00
  0.0000000E+00  0.0000000E+00
  0.0000000E+00  0.0000000E+00
  0.0000000E+00  0.0000000E+00
  0.0000000E+00  0.0000000E+00
  0.0000000E+00  0.0000000E+00
  0.0000000E+00  0.0000000E+00
  0.0000000E+00  0.0000000E+00
  0.0000000E+00  0.0000000E+00
  0.0000000E+00  0.0000000E+00
  0.0000000E+00  0.0000000E+00
  0.0000000E+00  0.0000000E+00
  0.0000000E+00  0.0000000E+00
  0.0000000E+00  0.0000000E+00
  0.0000000E+00  0.0000000E+00
  0.0000000E+00  0.0000000E+00
  0.0000000E+00  0.0000000E+00
  0.0000000E+00  0.0000000E+00
  0.0000000E+00  0.0000000E+00
  0.0000000E+00  0.0000000E+00
  0.0000000E+00  0.0000000E+00
  0.0000000E+00  0.0000000E+00
  0.0000000E+00  0.0000000E+00
  0.0000000E+00  0.0000000E+00
  0.0000000E+00  0.0000000E+00
  0.0000000E+00  0.0000000E+00
  0.0000000E+00  0.0000000E+00
  0.0000000E+00  0.0000000E+00
  0.0000000E+00  0.0000000E+00
  0.0000000E+00  0.0000000E+00
  0.0000000E+00  0.0000000E+00
  0.0000000E+00  0.0000000E+00
  0.0000000E+00  0.0000000E+00
  0.0000000E+00  0.0000000E+00
  0.0000000E+00  0.0000000E+00
  0.0000000E+00  0.0000000E+00
  0.0000000E+00  0.0000000E+00
  0.0000000E+00  0.0000000E+00
  0.0000000E+00  0.0000000E+00
  0.0000000E+00  0.0000000E+00
  0.0000000E+00  0.0000000E+00
  0.0000000E+00  0.0000000E+00
  0.0000000E+00  0.0000000E+00
  0.0000000E+00  0.0000000E+00
  0.0000000E+00  0.0000000E+00
  0.0000000E+00  0.0000000E+00
  0.0000000E+00  0.0000000E+00
  0.0000000E+00  0.0000000E+00
  0.0000000E+00  0.0000000E+00
  0.0000000E+00  0.0000000E+00
  0.0000000E+00  0.0000000E+00
  0.0000000E+00  0.0000000E+00
  0.0000000E+00  0.0000000E+00
  0.0000000E+00  0.0000000E+00
  0.0000000E+00  0.0000000E+00
  0.0000000E+00  0.0000000E+00
  0.0000000E+00  0.0000000E+00
  0.0000000E+00  0.0000000E+00
  0.0000000E+00  0.0000000E+00
  0.0000000E+00  0.0000000E+00
  0.0000000E+00  0.0000000E+00
  0.0000000E+00  0.0000000E+00
  0.0000000E+00  0.0000000E+00
  0.0000000E+00  0.0000000E+00
  0.0000000E+00  0.0000000E+00
  0.0000000E+00  0.0000000E+00
  0.0000000E+00  0.0000000E+00
  0.0000000E+00  0.0000000E+00
  0.0000000E+00  0.0000000E+00
  0.0000000E+00  0.0000000E+00
  0.0000000E+00  0.0000000E+00
  0.0000000E+00  0.0000000E+00
  0.0000000E+00  0.0000000E+00
  0.0000000E+00  0.0000000E+00
  0.0000000E+00  0.0000000E+00
  0.0000000E+00  0.0000000E+00
  0.0000000E+00  0.0000000E+00
  0.0000000E+00  0.0000000E+00
  0.0000000E+00  0.0000000E+00
  0.0000000E+00  0.0000000E+00
  0.0000000E+00  0.0000000E+00
  0.0000000E+00  0.0000000E+00
  0.0000000E+00  0.0000000E+00
  0.0000000E+00  0.0000000E+00
  0.0000000E+00  0.0000000E+00
  0.0000000E+00  0.0000000E+00
  0.0000000E+00  0.0000000E+00
  0.0000000E+00  0.0000000E+00
  0.0000000E+00  0.0000000E+00
  0.0000000E+00  0.0000000E+00
  0.0000000E+00  0.0000000E+00
  0.0000000E+00  0.0000000E+00
  0.0000000E+00  0.0000000E+00
  0.0000000E+00  0.0000000E+00
  0.0000000E+00  0.0000000E+00
  0.0000000E+00  0.0000000E+00
  0.0000000E+00  0.0000000E+00
  0.0000000E+00  0.0000000E+00
  0.0000000E+00  0.0000000E+00
  0.0000000E+00  0.0000000E+00
  0.0000000E+00  0.0000000E+00
  0.0000000E+00  0.0000000E+00
  0.0000000E+00  0.0000000E+00
  0.0000000E+00  0.0000000E+00
  0.0000000E+00  0.0000000E+00
  0.0000000E+00  0.0000000E+00
  0.0000000E+00  0.0000000E+00
  0.0000000E+00  0.0000000E+00
  0.0000000E+00  0.0000000E+00
  0.0000000E+00  0.0000000E+00
  0.0000000E+00  0.0000000E+00
  0.0000000E+00  0.0000000E+00
  0.0000000E+00  0.0000000E+00
  0.0000000E+00  0.0000000E+00
  0.0000000E+00  0.0000000E+00
  0.0000000E+00  0.0000000E+00
  0.0000000E+00  0.0000000E+00
  0.0000000E+00  0.0000000E+00
  0.0000000E+00  0.0000000E+00
  0.0000000E+00  0.0000000E+00
  0.0000000E+00  0.0000000E+00
  0.0000000E+00  0.0000000E+00
  0.0000000E+00  0.0000000E+00
  0.0000000E+00  0.0000000E+00
  0.0000000E+00  0.0000000E+00
  0.0000000E+00  0.0000000E+00
  0.0000000E+00  0.0000000E+00
  0.0000000E+00  0.0000000E+00
  0.0000000E+00  0.0000000E+00
  0.0000000E+00  0.0000000E+00
  0.0000000E+00  0.0000000E+00
  0.0000000E+00  0.0000000E+00
  0.0000000E+00  0.0000000E+00
  0.0000000E+00  0.0000000E+00
  0.0000000E+00  0.0000000E+00
  0.0000000E+00  0.0000000E+00
  0.0000000E+00  0.0000000E+00
  0.0000000E+00  0.0000000E+00
  0.0000000E+00  0.0000000E+00
  0.0000000E+00  0.0000000E+00
  0.0000000E+00  0.0000000E+00
  0.0000000E+00  0.0000000E+00
  0.0000000E+00  0.0000000E+00
  0.0000000E+00  0.0000000E+00
  0.0000000E+00  0.0000000E+00
  0.0000000E+00  0.0000000E+00
  0.0000000E+00  0.0000000E+00
  0.0000000E+00  0.0000000E+00
  0.0000000E+00  0.0000000E+00
  0.0000000E+00  0.0000000E+00
  0.0000000E+00  0.0000000E+00
  0.0000000E+00  0.0000000E+00
  0.0000000E+00  0.0000000E+00
  0.0000000E+00  0.0000000E+00
  0.0000000E+00  0.0000000E+00
  0.0000000E+00  0.0000000E+00
  0.0000000E+00  0.0000000E+00
  0.0000000E+00  0.0000000E+00
  0.0000000E+00  0.0000000E+00
  0.0000000E+00  0.0000000E+00
  0.0000000E+00  0.0000000E+00
  0.0000000E+00  0.0000000E+00
  0.0000000E+00  0.0000000E+00
  0.0000000E+00  0.0000000E+00
  0.0000000E+00  0.0000000E+00
  0.0000000E+00  0.0000000E+00
  0.0000000E+00  0.0000000E+00
  0.0000000E+00  0.0000000E+00
  0.0000000E+00  0.0000000E+00
  0.0000000E+00  0.0000000E+00
  0.0000000E+00  0.0000000E+00
  0.0000000E+00  0.0000000E+00
  0.0000000E+00  0.0000000E+00
  0.0000000E+00  0.0000000E+00
  0.0000000E+00  0.0000000E+00
  0.0000000E+00  0.0000000E+00
  0.0000000E+00  0.0000000E+00
  0.0000000E+00  0.0000000E+00
  0.0000000E+00  0.0000000E+00
  0.0000000E+00  0.0000000E+00
  0.0000000E+00  0.0000000E+00
  0.0000000E+00  0.0000000E+00
  0.0000000E+00  0.0000000E+00
  0.0000000E+00  0.0000000E+00
  0.0000000E+00  0.0000000E+00
  0.0000000E+00  0.0000000E+00
  0.0000000E+00  0.0000000E+00
  0.0000000E+00  0.0000000E+00
  0.0000000E+00  0.0000000E+00
  0.0000000E+00  0.0000000E+00
  0.0000000E+00  0.0000000E+00
  0.0000000E+00  0.0000000E+00
  0.0000000E+00  0.0000000E+00
  0.0000000E+00  0.0000000E+00
  0.0000000E+00  0.0000000E+00
  0.0000000E+00  0.0000000E+00
  0.0000000E+00  0.0000000E+00
  0.0000000E+00  0.0000000E+00
  0.0000000E+00  0.0000000E+00
  0.0000000E+00  0.0000000E+00
  0.0000000E+00  0.0000000E+00
  0.0000000E+00  0.0000000E+00
  0.0000000E+00  0.0000000E+00
  0.0000000E+00  0.0000000E+00
  0.0000000E+00  0.0000000E+00
  0.0000000E+00  0.0000000E+00
  0.0000000E+00  0.0000000E+00
  0.0000000E+00  0.0000000E+00
  0.0000000E+00  0.0000000E+00
  0.0000000E+00  0.0000000E+00
  0.0000000E+00  0.0000000E+00
  0.0000000E+00  0.0000000E+00
  0.0000000E+00  0.0000000E+00
  0.0000000E+00  0.0000000E+00
  0.0000000E+00  0.0000000E+00
  0.0000000E+00  0.0000000E+00
  0.0000000E+00  0.0000000E+00
  0.0000000E+00  0.0000000E+00
  0.0000000E+00  0.0000000E+00
  0.0000000E+00  0.0000000E+00
  0.0000000E+00  0.0000000E+00
  0.0000000E+00  0.0000000E+00
  0.0000000E+00  0.0000000E+00
  0.0000000E+00  0.0000000E+00
  0.0000000E+00  0.0000000E+00
  0.0000000E+00  0.0000000E+00
  0.0000000E+00  0.0000000E+00
  0.0000000E+00  0.0000000E+00
  0.0000000E+00  0.0000000E+00
  0.0000000E+00  0.0000000E+00
  0.0000000E+00  0.0000000E+00
  0.0000000E+00  0.0000000E+00
  0.0000000E+00  0.0000000E+00
  0.0000000E+00  0.0000000E+00
  0.0000000E+00  0.0000000E+00
  0.0000000E+00  0.0000000E+00
  0.0000000E+00  0.0000000E+00
  0.0000000E+00  0.0000000E+00
  0.0000000E+00  0.0000000E+00
  0.0000000E+00  0.0000000E+00
  0.0000000E+00  0.0000000E+00
  0.0000000E+00  0.0000000E+00
  0.0000000E+00  0.0000000E+00
  0.0000000E+00  0.0000000E+00
  0.0000000E+00  0.0000000E+00
  0.0000000E+00  0.0000000E+00
  0.0000000E+00  0.0000000E+00
  0.0000000E+00  0.0000000E+00
  0.0000000E+00  0.0000000E+00
  0.0000000E+00  0.0000000E+00
  0.0000000E+00  0.0000000E+00
  0.0000000E+00  0.0000000E+00
  0.0000000E+00  0.0000000E+00
  0.0000000E+00  0.0000000E+00
  0.0000000E+00  0.0000000E+00
  0.0000000E+00  0.0000000E+00
  0.0000000E+00  0.0000000E+00
  0.0000000E+00  0.0000000E+00
  0.0000000E+00  0.0000000E+00
  0.0000000E+00  0.0000000E+00
  0.0000000E+00  0.0000000E+00
  0.0000000E+00  0.0000000E+00
  0.0000000E+00  0.0000000E+00
  0.0000000E+00  0.0000000E+00
  0.0000000E+00  0.0000000E+00
  0.0000000E+00  0.0000000E+00
  0.0000000E+00  0.0000000E+00
  0.0000000E+00  0.0000000E+00
  0.0000000E+00  0.0000000E+00
  0.0000000E+00  0.0000000E+00
  0.0000000E+00  0.0000000E+00
  0.0000000E+00  0.0000000E+00
  0.0000000E+00  0.0000000E+00
  0.0000000E+00  0.0000000E+00
  0.0000000E+00  0.0000000E+00
  0.0000000E+00  0.0000000E+00
  0.0000000E+00  0.0000000E+00
  0.0000000E+00  0.0000000E+00
  0.0000000E+00  0.0000000E+00
  0.0000000E+00  0.0000000E+00
  0.0000000E+00  0.0000000E+00
  0.0000000E+00  0.0000000E+00
  0.0000000E+00  0.0000000E+00
  0.0000000E+00  0.0000000E+00
  0.0000000E+00  0.0000000E+00
  0.0000000E+00  0.0000000E+00
  0.0000000E+00  0.0000000E+00
  0.0000000E+00  0.0000000E+00
  0.0000000E+00  0.0000000E+00
  0.0000000E+00  0.0000000E+00
  0.0000000E+00  0.0000000E+00
  0.0000000E+00  0.0000000E+00
  0.0000000E+00  0.0000000E+00
  0.0000000E+00  0.0000000E+00
  0.0000000E+00  0.0000000E+00
  0.0000000E+00  0.0000000E+00
  0.0000000E+00  0.0000000E+00
  0.0000000E+00  0.0000000E+00
  0.0000000E+00  0.0000000E+00
  0.0000000E+00  0.0000000E+00
  0.0000000E+00  0.0000000E+00
  0.0000000E+00  0.0000000E+00
  0.0000000E+00  0.0000000E+00
  0.0000000E+00  0.0000000E+00
  0.0000000E+00  0.0000000E+00
  0.0000000E+00  0.0000000E+00
  0.0000000E+00  0.0000000E+00
  0.0000000E+00  0.0000000E+00
  0.0000000E+00  0.0000000E+00
  0.0000000E+00  0.0000000E+00
  0.0000000E+00  0.0000000E+00
  0.0000000E+00  0.0000000E+00
  0.0000000E+00  0.0000000E+00
  0.0000000E+00  0.0000000E+00
  0.0000000E+00  0.0000000E+00
  0.0000000E+00  0.0000000E+00
  0.0000000E+00  0.0000000E+00
  0.0000000E+00  0.0000000E+00
  0.0000000E+00  0.0000000E+00
  0.0000000E+00  0.0000000E+00
  0.0000000E+00  0.0000000E+00
  0.0000000E+00  0.0000000E+00
  0.0000000E+00  0.0000000E+00
  0.0000000E+00  0.0000000E+00
  0.0000000E+00  0.0000000E+00
  0.0000000E+00  0.0000000E+00
  0.0000000E+00  0.0000000E+00
  0.0000000E+00  0.0000000E+00
  0.0000000E+00  0.0000000E+00
  0.0000000E+00  0.0000000E+00
  0.0000000E+00  0.0000000E+00
  0.0000000E+00  0.0000000E+00
  0.0000000E+00  0.0000000E+00
  0.0000000E+00  0.0000000E+00
  0.0000000E+00  0.0000000E+00
  0.0000000E+00  0.0000000E+00
  0.0000000E+00  0.0000000E+00
  0.0000000E+00  0.0000000E+00
  0.0000000E+00  0.0000000E+00
  0.0000000E+00  0.0000000E+00
  0.0000000E+00  0.0000000E+00
  0.0000000E+00  0.0000000E+00
  0.0000000E+00  0.0000000E+00
  0.0000000E+00  0.0000000E+00
  0.0000000E+00  0.0000000E+00
  0.0000000E+00  0.0000000E+00
  0.0000000E+00  0.0000000E+00
  0.0000000E+00  0.0000000E+00
  0.0000000E+00  0.0000000E+00
  0.0000000E+00  0.0000000E+00
  0.0000000E+00  0.0000000E+00
  0.0000000E+00  0.0000000E+00
  0.0000000E+00  0.0000000E+00
  0.0000000E+00  0.0000000E+00
  0.0000000E+00  0.0000000E+00
  0.0000000E+00  0.0000000E+00
  0.0000000E+00  0.0000000E+00
  0.0000000E+00  0.0000000E+00
  0.0000000E+00  0.0000000E+00
  0.0000000E+00  0.0000000E+00
  0.0000000E+00  0.0000000E+00
  0.0000000E+00  0.0000000E+00
  0.0000000E+00  0.0000000E+00
  0.0000000E+00  0.0000000E+00
  0.0000000E+00  0.0000000E+00
  0.0000000E+00  0.0000000E+00
  0.0000000E+00  0.0000000E+00
  0.0000000E+00  0.0000000E+00
  0.0000000E+00  0.0000000E+00
  0.0000000E+00  0.0000000E+00
  0.0000000E+00  0.0000000E+00
  0.0000000E+00  0.0000000E+00
  0.0000000E+00  0.0000000E+00
  0.0000000E+00  0.0000000E+00
  0.0000000E+00  0.0000000E+00
  0.0000000E+00  0.0000000E+00
  0.0000000E+00  0.0000000E+00
  0.0000000E+00  0.0000000E+00
  0.0000000E+00  0.0000000E+00
  0.0000000E+00  0.0000000E+00
  0.0000000E+00  0.0000000E+00
  0.0000000E+00  0.0000000E+00
  0.0000000E+00  0.0000000E+00
  0.0000000E+00  0.0000000E+00
  0.0000000E+00  0.0000000E+00
  0.0000000E+00  0.0000000E+00
  0.0000000E+00  0.0000000E+00
  0.0000000E+00  0.0000000E+00
  0.0000000E+00  0.0000000E+00
  0.0000000E+00  0.0000000E+00
  0.0000000E+00  0.0000000E+00
  0.0000000E+00  0.0000000E+00
  0.0000000E+00  0.0000000E+00
  0.0000000E+00  0.0000000E+00
  0.0000000E+00  0.0000000E+00
  0.0000000E+00  0.0000000E+00
  0.0000000E+00  0.0000000E+00
  0.0000000E+00  0.0000000E+00
  0.0000000E+00  0.0000000E+00
  0.0000000E+00  0.0000000E+00
  0.0000000E+00  0.0000000E+00
  0.0000000E+00  0.0000000E+00
  0.0000000E+00  0.0000000E+00
  0.0000000E+00  0.0000000E+00
  0.0000000E+00  0.0000000E+00
  0.0000000E+00  0.0000000E+00
  0.0000000E+00  0.0000000E+00
  0.0000000E+00  0.0000000E+00
  0.0000000E+00  0.0000000E+00
  0.0000000E+00  0.0000000E+00
  0.0000000E+00  0.0000000E+00
  0.0000000E+00  0.0000000E+00
  0.0000000E+00  0.0000000E+00
  0.0000000E+00  0.0000000E+00
  0.0000000E+00  0.0000000E+00
  0.0000000E+00  0.0000000E+00
  0.0000000E+00  0.0000000E+00
  0.0000000E+00  0.0000000E+00
  0.0000000E+00  0.0000000E+00
  0.0000000E+00  0.0000000E+00
  0.0000000E+00  0.0000000E+00
  0.0000000E+00  0.0000000E+00
  0.0000000E+00  0.0000000E+00
  0.0000000E+00  0.0000000E+00
  0.0000000E+00  0.0000000E+00
  0.0000000E+00  0.0000000E+00
  0.0000000E+00  0.0000000E+00
  0.0000000E+00  0.0000000E+00
  0.0000000E+00  0.0000000E+00
  0.0000000E+00  0.0000000E+00
  0.0000000E+00  0.0000000E+00
  0.0000000E+00  0.0000000E+00
  0.0000000E+00  0.0000000E+00
  0.0000000E+00  0.0000000E+00
  0.0000000E+00  0.0000000E+00
  0.0000000E+00  0.0000000E+00
  0.0000000E+00  0.0000000E+00
  0.0000000E+00  0.0000000E+00
  0.0000000E+00  0.0000000E+00
  0.0000000E+00  0.0000000E+00
  0.0000000E+00  0.0000000E+00
  0.0000000E+00  0.0000000E+00
  0.0000000E+00  0.0000000E+00
  0.0000000E+00  0.0000000E+00
  0.0000000E+00  0.0000000E+00
  0.0000000E+00  0.0000000E+00
  0.0000000E+00  0.0000000E+00
  0.0000000E+00  0.0000000E+00
  0.0000000E+00  0.0000000E+00
  0.0000000E+00  0.0000000E+00
  0.0000000E+00  0.0000000E+00
  0.0000000E+00  0.0000000E+00
  0.0000000E+00  0.0000000E+00
  0.0000000E+00  0.0000000E+00
  0.0000000E+00  0.0000000E+00
  0.0000000E+00  0.0000000E+00
  0.0000000E+00  0.0000000E+00
  0.0000000E+00  0.0000000E+00
  0.0000000E+00  0.0000000E+00
  0.0000000E+00  0.0000000E+00
  0.0000000E+00  0.0000000E+00
  0.0000000E+00  0.0000000E+00
  0.0000000E+00  0.0000000E+00
  0.0000000E+00  0.0000000E+00
  0.0000000E+00  0.0000000E+00
  0.0000000E+00  0.0000000E+00
  0.0000000E+00  0.0000000E+00
  0.0000000E+00  0.0000000E+00
  0.0000000E+00  0.0000000E+00
  0.0000000E+00  0.0000000E+00
  0.0000000E+00  0.0000000E+00
  0.0000000E+00  0.0000000E+00
  0.0000000E+00  0.0000000E+00
  0.0000000E+00  0.0000000E+00
  0.0000000E+00  0.0000000E+00
  0.0000000E+00  0.0000000E+00
  0.0000000E+00  0.0000000E+00
  0.0000000E+00  0.0000000E+00
  0.0000000E+00  0.0000000E+00
  0.0000000E+00  0.0000000E+00
  0.0000000E+00  0.0000000E+00
  0.0000000E+00  0.0000000E+00
  0.0000000E+00  0.0000000E+00
  0.0000000E+00  0.0000000E+00
  0.0000000E+00  0.0000000E+00
  0.0000000E+00  0.0000000E+00
  0.0000000E+00  0.0000000E+00
  0.0000000E+00  0.0000000E+00
  0.0000000E+00  0.0000000E+00
  0.0000000E+00  0.0000000E+00
  0.0000000E+00  0.0000000E+00
  0.0000000E+00  0.0000000E+00
  0.0000000E+00  0.0000000E+00
  0.0000000E+00  0.0000000E+00
  0.0000000E+00  0.0000000E+00
  0.0000000E+00  0.0000000E+00
  0.0000000E+00  0.0000000E+00
  0.0000000E+00  0.0000000E+00
  0.0000000E+00  0.0000000E+00
  0.0000000E+00  0.0000000E+00
  0.0000000E+00  0.0000000E+00
  0.0000000E+00  0.0000000E+00
  0.0000000E+00  0.0000000E+00
  0.0000000E+00  0.0000000E+00
  0.0000000E+00  0.0000000E+00
  0.0000000E+00  0.0000000E+00
  0.0000000E+00  0.0000000E+00
  0.0000000E+00  0.0000000E+00
  0.0000000E+00  0.0000000E+00
  0.0000000E+00  0.0000000E+00
  0.0000000E+00  0.0000000E+00
  0.0000000E+00  0.0000000E+00
  0.0000000E+00  0.0000000E+00
  0.0000000E+00  0.0000000E+00
  0.0000000E+00  0.0000000E+00
  0.0000000E+00  0.0000000E+00
  0.0000000E+00  0.0000000E+00
  0.0000000E+00  0.0000000E+00
  0.0000000E+00  0.0000000E+00
  0.0000000E+00  0.0000000E+00
  0.0000000E+00  0.0000000E+00
  0.0000000E+00  0.0000000E+00
  0.0000000E+00  0.0000000E+00
  0.0000000E+00  0.0000000E+00
  0.0000000E+00  0.0000000E+00
  0.0000000E+00  0.0000000E+00
  0.0000000E+00  0.0000000E+00
  0.0000000E+00  0.0000000E+00
  0.0000000E+00  0.0000000E+00
  0.0000000E+00  0.0000000E+00
  0.0000000E+00  0.0000000E+00
  0.0000000E+00  0.0000000E+00
  0.0000000E+00  0.0000000E+00
  0.0000000E+00  0.0000000E+00
  0.0000000E+00  0.0000000E+00
  0.0000000E+00  0.0000000E+00
  0.0000000E+00  0.0000000E+00
  0.0000000E+00  0.0000000E+00
  0.0000000E+00  0.0000000E+00
  0.0000000E+00  0.0000000E+00
  0.0000000E+00  0.0000000E+00
  0.0000000E+00  0.0000000E+00
  0.0000000E+00  0.0000000E+00
  0.0000000E+00  0.0000000E+00
  0.0000000E+00  0.0000000E+00
  0.0000000E+00  0.0000000E+00
  0.0000000E+00  0.0000000E+00
  0.0000000E+00  0.0000000E+00
  0.0000000E+00  0.0000000E+00
  0.0000000E+00  0.0000000E+00
  0.0000000E+00  0.0000000E+00
  0.0000000E+00  0.0000000E+00
  0.0000000E+00  0.0000000E+00
  0.0000000E+00  0.0000000E+00
  0.0000000E+00  0.0000000E+00
  0.0000000E+00  0.0000000E+00
  0.0000000E+00  0.0000000E+00
  0.0000000E+00  0.0000000E+00
  0.0000000E+00  0.0000000E+00
  0.0000000E+00  0.0000000E+00
  0.0000000E+00  0.0000000E+00
  0.0000000E+00  0.0000000E+00
  0.0000000E+00  0.0000000E+00
  0.0000000E+00  0.0000000E+00
  0.0000000E+00  0.0000000E+00
  0.0000000E+00  0.0000000E+00
  0.0000000E+00  0.0000000E+00
  0.0000000E+00  0.0000000E+00
  0.0000000E+00  0.0000000E+00
  0.0000000E+00  0.0000000E+00
  0.0000000E+00  0.0000000E+00
  0.0000000E+00  0.0000000E+00
  0.0000000E+00  0.0000000E+00
  0.0000000E+00  0.0000000E+00
  0.0000000E+00  0.0000000E+00
  0.0000000E+00  0.0000000E+00
  0.0000000E+00  0.0000000E+00
  0.0000000E+00  0.0000000E+00
  0.0000000E+00  0.0000000E+00
  0.0000000E+00  0.0000000E+00
  0.0000000E+00  0.0000000E+00
  0.0000000E+00  0.0000000E+00
  0.0000000E+00  0.0000000E+00
  0.0000000E+00  0.0000000E+00
  0.0000000E+00  0.0000000E+00
  0.0000000E+00  0.0000000E+00
  0.0000000E+00  0.0000000E+00
  0.0000000E+00  0.0000000E+00
  0.0000000E+00  0.0000000E+00
  0.0000000E+00  0.0000000E+00
  0.0000000E+00  0.0000000E+00
  0.0000000E+00  0.0000000E+00
  0.0000000E+00  0.0000000E+00
  0.0000000E+00  0.0000000E+00
  0.0000000E+00  0.0000000E+00
  0.0000000E+00  0.0000000E+00
  0.0000000E+00  0.0000000E+00
  0.0000000E+00  0.0000000E+00
  0.0000000E+00  0.0000000E+00
  0.0000000E+00  0.0000000E+00
  0.0000000E+00  0.0000000E+00
  0.0000000E+00  0.0000000E+00
  0.0000000E+00  0.0000000E+00
  0.0000000E+00  0.0000000E+00
  0.0000000E+00  0.0000000E+00
  0.0000000E+00  0.0000000E+00
  0.0000000E+00  0.0000000E+00
  0.0000000E+00  0.0000000E+00
  0.0000000E+00  0.0000000E+00
  0.0000000E+00  0.0000000E+00
  0.0000000E+00  0.0000000E+00
  0.0000000E+00  0.0000000E+00
  0.0000000E+00  0.0000000E+00
  0.0000000E+00  0.0000000E+00
  0.0000000E+00  0.0000000E+00
  0.0000000E+00  0.0000000E+00
  0.0000000E+00  0.0000000E+00
  0.0000000E+00  0.0000000E+00
  0.0000000E+00  0.0000000E+00
  0.0000000E+00  0.0000000E+00
  0.0000000E+00  0.0000000E+00
  0.0000000E+00  0.0000000E+00
  0.0000000E+00  0.0000000E+00
  0.0000000E+00  0.0000000E+00
  0.0000000E+00  0.0000000E+00
  0.0000000E+00  0.0000000E+00
  0.0000000E+00  0.0000000E+00
  0.0000000E+00  0.0000000E+00
  0.0000000E+00  0.0000000E+00
  0.0000000E+00  0.0000000E+00
  0.0000000E+00  0.0000000E+00
  0.0000000E+00  0.0000000E+00
  0.0000000E+00  0.0000000E+00
  0.0000000E+00  0.0000000E+00
  0.0000000E+00  0.0000000E+00
  0.0000000E+00  0.0000000E+00
  0.0000000E+00  0.0000000E+00
  0.0000000E+00  0.0000000E+00
  0.0000000E+00  0.0000000E+00
  0.0000000E+00  0.0000000E+00
  0.0000000E+00  0.0000000E+00
  0.0000000E+00  0.0000000E+00
  0.0000000E+00  0.0000000E+00
  0.0000000E+00  0.0000000E+00
  0.0000000E+00  0.0000000E+00
  0.0000000E+00  0.0000000E+00
  0.0000000E+00  0.0000000E+00
  0.0000000E+00  0.0000000E+00
  0.0000000E+00  0.0000000E+00
  0.0000000E+00  0.0000000E+00
  0.0000000E+00  0.0000000E+00
  0.0000000E+00  0.0000000E+00
  0.0000000E+00  0.0000000E+00
  0.0000000E+00  0.0000000E+00
  0.0000000E+00  0.0000000E+00
  0.0000000E+00  0.0000000E+00
  0.0000000E+00  0.0000000E+00
  0.0000000E+00  0.0000000E+00
  0.0000000E+00  0.0000000E+00
  0.0000000E+00  0.0000000E+00
  0.0000000E+00  0.0000000E+00
  0.0000000E+00  0.0000000E+00
  0.0000000E+00  0.0000000E+00
  0.0000000E+00  0.0000000E+00
  0.0000000E+00  0.0000000E+00
  0.0000000E+00  0.0000000E+00
  0.0000000E+00  0.0000000E+00
  0.0000000E+00  0.0000000E+00
  0.0000000E+00  0.0000000E+00
  0.0000000E+00  0.0000000E+00
  0.0000000E+00  0.0000000E+00
  0.0000000E+00  0.0000000E+00
  0.0000000E+00  0.0000000E+00
  0.0000000E+00  0.0000000E+00
  0.0000000E+00  0.0000000E+00
  0.0000000E+00  0.0000000E+00
  0.0000000E+00  0.0000000E+00
  0.0000000E+00  0.0000000E+00
  0.0000000E+00  0.0000000E+00
  0.0000000E+00  0.0000000E+00
  0.0000000E+00  0.0000000E+00
  0.0000000E+00  0.0000000E+00
  0.0000000E+00  0.0000000E+00
  0.0000000E+00  0.0000000E+00
  0.0000000E+00  0.0000000E+00
  0.0000000E+00  0.0000000E+00
  0.0000000E+00  0.0000000E+00
  0.0000000E+00  0.0000000E+00
  0.0000000E+00  0.0000000E+00
  0.0000000E+00  0.0000000E+00
  0.0000000E+00  0.0000000E+00
  0.0000000E+00  0.0000000E+00
  0.0000000E+00  0.0000000E+00
  0.0000000E+00  0.0000000E+00
  0.0000000E+00  0.0000000E+00
  0.0000000E+00  0.0000000E+00
  0.0000000E+00  0.0000000E+00
  0.0000000E+00  0.0000000E+00
  0.0000000E+00  0.0000000E+00
  0.0000000E+00  0.0000000E+00
  0.0000000E+00  0.0000000E+00
  0.0000000E+00  0.0000000E+00
  0.0000000E+00  0.0000000E+00
  0.0000000E+00  0.0000000E+00
  0.0000000E+00  0.0000000E+00
  0.0000000E+00  0.0000000E+00
  0.0000000E+00  0.0000000E+00
  0.0000000E+00  0.0000000E+00
  0.0000000E+00  0.0000000E+00
  0.0000000E+00  0.0000000E+00
  0.0000000E+00  0.0000000E+00
  0.0000000E+00  0.0000000E+00
  0.0000000E+00  0.0000000E+00
  0.0000000E+00  0.0000000E+00
  0.0000000E+00  0.0000000E+00
  0.0000000E+00  0.0000000E+00
  0.0000000E+00  0.0000000E+00
  0.0000000E+00  0.0000000E+00
  0.0000000E+00  0.0000000E+00
  0.0000000E+00  0.0000000E+00
  0.0000000E+00  0.0000000E+00
  0.0000000E+00  0.0000000E+00
  0.0000000E+00  0.0000000E+00
  0.0000000E+00  0.0000000E+00
  0.0000000E+00  0.0000000E+00
  0.0000000E+00  0.0000000E+00
  0.0000000E+00  0.0000000E+00
  0.0000000E+00  0.0000000E+00
  0.0000000E+00  0.0000000E+00
  0.0000000E+00  0.0000000E+00
  0.0000000E+00  0.0000000E+00
  0.0000000E+00  0.0000000E+00
  0.0000000E+00  0.0000000E+00
  0.0000000E+00  0.0000000E+00
  0.0000000E+00  0.0000000E+00
  0.0000000E+00  0.0000000E+00
  0.0000000E+00  0.0000000E+00
  0.0000000E+00  0.0000000E+00
  0.0000000E+00  0.0000000E+00
  0.0000000E+00  0.0000000E+00
  0.0000000E+00  0.0000000E+00
  0.0000000E+00  0.0000000E+00
  0.0000000E+00  0.0000000E+00
  0.0000000E+00  0.0000000E+00
  0.0000000E+00  0.0000000E+00
  0.0000000E+00  0.0000000E+00
  0.0000000E+00  0.0000000E+00
  0.0000000E+00  0.0000000E+00
  0.0000000E+00  0.0000000E+00
  0.0000000E+00  0.0000000E+00
  0.0000000E+00  0.0000000E+00
  0.0000000E+00  0.0000000E+00
  0.0000000E+00  0.0000000E+00
  0.0000000E+00  0.0000000E+00
  0.0000000E+00  0.0000000E+00
  0.0000000E+00  0.0000000E+00
  0.0000000E+00  0.0000000E+00
  0.0000000E+00  0.0000000E+00
  0.0000000E+00  0.0000000E+00
  0.0000000E+00  0.0000000E+00
  0.0000000E+00  0.0000000E+00
  0.0000000E+00  0.0000000E+00
  0.0000000E+00  0.0000000E+00
  0.0000000E+00  0.0000000E+00
  0.0000000E+00  0.0000000E+00
  0.0000000E+00  0.0000000E+00
  0.0000000E+00  0.0000000E+00
