 -0.2287551E+00 -0.1820118E-03
 -0.1585390E+00 -0.1264699E-03
 -0.1227846E+00 -0.9853562E-04
 -0.9764814E-01 -0.7895170E-04
 -0.8788352E-01 -0.7097076E-04
 -0.8415056E-01 -0.6715005E-04
  0.7219862E+00  0.5025159E-03
 -0.2797430E-01 -0.2590353E-04
 -0.2320514E-01 -0.2206030E-04
 -0.1804828E-01 -0.1801425E-04
 -0.7928462E-02 -0.1044605E-04
 -0.2448916E-01 -0.1469014E-04
 -0.4085381E-01 -0.1894201E-04
 -0.5664669E-01 -0.2285119E-04
 -0.7170101E-01 -0.2636697E-04
 -0.8718660E-01 -0.3052229E-04
 -0.1019819E+00 -0.3427971E-04
 -0.1168664E+00 -0.3852633E-04
 -0.1324598E+00 -0.4371596E-04
 -0.1452554E+00 -0.4667108E-04
 -0.1578212E+00 -0.4998070E-04
 -0.1716983E+00 -0.5484041E-04
 -0.1820727E+00 -0.5693392E-04
 -0.1922456E+00 -0.5952627E-04
 -0.2041302E+00 -0.6410253E-04
 -0.2118235E+00 -0.6537473E-04
 -0.2192452E+00 -0.6718329E-04
 -0.2287131E+00 -0.7133342E-04
 -0.2334482E+00 -0.7173148E-04
 -0.2377845E+00 -0.7264245E-04
 -0.2443732E+00 -0.7610311E-04
 -0.2458445E+00 -0.7552029E-04
 -0.2467997E+00 -0.7538457E-04
 -0.2501019E+00 -0.7789903E-04
 -0.2481006E+00 -0.7623196E-04
 -0.2455870E+00 -0.7501436E-04
 -0.2455035E+00 -0.7651033E-04
 -0.2401672E+00 -0.7386321E-04
 -0.2343405E+00 -0.7165872E-04
 -0.2309202E+00 -0.7212296E-04
 -0.2224900E+00 -0.6863962E-04
 -0.2136446E+00 -0.6560906E-04
 -0.2070810E+00 -0.6506896E-04
 -0.1959511E+00 -0.6095301E-04
 -0.1845191E+00 -0.5728811E-04
 -0.1751598E+00 -0.5586449E-04
 -0.1618458E+00 -0.5134210E-04
 -0.1483457E+00 -0.4725615E-04
 -0.1366185E+00 -0.4505305E-04
 -0.1217072E+00 -0.4037292E-04
 -0.1067051E+00 -0.3605851E-04
 -0.9309784E-01 -0.3318322E-04
 -0.7720023E-01 -0.2854895E-04
 -0.6127747E-01 -0.2415709E-04
 -0.4630345E-01 -0.2071375E-04
 -0.3002943E-01 -0.1627441E-04
 -0.1376287E-01 -0.1194391E-04
  0.2049951E-02 -0.7984344E-05
  0.1811233E-01 -0.3887339E-05
  0.3417505E-01  0.3121836E-06
  0.5026828E-01  0.4669553E-05
  0.6557537E-01  0.8367229E-05
  0.8083541E-01  0.1230640E-04
  0.9660854E-01  0.1692706E-04
  0.1106218E+00  0.2012675E-04
  0.1245851E+00  0.2373495E-04
  0.1395282E+00  0.2853959E-04
  0.1517434E+00  0.3114898E-04
  0.1638900E+00  0.3431075E-04
  0.1774583E+00  0.3914904E-04
  0.1874435E+00  0.4111456E-04
  0.1972187E+00  0.4363252E-04
  0.2087759E+00  0.4820724E-04
  0.2160462E+00  0.4935705E-04
  0.2229864E+00  0.5104620E-04
  0.2319714E+00  0.5508108E-04
  0.2361014E+00  0.5522666E-04
  0.2398692E+00  0.5596104E-04
  0.2460041E+00  0.5936441E-04
  0.2477747E+00  0.5938060E-04
  0.2513929E+00  0.6200354E-04
  0.2493771E+00  0.5984089E-04
  0.2384218E+00  0.5046034E-04
  0.2340873E+00  0.4782551E-04
  0.2306653E+00  0.4670177E-04
  0.2263929E+00  0.4545361E-04
  0.2212293E+00  0.4404491E-04
  0.2151946E+00  0.4250561E-04
  0.2082768E+00  0.4079798E-04
  0.2004232E+00  0.3884595E-04
  0.1916253E+00  0.3662952E-04
  0.1819493E+00  0.3417216E-04
  0.1714569E+00  0.3152029E-04
  0.1602522E+00  0.2872098E-04
  0.1483769E+00  0.2579639E-04
  0.1357972E+00  0.2266541E-04
  0.1226537E+00  0.1942199E-04
  0.1090364E+00  0.1611400E-04
  0.9474351E-01  0.1253877E-04
  0.7912815E-01  0.8036142E-05
  0.6381249E-01  0.4137044E-05
  0.5225229E-01  0.3718596E-05
  0.3794982E-01  0.7559679E-06
  0.2247602E-01 -0.3287085E-05
  0.7128309E-02 -0.7254980E-05
  0.1447993E-01  0.1690797E-05
  0.1666879E-01  0.4208960E-05
  0.1855497E-01  0.5979400E-05
  0.2095251E-01  0.7999776E-05
  0.2442652E-01  0.1082521E-04
  0.2906046E-01  0.1452788E-04
  0.3730666E-01  0.2100057E-04
  0.9637085E-01  0.6604523E-04
  0.1221742E+00  0.8679745E-04
  0.2041620E+00  0.1511834E-03
  0.6211652E+00  0.4724170E-03
  0.7391069E+00  0.5147664E-03
  0.1485454E+01  0.1136808E-02
  0.1827583E+01  0.1400935E-02
  0.2084282E+01  0.1598982E-02
  0.2243881E+01  0.1722040E-02
  0.2299027E+01  0.1764494E-02
  0.2245924E+01  0.1723411E-02
  0.2090800E+01  0.1603664E-02
  0.1848463E+01  0.1416821E-02
  0.1527978E+01  0.1169858E-02
  0.1140349E+01  0.8712022E-03
  0.7036718E+00  0.5347965E-03
  0.2378647E+00  0.1760066E-03
 -0.2379307E+00 -0.1904362E-03
 -0.7040039E+00 -0.5493757E-03
 -0.1140823E+01 -0.8857880E-03
 -0.1529964E+01 -0.1185500E-02
 -0.1853971E+01 -0.1435056E-02
 -0.2097650E+01 -0.1622731E-02
 -0.2247779E+01 -0.1738296E-02
 -0.2294605E+01 -0.1774177E-02
 -0.2238769E+01 -0.1730926E-02
 -0.2089731E+01 -0.1615967E-02
 -0.1850623E+01 -0.1431666E-02
 -0.1528098E+01 -0.1183047E-02
 -0.1137311E+01 -0.8818237E-03
 -0.6941165E+00 -0.5403259E-03
  0.5388271E+00  0.3820404E-03
  0.4518581E+00  0.3159170E-03
 -0.2681155E+00 -0.2055002E-03
 -0.2476572E+00 -0.1882442E-03
 -0.2367586E+00 -0.1779672E-03
 -0.6624924E-01 -0.5015219E-04
  0.7707218E+00  0.5659910E-03
 -0.8760697E-01 -0.6004389E-04
 -0.5338029E-01 -0.3935138E-04
 -0.1213639E+00 -0.8057438E-04
 -0.1530924E+00 -0.9968971E-04
 -0.1838776E+00 -0.1182771E-03
 -0.2153368E+00 -0.1376854E-03
 -0.2457601E+00 -0.1564621E-03
 -0.2747241E+00 -0.1742873E-03
 -0.3021222E+00 -0.1910704E-03
 -0.3281033E+00 -0.2069862E-03
 -0.3526714E+00 -0.2220619E-03
 -0.3754814E+00 -0.2360045E-03
 -0.3967055E+00 -0.2489976E-03
 -0.4163498E+00 -0.2610706E-03
 -0.4339942E+00 -0.2718638E-03
 -0.4498603E+00 -0.2816018E-03
 -0.4639409E+00 -0.2903026E-03
 -0.4757600E+00 -0.2975492E-03
 -0.4856019E+00 -0.3036048E-03
 -0.4935627E+00 -0.3085833E-03
 -0.4990079E+00 -0.3119156E-03
 -0.5022524E+00 -0.3139029E-03
 -0.5035067E+00 -0.3147310E-03
 -0.5021949E+00 -0.3138874E-03
 -0.4986901E+00 -0.3117089E-03
 -0.4932434E+00 -0.3084128E-03
 -0.4853134E+00 -0.3035113E-03
 -0.4752825E+00 -0.2973321E-03
 -0.4633735E+00 -0.2900665E-03
 -0.4491428E+00 -0.2813014E-03
 -0.4329865E+00 -0.2713811E-03
 -0.4151250E+00 -0.2604685E-03
 -0.3952142E+00 -0.2482425E-03
 -0.3736020E+00 -0.2349931E-03
 -0.3505422E+00 -0.2209148E-03
 -0.3257637E+00 -0.2057470E-03
 -0.2996113E+00 -0.1897492E-03
 -0.2723140E+00 -0.1731146E-03
 -0.2436937E+00 -0.1556240E-03
 -0.2140752E+00 -0.1375614E-03
 -0.1836426E+00 -0.1190244E-03
 -0.1523518E+00 -0.9995680E-04
 -0.1204500E+00 -0.8051994E-04
 -0.8809468E-01 -0.6083266E-04
 -0.5532544E-01 -0.4088681E-04
 -0.2233328E-01 -0.2081159E-04
  0.1073735E-01 -0.6839864E-06
  0.4372671E-01  0.1937991E-04
  0.7651078E-01  0.3932898E-04
  0.1089918E+00  0.5911288E-04
  0.1409395E+00  0.7855438E-04
  0.1721967E+00  0.9756961E-04
  0.2027434E+00  0.1161774E-03
  0.2324345E+00  0.1342563E-03
  0.2611668E+00  0.1517748E-03
  0.2888872E+00  0.1687123E-03
  0.3152965E+00  0.1848301E-03
  0.3404307E+00  0.2002102E-03
  0.3642507E+00  0.2148433E-03
  0.3863234E+00  0.2283550E-03
  0.4067558E+00  0.2408779E-03
  0.4255624E+00  0.2524564E-03
  0.4423493E+00  0.2627481E-03
  0.4572510E+00  0.2718958E-03
  0.4703069E+00  0.2799673E-03
  0.4810363E+00  0.2865249E-03
  0.4897524E+00  0.2918779E-03
  0.4965310E+00  0.2961064E-03
  0.5008772E+00  0.2987760E-03
  0.5027555E+00  0.2998498E-03
  0.5015299E+00  0.2987407E-03
  0.4976662E+00  0.2958923E-03
  0.4922206E+00  0.2922846E-03
  0.4850468E+00  0.2877518E-03
  0.4759766E+00  0.2821343E-03
  0.4650399E+00  0.2754529E-03
  0.4522988E+00  0.2677381E-03
  0.4375979E+00  0.2588415E-03
  0.4208942E+00  0.2487128E-03
  0.4022129E+00  0.2373361E-03
  0.3816874E+00  0.2248258E-03
  0.3594821E+00  0.2112906E-03
  0.3357283E+00  0.1968271E-03
  0.3104415E+00  0.1814116E-03
  0.2837111E+00  0.1650909E-03
  0.2558618E+00  0.1481221E-03
  0.2270649E+00  0.1306304E-03
  0.1973153E+00  0.1125753E-03
  0.1667815E+00  0.9404639E-04
  0.1360191E+00  0.7545841E-04
  0.1052220E+00  0.5686203E-04
  0.7442827E-01  0.3816188E-04
  0.4398388E-01  0.1961213E-04
  0.5089938E-01  0.2670492E-04
  0.3682371E+00  0.2742736E-03
  0.5676592E-01  0.3202000E-04
  0.6432447E-01  0.3829558E-04
  0.7423977E-01  0.4627215E-04
  0.8797561E-01  0.5712411E-04
  0.1132960E+00  0.7655617E-04
  0.1254860E+01  0.9481229E-03
  0.3197939E+00  0.2349090E-03
  0.1420241E+01  0.1074422E-02
  0.6974658E+00  0.5124973E-03
  0.1045232E+01  0.7879952E-03
  0.1527452E+01  0.1156261E-02
  0.1562245E+01  0.1182744E-02
  0.1523560E+01  0.1153080E-02
  0.1419426E+01  0.1073567E-02
  0.1257574E+01  0.9502904E-03
  0.1040826E+01  0.7853174E-03
  0.7779730E+00  0.5852323E-03
  0.4809199E+00  0.3591157E-03
  0.1636781E+00  0.1176725E-03
 -0.1623026E+00 -0.1303947E-03
 -0.4816445E+00 -0.3733949E-03
 -0.7793103E+00 -0.5999096E-03
 -0.1043544E+01 -0.8010148E-03
 -0.1263065E+01 -0.9681201E-03
 -0.1427584E+01 -0.1093340E-02
 -0.1527016E+01 -0.1168925E-02
 -0.1556140E+01 -0.1190854E-02
 -0.1519949E+01 -0.1163077E-02
 -0.1424039E+01 -0.1090079E-02
 -0.1261606E+01 -0.9663629E-03
 -0.1045522E+01 -0.8017013E-03
 -0.7875028E+00 -0.6051061E-03
 -0.4877560E+00 -0.3770040E-03
 -0.1100363E+00 -0.7883705E-04
 -0.2316613E+00 -0.1700009E-03
  0.2861418E+00  0.2065754E-03
 -0.7308500E-01 -0.5891779E-04
 -0.1067490E+00 -0.8061544E-04
 -0.3821403E+00 -0.2864949E-03
 -0.1073409E+00 -0.7702959E-04
 -0.4222579E+00 -0.3196699E-03
 -0.2605922E+00 -0.1778021E-03
 -0.2979454E+00 -0.2026654E-03
 -0.3327865E+00 -0.2257348E-03
 -0.3659124E+00 -0.2476797E-03
 -0.3971606E+00 -0.2683630E-03
 -0.4262553E+00 -0.2875727E-03
 -0.4533684E+00 -0.3054679E-03
 -0.4785215E+00 -0.3220789E-03
 -0.5015140E+00 -0.3372527E-03
 -0.5224130E+00 -0.3510695E-03
 -0.5411464E+00 -0.3634834E-03
 -0.5573395E+00 -0.3741850E-03
 -0.5711532E+00 -0.3833286E-03
 -0.5827628E+00 -0.3910630E-03
 -0.5918195E+00 -0.3971035E-03
 -0.5981005E+00 -0.4012738E-03
 -0.6016945E+00 -0.4036530E-03
 -0.6025305E+00 -0.4041907E-03
 -0.6006094E+00 -0.4028880E-03
 -0.5961322E+00 -0.3999224E-03
 -0.5890754E+00 -0.3952609E-03
 -0.5793532E+00 -0.3888282E-03
 -0.5671358E+00 -0.3807633E-03
 -0.5524359E+00 -0.3710542E-03
 -0.5352221E+00 -0.3596765E-03
 -0.5157209E+00 -0.3467997E-03
 -0.4939388E+00 -0.3324193E-03
 -0.4699365E+00 -0.3165711E-03
 -0.4439304E+00 -0.2994157E-03
 -0.4159659E+00 -0.2809716E-03
 -0.3861428E+00 -0.2612954E-03
 -0.3546970E+00 -0.2405702E-03
 -0.3216994E+00 -0.2188228E-03
 -0.2872780E+00 -0.1961316E-03
 -0.2516899E+00 -0.1726983E-03
 -0.2150214E+00 -0.1485387E-03
 -0.1774426E+00 -0.1237975E-03
 -0.1391432E+00 -0.9857121E-04
 -0.1002893E+00 -0.7299881E-04
 -0.6083715E-01 -0.4703918E-04
 -0.2101223E-01 -0.2082147E-04
  0.1882352E-01  0.5398566E-05
  0.5851408E-01  0.3152105E-04
  0.9791516E-01  0.5746309E-04
  0.1368379E+00  0.8308739E-04
  0.1750360E+00  0.1082347E-03
  0.2120486E+00  0.1325447E-03
  0.2480227E+00  0.1561710E-03
  0.2834338E+00  0.1794960E-03
  0.3176689E+00  0.2020578E-03
  0.3505086E+00  0.2236884E-03
  0.3821744E+00  0.2446209E-03
  0.4122267E+00  0.2645008E-03
  0.4403882E+00  0.2831178E-03
  0.4666677E+00  0.3005057E-03
  0.4908222E+00  0.3164724E-03
  0.5127822E+00  0.3309851E-03
  0.5326967E+00  0.3441874E-03
  0.5502616E+00  0.3558316E-03
  0.5652459E+00  0.3657218E-03
  0.5778843E+00  0.3740916E-03
  0.5881194E+00  0.3809108E-03
  0.5956096E+00  0.3858823E-03
  0.6001635E+00  0.3888492E-03
  0.6018463E+00  0.3898656E-03
  0.6006538E+00  0.3889142E-03
  0.5965197E+00  0.3859548E-03
  0.5898240E+00  0.3813163E-03
  0.5807319E+00  0.3751556E-03
  0.5694876E+00  0.3676664E-03
  0.5563570E+00  0.3590876E-03
  0.5412146E+00  0.3492707E-03
  0.5236070E+00  0.3378147E-03
  0.5033569E+00  0.3245511E-03
  0.4805404E+00  0.3095339E-03
  0.4555537E+00  0.2930687E-03
  0.4286323E+00  0.2753372E-03
  0.3997351E+00  0.2562946E-03
  0.3687895E+00  0.2358413E-03
  0.3361434E+00  0.2142231E-03
  0.3026965E+00  0.1921744E-03
  0.2683550E+00  0.1696271E-03
  0.2327755E+00  0.1462697E-03
  0.1963759E+00  0.1223596E-03
  0.1598849E+00  0.9842272E-04
  0.1233063E+00  0.7439715E-04
  0.8669751E-01  0.5027086E-04
  0.1162876E+01  0.8688867E-03
  0.8872389E+00  0.6608583E-03
  0.1111760E+00  0.7106381E-04
  0.1286923E+00  0.8511801E-04
 -0.3489847E+00 -0.2587433E-03
  0.1503234E+00  0.1023313E-03
  0.1965178E+00  0.1378879E-03
  0.5581942E+00  0.4158423E-03
  0.1248945E+01  0.9339631E-03
  0.1274497E+01  0.9531393E-03
  0.9730225E-01  0.5968919E-04
  0.1239109E+01  0.9261080E-03
  0.1155682E+01  0.8629576E-03
  0.1027253E+01  0.7663270E-03
  0.8522721E+00  0.6347862E-03
  0.6399713E+00  0.4750163E-03
  0.3982522E+00  0.2929886E-03
  0.1383823E+00  0.9730402E-04
 -0.1335005E+00 -0.1074280E-03
 -0.3992550E+00 -0.3074985E-03
 -0.6428033E+00 -0.4908335E-03
 -0.8570083E+00 -0.6521081E-03
 -0.1034004E+01 -0.7853896E-03
 -0.1165597E+01 -0.8844414E-03
 -0.1243494E+01 -0.9429040E-03
 -0.1265574E+01 -0.9591488E-03
 -0.1238431E+01 -0.9383740E-03
 -0.1168937E+01 -0.8864042E-03
 -0.1034569E+01 -0.7851809E-03
 -0.8629769E+00 -0.6557774E-03
 -0.6634442E+00 -0.5052355E-03
  0.1036911E+01  0.7737562E-03
 -0.1486740E+00 -0.1042034E-03
 -0.2210560E+00 -0.1512433E-03
 -0.1855878E+00 -0.1282268E-03
  0.8012075E+00  0.6013543E-03
 -0.3264591E+00 -0.2384063E-03
 -0.5955840E+00 -0.4491855E-03
 -0.2875848E+00 -0.2022511E-03
 -0.3324737E+00 -0.2330975E-03
 -0.4462947E+00 -0.3111748E-03
 -0.4787316E+00 -0.3333103E-03
 -0.5086630E+00 -0.3537069E-03
 -0.5367015E+00 -0.3728645E-03
 -0.5620782E+00 -0.3901679E-03
 -0.5851713E+00 -0.4059552E-03
 -0.6058422E+00 -0.4201143E-03
 -0.6232808E+00 -0.4319951E-03
 -0.6382627E+00 -0.4422409E-03
 -0.6515678E+00 -0.4514984E-03
 -0.6620942E+00 -0.4588494E-03
 -0.6688480E+00 -0.4634729E-03
 -0.6723566E+00 -0.4658119E-03
 -0.6727841E+00 -0.4660463E-03
 -0.6698753E+00 -0.4639556E-03
 -0.6644515E+00 -0.4602065E-03
 -0.6564255E+00 -0.4547355E-03
 -0.6452134E+00 -0.4470515E-03
 -0.6314085E+00 -0.4376336E-03
 -0.6149417E+00 -0.4264091E-03
 -0.5954399E+00 -0.4130808E-03
 -0.5735711E+00 -0.3981630E-03
 -0.5492482E+00 -0.3815769E-03
 -0.5221933E+00 -0.3630990E-03
 -0.4931097E+00 -0.3432598E-03
 -0.4618737E+00 -0.3219569E-03
 -0.4283594E+00 -0.2990756E-03
 -0.3932066E+00 -0.2751073E-03
 -0.3563102E+00 -0.2499457E-03
 -0.3176931E+00 -0.2235891E-03
 -0.2779468E+00 -0.1964954E-03
 -0.2369348E+00 -0.1685254E-03
 -0.1948094E+00 -0.1397813E-03
 -0.1521722E+00 -0.1106694E-03
 -0.1092112E+00 -0.8143454E-04
 -0.6458350E-01 -0.5101913E-04
 -0.1902882E-01 -0.1992593E-04
  0.2608703E-01  0.1083629E-04
  0.7097108E-01  0.4144386E-04
  0.1154401E+00  0.7179980E-04
  0.1590351E+00  0.1015063E-03
  0.2015070E+00  0.1304423E-03
  0.2412802E+00  0.1573986E-03
  0.2797769E+00  0.1834585E-03
  0.3194131E+00  0.2105655E-03
  0.3575419E+00  0.2366057E-03
  0.3940545E+00  0.2614941E-03
  0.4301068E+00  0.2862549E-03
  0.4639580E+00  0.3094701E-03
  0.4953276E+00  0.3309323E-03
  0.5246319E+00  0.3510097E-03
  0.5512073E+00  0.3691624E-03
  0.5754165E+00  0.3857218E-03
  0.5977653E+00  0.4011059E-03
  0.6170534E+00  0.4143305E-03
  0.6333286E+00  0.4254094E-03
  0.6475298E+00  0.4351870E-03
  0.6590344E+00  0.4431627E-03
  0.6668251E+00  0.4484792E-03
  0.6707591E+00  0.4510262E-03
  0.6716890E+00  0.4514635E-03
  0.6698518E+00  0.4500233E-03
  0.6641672E+00  0.4458371E-03
  0.6557298E+00  0.4397349E-03
  0.6450115E+00  0.4322506E-03
  0.6321624E+00  0.4233803E-03
  0.6184155E+00  0.4143115E-03
  0.6028278E+00  0.4040627E-03
  0.5837179E+00  0.3913119E-03
  0.5607448E+00  0.3757729E-03
  0.5345680E+00  0.3579032E-03
  0.5063294E+00  0.3386300E-03
  0.4760647E+00  0.3180010E-03
  0.4431525E+00  0.2955172E-03
  0.4073997E+00  0.2709335E-03
  0.3701019E+00  0.2451835E-03
  0.3339720E+00  0.2205751E-03
  0.2972582E+00  0.1957454E-03
  0.2577777E+00  0.1688668E-03
  0.2174142E+00  0.1413336E-03
  0.1783918E+00  0.1149399E-03
  0.1387148E+00  0.8795928E-04
  0.1061331E+01  0.7819652E-03
  0.1100782E+01  0.8121412E-03
 -0.1768182E+00 -0.1275610E-03
  0.6988410E+00  0.5178915E-03
  0.1007738E+01  0.7431746E-03
 -0.4373493E+00 -0.3222855E-03
 -0.1686558E+00 -0.1210793E-03
  0.1868303E+00  0.1265871E-03
 -0.8073267E-01 -0.6446108E-04
  0.9907755E+00  0.7287949E-03
 -0.3723621E+00 -0.2604039E-03
  0.1080521E+01  0.7972177E-03
 -0.4436580E-01 -0.3814821E-04
 -0.2466292E+00 -0.1783509E-03
  0.7357919E+00  0.5403424E-03
  0.5576333E+00  0.4081106E-03
  0.3510801E+00  0.2543981E-03
  0.1263786E+00  0.8711468E-04
 -0.1170529E+00 -0.9412808E-04
 -0.3537281E+00 -0.2702134E-03
 -0.5633328E+00 -0.4260765E-03
 -0.7452232E+00 -0.5613550E-03
 -0.8947455E+00 -0.6725653E-03
 -0.1005315E+01 -0.7547264E-03
 -0.1069862E+01 -0.8024292E-03
 -0.1086425E+01 -0.8140621E-03
 -0.1060559E+01 -0.7937723E-03
 -0.1020405E+01 -0.7653756E-03
 -0.8954119E+00 -0.6724285E-03
 -0.7535109E+00 -0.5667257E-03
  0.9126273E+00  0.6736518E-03
  0.1616352E+00  0.1063897E-03
 -0.4105186E+00 -0.2866306E-03
  0.2081439E+00  0.1441782E-03
 -0.1716474E+00 -0.1278417E-03
  0.8844860E+00  0.6501062E-03
  0.2536012E+00  0.1787744E-03
 -0.3976711E+00 -0.2887709E-03
 -0.3085896E+00 -0.2217605E-03
  0.4946134E+00  0.3546281E-03
  0.3597803E+00  0.2548538E-03
 -0.2067878E+00 -0.1471643E-03
 -0.3600896E+00 -0.2576114E-03
  0.9439118E+00  0.6841840E-03
 -0.4885924E+00 -0.3477806E-03
 -0.5232070E+00 -0.3717606E-03
 -0.6134309E+00 -0.4345592E-03
 -0.6379268E+00 -0.4516134E-03
 -0.6607520E+00 -0.4676219E-03
 -0.6779433E+00 -0.4794486E-03
 -0.6935629E+00 -0.4903511E-03
 -0.7103886E+00 -0.5026144E-03
 -0.7242188E+00 -0.5127273E-03
 -0.7309043E+00 -0.5173176E-03
 -0.7334877E+00 -0.5188474E-03
 -0.7334688E+00 -0.5187226E-03
 -0.7283554E+00 -0.5148374E-03
 -0.7220494E+00 -0.5103414E-03
 -0.7139984E+00 -0.5048221E-03
 -0.7007003E+00 -0.4954290E-03
 -0.6858099E+00 -0.4850692E-03
 -0.6686940E+00 -0.4732519E-03
 -0.6464543E+00 -0.4576399E-03
 -0.6229904E+00 -0.4413256E-03
 -0.5971680E+00 -0.4234256E-03
 -0.5667406E+00 -0.4021054E-03
 -0.5355601E+00 -0.3804203E-03
 -0.5020215E+00 -0.3571126E-03
 -0.4645583E+00 -0.3308792E-03
 -0.4268878E+00 -0.3046877E-03
 -0.3869278E+00 -0.2768702E-03
 -0.3439750E+00 -0.2468126E-03
 -0.3012939E+00 -0.2171346E-03
 -0.2560529E+00 -0.1855797E-03
 -0.2089056E+00 -0.1525954E-03
 -0.1636212E+00 -0.1208746E-03
 -0.1197873E+00 -0.9059352E-04
 -0.6968892E-01 -0.5564310E-04
 -0.1666272E-01 -0.1853584E-04
  0.3335046E-01  0.1627471E-04
  0.8405261E-01  0.5173005E-04
  0.1334946E+00  0.8627666E-04
  0.1807910E+00  0.1191443E-03
  0.2284573E+00  0.1523604E-03
  0.2659263E+00  0.1780565E-03
  0.3036265E+00  0.2040104E-03
  0.3480852E+00  0.2352818E-03
  0.3897846E+00  0.2644656E-03
  0.4288554E+00  0.2916010E-03
  0.4712979E+00  0.3216680E-03
  0.5085741E+00  0.3478107E-03
  0.5421032E+00  0.3711657E-03
  0.5746231E+00  0.3939933E-03
  0.6026027E+00  0.4134710E-03
  0.6284547E+00  0.4315659E-03
  0.6545177E+00  0.4501039E-03
  0.6751712E+00  0.4645896E-03
  0.6918356E+00  0.4760067E-03
  0.7083952E+00  0.4877659E-03
  0.7218633E+00  0.4974543E-03
  0.7292445E+00  0.5025038E-03
  0.7302088E+00  0.5026919E-03
  0.7298166E+00  0.5020385E-03
  0.7280692E+00  0.5006797E-03
  0.7191626E+00  0.4939311E-03
  0.7090147E+00  0.4862779E-03
  0.6973007E+00  0.4781162E-03
  0.6824932E+00  0.4674626E-03
  0.6701959E+00  0.4597519E-03
  0.6573558E+00  0.4515408E-03
  0.6370820E+00  0.4378713E-03
  0.6105090E+00  0.4194911E-03
  0.5798860E+00  0.3979446E-03
  0.5490319E+00  0.3763803E-03
  0.5160299E+00  0.3534148E-03
  0.4787360E+00  0.3273599E-03
  0.4367608E+00  0.2976428E-03
  0.3953730E+00  0.2681553E-03
  0.3600510E+00  0.2436249E-03
  0.3267670E+00  0.2211430E-03
  0.2807705E+00  0.1889007E-03
  0.2369068E+00  0.1580510E-03
 -0.4474717E+00 -0.3189259E-03
 -0.4032891E+00 -0.2876639E-03
 -0.2336646E+00 -0.1646179E-03
  0.1194452E+00  0.8059248E-04
  0.6567400E+00  0.4746188E-03
  0.8838175E+00  0.6406166E-03
  0.7614545E+00  0.5489036E-03
  0.2511760E+00  0.1729736E-03
 -0.4697729E+00 -0.3507287E-03
  0.9251313E+00  0.6693053E-03
 -0.5121347E+00 -0.3758958E-03
 -0.5419283E+00 -0.4028087E-03
  0.6445895E+00  0.4652896E-03
  0.4949439E+00  0.3562724E-03
 -0.1060505E+00 -0.8496710E-04
 -0.3238620E+00 -0.2446087E-03
 -0.5054736E+00 -0.3775045E-03
 -0.6614213E+00 -0.4917199E-03
 -0.7896042E+00 -0.5855637E-03
 -0.8850037E+00 -0.6553383E-03
 -0.9408367E+00 -0.6958703E-03
 -0.9519995E+00 -0.7031113E-03
 -0.2961565E+00 -0.2288475E-03
 -0.8785213E+00 -0.6478890E-03
 -0.7862391E+00 -0.5825941E-03
 -0.6672542E+00 -0.4952516E-03
  0.7875991E+00  0.5701266E-03
 -0.5549758E+00 -0.3937606E-03
  0.3157876E+00  0.2248429E-03
 -0.5863416E+00 -0.4157242E-03
 -0.4310698E+00 -0.3295979E-03
 -0.4762958E+00 -0.3445900E-03
  0.1995668E+00  0.1325114E-03
  0.2714268E+00  0.1902213E-03
 -0.5299740E+00 -0.3831342E-03
 -0.9238312E-01 -0.7359031E-04
 -0.8057562E-01 -0.6288302E-04
  0.8320679E+00  0.5899983E-03
  0.4238302E+00  0.2980558E-03
 -0.7101623E+00 -0.5099681E-03
 -0.5625651E+00 -0.4056470E-03
 -0.6580334E+00 -0.4730160E-03
 -0.6822712E+00 -0.4900219E-03
 -0.7371746E+00 -0.5284779E-03
 -0.7626403E+00 -0.5479874E-03
 -0.7885828E+00 -0.5681728E-03
 -0.7926242E+00 -0.5706877E-03
 -0.7892240E+00 -0.5668991E-03
 -0.7909295E+00 -0.5680583E-03
 -0.7782317E+00 -0.5581729E-03
 -0.7716775E+00 -0.5533945E-03
 -0.7673669E+00 -0.5507109E-03
 -0.7482197E+00 -0.5367868E-03
 -0.7334521E+00 -0.5264052E-03
 -0.7190307E+00 -0.5165603E-03
 -0.6902163E+00 -0.4957941E-03
 -0.6669191E+00 -0.4794254E-03
 -0.6423904E+00 -0.4623613E-03
 -0.6048943E+00 -0.4354383E-03
 -0.5739304E+00 -0.4136785E-03
 -0.5402090E+00 -0.3900359E-03
 -0.4954796E+00 -0.3579876E-03
 -0.4579818E+00 -0.3316301E-03
 -0.4163466E+00 -0.3022933E-03
 -0.3661170E+00 -0.2663565E-03
 -0.3233927E+00 -0.2363231E-03
 -0.2721869E+00 -0.1999879E-03
 -0.2141980E+00 -0.1585148E-03
 -0.1449136E+00 -0.1099125E-03
 -0.1351313E-01 -0.1636320E-04
  0.3810805E-01  0.1995639E-04
  0.9781777E-01  0.6255275E-04
  0.1523012E+00  0.1012825E-03
  0.2003427E+00  0.1349356E-03
  0.2700731E+00  0.1846263E-03
  0.3660354E+00  0.2512046E-03
  0.4492280E+00  0.3106953E-03
  0.5096459E+00  0.3545453E-03
  0.5482430E+00  0.3819177E-03
  0.5810747E+00  0.4048654E-03
  0.6198050E+00  0.4326351E-03
  0.6462501E+00  0.4511869E-03
  0.6718036E+00  0.4694873E-03
  0.7099479E+00  0.4975748E-03
  0.7318851E+00  0.5135085E-03
  0.7426301E+00  0.5198559E-03
  0.7641176E+00  0.5354697E-03
  0.7817578E+00  0.5487553E-03
  0.7887712E+00  0.5533926E-03
  0.7797626E+00  0.5457959E-03
  0.7777156E+00  0.5437238E-03
  0.7796629E+00  0.5449115E-03
 -0.1574625E+00 -0.1171373E-03
  0.7212473E+00  0.5030175E-03
  0.7140182E+00  0.4995386E-03
  0.6888252E+00  0.4822508E-03
  0.6552638E+00  0.4587728E-03
  0.6179192E+00  0.4316916E-03
  0.5864703E+00  0.4092802E-03
  0.5520118E+00  0.3849120E-03
  0.5089858E+00  0.3546867E-03
  0.4529263E+00  0.3137616E-03
  0.9240138E+00  0.6683841E-03
 -0.5940638E+00 -0.4275883E-03
  0.1079184E+00  0.7033555E-04
  0.5822529E+00  0.4101666E-03
  0.7660435E+00  0.5414156E-03
  0.6607672E+00  0.4669823E-03
 -0.5948949E+00 -0.4356734E-03
  0.2865392E+00  0.1985421E-03
 -0.2878358E+00 -0.2135713E-03
  0.3477460E+00  0.2494329E-03
 -0.6326205E+00 -0.4552635E-03
 -0.4441674E+00 -0.3254614E-03
 -0.5766670E+00 -0.4202281E-03
 -0.6860775E+00 -0.4984512E-03
 -0.7679259E+00 -0.5568968E-03
 -0.8194507E+00 -0.5937869E-03
 -0.8494001E+00 -0.6170719E-03
  0.1332804E+00  0.9205227E-04
 -0.7558991E+00 -0.5466456E-03
 -0.6811247E+00 -0.4949389E-03
  0.6919865E-01  0.4513334E-04
  0.8328981E+00  0.5916136E-03
 -0.7225076E+00 -0.5182052E-03
  0.9510245E+00  0.6879328E-03
  0.8505619E+00  0.6047743E-03
  0.7599857E+00  0.5294172E-03
  0.8435954E+00  0.5991135E-03
  0.5630921E+00  0.3978135E-03
  0.6900446E+00  0.4876378E-03
 -0.1926980E+00 -0.1452368E-03
  0.4924694E+00  0.3572282E-03
  0.5100712E+00  0.3754617E-03
  0.3788537E+00  0.2627849E-03
  0.2360610E+00  0.1590214E-03
  0.2412718E+00  0.1690849E-03
  0.6630249E+00  0.5009549E-03
  0.1083775E+01  0.8266174E-03
 -0.8655252E+00 -0.6338843E-03
 -0.9277456E+00 -0.6829984E-03
 -0.4288321E+00 -0.3102062E-03
  0.7755898E+00  0.5549513E-03
  0.3000865E+00  0.2063301E-03
  0.8619173E+00  0.6204335E-03
  0.8226159E+00  0.5820930E-03
  0.4147112E+00  0.2866356E-03
  0.7627108E+00  0.5324075E-03
  0.1380304E-01  0.2950263E-05
  0.7706828E+00  0.5430339E-03
  0.3259336E+00  0.2260242E-03
  0.6977008E+00  0.4934425E-03
 -0.7605134E+00 -0.5497575E-03
  0.1959034E+00  0.1339243E-03
 -0.7125975E+00 -0.5175685E-03
 -0.3664392E+00 -0.2699814E-03
  0.6015294E+00  0.4245127E-03
 -0.6162593E+00 -0.4486123E-03
  0.6380991E+00  0.4515880E-03
 -0.5072573E+00 -0.3709093E-03
 -0.6269605E+00 -0.4566320E-03
 -0.7215694E+00 -0.5243254E-03
 -0.7873977E+00 -0.5713338E-03
 -0.8230556E+00 -0.5967498E-03
 -0.8421022E+00 -0.6113675E-03
  0.7840065E+00  0.5544314E-03
  0.3984388E+00  0.2736714E-03
  0.3056325E+00  0.2082964E-03
  0.8134839E+00  0.5783641E-03
 -0.7973948E+00 -0.5785408E-03
  0.7376847E+00  0.5251678E-03
  0.4757286E+00  0.3349645E-03
  0.3153306E+00  0.2474357E-03
  0.2647834E+00  0.2089516E-03
  0.2488567E+00  0.1960822E-03
  0.2410203E+00  0.1891473E-03
  0.2362421E+00  0.1844376E-03
  0.2327861E+00  0.1806811E-03
  0.2300455E+00  0.1774427E-03
  0.2276794E+00  0.1744772E-03
  0.2255400E+00  0.1716804E-03
  0.2235408E+00  0.1689941E-03
  0.2216054E+00  0.1663649E-03
  0.2196945E+00  0.1637666E-03
  0.2177779E+00  0.1611782E-03
  0.2158546E+00  0.1586010E-03
  0.2139409E+00  0.1560466E-03
  0.2120984E+00  0.1535573E-03
  0.2105151E+00  0.1512649E-03
  0.2095693E+00  0.1494315E-03
  0.2101091E+00  0.1486443E-03
  0.2141578E+00  0.1503037E-03
  0.6330676E+00  0.4432771E-03
  0.1024299E+01  0.7168679E-03
  0.1370775E+01  0.9591410E-03
  0.1657335E+01  0.1159487E-02
  0.1871475E+01  0.1309173E-02
  0.2003793E+01  0.1401617E-02
  0.2048505E+01  0.1432783E-02
  0.2003704E+01  0.1401341E-02
  0.1871360E+01  0.1308678E-02
  0.1657231E+01  0.1158821E-02
  0.1370677E+01  0.9583239E-03
  0.1024200E+01  0.7159288E-03
  0.6329686E+00  0.4422539E-03
  0.2140739E+00  0.1492506E-03
 -0.2141802E+00 -0.1502781E-03
 -0.6330732E+00 -0.4432362E-03
 -0.1024297E+01 -0.7168229E-03
 -0.1370756E+01 -0.9590796E-03
 -0.1657305E+01 -0.1159420E-02
 -0.1871426E+01 -0.1309088E-02
 -0.2003754E+01 -0.1401544E-02
 -0.2048510E+01 -0.1432741E-02
 -0.2003734E+01 -0.1401321E-02
 -0.1871391E+01 -0.1308659E-02
 -0.1657254E+01 -0.1158797E-02
 -0.1370694E+01 -0.9582961E-03
 -0.1024228E+01 -0.7159095E-03
 -0.6329998E+00 -0.4422355E-03
 -0.2141052E+00 -0.1492322E-03
 -0.2100458E+00 -0.1475489E-03
 -0.2095006E+00 -0.1482963E-03
 -0.2104381E+00 -0.1500772E-03
 -0.2120079E+00 -0.1523061E-03
 -0.2138330E+00 -0.1547212E-03
 -0.2157324E+00 -0.1571974E-03
 -0.2176405E+00 -0.1596885E-03
 -0.2195341E+00 -0.1621750E-03
 -0.2214345E+00 -0.1646707E-03
 -0.2233679E+00 -0.1671946E-03
 -0.2253668E+00 -0.1697659E-03
 -0.2274912E+00 -0.1724277E-03
 -0.2298309E+00 -0.1752491E-03
 -0.2325445E+00 -0.1783507E-03
 -0.2359250E+00 -0.1819665E-03
 -0.2406168E+00 -0.1866151E-03
 -0.2483164E+00 -0.1936564E-03
 -0.2640202E+00 -0.2070890E-03
 -0.3145803E+00 -0.2483138E-03
 -0.9299696E+00 -0.7326800E-03
 -0.1505347E+01 -0.1185576E-02
 -0.2015450E+01 -0.1587123E-02
 -0.2437354E+01 -0.1919291E-02
 -0.2752295E+01 -0.2167312E-02
 -0.2946700E+01 -0.2320467E-02
 -0.3012425E+01 -0.2372367E-02
 -0.2946671E+01 -0.2320790E-02
 -0.2752211E+01 -0.2167918E-02
 -0.2437375E+01 -0.1920291E-02
 -0.2015957E+01 -0.1588768E-02
 -0.1506365E+01 -0.1187825E-02
 -0.9309843E+00 -0.7350759E-03
 -0.3149717E+00 -0.2503105E-03
  0.3148147E+00  0.2453305E-03
  0.9309062E+00  0.7302283E-03
  0.1506339E+01  0.1183161E-02
  0.2015909E+01  0.1584291E-02
  0.2437298E+01  0.1916055E-02
  0.2752247E+01  0.2164084E-02
  0.2947205E+01  0.2317686E-02
  0.3013500E+01  0.2370039E-02
  0.2947937E+01  0.2318617E-02
  0.2753205E+01  0.2165522E-02
  0.2437635E+01  0.1917320E-02
  0.2014629E+01  0.1584539E-02
  0.1502537E+01  0.1181605E-02
  0.9285105E+00  0.7299605E-03
  0.7121568E+00  0.5566893E-03
  0.6980723E+00  0.5427952E-03
  0.6879869E+00  0.5318721E-03
  0.6799231E+00  0.5224402E-03
  0.6729597E+00  0.5138178E-03
  0.6666557E+00  0.5056893E-03
  0.6607464E+00  0.4978601E-03
  0.6550267E+00  0.4901919E-03
  0.6493814E+00  0.4826034E-03
  0.6437971E+00  0.4750941E-03
  0.6382568E+00  0.4676554E-03
  0.6326519E+00  0.4602094E-03
  0.6271603E+00  0.4528762E-03
  0.6224012E+00  0.4460932E-03
  0.6195464E+00  0.4406768E-03
  0.6210990E+00  0.4383536E-03
  0.1004932E+01  0.7088986E-03
  0.1344873E+01  0.9484862E-03
  0.1626174E+01  0.1146720E-02
  0.1836339E+01  0.1294794E-02
  0.1966095E+01  0.1386162E-02
  0.2009578E+01  0.1416694E-02
  0.1965481E+01  0.1385498E-02
  0.1835667E+01  0.1293886E-02
  0.1625674E+01  0.1145768E-02
  0.1344604E+01  0.9475520E-03
  0.1004728E+01  0.7078963E-03
  0.6209137E+00  0.4372798E-03
  0.2099626E+00  0.1475564E-03
 -0.2101694E+00 -0.1486186E-03
 -0.6211154E+00 -0.4382954E-03
 -0.1004918E+01 -0.7088182E-03
 -0.1344799E+01 -0.9483576E-03
 -0.1625910E+01 -0.1146452E-02
 -0.1835959E+01 -0.1294439E-02
 -0.1965767E+01 -0.1385852E-02
 -0.2009663E+01 -0.1416693E-02
 -0.1965725E+01 -0.1385615E-02
 -0.1835881E+01 -0.1293984E-02
 -0.1625809E+01 -0.1145803E-02
 -0.1344680E+01 -0.9475442E-03
 -0.1004787E+01 -0.7078719E-03
 -0.6209807E+00 -0.4372617E-03
 -0.6193684E+00 -0.4395076E-03
 -0.6221368E+00 -0.4448163E-03
 -0.6267869E+00 -0.4514627E-03
 -0.6321860E+00 -0.4586678E-03
 -0.6378246E+00 -0.4660704E-03
 -0.6434855E+00 -0.4735209E-03
 -0.6491140E+00 -0.4809791E-03
 -0.6547465E+00 -0.4884643E-03
 -0.6604633E+00 -0.4960267E-03
 -0.6663812E+00 -0.5037471E-03
 -0.6726754E+00 -0.5117475E-03
 -0.6796183E+00 -0.5202278E-03
 -0.6876699E+00 -0.5295352E-03
 -0.6977056E+00 -0.5403379E-03
 -0.7116963E+00 -0.5541671E-03
 -0.7345558E+00 -0.5748535E-03
 -0.7810345E+00 -0.6138886E-03
 -0.1263996E+01 -0.9939191E-03
 -0.1691786E+01 -0.1330571E-02
 -0.2045690E+01 -0.1609113E-02
 -0.2310049E+01 -0.1817224E-02
 -0.2473334E+01 -0.1945830E-02
 -0.2528500E+01 -0.1989379E-02
 -0.2473263E+01 -0.1946067E-02
 -0.2309979E+01 -0.1817742E-02
 -0.2045783E+01 -0.1610009E-02
 -0.1692112E+01 -0.1331867E-02
 -0.1264457E+01 -0.9954972E-03
 -0.7815211E+00 -0.6156078E-03
 -0.2644148E+00 -0.2088072E-03
  0.2642257E+00  0.2071008E-03
  0.7813537E+00  0.6139817E-03
  0.1264341E+01  0.9940298E-03
  0.1692051E+01  0.1330619E-02
  0.2045835E+01  0.1609070E-02
  0.2310227E+01  0.1817213E-02
  0.2473707E+01  0.1945976E-02
  0.2529175E+01  0.1989766E-02
  0.2474142E+01  0.1946621E-02
  0.2310930E+01  0.1818350E-02
  0.2046560E+01  0.1610481E-02
  0.1692638E+01  0.1332137E-02
  0.1264649E+01  0.9954995E-03
  0.7817985E+00  0.6156790E-03
  0.7351245E+00  0.5772426E-03
  0.1129441E+01  0.8774912E-03
  0.1088808E+01  0.8307064E-03
  0.1078623E+01  0.8176018E-03
  0.1069030E+01  0.8049492E-03
  0.1059770E+01  0.7925684E-03
  0.1050712E+01  0.7803782E-03
  0.1042045E+01  0.7685293E-03
  0.1033360E+01  0.7567266E-03
  0.1024462E+01  0.7448218E-03
  0.1015476E+01  0.7329001E-03
  0.1007426E+01  0.7216827E-03
  0.1002516E+01  0.7127188E-03
  0.1341897E+01  0.9537838E-03
  0.1832575E+01  0.1302227E-02
  0.1623057E+01  0.1153470E-02
  0.1961681E+01  0.1393836E-02
  0.2004201E+01  0.1423897E-02
  0.1959784E+01  0.1392211E-02
  0.1830275E+01  0.1300110E-02
  0.1621107E+01  0.1151438E-02
  0.1340933E+01  0.9523255E-03
  0.1002032E+01  0.7115030E-03
  0.6192548E+00  0.4395204E-03
  0.2093776E+00  0.1483041E-03
 -0.2096679E+00 -0.1494030E-03
 -0.6195477E+00 -0.4405767E-03
 -0.1002355E+01 -0.7124960E-03
 -0.1341349E+01 -0.9532703E-03
 -0.1621722E+01 -0.1152382E-02
 -0.1831223E+01 -0.1301131E-02
 -0.1960690E+01 -0.1393010E-02
 -0.2004464E+01 -0.1424007E-02
 -0.1960638E+01 -0.1392770E-02
 -0.1831124E+01 -0.1300661E-02
 -0.1621592E+01 -0.1151710E-02
 -0.1341198E+01 -0.9524288E-03
 -0.1002179E+01 -0.7115153E-03
 -0.1006658E+01 -0.7201189E-03
 -0.1022929E+01 -0.7425753E-03
 -0.1014182E+01 -0.7308924E-03
 -0.1032053E+01 -0.7545761E-03
 -0.1041224E+01 -0.7666646E-03
 -0.1050345E+01 -0.7787690E-03
 -0.1059464E+01 -0.7909111E-03
 -0.1068715E+01 -0.8031831E-03
 -0.1078290E+01 -0.8157109E-03
 -0.1088477E+01 -0.8286978E-03
 -0.1099720E+01 -0.8424653E-03
 -0.1112778E+01 -0.8575813E-03
 -0.1128996E+01 -0.8750757E-03
 -0.1151648E+01 -0.8974637E-03
 -0.1188710E+01 -0.9309237E-03
 -0.1590924E+01 -0.1246303E-02
 -0.2172204E+01 -0.1702195E-02
 -0.1923612E+01 -0.1507203E-02
 -0.2325825E+01 -0.1822750E-02
 -0.2377764E+01 -0.1863602E-02
 -0.2325842E+01 -0.1823039E-02
 -0.2172277E+01 -0.1702786E-02
 -0.1923809E+01 -0.1508128E-02
 -0.1591202E+01 -0.1247499E-02
 -0.1189064E+01 -0.9323424E-03
 -0.7349489E+00 -0.5764142E-03
 -0.2486974E+00 -0.1952681E-03
  0.2484173E+00  0.1944226E-03
  0.7346931E+00  0.5756447E-03
  0.1188857E+01  0.9317239E-03
  0.1591080E+01  0.1247110E-02
  0.1923788E+01  0.1508028E-02
  0.2172417E+01  0.1703051E-02
  0.2326148E+01  0.1823699E-02
  0.2378253E+01  0.1864685E-02
  0.2326435E+01  0.1824202E-02
  0.2172889E+01  0.1703969E-02
  0.1924319E+01  0.1509229E-02
  0.1591604E+01  0.1248507E-02
  0.1189320E+01  0.9332338E-03
  0.1113120E+01  0.8598382E-03
  0.1100065E+01  0.8446099E-03
  0.1152145E+01  0.8999081E-03
  0.1430410E+01  0.1076738E-02
  0.1443308E+01  0.1093693E-02
  0.1406121E+01  0.1044079E-02
  0.1394707E+01  0.1028390E-02
  0.1383492E+01  0.1012905E-02
  0.1372086E+01  0.9973352E-03
  0.1360257E+01  0.9815207E-03
  0.1349068E+01  0.9662117E-03
  0.2013240E+01  0.1441221E-02
  0.1967537E+01  0.1408321E-02
  0.1841922E+01  0.1318869E-02
  0.1971130E+01  0.1411234E-02
  0.1631835E+01  0.1168568E-02
  0.1837694E+01  0.1315291E-02
  0.1627787E+01  0.1164966E-02
  0.1346650E+01  0.9636655E-03
  0.1006380E+01  0.7200371E-03
  0.6219573E+00  0.4448106E-03
  0.2102707E+00  0.1500858E-03
 -0.2106386E+00 -0.1512203E-03
 -0.6223432E+00 -0.4459156E-03
 -0.1006856E+01 -0.7211252E-03
 -0.1347364E+01 -0.9648143E-03
 -0.1628979E+01 -0.1166328E-02
 -0.1839402E+01 -0.1316869E-02
 -0.1969445E+01 -0.1409860E-02
 -0.2013406E+01 -0.1441225E-02
 -0.1969398E+01 -0.1409619E-02
 -0.1839315E+01 -0.1316403E-02
 -0.1628841E+01 -0.1165646E-02
 -0.1347196E+01 -0.9639545E-03
 -0.1393455E+01 -0.1026292E-02
 -0.1405670E+01 -0.1042513E-02
 -0.1368962E+01 -0.9940213E-03
 -0.1381175E+01 -0.1010096E-02
 -0.1357259E+01 -0.9783792E-03
 -0.1417881E+01 -0.1058785E-02
 -0.1430267E+01 -0.1075230E-02
 -0.1443081E+01 -0.1092017E-02
 -0.1456709E+01 -0.1109412E-02
 -0.1471749E+01 -0.1127856E-02
 -0.1489232E+01 -0.1148115E-02
 -0.1510879E+01 -0.1171495E-02
 -0.1541289E+01 -0.1201529E-02
 -0.2303532E+01 -0.1796685E-02
 -0.2253219E+01 -0.1757565E-02
 -0.2104388E+01 -0.1641061E-02
 -0.2253196E+01 -0.1757286E-02
 -0.1863576E+01 -0.1453070E-02
 -0.2104467E+01 -0.1641638E-02
 -0.1863743E+01 -0.1453945E-02
 -0.1541545E+01 -0.1202671E-02
 -0.1151961E+01 -0.8988067E-03
 -0.7120316E+00 -0.5556374E-03
 -0.2409696E+00 -0.1881529E-03
  0.2406273E+00  0.1875772E-03
  0.7117091E+00  0.5551320E-03
  0.1151693E+01  0.8984517E-03
  0.1541346E+01  0.1202530E-02
  0.1863651E+01  0.1454087E-02
  0.2104538E+01  0.1642138E-02
  0.2253476E+01  0.1758466E-02
  0.2303930E+01  0.1797966E-02
  0.2253676E+01  0.1758892E-02
  0.2104914E+01  0.1642956E-02
  0.1864137E+01  0.1455217E-02
  0.1541834E+01  0.1203859E-02
  0.1489575E+01  0.1150227E-02
  0.1472091E+01  0.1129858E-02
  0.1418031E+01  0.1060207E-02
  0.1511461E+01  0.1173864E-02
  0.1456993E+01  0.1111250E-02
  0.1699075E+01  0.1261457E-02
  0.1685020E+01  0.1242315E-02
  0.1644861E+01  0.1186722E-02
  0.1851267E+01  0.1334857E-02
  0.1639756E+01  0.1182262E-02
  0.1982286E+01  0.1429482E-02
  0.2028348E+01  0.1462869E-02
  0.1855661E+01  0.1338648E-02
  0.1985698E+01  0.1432292E-02
 -0.1744770E+01 -0.1320557E-02
  0.1013854E+01  0.7308035E-03
  0.6265514E+00  0.4514523E-03
  0.2118098E+00  0.1523288E-03
 -0.2122332E+00 -0.1534831E-03
 -0.6270027E+00 -0.4525837E-03
 -0.1014378E+01 -0.7319093E-03
 -0.1357412E+01 -0.9792357E-03
 -0.1641124E+01 -0.1183764E-02
 -0.1853109E+01 -0.1336550E-02
 -0.1984119E+01 -0.1430933E-02
 -0.2028418E+01 -0.1462778E-02
 -0.1984084E+01 -0.1430701E-02
 -0.1853042E+01 -0.1336098E-02
 -0.1641004E+01 -0.1183090E-02
 -0.1714295E+01 -0.1280349E-02
 -0.1729272E+01 -0.1300244E-02
 -0.1699525E+01 -0.1260658E-02
 -0.1684757E+01 -0.1241040E-02
 -0.1655160E+01 -0.1202015E-02
 -0.1669920E+01 -0.1221454E-02
 -0.1511091E+01 -0.1172579E-02
 -0.1761245E+01 -0.1341600E-02
 -0.1779429E+01 -0.1363916E-02
 -0.1800565E+01 -0.1388423E-02
 -0.1826805E+01 -0.1416753E-02
 -0.2062941E+01 -0.1600615E-02
 -0.1826914E+01 -0.1417567E-02
 -0.2208713E+01 -0.1713609E-02
 -0.2258064E+01 -0.1751777E-02
 -0.2062828E+01 -0.1600021E-02
 -0.2208717E+01 -0.1713354E-02
 -0.1129224E+01 -0.8763245E-03
 -0.6979902E+00 -0.5417353E-03
 -0.2362408E+00 -0.1834410E-03
  0.2358552E+00  0.1829089E-03
  0.6976327E+00  0.5412771E-03
  0.1128887E+01  0.8759917E-03
  0.1510871E+01  0.1172491E-02
  0.1826812E+01  0.1417762E-02
  0.2062903E+01  0.1601086E-02
  0.2208826E+01  0.1714453E-02
  0.2258311E+01  0.1752982E-02
  0.2209072E+01  0.1714902E-02
  0.2063268E+01  0.1601874E-02
  0.1827257E+01  0.1418836E-02
  0.1761438E+01  0.1343196E-02
  0.1713708E+01  0.1281087E-02
  0.1779717E+01  0.1365696E-02
  0.1356621E+01  0.9780403E-03
  0.1800940E+01  0.1390378E-02
  0.1744757E+01  0.1321888E-02
  0.1658330E+01  0.1205236E-02
  0.1671532E+01  0.1223642E-02
  0.1728960E+01  0.1301258E-02
  0.1917517E+01  0.1423493E-02
  0.1901181E+01  0.1401532E-02
  0.2001669E+01  0.1454409E-02
  0.1868375E+01  0.1357070E-02
  0.1654748E+01  0.1201825E-02
  0.1870562E+01  0.1359333E-02
  0.2000556E+01  0.1453239E-02
  0.2045780E+01  0.1486275E-02
 -0.2009321E+01 -0.1540331E-02
  0.1022763E+01  0.7426423E-03
 -0.1919066E+01 -0.1423669E-02
  0.2136270E+00  0.1547802E-03
  0.6319841E+00  0.4587209E-03
 -0.6324114E+00 -0.4598114E-03
 -0.1023111E+01 -0.7435944E-03
 -0.1369085E+01 -0.9948666E-03
 -0.1655236E+01 -0.1202666E-02
 -0.1869023E+01 -0.1357879E-02
 -0.2001167E+01 -0.1453776E-02
 -0.2045863E+01 -0.1486143E-02
 -0.2001160E+01 -0.1453563E-02
 -0.1868995E+01 -0.1357449E-02
 -0.1885659E+01 -0.1379402E-02
 -0.1489388E+01 -0.1149139E-02
 -0.1952644E+01 -0.1468378E-02
 -0.1935734E+01 -0.1445904E-02
 -0.1902402E+01 -0.1401514E-02
 -0.6879705E+00 -0.5309194E-03
 -0.2033193E+01 -0.1568019E-02
 -0.2176981E+01 -0.1679335E-02
 -0.1988760E+01 -0.1515107E-02
 -0.2176962E+01 -0.1679065E-02
 -0.2328634E+00 -0.1798000E-03
 -0.1800664E+01 -0.1389214E-02
 -0.2033251E+01 -0.1568558E-02
 -0.2225603E+01 -0.1716724E-02
 -0.1113009E+01 -0.8588138E-03
  0.2324289E+00  0.1792035E-03
  0.6875711E+00  0.5304009E-03
  0.1112664E+01  0.8584424E-03
  0.1489119E+01  0.1148979E-02
  0.1800508E+01  0.1389332E-02
  0.2033210E+01  0.1568989E-02
  0.2177091E+01  0.1680125E-02
  0.2225828E+01  0.1717855E-02
  0.2177292E+01  0.1680529E-02
  0.2033566E+01  0.1569755E-02
  0.1969891E+01  0.1492275E-02
  0.1934552E+01  0.1446020E-02
  0.1368774E+01  0.9940411E-03
  0.2009544E+01  0.1541854E-02
  0.1885716E+01  0.1380265E-02
  0.1951954E+01  0.1468921E-02
  0.1988809E+01  0.1516386E-02
 -0.2140723E+00 -0.1559267E-03
 -0.1970157E+01 -0.1491333E-02
  0.2035796E+01  0.1500578E-02
  0.2064082E+01  0.1510432E-02
  0.1670748E+01  0.1222221E-02
 -0.2054698E+01 -0.1524421E-02
 -0.2159828E+00 -0.1584291E-03
  0.1032202E+01  0.7549212E-03
 -0.2151365E+01 -0.1649389E-02
 -0.1381264E+01 -0.1010928E-02
 -0.2036879E+01 -0.1500710E-02
 -0.2109391E+01 -0.1596880E-02
  0.6377338E+00  0.4662539E-03
 -0.1032213E+01 -0.7555935E-03
 -0.1885638E+01 -0.1379801E-02
 -0.2018948E+01 -0.1477240E-02
 -0.2064062E+01 -0.1510145E-02
 -0.2018977E+01 -0.1477049E-02
  0.2296696E+00  0.1759754E-03
 -0.2090634E+01 -0.1572291E-02
 -0.2009248E+01 -0.1540767E-02
 -0.1471810E+01 -0.1128790E-02
 -0.2072529E+01 -0.1548222E-02
  0.1099534E+01  0.8431813E-03
 -0.2301340E+00 -0.1766626E-03
 -0.1099885E+01 -0.8436254E-03
  0.6794459E+00  0.5209498E-03
 -0.2151306E+01 -0.1649592E-02
 -0.1779401E+01 -0.1364599E-02
 -0.2129339E+01 -0.1622364E-02
 -0.1669932E+01 -0.1222065E-02
 -0.6380374E+00 -0.4672229E-03
  0.1471569E+01  0.1128579E-02
  0.1779298E+01  0.1364683E-02
  0.2009284E+01  0.1541172E-02
  0.2151456E+01  0.1650327E-02
  0.2199579E+01  0.1687359E-02
  0.2151561E+01  0.1650655E-02
  0.2129363E+01  0.1623396E-02
  0.2071673E+01  0.1548350E-02
  0.2090115E+01  0.1572733E-02
  0.2053617E+01  0.1524332E-02
  0.2155541E+00  0.1573251E-03
 -0.6798730E+00 -0.5215568E-03
  0.2018319E+01  0.1477132E-02
  0.1886374E+01  0.1380067E-02
  0.2109163E+01  0.1597625E-02
 -0.2199383E+01 -0.1686342E-02
  0.1381722E+01  0.1010704E-02
 -0.2178939E+00 -0.1609409E-03
  0.1761162E+01  0.1342301E-02
  0.1456559E+01  0.1110056E-02
  0.1988835E+01  0.1515927E-02
 -0.1393481E+01 -0.1027094E-02
  0.2273114E+00  0.1730387E-03
 -0.2156428E+01 -0.1632616E-02
  0.6434855E+00  0.4738318E-03
 -0.1041349E+01 -0.7676752E-03
  0.2082493E+01  0.1534784E-02
 -0.1902315E+01 -0.1401872E-02
 -0.2036816E+01 -0.1500881E-02
 -0.1456688E+01 -0.1110269E-02
 -0.2137254E+01 -0.1607475E-02
  0.1088294E+01  0.8293130E-03
 -0.1088586E+01 -0.8297968E-03
 -0.1988614E+01 -0.1515473E-02
  0.6724885E+00  0.5123549E-03
 -0.2118747E+01 -0.1582871E-02
 -0.6729000E+00 -0.5130311E-03
 -0.2129235E+01 -0.1622526E-02
  0.2038077E+01  0.1501875E-02
 -0.2082340E+01 -0.1534320E-02
 -0.2277769E+00 -0.1738075E-03
 -0.1761122E+01 -0.1342198E-02
 -0.2176846E+01 -0.1658692E-02
  0.2129497E+01  0.1623250E-02
  0.2176967E+01  0.1659557E-02
  0.2174850E+00  0.1598899E-03
  0.2137296E+01  0.1608095E-02
  0.2100731E+01  0.1559119E-02
  0.2118831E+01  0.1583430E-02
  0.1686153E+01  0.1242310E-02
 -0.2100531E+01 -0.1558540E-02
  0.1394426E+01  0.1027283E-02
  0.1041589E+01  0.7672328E-03
 -0.1684701E+01 -0.1241610E-02
  0.2156510E+01  0.1633353E-02
  0.1903843E+01  0.1402827E-02
 -0.6436951E+00 -0.4746909E-03
  0.2109725E+01  0.1597799E-02
 -0.1078364E+01 -0.8167652E-03
  0.1920549E+01  0.1425114E-02
 -0.1405638E+01 -0.1043285E-02
 -0.2090497E+01 -0.1572420E-02
 -0.1699403E+01 -0.1261192E-02
  0.1050756E+01  0.7794458E-03
  0.1406634E+01  0.1043586E-02
 -0.1918921E+01 -0.1423991E-02
 -0.2054605E+01 -0.1524570E-02
 -0.1443011E+01 -0.1092818E-02
  0.1744979E+01  0.1321370E-02
 -0.6665789E+00 -0.5049898E-03
  0.1078218E+01  0.8163059E-03
  0.2194115E+00  0.1624683E-03
 -0.1969953E+01 -0.1491644E-02
  0.6662473E+00  0.5042919E-03
 -0.1744590E+01 -0.1321095E-02
 -0.2109253E+01 -0.1597012E-02
 -0.6493160E+00 -0.4821627E-03
  0.2055873E+01  0.1525663E-02
 -0.2256396E+00 -0.1711150E-03
  0.1700969E+01  0.1262076E-02
  0.1443139E+01  0.1092714E-02
 -0.1050437E+01 -0.7797726E-03
 -0.2197876E+00 -0.1634473E-03
 -0.2072412E+01 -0.1548360E-02
  0.2252028E+00  0.1702868E-03
  0.2073523E+01  0.1549439E-02
  0.6491413E+00  0.4813791E-03
  0.1970530E+01  0.1492274E-02
  0.2091291E+01  0.1573348E-02
 -0.1068777E+01 -0.8042074E-03
  0.1430660E+01  0.1076077E-02
  0.1953432E+01  0.1469525E-02
 -0.6549345E+00 -0.4896563E-03
 -0.1714123E+01 -0.1280863E-02
  0.1059777E+01  0.7916025E-03
  0.2019594E+01  0.1477697E-02
  0.1729933E+01  0.1301291E-02
 -0.6606498E+00 -0.4972401E-03
  0.1068850E+01  0.8038353E-03
 -0.1935551E+01 -0.1446208E-02
  0.1936903E+01  0.1447231E-02
  0.6547754E+00  0.4889446E-03
  0.6604231E+00  0.4965456E-03
 -0.1952436E+01 -0.1468674E-02
 -0.1417806E+01 -0.1059546E-02
 -0.2236139E+00 -0.1685022E-03
  0.2213330E+00  0.1650570E-03
 -0.1430179E+01 -0.1076000E-02
 -0.1729081E+01 -0.1300758E-02
  0.2232454E+00  0.1676513E-03
 -0.2216766E+00 -0.1659561E-03
 -0.1059531E+01 -0.7919192E-03
  0.1715434E+01  0.1281643E-02
  0.1418609E+01  0.1059780E-02
  0.4372089E-01  0.5068937E-04
 -0.3099488E+00 -0.2818962E-03
  0.4006137E+00  0.3829302E-03
  0.3017003E+00  0.2942792E-03
  0.4390477E+00  0.4239998E-03
  0.5225922E+00  0.5028791E-03
  0.6036355E+00  0.5793630E-03
  0.6821301E+00  0.6534377E-03
  0.7576880E+00  0.7247325E-03
  0.8299487E+00  0.7929092E-03
  0.8985866E+00  0.8576671E-03
  0.9633005E+00  0.9187199E-03
  0.1023798E+01  0.9757935E-03
  0.1079798E+01  0.1028626E-02
  0.1131085E+01  0.1077012E-02
  0.1177440E+01  0.1120734E-02
  0.1218635E+01  0.1159590E-02
  0.1254516E+01  0.1193436E-02
  0.1284898E+01  0.1222090E-02
  0.1309631E+01  0.1245414E-02
  0.1328673E+01  0.1263357E-02
  0.1341686E+01  0.1275629E-02
  0.1344839E+01  0.1278604E-02
  0.1310700E+01  0.1246621E-02
 -0.2160662E+00 -0.1945453E-03
  0.1272682E+01  0.1210603E-02
 -0.5508246E+00 -0.5115748E-03
  0.1184252E+01  0.1127010E-02
 -0.4674120E+00 -0.4318345E-03
  0.1049286E+01  0.9995167E-03
 -0.7696099E+00 -0.7203827E-03
  0.8731756E+00  0.8331783E-03
 -0.7000448E+00 -0.6515312E-03
  0.6627449E+00  0.6344546E-03
 -0.9581987E+00 -0.9005794E-03
  0.4262808E+00  0.4111553E-03
 -0.9051147E+00 -0.8452238E-03
  0.1730996E+00  0.1720782E-03
 -0.1109261E+01 -0.1045102E-02
 -0.8689610E-01 -0.7340266E-04
 -0.1074698E+01 -0.1005434E-02
 -0.3434971E+00 -0.3156512E-03
 -0.1216843E+01 -0.1148253E-02
 -0.5865936E+00 -0.5451468E-03
 -0.1202186E+01 -0.1125884E-02
 -0.8066227E+00 -0.7528623E-03
 -0.1276733E+01 -0.1206022E-02
 -0.9949791E+00 -0.9306466E-03
 -0.1282605E+01 -0.1201869E-02
 -0.1144275E+01 -0.1071552E-02
 -0.1286504E+01 -0.1216081E-02
 -0.1248680E+01 -0.1170058E-02
 -0.1312633E+01 -0.1230304E-02
 -0.1304111E+01 -0.1222318E-02
 -0.1245851E+01 -0.1178093E-02
 -0.1308430E+01 -0.1226304E-02
 -0.1291153E+01 -0.1210116E-02
 -0.1261366E+01 -0.1181796E-02
 -0.1156338E+01 -0.1093518E-02
 -0.1164811E+01 -0.1090557E-02
 -0.1219059E+01 -0.1142125E-02
 -0.1022631E+01 -0.9562343E-03
 -0.1021487E+01 -0.9656844E-03
 -0.8403746E+00 -0.7840780E-03
 -0.1099147E+01 -0.1028969E-02
 -0.6251695E+00 -0.5808057E-03
 -0.8465523E+00 -0.7995691E-03
 -0.3852181E+00 -0.3542261E-03
 -0.9361197E+00 -0.8751003E-03
 -0.1298909E+00 -0.1131949E-03
 -0.4316594E-01 -0.3135094E-04
  0.1283138E+01  0.1232248E-02
 -0.6383560E+00 -0.6016649E-03
  0.1252174E+01  0.1187258E-02
 -0.7363297E+00 -0.6865022E-03
  0.1144469E+01  0.1086414E-02
 -0.4050554E+00 -0.3797136E-03
  0.9918316E+00  0.9432564E-03
 -0.5076212E+00 -0.4705998E-03
  0.8002806E+00  0.7634460E-03
 -0.1557969E+00 -0.1424269E-03
  0.5772735E+00  0.5539619E-03
 -0.2589378E+00 -0.2358250E-03
  0.3316296E+00  0.3230878E-03
  0.9957408E-01  0.1008274E-03
  0.7296050E-01  0.7987936E-04
 -0.7935594E-04  0.8567962E-05
 -0.1885934E+00 -0.1661433E-03
  0.3510198E+00  0.3404845E-03
 -0.4427633E+00 -0.4053297E-03
  0.2587520E+00  0.2529563E-03
 -0.6795268E+00 -0.6282416E-03
  0.5886759E+00  0.5671591E-03
 -0.8895825E+00 -0.8261232E-03
  0.5074185E+00  0.4877757E-03
 -0.1064702E+01 -0.9912259E-03
  0.8032008E+00  0.7719265E-03
 -0.1198053E+01 -0.1117102E-02
  0.7361619E+00  0.7037807E-03
 -0.1284419E+01 -0.1198822E-02
  0.9861519E+00  0.9467135E-03
 -0.1320419E+01 -0.1233184E-02
  0.9360043E+00  0.8925203E-03
 -0.1304607E+01 -0.1218813E-02
  0.1130387E+01  0.1084729E-02
 -0.1237520E+01 -0.1156222E-02
  0.1099074E+01  0.1046545E-02
 -0.1121974E+01 -0.1048004E-02
  0.1230220E+01  0.1180531E-02
 -0.9624630E+00 -0.8983555E-03
  0.1219008E+01  0.1159864E-02
 -0.7652323E+00 -0.7131432E-03
  0.1281477E+01  0.1230125E-02
 -0.5379584E+00 -0.4996222E-03
  0.1290999E+01  0.1227940E-02
 -0.2892629E+00 -0.2659051E-03
  0.2163633E+00  0.2136909E-03
  0.1310587E+01  0.1241739E-02
  0.1303237E+00  0.1324471E-03
  0.0000000E+00  0.0000000E+00
  0.0000000E+00  0.0000000E+00
  0.0000000E+00  0.0000000E+00
  0.0000000E+00  0.0000000E+00
  0.0000000E+00  0.0000000E+00
  0.0000000E+00  0.0000000E+00
  0.0000000E+00  0.0000000E+00
  0.0000000E+00  0.0000000E+00
  0.0000000E+00  0.0000000E+00
  0.0000000E+00  0.0000000E+00
  0.0000000E+00  0.0000000E+00
  0.0000000E+00  0.0000000E+00
  0.0000000E+00  0.0000000E+00
  0.0000000E+00  0.0000000E+00
  0.0000000E+00  0.0000000E+00
  0.0000000E+00  0.0000000E+00
  0.0000000E+00  0.0000000E+00
  0.0000000E+00  0.0000000E+00
  0.0000000E+00  0.0000000E+00
  0.0000000E+00  0.0000000E+00
  0.0000000E+00  0.0000000E+00
  0.0000000E+00  0.0000000E+00
  0.0000000E+00  0.0000000E+00
  0.0000000E+00  0.0000000E+00
  0.0000000E+00  0.0000000E+00
  0.0000000E+00  0.0000000E+00
  0.0000000E+00  0.0000000E+00
  0.0000000E+00  0.0000000E+00
  0.0000000E+00  0.0000000E+00
  0.0000000E+00  0.0000000E+00
  0.0000000E+00  0.0000000E+00
  0.0000000E+00  0.0000000E+00
  0.0000000E+00  0.0000000E+00
  0.0000000E+00  0.0000000E+00
  0.0000000E+00  0.0000000E+00
  0.0000000E+00  0.0000000E+00
  0.0000000E+00  0.0000000E+00
  0.0000000E+00  0.0000000E+00
  0.0000000E+00  0.0000000E+00
  0.0000000E+00  0.0000000E+00
  0.0000000E+00  0.0000000E+00
  0.0000000E+00  0.0000000E+00
  0.0000000E+00  0.0000000E+00
  0.0000000E+00  0.0000000E+00
  0.0000000E+00  0.0000000E+00
  0.0000000E+00  0.0000000E+00
  0.0000000E+00  0.0000000E+00
  0.0000000E+00  0.0000000E+00
  0.0000000E+00  0.0000000E+00
  0.0000000E+00  0.0000000E+00
  0.0000000E+00  0.0000000E+00
  0.0000000E+00  0.0000000E+00
  0.0000000E+00  0.0000000E+00
  0.0000000E+00  0.0000000E+00
  0.0000000E+00  0.0000000E+00
  0.0000000E+00  0.0000000E+00
  0.0000000E+00  0.0000000E+00
  0.0000000E+00  0.0000000E+00
  0.0000000E+00  0.0000000E+00
  0.0000000E+00  0.0000000E+00
  0.0000000E+00  0.0000000E+00
  0.0000000E+00  0.0000000E+00
  0.0000000E+00  0.0000000E+00
  0.0000000E+00  0.0000000E+00
  0.0000000E+00  0.0000000E+00
  0.0000000E+00  0.0000000E+00
  0.0000000E+00  0.0000000E+00
  0.0000000E+00  0.0000000E+00
  0.0000000E+00  0.0000000E+00
  0.0000000E+00  0.0000000E+00
  0.0000000E+00  0.0000000E+00
  0.0000000E+00  0.0000000E+00
  0.0000000E+00  0.0000000E+00
  0.0000000E+00  0.0000000E+00
  0.0000000E+00  0.0000000E+00
  0.0000000E+00  0.0000000E+00
  0.0000000E+00  0.0000000E+00
  0.0000000E+00  0.0000000E+00
  0.0000000E+00  0.0000000E+00
  0.0000000E+00  0.0000000E+00
  0.0000000E+00  0.0000000E+00
  0.0000000E+00  0.0000000E+00
  0.0000000E+00  0.0000000E+00
  0.0000000E+00  0.0000000E+00
  0.0000000E+00  0.0000000E+00
  0.0000000E+00  0.0000000E+00
  0.0000000E+00  0.0000000E+00
  0.0000000E+00  0.0000000E+00
  0.0000000E+00  0.0000000E+00
  0.0000000E+00  0.0000000E+00
  0.0000000E+00  0.0000000E+00
  0.0000000E+00  0.0000000E+00
  0.0000000E+00  0.0000000E+00
  0.0000000E+00  0.0000000E+00
  0.0000000E+00  0.0000000E+00
  0.0000000E+00  0.0000000E+00
  0.0000000E+00  0.0000000E+00
  0.0000000E+00  0.0000000E+00
  0.0000000E+00  0.0000000E+00
  0.0000000E+00  0.0000000E+00
  0.0000000E+00  0.0000000E+00
  0.0000000E+00  0.0000000E+00
  0.0000000E+00  0.0000000E+00
  0.0000000E+00  0.0000000E+00
  0.0000000E+00  0.0000000E+00
  0.0000000E+00  0.0000000E+00
  0.0000000E+00  0.0000000E+00
  0.0000000E+00  0.0000000E+00
  0.0000000E+00  0.0000000E+00
  0.0000000E+00  0.0000000E+00
  0.0000000E+00  0.0000000E+00
  0.0000000E+00  0.0000000E+00
  0.0000000E+00  0.0000000E+00
  0.0000000E+00  0.0000000E+00
  0.0000000E+00  0.0000000E+00
  0.0000000E+00  0.0000000E+00
  0.0000000E+00  0.0000000E+00
  0.0000000E+00  0.0000000E+00
  0.0000000E+00  0.0000000E+00
  0.0000000E+00  0.0000000E+00
  0.0000000E+00  0.0000000E+00
  0.0000000E+00  0.0000000E+00
  0.0000000E+00  0.0000000E+00
  0.0000000E+00  0.0000000E+00
  0.0000000E+00  0.0000000E+00
  0.0000000E+00  0.0000000E+00
  0.0000000E+00  0.0000000E+00
  0.0000000E+00  0.0000000E+00
  0.0000000E+00  0.0000000E+00
  0.0000000E+00  0.0000000E+00
  0.0000000E+00  0.0000000E+00
  0.0000000E+00  0.0000000E+00
  0.0000000E+00  0.0000000E+00
  0.0000000E+00  0.0000000E+00
  0.0000000E+00  0.0000000E+00
  0.0000000E+00  0.0000000E+00
  0.0000000E+00  0.0000000E+00
  0.0000000E+00  0.0000000E+00
  0.0000000E+00  0.0000000E+00
  0.0000000E+00  0.0000000E+00
  0.0000000E+00  0.0000000E+00
  0.0000000E+00  0.0000000E+00
  0.0000000E+00  0.0000000E+00
  0.0000000E+00  0.0000000E+00
  0.0000000E+00  0.0000000E+00
  0.0000000E+00  0.0000000E+00
  0.0000000E+00  0.0000000E+00
  0.0000000E+00  0.0000000E+00
  0.0000000E+00  0.0000000E+00
  0.0000000E+00  0.0000000E+00
  0.0000000E+00  0.0000000E+00
  0.0000000E+00  0.0000000E+00
  0.0000000E+00  0.0000000E+00
  0.0000000E+00  0.0000000E+00
  0.0000000E+00  0.0000000E+00
  0.0000000E+00  0.0000000E+00
  0.0000000E+00  0.0000000E+00
  0.0000000E+00  0.0000000E+00
  0.0000000E+00  0.0000000E+00
  0.0000000E+00  0.0000000E+00
  0.0000000E+00  0.0000000E+00
  0.0000000E+00  0.0000000E+00
  0.0000000E+00  0.0000000E+00
  0.0000000E+00  0.0000000E+00
  0.0000000E+00  0.0000000E+00
  0.0000000E+00  0.0000000E+00
  0.0000000E+00  0.0000000E+00
  0.0000000E+00  0.0000000E+00
  0.0000000E+00  0.0000000E+00
  0.0000000E+00  0.0000000E+00
  0.0000000E+00  0.0000000E+00
  0.0000000E+00  0.0000000E+00
  0.0000000E+00  0.0000000E+00
  0.0000000E+00  0.0000000E+00
  0.0000000E+00  0.0000000E+00
  0.0000000E+00  0.0000000E+00
  0.0000000E+00  0.0000000E+00
  0.0000000E+00  0.0000000E+00
  0.0000000E+00  0.0000000E+00
  0.0000000E+00  0.0000000E+00
  0.0000000E+00  0.0000000E+00
  0.0000000E+00  0.0000000E+00
  0.0000000E+00  0.0000000E+00
  0.0000000E+00  0.0000000E+00
  0.0000000E+00  0.0000000E+00
  0.0000000E+00  0.0000000E+00
  0.0000000E+00  0.0000000E+00
  0.0000000E+00  0.0000000E+00
  0.0000000E+00  0.0000000E+00
  0.0000000E+00  0.0000000E+00
  0.0000000E+00  0.0000000E+00
  0.0000000E+00  0.0000000E+00
  0.0000000E+00  0.0000000E+00
  0.0000000E+00  0.0000000E+00
  0.0000000E+00  0.0000000E+00
  0.0000000E+00  0.0000000E+00
  0.0000000E+00  0.0000000E+00
  0.0000000E+00  0.0000000E+00
  0.0000000E+00  0.0000000E+00
  0.0000000E+00  0.0000000E+00
  0.0000000E+00  0.0000000E+00
  0.0000000E+00  0.0000000E+00
  0.0000000E+00  0.0000000E+00
  0.0000000E+00  0.0000000E+00
  0.0000000E+00  0.0000000E+00
  0.0000000E+00  0.0000000E+00
  0.0000000E+00  0.0000000E+00
  0.0000000E+00  0.0000000E+00
  0.0000000E+00  0.0000000E+00
  0.0000000E+00  0.0000000E+00
  0.0000000E+00  0.0000000E+00
  0.0000000E+00  0.0000000E+00
  0.0000000E+00  0.0000000E+00
  0.0000000E+00  0.0000000E+00
  0.0000000E+00  0.0000000E+00
  0.0000000E+00  0.0000000E+00
  0.0000000E+00  0.0000000E+00
  0.0000000E+00  0.0000000E+00
  0.0000000E+00  0.0000000E+00
  0.0000000E+00  0.0000000E+00
  0.0000000E+00  0.0000000E+00
  0.0000000E+00  0.0000000E+00
  0.0000000E+00  0.0000000E+00
  0.0000000E+00  0.0000000E+00
  0.0000000E+00  0.0000000E+00
  0.0000000E+00  0.0000000E+00
  0.0000000E+00  0.0000000E+00
  0.0000000E+00  0.0000000E+00
  0.0000000E+00  0.0000000E+00
  0.0000000E+00  0.0000000E+00
  0.0000000E+00  0.0000000E+00
  0.0000000E+00  0.0000000E+00
  0.0000000E+00  0.0000000E+00
  0.0000000E+00  0.0000000E+00
  0.0000000E+00  0.0000000E+00
  0.0000000E+00  0.0000000E+00
  0.0000000E+00  0.0000000E+00
  0.0000000E+00  0.0000000E+00
  0.0000000E+00  0.0000000E+00
  0.0000000E+00  0.0000000E+00
  0.0000000E+00  0.0000000E+00
  0.0000000E+00  0.0000000E+00
  0.0000000E+00  0.0000000E+00
  0.0000000E+00  0.0000000E+00
  0.0000000E+00  0.0000000E+00
  0.0000000E+00  0.0000000E+00
  0.0000000E+00  0.0000000E+00
  0.0000000E+00  0.0000000E+00
  0.0000000E+00  0.0000000E+00
  0.0000000E+00  0.0000000E+00
  0.0000000E+00  0.0000000E+00
  0.0000000E+00  0.0000000E+00
  0.0000000E+00  0.0000000E+00
  0.0000000E+00  0.0000000E+00
  0.0000000E+00  0.0000000E+00
  0.0000000E+00  0.0000000E+00
  0.0000000E+00  0.0000000E+00
  0.0000000E+00  0.0000000E+00
  0.0000000E+00  0.0000000E+00
  0.0000000E+00  0.0000000E+00
  0.0000000E+00  0.0000000E+00
  0.0000000E+00  0.0000000E+00
  0.0000000E+00  0.0000000E+00
  0.0000000E+00  0.0000000E+00
  0.0000000E+00  0.0000000E+00
  0.0000000E+00  0.0000000E+00
  0.0000000E+00  0.0000000E+00
  0.0000000E+00  0.0000000E+00
  0.0000000E+00  0.0000000E+00
  0.0000000E+00  0.0000000E+00
  0.0000000E+00  0.0000000E+00
  0.0000000E+00  0.0000000E+00
  0.0000000E+00  0.0000000E+00
  0.0000000E+00  0.0000000E+00
  0.0000000E+00  0.0000000E+00
  0.0000000E+00  0.0000000E+00
  0.0000000E+00  0.0000000E+00
  0.0000000E+00  0.0000000E+00
  0.0000000E+00  0.0000000E+00
  0.0000000E+00  0.0000000E+00
  0.0000000E+00  0.0000000E+00
  0.0000000E+00  0.0000000E+00
  0.0000000E+00  0.0000000E+00
  0.0000000E+00  0.0000000E+00
  0.0000000E+00  0.0000000E+00
  0.0000000E+00  0.0000000E+00
  0.0000000E+00  0.0000000E+00
  0.0000000E+00  0.0000000E+00
  0.0000000E+00  0.0000000E+00
  0.0000000E+00  0.0000000E+00
  0.0000000E+00  0.0000000E+00
  0.0000000E+00  0.0000000E+00
  0.0000000E+00  0.0000000E+00
  0.0000000E+00  0.0000000E+00
  0.0000000E+00  0.0000000E+00
  0.0000000E+00  0.0000000E+00
  0.0000000E+00  0.0000000E+00
  0.0000000E+00  0.0000000E+00
  0.0000000E+00  0.0000000E+00
  0.0000000E+00  0.0000000E+00
  0.0000000E+00  0.0000000E+00
  0.0000000E+00  0.0000000E+00
  0.0000000E+00  0.0000000E+00
  0.0000000E+00  0.0000000E+00
  0.0000000E+00  0.0000000E+00
  0.0000000E+00  0.0000000E+00
  0.0000000E+00  0.0000000E+00
  0.0000000E+00  0.0000000E+00
  0.0000000E+00  0.0000000E+00
  0.0000000E+00  0.0000000E+00
  0.0000000E+00  0.0000000E+00
  0.0000000E+00  0.0000000E+00
  0.0000000E+00  0.0000000E+00
  0.0000000E+00  0.0000000E+00
  0.0000000E+00  0.0000000E+00
  0.0000000E+00  0.0000000E+00
  0.0000000E+00  0.0000000E+00
  0.0000000E+00  0.0000000E+00
  0.0000000E+00  0.0000000E+00
  0.0000000E+00  0.0000000E+00
  0.0000000E+00  0.0000000E+00
  0.0000000E+00  0.0000000E+00
  0.0000000E+00  0.0000000E+00
  0.0000000E+00  0.0000000E+00
  0.0000000E+00  0.0000000E+00
  0.0000000E+00  0.0000000E+00
  0.0000000E+00  0.0000000E+00
  0.0000000E+00  0.0000000E+00
  0.0000000E+00  0.0000000E+00
  0.0000000E+00  0.0000000E+00
  0.0000000E+00  0.0000000E+00
  0.0000000E+00  0.0000000E+00
  0.0000000E+00  0.0000000E+00
  0.0000000E+00  0.0000000E+00
  0.0000000E+00  0.0000000E+00
  0.0000000E+00  0.0000000E+00
  0.0000000E+00  0.0000000E+00
  0.0000000E+00  0.0000000E+00
  0.0000000E+00  0.0000000E+00
  0.0000000E+00  0.0000000E+00
  0.0000000E+00  0.0000000E+00
  0.0000000E+00  0.0000000E+00
  0.0000000E+00  0.0000000E+00
  0.0000000E+00  0.0000000E+00
  0.0000000E+00  0.0000000E+00
  0.0000000E+00  0.0000000E+00
  0.0000000E+00  0.0000000E+00
  0.0000000E+00  0.0000000E+00
  0.0000000E+00  0.0000000E+00
  0.0000000E+00  0.0000000E+00
  0.0000000E+00  0.0000000E+00
  0.0000000E+00  0.0000000E+00
  0.0000000E+00  0.0000000E+00
  0.0000000E+00  0.0000000E+00
  0.0000000E+00  0.0000000E+00
  0.0000000E+00  0.0000000E+00
  0.0000000E+00  0.0000000E+00
  0.0000000E+00  0.0000000E+00
  0.0000000E+00  0.0000000E+00
  0.0000000E+00  0.0000000E+00
  0.0000000E+00  0.0000000E+00
  0.0000000E+00  0.0000000E+00
  0.0000000E+00  0.0000000E+00
  0.0000000E+00  0.0000000E+00
  0.0000000E+00  0.0000000E+00
  0.0000000E+00  0.0000000E+00
  0.0000000E+00  0.0000000E+00
  0.0000000E+00  0.0000000E+00
  0.0000000E+00  0.0000000E+00
  0.0000000E+00  0.0000000E+00
  0.0000000E+00  0.0000000E+00
  0.0000000E+00  0.0000000E+00
  0.0000000E+00  0.0000000E+00
  0.0000000E+00  0.0000000E+00
  0.0000000E+00  0.0000000E+00
  0.0000000E+00  0.0000000E+00
  0.0000000E+00  0.0000000E+00
  0.0000000E+00  0.0000000E+00
  0.0000000E+00  0.0000000E+00
  0.0000000E+00  0.0000000E+00
  0.0000000E+00  0.0000000E+00
  0.0000000E+00  0.0000000E+00
  0.0000000E+00  0.0000000E+00
  0.0000000E+00  0.0000000E+00
  0.0000000E+00  0.0000000E+00
  0.0000000E+00  0.0000000E+00
  0.0000000E+00  0.0000000E+00
  0.0000000E+00  0.0000000E+00
  0.0000000E+00  0.0000000E+00
  0.0000000E+00  0.0000000E+00
  0.0000000E+00  0.0000000E+00
  0.0000000E+00  0.0000000E+00
  0.0000000E+00  0.0000000E+00
  0.0000000E+00  0.0000000E+00
  0.0000000E+00  0.0000000E+00
  0.0000000E+00  0.0000000E+00
  0.0000000E+00  0.0000000E+00
  0.0000000E+00  0.0000000E+00
  0.0000000E+00  0.0000000E+00
  0.0000000E+00  0.0000000E+00
  0.0000000E+00  0.0000000E+00
  0.0000000E+00  0.0000000E+00
  0.0000000E+00  0.0000000E+00
  0.0000000E+00  0.0000000E+00
  0.0000000E+00  0.0000000E+00
  0.0000000E+00  0.0000000E+00
  0.0000000E+00  0.0000000E+00
  0.0000000E+00  0.0000000E+00
  0.0000000E+00  0.0000000E+00
  0.0000000E+00  0.0000000E+00
  0.0000000E+00  0.0000000E+00
  0.0000000E+00  0.0000000E+00
  0.0000000E+00  0.0000000E+00
  0.0000000E+00  0.0000000E+00
  0.0000000E+00  0.0000000E+00
  0.0000000E+00  0.0000000E+00
  0.0000000E+00  0.0000000E+00
  0.0000000E+00  0.0000000E+00
  0.0000000E+00  0.0000000E+00
  0.0000000E+00  0.0000000E+00
  0.0000000E+00  0.0000000E+00
  0.0000000E+00  0.0000000E+00
  0.0000000E+00  0.0000000E+00
  0.0000000E+00  0.0000000E+00
  0.0000000E+00  0.0000000E+00
  0.0000000E+00  0.0000000E+00
  0.0000000E+00  0.0000000E+00
  0.0000000E+00  0.0000000E+00
  0.0000000E+00  0.0000000E+00
  0.0000000E+00  0.0000000E+00
  0.0000000E+00  0.0000000E+00
  0.0000000E+00  0.0000000E+00
  0.0000000E+00  0.0000000E+00
  0.0000000E+00  0.0000000E+00
  0.0000000E+00  0.0000000E+00
  0.0000000E+00  0.0000000E+00
  0.0000000E+00  0.0000000E+00
  0.0000000E+00  0.0000000E+00
  0.0000000E+00  0.0000000E+00
  0.0000000E+00  0.0000000E+00
  0.0000000E+00  0.0000000E+00
  0.0000000E+00  0.0000000E+00
  0.0000000E+00  0.0000000E+00
  0.0000000E+00  0.0000000E+00
  0.0000000E+00  0.0000000E+00
  0.0000000E+00  0.0000000E+00
  0.0000000E+00  0.0000000E+00
  0.0000000E+00  0.0000000E+00
  0.0000000E+00  0.0000000E+00
  0.0000000E+00  0.0000000E+00
  0.0000000E+00  0.0000000E+00
  0.0000000E+00  0.0000000E+00
  0.0000000E+00  0.0000000E+00
  0.0000000E+00  0.0000000E+00
  0.0000000E+00  0.0000000E+00
  0.0000000E+00  0.0000000E+00
  0.0000000E+00  0.0000000E+00
  0.0000000E+00  0.0000000E+00
  0.0000000E+00  0.0000000E+00
  0.0000000E+00  0.0000000E+00
  0.0000000E+00  0.0000000E+00
  0.0000000E+00  0.0000000E+00
  0.0000000E+00  0.0000000E+00
  0.0000000E+00  0.0000000E+00
  0.0000000E+00  0.0000000E+00
  0.0000000E+00  0.0000000E+00
  0.0000000E+00  0.0000000E+00
  0.0000000E+00  0.0000000E+00
  0.0000000E+00  0.0000000E+00
  0.0000000E+00  0.0000000E+00
  0.0000000E+00  0.0000000E+00
  0.0000000E+00  0.0000000E+00
  0.0000000E+00  0.0000000E+00
  0.0000000E+00  0.0000000E+00
  0.0000000E+00  0.0000000E+00
  0.0000000E+00  0.0000000E+00
  0.0000000E+00  0.0000000E+00
  0.0000000E+00  0.0000000E+00
  0.0000000E+00  0.0000000E+00
  0.0000000E+00  0.0000000E+00
  0.0000000E+00  0.0000000E+00
  0.0000000E+00  0.0000000E+00
  0.0000000E+00  0.0000000E+00
  0.0000000E+00  0.0000000E+00
  0.0000000E+00  0.0000000E+00
  0.0000000E+00  0.0000000E+00
  0.0000000E+00  0.0000000E+00
  0.0000000E+00  0.0000000E+00
  0.0000000E+00  0.0000000E+00
  0.0000000E+00  0.0000000E+00
  0.0000000E+00  0.0000000E+00
  0.0000000E+00  0.0000000E+00
  0.0000000E+00  0.0000000E+00
  0.0000000E+00  0.0000000E+00
  0.0000000E+00  0.0000000E+00
  0.0000000E+00  0.0000000E+00
  0.0000000E+00  0.0000000E+00
  0.0000000E+00  0.0000000E+00
  0.0000000E+00  0.0000000E+00
  0.0000000E+00  0.0000000E+00
  0.0000000E+00  0.0000000E+00
  0.0000000E+00  0.0000000E+00
  0.0000000E+00  0.0000000E+00
  0.0000000E+00  0.0000000E+00
  0.0000000E+00  0.0000000E+00
  0.0000000E+00  0.0000000E+00
  0.0000000E+00  0.0000000E+00
  0.0000000E+00  0.0000000E+00
  0.0000000E+00  0.0000000E+00
  0.0000000E+00  0.0000000E+00
  0.0000000E+00  0.0000000E+00
  0.0000000E+00  0.0000000E+00
  0.0000000E+00  0.0000000E+00
  0.0000000E+00  0.0000000E+00
  0.0000000E+00  0.0000000E+00
  0.0000000E+00  0.0000000E+00
  0.0000000E+00  0.0000000E+00
  0.0000000E+00  0.0000000E+00
  0.0000000E+00  0.0000000E+00
  0.0000000E+00  0.0000000E+00
  0.0000000E+00  0.0000000E+00
  0.0000000E+00  0.0000000E+00
  0.0000000E+00  0.0000000E+00
  0.0000000E+00  0.0000000E+00
  0.0000000E+00  0.0000000E+00
  0.0000000E+00  0.0000000E+00
  0.0000000E+00  0.0000000E+00
  0.0000000E+00  0.0000000E+00
  0.0000000E+00  0.0000000E+00
  0.0000000E+00  0.0000000E+00
  0.0000000E+00  0.0000000E+00
  0.0000000E+00  0.0000000E+00
  0.0000000E+00  0.0000000E+00
  0.0000000E+00  0.0000000E+00
  0.0000000E+00  0.0000000E+00
  0.0000000E+00  0.0000000E+00
  0.0000000E+00  0.0000000E+00
  0.0000000E+00  0.0000000E+00
  0.0000000E+00  0.0000000E+00
  0.0000000E+00  0.0000000E+00
  0.0000000E+00  0.0000000E+00
  0.0000000E+00  0.0000000E+00
  0.0000000E+00  0.0000000E+00
  0.0000000E+00  0.0000000E+00
  0.0000000E+00  0.0000000E+00
  0.0000000E+00  0.0000000E+00
  0.0000000E+00  0.0000000E+00
  0.0000000E+00  0.0000000E+00
  0.0000000E+00  0.0000000E+00
  0.0000000E+00  0.0000000E+00
  0.0000000E+00  0.0000000E+00
  0.0000000E+00  0.0000000E+00
  0.0000000E+00  0.0000000E+00
  0.0000000E+00  0.0000000E+00
  0.0000000E+00  0.0000000E+00
  0.0000000E+00  0.0000000E+00
  0.0000000E+00  0.0000000E+00
  0.0000000E+00  0.0000000E+00
  0.0000000E+00  0.0000000E+00
  0.0000000E+00  0.0000000E+00
  0.0000000E+00  0.0000000E+00
  0.0000000E+00  0.0000000E+00
  0.0000000E+00  0.0000000E+00
  0.0000000E+00  0.0000000E+00
  0.0000000E+00  0.0000000E+00
  0.0000000E+00  0.0000000E+00
  0.0000000E+00  0.0000000E+00
  0.0000000E+00  0.0000000E+00
  0.0000000E+00  0.0000000E+00
  0.0000000E+00  0.0000000E+00
  0.0000000E+00  0.0000000E+00
  0.0000000E+00  0.0000000E+00
  0.0000000E+00  0.0000000E+00
  0.0000000E+00  0.0000000E+00
  0.0000000E+00  0.0000000E+00
  0.0000000E+00  0.0000000E+00
  0.0000000E+00  0.0000000E+00
  0.0000000E+00  0.0000000E+00
  0.0000000E+00  0.0000000E+00
  0.0000000E+00  0.0000000E+00
  0.0000000E+00  0.0000000E+00
  0.0000000E+00  0.0000000E+00
  0.0000000E+00  0.0000000E+00
  0.0000000E+00  0.0000000E+00
  0.0000000E+00  0.0000000E+00
  0.0000000E+00  0.0000000E+00
  0.0000000E+00  0.0000000E+00
  0.0000000E+00  0.0000000E+00
  0.0000000E+00  0.0000000E+00
  0.0000000E+00  0.0000000E+00
  0.0000000E+00  0.0000000E+00
  0.0000000E+00  0.0000000E+00
  0.0000000E+00  0.0000000E+00
  0.0000000E+00  0.0000000E+00
  0.0000000E+00  0.0000000E+00
  0.0000000E+00  0.0000000E+00
  0.0000000E+00  0.0000000E+00
  0.0000000E+00  0.0000000E+00
  0.0000000E+00  0.0000000E+00
  0.0000000E+00  0.0000000E+00
  0.0000000E+00  0.0000000E+00
  0.0000000E+00  0.0000000E+00
  0.0000000E+00  0.0000000E+00
  0.0000000E+00  0.0000000E+00
  0.0000000E+00  0.0000000E+00
  0.0000000E+00  0.0000000E+00
  0.0000000E+00  0.0000000E+00
  0.0000000E+00  0.0000000E+00
  0.0000000E+00  0.0000000E+00
  0.0000000E+00  0.0000000E+00
  0.0000000E+00  0.0000000E+00
  0.0000000E+00  0.0000000E+00
  0.0000000E+00  0.0000000E+00
  0.0000000E+00  0.0000000E+00
  0.0000000E+00  0.0000000E+00
  0.0000000E+00  0.0000000E+00
  0.0000000E+00  0.0000000E+00
  0.0000000E+00  0.0000000E+00
  0.0000000E+00  0.0000000E+00
  0.0000000E+00  0.0000000E+00
  0.0000000E+00  0.0000000E+00
  0.0000000E+00  0.0000000E+00
  0.0000000E+00  0.0000000E+00
  0.0000000E+00  0.0000000E+00
  0.0000000E+00  0.0000000E+00
  0.0000000E+00  0.0000000E+00
  0.0000000E+00  0.0000000E+00
  0.0000000E+00  0.0000000E+00
  0.0000000E+00  0.0000000E+00
  0.0000000E+00  0.0000000E+00
  0.0000000E+00  0.0000000E+00
  0.0000000E+00  0.0000000E+00
  0.0000000E+00  0.0000000E+00
  0.0000000E+00  0.0000000E+00
  0.0000000E+00  0.0000000E+00
  0.0000000E+00  0.0000000E+00
  0.0000000E+00  0.0000000E+00
  0.0000000E+00  0.0000000E+00
  0.0000000E+00  0.0000000E+00
  0.0000000E+00  0.0000000E+00
  0.0000000E+00  0.0000000E+00
  0.0000000E+00  0.0000000E+00
  0.0000000E+00  0.0000000E+00
  0.0000000E+00  0.0000000E+00
  0.0000000E+00  0.0000000E+00
  0.0000000E+00  0.0000000E+00
  0.0000000E+00  0.0000000E+00
  0.0000000E+00  0.0000000E+00
  0.0000000E+00  0.0000000E+00
  0.0000000E+00  0.0000000E+00
  0.0000000E+00  0.0000000E+00
  0.0000000E+00  0.0000000E+00
  0.0000000E+00  0.0000000E+00
  0.0000000E+00  0.0000000E+00
  0.0000000E+00  0.0000000E+00
  0.0000000E+00  0.0000000E+00
  0.0000000E+00  0.0000000E+00
  0.0000000E+00  0.0000000E+00
  0.0000000E+00  0.0000000E+00
  0.0000000E+00  0.0000000E+00
  0.0000000E+00  0.0000000E+00
  0.0000000E+00  0.0000000E+00
  0.0000000E+00  0.0000000E+00
  0.0000000E+00  0.0000000E+00
  0.0000000E+00  0.0000000E+00
  0.0000000E+00  0.0000000E+00
  0.0000000E+00  0.0000000E+00
  0.0000000E+00  0.0000000E+00
  0.0000000E+00  0.0000000E+00
  0.0000000E+00  0.0000000E+00
  0.0000000E+00  0.0000000E+00
  0.0000000E+00  0.0000000E+00
  0.0000000E+00  0.0000000E+00
  0.0000000E+00  0.0000000E+00
  0.0000000E+00  0.0000000E+00
  0.0000000E+00  0.0000000E+00
  0.0000000E+00  0.0000000E+00
  0.0000000E+00  0.0000000E+00
  0.0000000E+00  0.0000000E+00
  0.0000000E+00  0.0000000E+00
  0.0000000E+00  0.0000000E+00
  0.0000000E+00  0.0000000E+00
  0.0000000E+00  0.0000000E+00
  0.0000000E+00  0.0000000E+00
  0.0000000E+00  0.0000000E+00
  0.0000000E+00  0.0000000E+00
  0.0000000E+00  0.0000000E+00
  0.0000000E+00  0.0000000E+00
  0.0000000E+00  0.0000000E+00
  0.0000000E+00  0.0000000E+00
  0.0000000E+00  0.0000000E+00
  0.0000000E+00  0.0000000E+00
  0.0000000E+00  0.0000000E+00
  0.0000000E+00  0.0000000E+00
  0.0000000E+00  0.0000000E+00
  0.0000000E+00  0.0000000E+00
  0.0000000E+00  0.0000000E+00
  0.0000000E+00  0.0000000E+00
  0.0000000E+00  0.0000000E+00
  0.0000000E+00  0.0000000E+00
  0.0000000E+00  0.0000000E+00
  0.0000000E+00  0.0000000E+00
  0.0000000E+00  0.0000000E+00
  0.0000000E+00  0.0000000E+00
  0.0000000E+00  0.0000000E+00
  0.0000000E+00  0.0000000E+00
  0.0000000E+00  0.0000000E+00
  0.0000000E+00  0.0000000E+00
  0.0000000E+00  0.0000000E+00
  0.0000000E+00  0.0000000E+00
  0.0000000E+00  0.0000000E+00
  0.0000000E+00  0.0000000E+00
  0.0000000E+00  0.0000000E+00
  0.0000000E+00  0.0000000E+00
  0.0000000E+00  0.0000000E+00
  0.0000000E+00  0.0000000E+00
  0.0000000E+00  0.0000000E+00
  0.0000000E+00  0.0000000E+00
  0.0000000E+00  0.0000000E+00
  0.0000000E+00  0.0000000E+00
  0.0000000E+00  0.0000000E+00
  0.0000000E+00  0.0000000E+00
  0.0000000E+00  0.0000000E+00
  0.0000000E+00  0.0000000E+00
  0.0000000E+00  0.0000000E+00
  0.0000000E+00  0.0000000E+00
  0.0000000E+00  0.0000000E+00
  0.0000000E+00  0.0000000E+00
  0.0000000E+00  0.0000000E+00
  0.0000000E+00  0.0000000E+00
  0.0000000E+00  0.0000000E+00
  0.0000000E+00  0.0000000E+00
  0.0000000E+00  0.0000000E+00
  0.0000000E+00  0.0000000E+00
  0.0000000E+00  0.0000000E+00
  0.0000000E+00  0.0000000E+00
  0.0000000E+00  0.0000000E+00
  0.0000000E+00  0.0000000E+00
  0.0000000E+00  0.0000000E+00
  0.0000000E+00  0.0000000E+00
  0.0000000E+00  0.0000000E+00
  0.0000000E+00  0.0000000E+00
  0.0000000E+00  0.0000000E+00
  0.0000000E+00  0.0000000E+00
  0.0000000E+00  0.0000000E+00
  0.0000000E+00  0.0000000E+00
  0.0000000E+00  0.0000000E+00
  0.0000000E+00  0.0000000E+00
  0.0000000E+00  0.0000000E+00
  0.0000000E+00  0.0000000E+00
  0.0000000E+00  0.0000000E+00
  0.0000000E+00  0.0000000E+00
  0.0000000E+00  0.0000000E+00
  0.0000000E+00  0.0000000E+00
  0.0000000E+00  0.0000000E+00
  0.0000000E+00  0.0000000E+00
  0.0000000E+00  0.0000000E+00
  0.0000000E+00  0.0000000E+00
  0.0000000E+00  0.0000000E+00
  0.0000000E+00  0.0000000E+00
  0.0000000E+00  0.0000000E+00
  0.0000000E+00  0.0000000E+00
  0.0000000E+00  0.0000000E+00
  0.0000000E+00  0.0000000E+00
  0.0000000E+00  0.0000000E+00
  0.0000000E+00  0.0000000E+00
  0.0000000E+00  0.0000000E+00
  0.0000000E+00  0.0000000E+00
  0.0000000E+00  0.0000000E+00
  0.0000000E+00  0.0000000E+00
  0.0000000E+00  0.0000000E+00
  0.0000000E+00  0.0000000E+00
  0.0000000E+00  0.0000000E+00
  0.0000000E+00  0.0000000E+00
  0.0000000E+00  0.0000000E+00
  0.0000000E+00  0.0000000E+00
  0.0000000E+00  0.0000000E+00
  0.0000000E+00  0.0000000E+00
  0.0000000E+00  0.0000000E+00
  0.0000000E+00  0.0000000E+00
  0.0000000E+00  0.0000000E+00
  0.0000000E+00  0.0000000E+00
  0.0000000E+00  0.0000000E+00
  0.0000000E+00  0.0000000E+00
  0.0000000E+00  0.0000000E+00
  0.0000000E+00  0.0000000E+00
  0.0000000E+00  0.0000000E+00
  0.0000000E+00  0.0000000E+00
  0.0000000E+00  0.0000000E+00
  0.0000000E+00  0.0000000E+00
  0.0000000E+00  0.0000000E+00
  0.0000000E+00  0.0000000E+00
  0.0000000E+00  0.0000000E+00
  0.0000000E+00  0.0000000E+00
  0.0000000E+00  0.0000000E+00
  0.0000000E+00  0.0000000E+00
  0.0000000E+00  0.0000000E+00
  0.0000000E+00  0.0000000E+00
  0.0000000E+00  0.0000000E+00
  0.0000000E+00  0.0000000E+00
  0.0000000E+00  0.0000000E+00
  0.0000000E+00  0.0000000E+00
  0.0000000E+00  0.0000000E+00
  0.0000000E+00  0.0000000E+00
  0.0000000E+00  0.0000000E+00
  0.0000000E+00  0.0000000E+00
  0.0000000E+00  0.0000000E+00
  0.0000000E+00  0.0000000E+00
  0.0000000E+00  0.0000000E+00
  0.0000000E+00  0.0000000E+00
  0.0000000E+00  0.0000000E+00
  0.0000000E+00  0.0000000E+00
  0.0000000E+00  0.0000000E+00
  0.0000000E+00  0.0000000E+00
  0.0000000E+00  0.0000000E+00
  0.0000000E+00  0.0000000E+00
  0.0000000E+00  0.0000000E+00
  0.0000000E+00  0.0000000E+00
  0.0000000E+00  0.0000000E+00
  0.0000000E+00  0.0000000E+00
  0.0000000E+00  0.0000000E+00
  0.0000000E+00  0.0000000E+00
  0.0000000E+00  0.0000000E+00
  0.0000000E+00  0.0000000E+00
  0.0000000E+00  0.0000000E+00
  0.0000000E+00  0.0000000E+00
  0.0000000E+00  0.0000000E+00
  0.0000000E+00  0.0000000E+00
  0.0000000E+00  0.0000000E+00
  0.0000000E+00  0.0000000E+00
  0.0000000E+00  0.0000000E+00
  0.0000000E+00  0.0000000E+00
  0.0000000E+00  0.0000000E+00
  0.0000000E+00  0.0000000E+00
  0.0000000E+00  0.0000000E+00
  0.0000000E+00  0.0000000E+00
  0.0000000E+00  0.0000000E+00
  0.0000000E+00  0.0000000E+00
  0.0000000E+00  0.0000000E+00
  0.0000000E+00  0.0000000E+00
  0.0000000E+00  0.0000000E+00
  0.0000000E+00  0.0000000E+00
  0.0000000E+00  0.0000000E+00
  0.0000000E+00  0.0000000E+00
  0.0000000E+00  0.0000000E+00
  0.0000000E+00  0.0000000E+00
  0.0000000E+00  0.0000000E+00
  0.0000000E+00  0.0000000E+00
  0.0000000E+00  0.0000000E+00
  0.0000000E+00  0.0000000E+00
  0.0000000E+00  0.0000000E+00
  0.0000000E+00  0.0000000E+00
  0.0000000E+00  0.0000000E+00
  0.0000000E+00  0.0000000E+00
  0.0000000E+00  0.0000000E+00
  0.0000000E+00  0.0000000E+00
  0.0000000E+00  0.0000000E+00
  0.0000000E+00  0.0000000E+00
  0.0000000E+00  0.0000000E+00
  0.0000000E+00  0.0000000E+00
  0.0000000E+00  0.0000000E+00
  0.0000000E+00  0.0000000E+00
  0.0000000E+00  0.0000000E+00
  0.0000000E+00  0.0000000E+00
  0.0000000E+00  0.0000000E+00
  0.0000000E+00  0.0000000E+00
  0.0000000E+00  0.0000000E+00
  0.0000000E+00  0.0000000E+00
  0.0000000E+00  0.0000000E+00
  0.0000000E+00  0.0000000E+00
  0.0000000E+00  0.0000000E+00
  0.0000000E+00  0.0000000E+00
  0.0000000E+00  0.0000000E+00
  0.0000000E+00  0.0000000E+00
  0.0000000E+00  0.0000000E+00
  0.0000000E+00  0.0000000E+00
  0.0000000E+00  0.0000000E+00
  0.0000000E+00  0.0000000E+00
  0.0000000E+00  0.0000000E+00
  0.0000000E+00  0.0000000E+00
  0.0000000E+00  0.0000000E+00
  0.0000000E+00  0.0000000E+00
  0.0000000E+00  0.0000000E+00
  0.0000000E+00  0.0000000E+00
  0.0000000E+00  0.0000000E+00
  0.0000000E+00  0.0000000E+00
  0.0000000E+00  0.0000000E+00
  0.0000000E+00  0.0000000E+00
  0.0000000E+00  0.0000000E+00
  0.0000000E+00  0.0000000E+00
  0.0000000E+00  0.0000000E+00
  0.0000000E+00  0.0000000E+00
  0.0000000E+00  0.0000000E+00
  0.0000000E+00  0.0000000E+00
  0.0000000E+00  0.0000000E+00
  0.0000000E+00  0.0000000E+00
  0.0000000E+00  0.0000000E+00
  0.0000000E+00  0.0000000E+00
  0.0000000E+00  0.0000000E+00
  0.0000000E+00  0.0000000E+00
  0.0000000E+00  0.0000000E+00
  0.0000000E+00  0.0000000E+00
  0.0000000E+00  0.0000000E+00
  0.0000000E+00  0.0000000E+00
  0.0000000E+00  0.0000000E+00
  0.0000000E+00  0.0000000E+00
  0.0000000E+00  0.0000000E+00
  0.0000000E+00  0.0000000E+00
  0.0000000E+00  0.0000000E+00
  0.0000000E+00  0.0000000E+00
  0.0000000E+00  0.0000000E+00
  0.0000000E+00  0.0000000E+00
  0.0000000E+00  0.0000000E+00
  0.0000000E+00  0.0000000E+00
  0.0000000E+00  0.0000000E+00
  0.0000000E+00  0.0000000E+00
  0.0000000E+00  0.0000000E+00
  0.0000000E+00  0.0000000E+00
  0.0000000E+00  0.0000000E+00
  0.0000000E+00  0.0000000E+00
  0.0000000E+00  0.0000000E+00
  0.0000000E+00  0.0000000E+00
  0.0000000E+00  0.0000000E+00
  0.0000000E+00  0.0000000E+00
  0.0000000E+00  0.0000000E+00
  0.0000000E+00  0.0000000E+00
  0.0000000E+00  0.0000000E+00
  0.0000000E+00  0.0000000E+00
  0.0000000E+00  0.0000000E+00
  0.0000000E+00  0.0000000E+00
  0.0000000E+00  0.0000000E+00
  0.0000000E+00  0.0000000E+00
  0.0000000E+00  0.0000000E+00
  0.0000000E+00  0.0000000E+00
  0.0000000E+00  0.0000000E+00
  0.0000000E+00  0.0000000E+00
  0.0000000E+00  0.0000000E+00
  0.0000000E+00  0.0000000E+00
  0.0000000E+00  0.0000000E+00
  0.0000000E+00  0.0000000E+00
  0.0000000E+00  0.0000000E+00
  0.0000000E+00  0.0000000E+00
  0.0000000E+00  0.0000000E+00
  0.0000000E+00  0.0000000E+00
  0.0000000E+00  0.0000000E+00
  0.0000000E+00  0.0000000E+00
  0.0000000E+00  0.0000000E+00
  0.0000000E+00  0.0000000E+00
  0.0000000E+00  0.0000000E+00
  0.0000000E+00  0.0000000E+00
  0.0000000E+00  0.0000000E+00
  0.0000000E+00  0.0000000E+00
  0.0000000E+00  0.0000000E+00
  0.0000000E+00  0.0000000E+00
  0.0000000E+00  0.0000000E+00
  0.0000000E+00  0.0000000E+00
  0.0000000E+00  0.0000000E+00
  0.0000000E+00  0.0000000E+00
  0.0000000E+00  0.0000000E+00
  0.0000000E+00  0.0000000E+00
  0.0000000E+00  0.0000000E+00
  0.0000000E+00  0.0000000E+00
  0.0000000E+00  0.0000000E+00
  0.0000000E+00  0.0000000E+00
  0.0000000E+00  0.0000000E+00
  0.0000000E+00  0.0000000E+00
  0.0000000E+00  0.0000000E+00
  0.0000000E+00  0.0000000E+00
  0.0000000E+00  0.0000000E+00
  0.0000000E+00  0.0000000E+00
  0.0000000E+00  0.0000000E+00
  0.0000000E+00  0.0000000E+00
  0.0000000E+00  0.0000000E+00
  0.0000000E+00  0.0000000E+00
  0.0000000E+00  0.0000000E+00
  0.0000000E+00  0.0000000E+00
  0.0000000E+00  0.0000000E+00
  0.0000000E+00  0.0000000E+00
  0.0000000E+00  0.0000000E+00
  0.0000000E+00  0.0000000E+00
  0.0000000E+00  0.0000000E+00
  0.0000000E+00  0.0000000E+00
  0.0000000E+00  0.0000000E+00
  0.0000000E+00  0.0000000E+00
  0.0000000E+00  0.0000000E+00
  0.0000000E+00  0.0000000E+00
  0.0000000E+00  0.0000000E+00
  0.0000000E+00  0.0000000E+00
  0.0000000E+00  0.0000000E+00
  0.0000000E+00  0.0000000E+00
  0.0000000E+00  0.0000000E+00
  0.0000000E+00  0.0000000E+00
  0.0000000E+00  0.0000000E+00
  0.0000000E+00  0.0000000E+00
  0.0000000E+00  0.0000000E+00
  0.0000000E+00  0.0000000E+00
  0.0000000E+00  0.0000000E+00
  0.0000000E+00  0.0000000E+00
  0.0000000E+00  0.0000000E+00
  0.0000000E+00  0.0000000E+00
  0.0000000E+00  0.0000000E+00
  0.0000000E+00  0.0000000E+00
  0.0000000E+00  0.0000000E+00
  0.0000000E+00  0.0000000E+00
  0.0000000E+00  0.0000000E+00
  0.0000000E+00  0.0000000E+00
  0.0000000E+00  0.0000000E+00
  0.0000000E+00  0.0000000E+00
  0.0000000E+00  0.0000000E+00
  0.0000000E+00  0.0000000E+00
  0.0000000E+00  0.0000000E+00
  0.0000000E+00  0.0000000E+00
  0.0000000E+00  0.0000000E+00
  0.0000000E+00  0.0000000E+00
  0.0000000E+00  0.0000000E+00
  0.0000000E+00  0.0000000E+00
  0.0000000E+00  0.0000000E+00
  0.0000000E+00  0.0000000E+00
  0.0000000E+00  0.0000000E+00
  0.0000000E+00  0.0000000E+00
  0.0000000E+00  0.0000000E+00
  0.0000000E+00  0.0000000E+00
  0.0000000E+00  0.0000000E+00
  0.0000000E+00  0.0000000E+00
  0.0000000E+00  0.0000000E+00
  0.0000000E+00  0.0000000E+00
  0.0000000E+00  0.0000000E+00
  0.0000000E+00  0.0000000E+00
  0.0000000E+00  0.0000000E+00
  0.0000000E+00  0.0000000E+00
  0.0000000E+00  0.0000000E+00
  0.0000000E+00  0.0000000E+00
  0.0000000E+00  0.0000000E+00
  0.0000000E+00  0.0000000E+00
  0.0000000E+00  0.0000000E+00
  0.0000000E+00  0.0000000E+00
  0.0000000E+00  0.0000000E+00
  0.0000000E+00  0.0000000E+00
  0.0000000E+00  0.0000000E+00
  0.0000000E+00  0.0000000E+00
  0.0000000E+00  0.0000000E+00
  0.0000000E+00  0.0000000E+00
  0.0000000E+00  0.0000000E+00
  0.0000000E+00  0.0000000E+00
  0.0000000E+00  0.0000000E+00
  0.0000000E+00  0.0000000E+00
  0.0000000E+00  0.0000000E+00
  0.0000000E+00  0.0000000E+00
  0.0000000E+00  0.0000000E+00
  0.0000000E+00  0.0000000E+00
  0.0000000E+00  0.0000000E+00
  0.0000000E+00  0.0000000E+00
  0.0000000E+00  0.0000000E+00
  0.0000000E+00  0.0000000E+00
  0.0000000E+00  0.0000000E+00
  0.0000000E+00  0.0000000E+00
  0.0000000E+00  0.0000000E+00
  0.0000000E+00  0.0000000E+00
  0.0000000E+00  0.0000000E+00
  0.0000000E+00  0.0000000E+00
  0.0000000E+00  0.0000000E+00
  0.0000000E+00  0.0000000E+00
  0.0000000E+00  0.0000000E+00
  0.0000000E+00  0.0000000E+00
  0.0000000E+00  0.0000000E+00
  0.0000000E+00  0.0000000E+00
  0.0000000E+00  0.0000000E+00
  0.0000000E+00  0.0000000E+00
  0.0000000E+00  0.0000000E+00
  0.0000000E+00  0.0000000E+00
  0.0000000E+00  0.0000000E+00
  0.0000000E+00  0.0000000E+00
  0.0000000E+00  0.0000000E+00
  0.0000000E+00  0.0000000E+00
  0.0000000E+00  0.0000000E+00
  0.0000000E+00  0.0000000E+00
  0.0000000E+00  0.0000000E+00
  0.0000000E+00  0.0000000E+00
  0.0000000E+00  0.0000000E+00
  0.0000000E+00  0.0000000E+00
  0.0000000E+00  0.0000000E+00
  0.0000000E+00  0.0000000E+00
  0.0000000E+00  0.0000000E+00
  0.0000000E+00  0.0000000E+00
  0.0000000E+00  0.0000000E+00
  0.0000000E+00  0.0000000E+00
  0.0000000E+00  0.0000000E+00
  0.0000000E+00  0.0000000E+00
  0.0000000E+00  0.0000000E+00
  0.0000000E+00  0.0000000E+00
  0.0000000E+00  0.0000000E+00
  0.0000000E+00  0.0000000E+00
  0.0000000E+00  0.0000000E+00
  0.0000000E+00  0.0000000E+00
  0.0000000E+00  0.0000000E+00
  0.0000000E+00  0.0000000E+00
  0.0000000E+00  0.0000000E+00
  0.0000000E+00  0.0000000E+00
  0.0000000E+00  0.0000000E+00
  0.0000000E+00  0.0000000E+00
  0.0000000E+00  0.0000000E+00
  0.0000000E+00  0.0000000E+00
  0.0000000E+00  0.0000000E+00
  0.0000000E+00  0.0000000E+00
  0.0000000E+00  0.0000000E+00
  0.0000000E+00  0.0000000E+00
  0.0000000E+00  0.0000000E+00
  0.0000000E+00  0.0000000E+00
  0.0000000E+00  0.0000000E+00
  0.0000000E+00  0.0000000E+00
  0.0000000E+00  0.0000000E+00
  0.0000000E+00  0.0000000E+00
  0.0000000E+00  0.0000000E+00
  0.0000000E+00  0.0000000E+00
  0.0000000E+00  0.0000000E+00
  0.0000000E+00  0.0000000E+00
  0.0000000E+00  0.0000000E+00
  0.0000000E+00  0.0000000E+00
  0.0000000E+00  0.0000000E+00
  0.0000000E+00  0.0000000E+00
  0.0000000E+00  0.0000000E+00
  0.0000000E+00  0.0000000E+00
  0.0000000E+00  0.0000000E+00
  0.0000000E+00  0.0000000E+00
  0.0000000E+00  0.0000000E+00
  0.0000000E+00  0.0000000E+00
  0.0000000E+00  0.0000000E+00
  0.0000000E+00  0.0000000E+00
  0.0000000E+00  0.0000000E+00
  0.0000000E+00  0.0000000E+00
  0.0000000E+00  0.0000000E+00
  0.0000000E+00  0.0000000E+00
  0.0000000E+00  0.0000000E+00
  0.0000000E+00  0.0000000E+00
  0.0000000E+00  0.0000000E+00
  0.0000000E+00  0.0000000E+00
  0.0000000E+00  0.0000000E+00
  0.0000000E+00  0.0000000E+00
  0.0000000E+00  0.0000000E+00
  0.0000000E+00  0.0000000E+00
  0.0000000E+00  0.0000000E+00
  0.0000000E+00  0.0000000E+00
  0.0000000E+00  0.0000000E+00
  0.0000000E+00  0.0000000E+00
  0.0000000E+00  0.0000000E+00
  0.0000000E+00  0.0000000E+00
  0.0000000E+00  0.0000000E+00
  0.0000000E+00  0.0000000E+00
  0.0000000E+00  0.0000000E+00
  0.0000000E+00  0.0000000E+00
  0.0000000E+00  0.0000000E+00
  0.0000000E+00  0.0000000E+00
  0.0000000E+00  0.0000000E+00
  0.0000000E+00  0.0000000E+00
  0.0000000E+00  0.0000000E+00
  0.0000000E+00  0.0000000E+00
  0.0000000E+00  0.0000000E+00
  0.0000000E+00  0.0000000E+00
  0.0000000E+00  0.0000000E+00
  0.0000000E+00  0.0000000E+00
  0.0000000E+00  0.0000000E+00
  0.0000000E+00  0.0000000E+00
  0.0000000E+00  0.0000000E+00
  0.0000000E+00  0.0000000E+00
  0.0000000E+00  0.0000000E+00
  0.0000000E+00  0.0000000E+00
  0.0000000E+00  0.0000000E+00
  0.0000000E+00  0.0000000E+00
  0.0000000E+00  0.0000000E+00
  0.0000000E+00  0.0000000E+00
  0.0000000E+00  0.0000000E+00
  0.0000000E+00  0.0000000E+00
  0.0000000E+00  0.0000000E+00
  0.0000000E+00  0.0000000E+00
  0.0000000E+00  0.0000000E+00
  0.0000000E+00  0.0000000E+00
  0.0000000E+00  0.0000000E+00
  0.0000000E+00  0.0000000E+00
  0.0000000E+00  0.0000000E+00
  0.0000000E+00  0.0000000E+00
  0.0000000E+00  0.0000000E+00
  0.0000000E+00  0.0000000E+00
  0.0000000E+00  0.0000000E+00
  0.0000000E+00  0.0000000E+00
  0.0000000E+00  0.0000000E+00
  0.0000000E+00  0.0000000E+00
  0.0000000E+00  0.0000000E+00
  0.0000000E+00  0.0000000E+00
  0.0000000E+00  0.0000000E+00
  0.0000000E+00  0.0000000E+00
  0.0000000E+00  0.0000000E+00
  0.0000000E+00  0.0000000E+00
  0.0000000E+00  0.0000000E+00
  0.0000000E+00  0.0000000E+00
  0.0000000E+00  0.0000000E+00
  0.0000000E+00  0.0000000E+00
  0.0000000E+00  0.0000000E+00
  0.0000000E+00  0.0000000E+00
  0.0000000E+00  0.0000000E+00
  0.0000000E+00  0.0000000E+00
  0.0000000E+00  0.0000000E+00
  0.0000000E+00  0.0000000E+00
  0.0000000E+00  0.0000000E+00
  0.0000000E+00  0.0000000E+00
  0.0000000E+00  0.0000000E+00
  0.0000000E+00  0.0000000E+00
  0.0000000E+00  0.0000000E+00
  0.0000000E+00  0.0000000E+00
  0.0000000E+00  0.0000000E+00
  0.0000000E+00  0.0000000E+00
  0.0000000E+00  0.0000000E+00
  0.0000000E+00  0.0000000E+00
  0.0000000E+00  0.0000000E+00
  0.0000000E+00  0.0000000E+00
  0.0000000E+00  0.0000000E+00
  0.0000000E+00  0.0000000E+00
  0.0000000E+00  0.0000000E+00
  0.0000000E+00  0.0000000E+00
  0.0000000E+00  0.0000000E+00
  0.0000000E+00  0.0000000E+00
  0.0000000E+00  0.0000000E+00
  0.0000000E+00  0.0000000E+00
  0.0000000E+00  0.0000000E+00
  0.0000000E+00  0.0000000E+00
  0.0000000E+00  0.0000000E+00
  0.0000000E+00  0.0000000E+00
  0.0000000E+00  0.0000000E+00
  0.0000000E+00  0.0000000E+00
  0.0000000E+00  0.0000000E+00
  0.0000000E+00  0.0000000E+00
  0.0000000E+00  0.0000000E+00
  0.0000000E+00  0.0000000E+00
  0.0000000E+00  0.0000000E+00
  0.0000000E+00  0.0000000E+00
  0.0000000E+00  0.0000000E+00
  0.0000000E+00  0.0000000E+00
  0.0000000E+00  0.0000000E+00
  0.0000000E+00  0.0000000E+00
  0.0000000E+00  0.0000000E+00
  0.0000000E+00  0.0000000E+00
  0.0000000E+00  0.0000000E+00
  0.0000000E+00  0.0000000E+00
  0.0000000E+00  0.0000000E+00
  0.0000000E+00  0.0000000E+00
  0.0000000E+00  0.0000000E+00
  0.0000000E+00  0.0000000E+00
  0.0000000E+00  0.0000000E+00
  0.0000000E+00  0.0000000E+00
  0.0000000E+00  0.0000000E+00
  0.0000000E+00  0.0000000E+00
  0.0000000E+00  0.0000000E+00
  0.0000000E+00  0.0000000E+00
  0.0000000E+00  0.0000000E+00
  0.0000000E+00  0.0000000E+00
  0.0000000E+00  0.0000000E+00
  0.0000000E+00  0.0000000E+00
  0.0000000E+00  0.0000000E+00
  0.0000000E+00  0.0000000E+00
  0.0000000E+00  0.0000000E+00
  0.0000000E+00  0.0000000E+00
  0.0000000E+00  0.0000000E+00
  0.0000000E+00  0.0000000E+00
  0.0000000E+00  0.0000000E+00
  0.0000000E+00  0.0000000E+00
  0.0000000E+00  0.0000000E+00
  0.0000000E+00  0.0000000E+00
  0.0000000E+00  0.0000000E+00
  0.0000000E+00  0.0000000E+00
  0.0000000E+00  0.0000000E+00
  0.0000000E+00  0.0000000E+00
  0.0000000E+00  0.0000000E+00
  0.0000000E+00  0.0000000E+00
  0.0000000E+00  0.0000000E+00
  0.0000000E+00  0.0000000E+00
  0.0000000E+00  0.0000000E+00
  0.0000000E+00  0.0000000E+00
  0.0000000E+00  0.0000000E+00
  0.0000000E+00  0.0000000E+00
  0.0000000E+00  0.0000000E+00
  0.0000000E+00  0.0000000E+00
  0.0000000E+00  0.0000000E+00
  0.0000000E+00  0.0000000E+00
  0.0000000E+00  0.0000000E+00
  0.0000000E+00  0.0000000E+00
  0.0000000E+00  0.0000000E+00
  0.0000000E+00  0.0000000E+00
  0.0000000E+00  0.0000000E+00
  0.0000000E+00  0.0000000E+00
  0.0000000E+00  0.0000000E+00
  0.0000000E+00  0.0000000E+00
  0.0000000E+00  0.0000000E+00
  0.0000000E+00  0.0000000E+00
  0.0000000E+00  0.0000000E+00
  0.0000000E+00  0.0000000E+00
  0.0000000E+00  0.0000000E+00
  0.0000000E+00  0.0000000E+00
  0.0000000E+00  0.0000000E+00
  0.0000000E+00  0.0000000E+00
  0.0000000E+00  0.0000000E+00
  0.0000000E+00  0.0000000E+00
  0.0000000E+00  0.0000000E+00
  0.0000000E+00  0.0000000E+00
  0.0000000E+00  0.0000000E+00
  0.0000000E+00  0.0000000E+00
  0.0000000E+00  0.0000000E+00
  0.0000000E+00  0.0000000E+00
  0.0000000E+00  0.0000000E+00
  0.0000000E+00  0.0000000E+00
  0.0000000E+00  0.0000000E+00
  0.0000000E+00  0.0000000E+00
  0.0000000E+00  0.0000000E+00
  0.0000000E+00  0.0000000E+00
  0.0000000E+00  0.0000000E+00
  0.0000000E+00  0.0000000E+00
  0.0000000E+00  0.0000000E+00
  0.0000000E+00  0.0000000E+00
  0.0000000E+00  0.0000000E+00
  0.0000000E+00  0.0000000E+00
  0.0000000E+00  0.0000000E+00
  0.0000000E+00  0.0000000E+00
  0.0000000E+00  0.0000000E+00
  0.0000000E+00  0.0000000E+00
  0.0000000E+00  0.0000000E+00
  0.0000000E+00  0.0000000E+00
  0.0000000E+00  0.0000000E+00
  0.0000000E+00  0.0000000E+00
  0.0000000E+00  0.0000000E+00
  0.0000000E+00  0.0000000E+00
  0.0000000E+00  0.0000000E+00
  0.0000000E+00  0.0000000E+00
  0.0000000E+00  0.0000000E+00
  0.0000000E+00  0.0000000E+00
  0.0000000E+00  0.0000000E+00
  0.0000000E+00  0.0000000E+00
  0.0000000E+00  0.0000000E+00
  0.0000000E+00  0.0000000E+00
  0.0000000E+00  0.0000000E+00
  0.0000000E+00  0.0000000E+00
  0.0000000E+00  0.0000000E+00
  0.0000000E+00  0.0000000E+00
  0.0000000E+00  0.0000000E+00
  0.0000000E+00  0.0000000E+00
  0.0000000E+00  0.0000000E+00
  0.0000000E+00  0.0000000E+00
  0.0000000E+00  0.0000000E+00
  0.0000000E+00  0.0000000E+00
  0.0000000E+00  0.0000000E+00
  0.0000000E+00  0.0000000E+00
  0.0000000E+00  0.0000000E+00
  0.0000000E+00  0.0000000E+00
  0.0000000E+00  0.0000000E+00
  0.0000000E+00  0.0000000E+00
  0.0000000E+00  0.0000000E+00
  0.0000000E+00  0.0000000E+00
  0.0000000E+00  0.0000000E+00
  0.0000000E+00  0.0000000E+00
  0.0000000E+00  0.0000000E+00
  0.0000000E+00  0.0000000E+00
  0.0000000E+00  0.0000000E+00
  0.0000000E+00  0.0000000E+00
  0.0000000E+00  0.0000000E+00
  0.0000000E+00  0.0000000E+00
  0.0000000E+00  0.0000000E+00
  0.0000000E+00  0.0000000E+00
  0.0000000E+00  0.0000000E+00
  0.0000000E+00  0.0000000E+00
  0.0000000E+00  0.0000000E+00
  0.0000000E+00  0.0000000E+00
  0.0000000E+00  0.0000000E+00
  0.0000000E+00  0.0000000E+00
  0.0000000E+00  0.0000000E+00
  0.0000000E+00  0.0000000E+00
  0.0000000E+00  0.0000000E+00
  0.0000000E+00  0.0000000E+00
  0.0000000E+00  0.0000000E+00
  0.0000000E+00  0.0000000E+00
  0.0000000E+00  0.0000000E+00
  0.0000000E+00  0.0000000E+00
  0.0000000E+00  0.0000000E+00
  0.0000000E+00  0.0000000E+00
  0.0000000E+00  0.0000000E+00
  0.0000000E+00  0.0000000E+00
  0.0000000E+00  0.0000000E+00
  0.0000000E+00  0.0000000E+00
  0.0000000E+00  0.0000000E+00
  0.0000000E+00  0.0000000E+00
  0.0000000E+00  0.0000000E+00
  0.0000000E+00  0.0000000E+00
  0.0000000E+00  0.0000000E+00
  0.0000000E+00  0.0000000E+00
  0.0000000E+00  0.0000000E+00
  0.0000000E+00  0.0000000E+00
  0.0000000E+00  0.0000000E+00
  0.0000000E+00  0.0000000E+00
  0.0000000E+00  0.0000000E+00
  0.0000000E+00  0.0000000E+00
  0.0000000E+00  0.0000000E+00
  0.0000000E+00  0.0000000E+00
  0.0000000E+00  0.0000000E+00
  0.0000000E+00  0.0000000E+00
  0.0000000E+00  0.0000000E+00
  0.0000000E+00  0.0000000E+00
  0.0000000E+00  0.0000000E+00
  0.0000000E+00  0.0000000E+00
  0.0000000E+00  0.0000000E+00
  0.0000000E+00  0.0000000E+00
  0.0000000E+00  0.0000000E+00
  0.0000000E+00  0.0000000E+00
  0.0000000E+00  0.0000000E+00
  0.0000000E+00  0.0000000E+00
  0.0000000E+00  0.0000000E+00
  0.0000000E+00  0.0000000E+00
  0.0000000E+00  0.0000000E+00
  0.0000000E+00  0.0000000E+00
  0.0000000E+00  0.0000000E+00
  0.0000000E+00  0.0000000E+00
  0.0000000E+00  0.0000000E+00
  0.0000000E+00  0.0000000E+00
  0.0000000E+00  0.0000000E+00
  0.0000000E+00  0.0000000E+00
  0.0000000E+00  0.0000000E+00
  0.0000000E+00  0.0000000E+00
  0.0000000E+00  0.0000000E+00
  0.0000000E+00  0.0000000E+00
  0.0000000E+00  0.0000000E+00
  0.0000000E+00  0.0000000E+00
  0.0000000E+00  0.0000000E+00
  0.0000000E+00  0.0000000E+00
  0.0000000E+00  0.0000000E+00
  0.0000000E+00  0.0000000E+00
  0.0000000E+00  0.0000000E+00
  0.0000000E+00  0.0000000E+00
  0.0000000E+00  0.0000000E+00
  0.0000000E+00  0.0000000E+00
  0.0000000E+00  0.0000000E+00
  0.0000000E+00  0.0000000E+00
  0.0000000E+00  0.0000000E+00
  0.0000000E+00  0.0000000E+00
  0.0000000E+00  0.0000000E+00
  0.0000000E+00  0.0000000E+00
  0.0000000E+00  0.0000000E+00
  0.0000000E+00  0.0000000E+00
  0.0000000E+00  0.0000000E+00
  0.0000000E+00  0.0000000E+00
  0.0000000E+00  0.0000000E+00
  0.0000000E+00  0.0000000E+00
  0.0000000E+00  0.0000000E+00
  0.0000000E+00  0.0000000E+00
  0.0000000E+00  0.0000000E+00
  0.0000000E+00  0.0000000E+00
  0.0000000E+00  0.0000000E+00
  0.0000000E+00  0.0000000E+00
  0.0000000E+00  0.0000000E+00
  0.0000000E+00  0.0000000E+00
  0.0000000E+00  0.0000000E+00
  0.0000000E+00  0.0000000E+00
  0.0000000E+00  0.0000000E+00
  0.0000000E+00  0.0000000E+00
  0.0000000E+00  0.0000000E+00
  0.0000000E+00  0.0000000E+00
  0.0000000E+00  0.0000000E+00
  0.0000000E+00  0.0000000E+00
  0.0000000E+00  0.0000000E+00
  0.0000000E+00  0.0000000E+00
  0.0000000E+00  0.0000000E+00
  0.0000000E+00  0.0000000E+00
  0.0000000E+00  0.0000000E+00
  0.0000000E+00  0.0000000E+00
  0.0000000E+00  0.0000000E+00
  0.0000000E+00  0.0000000E+00
  0.0000000E+00  0.0000000E+00
  0.0000000E+00  0.0000000E+00
  0.0000000E+00  0.0000000E+00
  0.0000000E+00  0.0000000E+00
  0.0000000E+00  0.0000000E+00
  0.0000000E+00  0.0000000E+00
  0.0000000E+00  0.0000000E+00
  0.0000000E+00  0.0000000E+00
  0.0000000E+00  0.0000000E+00
  0.0000000E+00  0.0000000E+00
  0.0000000E+00  0.0000000E+00
  0.0000000E+00  0.0000000E+00
  0.0000000E+00  0.0000000E+00
  0.0000000E+00  0.0000000E+00
  0.0000000E+00  0.0000000E+00
  0.0000000E+00  0.0000000E+00
  0.0000000E+00  0.0000000E+00
  0.0000000E+00  0.0000000E+00
  0.0000000E+00  0.0000000E+00
  0.0000000E+00  0.0000000E+00
  0.0000000E+00  0.0000000E+00
  0.0000000E+00  0.0000000E+00
  0.0000000E+00  0.0000000E+00
  0.0000000E+00  0.0000000E+00
  0.0000000E+00  0.0000000E+00
  0.0000000E+00  0.0000000E+00
  0.0000000E+00  0.0000000E+00
  0.0000000E+00  0.0000000E+00
  0.0000000E+00  0.0000000E+00
  0.0000000E+00  0.0000000E+00
  0.0000000E+00  0.0000000E+00
  0.0000000E+00  0.0000000E+00
  0.0000000E+00  0.0000000E+00
  0.0000000E+00  0.0000000E+00
  0.0000000E+00  0.0000000E+00
  0.0000000E+00  0.0000000E+00
  0.0000000E+00  0.0000000E+00
  0.0000000E+00  0.0000000E+00
