 -0.2276869E+00 -0.4867980E-07
 -0.1582684E+00 -0.3911047E-07
 -0.1229633E+00 -0.3456315E-07
 -0.9817293E-01 -0.3129071E-07
 -0.8878147E-01 -0.3012614E-07
 -0.8560458E-01 -0.2976653E-07
  0.7412404E+00  0.8280816E-07
 -0.2902482E-01 -0.2178458E-07
 -0.2438746E-01 -0.2122569E-07
 -0.1935771E-01 -0.2120768E-07
 -0.9334303E-02 -0.2386166E-07
 -0.2863535E-01 -0.2635345E-07
 -0.4763508E-01 -0.2886050E-07
 -0.6635560E-01 -0.3134178E-07
 -0.8407597E-01 -0.3368437E-07
 -0.1017767E+00 -0.3603362E-07
 -0.1194834E+00 -0.3837585E-07
 -0.1368439E+00 -0.4062267E-07
 -0.1542202E+00 -0.4291697E-07
 -0.1698157E+00 -0.4498246E-07
 -0.1846122E+00 -0.4691613E-07
 -0.1997579E+00 -0.4892475E-07
 -0.2127124E+00 -0.5065564E-07
 -0.2247794E+00 -0.5222152E-07
 -0.2374049E+00 -0.5390091E-07
 -0.2473574E+00 -0.5522917E-07
 -0.2562690E+00 -0.5637604E-07
 -0.2658975E+00 -0.5765421E-07
 -0.2724587E+00 -0.5854222E-07
 -0.2778143E+00 -0.5922782E-07
 -0.2839717E+00 -0.6004751E-07
 -0.2867874E+00 -0.6043579E-07
 -0.2882583E+00 -0.6060909E-07
 -0.2905879E+00 -0.6091663E-07
 -0.2894206E+00 -0.6077925E-07
 -0.2869064E+00 -0.6042610E-07
 -0.2853095E+00 -0.6022469E-07
 -0.2802294E+00 -0.5955761E-07
 -0.2738686E+00 -0.5869122E-07
 -0.2684636E+00 -0.5799582E-07
 -0.2597208E+00 -0.5685153E-07
 -0.2498309E+00 -0.5552231E-07
 -0.2408883E+00 -0.5435164E-07
 -0.2288920E+00 -0.5277322E-07
 -0.2159339E+00 -0.5104342E-07
 -0.2038937E+00 -0.4944962E-07
 -0.1891956E+00 -0.4752591E-07
 -0.1737538E+00 -0.4546485E-07
 -0.1591511E+00 -0.4354181E-07
 -0.1423820E+00 -0.4133930E-07
 -0.1251038E+00 -0.3902854E-07
 -0.1085399E+00 -0.3684474E-07
 -0.9038569E-01 -0.3444895E-07
 -0.7194628E-01 -0.3199703E-07
 -0.5405269E-01 -0.2962931E-07
 -0.3520129E-01 -0.2715146E-07
 -0.1627934E-01 -0.2462474E-07
  0.2299110E-02 -0.2215807E-07
  0.2115961E-01 -0.1967817E-07
  0.3990156E-01 -0.1717210E-07
  0.5849969E-01 -0.1470689E-07
  0.7671001E-01 -0.1230893E-07
  0.9458151E-01 -0.9917949E-08
  0.1124995E+00 -0.7544060E-08
  0.1294086E+00 -0.5310078E-08
  0.1458099E+00 -0.3119754E-08
  0.1624588E+00 -0.9081944E-09
  0.1774424E+00  0.1070124E-08
  0.1917545E+00  0.2993849E-08
  0.2065202E+00  0.4963952E-08
  0.2190340E+00  0.6611408E-08
  0.2306408E+00  0.8173917E-08
  0.2428293E+00  0.9807855E-08
  0.2522817E+00  0.1104280E-07
  0.2606429E+00  0.1217859E-07
  0.2697052E+00  0.1338933E-07
  0.2756083E+00  0.1415579E-07
  0.2802979E+00  0.1479589E-07
  0.2858254E+00  0.1554062E-07
  0.2883210E+00  0.1584738E-07
  0.2904969E+00  0.1615153E-07
  0.2881140E+00  0.1573378E-07
  0.2799049E+00  0.1456562E-07
  0.2757826E+00  0.1399210E-07
  0.2717795E+00  0.1345339E-07
  0.2667446E+00  0.1277873E-07
  0.2606655E+00  0.1196553E-07
  0.2535813E+00  0.1103197E-07
  0.2454624E+00  0.9950914E-08
  0.2362575E+00  0.8726606E-08
  0.2259612E+00  0.7358127E-08
  0.2146267E+00  0.5854337E-08
  0.2023434E+00  0.4219499E-08
  0.1892068E+00  0.2466775E-08
  0.1752699E+00  0.6219016E-09
  0.1605206E+00 -0.1344973E-08
  0.1450994E+00 -0.3393268E-08
  0.1291206E+00 -0.5515174E-08
  0.1124750E+00 -0.7719407E-08
  0.9470729E-01 -0.1006324E-07
  0.7687094E-01 -0.1234903E-07
  0.6173616E-01 -0.1428554E-07
  0.4444162E-01 -0.1659150E-07
  0.2633958E-01 -0.1905191E-07
  0.8421788E-02 -0.2156808E-07
  0.1553355E-01 -0.1644941E-07
  0.1753619E-01 -0.1546835E-07
  0.1928907E-01 -0.1515092E-07
  0.2159492E-01 -0.1487619E-07
  0.2498359E-01 -0.1438058E-07
  0.2953069E-01 -0.1374531E-07
  0.3768319E-01 -0.1263855E-07
  0.9655368E-01 -0.4539383E-08
  0.1219534E+00 -0.8417924E-09
  0.2032141E+00  0.9926291E-08
  0.6181934E+00  0.6620090E-07
  0.7579916E+00  0.8482473E-07
  0.1478604E+01  0.1833880E-06
  0.1818945E+01  0.2296381E-06
  0.2074318E+01  0.2643338E-06
  0.2233101E+01  0.2859117E-06
  0.2287959E+01  0.2933420E-06
  0.2235119E+01  0.2861477E-06
  0.2080775E+01  0.2651383E-06
  0.1839616E+01  0.2323161E-06
  0.1520670E+01  0.1889135E-06
  0.1134908E+01  0.1364314E-06
  0.7003251E+00  0.7730793E-07
  0.2367479E+00  0.1424044E-07
 -0.2367728E+00 -0.5016166E-07
 -0.7006177E+00 -0.1132541E-06
 -0.1135337E+01 -0.1723856E-06
 -0.1522603E+01 -0.2250570E-06
 -0.1845045E+01 -0.2689113E-06
 -0.2087536E+01 -0.3018797E-06
 -0.2236937E+01 -0.3221865E-06
 -0.2283542E+01 -0.3285004E-06
 -0.2228005E+01 -0.3209230E-06
 -0.2079689E+01 -0.3007256E-06
 -0.1841736E+01 -0.2683336E-06
 -0.1520777E+01 -0.2246545E-06
 -0.1131893E+01 -0.1717275E-06
 -0.6908498E+00 -0.1117133E-06
  0.5482188E+00  0.5667938E-07
  0.4606088E+00  0.4409531E-07
 -0.2695887E+00 -0.5432946E-07
 -0.2501385E+00 -0.5191713E-07
 -0.2404671E+00 -0.5069808E-07
 -0.6973595E-01 -0.2728531E-07
  0.7742767E+00  0.8732701E-07
 -0.9396927E-01 -0.3123020E-07
 -0.5726261E-01 -0.2628870E-07
 -0.1301577E+00 -0.3609583E-07
 -0.1642317E+00 -0.4068866E-07
 -0.1972487E+00 -0.4514725E-07
 -0.2308821E+00 -0.4966401E-07
 -0.2633965E+00 -0.5403251E-07
 -0.2943309E+00 -0.5819587E-07
 -0.3236871E+00 -0.6214441E-07
 -0.3514929E+00 -0.6589651E-07
 -0.3777378E+00 -0.6942902E-07
 -0.4022080E+00 -0.7272713E-07
 -0.4249485E+00 -0.7578610E-07
 -0.4459199E+00 -0.7861430E-07
 -0.4648649E+00 -0.8117625E-07
 -0.4818543E+00 -0.8346101E-07
 -0.4968350E+00 -0.8547804E-07
 -0.5095239E+00 -0.8719005E-07
 -0.5200458E+00 -0.8860673E-07
 -0.5284494E+00 -0.8973908E-07
 -0.5343154E+00 -0.9053156E-07
 -0.5378149E+00 -0.9100553E-07
 -0.5390687E+00 -0.9117876E-07
 -0.5377358E+00 -0.9099854E-07
 -0.5340393E+00 -0.9050459E-07
 -0.5281355E+00 -0.8970687E-07
 -0.5197116E+00 -0.8856983E-07
 -0.5090122E+00 -0.8713122E-07
 -0.4961991E+00 -0.8540556E-07
 -0.4810288E+00 -0.8335959E-07
 -0.4637723E+00 -0.8103903E-07
 -0.4445937E+00 -0.7844893E-07
 -0.4233278E+00 -0.7558971E-07
 -0.4002234E+00 -0.7247326E-07
 -0.3754793E+00 -0.6913805E-07
 -0.3489903E+00 -0.6557443E-07
 -0.3210075E+00 -0.6180123E-07
 -0.2917309E+00 -0.5785945E-07
 -0.2611052E+00 -0.5372525E-07
 -0.2293950E+00 -0.4945635E-07
 -0.1967664E+00 -0.4505860E-07
 -0.1632594E+00 -0.4054212E-07
 -0.1290874E+00 -0.3593139E-07
 -0.9440424E-01 -0.3125682E-07
 -0.5929110E-01 -0.2652568E-07
 -0.2393388E-01 -0.2175620E-07
  0.1150220E-01 -0.1698103E-07
  0.4686491E-01 -0.1221493E-07
  0.8199989E-01 -0.7470645E-08
  0.1167850E+00 -0.2781213E-08
  0.1510367E+00  0.1835646E-08
  0.1845447E+00  0.6359303E-08
  0.2172490E+00  0.1077049E-07
  0.2490877E+00  0.1506340E-07
  0.2798781E+00  0.1921867E-07
  0.3095184E+00  0.2321656E-07
  0.3378370E+00  0.2703926E-07
  0.3647625E+00  0.3066818E-07
  0.3901966E+00  0.3410540E-07
  0.4138643E+00  0.3730066E-07
  0.4357404E+00  0.4025221E-07
  0.4557970E+00  0.4296543E-07
  0.4738085E+00  0.4539640E-07
  0.4897739E+00  0.4754908E-07
  0.5036728E+00  0.4943278E-07
  0.5152220E+00  0.5099201E-07
  0.5245580E+00  0.5224204E-07
  0.5316920E+00  0.5320880E-07
  0.5362809E+00  0.5382297E-07
  0.5382779E+00  0.5409382E-07
  0.5373204E+00  0.5394867E-07
  0.5337275E+00  0.5344785E-07
  0.5281442E+00  0.5268319E-07
  0.5205159E+00  0.5165280E-07
  0.5107813E+00  0.5034019E-07
  0.4990533E+00  0.4875725E-07
  0.4853597E+00  0.4690637E-07
  0.4695698E+00  0.4478331E-07
  0.4516476E+00  0.4236773E-07
  0.4316146E+00  0.3966542E-07
  0.4096152E+00  0.3670056E-07
  0.3858195E+00  0.3349043E-07
  0.3603447E+00  0.3005330E-07
  0.3332253E+00  0.2639438E-07
  0.3045698E+00  0.2252936E-07
  0.2747047E+00  0.1849866E-07
  0.2438094E+00  0.1432359E-07
  0.2118995E+00  0.1003209E-07
  0.1791522E+00  0.5633137E-08
  0.1460477E+00  0.1179781E-08
  0.1128764E+00 -0.3271261E-08
  0.7980761E-01 -0.7734242E-08
  0.4716956E-01 -0.1215229E-07
  0.5352747E-01 -0.1061874E-07
  0.3674217E+00  0.3261470E-07
  0.5900258E-01 -0.9798806E-08
  0.6623744E-01 -0.8865873E-08
  0.7587923E-01 -0.7591368E-08
  0.8934665E-01 -0.5760745E-08
  0.1144745E+00 -0.2341121E-08
  0.1252173E+01  0.1527264E-06
  0.3199837E+00  0.2586081E-07
  0.1417038E+01  0.1751235E-06
  0.7011172E+00  0.7724147E-07
  0.1043255E+01  0.1243317E-06
  0.1523912E+01  0.1896382E-06
  0.1558590E+01  0.1943454E-06
  0.1520033E+01  0.1890941E-06
  0.1416208E+01  0.1749552E-06
  0.1254742E+01  0.1529794E-06
  0.1038467E+01  0.1235698E-06
  0.7762123E+00  0.8790983E-07
  0.4798447E+00  0.4761475E-07
  0.1633262E+00  0.4578131E-08
 -0.1619175E+00 -0.3964742E-07
 -0.4805341E+00 -0.8295639E-07
 -0.7775133E+00 -0.1233250E-06
 -0.1041123E+01 -0.1591577E-06
 -0.1260107E+01 -0.1889259E-06
 -0.1424214E+01 -0.2112185E-06
 -0.1523419E+01 -0.2246967E-06
 -0.1552525E+01 -0.2286262E-06
 -0.1516478E+01 -0.2237215E-06
 -0.1420787E+01 -0.2107050E-06
 -0.1258715E+01 -0.1886503E-06
 -0.1043159E+01 -0.1593277E-06
 -0.7857981E+00 -0.1243316E-06
 -0.4867764E+00 -0.8374255E-07
 -0.1155031E+00 -0.3331537E-07
 -0.2373613E+00 -0.5046925E-07
  0.2874600E+00  0.2107007E-07
 -0.7466836E-01 -0.2862228E-07
 -0.1103590E+00 -0.3282067E-07
 -0.3860916E+00 -0.7046484E-07
 -0.1129905E+00 -0.3313738E-07
 -0.4246768E+00 -0.7551715E-07
 -0.2740823E+00 -0.5493570E-07
 -0.3132190E+00 -0.6021923E-07
 -0.3497635E+00 -0.6515309E-07
 -0.3845137E+00 -0.6985139E-07
 -0.4173101E+00 -0.7428579E-07
 -0.4478587E+00 -0.7841091E-07
 -0.4763471E+00 -0.8226348E-07
 -0.5027852E+00 -0.8583347E-07
 -0.5269359E+00 -0.8910708E-07
 -0.5488877E+00 -0.9206784E-07
 -0.5685558E+00 -0.9472719E-07
 -0.5855386E+00 -0.9702588E-07
 -0.6000312E+00 -0.9898660E-07
 -0.6121910E+00 -0.1006272E-06
 -0.6216385E+00 -0.1019116E-06
 -0.6282175E+00 -0.1028048E-06
 -0.6319961E+00 -0.1033136E-06
 -0.6328714E+00 -0.1034368E-06
 -0.6308758E+00 -0.1031674E-06
 -0.6262208E+00 -0.1025319E-06
 -0.6187959E+00 -0.1015404E-06
 -0.6086017E+00 -0.1001570E-06
 -0.5957957E+00 -0.9842960E-07
 -0.5803460E+00 -0.9633972E-07
 -0.5622818E+00 -0.9389665E-07
 -0.5418230E+00 -0.9113344E-07
 -0.5189349E+00 -0.8804609E-07
 -0.4937381E+00 -0.8463887E-07
 -0.4664394E+00 -0.8094991E-07
 -0.4370535E+00 -0.7698116E-07
 -0.4057343E+00 -0.7274458E-07
 -0.3727158E+00 -0.6828265E-07
 -0.3380372E+00 -0.6360142E-07
 -0.3018795E+00 -0.5871082E-07
 -0.2644978E+00 -0.5365117E-07
 -0.2259604E+00 -0.4844456E-07
 -0.1864753E+00 -0.4310752E-07
 -0.1462392E+00 -0.3766496E-07
 -0.1053951E+00 -0.3214538E-07
 -0.6392852E-01 -0.2654411E-07
 -0.2207326E-01 -0.2089130E-07
  0.1980141E-01 -0.1522872E-07
  0.6151754E-01 -0.9588481E-08
  0.1029219E+00 -0.3990692E-08
  0.1438291E+00  0.1538426E-08
  0.1839819E+00  0.6967466E-08
  0.2229079E+00  0.1223091E-07
  0.2607383E+00  0.1734201E-07
  0.2979442E+00  0.2236895E-07
  0.3339167E+00  0.2723812E-07
  0.3684204E+00  0.3189721E-07
  0.4016666E+00  0.3639592E-07
  0.4332137E+00  0.4066416E-07
  0.4627715E+00  0.4465831E-07
  0.4903544E+00  0.4838650E-07
  0.5157165E+00  0.5182728E-07
  0.5387654E+00  0.5493446E-07
  0.5596572E+00  0.5776561E-07
  0.5780933E+00  0.6025769E-07
  0.5938352E+00  0.6237867E-07
  0.6071072E+00  0.6418221E-07
  0.6178483E+00  0.6563028E-07
  0.6257051E+00  0.6669781E-07
  0.6305140E+00  0.6734331E-07
  0.6323837E+00  0.6759865E-07
  0.6312836E+00  0.6744824E-07
  0.6271364E+00  0.6688332E-07
  0.6202610E+00  0.6595268E-07
  0.6107848E+00  0.6466328E-07
  0.5989998E+00  0.6307279E-07
  0.5851610E+00  0.6120606E-07
  0.5691764E+00  0.5904552E-07
  0.5505993E+00  0.5654029E-07
  0.5292716E+00  0.5365510E-07
  0.5052958E+00  0.5041662E-07
  0.4790420E+00  0.4687262E-07
  0.4507425E+00  0.4304757E-07
  0.4203638E+00  0.3893424E-07
  0.3878616E+00  0.3454478E-07
  0.3536094E+00  0.2991720E-07
  0.3184338E+00  0.2516246E-07
  0.2822917E+00  0.2027338E-07
  0.2448564E+00  0.1521919E-07
  0.2065570E+00  0.1005001E-07
  0.1681340E+00  0.4862045E-08
  0.1296423E+00 -0.3330785E-09
  0.9114759E-01 -0.5539500E-08
  0.1163869E+01  0.1404409E-06
  0.8882708E+00  0.1030582E-06
  0.1144384E+00 -0.2373585E-08
  0.1314811E+00 -0.7974155E-10
 -0.3545279E+00 -0.6611535E-07
  0.1526207E+00  0.2825867E-08
  0.1984578E+00  0.9050836E-08
  0.5579692E+00  0.5837274E-07
  0.1249915E+01  0.1521179E-06
  0.1275465E+01  0.1555875E-06
  0.1010897E+00 -0.4122640E-08
  0.1240140E+01  0.1507848E-06
  0.1156796E+01  0.1394253E-06
  0.1028235E+01  0.1219367E-06
  0.8529841E+00  0.9812981E-07
  0.6404752E+00  0.6925180E-07
  0.3985717E+00  0.3638035E-07
  0.1385063E+00  0.1030669E-08
 -0.1335856E+00 -0.3594734E-07
 -0.3995514E+00 -0.7208082E-07
 -0.6432873E+00 -0.1051975E-06
 -0.8576382E+00 -0.1343183E-06
 -0.1034743E+01 -0.1583742E-06
 -0.1166417E+01 -0.1762617E-06
 -0.1244410E+01 -0.1868411E-06
 -0.1266622E+01 -0.1898416E-06
 -0.1239617E+01 -0.1861813E-06
 -0.1169994E+01 -0.1767267E-06
 -0.1035415E+01 -0.1584078E-06
 -0.8637192E+00 -0.1350600E-06
 -0.6641514E+00 -0.1079668E-06
  0.1037890E+01  0.1233930E-06
 -0.1564421E+00 -0.3902804E-07
 -0.2327725E+00 -0.4932736E-07
 -0.1953728E+00 -0.4424081E-07
  0.8001337E+00  0.9128255E-07
 -0.3338727E+00 -0.6329977E-07
 -0.5986578E+00 -0.9921663E-07
 -0.2989682E+00 -0.5831521E-07
 -0.3454509E+00 -0.6456953E-07
 -0.4634345E+00 -0.8053865E-07
 -0.4971516E+00 -0.8508852E-07
 -0.5282765E+00 -0.8929812E-07
 -0.5573670E+00 -0.9324120E-07
 -0.5837700E+00 -0.9680815E-07
 -0.6077556E+00 -0.1000616E-06
 -0.6291600E+00 -0.1029550E-06
 -0.6473175E+00 -0.1054075E-06
 -0.6628624E+00 -0.1075148E-06
 -0.6765373E+00 -0.1093794E-06
 -0.6873907E+00 -0.1108491E-06
 -0.6944010E+00 -0.1118069E-06
 -0.6980292E+00 -0.1123008E-06
 -0.6985359E+00 -0.1123681E-06
 -0.6955886E+00 -0.1119719E-06
 -0.6899559E+00 -0.1112008E-06
 -0.6816608E+00 -0.1100884E-06
 -0.6700376E+00 -0.1085106E-06
 -0.6556737E+00 -0.1065690E-06
 -0.6386071E+00 -0.1042678E-06
 -0.6183751E+00 -0.1015225E-06
 -0.5956351E+00 -0.9844970E-07
 -0.5704022E+00 -0.9503371E-07
 -0.5423258E+00 -0.9123934E-07
 -0.5120955E+00 -0.8713838E-07
 -0.4796790E+00 -0.8276319E-07
 -0.4448879E+00 -0.7804702E-07
 -0.4083571E+00 -0.7310568E-07
 -0.3700638E+00 -0.6792512E-07
 -0.3299652E+00 -0.6248658E-07
 -0.2886692E+00 -0.5690750E-07
 -0.2460909E+00 -0.5115050E-07
 -0.2023462E+00 -0.4522453E-07
 -0.1580760E+00 -0.3921777E-07
 -0.1134354E+00 -0.3319839E-07
 -0.6706434E-01 -0.2693116E-07
 -0.1975646E-01 -0.2052153E-07
  0.2710632E-01 -0.1417856E-07
  0.7373359E-01 -0.7875350E-08
  0.1199038E+00 -0.1626382E-08
  0.1651957E+00  0.4510238E-08
  0.2093483E+00  0.1048890E-07
  0.2507623E+00  0.1611825E-07
  0.2908569E+00  0.2153478E-07
  0.3319566E+00  0.2708330E-07
  0.3715294E+00  0.3245208E-07
  0.4094726E+00  0.3757136E-07
  0.4468373E+00  0.4262799E-07
  0.4819048E+00  0.4737669E-07
  0.5144685E+00  0.5178088E-07
  0.5448832E+00  0.5589789E-07
  0.5724386E+00  0.5963015E-07
  0.5975822E+00  0.6303688E-07
  0.6207336E+00  0.6617114E-07
  0.6407076E+00  0.6887325E-07
  0.6576536E+00  0.7116989E-07
  0.6723847E+00  0.7315497E-07
  0.6842567E+00  0.7477070E-07
  0.6924309E+00  0.7587671E-07
  0.6966071E+00  0.7644382E-07
  0.6976986E+00  0.7659424E-07
  0.6959382E+00  0.7634905E-07
  0.6902406E+00  0.7559207E-07
  0.6817061E+00  0.7443039E-07
  0.6706986E+00  0.7294544E-07
  0.6573972E+00  0.7113972E-07
  0.6429647E+00  0.6920150E-07
  0.6265541E+00  0.6697641E-07
  0.6065376E+00  0.6425788E-07
  0.5826067E+00  0.6101818E-07
  0.5554332E+00  0.5734669E-07
  0.5261209E+00  0.5338590E-07
  0.4946632E+00  0.4912209E-07
  0.4604850E+00  0.4449636E-07
  0.4234411E+00  0.3949338E-07
  0.3848617E+00  0.3429709E-07
  0.3473158E+00  0.2921763E-07
  0.3090180E+00  0.2402037E-07
  0.2679571E+00  0.1846600E-07
  0.2260318E+00  0.1279673E-07
  0.1853903E+00  0.7310844E-08
  0.1441033E+00  0.1698623E-08
  0.1066834E+01  0.1269249E-06
  0.1106297E+01  0.1322570E-06
 -0.1831846E+00 -0.4248221E-07
  0.7001745E+00  0.7748469E-07
  0.1012740E+01  0.1196312E-06
 -0.4445471E+00 -0.7822005E-07
 -0.1754990E+00 -0.4158341E-07
  0.1908599E+00  0.7956229E-08
 -0.8250178E-01 -0.2927384E-07
  0.9963971E+00  0.1172897E-06
 -0.3868446E+00 -0.7015895E-07
  0.1085934E+01  0.1294956E-06
 -0.4552845E-01 -0.2427606E-07
 -0.2542253E+00 -0.5231481E-07
  0.7394505E+00  0.8242588E-07
  0.5602766E+00  0.5809548E-07
  0.3527364E+00  0.2991799E-07
  0.1269905E+00 -0.7564935E-09
 -0.1175849E+00 -0.3398064E-07
 -0.3554051E+00 -0.6627688E-07
 -0.5660464E+00 -0.9488321E-07
 -0.7488230E+00 -0.1196988E-06
 -0.8990668E+00 -0.1400960E-06
 -0.1010187E+01 -0.1551808E-06
 -0.1075148E+01 -0.1639875E-06
 -0.1092026E+01 -0.1662609E-06
 -0.1066613E+01 -0.1628476E-06
 -0.1025954E+01 -0.1573528E-06
 -0.8998902E+00 -0.1401410E-06
 -0.7572517E+00 -0.1207384E-06
  0.9168968E+00  0.1067128E-06
  0.1663444E+00  0.4610681E-08
 -0.4263737E+00 -0.7551855E-07
  0.2113789E+00  0.1087671E-07
 -0.1760911E+00 -0.4155349E-07
  0.8894266E+00  0.1027375E-06
  0.2565823E+00  0.1693925E-07
 -0.4068348E+00 -0.7319041E-07
 -0.3178719E+00 -0.6097306E-07
  0.5005812E+00  0.4982530E-07
  0.3648002E+00  0.3156814E-07
 -0.2152320E+00 -0.4673083E-07
 -0.3709738E+00 -0.6810598E-07
  0.9541563E+00  0.1112220E-06
 -0.5030062E+00 -0.8600502E-07
 -0.5387766E+00 -0.9081717E-07
 -0.6318262E+00 -0.1034185E-06
 -0.6570894E+00 -0.1068445E-06
 -0.6805384E+00 -0.1100299E-06
 -0.6983747E+00 -0.1124125E-06
 -0.7144488E+00 -0.1145863E-06
 -0.7314436E+00 -0.1169268E-06
 -0.7454141E+00 -0.1188491E-06
 -0.7523624E+00 -0.1197726E-06
 -0.7551669E+00 -0.1201612E-06
 -0.7551948E+00 -0.1201704E-06
 -0.7501342E+00 -0.1194583E-06
 -0.7437002E+00 -0.1185904E-06
 -0.7353355E+00 -0.1174829E-06
 -0.7217349E+00 -0.1156230E-06
 -0.7063872E+00 -0.1135431E-06
 -0.6886713E+00 -0.1111665E-06
 -0.6658522E+00 -0.1080548E-06
 -0.6416726E+00 -0.1047857E-06
 -0.6149937E+00 -0.1011921E-06
 -0.5837356E+00 -0.9692958E-07
 -0.5516000E+00 -0.9258805E-07
 -0.5169880E+00 -0.8792333E-07
 -0.4784774E+00 -0.8269105E-07
 -0.4396510E+00 -0.7742369E-07
 -0.3984475E+00 -0.7186920E-07
 -0.3542822E+00 -0.6586450E-07
 -0.3102959E+00 -0.5991208E-07
 -0.2636811E+00 -0.5362278E-07
 -0.2151841E+00 -0.4701199E-07
 -0.1686258E+00 -0.4066238E-07
 -0.1233487E+00 -0.3457337E-07
 -0.7173043E-01 -0.2765376E-07
 -0.1716902E-01 -0.2022520E-07
  0.3436762E-01 -0.1323745E-07
  0.8654184E-01 -0.6188777E-08
  0.1374533E+00  0.7199130E-09
  0.1862234E+00  0.7317809E-08
  0.2353380E+00  0.1396420E-07
  0.2742308E+00  0.1935377E-07
  0.3132274E+00  0.2461747E-07
  0.3587948E+00  0.3067613E-07
  0.4017738E+00  0.3656970E-07
  0.4420289E+00  0.4199414E-07
  0.4854775E+00  0.4783677E-07
  0.5238373E+00  0.5306894E-07
  0.5583790E+00  0.5774130E-07
  0.5917814E+00  0.6225901E-07
  0.6206604E+00  0.6619419E-07
  0.6472484E+00  0.6980459E-07
  0.6738622E+00  0.7337339E-07
  0.6951358E+00  0.7627380E-07
  0.7123982E+00  0.7860062E-07
  0.7293409E+00  0.8087818E-07
  0.7430902E+00  0.8274834E-07
  0.7507851E+00  0.8379654E-07
  0.7521273E+00  0.8401053E-07
  0.7519651E+00  0.8398138E-07
  0.7502475E+00  0.8373304E-07
  0.7414833E+00  0.8258582E-07
  0.7313250E+00  0.8117525E-07
  0.7193394E+00  0.7960539E-07
  0.7042251E+00  0.7751892E-07
  0.6911688E+00  0.7581204E-07
  0.6774377E+00  0.7388772E-07
  0.6562476E+00  0.7098973E-07
  0.6288081E+00  0.6729356E-07
  0.5974182E+00  0.6307235E-07
  0.5656633E+00  0.5876754E-07
  0.5316021E+00  0.5413192E-07
  0.4931981E+00  0.4892220E-07
  0.4501925E+00  0.4311170E-07
  0.4079906E+00  0.3751095E-07
  0.3715501E+00  0.3258596E-07
  0.3367334E+00  0.2774083E-07
  0.2894030E+00  0.2134819E-07
  0.2444065E+00  0.1531479E-07
 -0.4607304E+00 -0.8027448E-07
 -0.4154932E+00 -0.7409182E-07
 -0.2433344E+00 -0.5087496E-07
  0.1206728E+00 -0.1846314E-08
  0.6637185E+00  0.7187889E-07
  0.8933890E+00  0.1030783E-06
  0.7702319E+00  0.8603433E-07
  0.2563176E+00  0.1681260E-07
 -0.4749083E+00 -0.8208707E-07
  0.9355305E+00  0.1087986E-06
 -0.5206231E+00 -0.8861074E-07
 -0.5477676E+00 -0.9253692E-07
  0.6513956E+00  0.7018686E-07
  0.4999006E+00  0.4966800E-07
 -0.1070927E+00 -0.3278395E-07
 -0.3271841E+00 -0.6263867E-07
 -0.5107795E+00 -0.8754571E-07
 -0.6684134E+00 -0.1089232E-06
 -0.7979915E+00 -0.1264990E-06
 -0.8944668E+00 -0.1395819E-06
 -0.9510434E+00 -0.1472398E-06
 -0.9624904E+00 -0.1487616E-06
 -0.2966378E+00 -0.5760324E-07
 -0.8889610E+00 -0.1391667E-06
 -0.7947057E+00 -0.1260221E-06
 -0.6742548E+00 -0.1095917E-06
  0.7958891E+00  0.8970353E-07
 -0.5715967E+00 -0.9526555E-07
  0.3189238E+00  0.2511282E-07
 -0.6038554E+00 -0.9965397E-07
 -0.4318008E+00 -0.7662730E-07
 -0.4872095E+00 -0.8403563E-07
  0.2056620E+00  0.1009311E-07
  0.2755191E+00  0.1961963E-07
 -0.5419568E+00 -0.9141792E-07
 -0.9392352E-01 -0.3160845E-07
 -0.8329586E-01 -0.2896247E-07
  0.8471572E+00  0.9643880E-07
  0.4310501E+00  0.4001659E-07
 -0.7269055E+00 -0.1164436E-06
 -0.5757758E+00 -0.9582652E-07
 -0.6737299E+00 -0.1090990E-06
 -0.6986089E+00 -0.1124820E-06
 -0.7551625E+00 -0.1200999E-06
 -0.7802329E+00 -0.1236099E-06
 -0.8057159E+00 -0.1271273E-06
 -0.8101972E+00 -0.1276518E-06
 -0.8074940E+00 -0.1273272E-06
 -0.8091859E+00 -0.1276187E-06
 -0.7968098E+00 -0.1258112E-06
 -0.7901794E+00 -0.1249210E-06
 -0.7853774E+00 -0.1244085E-06
 -0.7661573E+00 -0.1216585E-06
 -0.7510089E+00 -0.1196084E-06
 -0.7358531E+00 -0.1176990E-06
 -0.7067184E+00 -0.1136087E-06
 -0.6828195E+00 -0.1103740E-06
 -0.6573662E+00 -0.1070639E-06
 -0.6193159E+00 -0.1017645E-06
 -0.5875530E+00 -0.9746772E-07
 -0.5527521E+00 -0.9290191E-07
 -0.5072569E+00 -0.8658417E-07
 -0.4687937E+00 -0.8137599E-07
 -0.4259670E+00 -0.7571021E-07
 -0.3747972E+00 -0.6863446E-07
 -0.3309789E+00 -0.6270366E-07
 -0.2784904E+00 -0.5576316E-07
 -0.2193512E+00 -0.4760523E-07
 -0.1482437E+00 -0.3801767E-07
 -0.1386812E-01 -0.1972396E-07
  0.3905602E-01 -0.1255521E-07
  0.1000179E+00 -0.4445925E-08
  0.1558151E+00  0.3278946E-08
  0.2051542E+00  0.9943054E-08
  0.2763148E+00  0.1925452E-07
  0.3750558E+00  0.3257409E-07
  0.4600981E+00  0.4431742E-07
  0.5214384E+00  0.5264013E-07
  0.5612062E+00  0.5822557E-07
  0.5949522E+00  0.6277710E-07
  0.6342841E+00  0.6798719E-07
  0.6616421E+00  0.7183022E-07
  0.6877094E+00  0.7540199E-07
  0.7258499E+00  0.8038199E-07
  0.7484094E+00  0.8361103E-07
  0.7601264E+00  0.8515282E-07
  0.7817470E+00  0.8798182E-07
  0.7994643E+00  0.9041844E-07
  0.8068033E+00  0.9138819E-07
  0.7984837E+00  0.9040735E-07
  0.7967484E+00  0.9014443E-07
  0.7985515E+00  0.9021291E-07
 -0.1618157E+00 -0.3985550E-07
  0.7393536E+00  0.8232093E-07
  0.7309021E+00  0.8110470E-07
  0.7047269E+00  0.7752318E-07
  0.6703210E+00  0.7294221E-07
  0.6325837E+00  0.6794268E-07
  0.6004747E+00  0.6356660E-07
  0.5649770E+00  0.5864787E-07
  0.5208458E+00  0.5267783E-07
  0.4639209E+00  0.4488805E-07
  0.9352059E+00  0.1092471E-06
 -0.6082068E+00 -0.1002445E-06
  0.1097475E+00 -0.3767181E-08
  0.5927387E+00  0.6182923E-07
  0.7800566E+00  0.8721647E-07
  0.6725960E+00  0.7286908E-07
 -0.6046527E+00 -0.1002305E-06
  0.2915946E+00  0.2112293E-07
 -0.2928498E+00 -0.5836309E-07
  0.3508766E+00  0.2972359E-07
 -0.6473930E+00 -0.1056871E-06
 -0.4520248E+00 -0.7985228E-07
 -0.5869531E+00 -0.9814689E-07
 -0.6983871E+00 -0.1132538E-06
 -0.7817853E+00 -0.1245596E-06
 -0.8343049E+00 -0.1316281E-06
 -0.8642631E+00 -0.1354512E-06
  0.1342569E+00  0.7638050E-09
 -0.7701450E+00 -0.1230750E-06
 -0.6932922E+00 -0.1125135E-06
  0.6954663E-01 -0.8437929E-08
  0.8474069E+00  0.9667966E-07
 -0.7400585E+00 -0.1180420E-06
  0.9616862E+00  0.1121588E-06
  0.8653663E+00  0.9915381E-07
  0.7789493E+00  0.8740479E-07
  0.8588403E+00  0.9835735E-07
  0.5726905E+00  0.5919808E-07
  0.7023470E+00  0.7671225E-07
 -0.1962652E+00 -0.4453032E-07
  0.4960333E+00  0.4915276E-07
  0.5115532E+00  0.5173440E-07
  0.3874372E+00  0.3458987E-07
  0.2424403E+00  0.1485445E-07
  0.2436647E+00  0.1459792E-07
  0.6608055E+00  0.7260837E-07
  0.1079056E+01  0.1290881E-06
 -0.8784071E+00 -0.1371413E-06
 -0.9390753E+00 -0.1457089E-06
 -0.4392469E+00 -0.7720099E-07
  0.7872549E+00  0.8878801E-07
  0.3072634E+00  0.2362147E-07
  0.8728718E+00  0.1000791E-06
  0.8388721E+00  0.9585861E-07
  0.4250108E+00  0.3988680E-07
  0.7820165E+00  0.8826900E-07
  0.1407695E-01 -0.1594803E-07
  0.7857656E+00  0.8819535E-07
  0.3326704E+00  0.2699343E-07
  0.7109917E+00  0.7850853E-07
 -0.7760065E+00 -0.1229837E-06
  0.1994602E+00  0.9166096E-08
 -0.7261688E+00 -0.1162934E-06
 -0.3732223E+00 -0.6846645E-07
  0.6128922E+00  0.6519430E-07
 -0.6278561E+00 -0.1029892E-06
  0.6500255E+00  0.7032297E-07
 -0.5167326E+00 -0.8793067E-07
 -0.6387547E+00 -0.1044779E-06
 -0.7352189E+00 -0.1175440E-06
 -0.8023885E+00 -0.1266497E-06
 -0.8387868E+00 -0.1316031E-06
 -0.8573070E+00 -0.1343652E-06
  0.7996650E+00  0.9051165E-07
  0.4091097E+00  0.3757926E-07
  0.3136084E+00  0.2457314E-07
  0.8283657E+00  0.9458164E-07
 -0.8124193E+00 -0.1279817E-06
  0.7507607E+00  0.8420125E-07
  0.4844529E+00  0.4796584E-07
  0.3129563E+00  0.3871422E-07
  0.2627083E+00  0.3593761E-07
  0.2469295E+00  0.3489635E-07
  0.2392035E+00  0.3418445E-07
  0.2345217E+00  0.3358753E-07
  0.2311534E+00  0.3304314E-07
  0.2284945E+00  0.3254692E-07
  0.2262060E+00  0.3208605E-07
  0.2241399E+00  0.3165711E-07
  0.2222099E+00  0.3125762E-07
  0.2203403E+00  0.3087910E-07
  0.2184922E+00  0.3051763E-07
  0.2166350E+00  0.3016816E-07
  0.2147674E+00  0.2982931E-07
  0.2129076E+00  0.2950257E-07
  0.2111170E+00  0.2919540E-07
  0.2095809E+00  0.2893180E-07
  0.2086764E+00  0.2876280E-07
  0.2092498E+00  0.2880368E-07
  0.2133170E+00  0.2933026E-07
  0.6305877E+00  0.8579767E-07
  0.1020287E+01  0.1385300E-06
  0.1365409E+01  0.1852257E-06
  0.1650847E+01  0.2238416E-06
  0.1864152E+01  0.2526926E-06
  0.1995953E+01  0.2705120E-06
  0.2040491E+01  0.2765204E-06
  0.1995865E+01  0.2704625E-06
  0.1864036E+01  0.2526037E-06
  0.1650749E+01  0.2237220E-06
  0.1365316E+01  0.1850796E-06
  0.1020197E+01  0.1383619E-06
  0.6304972E+00  0.8561427E-07
  0.2132400E+00  0.2914149E-07
 -0.2133381E+00 -0.2858955E-07
 -0.6305922E+00 -0.8505430E-07
 -0.1020287E+01 -0.1377856E-06
 -0.1365389E+01 -0.1844790E-06
 -0.1650818E+01 -0.2230935E-06
 -0.1864100E+01 -0.2519417E-06
 -0.1995915E+01 -0.2697624E-06
 -0.2040496E+01 -0.2757770E-06
 -0.1995895E+01 -0.2697226E-06
 -0.1864067E+01 -0.2518643E-06
 -0.1650771E+01 -0.2229816E-06
 -0.1365331E+01 -0.1843380E-06
 -0.1020221E+01 -0.1376215E-06
 -0.6305248E+00 -0.8487467E-07
 -0.2132697E+00 -0.2840184E-07
 -0.2091916E+00 -0.2784838E-07
 -0.2086132E+00 -0.2775526E-07
 -0.2095097E+00 -0.2785178E-07
 -0.2110339E+00 -0.2802432E-07
 -0.2128062E+00 -0.2822107E-07
 -0.2146534E+00 -0.2841796E-07
 -0.2165050E+00 -0.2860486E-07
 -0.2183400E+00 -0.2877710E-07
 -0.2201782E+00 -0.2893661E-07
 -0.2220464E+00 -0.2908630E-07
 -0.2239764E+00 -0.2923168E-07
 -0.2260287E+00 -0.2938273E-07
 -0.2282916E+00 -0.2956052E-07
 -0.2309236E+00 -0.2980282E-07
 -0.2342175E+00 -0.3018349E-07
 -0.2388143E+00 -0.3086804E-07
 -0.2464054E+00 -0.3225871E-07
 -0.2619652E+00 -0.3549761E-07
 -0.3122314E+00 -0.4640197E-07
 -0.9230033E+00 -0.1295687E-06
 -0.1494068E+01 -0.2073333E-06
 -0.2000350E+01 -0.2762811E-06
 -0.2419102E+01 -0.3333173E-06
 -0.2731687E+01 -0.3758985E-06
 -0.2924627E+01 -0.4021942E-06
 -0.2989847E+01 -0.4110993E-06
 -0.2924585E+01 -0.4022415E-06
 -0.2731581E+01 -0.3759907E-06
 -0.2419100E+01 -0.3334718E-06
 -0.2000839E+01 -0.2765450E-06
 -0.1495067E+01 -0.2077022E-06
 -0.9239949E+00 -0.1299635E-06
 -0.3125981E+00 -0.4672800E-07
  0.3124689E+00  0.3837396E-07
  0.9239432E+00  0.1216336E-06
  0.1495063E+01  0.1994040E-06
  0.2000817E+01  0.2682791E-06
  0.2419046E+01  0.3252426E-06
  0.2731633E+01  0.3678275E-06
  0.2925132E+01  0.3942000E-06
  0.2990931E+01  0.4031865E-06
  0.2925854E+01  0.3943561E-06
  0.2732576E+01  0.3680675E-06
  0.2419371E+01  0.3254527E-06
  0.1999539E+01  0.2683202E-06
  0.1491282E+01  0.1991466E-06
  0.9215528E+00  0.1215782E-06
  0.7068015E+00  0.9781345E-07
  0.6929976E+00  0.9595885E-07
  0.6831720E+00  0.9451753E-07
  0.6753497E+00  0.9330041E-07
  0.6686156E+00  0.9221525E-07
  0.6625260E+00  0.9122031E-07
  0.6568204E+00  0.9028741E-07
  0.6512960E+00  0.8939281E-07
  0.6458333E+00  0.8852047E-07
  0.6404245E+00  0.8766789E-07
  0.6350509E+00  0.8683249E-07
  0.6296018E+00  0.8599952E-07
  0.6242632E+00  0.8519106E-07
  0.6196423E+00  0.8448861E-07
  0.6169116E+00  0.8405106E-07
  0.6185636E+00  0.8421629E-07
  0.1000834E+01  0.1359636E-06
  0.1339387E+01  0.1817896E-06
  0.1619539E+01  0.2197067E-06
  0.1828849E+01  0.2480289E-06
  0.1958076E+01  0.2655069E-06
  0.2001385E+01  0.2713489E-06
  0.1957470E+01  0.2653842E-06
  0.1828181E+01  0.2478630E-06
  0.1619047E+01  0.2195337E-06
  0.1339121E+01  0.1816220E-06
  0.1000636E+01  0.1357843E-06
  0.6183849E+00  0.8402447E-07
  0.2091106E+00  0.2860975E-07
 -0.2093086E+00 -0.2803931E-07
 -0.6185795E+00 -0.8344582E-07
 -0.1000818E+01 -0.1351891E-06
 -0.1339314E+01 -0.1810066E-06
 -0.1619279E+01 -0.2188967E-06
 -0.1828471E+01 -0.2472031E-06
 -0.1957751E+01 -0.2646886E-06
 -0.2001467E+01 -0.2705892E-06
 -0.1957712E+01 -0.2646469E-06
 -0.1828399E+01 -0.2471220E-06
 -0.1619180E+01 -0.2187802E-06
 -0.1339197E+01 -0.1808603E-06
 -0.1000692E+01 -0.1350195E-06
 -0.6184517E+00 -0.8326118E-07
 -0.6167411E+00 -0.8303643E-07
 -0.6193877E+00 -0.8339135E-07
 -0.6238961E+00 -0.8398879E-07
 -0.6291469E+00 -0.8467806E-07
 -0.6346273E+00 -0.8538807E-07
 -0.6401203E+00 -0.8608936E-07
 -0.6455752E+00 -0.8677396E-07
 -0.6510238E+00 -0.8744397E-07
 -0.6565449E+00 -0.8811033E-07
 -0.6622612E+00 -0.8878924E-07
 -0.6683405E+00 -0.8950793E-07
 -0.6750554E+00 -0.9030934E-07
 -0.6828657E+00 -0.9127540E-07
 -0.6926450E+00 -0.9255649E-07
 -0.7063555E+00 -0.9449888E-07
 -0.7288902E+00 -0.9794007E-07
 -0.7749412E+00 -0.1053427E-06
 -0.1254125E+01 -0.1705920E-06
 -0.1678579E+01 -0.2283939E-06
 -0.2029722E+01 -0.2762175E-06
 -0.2292014E+01 -0.3119466E-06
 -0.2454020E+01 -0.3340251E-06
 -0.2508759E+01 -0.3415001E-06
 -0.2453950E+01 -0.3340610E-06
 -0.2291939E+01 -0.3120265E-06
 -0.2029802E+01 -0.2763598E-06
 -0.1678894E+01 -0.2286034E-06
 -0.1254578E+01 -0.1708492E-06
 -0.7754103E+00 -0.1056243E-06
 -0.2623411E+00 -0.3577863E-07
  0.2621711E+00  0.3563085E-07
  0.7752604E+00  0.1054906E-06
  0.1254477E+01  0.1707430E-06
  0.1678845E+01  0.2285327E-06
  0.2029862E+01  0.2763396E-06
  0.2292190E+01  0.3120757E-06
  0.2454390E+01  0.3341814E-06
  0.2509421E+01  0.3416991E-06
  0.2454825E+01  0.3342896E-06
  0.2292886E+01  0.3122649E-06
  0.2030579E+01  0.2765765E-06
  0.1679420E+01  0.2287878E-06
  0.1254771E+01  0.1709906E-06
  0.7756870E+00  0.1057754E-06
  0.7294422E+00  0.1005714E-06
  0.1121236E+01  0.1542111E-06
  0.1081781E+01  0.1483655E-06
  0.1071940E+01  0.1468429E-06
  0.1062681E+01  0.1454086E-06
  0.1053734E+01  0.1440304E-06
  0.1044970E+01  0.1426902E-06
  0.1036589E+01  0.1414139E-06
  0.1028169E+01  0.1401481E-06
  0.1019532E+01  0.1388634E-06
  0.1010788E+01  0.1375762E-06
  0.1002963E+01  0.1364201E-06
  0.9982564E+00  0.1356944E-06
  0.1336194E+01  0.1814565E-06
  0.1824789E+01  0.2476014E-06
  0.1616158E+01  0.2193638E-06
  0.1953347E+01  0.2649948E-06
  0.1995692E+01  0.2707075E-06
  0.1951461E+01  0.2646971E-06
  0.1822505E+01  0.2472138E-06
  0.1614222E+01  0.2189900E-06
  0.1335244E+01  0.1811921E-06
  0.9977804E+00  0.1354757E-06
  0.6166288E+00  0.8384502E-07
  0.2084929E+00  0.2856295E-07
 -0.2087737E+00 -0.2795190E-07
 -0.6169118E+00 -0.8322662E-07
 -0.9980921E+00 -0.1348468E-06
 -0.1335652E+01 -0.1805547E-06
 -0.1614836E+01 -0.2183542E-06
 -0.1823442E+01 -0.2465920E-06
 -0.1952361E+01 -0.2640354E-06
 -0.1995949E+01 -0.2699210E-06
 -0.1952308E+01 -0.2639921E-06
 -0.1823352E+01 -0.2465080E-06
 -0.1614709E+01 -0.2182337E-06
 -0.1335501E+01 -0.1804041E-06
 -0.9979260E+00 -0.1346717E-06
 -0.1002208E+01 -0.1352681E-06
 -0.1018004E+01 -0.1374121E-06
 -0.1009504E+01 -0.1362631E-06
 -0.1026877E+01 -0.1386012E-06
 -0.1035779E+01 -0.1397843E-06
 -0.1044615E+01 -0.1409467E-06
 -0.1053436E+01 -0.1420939E-06
 -0.1062373E+01 -0.1432427E-06
 -0.1071619E+01 -0.1444201E-06
 -0.1081465E+01 -0.1456689E-06
 -0.1092337E+01 -0.1470545E-06
 -0.1105001E+01 -0.1486974E-06
 -0.1120806E+01 -0.1508160E-06
 -0.1142999E+01 -0.1539291E-06
 -0.1179537E+01 -0.1592907E-06
 -0.1578643E+01 -0.2136297E-06
 -0.2155429E+01 -0.2921759E-06
 -0.1908761E+01 -0.2585806E-06
 -0.2307857E+01 -0.3129445E-06
 -0.2359401E+01 -0.3199821E-06
 -0.2307878E+01 -0.3129901E-06
 -0.2155500E+01 -0.2922697E-06
 -0.1908947E+01 -0.2587292E-06
 -0.1578909E+01 -0.2138224E-06
 -0.1179875E+01 -0.1595194E-06
 -0.7292652E+00 -0.9819344E-07
 -0.2467692E+00 -0.3252246E-07
  0.2465058E+00  0.3462056E-07
  0.7290242E+00  0.1003049E-06
  0.1179679E+01  0.1616563E-06
  0.1578795E+01  0.2159975E-06
  0.1908933E+01  0.2609512E-06
  0.2155638E+01  0.2945530E-06
  0.2308185E+01  0.3153386E-06
  0.2359885E+01  0.3223984E-06
  0.2308462E+01  0.3154217E-06
  0.2156108E+01  0.2947052E-06
  0.1909457E+01  0.2611525E-06
  0.1579305E+01  0.2162306E-06
  0.1180134E+01  0.1619098E-06
  0.1105330E+01  0.1519272E-06
  0.1092669E+01  0.1500330E-06
  0.1143481E+01  0.1572306E-06
  0.1421909E+01  0.1941923E-06
  0.1434370E+01  0.1960772E-06
  0.1398438E+01  0.1906571E-06
  0.1387397E+01  0.1890058E-06
  0.1376542E+01  0.1873903E-06
  0.1365480E+01  0.1857598E-06
  0.1353976E+01  0.1840818E-06
  0.1343093E+01  0.1824974E-06
  0.2004337E+01  0.2720211E-06
  0.1958834E+01  0.2658291E-06
  0.1833767E+01  0.2489446E-06
  0.1962408E+01  0.2663563E-06
  0.1624609E+01  0.2206234E-06
  0.1829566E+01  0.2483008E-06
  0.1620587E+01  0.2199701E-06
  0.1340694E+01  0.1820340E-06
  0.1001932E+01  0.1361243E-06
  0.6192090E+00  0.8426101E-07
  0.2093449E+00  0.2872362E-07
 -0.2097023E+00 -0.2805383E-07
 -0.6195858E+00 -0.8358580E-07
 -0.1002398E+01 -0.1354465E-06
 -0.1341397E+01 -0.1813677E-06
 -0.1621772E+01 -0.2193421E-06
 -0.1831267E+01 -0.2477110E-06
 -0.1960730E+01 -0.2652349E-06
 -0.2004500E+01 -0.2711468E-06
 -0.1960680E+01 -0.2651915E-06
 -0.1831175E+01 -0.2476268E-06
 -0.1621640E+01 -0.2192206E-06
 -0.1341234E+01 -0.1812141E-06
 -0.1386163E+01 -0.1873393E-06
 -0.1398002E+01 -0.1889263E-06
 -0.1362374E+01 -0.1841168E-06
 -0.1374244E+01 -0.1857306E-06
 -0.1351001E+01 -0.1825611E-06
 -0.1409816E+01 -0.1904961E-06
 -0.1421781E+01 -0.1920729E-06
 -0.1434152E+01 -0.1936919E-06
 -0.1447319E+01 -0.1954079E-06
 -0.1461866E+01 -0.1973093E-06
 -0.1478822E+01 -0.1995524E-06
 -0.1499911E+01 -0.2024028E-06
 -0.1529711E+01 -0.2065659E-06
 -0.2286222E+01 -0.3095895E-06
 -0.2236282E+01 -0.3028140E-06
 -0.2088575E+01 -0.2826519E-06
 -0.2236268E+01 -0.3027714E-06
 -0.1849576E+01 -0.2501098E-06
 -0.2088653E+01 -0.2827440E-06
 -0.1849735E+01 -0.2502510E-06
 -0.1529956E+01 -0.2067501E-06
 -0.1143301E+01 -0.1541450E-06
 -0.7066746E+00 -0.9473685E-07
 -0.2391521E+00 -0.3111964E-07
  0.2388256E+00  0.3392554E-07
  0.7063685E+00  0.9755518E-07
  0.1143043E+01  0.1569889E-06
  0.1529771E+01  0.2096291E-06
  0.1849648E+01  0.2531765E-06
  0.2088722E+01  0.2857303E-06
  0.2236539E+01  0.3058663E-06
  0.2286615E+01  0.3127020E-06
  0.2236734E+01  0.3059364E-06
  0.2089094E+01  0.2858655E-06
  0.1850122E+01  0.2533638E-06
  0.1530244E+01  0.2098510E-06
  0.1479154E+01  0.2027576E-06
  0.1462196E+01  0.2002639E-06
  0.1409955E+01  0.1923892E-06
  0.1500483E+01  0.2057927E-06
  0.1447592E+01  0.1980757E-06
  0.1689789E+01  0.2301949E-06
  0.1676195E+01  0.2281804E-06
  0.1637269E+01  0.2224622E-06
  0.1842741E+01  0.2502255E-06
  0.1632197E+01  0.2216707E-06
  0.1973147E+01  0.2679229E-06
  0.2018993E+01  0.2741509E-06
  0.1847099E+01  0.2508827E-06
  0.1976536E+01  0.2684124E-06
 -0.1733974E+01 -0.2344457E-06
  0.1009181E+01  0.1372012E-06
  0.6236659E+00  0.8493960E-07
  0.2108371E+00  0.2897970E-07
 -0.2112497E+00 -0.2823108E-07
 -0.6241076E+00 -0.8418686E-07
 -0.1009695E+01 -0.1364431E-06
 -0.1351152E+01 -0.1827142E-06
 -0.1633558E+01 -0.2209782E-06
 -0.1844564E+01 -0.2495624E-06
 -0.1974965E+01 -0.2672196E-06
 -0.2019062E+01 -0.2731781E-06
 -0.1974929E+01 -0.2671779E-06
 -0.1844494E+01 -0.2494806E-06
 -0.1633442E+01 -0.2208579E-06
 -0.1704541E+01 -0.2305300E-06
 -0.1719007E+01 -0.2324605E-06
 -0.1690247E+01 -0.2286090E-06
 -0.1675946E+01 -0.2266744E-06
 -0.1647192E+01 -0.2227498E-06
 -0.1661541E+01 -0.2247141E-06
 -0.1500113E+01 -0.2025782E-06
 -0.1749889E+01 -0.2365488E-06
 -0.1767483E+01 -0.2388774E-06
 -0.1787981E+01 -0.2416154E-06
 -0.1813544E+01 -0.2450878E-06
 -0.2047965E+01 -0.2770784E-06
 -0.1813649E+01 -0.2452182E-06
 -0.2192679E+01 -0.2967461E-06
 -0.2241668E+01 -0.3033910E-06
 -0.2047854E+01 -0.2769823E-06
 -0.2192683E+01 -0.2967055E-06
 -0.1121018E+01 -0.1510159E-06
 -0.6929154E+00 -0.9278278E-07
 -0.2345193E+00 -0.3042485E-07
  0.2341492E+00  0.3333603E-07
  0.6925731E+00  0.9570648E-07
  0.1120695E+01  0.1539611E-06
  0.1499903E+01  0.2055628E-06
  0.1813549E+01  0.2482498E-06
  0.2047924E+01  0.2801538E-06
  0.2192788E+01  0.2998840E-06
  0.2241914E+01  0.3065881E-06
  0.2193035E+01  0.2999591E-06
  0.2048281E+01  0.2802865E-06
  0.1813985E+01  0.2484296E-06
  0.1750074E+01  0.2391746E-06
  0.1703938E+01  0.2322951E-06
  0.1767756E+01  0.2417943E-06
  0.1350372E+01  0.1834581E-06
  0.1788348E+01  0.2447937E-06
  0.1733954E+01  0.2367700E-06
  0.1650340E+01  0.2243662E-06
  0.1663136E+01  0.2262515E-06
  0.1718692E+01  0.2344916E-06
  0.1907046E+01  0.2596710E-06
  0.1891227E+01  0.2573421E-06
  0.1992030E+01  0.2706625E-06
  0.1859387E+01  0.2526293E-06
  0.1646798E+01  0.2237887E-06
  0.1861551E+01  0.2529923E-06
  0.1990933E+01  0.2704840E-06
  0.2035931E+01  0.2766010E-06
 -0.1995830E+01 -0.2699414E-06
  0.1017846E+01  0.1384793E-06
 -0.1908590E+01 -0.2582634E-06
  0.2126039E+00  0.2928194E-07
  0.6289483E+00  0.8573941E-07
 -0.6293626E+00 -0.8487827E-07
 -0.1018183E+01 -0.1375918E-06
 -0.1362498E+01 -0.1842675E-06
 -0.1647266E+01 -0.2228658E-06
 -0.1860035E+01 -0.2516991E-06
 -0.1991532E+01 -0.2695115E-06
 -0.2036013E+01 -0.2755243E-06
 -0.1991527E+01 -0.2694731E-06
 -0.1860008E+01 -0.2516221E-06
 -0.1876201E+01 -0.2538467E-06
 -0.1478972E+01 -0.1997185E-06
 -0.1941053E+01 -0.2626377E-06
 -0.1924719E+01 -0.2604439E-06
 -0.1892446E+01 -0.2560679E-06
 -0.6831553E+00 -0.9150212E-07
 -0.2018981E+01 -0.2730502E-06
 -0.2161758E+01 -0.2925293E-06
 -0.1975940E+01 -0.2672913E-06
 -0.2161743E+01 -0.2924855E-06
 -0.2312289E+00 -0.3004256E-07
 -0.1788070E+01 -0.2417420E-06
 -0.2019027E+01 -0.2731367E-06
 -0.2210045E+01 -0.2990758E-06
 -0.1105223E+01 -0.1488989E-06
  0.2308100E+00  0.3279752E-07
  0.6827688E+00  0.9427119E-07
  0.1104891E+01  0.1516915E-06
  0.1478710E+01  0.2025459E-06
  0.1787922E+01  0.2446163E-06
  0.2018994E+01  0.2760621E-06
  0.2161869E+01  0.2955144E-06
  0.2210262E+01  0.3021165E-06
  0.2162063E+01  0.2955821E-06
  0.2019344E+01  0.2761912E-06
  0.1957694E+01  0.2671543E-06
  0.1923522E+01  0.2620961E-06
  0.1362190E+01  0.1851815E-06
  0.1996040E+01  0.2728147E-06
  0.1876248E+01  0.2551405E-06
  0.1940354E+01  0.2645840E-06
  0.1975983E+01  0.2698635E-06
 -0.2130371E+00 -0.2843161E-07
 -0.1957965E+01 -0.2648979E-06
  0.2025136E+01  0.2754972E-06
  0.2053729E+01  0.2791803E-06
  0.1662374E+01  0.2260415E-06
 -0.2043490E+01 -0.2765928E-06
 -0.2148942E+00 -0.2863211E-07
  0.1027028E+01  0.1398369E-06
 -0.2136918E+01 -0.2891441E-06
 -0.1374333E+01 -0.1858767E-06
 -0.2026218E+01 -0.2742374E-06
 -0.2096334E+01 -0.2837187E-06
  0.6345392E+00  0.8659079E-07
 -0.1027030E+01 -0.1387796E-06
 -0.1876177E+01 -0.2539174E-06
 -0.2008814E+01 -0.2718906E-06
 -0.2053704E+01 -0.2779609E-06
 -0.2008845E+01 -0.2718567E-06
  0.2281324E+00  0.3230247E-07
 -0.2078223E+01 -0.2812897E-06
 -0.1995749E+01 -0.2700100E-06
 -0.1461915E+01 -0.1974605E-06
 -0.2060724E+01 -0.2789298E-06
  0.1092152E+01  0.1497915E-06
 -0.2285818E+00 -0.2979505E-07
 -0.1092489E+01 -0.1472428E-06
  0.6748850E+00  0.9304922E-07
 -0.2136854E+01 -0.2891757E-06
 -0.1767445E+01 -0.2389862E-06
 -0.2115610E+01 -0.2862942E-06
 -0.1661552E+01 -0.2248219E-06
 -0.6348324E+00 -0.8558904E-07
  0.1461683E+01  0.2000471E-06
  0.1767342E+01  0.2416211E-06
  0.1995785E+01  0.2726988E-06
  0.2136999E+01  0.2919191E-06
  0.2184798E+01  0.2984391E-06
  0.2137102E+01  0.2919755E-06
  0.2115626E+01  0.2888243E-06
  0.2059865E+01  0.2805885E-06
  0.2077690E+01  0.2832190E-06
  0.2042400E+01  0.2780215E-06
  0.2144773E+00  0.2960891E-07
 -0.6752988E+00 -0.9052843E-07
  0.2008186E+01  0.2730204E-06
  0.1876918E+01  0.2551585E-06
  0.2096104E+01  0.2859412E-06
 -0.2184612E+01 -0.2956491E-06
  0.1374797E+01  0.1870209E-06
 -0.2167489E+00 -0.2882104E-07
  0.1749803E+01  0.2390229E-06
  0.1447168E+01  0.1978731E-06
  0.1976008E+01  0.2697867E-06
 -0.1386186E+01 -0.1874789E-06
  0.2258511E+00  0.3184491E-07
 -0.2143077E+01 -0.2900898E-06
  0.6401236E+00  0.8745238E-07
 -0.1035894E+01 -0.1399591E-06
  0.2071596E+01  0.2817785E-06
 -0.1892360E+01 -0.2561303E-06
 -0.2026156E+01 -0.2742671E-06
 -0.1447290E+01 -0.1955468E-06
 -0.2124565E+01 -0.2876032E-06
  0.1081280E+01  0.1481287E-06
 -0.1081562E+01 -0.1458478E-06
 -0.1975790E+01 -0.2673493E-06
  0.6681576E+00  0.9196769E-07
 -0.2106682E+01 -0.2851895E-06
 -0.6685548E+00 -0.8972043E-07
 -0.2115505E+01 -0.2863204E-06
  0.2027418E+01  0.2757631E-06
 -0.2071448E+01 -0.2803935E-06
 -0.2263022E+00 -0.2961291E-07
 -0.1749760E+01 -0.2366439E-06
 -0.2162811E+01 -0.2927308E-06
  0.2115762E+01  0.2888013E-06
  0.2162926E+01  0.2952330E-06
  0.2163520E+00  0.2994650E-07
  0.2124603E+01  0.2895707E-06
  0.2089259E+01  0.2843611E-06
  0.2106760E+01  0.2869337E-06
  0.1677333E+01  0.2282238E-06
 -0.2089060E+01 -0.2827979E-06
  0.1387135E+01  0.1888330E-06
  0.1036142E+01  0.1411959E-06
 -0.1675885E+01 -0.2267738E-06
  0.2143158E+01  0.2923144E-06
  0.1893883E+01  0.2576264E-06
 -0.6403223E+00 -0.8629163E-07
  0.2096665E+01  0.2859763E-06
 -0.1071685E+01 -0.1445940E-06
  0.1910074E+01  0.2599979E-06
 -0.1397963E+01 -0.1890585E-06
 -0.2078088E+01 -0.2813095E-06
 -0.1690121E+01 -0.2287008E-06
  0.1045026E+01  0.1425365E-06
  0.1398959E+01  0.1905896E-06
 -0.1908449E+01 -0.2583195E-06
 -0.2043395E+01 -0.2766185E-06
 -0.1434076E+01 -0.1938224E-06
  0.1734182E+01  0.2366856E-06
 -0.6624470E+00 -0.8899578E-07
  0.1071549E+01  0.1466224E-06
  0.2182195E+00  0.3029566E-07
 -0.1957754E+01 -0.2649464E-06
  0.6621283E+00  0.9098351E-07
 -0.1733793E+01 -0.2345331E-06
 -0.2096194E+01 -0.2837388E-06
 -0.6457649E+00 -0.8697589E-07
  0.2044648E+01  0.2782843E-06
 -0.2242374E+00 -0.2945781E-07
  0.1691693E+01  0.2303394E-06
  0.1434210E+01  0.1959113E-06
 -0.1044699E+01 -0.1411184E-06
 -0.2185833E+00 -0.2899457E-07
 -0.2060615E+01 -0.2789540E-06
  0.2238145E+00  0.3142233E-07
  0.2061711E+01  0.2807977E-06
  0.6456027E+00  0.8831158E-07
  0.1958335E+01  0.2671612E-06
  0.2078870E+01  0.2833359E-06
 -0.1062430E+01 -0.1434140E-06
  0.1422171E+01  0.1940853E-06
  0.1941838E+01  0.2647049E-06
 -0.6512013E+00 -0.8764583E-07
 -0.1704356E+01 -0.2306142E-06
  0.1053749E+01  0.1438689E-06
  0.2009465E+01  0.2731590E-06
  0.1719664E+01  0.2345085E-06
 -0.6567240E+00 -0.8831369E-07
  0.1062509E+01  0.1452200E-06
 -0.1924532E+01 -0.2604945E-06
  0.1925882E+01  0.2623354E-06
  0.6510538E+00  0.8918096E-07
  0.6565078E+00  0.9006411E-07
 -0.1940844E+01 -0.2626869E-06
 -0.1409732E+01 -0.1906233E-06
 -0.2222811E+00 -0.2930724E-07
  0.2200785E+00  0.3065700E-07
 -0.1421686E+01 -0.1922003E-06
 -0.1718815E+01 -0.2325450E-06
  0.2219259E+00  0.3103029E-07
 -0.2204096E+00 -0.2915475E-07
 -0.1053490E+01 -0.1422626E-06
  0.1705676E+01  0.2324160E-06
  0.1410539E+01  0.1923267E-06
  0.4299191E-01  0.3038872E-07
 -0.3038355E+00 -0.1552269E-07
  0.3944041E+00  0.7750698E-07
  0.2966999E+00  0.6526312E-07
  0.4302849E+00  0.8413303E-07
  0.5127735E+00  0.9554047E-07
  0.5924843E+00  0.1065038E-06
  0.6696125E+00  0.1171018E-06
  0.7438385E+00  0.1273138E-06
  0.8148196E+00  0.1370619E-06
  0.8822421E+00  0.1463319E-06
  0.9458058E+00  0.1550664E-06
  0.1005236E+01  0.1632396E-06
  0.1060255E+01  0.1708025E-06
  0.1110635E+01  0.1777161E-06
  0.1156174E+01  0.1839781E-06
  0.1196650E+01  0.1895400E-06
  0.1231897E+01  0.1943778E-06
  0.1261729E+01  0.1984795E-06
  0.1286022E+01  0.2018174E-06
  0.1304681E+01  0.2043719E-06
  0.1317385E+01  0.2061114E-06
  0.1320973E+01  0.2065447E-06
  0.1289987E+01  0.2017671E-06
 -0.2124696E+00 -0.4718134E-08
  0.1251421E+01  0.1964417E-06
 -0.5397785E+00 -0.4798201E-07
  0.1164442E+01  0.1844697E-06
 -0.4596105E+00 -0.3869892E-07
  0.1031736E+01  0.1662226E-06
 -0.7540926E+00 -0.7747871E-07
  0.8585659E+00  0.1424129E-06
 -0.6883652E+00 -0.7015943E-07
  0.6516600E+00  0.1139618E-06
 -0.9388077E+00 -0.1028979E-06
  0.4191509E+00  0.8199471E-07
 -0.8900247E+00 -0.9788420E-07
  0.1702074E+00  0.4776839E-07
 -0.1086771E+01 -0.1232694E-06
 -0.8543054E-01  0.1262213E-07
 -0.1056791E+01 -0.1208231E-06
 -0.3377419E+00 -0.2205494E-07
 -0.1192130E+01 -0.1377673E-06
 -0.5767746E+00 -0.5491169E-07
 -0.1182163E+01 -0.1380754E-06
 -0.7931310E+00 -0.8464870E-07
 -0.1250753E+01 -0.1458575E-06
 -0.9783463E+00 -0.1101088E-06
 -0.1261223E+01 -0.1489500E-06
 -0.1125157E+01 -0.1302843E-06
 -0.1260298E+01 -0.1471884E-06
 -0.1227828E+01 -0.1443858E-06
 -0.1290744E+01 -0.1530150E-06
 -0.1282347E+01 -0.1518723E-06
 -0.1220426E+01 -0.1417147E-06
 -0.1286582E+01 -0.1524477E-06
 -0.1269642E+01 -0.1501294E-06
 -0.1240316E+01 -0.1460669E-06
 -0.1132696E+01 -0.1296635E-06
 -0.1145381E+01 -0.1330102E-06
 -0.1198740E+01 -0.1403929E-06
 -0.1005553E+01 -0.1137743E-06
 -0.1000552E+01 -0.1115019E-06
 -0.8263463E+00 -0.8913480E-07
 -0.1080811E+01 -0.1241874E-06
 -0.6147223E+00 -0.6002178E-07
 -0.8291458E+00 -0.8793205E-07
 -0.3787905E+00 -0.2758113E-07
 -0.9204933E+00 -0.1021629E-06
 -0.1277357E+00  0.6923329E-08
 -0.4245092E-01  0.1863997E-07
  0.1258026E+01  0.1991417E-06
 -0.6251667E+00 -0.5988310E-07
  0.1234351E+01  0.1930072E-06
 -0.7240323E+00 -0.7515501E-07
  0.1128180E+01  0.1784085E-06
 -0.3966068E+00 -0.2844068E-07
  0.9777122E+00  0.1577275E-06
 -0.4991378E+00 -0.4424482E-07
  0.7888735E+00  0.1317716E-06
 -0.1524228E+00  0.5139927E-08
  0.5690477E+00  0.1015530E-06
 -0.2546063E+00 -0.1062399E-07
  0.3268979E+00  0.6827455E-07
  0.9773967E-01  0.3954499E-07
  0.7192018E-01  0.3323610E-07
 -0.7079593E-04  0.2436276E-07
 -0.1859042E+00 -0.2194414E-08
  0.3440450E+00  0.7341954E-07
 -0.4364555E+00 -0.3663330E-07
  0.2544292E+00  0.5934710E-07
 -0.6698512E+00 -0.6871245E-07
  0.5768386E+00  0.1054563E-06
 -0.8769273E+00 -0.9716710E-07
  0.4989442E+00  0.9296644E-07
 -0.1049569E+01 -0.1208881E-06
  0.7869697E+00  0.1343611E-06
 -0.1181037E+01 -0.1389526E-06
  0.7238644E+00  0.1238866E-06
 -0.1266184E+01 -0.1506554E-06
  0.9661652E+00  0.1590058E-06
 -0.1301656E+01 -0.1555243E-06
  0.9203670E+00  0.1509043E-06
 -0.1286062E+01 -0.1533697E-06
  0.1107429E+01  0.1784507E-06
 -0.1219962E+01 -0.1442787E-06
  0.1080720E+01  0.1729531E-06
 -0.1106043E+01 -0.1286186E-06
  0.1205203E+01  0.1919181E-06
 -0.9487754E+00 -0.1069950E-06
  0.1198653E+01  0.1891807E-06
 -0.7543456E+00 -0.8027086E-07
  0.1255672E+01  0.1988785E-06
 -0.5302879E+00 -0.4947192E-07
  0.1269547E+01  0.1989311E-06
 -0.2851484E+00 -0.1577835E-07
  0.2127804E+00  0.5372049E-07
  0.1292240E+01  0.2009746E-06
  0.1281544E+00  0.4208398E-07
  0.0000000E+00  0.0000000E+00
  0.0000000E+00  0.0000000E+00
  0.0000000E+00  0.0000000E+00
  0.0000000E+00  0.0000000E+00
  0.0000000E+00  0.0000000E+00
  0.0000000E+00  0.0000000E+00
  0.0000000E+00  0.0000000E+00
  0.0000000E+00  0.0000000E+00
  0.0000000E+00  0.0000000E+00
  0.0000000E+00  0.0000000E+00
  0.0000000E+00  0.0000000E+00
  0.0000000E+00  0.0000000E+00
  0.0000000E+00  0.0000000E+00
  0.0000000E+00  0.0000000E+00
  0.0000000E+00  0.0000000E+00
  0.0000000E+00  0.0000000E+00
  0.0000000E+00  0.0000000E+00
  0.0000000E+00  0.0000000E+00
  0.0000000E+00  0.0000000E+00
  0.0000000E+00  0.0000000E+00
  0.0000000E+00  0.0000000E+00
  0.0000000E+00  0.0000000E+00
  0.0000000E+00  0.0000000E+00
  0.0000000E+00  0.0000000E+00
  0.0000000E+00  0.0000000E+00
  0.0000000E+00  0.0000000E+00
  0.0000000E+00  0.0000000E+00
  0.0000000E+00  0.0000000E+00
  0.0000000E+00  0.0000000E+00
  0.0000000E+00  0.0000000E+00
  0.0000000E+00  0.0000000E+00
  0.0000000E+00  0.0000000E+00
  0.0000000E+00  0.0000000E+00
  0.0000000E+00  0.0000000E+00
  0.0000000E+00  0.0000000E+00
  0.0000000E+00  0.0000000E+00
  0.0000000E+00  0.0000000E+00
  0.0000000E+00  0.0000000E+00
  0.0000000E+00  0.0000000E+00
  0.0000000E+00  0.0000000E+00
  0.0000000E+00  0.0000000E+00
  0.0000000E+00  0.0000000E+00
  0.0000000E+00  0.0000000E+00
  0.0000000E+00  0.0000000E+00
  0.0000000E+00  0.0000000E+00
  0.0000000E+00  0.0000000E+00
  0.0000000E+00  0.0000000E+00
  0.0000000E+00  0.0000000E+00
  0.0000000E+00  0.0000000E+00
  0.0000000E+00  0.0000000E+00
  0.0000000E+00  0.0000000E+00
  0.0000000E+00  0.0000000E+00
  0.0000000E+00  0.0000000E+00
  0.0000000E+00  0.0000000E+00
  0.0000000E+00  0.0000000E+00
  0.0000000E+00  0.0000000E+00
  0.0000000E+00  0.0000000E+00
  0.0000000E+00  0.0000000E+00
  0.0000000E+00  0.0000000E+00
  0.0000000E+00  0.0000000E+00
  0.0000000E+00  0.0000000E+00
  0.0000000E+00  0.0000000E+00
  0.0000000E+00  0.0000000E+00
  0.0000000E+00  0.0000000E+00
  0.0000000E+00  0.0000000E+00
  0.0000000E+00  0.0000000E+00
  0.0000000E+00  0.0000000E+00
  0.0000000E+00  0.0000000E+00
  0.0000000E+00  0.0000000E+00
  0.0000000E+00  0.0000000E+00
  0.0000000E+00  0.0000000E+00
  0.0000000E+00  0.0000000E+00
  0.0000000E+00  0.0000000E+00
  0.0000000E+00  0.0000000E+00
  0.0000000E+00  0.0000000E+00
  0.0000000E+00  0.0000000E+00
  0.0000000E+00  0.0000000E+00
  0.0000000E+00  0.0000000E+00
  0.0000000E+00  0.0000000E+00
  0.0000000E+00  0.0000000E+00
  0.0000000E+00  0.0000000E+00
  0.0000000E+00  0.0000000E+00
  0.0000000E+00  0.0000000E+00
  0.0000000E+00  0.0000000E+00
  0.0000000E+00  0.0000000E+00
  0.0000000E+00  0.0000000E+00
  0.0000000E+00  0.0000000E+00
  0.0000000E+00  0.0000000E+00
  0.0000000E+00  0.0000000E+00
  0.0000000E+00  0.0000000E+00
  0.0000000E+00  0.0000000E+00
  0.0000000E+00  0.0000000E+00
  0.0000000E+00  0.0000000E+00
  0.0000000E+00  0.0000000E+00
  0.0000000E+00  0.0000000E+00
  0.0000000E+00  0.0000000E+00
  0.0000000E+00  0.0000000E+00
  0.0000000E+00  0.0000000E+00
  0.0000000E+00  0.0000000E+00
  0.0000000E+00  0.0000000E+00
  0.0000000E+00  0.0000000E+00
  0.0000000E+00  0.0000000E+00
  0.0000000E+00  0.0000000E+00
  0.0000000E+00  0.0000000E+00
  0.0000000E+00  0.0000000E+00
  0.0000000E+00  0.0000000E+00
  0.0000000E+00  0.0000000E+00
  0.0000000E+00  0.0000000E+00
  0.0000000E+00  0.0000000E+00
  0.0000000E+00  0.0000000E+00
  0.0000000E+00  0.0000000E+00
  0.0000000E+00  0.0000000E+00
  0.0000000E+00  0.0000000E+00
  0.0000000E+00  0.0000000E+00
  0.0000000E+00  0.0000000E+00
  0.0000000E+00  0.0000000E+00
  0.0000000E+00  0.0000000E+00
  0.0000000E+00  0.0000000E+00
  0.0000000E+00  0.0000000E+00
  0.0000000E+00  0.0000000E+00
  0.0000000E+00  0.0000000E+00
  0.0000000E+00  0.0000000E+00
  0.0000000E+00  0.0000000E+00
  0.0000000E+00  0.0000000E+00
  0.0000000E+00  0.0000000E+00
  0.0000000E+00  0.0000000E+00
  0.0000000E+00  0.0000000E+00
  0.0000000E+00  0.0000000E+00
  0.0000000E+00  0.0000000E+00
  0.0000000E+00  0.0000000E+00
  0.0000000E+00  0.0000000E+00
  0.0000000E+00  0.0000000E+00
  0.0000000E+00  0.0000000E+00
  0.0000000E+00  0.0000000E+00
  0.0000000E+00  0.0000000E+00
  0.0000000E+00  0.0000000E+00
  0.0000000E+00  0.0000000E+00
  0.0000000E+00  0.0000000E+00
  0.0000000E+00  0.0000000E+00
  0.0000000E+00  0.0000000E+00
  0.0000000E+00  0.0000000E+00
  0.0000000E+00  0.0000000E+00
  0.0000000E+00  0.0000000E+00
  0.0000000E+00  0.0000000E+00
  0.0000000E+00  0.0000000E+00
  0.0000000E+00  0.0000000E+00
  0.0000000E+00  0.0000000E+00
  0.0000000E+00  0.0000000E+00
  0.0000000E+00  0.0000000E+00
  0.0000000E+00  0.0000000E+00
  0.0000000E+00  0.0000000E+00
  0.0000000E+00  0.0000000E+00
  0.0000000E+00  0.0000000E+00
  0.0000000E+00  0.0000000E+00
  0.0000000E+00  0.0000000E+00
  0.0000000E+00  0.0000000E+00
  0.0000000E+00  0.0000000E+00
  0.0000000E+00  0.0000000E+00
  0.0000000E+00  0.0000000E+00
  0.0000000E+00  0.0000000E+00
  0.0000000E+00  0.0000000E+00
  0.0000000E+00  0.0000000E+00
  0.0000000E+00  0.0000000E+00
  0.0000000E+00  0.0000000E+00
  0.0000000E+00  0.0000000E+00
  0.0000000E+00  0.0000000E+00
  0.0000000E+00  0.0000000E+00
  0.0000000E+00  0.0000000E+00
  0.0000000E+00  0.0000000E+00
  0.0000000E+00  0.0000000E+00
  0.0000000E+00  0.0000000E+00
  0.0000000E+00  0.0000000E+00
  0.0000000E+00  0.0000000E+00
  0.0000000E+00  0.0000000E+00
  0.0000000E+00  0.0000000E+00
  0.0000000E+00  0.0000000E+00
  0.0000000E+00  0.0000000E+00
  0.0000000E+00  0.0000000E+00
  0.0000000E+00  0.0000000E+00
  0.0000000E+00  0.0000000E+00
  0.0000000E+00  0.0000000E+00
  0.0000000E+00  0.0000000E+00
  0.0000000E+00  0.0000000E+00
  0.0000000E+00  0.0000000E+00
  0.0000000E+00  0.0000000E+00
  0.0000000E+00  0.0000000E+00
  0.0000000E+00  0.0000000E+00
  0.0000000E+00  0.0000000E+00
  0.0000000E+00  0.0000000E+00
  0.0000000E+00  0.0000000E+00
  0.0000000E+00  0.0000000E+00
  0.0000000E+00  0.0000000E+00
  0.0000000E+00  0.0000000E+00
  0.0000000E+00  0.0000000E+00
  0.0000000E+00  0.0000000E+00
  0.0000000E+00  0.0000000E+00
  0.0000000E+00  0.0000000E+00
  0.0000000E+00  0.0000000E+00
  0.0000000E+00  0.0000000E+00
  0.0000000E+00  0.0000000E+00
  0.0000000E+00  0.0000000E+00
  0.0000000E+00  0.0000000E+00
  0.0000000E+00  0.0000000E+00
  0.0000000E+00  0.0000000E+00
  0.0000000E+00  0.0000000E+00
  0.0000000E+00  0.0000000E+00
  0.0000000E+00  0.0000000E+00
  0.0000000E+00  0.0000000E+00
  0.0000000E+00  0.0000000E+00
  0.0000000E+00  0.0000000E+00
  0.0000000E+00  0.0000000E+00
  0.0000000E+00  0.0000000E+00
  0.0000000E+00  0.0000000E+00
  0.0000000E+00  0.0000000E+00
  0.0000000E+00  0.0000000E+00
  0.0000000E+00  0.0000000E+00
  0.0000000E+00  0.0000000E+00
  0.0000000E+00  0.0000000E+00
  0.0000000E+00  0.0000000E+00
  0.0000000E+00  0.0000000E+00
  0.0000000E+00  0.0000000E+00
  0.0000000E+00  0.0000000E+00
  0.0000000E+00  0.0000000E+00
  0.0000000E+00  0.0000000E+00
  0.0000000E+00  0.0000000E+00
  0.0000000E+00  0.0000000E+00
  0.0000000E+00  0.0000000E+00
  0.0000000E+00  0.0000000E+00
  0.0000000E+00  0.0000000E+00
  0.0000000E+00  0.0000000E+00
  0.0000000E+00  0.0000000E+00
  0.0000000E+00  0.0000000E+00
  0.0000000E+00  0.0000000E+00
  0.0000000E+00  0.0000000E+00
  0.0000000E+00  0.0000000E+00
  0.0000000E+00  0.0000000E+00
  0.0000000E+00  0.0000000E+00
  0.0000000E+00  0.0000000E+00
  0.0000000E+00  0.0000000E+00
  0.0000000E+00  0.0000000E+00
  0.0000000E+00  0.0000000E+00
  0.0000000E+00  0.0000000E+00
  0.0000000E+00  0.0000000E+00
  0.0000000E+00  0.0000000E+00
  0.0000000E+00  0.0000000E+00
  0.0000000E+00  0.0000000E+00
  0.0000000E+00  0.0000000E+00
  0.0000000E+00  0.0000000E+00
  0.0000000E+00  0.0000000E+00
  0.0000000E+00  0.0000000E+00
  0.0000000E+00  0.0000000E+00
  0.0000000E+00  0.0000000E+00
  0.0000000E+00  0.0000000E+00
  0.0000000E+00  0.0000000E+00
  0.0000000E+00  0.0000000E+00
  0.0000000E+00  0.0000000E+00
  0.0000000E+00  0.0000000E+00
  0.0000000E+00  0.0000000E+00
  0.0000000E+00  0.0000000E+00
  0.0000000E+00  0.0000000E+00
  0.0000000E+00  0.0000000E+00
  0.0000000E+00  0.0000000E+00
  0.0000000E+00  0.0000000E+00
  0.0000000E+00  0.0000000E+00
  0.0000000E+00  0.0000000E+00
  0.0000000E+00  0.0000000E+00
  0.0000000E+00  0.0000000E+00
  0.0000000E+00  0.0000000E+00
  0.0000000E+00  0.0000000E+00
  0.0000000E+00  0.0000000E+00
  0.0000000E+00  0.0000000E+00
  0.0000000E+00  0.0000000E+00
  0.0000000E+00  0.0000000E+00
  0.0000000E+00  0.0000000E+00
  0.0000000E+00  0.0000000E+00
  0.0000000E+00  0.0000000E+00
  0.0000000E+00  0.0000000E+00
  0.0000000E+00  0.0000000E+00
  0.0000000E+00  0.0000000E+00
  0.0000000E+00  0.0000000E+00
  0.0000000E+00  0.0000000E+00
  0.0000000E+00  0.0000000E+00
  0.0000000E+00  0.0000000E+00
  0.0000000E+00  0.0000000E+00
  0.0000000E+00  0.0000000E+00
  0.0000000E+00  0.0000000E+00
  0.0000000E+00  0.0000000E+00
  0.0000000E+00  0.0000000E+00
  0.0000000E+00  0.0000000E+00
  0.0000000E+00  0.0000000E+00
  0.0000000E+00  0.0000000E+00
  0.0000000E+00  0.0000000E+00
  0.0000000E+00  0.0000000E+00
  0.0000000E+00  0.0000000E+00
  0.0000000E+00  0.0000000E+00
  0.0000000E+00  0.0000000E+00
  0.0000000E+00  0.0000000E+00
  0.0000000E+00  0.0000000E+00
  0.0000000E+00  0.0000000E+00
  0.0000000E+00  0.0000000E+00
  0.0000000E+00  0.0000000E+00
  0.0000000E+00  0.0000000E+00
  0.0000000E+00  0.0000000E+00
  0.0000000E+00  0.0000000E+00
  0.0000000E+00  0.0000000E+00
  0.0000000E+00  0.0000000E+00
  0.0000000E+00  0.0000000E+00
  0.0000000E+00  0.0000000E+00
  0.0000000E+00  0.0000000E+00
  0.0000000E+00  0.0000000E+00
  0.0000000E+00  0.0000000E+00
  0.0000000E+00  0.0000000E+00
  0.0000000E+00  0.0000000E+00
  0.0000000E+00  0.0000000E+00
  0.0000000E+00  0.0000000E+00
  0.0000000E+00  0.0000000E+00
  0.0000000E+00  0.0000000E+00
  0.0000000E+00  0.0000000E+00
  0.0000000E+00  0.0000000E+00
  0.0000000E+00  0.0000000E+00
  0.0000000E+00  0.0000000E+00
  0.0000000E+00  0.0000000E+00
  0.0000000E+00  0.0000000E+00
  0.0000000E+00  0.0000000E+00
  0.0000000E+00  0.0000000E+00
  0.0000000E+00  0.0000000E+00
  0.0000000E+00  0.0000000E+00
  0.0000000E+00  0.0000000E+00
  0.0000000E+00  0.0000000E+00
  0.0000000E+00  0.0000000E+00
  0.0000000E+00  0.0000000E+00
  0.0000000E+00  0.0000000E+00
  0.0000000E+00  0.0000000E+00
  0.0000000E+00  0.0000000E+00
  0.0000000E+00  0.0000000E+00
  0.0000000E+00  0.0000000E+00
  0.0000000E+00  0.0000000E+00
  0.0000000E+00  0.0000000E+00
  0.0000000E+00  0.0000000E+00
  0.0000000E+00  0.0000000E+00
  0.0000000E+00  0.0000000E+00
  0.0000000E+00  0.0000000E+00
  0.0000000E+00  0.0000000E+00
  0.0000000E+00  0.0000000E+00
  0.0000000E+00  0.0000000E+00
  0.0000000E+00  0.0000000E+00
  0.0000000E+00  0.0000000E+00
  0.0000000E+00  0.0000000E+00
  0.0000000E+00  0.0000000E+00
  0.0000000E+00  0.0000000E+00
  0.0000000E+00  0.0000000E+00
  0.0000000E+00  0.0000000E+00
  0.0000000E+00  0.0000000E+00
  0.0000000E+00  0.0000000E+00
  0.0000000E+00  0.0000000E+00
  0.0000000E+00  0.0000000E+00
  0.0000000E+00  0.0000000E+00
  0.0000000E+00  0.0000000E+00
  0.0000000E+00  0.0000000E+00
  0.0000000E+00  0.0000000E+00
  0.0000000E+00  0.0000000E+00
  0.0000000E+00  0.0000000E+00
  0.0000000E+00  0.0000000E+00
  0.0000000E+00  0.0000000E+00
  0.0000000E+00  0.0000000E+00
  0.0000000E+00  0.0000000E+00
  0.0000000E+00  0.0000000E+00
  0.0000000E+00  0.0000000E+00
  0.0000000E+00  0.0000000E+00
  0.0000000E+00  0.0000000E+00
  0.0000000E+00  0.0000000E+00
  0.0000000E+00  0.0000000E+00
  0.0000000E+00  0.0000000E+00
  0.0000000E+00  0.0000000E+00
  0.0000000E+00  0.0000000E+00
  0.0000000E+00  0.0000000E+00
  0.0000000E+00  0.0000000E+00
  0.0000000E+00  0.0000000E+00
  0.0000000E+00  0.0000000E+00
  0.0000000E+00  0.0000000E+00
  0.0000000E+00  0.0000000E+00
  0.0000000E+00  0.0000000E+00
  0.0000000E+00  0.0000000E+00
  0.0000000E+00  0.0000000E+00
  0.0000000E+00  0.0000000E+00
  0.0000000E+00  0.0000000E+00
  0.0000000E+00  0.0000000E+00
  0.0000000E+00  0.0000000E+00
  0.0000000E+00  0.0000000E+00
  0.0000000E+00  0.0000000E+00
  0.0000000E+00  0.0000000E+00
  0.0000000E+00  0.0000000E+00
  0.0000000E+00  0.0000000E+00
  0.0000000E+00  0.0000000E+00
  0.0000000E+00  0.0000000E+00
  0.0000000E+00  0.0000000E+00
  0.0000000E+00  0.0000000E+00
  0.0000000E+00  0.0000000E+00
  0.0000000E+00  0.0000000E+00
  0.0000000E+00  0.0000000E+00
  0.0000000E+00  0.0000000E+00
  0.0000000E+00  0.0000000E+00
  0.0000000E+00  0.0000000E+00
  0.0000000E+00  0.0000000E+00
  0.0000000E+00  0.0000000E+00
  0.0000000E+00  0.0000000E+00
  0.0000000E+00  0.0000000E+00
  0.0000000E+00  0.0000000E+00
  0.0000000E+00  0.0000000E+00
  0.0000000E+00  0.0000000E+00
  0.0000000E+00  0.0000000E+00
  0.0000000E+00  0.0000000E+00
  0.0000000E+00  0.0000000E+00
  0.0000000E+00  0.0000000E+00
  0.0000000E+00  0.0000000E+00
  0.0000000E+00  0.0000000E+00
  0.0000000E+00  0.0000000E+00
  0.0000000E+00  0.0000000E+00
  0.0000000E+00  0.0000000E+00
  0.0000000E+00  0.0000000E+00
  0.0000000E+00  0.0000000E+00
  0.0000000E+00  0.0000000E+00
  0.0000000E+00  0.0000000E+00
  0.0000000E+00  0.0000000E+00
  0.0000000E+00  0.0000000E+00
  0.0000000E+00  0.0000000E+00
  0.0000000E+00  0.0000000E+00
  0.0000000E+00  0.0000000E+00
  0.0000000E+00  0.0000000E+00
  0.0000000E+00  0.0000000E+00
  0.0000000E+00  0.0000000E+00
  0.0000000E+00  0.0000000E+00
  0.0000000E+00  0.0000000E+00
  0.0000000E+00  0.0000000E+00
  0.0000000E+00  0.0000000E+00
  0.0000000E+00  0.0000000E+00
  0.0000000E+00  0.0000000E+00
  0.0000000E+00  0.0000000E+00
  0.0000000E+00  0.0000000E+00
  0.0000000E+00  0.0000000E+00
  0.0000000E+00  0.0000000E+00
  0.0000000E+00  0.0000000E+00
  0.0000000E+00  0.0000000E+00
  0.0000000E+00  0.0000000E+00
  0.0000000E+00  0.0000000E+00
  0.0000000E+00  0.0000000E+00
  0.0000000E+00  0.0000000E+00
  0.0000000E+00  0.0000000E+00
  0.0000000E+00  0.0000000E+00
  0.0000000E+00  0.0000000E+00
  0.0000000E+00  0.0000000E+00
  0.0000000E+00  0.0000000E+00
  0.0000000E+00  0.0000000E+00
  0.0000000E+00  0.0000000E+00
  0.0000000E+00  0.0000000E+00
  0.0000000E+00  0.0000000E+00
  0.0000000E+00  0.0000000E+00
  0.0000000E+00  0.0000000E+00
  0.0000000E+00  0.0000000E+00
  0.0000000E+00  0.0000000E+00
  0.0000000E+00  0.0000000E+00
  0.0000000E+00  0.0000000E+00
  0.0000000E+00  0.0000000E+00
  0.0000000E+00  0.0000000E+00
  0.0000000E+00  0.0000000E+00
  0.0000000E+00  0.0000000E+00
  0.0000000E+00  0.0000000E+00
  0.0000000E+00  0.0000000E+00
  0.0000000E+00  0.0000000E+00
  0.0000000E+00  0.0000000E+00
  0.0000000E+00  0.0000000E+00
  0.0000000E+00  0.0000000E+00
  0.0000000E+00  0.0000000E+00
  0.0000000E+00  0.0000000E+00
  0.0000000E+00  0.0000000E+00
  0.0000000E+00  0.0000000E+00
  0.0000000E+00  0.0000000E+00
  0.0000000E+00  0.0000000E+00
  0.0000000E+00  0.0000000E+00
  0.0000000E+00  0.0000000E+00
  0.0000000E+00  0.0000000E+00
  0.0000000E+00  0.0000000E+00
  0.0000000E+00  0.0000000E+00
  0.0000000E+00  0.0000000E+00
  0.0000000E+00  0.0000000E+00
  0.0000000E+00  0.0000000E+00
  0.0000000E+00  0.0000000E+00
  0.0000000E+00  0.0000000E+00
  0.0000000E+00  0.0000000E+00
  0.0000000E+00  0.0000000E+00
  0.0000000E+00  0.0000000E+00
  0.0000000E+00  0.0000000E+00
  0.0000000E+00  0.0000000E+00
  0.0000000E+00  0.0000000E+00
  0.0000000E+00  0.0000000E+00
  0.0000000E+00  0.0000000E+00
  0.0000000E+00  0.0000000E+00
  0.0000000E+00  0.0000000E+00
  0.0000000E+00  0.0000000E+00
  0.0000000E+00  0.0000000E+00
  0.0000000E+00  0.0000000E+00
  0.0000000E+00  0.0000000E+00
  0.0000000E+00  0.0000000E+00
  0.0000000E+00  0.0000000E+00
  0.0000000E+00  0.0000000E+00
  0.0000000E+00  0.0000000E+00
  0.0000000E+00  0.0000000E+00
  0.0000000E+00  0.0000000E+00
  0.0000000E+00  0.0000000E+00
  0.0000000E+00  0.0000000E+00
  0.0000000E+00  0.0000000E+00
  0.0000000E+00  0.0000000E+00
  0.0000000E+00  0.0000000E+00
  0.0000000E+00  0.0000000E+00
  0.0000000E+00  0.0000000E+00
  0.0000000E+00  0.0000000E+00
  0.0000000E+00  0.0000000E+00
  0.0000000E+00  0.0000000E+00
  0.0000000E+00  0.0000000E+00
  0.0000000E+00  0.0000000E+00
  0.0000000E+00  0.0000000E+00
  0.0000000E+00  0.0000000E+00
  0.0000000E+00  0.0000000E+00
  0.0000000E+00  0.0000000E+00
  0.0000000E+00  0.0000000E+00
  0.0000000E+00  0.0000000E+00
  0.0000000E+00  0.0000000E+00
  0.0000000E+00  0.0000000E+00
  0.0000000E+00  0.0000000E+00
  0.0000000E+00  0.0000000E+00
  0.0000000E+00  0.0000000E+00
  0.0000000E+00  0.0000000E+00
  0.0000000E+00  0.0000000E+00
  0.0000000E+00  0.0000000E+00
  0.0000000E+00  0.0000000E+00
  0.0000000E+00  0.0000000E+00
  0.0000000E+00  0.0000000E+00
  0.0000000E+00  0.0000000E+00
  0.0000000E+00  0.0000000E+00
  0.0000000E+00  0.0000000E+00
  0.0000000E+00  0.0000000E+00
  0.0000000E+00  0.0000000E+00
  0.0000000E+00  0.0000000E+00
  0.0000000E+00  0.0000000E+00
  0.0000000E+00  0.0000000E+00
  0.0000000E+00  0.0000000E+00
  0.0000000E+00  0.0000000E+00
  0.0000000E+00  0.0000000E+00
  0.0000000E+00  0.0000000E+00
  0.0000000E+00  0.0000000E+00
  0.0000000E+00  0.0000000E+00
  0.0000000E+00  0.0000000E+00
  0.0000000E+00  0.0000000E+00
  0.0000000E+00  0.0000000E+00
  0.0000000E+00  0.0000000E+00
  0.0000000E+00  0.0000000E+00
  0.0000000E+00  0.0000000E+00
  0.0000000E+00  0.0000000E+00
  0.0000000E+00  0.0000000E+00
  0.0000000E+00  0.0000000E+00
  0.0000000E+00  0.0000000E+00
  0.0000000E+00  0.0000000E+00
  0.0000000E+00  0.0000000E+00
  0.0000000E+00  0.0000000E+00
  0.0000000E+00  0.0000000E+00
  0.0000000E+00  0.0000000E+00
  0.0000000E+00  0.0000000E+00
  0.0000000E+00  0.0000000E+00
  0.0000000E+00  0.0000000E+00
  0.0000000E+00  0.0000000E+00
  0.0000000E+00  0.0000000E+00
  0.0000000E+00  0.0000000E+00
  0.0000000E+00  0.0000000E+00
  0.0000000E+00  0.0000000E+00
  0.0000000E+00  0.0000000E+00
  0.0000000E+00  0.0000000E+00
  0.0000000E+00  0.0000000E+00
  0.0000000E+00  0.0000000E+00
  0.0000000E+00  0.0000000E+00
  0.0000000E+00  0.0000000E+00
  0.0000000E+00  0.0000000E+00
  0.0000000E+00  0.0000000E+00
  0.0000000E+00  0.0000000E+00
  0.0000000E+00  0.0000000E+00
  0.0000000E+00  0.0000000E+00
  0.0000000E+00  0.0000000E+00
  0.0000000E+00  0.0000000E+00
  0.0000000E+00  0.0000000E+00
  0.0000000E+00  0.0000000E+00
  0.0000000E+00  0.0000000E+00
  0.0000000E+00  0.0000000E+00
  0.0000000E+00  0.0000000E+00
  0.0000000E+00  0.0000000E+00
  0.0000000E+00  0.0000000E+00
  0.0000000E+00  0.0000000E+00
  0.0000000E+00  0.0000000E+00
  0.0000000E+00  0.0000000E+00
  0.0000000E+00  0.0000000E+00
  0.0000000E+00  0.0000000E+00
  0.0000000E+00  0.0000000E+00
  0.0000000E+00  0.0000000E+00
  0.0000000E+00  0.0000000E+00
  0.0000000E+00  0.0000000E+00
  0.0000000E+00  0.0000000E+00
  0.0000000E+00  0.0000000E+00
  0.0000000E+00  0.0000000E+00
  0.0000000E+00  0.0000000E+00
  0.0000000E+00  0.0000000E+00
  0.0000000E+00  0.0000000E+00
  0.0000000E+00  0.0000000E+00
  0.0000000E+00  0.0000000E+00
  0.0000000E+00  0.0000000E+00
  0.0000000E+00  0.0000000E+00
  0.0000000E+00  0.0000000E+00
  0.0000000E+00  0.0000000E+00
  0.0000000E+00  0.0000000E+00
  0.0000000E+00  0.0000000E+00
  0.0000000E+00  0.0000000E+00
  0.0000000E+00  0.0000000E+00
  0.0000000E+00  0.0000000E+00
  0.0000000E+00  0.0000000E+00
  0.0000000E+00  0.0000000E+00
  0.0000000E+00  0.0000000E+00
  0.0000000E+00  0.0000000E+00
  0.0000000E+00  0.0000000E+00
  0.0000000E+00  0.0000000E+00
  0.0000000E+00  0.0000000E+00
  0.0000000E+00  0.0000000E+00
  0.0000000E+00  0.0000000E+00
  0.0000000E+00  0.0000000E+00
  0.0000000E+00  0.0000000E+00
  0.0000000E+00  0.0000000E+00
  0.0000000E+00  0.0000000E+00
  0.0000000E+00  0.0000000E+00
  0.0000000E+00  0.0000000E+00
  0.0000000E+00  0.0000000E+00
  0.0000000E+00  0.0000000E+00
  0.0000000E+00  0.0000000E+00
  0.0000000E+00  0.0000000E+00
  0.0000000E+00  0.0000000E+00
  0.0000000E+00  0.0000000E+00
  0.0000000E+00  0.0000000E+00
  0.0000000E+00  0.0000000E+00
  0.0000000E+00  0.0000000E+00
  0.0000000E+00  0.0000000E+00
  0.0000000E+00  0.0000000E+00
  0.0000000E+00  0.0000000E+00
  0.0000000E+00  0.0000000E+00
  0.0000000E+00  0.0000000E+00
  0.0000000E+00  0.0000000E+00
  0.0000000E+00  0.0000000E+00
  0.0000000E+00  0.0000000E+00
  0.0000000E+00  0.0000000E+00
  0.0000000E+00  0.0000000E+00
  0.0000000E+00  0.0000000E+00
  0.0000000E+00  0.0000000E+00
  0.0000000E+00  0.0000000E+00
  0.0000000E+00  0.0000000E+00
  0.0000000E+00  0.0000000E+00
  0.0000000E+00  0.0000000E+00
  0.0000000E+00  0.0000000E+00
  0.0000000E+00  0.0000000E+00
  0.0000000E+00  0.0000000E+00
  0.0000000E+00  0.0000000E+00
  0.0000000E+00  0.0000000E+00
  0.0000000E+00  0.0000000E+00
  0.0000000E+00  0.0000000E+00
  0.0000000E+00  0.0000000E+00
  0.0000000E+00  0.0000000E+00
  0.0000000E+00  0.0000000E+00
  0.0000000E+00  0.0000000E+00
  0.0000000E+00  0.0000000E+00
  0.0000000E+00  0.0000000E+00
  0.0000000E+00  0.0000000E+00
  0.0000000E+00  0.0000000E+00
  0.0000000E+00  0.0000000E+00
  0.0000000E+00  0.0000000E+00
  0.0000000E+00  0.0000000E+00
  0.0000000E+00  0.0000000E+00
  0.0000000E+00  0.0000000E+00
  0.0000000E+00  0.0000000E+00
  0.0000000E+00  0.0000000E+00
  0.0000000E+00  0.0000000E+00
  0.0000000E+00  0.0000000E+00
  0.0000000E+00  0.0000000E+00
  0.0000000E+00  0.0000000E+00
  0.0000000E+00  0.0000000E+00
  0.0000000E+00  0.0000000E+00
  0.0000000E+00  0.0000000E+00
  0.0000000E+00  0.0000000E+00
  0.0000000E+00  0.0000000E+00
  0.0000000E+00  0.0000000E+00
  0.0000000E+00  0.0000000E+00
  0.0000000E+00  0.0000000E+00
  0.0000000E+00  0.0000000E+00
  0.0000000E+00  0.0000000E+00
  0.0000000E+00  0.0000000E+00
  0.0000000E+00  0.0000000E+00
  0.0000000E+00  0.0000000E+00
  0.0000000E+00  0.0000000E+00
  0.0000000E+00  0.0000000E+00
  0.0000000E+00  0.0000000E+00
  0.0000000E+00  0.0000000E+00
  0.0000000E+00  0.0000000E+00
  0.0000000E+00  0.0000000E+00
  0.0000000E+00  0.0000000E+00
  0.0000000E+00  0.0000000E+00
  0.0000000E+00  0.0000000E+00
  0.0000000E+00  0.0000000E+00
  0.0000000E+00  0.0000000E+00
  0.0000000E+00  0.0000000E+00
  0.0000000E+00  0.0000000E+00
  0.0000000E+00  0.0000000E+00
  0.0000000E+00  0.0000000E+00
  0.0000000E+00  0.0000000E+00
  0.0000000E+00  0.0000000E+00
  0.0000000E+00  0.0000000E+00
  0.0000000E+00  0.0000000E+00
  0.0000000E+00  0.0000000E+00
  0.0000000E+00  0.0000000E+00
  0.0000000E+00  0.0000000E+00
  0.0000000E+00  0.0000000E+00
  0.0000000E+00  0.0000000E+00
  0.0000000E+00  0.0000000E+00
  0.0000000E+00  0.0000000E+00
  0.0000000E+00  0.0000000E+00
  0.0000000E+00  0.0000000E+00
  0.0000000E+00  0.0000000E+00
  0.0000000E+00  0.0000000E+00
  0.0000000E+00  0.0000000E+00
  0.0000000E+00  0.0000000E+00
  0.0000000E+00  0.0000000E+00
  0.0000000E+00  0.0000000E+00
  0.0000000E+00  0.0000000E+00
  0.0000000E+00  0.0000000E+00
  0.0000000E+00  0.0000000E+00
  0.0000000E+00  0.0000000E+00
  0.0000000E+00  0.0000000E+00
  0.0000000E+00  0.0000000E+00
  0.0000000E+00  0.0000000E+00
  0.0000000E+00  0.0000000E+00
  0.0000000E+00  0.0000000E+00
  0.0000000E+00  0.0000000E+00
  0.0000000E+00  0.0000000E+00
  0.0000000E+00  0.0000000E+00
  0.0000000E+00  0.0000000E+00
  0.0000000E+00  0.0000000E+00
  0.0000000E+00  0.0000000E+00
  0.0000000E+00  0.0000000E+00
  0.0000000E+00  0.0000000E+00
  0.0000000E+00  0.0000000E+00
  0.0000000E+00  0.0000000E+00
  0.0000000E+00  0.0000000E+00
  0.0000000E+00  0.0000000E+00
  0.0000000E+00  0.0000000E+00
  0.0000000E+00  0.0000000E+00
  0.0000000E+00  0.0000000E+00
  0.0000000E+00  0.0000000E+00
  0.0000000E+00  0.0000000E+00
  0.0000000E+00  0.0000000E+00
  0.0000000E+00  0.0000000E+00
  0.0000000E+00  0.0000000E+00
  0.0000000E+00  0.0000000E+00
  0.0000000E+00  0.0000000E+00
  0.0000000E+00  0.0000000E+00
  0.0000000E+00  0.0000000E+00
  0.0000000E+00  0.0000000E+00
  0.0000000E+00  0.0000000E+00
  0.0000000E+00  0.0000000E+00
  0.0000000E+00  0.0000000E+00
  0.0000000E+00  0.0000000E+00
  0.0000000E+00  0.0000000E+00
  0.0000000E+00  0.0000000E+00
  0.0000000E+00  0.0000000E+00
  0.0000000E+00  0.0000000E+00
  0.0000000E+00  0.0000000E+00
  0.0000000E+00  0.0000000E+00
  0.0000000E+00  0.0000000E+00
  0.0000000E+00  0.0000000E+00
  0.0000000E+00  0.0000000E+00
  0.0000000E+00  0.0000000E+00
  0.0000000E+00  0.0000000E+00
  0.0000000E+00  0.0000000E+00
  0.0000000E+00  0.0000000E+00
  0.0000000E+00  0.0000000E+00
  0.0000000E+00  0.0000000E+00
  0.0000000E+00  0.0000000E+00
  0.0000000E+00  0.0000000E+00
  0.0000000E+00  0.0000000E+00
  0.0000000E+00  0.0000000E+00
  0.0000000E+00  0.0000000E+00
  0.0000000E+00  0.0000000E+00
  0.0000000E+00  0.0000000E+00
  0.0000000E+00  0.0000000E+00
  0.0000000E+00  0.0000000E+00
  0.0000000E+00  0.0000000E+00
  0.0000000E+00  0.0000000E+00
  0.0000000E+00  0.0000000E+00
  0.0000000E+00  0.0000000E+00
  0.0000000E+00  0.0000000E+00
  0.0000000E+00  0.0000000E+00
  0.0000000E+00  0.0000000E+00
  0.0000000E+00  0.0000000E+00
  0.0000000E+00  0.0000000E+00
  0.0000000E+00  0.0000000E+00
  0.0000000E+00  0.0000000E+00
  0.0000000E+00  0.0000000E+00
  0.0000000E+00  0.0000000E+00
  0.0000000E+00  0.0000000E+00
  0.0000000E+00  0.0000000E+00
  0.0000000E+00  0.0000000E+00
  0.0000000E+00  0.0000000E+00
  0.0000000E+00  0.0000000E+00
  0.0000000E+00  0.0000000E+00
  0.0000000E+00  0.0000000E+00
  0.0000000E+00  0.0000000E+00
  0.0000000E+00  0.0000000E+00
  0.0000000E+00  0.0000000E+00
  0.0000000E+00  0.0000000E+00
  0.0000000E+00  0.0000000E+00
  0.0000000E+00  0.0000000E+00
  0.0000000E+00  0.0000000E+00
  0.0000000E+00  0.0000000E+00
  0.0000000E+00  0.0000000E+00
  0.0000000E+00  0.0000000E+00
  0.0000000E+00  0.0000000E+00
  0.0000000E+00  0.0000000E+00
  0.0000000E+00  0.0000000E+00
  0.0000000E+00  0.0000000E+00
  0.0000000E+00  0.0000000E+00
  0.0000000E+00  0.0000000E+00
  0.0000000E+00  0.0000000E+00
  0.0000000E+00  0.0000000E+00
  0.0000000E+00  0.0000000E+00
  0.0000000E+00  0.0000000E+00
  0.0000000E+00  0.0000000E+00
  0.0000000E+00  0.0000000E+00
  0.0000000E+00  0.0000000E+00
  0.0000000E+00  0.0000000E+00
  0.0000000E+00  0.0000000E+00
  0.0000000E+00  0.0000000E+00
  0.0000000E+00  0.0000000E+00
  0.0000000E+00  0.0000000E+00
  0.0000000E+00  0.0000000E+00
  0.0000000E+00  0.0000000E+00
  0.0000000E+00  0.0000000E+00
  0.0000000E+00  0.0000000E+00
  0.0000000E+00  0.0000000E+00
  0.0000000E+00  0.0000000E+00
  0.0000000E+00  0.0000000E+00
  0.0000000E+00  0.0000000E+00
  0.0000000E+00  0.0000000E+00
  0.0000000E+00  0.0000000E+00
  0.0000000E+00  0.0000000E+00
  0.0000000E+00  0.0000000E+00
  0.0000000E+00  0.0000000E+00
  0.0000000E+00  0.0000000E+00
  0.0000000E+00  0.0000000E+00
  0.0000000E+00  0.0000000E+00
  0.0000000E+00  0.0000000E+00
  0.0000000E+00  0.0000000E+00
  0.0000000E+00  0.0000000E+00
  0.0000000E+00  0.0000000E+00
  0.0000000E+00  0.0000000E+00
  0.0000000E+00  0.0000000E+00
  0.0000000E+00  0.0000000E+00
  0.0000000E+00  0.0000000E+00
  0.0000000E+00  0.0000000E+00
  0.0000000E+00  0.0000000E+00
  0.0000000E+00  0.0000000E+00
  0.0000000E+00  0.0000000E+00
  0.0000000E+00  0.0000000E+00
  0.0000000E+00  0.0000000E+00
  0.0000000E+00  0.0000000E+00
  0.0000000E+00  0.0000000E+00
  0.0000000E+00  0.0000000E+00
  0.0000000E+00  0.0000000E+00
  0.0000000E+00  0.0000000E+00
  0.0000000E+00  0.0000000E+00
  0.0000000E+00  0.0000000E+00
  0.0000000E+00  0.0000000E+00
  0.0000000E+00  0.0000000E+00
  0.0000000E+00  0.0000000E+00
  0.0000000E+00  0.0000000E+00
  0.0000000E+00  0.0000000E+00
  0.0000000E+00  0.0000000E+00
  0.0000000E+00  0.0000000E+00
  0.0000000E+00  0.0000000E+00
  0.0000000E+00  0.0000000E+00
  0.0000000E+00  0.0000000E+00
  0.0000000E+00  0.0000000E+00
  0.0000000E+00  0.0000000E+00
  0.0000000E+00  0.0000000E+00
  0.0000000E+00  0.0000000E+00
  0.0000000E+00  0.0000000E+00
  0.0000000E+00  0.0000000E+00
  0.0000000E+00  0.0000000E+00
  0.0000000E+00  0.0000000E+00
  0.0000000E+00  0.0000000E+00
  0.0000000E+00  0.0000000E+00
  0.0000000E+00  0.0000000E+00
  0.0000000E+00  0.0000000E+00
  0.0000000E+00  0.0000000E+00
  0.0000000E+00  0.0000000E+00
  0.0000000E+00  0.0000000E+00
  0.0000000E+00  0.0000000E+00
  0.0000000E+00  0.0000000E+00
  0.0000000E+00  0.0000000E+00
  0.0000000E+00  0.0000000E+00
  0.0000000E+00  0.0000000E+00
  0.0000000E+00  0.0000000E+00
  0.0000000E+00  0.0000000E+00
  0.0000000E+00  0.0000000E+00
  0.0000000E+00  0.0000000E+00
  0.0000000E+00  0.0000000E+00
  0.0000000E+00  0.0000000E+00
  0.0000000E+00  0.0000000E+00
  0.0000000E+00  0.0000000E+00
  0.0000000E+00  0.0000000E+00
  0.0000000E+00  0.0000000E+00
  0.0000000E+00  0.0000000E+00
  0.0000000E+00  0.0000000E+00
  0.0000000E+00  0.0000000E+00
  0.0000000E+00  0.0000000E+00
  0.0000000E+00  0.0000000E+00
  0.0000000E+00  0.0000000E+00
  0.0000000E+00  0.0000000E+00
  0.0000000E+00  0.0000000E+00
  0.0000000E+00  0.0000000E+00
  0.0000000E+00  0.0000000E+00
  0.0000000E+00  0.0000000E+00
  0.0000000E+00  0.0000000E+00
  0.0000000E+00  0.0000000E+00
  0.0000000E+00  0.0000000E+00
  0.0000000E+00  0.0000000E+00
  0.0000000E+00  0.0000000E+00
  0.0000000E+00  0.0000000E+00
  0.0000000E+00  0.0000000E+00
  0.0000000E+00  0.0000000E+00
  0.0000000E+00  0.0000000E+00
  0.0000000E+00  0.0000000E+00
  0.0000000E+00  0.0000000E+00
  0.0000000E+00  0.0000000E+00
  0.0000000E+00  0.0000000E+00
  0.0000000E+00  0.0000000E+00
  0.0000000E+00  0.0000000E+00
  0.0000000E+00  0.0000000E+00
  0.0000000E+00  0.0000000E+00
  0.0000000E+00  0.0000000E+00
  0.0000000E+00  0.0000000E+00
  0.0000000E+00  0.0000000E+00
  0.0000000E+00  0.0000000E+00
  0.0000000E+00  0.0000000E+00
  0.0000000E+00  0.0000000E+00
  0.0000000E+00  0.0000000E+00
  0.0000000E+00  0.0000000E+00
  0.0000000E+00  0.0000000E+00
  0.0000000E+00  0.0000000E+00
  0.0000000E+00  0.0000000E+00
  0.0000000E+00  0.0000000E+00
  0.0000000E+00  0.0000000E+00
  0.0000000E+00  0.0000000E+00
  0.0000000E+00  0.0000000E+00
  0.0000000E+00  0.0000000E+00
  0.0000000E+00  0.0000000E+00
  0.0000000E+00  0.0000000E+00
  0.0000000E+00  0.0000000E+00
  0.0000000E+00  0.0000000E+00
  0.0000000E+00  0.0000000E+00
  0.0000000E+00  0.0000000E+00
  0.0000000E+00  0.0000000E+00
  0.0000000E+00  0.0000000E+00
  0.0000000E+00  0.0000000E+00
  0.0000000E+00  0.0000000E+00
  0.0000000E+00  0.0000000E+00
  0.0000000E+00  0.0000000E+00
  0.0000000E+00  0.0000000E+00
  0.0000000E+00  0.0000000E+00
  0.0000000E+00  0.0000000E+00
  0.0000000E+00  0.0000000E+00
  0.0000000E+00  0.0000000E+00
  0.0000000E+00  0.0000000E+00
  0.0000000E+00  0.0000000E+00
  0.0000000E+00  0.0000000E+00
  0.0000000E+00  0.0000000E+00
  0.0000000E+00  0.0000000E+00
  0.0000000E+00  0.0000000E+00
  0.0000000E+00  0.0000000E+00
  0.0000000E+00  0.0000000E+00
  0.0000000E+00  0.0000000E+00
  0.0000000E+00  0.0000000E+00
  0.0000000E+00  0.0000000E+00
  0.0000000E+00  0.0000000E+00
  0.0000000E+00  0.0000000E+00
  0.0000000E+00  0.0000000E+00
  0.0000000E+00  0.0000000E+00
  0.0000000E+00  0.0000000E+00
  0.0000000E+00  0.0000000E+00
  0.0000000E+00  0.0000000E+00
  0.0000000E+00  0.0000000E+00
  0.0000000E+00  0.0000000E+00
  0.0000000E+00  0.0000000E+00
  0.0000000E+00  0.0000000E+00
  0.0000000E+00  0.0000000E+00
  0.0000000E+00  0.0000000E+00
  0.0000000E+00  0.0000000E+00
  0.0000000E+00  0.0000000E+00
  0.0000000E+00  0.0000000E+00
  0.0000000E+00  0.0000000E+00
  0.0000000E+00  0.0000000E+00
  0.0000000E+00  0.0000000E+00
  0.0000000E+00  0.0000000E+00
  0.0000000E+00  0.0000000E+00
  0.0000000E+00  0.0000000E+00
  0.0000000E+00  0.0000000E+00
  0.0000000E+00  0.0000000E+00
  0.0000000E+00  0.0000000E+00
  0.0000000E+00  0.0000000E+00
  0.0000000E+00  0.0000000E+00
  0.0000000E+00  0.0000000E+00
  0.0000000E+00  0.0000000E+00
  0.0000000E+00  0.0000000E+00
  0.0000000E+00  0.0000000E+00
  0.0000000E+00  0.0000000E+00
  0.0000000E+00  0.0000000E+00
  0.0000000E+00  0.0000000E+00
  0.0000000E+00  0.0000000E+00
  0.0000000E+00  0.0000000E+00
  0.0000000E+00  0.0000000E+00
  0.0000000E+00  0.0000000E+00
  0.0000000E+00  0.0000000E+00
  0.0000000E+00  0.0000000E+00
  0.0000000E+00  0.0000000E+00
  0.0000000E+00  0.0000000E+00
  0.0000000E+00  0.0000000E+00
  0.0000000E+00  0.0000000E+00
  0.0000000E+00  0.0000000E+00
  0.0000000E+00  0.0000000E+00
  0.0000000E+00  0.0000000E+00
  0.0000000E+00  0.0000000E+00
  0.0000000E+00  0.0000000E+00
  0.0000000E+00  0.0000000E+00
  0.0000000E+00  0.0000000E+00
  0.0000000E+00  0.0000000E+00
  0.0000000E+00  0.0000000E+00
  0.0000000E+00  0.0000000E+00
  0.0000000E+00  0.0000000E+00
  0.0000000E+00  0.0000000E+00
  0.0000000E+00  0.0000000E+00
  0.0000000E+00  0.0000000E+00
  0.0000000E+00  0.0000000E+00
  0.0000000E+00  0.0000000E+00
  0.0000000E+00  0.0000000E+00
  0.0000000E+00  0.0000000E+00
  0.0000000E+00  0.0000000E+00
  0.0000000E+00  0.0000000E+00
  0.0000000E+00  0.0000000E+00
  0.0000000E+00  0.0000000E+00
  0.0000000E+00  0.0000000E+00
  0.0000000E+00  0.0000000E+00
  0.0000000E+00  0.0000000E+00
  0.0000000E+00  0.0000000E+00
  0.0000000E+00  0.0000000E+00
  0.0000000E+00  0.0000000E+00
  0.0000000E+00  0.0000000E+00
  0.0000000E+00  0.0000000E+00
  0.0000000E+00  0.0000000E+00
  0.0000000E+00  0.0000000E+00
  0.0000000E+00  0.0000000E+00
  0.0000000E+00  0.0000000E+00
  0.0000000E+00  0.0000000E+00
  0.0000000E+00  0.0000000E+00
  0.0000000E+00  0.0000000E+00
  0.0000000E+00  0.0000000E+00
  0.0000000E+00  0.0000000E+00
  0.0000000E+00  0.0000000E+00
  0.0000000E+00  0.0000000E+00
  0.0000000E+00  0.0000000E+00
  0.0000000E+00  0.0000000E+00
  0.0000000E+00  0.0000000E+00
  0.0000000E+00  0.0000000E+00
  0.0000000E+00  0.0000000E+00
  0.0000000E+00  0.0000000E+00
  0.0000000E+00  0.0000000E+00
  0.0000000E+00  0.0000000E+00
  0.0000000E+00  0.0000000E+00
  0.0000000E+00  0.0000000E+00
  0.0000000E+00  0.0000000E+00
  0.0000000E+00  0.0000000E+00
  0.0000000E+00  0.0000000E+00
  0.0000000E+00  0.0000000E+00
  0.0000000E+00  0.0000000E+00
  0.0000000E+00  0.0000000E+00
  0.0000000E+00  0.0000000E+00
  0.0000000E+00  0.0000000E+00
  0.0000000E+00  0.0000000E+00
  0.0000000E+00  0.0000000E+00
  0.0000000E+00  0.0000000E+00
  0.0000000E+00  0.0000000E+00
  0.0000000E+00  0.0000000E+00
  0.0000000E+00  0.0000000E+00
  0.0000000E+00  0.0000000E+00
  0.0000000E+00  0.0000000E+00
  0.0000000E+00  0.0000000E+00
  0.0000000E+00  0.0000000E+00
  0.0000000E+00  0.0000000E+00
  0.0000000E+00  0.0000000E+00
  0.0000000E+00  0.0000000E+00
  0.0000000E+00  0.0000000E+00
  0.0000000E+00  0.0000000E+00
  0.0000000E+00  0.0000000E+00
  0.0000000E+00  0.0000000E+00
  0.0000000E+00  0.0000000E+00
  0.0000000E+00  0.0000000E+00
  0.0000000E+00  0.0000000E+00
  0.0000000E+00  0.0000000E+00
  0.0000000E+00  0.0000000E+00
  0.0000000E+00  0.0000000E+00
  0.0000000E+00  0.0000000E+00
  0.0000000E+00  0.0000000E+00
  0.0000000E+00  0.0000000E+00
  0.0000000E+00  0.0000000E+00
  0.0000000E+00  0.0000000E+00
  0.0000000E+00  0.0000000E+00
  0.0000000E+00  0.0000000E+00
  0.0000000E+00  0.0000000E+00
  0.0000000E+00  0.0000000E+00
  0.0000000E+00  0.0000000E+00
  0.0000000E+00  0.0000000E+00
  0.0000000E+00  0.0000000E+00
  0.0000000E+00  0.0000000E+00
  0.0000000E+00  0.0000000E+00
  0.0000000E+00  0.0000000E+00
  0.0000000E+00  0.0000000E+00
  0.0000000E+00  0.0000000E+00
  0.0000000E+00  0.0000000E+00
  0.0000000E+00  0.0000000E+00
  0.0000000E+00  0.0000000E+00
  0.0000000E+00  0.0000000E+00
  0.0000000E+00  0.0000000E+00
  0.0000000E+00  0.0000000E+00
  0.0000000E+00  0.0000000E+00
  0.0000000E+00  0.0000000E+00
  0.0000000E+00  0.0000000E+00
  0.0000000E+00  0.0000000E+00
  0.0000000E+00  0.0000000E+00
  0.0000000E+00  0.0000000E+00
  0.0000000E+00  0.0000000E+00
  0.0000000E+00  0.0000000E+00
  0.0000000E+00  0.0000000E+00
  0.0000000E+00  0.0000000E+00
  0.0000000E+00  0.0000000E+00
  0.0000000E+00  0.0000000E+00
  0.0000000E+00  0.0000000E+00
  0.0000000E+00  0.0000000E+00
  0.0000000E+00  0.0000000E+00
  0.0000000E+00  0.0000000E+00
  0.0000000E+00  0.0000000E+00
  0.0000000E+00  0.0000000E+00
  0.0000000E+00  0.0000000E+00
  0.0000000E+00  0.0000000E+00
  0.0000000E+00  0.0000000E+00
  0.0000000E+00  0.0000000E+00
  0.0000000E+00  0.0000000E+00
  0.0000000E+00  0.0000000E+00
  0.0000000E+00  0.0000000E+00
  0.0000000E+00  0.0000000E+00
  0.0000000E+00  0.0000000E+00
  0.0000000E+00  0.0000000E+00
  0.0000000E+00  0.0000000E+00
  0.0000000E+00  0.0000000E+00
  0.0000000E+00  0.0000000E+00
  0.0000000E+00  0.0000000E+00
  0.0000000E+00  0.0000000E+00
  0.0000000E+00  0.0000000E+00
  0.0000000E+00  0.0000000E+00
  0.0000000E+00  0.0000000E+00
  0.0000000E+00  0.0000000E+00
  0.0000000E+00  0.0000000E+00
  0.0000000E+00  0.0000000E+00
  0.0000000E+00  0.0000000E+00
  0.0000000E+00  0.0000000E+00
  0.0000000E+00  0.0000000E+00
  0.0000000E+00  0.0000000E+00
  0.0000000E+00  0.0000000E+00
  0.0000000E+00  0.0000000E+00
  0.0000000E+00  0.0000000E+00
  0.0000000E+00  0.0000000E+00
  0.0000000E+00  0.0000000E+00
  0.0000000E+00  0.0000000E+00
  0.0000000E+00  0.0000000E+00
  0.0000000E+00  0.0000000E+00
  0.0000000E+00  0.0000000E+00
  0.0000000E+00  0.0000000E+00
  0.0000000E+00  0.0000000E+00
  0.0000000E+00  0.0000000E+00
  0.0000000E+00  0.0000000E+00
  0.0000000E+00  0.0000000E+00
  0.0000000E+00  0.0000000E+00
  0.0000000E+00  0.0000000E+00
  0.0000000E+00  0.0000000E+00
  0.0000000E+00  0.0000000E+00
  0.0000000E+00  0.0000000E+00
  0.0000000E+00  0.0000000E+00
  0.0000000E+00  0.0000000E+00
  0.0000000E+00  0.0000000E+00
  0.0000000E+00  0.0000000E+00
  0.0000000E+00  0.0000000E+00
  0.0000000E+00  0.0000000E+00
  0.0000000E+00  0.0000000E+00
  0.0000000E+00  0.0000000E+00
  0.0000000E+00  0.0000000E+00
  0.0000000E+00  0.0000000E+00
  0.0000000E+00  0.0000000E+00
  0.0000000E+00  0.0000000E+00
  0.0000000E+00  0.0000000E+00
  0.0000000E+00  0.0000000E+00
  0.0000000E+00  0.0000000E+00
  0.0000000E+00  0.0000000E+00
  0.0000000E+00  0.0000000E+00
  0.0000000E+00  0.0000000E+00
  0.0000000E+00  0.0000000E+00
  0.0000000E+00  0.0000000E+00
  0.0000000E+00  0.0000000E+00
  0.0000000E+00  0.0000000E+00
  0.0000000E+00  0.0000000E+00
  0.0000000E+00  0.0000000E+00
  0.0000000E+00  0.0000000E+00
  0.0000000E+00  0.0000000E+00
  0.0000000E+00  0.0000000E+00
  0.0000000E+00  0.0000000E+00
  0.0000000E+00  0.0000000E+00
  0.0000000E+00  0.0000000E+00
  0.0000000E+00  0.0000000E+00
  0.0000000E+00  0.0000000E+00
  0.0000000E+00  0.0000000E+00
  0.0000000E+00  0.0000000E+00
  0.0000000E+00  0.0000000E+00
  0.0000000E+00  0.0000000E+00
  0.0000000E+00  0.0000000E+00
  0.0000000E+00  0.0000000E+00
  0.0000000E+00  0.0000000E+00
  0.0000000E+00  0.0000000E+00
  0.0000000E+00  0.0000000E+00
  0.0000000E+00  0.0000000E+00
  0.0000000E+00  0.0000000E+00
  0.0000000E+00  0.0000000E+00
  0.0000000E+00  0.0000000E+00
  0.0000000E+00  0.0000000E+00
  0.0000000E+00  0.0000000E+00
  0.0000000E+00  0.0000000E+00
  0.0000000E+00  0.0000000E+00
  0.0000000E+00  0.0000000E+00
  0.0000000E+00  0.0000000E+00
  0.0000000E+00  0.0000000E+00
  0.0000000E+00  0.0000000E+00
  0.0000000E+00  0.0000000E+00
  0.0000000E+00  0.0000000E+00
  0.0000000E+00  0.0000000E+00
  0.0000000E+00  0.0000000E+00
  0.0000000E+00  0.0000000E+00
  0.0000000E+00  0.0000000E+00
  0.0000000E+00  0.0000000E+00
  0.0000000E+00  0.0000000E+00
  0.0000000E+00  0.0000000E+00
  0.0000000E+00  0.0000000E+00
  0.0000000E+00  0.0000000E+00
  0.0000000E+00  0.0000000E+00
  0.0000000E+00  0.0000000E+00
  0.0000000E+00  0.0000000E+00
  0.0000000E+00  0.0000000E+00
  0.0000000E+00  0.0000000E+00
  0.0000000E+00  0.0000000E+00
  0.0000000E+00  0.0000000E+00
  0.0000000E+00  0.0000000E+00
  0.0000000E+00  0.0000000E+00
  0.0000000E+00  0.0000000E+00
  0.0000000E+00  0.0000000E+00
  0.0000000E+00  0.0000000E+00
  0.0000000E+00  0.0000000E+00
  0.0000000E+00  0.0000000E+00
  0.0000000E+00  0.0000000E+00
  0.0000000E+00  0.0000000E+00
  0.0000000E+00  0.0000000E+00
  0.0000000E+00  0.0000000E+00
  0.0000000E+00  0.0000000E+00
  0.0000000E+00  0.0000000E+00
  0.0000000E+00  0.0000000E+00
  0.0000000E+00  0.0000000E+00
  0.0000000E+00  0.0000000E+00
  0.0000000E+00  0.0000000E+00
  0.0000000E+00  0.0000000E+00
  0.0000000E+00  0.0000000E+00
  0.0000000E+00  0.0000000E+00
  0.0000000E+00  0.0000000E+00
  0.0000000E+00  0.0000000E+00
  0.0000000E+00  0.0000000E+00
  0.0000000E+00  0.0000000E+00
  0.0000000E+00  0.0000000E+00
  0.0000000E+00  0.0000000E+00
  0.0000000E+00  0.0000000E+00
  0.0000000E+00  0.0000000E+00
  0.0000000E+00  0.0000000E+00
  0.0000000E+00  0.0000000E+00
  0.0000000E+00  0.0000000E+00
  0.0000000E+00  0.0000000E+00
  0.0000000E+00  0.0000000E+00
  0.0000000E+00  0.0000000E+00
  0.0000000E+00  0.0000000E+00
  0.0000000E+00  0.0000000E+00
  0.0000000E+00  0.0000000E+00
  0.0000000E+00  0.0000000E+00
  0.0000000E+00  0.0000000E+00
  0.0000000E+00  0.0000000E+00
  0.0000000E+00  0.0000000E+00
  0.0000000E+00  0.0000000E+00
  0.0000000E+00  0.0000000E+00
  0.0000000E+00  0.0000000E+00
  0.0000000E+00  0.0000000E+00
  0.0000000E+00  0.0000000E+00
  0.0000000E+00  0.0000000E+00
  0.0000000E+00  0.0000000E+00
  0.0000000E+00  0.0000000E+00
  0.0000000E+00  0.0000000E+00
  0.0000000E+00  0.0000000E+00
  0.0000000E+00  0.0000000E+00
  0.0000000E+00  0.0000000E+00
  0.0000000E+00  0.0000000E+00
  0.0000000E+00  0.0000000E+00
  0.0000000E+00  0.0000000E+00
  0.0000000E+00  0.0000000E+00
  0.0000000E+00  0.0000000E+00
  0.0000000E+00  0.0000000E+00
  0.0000000E+00  0.0000000E+00
  0.0000000E+00  0.0000000E+00
  0.0000000E+00  0.0000000E+00
  0.0000000E+00  0.0000000E+00
  0.0000000E+00  0.0000000E+00
  0.0000000E+00  0.0000000E+00
  0.0000000E+00  0.0000000E+00
  0.0000000E+00  0.0000000E+00
  0.0000000E+00  0.0000000E+00
  0.0000000E+00  0.0000000E+00
  0.0000000E+00  0.0000000E+00
  0.0000000E+00  0.0000000E+00
  0.0000000E+00  0.0000000E+00
  0.0000000E+00  0.0000000E+00
  0.0000000E+00  0.0000000E+00
  0.0000000E+00  0.0000000E+00
  0.0000000E+00  0.0000000E+00
  0.0000000E+00  0.0000000E+00
  0.0000000E+00  0.0000000E+00
  0.0000000E+00  0.0000000E+00
  0.0000000E+00  0.0000000E+00
  0.0000000E+00  0.0000000E+00
  0.0000000E+00  0.0000000E+00
  0.0000000E+00  0.0000000E+00
  0.0000000E+00  0.0000000E+00
  0.0000000E+00  0.0000000E+00
  0.0000000E+00  0.0000000E+00
  0.0000000E+00  0.0000000E+00
  0.0000000E+00  0.0000000E+00
  0.0000000E+00  0.0000000E+00
  0.0000000E+00  0.0000000E+00
  0.0000000E+00  0.0000000E+00
  0.0000000E+00  0.0000000E+00
  0.0000000E+00  0.0000000E+00
  0.0000000E+00  0.0000000E+00
  0.0000000E+00  0.0000000E+00
  0.0000000E+00  0.0000000E+00
  0.0000000E+00  0.0000000E+00
  0.0000000E+00  0.0000000E+00
  0.0000000E+00  0.0000000E+00
  0.0000000E+00  0.0000000E+00
  0.0000000E+00  0.0000000E+00
  0.0000000E+00  0.0000000E+00
  0.0000000E+00  0.0000000E+00
  0.0000000E+00  0.0000000E+00
  0.0000000E+00  0.0000000E+00
  0.0000000E+00  0.0000000E+00
  0.0000000E+00  0.0000000E+00
  0.0000000E+00  0.0000000E+00
  0.0000000E+00  0.0000000E+00
  0.0000000E+00  0.0000000E+00
  0.0000000E+00  0.0000000E+00
  0.0000000E+00  0.0000000E+00
  0.0000000E+00  0.0000000E+00
  0.0000000E+00  0.0000000E+00
  0.0000000E+00  0.0000000E+00
  0.0000000E+00  0.0000000E+00
  0.0000000E+00  0.0000000E+00
  0.0000000E+00  0.0000000E+00
  0.0000000E+00  0.0000000E+00
  0.0000000E+00  0.0000000E+00
  0.0000000E+00  0.0000000E+00
  0.0000000E+00  0.0000000E+00
  0.0000000E+00  0.0000000E+00
  0.0000000E+00  0.0000000E+00
  0.0000000E+00  0.0000000E+00
  0.0000000E+00  0.0000000E+00
  0.0000000E+00  0.0000000E+00
  0.0000000E+00  0.0000000E+00
  0.0000000E+00  0.0000000E+00
  0.0000000E+00  0.0000000E+00
  0.0000000E+00  0.0000000E+00
  0.0000000E+00  0.0000000E+00
  0.0000000E+00  0.0000000E+00
  0.0000000E+00  0.0000000E+00
  0.0000000E+00  0.0000000E+00
  0.0000000E+00  0.0000000E+00
  0.0000000E+00  0.0000000E+00
  0.0000000E+00  0.0000000E+00
  0.0000000E+00  0.0000000E+00
  0.0000000E+00  0.0000000E+00
  0.0000000E+00  0.0000000E+00
  0.0000000E+00  0.0000000E+00
  0.0000000E+00  0.0000000E+00
  0.0000000E+00  0.0000000E+00
  0.0000000E+00  0.0000000E+00
  0.0000000E+00  0.0000000E+00
  0.0000000E+00  0.0000000E+00
  0.0000000E+00  0.0000000E+00
  0.0000000E+00  0.0000000E+00
  0.0000000E+00  0.0000000E+00
  0.0000000E+00  0.0000000E+00
  0.0000000E+00  0.0000000E+00
  0.0000000E+00  0.0000000E+00
  0.0000000E+00  0.0000000E+00
  0.0000000E+00  0.0000000E+00
  0.0000000E+00  0.0000000E+00
  0.0000000E+00  0.0000000E+00
  0.0000000E+00  0.0000000E+00
  0.0000000E+00  0.0000000E+00
  0.0000000E+00  0.0000000E+00
  0.0000000E+00  0.0000000E+00
  0.0000000E+00  0.0000000E+00
  0.0000000E+00  0.0000000E+00
  0.0000000E+00  0.0000000E+00
  0.0000000E+00  0.0000000E+00
  0.0000000E+00  0.0000000E+00
  0.0000000E+00  0.0000000E+00
  0.0000000E+00  0.0000000E+00
  0.0000000E+00  0.0000000E+00
  0.0000000E+00  0.0000000E+00
  0.0000000E+00  0.0000000E+00
  0.0000000E+00  0.0000000E+00
  0.0000000E+00  0.0000000E+00
  0.0000000E+00  0.0000000E+00
  0.0000000E+00  0.0000000E+00
  0.0000000E+00  0.0000000E+00
  0.0000000E+00  0.0000000E+00
  0.0000000E+00  0.0000000E+00
  0.0000000E+00  0.0000000E+00
  0.0000000E+00  0.0000000E+00
  0.0000000E+00  0.0000000E+00
  0.0000000E+00  0.0000000E+00
  0.0000000E+00  0.0000000E+00
  0.0000000E+00  0.0000000E+00
  0.0000000E+00  0.0000000E+00
  0.0000000E+00  0.0000000E+00
  0.0000000E+00  0.0000000E+00
  0.0000000E+00  0.0000000E+00
  0.0000000E+00  0.0000000E+00
  0.0000000E+00  0.0000000E+00
  0.0000000E+00  0.0000000E+00
  0.0000000E+00  0.0000000E+00
  0.0000000E+00  0.0000000E+00
  0.0000000E+00  0.0000000E+00
  0.0000000E+00  0.0000000E+00
  0.0000000E+00  0.0000000E+00
  0.0000000E+00  0.0000000E+00
  0.0000000E+00  0.0000000E+00
  0.0000000E+00  0.0000000E+00
  0.0000000E+00  0.0000000E+00
  0.0000000E+00  0.0000000E+00
  0.0000000E+00  0.0000000E+00
  0.0000000E+00  0.0000000E+00
  0.0000000E+00  0.0000000E+00
  0.0000000E+00  0.0000000E+00
  0.0000000E+00  0.0000000E+00
  0.0000000E+00  0.0000000E+00
  0.0000000E+00  0.0000000E+00
  0.0000000E+00  0.0000000E+00
  0.0000000E+00  0.0000000E+00
  0.0000000E+00  0.0000000E+00
  0.0000000E+00  0.0000000E+00
  0.0000000E+00  0.0000000E+00
  0.0000000E+00  0.0000000E+00
  0.0000000E+00  0.0000000E+00
  0.0000000E+00  0.0000000E+00
  0.0000000E+00  0.0000000E+00
  0.0000000E+00  0.0000000E+00
  0.0000000E+00  0.0000000E+00
  0.0000000E+00  0.0000000E+00
  0.0000000E+00  0.0000000E+00
  0.0000000E+00  0.0000000E+00
  0.0000000E+00  0.0000000E+00
  0.0000000E+00  0.0000000E+00
  0.0000000E+00  0.0000000E+00
  0.0000000E+00  0.0000000E+00
  0.0000000E+00  0.0000000E+00
  0.0000000E+00  0.0000000E+00
  0.0000000E+00  0.0000000E+00
  0.0000000E+00  0.0000000E+00
  0.0000000E+00  0.0000000E+00
  0.0000000E+00  0.0000000E+00
  0.0000000E+00  0.0000000E+00
  0.0000000E+00  0.0000000E+00
