 -0.6399933E+00 -0.2646942E-07
 -0.1232077E+00 -0.4736166E-07
  0.1841708E+00 -0.5666370E-07
  0.4275872E+00 -0.6135998E-07
  0.6441473E+00 -0.6529345E-07
  0.8532740E+00 -0.6823470E-07
  0.3513531E+00 -0.8649752E-07
  0.1356748E+01 -0.7407722E-07
  0.1504836E+01 -0.7654760E-07
  0.1682543E+01 -0.8358233E-07
  0.2045698E+01 -0.1137245E-06
  0.2031877E+01 -0.1131874E-06
  0.2012903E+01 -0.1131342E-06
  0.1984581E+01 -0.1133983E-06
  0.1947292E+01 -0.1134418E-06
  0.1904246E+01 -0.1136991E-06
  0.1849522E+01 -0.1140500E-06
  0.1784362E+01 -0.1138410E-06
  0.1715390E+01 -0.1140234E-06
  0.1638867E+01 -0.1142038E-06
  0.1553307E+01 -0.1144409E-06
  0.1463862E+01 -0.1148313E-06
  0.1367516E+01 -0.1153529E-06
  0.1263440E+01 -0.1155109E-06
  0.1156213E+01 -0.1159511E-06
  0.1043447E+01 -0.1163534E-06
  0.9247265E+00 -0.1165750E-06
  0.8038306E+00 -0.1174109E-06
  0.6789965E+00 -0.1178867E-06
  0.5502793E+00 -0.1181169E-06
  0.4204428E+00 -0.1188195E-06
  0.2883675E+00 -0.1193837E-06
  0.1545900E+00 -0.1197289E-06
  0.2079359E-01 -0.1203099E-06
 -0.1134697E+00 -0.1208880E-06
 -0.2471893E+00 -0.1215020E-06
 -0.3798230E+00 -0.1220799E-06
 -0.5111117E+00 -0.1226730E-06
 -0.6396254E+00 -0.1227136E-06
 -0.7659734E+00 -0.1234309E-06
 -0.8892116E+00 -0.1240365E-06
 -0.1007525E+01 -0.1242327E-06
 -0.1122677E+01 -0.1251043E-06
 -0.1233028E+01 -0.1253300E-06
 -0.1336481E+01 -0.1257121E-06
 -0.1435879E+01 -0.1258439E-06
 -0.1528941E+01 -0.1265668E-06
 -0.1613382E+01 -0.1269178E-06
 -0.1693026E+01 -0.1272242E-06
 -0.1765016E+01 -0.1276128E-06
 -0.1827005E+01 -0.1276159E-06
 -0.1883646E+01 -0.1275670E-06
 -0.1931618E+01 -0.1280761E-06
 -0.1968623E+01 -0.1279000E-06
 -0.1999986E+01 -0.1280706E-06
 -0.2022035E+01 -0.1283230E-06
 -0.2032566E+01 -0.1282097E-06
 -0.2037311E+01 -0.1280634E-06
 -0.2032479E+01 -0.1280871E-06
 -0.2016093E+01 -0.1280402E-06
 -0.1994063E+01 -0.1280898E-06
 -0.1962583E+01 -0.1277314E-06
 -0.1920088E+01 -0.1276296E-06
 -0.1872391E+01 -0.1272971E-06
 -0.1815713E+01 -0.1271567E-06
 -0.1748736E+01 -0.1267528E-06
 -0.1677138E+01 -0.1265772E-06
 -0.1597541E+01 -0.1262145E-06
 -0.1508825E+01 -0.1257169E-06
 -0.1416191E+01 -0.1254126E-06
 -0.1316817E+01 -0.1249424E-06
 -0.1209991E+01 -0.1244947E-06
 -0.1100181E+01 -0.1239495E-06
 -0.9850605E+00 -0.1235770E-06
 -0.8643485E+00 -0.1229255E-06
 -0.7416304E+00 -0.1225973E-06
 -0.6152309E+00 -0.1220279E-06
 -0.4852902E+00 -0.1214458E-06
 -0.3543865E+00 -0.1210132E-06
 -0.2214676E+00 -0.1203153E-06
 -0.8703735E-01 -0.1199586E-06
  0.4780993E-01 -0.1199420E-06
  0.1817970E+00 -0.1198359E-06
  0.3154184E+00 -0.1192017E-06
  0.4478577E+00 -0.1184573E-06
  0.5784800E+00 -0.1181712E-06
  0.7066450E+00 -0.1178386E-06
  0.8316972E+00 -0.1174139E-06
  0.9530933E+00 -0.1167155E-06
  0.1070350E+01 -0.1167108E-06
  0.1182997E+01 -0.1161169E-06
  0.1290563E+01 -0.1158400E-06
  0.1392554E+01 -0.1156208E-06
  0.1488469E+01 -0.1152743E-06
  0.1577883E+01 -0.1150002E-06
  0.1660509E+01 -0.1148422E-06
  0.1735890E+01 -0.1144573E-06
  0.1803431E+01 -0.1141383E-06
  0.1862597E+01 -0.1139866E-06
  0.1912421E+01 -0.1138650E-06
  0.1949196E+01 -0.1131697E-06
  0.1982152E+01 -0.1126403E-06
  0.2010264E+01 -0.1127058E-06
  0.2031935E+01 -0.1129931E-06
  0.2049360E+01 -0.1141128E-06
  0.1678036E+01 -0.8352810E-07
  0.1495841E+01 -0.7652685E-07
  0.1339254E+01 -0.7377844E-07
  0.1178778E+01 -0.7190653E-07
  0.1005956E+01 -0.6960468E-07
  0.8265373E+00 -0.6753942E-07
  0.6413114E+00 -0.6489512E-07
  0.1781298E+00 -0.5585117E-07
 -0.1307039E+00 -0.4714232E-07
 -0.6534399E+00 -0.2687851E-07
 -0.6704344E+00 -0.2770135E-07
  0.2884163E+00 -0.8919545E-07
 -0.4811092E+00 -0.4470654E-07
 -0.4029896E+00 -0.5449254E-07
 -0.2863250E+00 -0.6686390E-07
 -0.1477490E+00 -0.8128412E-07
  0.7604378E-03 -0.9625052E-07
  0.1492353E+00 -0.1112256E-06
  0.2893633E+00 -0.1251404E-06
  0.4169233E+00 -0.1380354E-06
  0.5271354E+00 -0.1487450E-06
  0.6132909E+00 -0.1576950E-06
  0.6718125E+00 -0.1634491E-06
  0.7010772E+00 -0.1663520E-06
  0.7007853E+00 -0.1661869E-06
  0.6711340E+00 -0.1629494E-06
  0.6130153E+00 -0.1568666E-06
  0.5282130E+00 -0.1477466E-06
  0.4195583E+00 -0.1369839E-06
  0.2913246E+00 -0.1237859E-06
  0.1491691E+00 -0.1094279E-06
  0.4331857E-03 -0.9472475E-07
 -0.1471099E+00 -0.7960616E-07
 -0.2883448E+00 -0.6532032E-07
 -0.4173959E+00 -0.5249776E-07
 -0.5244564E+00 -0.4155512E-07
 -0.6011451E+00 -0.3332002E-07
 -0.6393926E+00 -0.2840445E-07
  0.6910422E+00 -0.7420102E-07
  0.7597168E+00 -0.7566665E-07
  0.4155408E+00 -0.6172036E-07
  0.6188251E+00 -0.6637767E-07
  0.8215082E+00 -0.6953371E-07
  0.1495357E+01 -0.7688321E-07
  0.2358788E+00 -0.7159293E-07
  0.1652181E+01 -0.8376667E-07
  0.1670708E+01 -0.8386790E-07
  0.1625877E+01 -0.8387053E-07
  0.1595943E+01 -0.8454054E-07
  0.1557876E+01 -0.8473837E-07
  0.1509017E+01 -0.8497805E-07
  0.1454575E+01 -0.8532940E-07
  0.1395199E+01 -0.8572110E-07
  0.1330426E+01 -0.8635737E-07
  0.1260393E+01 -0.8687415E-07
  0.1185182E+01 -0.8779832E-07
  0.1104931E+01 -0.8867983E-07
  0.1020027E+01 -0.8931755E-07
  0.9307604E+00 -0.9017108E-07
  0.8374038E+00 -0.9101127E-07
  0.7404563E+00 -0.9199646E-07
  0.6403800E+00 -0.9323681E-07
  0.5375460E+00 -0.9414153E-07
  0.4324134E+00 -0.9509534E-07
  0.3253957E+00 -0.9613017E-07
  0.2169391E+00 -0.9712311E-07
  0.1075000E+00 -0.9832351E-07
 -0.2440694E-02 -0.9923333E-07
 -0.1124309E+00 -0.1002906E-06
 -0.2219926E+00 -0.1015234E-06
 -0.3306070E+00 -0.1025802E-06
 -0.4378500E+00 -0.1035430E-06
 -0.5432766E+00 -0.1046955E-06
 -0.6463542E+00 -0.1057515E-06
 -0.7466870E+00 -0.1067122E-06
 -0.8438576E+00 -0.1075727E-06
 -0.9373620E+00 -0.1084474E-06
 -0.1026811E+01 -0.1095095E-06
 -0.1111845E+01 -0.1104295E-06
 -0.1192005E+01 -0.1110262E-06
 -0.1266945E+01 -0.1118853E-06
 -0.1336389E+01 -0.1125912E-06
 -0.1399911E+01 -0.1129809E-06
 -0.1457258E+01 -0.1137270E-06
 -0.1508235E+01 -0.1141639E-06
 -0.1552513E+01 -0.1145434E-06
 -0.1589863E+01 -0.1151329E-06
 -0.1620319E+01 -0.1150863E-06
 -0.1643674E+01 -0.1155372E-06
 -0.1659687E+01 -0.1156541E-06
 -0.1668392E+01 -0.1157414E-06
 -0.1669719E+01 -0.1154628E-06
 -0.1663613E+01 -0.1156836E-06
 -0.1650260E+01 -0.1153916E-06
 -0.1629614E+01 -0.1152519E-06
 -0.1601822E+01 -0.1149073E-06
 -0.1567402E+01 -0.1145731E-06
 -0.1526130E+01 -0.1144219E-06
 -0.1477871E+01 -0.1137655E-06
 -0.1423282E+01 -0.1132350E-06
 -0.1362532E+01 -0.1123067E-06
 -0.1295629E+01 -0.1119658E-06
 -0.1223136E+01 -0.1111040E-06
 -0.1145392E+01 -0.1102847E-06
 -0.1062665E+01 -0.1095765E-06
 -0.9754627E+00 -0.1086654E-06
 -0.8841029E+00 -0.1079381E-06
 -0.7888697E+00 -0.1069523E-06
 -0.6902951E+00 -0.1058816E-06
 -0.5887726E+00 -0.1050701E-06
 -0.4846542E+00 -0.1039489E-06
 -0.3784195E+00 -0.1027843E-06
 -0.2705162E+00 -0.1018642E-06
 -0.1613941E+00 -0.1007397E-06
 -0.5156519E-01 -0.9966647E-07
  0.5849135E-01 -0.9853752E-07
  0.1683516E+00 -0.9751815E-07
  0.2776655E+00 -0.9685588E-07
  0.3859589E+00 -0.9562372E-07
  0.4927398E+00 -0.9449630E-07
  0.5973281E+00 -0.9362394E-07
  0.6991202E+00 -0.9272061E-07
  0.7977936E+00 -0.9160021E-07
  0.8930459E+00 -0.9064676E-07
  0.9845111E+00 -0.8975016E-07
  0.1071777E+01 -0.8893077E-07
  0.1154387E+01 -0.8817855E-07
  0.1231948E+01 -0.8771348E-07
  0.1304201E+01 -0.8654491E-07
  0.1370987E+01 -0.8603592E-07
  0.1431723E+01 -0.8568671E-07
  0.1485752E+01 -0.8492145E-07
  0.1532792E+01 -0.8470189E-07
  0.1572591E+01 -0.8412130E-07
  0.1605013E+01 -0.8359262E-07
  0.1630837E+01 -0.8347030E-07
  0.1650945E+01 -0.8329945E-07
  0.1666446E+01 -0.8321799E-07
  0.1486799E+01 -0.7673126E-07
 -0.1641215E+00 -0.4675719E-07
  0.1330433E+01 -0.7416391E-07
  0.1169498E+01 -0.7241561E-07
  0.9978797E+00 -0.7026589E-07
  0.8181152E+00 -0.6781441E-07
  0.6296657E+00 -0.6583308E-07
 -0.1046116E+00 -0.6649820E-07
  0.1211647E+00 -0.5572105E-07
 -0.7865090E-01 -0.7460947E-07
  0.3372389E+00 -0.6937820E-07
 -0.1069458E+00 -0.6038527E-07
 -0.4169888E-01 -0.8441916E-07
  0.7018332E-03 -0.9437249E-07
  0.4251260E-01 -0.1043911E-06
  0.8000100E-01 -0.1138367E-06
  0.1153784E+00 -0.1225714E-06
  0.1477623E+00 -0.1301584E-06
  0.1723381E+00 -0.1362084E-06
  0.1877442E+00 -0.1401156E-06
  0.1947443E+00 -0.1420878E-06
  0.1944032E+00 -0.1420055E-06
  0.1865969E+00 -0.1395689E-06
  0.1716580E+00 -0.1357019E-06
  0.1495227E+00 -0.1294281E-06
  0.1201500E+00 -0.1218579E-06
  0.8424345E-01 -0.1131602E-06
  0.4341635E-01 -0.1032429E-06
  0.1038347E-02 -0.9345840E-07
 -0.3945370E-01 -0.8323367E-07
 -0.7929366E-01 -0.7372888E-07
 -0.1164429E+00 -0.6479647E-07
 -0.1434767E+00 -0.5737320E-07
 -0.1546205E+00 -0.5241166E-07
 -0.1420874E+00 -0.4902808E-07
  0.1351700E+01 -0.7462041E-07
  0.1001984E+01 -0.7353862E-07
  0.3595289E+00 -0.6221602E-07
  0.1057630E+01 -0.7393191E-07
  0.1285683E+01 -0.7421031E-07
  0.5909672E+00 -0.6844892E-07
  0.1478605E+01 -0.7730872E-07
  0.3944061E+00 -0.6416081E-07
  0.1346650E+01 -0.7860313E-07
  0.1294252E+01 -0.7924908E-07
  0.1239038E+01 -0.7984315E-07
  0.1179417E+01 -0.8034658E-07
  0.1115508E+01 -0.8130063E-07
  0.1047555E+01 -0.8249369E-07
  0.9753914E+00 -0.8311945E-07
  0.8990489E+00 -0.8422907E-07
  0.8189255E+00 -0.8530571E-07
  0.7351548E+00 -0.8627213E-07
  0.6482112E+00 -0.8727397E-07
  0.5587537E+00 -0.8866080E-07
  0.4669496E+00 -0.8976271E-07
  0.3730216E+00 -0.9101162E-07
  0.2774277E+00 -0.9208401E-07
  0.1805887E+00 -0.9355504E-07
  0.8284365E-01 -0.9493996E-07
 -0.1532900E-01 -0.9606944E-07
 -0.1134682E+00 -0.9734597E-07
 -0.2111103E+00 -0.9879947E-07
 -0.3078440E+00 -0.1000323E-06
 -0.4033362E+00 -0.1010423E-06
 -0.4970919E+00 -0.1026398E-06
 -0.5887211E+00 -0.1036283E-06
 -0.6779075E+00 -0.1049267E-06
 -0.7641551E+00 -0.1058800E-06
 -0.8470884E+00 -0.1071351E-06
 -0.9264238E+00 -0.1081989E-06
 -0.1001709E+01 -0.1090061E-06
 -0.1072585E+01 -0.1099397E-06
 -0.1138839E+01 -0.1108313E-06
 -0.1200066E+01 -0.1118792E-06
 -0.1255970E+01 -0.1123233E-06
 -0.1306401E+01 -0.1129659E-06
 -0.1351035E+01 -0.1135968E-06
 -0.1389578E+01 -0.1140514E-06
 -0.1421975E+01 -0.1144705E-06
 -0.1448372E+01 -0.1146148E-06
 -0.1468459E+01 -0.1149410E-06
 -0.1481627E+01 -0.1151778E-06
 -0.1488301E+01 -0.1154749E-06
 -0.1488562E+01 -0.1153829E-06
 -0.1482077E+01 -0.1149796E-06
 -0.1469012E+01 -0.1151485E-06
 -0.1449664E+01 -0.1147669E-06
 -0.1424376E+01 -0.1143610E-06
 -0.1393800E+01 -0.1139593E-06
 -0.1356815E+01 -0.1135692E-06
 -0.1312766E+01 -0.1129197E-06
 -0.1263166E+01 -0.1123358E-06
 -0.1208003E+01 -0.1116792E-06
 -0.1147018E+01 -0.1109042E-06
 -0.1081119E+01 -0.1102415E-06
 -0.1010774E+01 -0.1090832E-06
 -0.9361540E+00 -0.1081320E-06
 -0.8577101E+00 -0.1072373E-06
 -0.7756653E+00 -0.1063005E-06
 -0.6901929E+00 -0.1051120E-06
 -0.6018678E+00 -0.1037015E-06
 -0.5110805E+00 -0.1026501E-06
 -0.4178742E+00 -0.1014806E-06
 -0.3226977E+00 -0.1003384E-06
 -0.2261971E+00 -0.9922988E-07
 -0.1289078E+00 -0.9785180E-07
 -0.3118348E-01 -0.9640164E-07
  0.6670379E-01 -0.9518666E-07
  0.1645078E+00 -0.9376941E-07
  0.2620361E+00 -0.9281604E-07
  0.3585933E+00 -0.9161152E-07
  0.4538048E+00 -0.9036558E-07
  0.5466406E+00 -0.8899444E-07
  0.6365256E+00 -0.8758450E-07
  0.7236885E+00 -0.8667289E-07
  0.8079606E+00 -0.8538107E-07
  0.8889918E+00 -0.8435976E-07
  0.9662152E+00 -0.8355376E-07
  0.1039139E+01 -0.8265411E-07
  0.1107633E+01 -0.8163533E-07
  0.1171790E+01 -0.8078111E-07
  0.1231524E+01 -0.7994489E-07
  0.1285326E+01 -0.7937018E-07
  0.1331948E+01 -0.7882255E-07
  0.1372530E+01 -0.7821156E-07
  0.1407335E+01 -0.7779148E-07
  0.1434867E+01 -0.7718243E-07
  0.1456065E+01 -0.7711498E-07
  0.1473204E+01 -0.7675199E-07
  0.4869905E-01 -0.7905611E-07
  0.1033261E+00 -0.6696998E-07
  0.1155626E+01 -0.7232960E-07
  0.9822994E+00 -0.7049737E-07
  0.7703286E+00 -0.7069374E-07
  0.8065388E+00 -0.6813122E-07
  0.6279616E+00 -0.6600969E-07
  0.1783739E-01 -0.5538372E-07
  0.2356635E-01 -0.8709267E-07
 -0.7137432E-03 -0.9540110E-07
  0.1317808E+01 -0.7416978E-07
 -0.2564857E-01 -0.1031266E-06
 -0.5390340E-01 -0.1110150E-06
 -0.7613732E-01 -0.1183106E-06
 -0.8911913E-01 -0.1244458E-06
 -0.1004374E+00 -0.1296265E-06
 -0.1109048E+00 -0.1328382E-06
 -0.1176196E+00 -0.1346426E-06
 -0.1181689E+00 -0.1347112E-06
 -0.1132831E+00 -0.1327199E-06
 -0.1023474E+00 -0.1288931E-06
 -0.8620242E-01 -0.1239750E-06
 -0.6678745E-01 -0.1178411E-06
 -0.4577786E-01 -0.1107337E-06
 -0.2431703E-01 -0.1028778E-06
 -0.1575689E-02 -0.9478495E-07
  0.2545276E-01 -0.8683548E-07
  0.5069780E-01 -0.7877004E-07
  0.7070019E-01 -0.7117634E-07
  0.9100888E-01 -0.6532624E-07
  0.1197423E+00 -0.6110059E-07
  0.7067043E-01 -0.7223831E-07
  0.1454977E+01 -0.7747737E-07
  0.1396437E+01 -0.7817474E-07
  0.1430925E+01 -0.7767578E-07
 -0.6952657E-01 -0.5671366E-07
  0.9360583E+00 -0.7321076E-07
  0.3441315E+00 -0.6665718E-07
  0.1215248E+01 -0.7648543E-07
  0.1164021E+01 -0.7699727E-07
  0.9956982E+00 -0.7937555E-07
  0.9343408E+00 -0.8013927E-07
  0.8694961E+00 -0.8131763E-07
  0.8005174E+00 -0.8241226E-07
  0.7282969E+00 -0.8380830E-07
  0.6527131E+00 -0.8493025E-07
  0.5744476E+00 -0.8620245E-07
  0.4944694E+00 -0.8731086E-07
  0.4124413E+00 -0.8868405E-07
  0.3279772E+00 -0.9005552E-07
  0.2417029E+00 -0.9131865E-07
  0.1545371E+00 -0.9285941E-07
  0.6645029E-01 -0.9434367E-07
 -0.2202214E-01 -0.9562048E-07
 -0.1101501E+00 -0.9722518E-07
 -0.1976471E+00 -0.9858729E-07
 -0.2842577E+00 -0.1002352E-06
 -0.3698298E+00 -0.1014077E-06
 -0.4537075E+00 -0.1028170E-06
 -0.5355582E+00 -0.1041059E-06
 -0.6154095E+00 -0.1052571E-06
 -0.6924757E+00 -0.1068424E-06
 -0.7663145E+00 -0.1079116E-06
 -0.8372682E+00 -0.1089171E-06
 -0.9043983E+00 -0.1100876E-06
 -0.9672430E+00 -0.1113801E-06
 -0.1026400E+01 -0.1120543E-06
 -0.1080864E+01 -0.1133022E-06
 -0.1130150E+01 -0.1138951E-06
 -0.1175074E+01 -0.1142961E-06
 -0.1214545E+01 -0.1151229E-06
 -0.1248074E+01 -0.1156978E-06
 -0.1276876E+01 -0.1162394E-06
 -0.1301391E+01 -0.1165931E-06
 -0.1318413E+01 -0.1166838E-06
 -0.1327820E+01 -0.1171124E-06
 -0.1333135E+01 -0.1171745E-06
 -0.1332841E+01 -0.1172075E-06
 -0.1325820E+01 -0.1170371E-06
 -0.1313608E+01 -0.1166886E-06
 -0.1296270E+01 -0.1164659E-06
 -0.1274757E+01 -0.1161515E-06
 -0.1251336E+01 -0.1156532E-06
 -0.1219485E+01 -0.1150696E-06
 -0.1177643E+01 -0.1144113E-06
 -0.1132376E+01 -0.1139167E-06
 -0.1081503E+01 -0.1130204E-06
 -0.1024105E+01 -0.1124285E-06
 -0.9634137E+00 -0.1114528E-06
 -0.8991882E+00 -0.1102324E-06
 -0.8313126E+00 -0.1092046E-06
 -0.7606459E+00 -0.1081406E-06
 -0.6865216E+00 -0.1068970E-06
 -0.6090597E+00 -0.1055372E-06
 -0.5297281E+00 -0.1043219E-06
 -0.4481632E+00 -0.1030936E-06
 -0.3638426E+00 -0.1014000E-06
 -0.2776413E+00 -0.1003479E-06
 -0.1907225E+00 -0.9869729E-07
 -0.1038109E+00 -0.9750902E-07
 -0.1657633E-01 -0.9594716E-07
  0.7108673E-01 -0.9481655E-07
  0.1586695E+00 -0.9323035E-07
  0.2465928E+00 -0.9165466E-07
  0.3330329E+00 -0.9038666E-07
  0.4185883E+00 -0.8915987E-07
  0.5007559E+00 -0.8755623E-07
  0.5793090E+00 -0.8648277E-07
  0.6565144E+00 -0.8491975E-07
  0.7319771E+00 -0.8373046E-07
  0.8047324E+00 -0.8254908E-07
  0.8737109E+00 -0.8152492E-07
  0.9383666E+00 -0.8016674E-07
  0.9997876E+00 -0.7950428E-07
  0.1058825E+01 -0.7858153E-07
  0.1115242E+01 -0.7770901E-07
  0.1163116E+01 -0.7714587E-07
  0.1200212E+01 -0.7627701E-07
  0.1235101E+01 -0.7580583E-07
  0.1267767E+01 -0.7535263E-07
  0.1288831E+01 -0.7475406E-07
  0.1302862E+01 -0.7461897E-07
 -0.8590183E-01 -0.1034775E-06
 -0.4098821E-02 -0.9666131E-07
  0.1191294E+01 -0.7269472E-07
  0.1619517E+00 -0.6370838E-07
  0.1582704E+00 -0.8206227E-07
  0.7413773E+00 -0.7180229E-07
  0.1317350E+01 -0.7509869E-07
  0.9648694E+00 -0.7061205E-07
 -0.1014803E+01 -0.1219752E-06
 -0.1752194E+00 -0.1098842E-06
  0.1111527E+01 -0.7755047E-07
  0.7953504E-01 -0.8931524E-07
  0.1213790E+01 -0.7401307E-07
  0.1138510E+01 -0.7373401E-07
 -0.2915996E+00 -0.1222923E-06
 -0.3294933E+00 -0.1266111E-06
 -0.3612520E+00 -0.1293428E-06
 -0.3803539E+00 -0.1309386E-06
 -0.3813422E+00 -0.1310436E-06
 -0.3668296E+00 -0.1291505E-06
 -0.3351913E+00 -0.1258709E-06
 -0.2874720E+00 -0.1215919E-06
 -0.2275459E+00 -0.1159824E-06
 -0.1591807E+00 -0.1100478E-06
 -0.8636978E-01 -0.1031353E-06
 -0.1190221E-01 -0.9640336E-07
  0.7343698E-01 -0.9043481E-07
  0.1591178E+00 -0.8254757E-07
  0.2298031E+00 -0.7556576E-07
  0.2848782E+00 -0.7045059E-07
  0.2204970E+00 -0.7473209E-07
  0.1140620E+01 -0.7278580E-07
  0.1054996E+01 -0.7847448E-07
  0.8022292E+00 -0.6839415E-07
 -0.1052731E+01 -0.1184866E-06
 -0.2476433E+00 -0.1168443E-06
  0.6723394E+00 -0.6729459E-07
  0.9005201E+00 -0.7469848E-07
  0.1082725E+01 -0.7475366E-07
  0.6152164E+00 -0.7148615E-07
  0.7067451E+00 -0.6941832E-07
  0.1311599E+01 -0.7484685E-07
  0.1041106E+01 -0.7531162E-07
  0.1426090E+00 -0.9172938E-07
  0.8811018E+00 -0.7810455E-07
  0.8287423E+00 -0.7916882E-07
  0.6455268E+00 -0.8266045E-07
  0.5782546E+00 -0.8405113E-07
  0.5078664E+00 -0.8554781E-07
  0.4385813E+00 -0.8663334E-07
  0.3670900E+00 -0.8820689E-07
  0.2907959E+00 -0.8963932E-07
  0.2117342E+00 -0.9138655E-07
  0.1337129E+00 -0.9293179E-07
  0.5418382E-01 -0.9443046E-07
 -0.2539701E-01 -0.9612663E-07
 -0.1036364E+00 -0.9741724E-07
 -0.1811597E+00 -0.9905273E-07
 -0.2577736E+00 -0.1008526E-06
 -0.3342777E+00 -0.1021335E-06
 -0.4087382E+00 -0.1033969E-06
 -0.4806629E+00 -0.1051068E-06
 -0.5524475E+00 -0.1066764E-06
 -0.6207722E+00 -0.1079507E-06
 -0.6850497E+00 -0.1091144E-06
 -0.7490997E+00 -0.1103574E-06
 -0.8084395E+00 -0.1114990E-06
 -0.8624141E+00 -0.1128549E-06
 -0.9161587E+00 -0.1137020E-06
 -0.9641094E+00 -0.1146537E-06
 -0.1005616E+01 -0.1156307E-06
 -0.1046828E+01 -0.1162805E-06
 -0.1081347E+01 -0.1169054E-06
 -0.1109001E+01 -0.1178407E-06
 -0.1136784E+01 -0.1179454E-06
 -0.1164076E+01 -0.1180198E-06
 -0.1174889E+01 -0.1186649E-06
 -0.1174613E+01 -0.1195109E-06
 -0.1179916E+01 -0.1193413E-06
 -0.1179847E+01 -0.1193845E-06
 -0.1170518E+01 -0.1193700E-06
 -0.1161386E+01 -0.1189686E-06
 -0.1148220E+01 -0.1185716E-06
 -0.1130757E+01 -0.1182052E-06
 -0.1121831E+01 -0.1167483E-06
 -0.1097280E+01 -0.1163277E-06
 -0.1052458E+01 -0.1163766E-06
 -0.1012741E+01 -0.1153000E-06
 -0.9652699E+00 -0.1146298E-06
 -0.9078954E+00 -0.1138466E-06
 -0.8529756E+00 -0.1125502E-06
 -0.7955375E+00 -0.1116402E-06
 -0.7337255E+00 -0.1104049E-06
 -0.6716676E+00 -0.1091854E-06
 -0.6051410E+00 -0.1079945E-06
 -0.5336805E+00 -0.1063783E-06
 -0.4635217E+00 -0.1052102E-06
 -0.3916854E+00 -0.1037681E-06
 -0.3149087E+00 -0.1023993E-06
 -0.2361287E+00 -0.1007420E-06
 -0.1581574E+00 -0.9912200E-07
 -0.8213547E-01 -0.9754055E-07
 -0.5230919E-02 -0.9598214E-07
  0.7323671E-01 -0.9456012E-07
  0.1505856E+00 -0.9260521E-07
  0.2306887E+00 -0.9155963E-07
  0.3056471E+00 -0.8987239E-07
  0.3826235E+00 -0.8845360E-07
  0.4520281E+00 -0.8687121E-07
  0.5165449E+00 -0.8572020E-07
  0.5854523E+00 -0.8420310E-07
  0.6545324E+00 -0.8285543E-07
  0.7212129E+00 -0.8161940E-07
  0.7828309E+00 -0.8016746E-07
  0.8387810E+00 -0.7922804E-07
  0.8948234E+00 -0.7800519E-07
  0.9523616E+00 -0.7715368E-07
  0.1010399E+01 -0.7607520E-07
  0.1049085E+01 -0.7506188E-07
  0.1065775E+01 -0.7496946E-07
  0.1097645E+01 -0.7415115E-07
  0.1139849E+01 -0.7325753E-07
  0.9363046E+00 -0.7713878E-07
  0.9921123E+00 -0.7567518E-07
  0.1275828E+01 -0.7640980E-07
 -0.6358318E+00 -0.1286512E-06
  0.4864583E+00 -0.7449969E-07
  0.2714899E+00 -0.8522400E-07
 -0.4214111E+00 -0.1167719E-06
  0.9232905E+00 -0.7108052E-07
  0.5938286E+00 -0.6864877E-07
 -0.1439651E+00 -0.1037403E-06
  0.6901388E+00 -0.7377619E-07
  0.5332246E+00 -0.7212636E-07
 -0.4892018E+00 -0.1204709E-06
 -0.5480644E+00 -0.1241122E-06
 -0.6380563E+00 -0.1288050E-06
 -0.6142849E+00 -0.1266223E-06
 -0.5628878E+00 -0.1234985E-06
 -0.4848574E+00 -0.1196469E-06
 -0.3859850E+00 -0.1146721E-06
 -0.2718489E+00 -0.1091920E-06
 -0.1496104E+00 -0.1035029E-06
 -0.3358990E-01 -0.9806182E-07
  0.2232187E+00 -0.5652386E-07
  0.2773288E+00 -0.8725512E-07
  0.3895265E+00 -0.7893675E-07
  0.4653462E+00 -0.7436846E-07
  0.3838198E+00 -0.8008205E-07
  0.7720678E+00 -0.8019369E-07
 -0.6013283E+00 -0.1265786E-06
  0.7091758E+00 -0.8143714E-07
  0.1594863E+00 -0.5944433E-07
  0.8215099E+00 -0.7601612E-07
  0.1142043E+01 -0.7275608E-07
  0.7677738E+00 -0.6836436E-07
  0.7643114E+00 -0.7704202E-07
 -0.8628120E+00 -0.1274703E-06
  0.1372083E+01 -0.7403163E-07
  0.1812555E+00 -0.9311987E-07
 -0.7709850E+00 -0.1226049E-06
  0.4440486E+00 -0.8496249E-07
  0.7276083E+00 -0.7757091E-07
  0.5680262E+00 -0.8157797E-07
  0.5104393E+00 -0.8269109E-07
  0.3324853E+00 -0.8701178E-07
  0.2614228E+00 -0.8865949E-07
  0.1790718E+00 -0.9086776E-07
  0.1116051E+00 -0.9241290E-07
  0.4196637E-01 -0.9429377E-07
 -0.2929374E-01 -0.9648723E-07
 -0.9697698E-01 -0.9740346E-07
 -0.1624599E+00 -0.9877289E-07
 -0.2289533E+00 -0.1011895E-06
 -0.2989140E+00 -0.1024569E-06
 -0.3624172E+00 -0.1037596E-06
 -0.4231848E+00 -0.1060757E-06
 -0.4909951E+00 -0.1069860E-06
 -0.5493599E+00 -0.1082280E-06
 -0.6014873E+00 -0.1104490E-06
 -0.6637781E+00 -0.1112014E-06
 -0.7143426E+00 -0.1122626E-06
 -0.7555509E+00 -0.1144803E-06
 -0.8097970E+00 -0.1146229E-06
 -0.8505786E+00 -0.1157735E-06
 -0.8791219E+00 -0.1175626E-06
 -0.9231314E+00 -0.1176329E-06
 -0.9524525E+00 -0.1181322E-06
 -0.9698768E+00 -0.1198758E-06
 -0.1006048E+01 -0.1197231E-06
 -0.1030120E+01 -0.1203753E-06
 -0.1027716E+01 -0.1206903E-06
 -0.1029608E+01 -0.1206560E-06
 -0.1010900E+01 -0.1216826E-06
 -0.1012857E+01 -0.1203180E-06
 -0.1005832E+01 -0.1196838E-06
 -0.9879528E+00 -0.1209001E-06
 -0.9396809E+00 -0.1195957E-06
 -0.8576432E+00 -0.1172464E-06
 -0.7900911E+00 -0.1159116E-06
 -0.7476849E+00 -0.1134324E-06
 -0.7008759E+00 -0.1123403E-06
 -0.6419332E+00 -0.1118257E-06
 -0.5923671E+00 -0.1097545E-06
 -0.5328523E+00 -0.1082485E-06
 -0.4543218E+00 -0.1078223E-06
 -0.3944876E+00 -0.1053605E-06
 -0.3418096E+00 -0.1040580E-06
 -0.2711288E+00 -0.1029777E-06
 -0.1959361E+00 -0.1010805E-06
 -0.1248874E+00 -0.9912067E-07
 -0.6187587E-01 -0.9718086E-07
  0.2766611E-02 -0.9556662E-07
  0.7595030E-01 -0.9466866E-07
  0.1116980E+01 -0.7222114E-07
  0.3883072E+00 -0.8695732E-07
  0.4412363E+00 -0.8571837E-07
  0.5096121E+00 -0.8390631E-07
  0.5774655E+00 -0.8157839E-07
  0.6411791E+00 -0.7978338E-07
  0.6949481E+00 -0.7896634E-07
  0.7384226E+00 -0.7796017E-07
  0.7901955E+00 -0.7654659E-07
  0.8535509E+00 -0.7579298E-07
  0.4813515E-01 -0.9329894E-07
  0.6814456E+00 -0.7893237E-07
 -0.8538245E+00 -0.1266718E-06
  0.6366934E+00 -0.7976407E-07
  0.3645602E+00 -0.8848986E-07
 -0.5537523E+00 -0.1147147E-06
  0.6305851E+00 -0.7726728E-07
 -0.8186101E+00 -0.1244194E-06
 -0.8260146E+00 -0.1250475E-06
  0.5565283E+00 -0.6646952E-07
  0.6198033E+00 -0.8096675E-07
 -0.7502656E+00 -0.1221122E-06
 -0.6462877E+00 -0.1184898E-06
 -0.5151287E+00 -0.1146510E-06
 -0.3630700E+00 -0.1098017E-06
 -0.1986659E+00 -0.1047818E-06
 -0.4015379E-01 -0.9885895E-07
  0.4516131E+00 -0.6088019E-07
  0.3814846E+00 -0.8895035E-07
  0.5259510E+00 -0.8308398E-07
  0.4279839E+00 -0.6211526E-07
 -0.1722406E+00 -0.1033063E-06
  0.3879618E+00 -0.8562727E-07
 -0.2966299E-01 -0.9929031E-07
 -0.8332690E-01 -0.9947880E-07
  0.2011093E+00 -0.9248431E-07
  0.6225970E-01 -0.9512310E-07
 -0.6615685E+00 -0.1193339E-06
  0.5046804E+00 -0.8390286E-07
 -0.8849132E+00 -0.1216034E-06
  0.4462465E+00 -0.6805433E-07
  0.2544412E+00 -0.6180677E-07
  0.9003330E+00 -0.7343116E-07
  0.1045225E+01 -0.7297118E-07
  0.5147125E+00 -0.6858811E-07
 -0.3283735E+00 -0.4261476E-07
 -0.5001947E+00 -0.3970550E-07
  0.1844944E+00 -0.8943886E-07
  0.8156189E-01 -0.9370238E-07
  0.8823671E+00 -0.7385767E-07
 -0.3931357E+00 -0.1099835E-06
  0.1012936E+01 -0.7412248E-07
 -0.2692310E+00 -0.1094154E-06
 -0.1761662E-01 -0.9624408E-07
 -0.9103668E+00 -0.1155167E-06
  0.1378246E+00 -0.9164218E-07
 -0.8893902E+00 -0.1222328E-06
 -0.3095462E+00 -0.1072423E-06
  0.8914319E+00 -0.7293949E-07
 -0.5056621E+00 -0.1100558E-06
  0.3157365E+00 -0.8601965E-07
 -0.8756324E+00 -0.1215618E-06
  0.4709299E+00 -0.8146936E-07
 -0.8196181E+00 -0.1190450E-06
 -0.6333694E+00 -0.1144471E-06
  0.6152138E+00 -0.7733392E-07
  0.5891701E+00 -0.7814294E-07
 -0.7271545E+00 -0.1163425E-06
 -0.6043071E+00 -0.1126755E-06
 -0.4567025E+00 -0.1082512E-06
 -0.2909410E+00 -0.1032936E-06
 -0.1173953E+00 -0.9859551E-07
  0.5145025E-01 -0.9467574E-07
  0.2961662E+00 -0.8774730E-07
  0.9403698E+00 -0.7487161E-07
 -0.1002970E+01 -0.1184300E-06
 -0.2426066E+00 -0.1022237E-06
  0.2564791E+00 -0.8824582E-07
  0.4387369E+00 -0.8088169E-07
 -0.7300361E+00 -0.1172428E-06
 -0.1192520E+01  0.7343313E-07
 -0.1353643E+01  0.8004609E-07
 -0.1576272E+01  0.8121252E-07
 -0.1800619E+01  0.8067585E-07
 -0.2020190E+01  0.7946308E-07
 -0.2234259E+01  0.7797767E-07
 -0.2442900E+01  0.7643087E-07
 -0.2646405E+01  0.7490826E-07
 -0.2844954E+01  0.7344065E-07
 -0.3038630E+01  0.7211160E-07
 -0.3227374E+01  0.7083127E-07
 -0.3411140E+01  0.6965958E-07
 -0.3589920E+01  0.6855333E-07
 -0.3763908E+01  0.6749573E-07
 -0.3934021E+01  0.6650783E-07
 -0.4102274E+01  0.6559198E-07
 -0.4273211E+01  0.6479817E-07
 -0.4456477E+01  0.6422974E-07
 -0.4673367E+01  0.6416217E-07
 -0.4974764E+01  0.6517350E-07
 -0.4757311E+01  0.6226435E-07
 -0.4331944E+01  0.5670940E-07
 -0.3717265E+01  0.4873208E-07
 -0.2940085E+01  0.3872215E-07
 -0.2034373E+01  0.2708524E-07
 -0.1039686E+01  0.1433606E-07
  0.3854022E-03  0.1036561E-08
  0.1040307E+01 -0.1222519E-07
  0.2034762E+01 -0.2489008E-07
  0.2940333E+01 -0.3638089E-07
  0.3717436E+01 -0.4620928E-07
  0.4332086E+01 -0.5394206E-07
  0.4757410E+01 -0.5926467E-07
  0.4974822E+01 -0.6189250E-07
  0.4974799E+01 -0.6175299E-07
  0.4757365E+01 -0.5884169E-07
  0.4332013E+01 -0.5328010E-07
  0.3717326E+01 -0.4531711E-07
  0.2940167E+01 -0.3529848E-07
  0.2034525E+01 -0.2366455E-07
  0.1039957E+01 -0.1091579E-07
 -0.6146724E-04  0.2380161E-08
 -0.1040076E+01  0.1564595E-07
 -0.2034624E+01  0.2830077E-07
 -0.2940244E+01  0.3979965E-07
 -0.3717353E+01  0.4962920E-07
 -0.4331998E+01  0.5737322E-07
 -0.4757322E+01  0.6266777E-07
 -0.4974750E+01  0.6531182E-07
 -0.4673316E+01  0.6430298E-07
 -0.4456426E+01  0.6437115E-07
 -0.4273171E+01  0.6493786E-07
 -0.4102228E+01  0.6571970E-07
 -0.3933991E+01  0.6663885E-07
 -0.3763886E+01  0.6763513E-07
 -0.3589847E+01  0.6868083E-07
 -0.3411080E+01  0.6978627E-07
 -0.3227315E+01  0.7097826E-07
 -0.3038553E+01  0.7223487E-07
 -0.2844901E+01  0.7360217E-07
 -0.2646363E+01  0.7503731E-07
 -0.2442869E+01  0.7656783E-07
 -0.2234253E+01  0.7813052E-07
 -0.2020188E+01  0.7959967E-07
 -0.1800610E+01  0.8082544E-07
 -0.1576249E+01  0.8136017E-07
 -0.1353476E+01  0.8020641E-07
 -0.1190948E+01  0.7365711E-07
 -0.1138799E+01  0.6966332E-07
 -0.1037565E+01  0.6173710E-07
 -0.8906884E+00  0.5015149E-07
 -0.7045260E+00  0.3539256E-07
 -0.4874869E+00  0.1818461E-07
 -0.2492272E+00 -0.7545946E-09
 -0.1357457E-03 -0.2062889E-07
  0.2489164E+00 -0.4053695E-07
  0.4871072E+00 -0.5967403E-07
  0.7039956E+00 -0.7713113E-07
  0.8901212E+00 -0.9219023E-07
  0.1037274E+01 -0.1041254E-06
  0.1139079E+01 -0.1124373E-06
  0.1191131E+01 -0.1167807E-06
  0.1191169E+01 -0.1170218E-06
  0.1139125E+01 -0.1130408E-06
  0.1037229E+01 -0.1050983E-06
  0.8899246E+00 -0.9346341E-07
  0.7037448E+00 -0.7870704E-07
  0.4868353E+00 -0.6146182E-07
  0.2487131E+00 -0.4248336E-07
 -0.3815024E-03 -0.2259666E-07
 -0.2495467E+00 -0.2719766E-08
 -0.4879551E+00  0.1640051E-07
 -0.7049654E+00  0.3385707E-07
 -0.8899195E+00  0.4876964E-07
 -0.1031615E+01  0.6046447E-07
 -0.1136297E+01  0.6889071E-07
 -0.1721839E+01  0.7736189E-07
 -0.1931843E+01  0.7618264E-07
 -0.2136523E+01  0.7477168E-07
 -0.2336051E+01  0.7326859E-07
 -0.2530674E+01  0.7173845E-07
 -0.2720538E+01  0.7034625E-07
 -0.2905750E+01  0.6902715E-07
 -0.3086237E+01  0.6778228E-07
 -0.3261950E+01  0.6663112E-07
 -0.3432871E+01  0.6554555E-07
 -0.3599256E+01  0.6453480E-07
 -0.3761914E+01  0.6356915E-07
 -0.3922820E+01  0.6268336E-07
 -0.4086331E+01  0.6191483E-07
 -0.4261634E+01  0.6137237E-07
 -0.4469078E+01  0.6130583E-07
 -0.4069391E+01  0.5582976E-07
 -0.3491845E+01  0.4801537E-07
 -0.2761462E+01  0.3816812E-07
 -0.1909821E+01  0.2673114E-07
 -0.9745915E+00  0.1418971E-07
  0.2597803E-02  0.1109329E-08
  0.9788264E+00 -0.1191676E-07
  0.1912336E+01 -0.2433500E-07
  0.2762622E+01 -0.3562447E-07
  0.3492449E+01 -0.4527639E-07
  0.4069785E+01 -0.5287633E-07
  0.4469284E+01 -0.5808062E-07
  0.4673490E+01 -0.6068548E-07
  0.4673447E+01 -0.6054186E-07
  0.4469153E+01 -0.5767641E-07
  0.4069545E+01 -0.5221742E-07
  0.3492069E+01 -0.4439053E-07
  0.2761977E+01 -0.3454949E-07
  0.1911179E+01 -0.2311558E-07
  0.9768479E+00 -0.1059562E-07
 -0.1674177E-03  0.2466039E-08
 -0.9771724E+00  0.1550479E-07
 -0.1911459E+01  0.2793578E-07
 -0.2762193E+01  0.3922678E-07
 -0.3492198E+01  0.4889125E-07
 -0.4069585E+01  0.5648385E-07
 -0.4469107E+01  0.6169399E-07
 -0.4261715E+01  0.6177347E-07
 -0.4086471E+01  0.6232482E-07
 -0.3923016E+01  0.6309430E-07
 -0.3762125E+01  0.6398393E-07
 -0.3599430E+01  0.6495582E-07
 -0.3432984E+01  0.6596854E-07
 -0.3261984E+01  0.6705903E-07
 -0.3086242E+01  0.6822771E-07
 -0.2905754E+01  0.6945323E-07
 -0.2720571E+01  0.7079068E-07
 -0.2530704E+01  0.7219636E-07
 -0.2336108E+01  0.7369455E-07
 -0.2136607E+01  0.7520558E-07
 -0.1931895E+01  0.7664677E-07
 -0.1721917E+01  0.7779839E-07
 -0.1507303E+01  0.7823083E-07
 -0.1294118E+01  0.7685866E-07
 -0.1178366E+01  0.7018247E-07
 -0.1011171E+01  0.6042238E-07
 -0.7997968E+00  0.4805455E-07
 -0.5534544E+00  0.3358126E-07
 -0.2829595E+00  0.1765599E-07
 -0.1614474E-03  0.9550528E-09
  0.2826108E+00 -0.1577830E-07
  0.5530179E+00 -0.3182755E-07
  0.7992675E+00 -0.4648843E-07
  0.1010589E+01 -0.5910475E-07
  0.1177726E+01 -0.6912981E-07
  0.1293362E+01 -0.7612714E-07
  0.1352481E+01 -0.7980717E-07
  0.1352501E+01 -0.7998459E-07
  0.1293386E+01 -0.7664093E-07
  0.1177718E+01 -0.6996422E-07
  0.1010539E+01 -0.6022157E-07
  0.7992156E+00 -0.4783666E-07
  0.5529658E+00 -0.3334684E-07
  0.2825466E+00 -0.1740365E-07
 -0.2468073E-03 -0.6919763E-09
 -0.2830997E+00  0.1604998E-07
 -0.5536722E+00  0.3208494E-07
 -0.8000299E+00  0.4674960E-07
 -0.1011222E+01  0.5934395E-07
 -0.1177940E+01  0.6935199E-07
 -0.1293923E+01  0.7635269E-07
 -0.1507220E+01  0.7776244E-07
 -0.1759038E+01  0.6998040E-07
 -0.2304265E+01  0.6577273E-07
 -0.2477152E+01  0.6441640E-07
 -0.2645765E+01  0.6313422E-07
 -0.2810081E+01  0.6196720E-07
 -0.2969992E+01  0.6086641E-07
 -0.3125397E+01  0.5984461E-07
 -0.3276606E+01  0.5886702E-07
 -0.3424589E+01  0.5797287E-07
 -0.3571335E+01  0.5715555E-07
 -0.3720518E+01  0.5644172E-07
 -0.3880376E+01  0.5592980E-07
 -0.3329113E+01  0.4811200E-07
 -0.1816805E+01  0.2679465E-07
 -0.2631261E+01  0.3827342E-07
 -0.9237727E+00  0.1425010E-07
  0.8089034E-02  0.1176795E-08
  0.9374197E+00 -0.1181193E-07
  0.1825692E+01 -0.2419229E-07
  0.2635370E+01 -0.3544778E-07
  0.3330791E+01 -0.4507251E-07
  0.3881110E+01 -0.5264724E-07
  0.4262008E+01 -0.5785881E-07
  0.4456702E+01 -0.6044780E-07
  0.4456615E+01 -0.6029641E-07
  0.4261789E+01 -0.5745009E-07
  0.3880697E+01 -0.5200977E-07
  0.3330003E+01 -0.4418194E-07
  0.2633772E+01 -0.3435043E-07
  0.1822433E+01 -0.2293087E-07
  0.9314498E+00 -0.1042761E-07
 -0.2297200E-03  0.2619248E-08
 -0.9318894E+00  0.1563617E-07
 -0.1822806E+01  0.2805846E-07
 -0.2634053E+01  0.3933889E-07
 -0.3330172E+01  0.4898760E-07
 -0.3880743E+01  0.5656750E-07
 -0.3721168E+01  0.5708926E-07
 -0.3425795E+01  0.5865654E-07
 -0.3572316E+01  0.5781488E-07
 -0.3277628E+01  0.5955552E-07
 -0.3126041E+01  0.6054915E-07
 -0.2970311E+01  0.6156228E-07
 -0.2810273E+01  0.6266399E-07
 -0.2645919E+01  0.6384627E-07
 -0.2477287E+01  0.6510798E-07
 -0.2304408E+01  0.6648066E-07
 -0.2127207E+01  0.6789358E-07
 -0.1945561E+01  0.6933058E-07
 -0.1759164E+01  0.7070493E-07
 -0.1567971E+01  0.7172629E-07
 -0.1372523E+01  0.7194899E-07
 -0.1177796E+01  0.6278789E-07
 -0.6446626E+00  0.3756067E-07
 -0.9315886E+00  0.5113748E-07
 -0.3295934E+00  0.2257127E-07
 -0.1578496E-03  0.6890953E-08
  0.3292531E+00 -0.8854064E-08
  0.6442582E+00 -0.2393675E-07
  0.9311194E+00 -0.3771970E-07
  0.1177266E+01 -0.4955280E-07
  0.1371986E+01 -0.5897511E-07
  0.1506717E+01 -0.6555137E-07
  0.1575584E+01 -0.6901289E-07
  0.1575591E+01 -0.6918295E-07
  0.1506736E+01 -0.6606894E-07
  0.1372017E+01 -0.5979533E-07
  0.1177330E+01 -0.5060335E-07
  0.9311635E+00 -0.3897474E-07
  0.6443269E+00 -0.2535362E-07
  0.3293035E+00 -0.1037539E-07
 -0.1241686E-03  0.5337317E-08
 -0.3295802E+00  0.2106914E-07
 -0.6446541E+00  0.3614597E-07
 -0.9315478E+00  0.4991127E-07
 -0.1177692E+01  0.6176062E-07
 -0.1372349E+01  0.7117405E-07
 -0.1945390E+01  0.6861196E-07
 -0.2127066E+01  0.6718554E-07
 -0.1567812E+01  0.7099118E-07
 -0.2270096E+01  0.5472544E-07
 -0.2125425E+01  0.5589792E-07
 -0.2547764E+01  0.5260959E-07
 -0.2680265E+01  0.5165795E-07
 -0.2808896E+01  0.5074853E-07
 -0.2935234E+01  0.4990646E-07
 -0.3061482E+01  0.4917993E-07
 -0.3190793E+01  0.4856821E-07
  0.1427062E-01  0.1299545E-08
  0.9037438E+00 -0.1176534E-07
 -0.1736381E+01  0.2704336E-07
 -0.8795303E+00  0.1442380E-07
 -0.2519031E+01  0.3860565E-07
  0.1753494E+01 -0.2417073E-07
  0.2528377E+01 -0.3547149E-07
  0.3194438E+01 -0.4514885E-07
  0.3721783E+01 -0.5277473E-07
  0.4086896E+01 -0.5800915E-07
  0.4273541E+01 -0.6061029E-07
  0.4273438E+01 -0.6048286E-07
  0.4086605E+01 -0.5759496E-07
  0.3721156E+01 -0.5210993E-07
  0.3193090E+01 -0.4425462E-07
  0.2525468E+01 -0.3435836E-07
  0.1747476E+01 -0.2288900E-07
  0.8931316E+00 -0.1030727E-07
 -0.2324922E-03  0.2817290E-08
 -0.8935735E+00  0.1590664E-07
 -0.1747852E+01  0.2840576E-07
 -0.2525737E+01  0.3974229E-07
 -0.3193245E+01  0.4945776E-07
 -0.2682420E+01  0.5259508E-07
 -0.2548774E+01  0.5353692E-07
 -0.2939731E+01  0.5087179E-07
 -0.2812551E+01  0.5170245E-07
 -0.3065495E+01  0.5010188E-07
 -0.2411421E+01  0.5457019E-07
 -0.2270376E+01  0.5566788E-07
 -0.2125675E+01  0.5685898E-07
 -0.1977339E+01  0.5812974E-07
 -0.1825308E+01  0.5945763E-07
 -0.1669457E+01  0.6078537E-07
 -0.1509548E+01  0.6201952E-07
 -0.1345502E+01  0.6286613E-07
 -0.1258828E-03  0.8734189E-08
  0.3762045E+00 -0.6466304E-08
 -0.7364258E+00  0.3843343E-07
 -0.3764840E+00  0.2393499E-07
 -0.1064216E+01  0.5161452E-07
  0.7360899E+00 -0.2107565E-07
  0.1063800E+01 -0.3442988E-07
  0.1345025E+01 -0.4590372E-07
  0.1567458E+01 -0.5500971E-07
  0.1721404E+01 -0.6136854E-07
  0.1800083E+01 -0.6471807E-07
  0.1800110E+01 -0.6488115E-07
  0.1721456E+01 -0.6186239E-07
  0.1567555E+01 -0.5575283E-07
  0.1345135E+01 -0.4690199E-07
  0.1063934E+01 -0.3564337E-07
  0.7362278E+00 -0.2245270E-07
  0.3763359E+00 -0.7961757E-08
 -0.1511179E-04  0.7233305E-08
 -0.3763741E+00  0.2246618E-07
 -0.7363037E+00  0.3706308E-07
 -0.1064064E+01  0.5038403E-07
 -0.1345327E+01  0.6187408E-07
 -0.1669255E+01  0.5981567E-07
 -0.1825089E+01  0.5849677E-07
 -0.2410928E+01  0.5363953E-07
 -0.1509374E+01  0.6102522E-07
 -0.1977103E+01  0.5717582E-07
 -0.2014925E+01  0.4226240E-07
 -0.2118689E+01  0.4137809E-07
 -0.2415178E+01  0.3910100E-07
  0.1684216E+01 -0.2415010E-07
  0.2427858E+01 -0.3554989E-07
  0.8679273E+00 -0.1159403E-07
  0.1317684E-01  0.1538455E-08
 -0.1664756E+01  0.2743985E-07
 -0.8443602E+00  0.1475927E-07
 -0.1681119E+01  0.4634994E-07
  0.3573182E+01 -0.5300613E-07
  0.3923576E+01 -0.5828562E-07
  0.4102698E+01 -0.6092279E-07
  0.4102591E+01 -0.6076765E-07
  0.3923209E+01 -0.5787702E-07
  0.3572373E+01 -0.5234899E-07
  0.3065407E+01 -0.4441896E-07
  0.2424482E+01 -0.3444098E-07
  0.1677606E+01 -0.2286135E-07
  0.8574403E+00 -0.1016852E-07
 -0.1708569E-03  0.3064569E-08
 -0.8577766E+00  0.1627355E-07
 -0.1677885E+01  0.2887415E-07
 -0.2424670E+01  0.4032174E-07
 -0.1907117E+01  0.4426884E-07
 -0.1795550E+01  0.4526687E-07
 -0.2015784E+01  0.4335312E-07
 -0.2121560E+01  0.4251145E-07
 -0.2325166E+01  0.4098459E-07
 -0.2224531E+01  0.4171137E-07
  0.1509100E+01 -0.4448713E-07
 -0.1563828E+01  0.4751978E-07
 -0.1443616E+01  0.4871503E-07
 -0.1320392E+01  0.4990861E-07
 -0.1193957E+01  0.5099407E-07
  0.8259175E+00 -0.2020542E-07
  0.1193598E+01 -0.3325304E-07
  0.4221522E+00 -0.5933206E-08
 -0.7359419E-04  0.9003607E-08
 -0.8261814E+00  0.3809917E-07
 -0.4223293E+00  0.2388465E-07
  0.1758664E+01 -0.5341855E-07
  0.1931366E+01 -0.5968819E-07
  0.2019659E+01 -0.6291916E-07
  0.2019682E+01 -0.6310015E-07
  0.1931432E+01 -0.6016209E-07
  0.1758779E+01 -0.5417446E-07
  0.1509243E+01 -0.4549894E-07
  0.1193762E+01 -0.3447764E-07
  0.8261046E+00 -0.2157916E-07
  0.4223424E+00 -0.7366902E-08
  0.1120550E-03  0.7540200E-08
 -0.4221637E+00  0.2243528E-07
 -0.8259925E+00  0.3673884E-07
 -0.1193752E+01  0.4978907E-07
 -0.1563642E+01  0.4635746E-07
 -0.1907237E+01  0.4318569E-07
 -0.1443392E+01  0.4756242E-07
  0.3067052E+01 -0.4531616E-07
 -0.1320174E+01  0.4874118E-07
 -0.1681035E+01  0.4523646E-07
 -0.2316286E+01  0.3975303E-07
 -0.2218651E+01  0.4053881E-07
 -0.1795643E+01  0.4416201E-07
 -0.1397617E+01  0.3028683E-07
 -0.1468914E+01  0.2950390E-07
 -0.8162524E+00  0.1525998E-07
  0.1611490E+01 -0.2404034E-07
  0.2327084E+01 -0.3557549E-07
 -0.1599962E+01  0.2806744E-07
  0.8255714E+00 -0.1134025E-07
  0.4254578E-02  0.1948505E-08
 -0.9988472E+00  0.3618884E-07
  0.3426721E+01 -0.5327237E-07
 -0.1394714E+01  0.3143064E-07
  0.3934524E+01 -0.6126247E-07
  0.3762722E+01 -0.5860353E-07
  0.3762368E+01 -0.5818437E-07
  0.3425926E+01 -0.5259590E-07
  0.2939738E+01 -0.4459256E-07
  0.2325104E+01 -0.3451697E-07
  0.1608869E+01 -0.2282047E-07
  0.8223605E+00 -0.1000710E-07
 -0.6408062E-04  0.3359489E-08
 -0.8224917E+00  0.1669468E-07
 -0.1608981E+01  0.2941844E-07
 -0.1539292E+01  0.3002511E-07
  0.1668976E+01 -0.4412863E-07
 -0.1242261E+01  0.3311299E-07
 -0.1319476E+01  0.3223889E-07
 -0.1467974E+01  0.3071330E-07
  0.2135976E+01 -0.5907019E-07
 -0.9136306E+00  0.3720748E-07
  0.4669825E+00 -0.6098349E-08
 -0.1081971E+01  0.3511646E-07
 -0.4669766E+00  0.2324543E-07
  0.2233620E+01 -0.6226660E-07
  0.1320080E+01 -0.3305321E-07
  0.9134941E+00 -0.2016875E-07
  0.3297401E-04  0.8582199E-08
  0.1944980E+01 -0.5290813E-07
  0.2233650E+01 -0.6239674E-07
  0.2136061E+01 -0.5952849E-07
  0.1945119E+01 -0.5366052E-07
  0.1669177E+01 -0.4511530E-07
  0.1320291E+01 -0.3423440E-07
  0.9137023E+00 -0.2152886E-07
  0.4671709E+00 -0.7549147E-08
  0.2059272E-03  0.7106332E-08
 -0.4668010E+00  0.2181539E-07
 -0.9134303E+00  0.3589498E-07
 -0.1163676E+01  0.3281082E-07
 -0.1322054E+01  0.3104952E-07
  0.2940979E+01 -0.4547553E-07
 -0.9987043E+00  0.3487416E-07
 -0.1535926E+01  0.2875230E-07
 -0.1243788E+01  0.3191261E-07
 -0.1082021E+01  0.3382856E-07
  0.3934404E+01 -0.6111080E-07
 -0.1163092E+01  0.3407636E-07
 -0.7568179E+00  0.1653380E-07
 -0.4605625E-02  0.2443780E-08
  0.2224075E+01 -0.3562111E-07
 -0.7127425E+00  0.1832444E-07
  0.3764278E+01 -0.6143258E-07
  0.3278341E+01 -0.5350756E-07
 -0.5104609E+00  0.2237829E-07
  0.2812660E+01 -0.4474773E-07
 -0.7502667E+00  0.1771929E-07
 -0.5942897E+00  0.2056980E-07
  0.3600022E+01 -0.5887333E-07
  0.3277796E+01 -0.5282456E-07
  0.1539386E+01 -0.2273853E-07
  0.7869127E+00 -0.9792427E-08
  0.6098731E-04  0.3705762E-08
 -0.7867985E+00  0.1717917E-07
  0.2442223E+01 -0.6218875E-07
 -0.6347439E+00  0.1974441E-07
  0.9989280E+00 -0.2049169E-07
  0.1824904E+01 -0.4413219E-07
 -0.6742293E+00  0.1900024E-07
  0.2126768E+01 -0.5352264E-07
  0.2442197E+01 -0.6204520E-07
  0.2126631E+01 -0.5280890E-07
  0.2335538E+01 -0.5933745E-07
  0.5107208E+00 -0.6606482E-08
  0.1443452E+01 -0.3319211E-07
 -0.5528800E+00  0.2145362E-07
  0.2224619E+01 -0.3455674E-07
  0.3599692E+01 -0.5845981E-07
  0.1825062E+01 -0.4508379E-07
  0.1443592E+01 -0.3437593E-07
  0.9990163E+00 -0.2180192E-07
  0.5107290E+00 -0.8009862E-08
  0.1318322E-03  0.6478974E-08
 -0.5104496E+00  0.2096001E-07
 -0.5533447E+00  0.2008614E-07
 -0.6796449E+00  0.1775558E-07
 -0.6379600E+00  0.1845728E-07
 -0.7201021E+00  0.1712908E-07
  0.3764393E+01 -0.6155853E-07
  0.2335438E+01 -0.5888150E-07
 -0.7883919E+00  0.1588112E-07
  0.1536880E+01 -0.2390798E-07
 -0.5957816E+00  0.1922230E-07
  0.1665131E-03  0.7918620E-08
  0.2812973E+01 -0.4562266E-07
  0.3590130E+01 -0.6167873E-07
  0.1563734E+01 -0.3463052E-07
  0.1977101E+01 -0.4524520E-07
  0.1081952E+01 -0.2222975E-07
  0.2682607E+01 -0.4480342E-07
  0.2645754E+01 -0.6215253E-07
  0.3986151E-03  0.6407420E-08
  0.3433431E+01 -0.5911246E-07
  0.3126187E+01 -0.5298251E-07
 -0.8712699E-02  0.2911802E-08
  0.1468286E+01 -0.2259798E-07
  0.7506385E+00 -0.9528716E-08
  0.1977052E+01 -0.4427930E-07
  0.4290807E-03  0.5733673E-08
  0.2304000E+01 -0.5360874E-07
  0.2303901E+01 -0.5286655E-07
  0.1082274E+01 -0.2092499E-07
  0.2530182E+01 -0.5928728E-07
  0.4035285E-03  0.5114390E-08
  0.2530095E+01 -0.5886085E-07
  0.5533967E+00 -0.7184044E-08
  0.7432274E+00 -0.1072705E-07
  0.1945438E-03  0.4113028E-08
  0.2645736E+01 -0.6198178E-07
  0.1563844E+01 -0.3345818E-07
  0.3039642E-03  0.7162024E-08
  0.5527686E+00 -0.8571613E-08
 -0.4179339E-03  0.5745682E-08
  0.3590230E+01 -0.6181011E-07
 -0.3722968E-02  0.4426250E-08
 -0.8410791E-02  0.3372581E-08
 -0.6201389E-02  0.3869304E-08
  0.2119555E+01 -0.3559802E-07
  0.3215332E-03  0.4569997E-08
  0.2682212E+01 -0.4569739E-07
  0.3126437E+01 -0.5366085E-07
  0.2121790E+01 -0.3453838E-07
 -0.1650677E-02  0.5053610E-08
  0.1463404E+01 -0.2374737E-07
  0.3433165E+01 -0.5868703E-07
  0.5930911E+00 -0.9109494E-08
  0.2476909E+01 -0.5298347E-07
  0.1390278E+01 -0.2355932E-07
  0.2548951E+01 -0.4481740E-07
  0.6355384E+00 -0.8312766E-08
  0.2016111E+01 -0.3445530E-07
  0.2970439E+01 -0.5377333E-07
  0.2548187E+01 -0.4572935E-07
  0.1395222E+01 -0.2240366E-07
  0.7133433E+00 -0.9195678E-08
  0.2125540E+01 -0.4447682E-07
  0.1680675E+01 -0.3491954E-07
  0.2720078E+01 -0.5889861E-07
  0.2476937E+01 -0.5368005E-07
  0.3411246E+01 -0.6199443E-07
  0.1163581E+01 -0.2137043E-07
  0.2720151E+01 -0.5936578E-07
  0.1681302E+01 -0.3378624E-07
  0.5950076E+00 -0.7774116E-08
  0.3262016E+01 -0.5883838E-07
  0.7059983E+00 -0.1040139E-07
  0.2844412E+01 -0.6200860E-07
  0.2013576E+01 -0.3551553E-07
  0.2125352E+01 -0.4542956E-07
  0.2970386E+01 -0.5306768E-07
  0.3411153E+01 -0.6186019E-07
  0.6749807E+00 -0.8795865E-08
  0.2844429E+01 -0.6215528E-07
  0.6692585E+00 -0.1003933E-07
  0.3262191E+01 -0.5927153E-07
  0.1162316E+01 -0.2264242E-07
  0.6317664E+00 -0.9607473E-08
  0.2645702E+01 -0.5307202E-07
  0.2269888E+01 -0.4558775E-07
  0.1240277E+01 -0.2300044E-07
  0.3086120E+01 -0.5893903E-07
  0.1907454E+01 -0.3428033E-07
  0.2810165E+01 -0.5380272E-07
  0.7826485E+00 -0.1101291E-07
  0.1794488E+01 -0.3518583E-07
  0.2905447E+01 -0.5894016E-07
  0.2645661E+01 -0.5378437E-07
  0.1320061E+01 -0.2212328E-07
  0.1316095E+01 -0.2331134E-07
  0.3086213E+01 -0.5935393E-07
  0.2905518E+01 -0.5937482E-07
  0.1242851E+01 -0.2179248E-07
  0.2411536E+01 -0.4477181E-07
  0.3038255E+01 -0.6202085E-07
  0.3227260E+01 -0.6211619E-07
  0.2270381E+01 -0.4466872E-07
  0.1795855E+01 -0.3407433E-07
  0.3038293E+01 -0.6216158E-07
  0.3227192E+01 -0.6196608E-07
  0.2810194E+01 -0.5310484E-07
  0.1905379E+01 -0.3538092E-07
  0.2410791E+01 -0.4567859E-07
 -0.1354255E+01  0.1731944E-06
 -0.1510735E+01  0.1810899E-06
 -0.1176831E+01  0.1652441E-06
 -0.1319281E+01  0.1722672E-06
 -0.1305537E+01  0.1745147E-06
 -0.1276747E+01  0.1738759E-06
 -0.1239038E+01  0.1728390E-06
 -0.1195649E+01  0.1715564E-06
 -0.1146894E+01  0.1697918E-06
 -0.1093087E+01  0.1680823E-06
 -0.1034476E+01  0.1663070E-06
 -0.9713376E+00  0.1642404E-06
 -0.9039385E+00  0.1620722E-06
 -0.8325894E+00  0.1595597E-06
 -0.7576187E+00  0.1571017E-06
 -0.6793370E+00  0.1545526E-06
 -0.5980809E+00  0.1521123E-06
 -0.5142271E+00  0.1494188E-06
 -0.4281183E+00  0.1469862E-06
 -0.3401330E+00  0.1440204E-06
 -0.2506523E+00  0.1410401E-06
 -0.1600969E+00  0.1382175E-06
 -0.6898770E-01  0.1349086E-06
  0.6698012E-01  0.1278856E-06
 -0.1337828E+01  0.1728376E-06
  0.3326633E+00  0.1191492E-06
 -0.1414635E+01  0.1783255E-06
  0.5852041E+00  0.1111946E-06
 -0.1267696E+01  0.1710353E-06
  0.8148282E+00  0.1041202E-06
 -0.1262438E+01  0.1738872E-06
  0.1012494E+01  0.9759884E-07
 -0.1147280E+01  0.1670516E-06
  0.1170482E+01  0.9256657E-07
 -0.1061295E+01  0.1682838E-06
  0.1282451E+01  0.8915850E-07
 -0.9821162E+00  0.1619727E-06
  0.1343959E+01  0.8734192E-07
 -0.8187075E+00  0.1615848E-06
  0.1352815E+01  0.8737046E-07
 -0.7787005E+00  0.1555459E-06
  0.1308653E+01  0.8873786E-07
 -0.5440014E+00  0.1537547E-06
  0.1213060E+01  0.9171684E-07
 -0.5446853E+00  0.1478728E-06
  0.1069851E+01  0.9667134E-07
 -0.2479422E+00  0.1458458E-06
  0.8846835E+00  0.1024754E-06
 -0.2892344E+00  0.1398807E-06
  0.6648403E+00  0.1096059E-06
  0.5782210E-01  0.1375306E-06
  0.4189076E+00  0.1173939E-06
 -0.2246377E-01  0.1314151E-06
  0.1565272E+00  0.1257849E-06
  0.3613297E+00  0.1294512E-06
 -0.1119858E+00  0.1341550E-06
  0.2451989E+00  0.1230536E-06
 -0.3761217E+00  0.1425975E-06
  0.6506584E+00  0.1211352E-06
 -0.6254734E+00  0.1504851E-06
  0.5032352E+00  0.1146826E-06
 -0.8502485E+00  0.1576697E-06
  0.9144953E+00  0.1144379E-06
 -0.1041708E+01  0.1637280E-06
  0.7415190E+00  0.1069329E-06
 -0.1192612E+01  0.1683364E-06
  0.1142498E+01  0.1080533E-06
 -0.1296816E+01  0.1717601E-06
  0.9507152E+00  0.1003550E-06
 -0.1349313E+01  0.1730073E-06
 -0.1354874E+01  0.1733154E-06
 -0.6969370E-02  0.1399378E-06
  0.1325720E+01  0.1029975E-06
  0.3650843E+00  0.1102469E-06
  0.1122648E+01  0.9482208E-07
  0.5899369E+00  0.1025554E-06
  0.1456934E+01  0.9995806E-07
  0.7916505E+00  0.9549921E-07
  0.1250520E+01  0.9043765E-07
  0.9623377E+00  0.8990536E-07
  0.1530915E+01  0.9748301E-07
  0.1095280E+01  0.8546393E-07
  0.1329333E+01  0.8800234E-07
  0.1185086E+01  0.8253145E-07
  0.1544761E+01  0.9732666E-07
  0.1228361E+01  0.8121751E-07
  0.1355906E+01  0.8726949E-07
  0.1223549E+01  0.8168649E-07
  0.1498050E+01  0.9882134E-07
  0.1170734E+01  0.8391397E-07
  0.1329326E+01  0.8786531E-07
  0.1071937E+01  0.8754569E-07
  0.1392535E+01  0.1020099E-06
  0.9310784E+00  0.9261070E-07
  0.1250660E+01  0.9048208E-07
  0.7537163E+00  0.9932990E-07
  0.1232219E+01  0.1061346E-06
  0.5467698E+00  0.1064428E-06
  0.1122763E+01  0.9455233E-07
  0.3183568E+00  0.1146507E-06
  0.1023515E+01  0.1118783E-06
  0.7742455E-01  0.1233617E-06
  0.9507440E+00  0.9975459E-07
 -0.1665465E+00  0.1319045E-06
  0.7747449E+00  0.1190888E-06
 -0.4039784E+00  0.1403244E-06
  0.7414768E+00  0.1062559E-06
 -0.6255121E+00  0.1481918E-06
  0.4956557E+00  0.1266983E-06
 -0.8224404E+00  0.1550206E-06
  0.5031554E+00  0.1141333E-06
 -0.9871600E+00  0.1602015E-06
  0.1971088E+00  0.1346482E-06
 -0.1113423E+01  0.1646732E-06
  0.2450975E+00  0.1221780E-06
 -0.1195948E+01  0.1671424E-06
 -0.1336278E+01  0.1727898E-06
  0.1258886E+00  0.1188578E-06
 -0.1348054E+01  0.1728224E-06
  0.0000000E+00  0.0000000E+00
  0.0000000E+00  0.0000000E+00
  0.0000000E+00  0.0000000E+00
  0.0000000E+00  0.0000000E+00
  0.0000000E+00  0.0000000E+00
  0.0000000E+00  0.0000000E+00
  0.0000000E+00  0.0000000E+00
  0.0000000E+00  0.0000000E+00
  0.0000000E+00  0.0000000E+00
  0.0000000E+00  0.0000000E+00
  0.0000000E+00  0.0000000E+00
  0.0000000E+00  0.0000000E+00
  0.0000000E+00  0.0000000E+00
  0.0000000E+00  0.0000000E+00
  0.0000000E+00  0.0000000E+00
  0.0000000E+00  0.0000000E+00
  0.0000000E+00  0.0000000E+00
  0.0000000E+00  0.0000000E+00
  0.0000000E+00  0.0000000E+00
  0.0000000E+00  0.0000000E+00
  0.0000000E+00  0.0000000E+00
  0.0000000E+00  0.0000000E+00
  0.0000000E+00  0.0000000E+00
  0.0000000E+00  0.0000000E+00
  0.0000000E+00  0.0000000E+00
  0.0000000E+00  0.0000000E+00
  0.0000000E+00  0.0000000E+00
  0.0000000E+00  0.0000000E+00
  0.0000000E+00  0.0000000E+00
  0.0000000E+00  0.0000000E+00
  0.0000000E+00  0.0000000E+00
  0.0000000E+00  0.0000000E+00
  0.0000000E+00  0.0000000E+00
  0.0000000E+00  0.0000000E+00
  0.0000000E+00  0.0000000E+00
  0.0000000E+00  0.0000000E+00
  0.0000000E+00  0.0000000E+00
  0.0000000E+00  0.0000000E+00
  0.0000000E+00  0.0000000E+00
  0.0000000E+00  0.0000000E+00
  0.0000000E+00  0.0000000E+00
  0.0000000E+00  0.0000000E+00
  0.0000000E+00  0.0000000E+00
  0.0000000E+00  0.0000000E+00
  0.0000000E+00  0.0000000E+00
  0.0000000E+00  0.0000000E+00
  0.0000000E+00  0.0000000E+00
  0.0000000E+00  0.0000000E+00
  0.0000000E+00  0.0000000E+00
  0.0000000E+00  0.0000000E+00
  0.0000000E+00  0.0000000E+00
  0.0000000E+00  0.0000000E+00
  0.0000000E+00  0.0000000E+00
  0.0000000E+00  0.0000000E+00
  0.0000000E+00  0.0000000E+00
  0.0000000E+00  0.0000000E+00
  0.0000000E+00  0.0000000E+00
  0.0000000E+00  0.0000000E+00
  0.0000000E+00  0.0000000E+00
  0.0000000E+00  0.0000000E+00
  0.0000000E+00  0.0000000E+00
  0.0000000E+00  0.0000000E+00
  0.0000000E+00  0.0000000E+00
  0.0000000E+00  0.0000000E+00
  0.0000000E+00  0.0000000E+00
  0.0000000E+00  0.0000000E+00
  0.0000000E+00  0.0000000E+00
  0.0000000E+00  0.0000000E+00
  0.0000000E+00  0.0000000E+00
  0.0000000E+00  0.0000000E+00
  0.0000000E+00  0.0000000E+00
  0.0000000E+00  0.0000000E+00
  0.0000000E+00  0.0000000E+00
  0.0000000E+00  0.0000000E+00
  0.0000000E+00  0.0000000E+00
  0.0000000E+00  0.0000000E+00
  0.0000000E+00  0.0000000E+00
  0.0000000E+00  0.0000000E+00
  0.0000000E+00  0.0000000E+00
  0.0000000E+00  0.0000000E+00
  0.0000000E+00  0.0000000E+00
  0.0000000E+00  0.0000000E+00
  0.0000000E+00  0.0000000E+00
  0.0000000E+00  0.0000000E+00
  0.0000000E+00  0.0000000E+00
  0.0000000E+00  0.0000000E+00
  0.0000000E+00  0.0000000E+00
  0.0000000E+00  0.0000000E+00
  0.0000000E+00  0.0000000E+00
  0.0000000E+00  0.0000000E+00
  0.0000000E+00  0.0000000E+00
  0.0000000E+00  0.0000000E+00
  0.0000000E+00  0.0000000E+00
  0.0000000E+00  0.0000000E+00
  0.0000000E+00  0.0000000E+00
  0.0000000E+00  0.0000000E+00
  0.0000000E+00  0.0000000E+00
  0.0000000E+00  0.0000000E+00
  0.0000000E+00  0.0000000E+00
  0.0000000E+00  0.0000000E+00
  0.0000000E+00  0.0000000E+00
  0.0000000E+00  0.0000000E+00
  0.0000000E+00  0.0000000E+00
  0.0000000E+00  0.0000000E+00
  0.0000000E+00  0.0000000E+00
  0.0000000E+00  0.0000000E+00
  0.0000000E+00  0.0000000E+00
  0.0000000E+00  0.0000000E+00
  0.0000000E+00  0.0000000E+00
  0.0000000E+00  0.0000000E+00
  0.0000000E+00  0.0000000E+00
  0.0000000E+00  0.0000000E+00
  0.0000000E+00  0.0000000E+00
  0.0000000E+00  0.0000000E+00
  0.0000000E+00  0.0000000E+00
  0.0000000E+00  0.0000000E+00
  0.0000000E+00  0.0000000E+00
  0.0000000E+00  0.0000000E+00
  0.0000000E+00  0.0000000E+00
  0.0000000E+00  0.0000000E+00
  0.0000000E+00  0.0000000E+00
  0.0000000E+00  0.0000000E+00
  0.0000000E+00  0.0000000E+00
  0.0000000E+00  0.0000000E+00
  0.0000000E+00  0.0000000E+00
  0.0000000E+00  0.0000000E+00
  0.0000000E+00  0.0000000E+00
  0.0000000E+00  0.0000000E+00
  0.0000000E+00  0.0000000E+00
  0.0000000E+00  0.0000000E+00
  0.0000000E+00  0.0000000E+00
  0.0000000E+00  0.0000000E+00
  0.0000000E+00  0.0000000E+00
  0.0000000E+00  0.0000000E+00
  0.0000000E+00  0.0000000E+00
  0.0000000E+00  0.0000000E+00
  0.0000000E+00  0.0000000E+00
  0.0000000E+00  0.0000000E+00
  0.0000000E+00  0.0000000E+00
  0.0000000E+00  0.0000000E+00
  0.0000000E+00  0.0000000E+00
  0.0000000E+00  0.0000000E+00
  0.0000000E+00  0.0000000E+00
  0.0000000E+00  0.0000000E+00
  0.0000000E+00  0.0000000E+00
  0.0000000E+00  0.0000000E+00
  0.0000000E+00  0.0000000E+00
  0.0000000E+00  0.0000000E+00
  0.0000000E+00  0.0000000E+00
  0.0000000E+00  0.0000000E+00
  0.0000000E+00  0.0000000E+00
  0.0000000E+00  0.0000000E+00
  0.0000000E+00  0.0000000E+00
  0.0000000E+00  0.0000000E+00
  0.0000000E+00  0.0000000E+00
  0.0000000E+00  0.0000000E+00
  0.0000000E+00  0.0000000E+00
  0.0000000E+00  0.0000000E+00
  0.0000000E+00  0.0000000E+00
  0.0000000E+00  0.0000000E+00
  0.0000000E+00  0.0000000E+00
  0.0000000E+00  0.0000000E+00
  0.0000000E+00  0.0000000E+00
  0.0000000E+00  0.0000000E+00
  0.0000000E+00  0.0000000E+00
  0.0000000E+00  0.0000000E+00
  0.0000000E+00  0.0000000E+00
  0.0000000E+00  0.0000000E+00
  0.0000000E+00  0.0000000E+00
  0.0000000E+00  0.0000000E+00
  0.0000000E+00  0.0000000E+00
  0.0000000E+00  0.0000000E+00
  0.0000000E+00  0.0000000E+00
  0.0000000E+00  0.0000000E+00
  0.0000000E+00  0.0000000E+00
  0.0000000E+00  0.0000000E+00
  0.0000000E+00  0.0000000E+00
  0.0000000E+00  0.0000000E+00
  0.0000000E+00  0.0000000E+00
  0.0000000E+00  0.0000000E+00
  0.0000000E+00  0.0000000E+00
  0.0000000E+00  0.0000000E+00
  0.0000000E+00  0.0000000E+00
  0.0000000E+00  0.0000000E+00
  0.0000000E+00  0.0000000E+00
  0.0000000E+00  0.0000000E+00
  0.0000000E+00  0.0000000E+00
  0.0000000E+00  0.0000000E+00
  0.0000000E+00  0.0000000E+00
  0.0000000E+00  0.0000000E+00
  0.0000000E+00  0.0000000E+00
  0.0000000E+00  0.0000000E+00
  0.0000000E+00  0.0000000E+00
  0.0000000E+00  0.0000000E+00
  0.0000000E+00  0.0000000E+00
  0.0000000E+00  0.0000000E+00
  0.0000000E+00  0.0000000E+00
  0.0000000E+00  0.0000000E+00
  0.0000000E+00  0.0000000E+00
  0.0000000E+00  0.0000000E+00
  0.0000000E+00  0.0000000E+00
  0.0000000E+00  0.0000000E+00
  0.0000000E+00  0.0000000E+00
  0.0000000E+00  0.0000000E+00
  0.0000000E+00  0.0000000E+00
  0.0000000E+00  0.0000000E+00
  0.0000000E+00  0.0000000E+00
  0.0000000E+00  0.0000000E+00
  0.0000000E+00  0.0000000E+00
  0.0000000E+00  0.0000000E+00
  0.0000000E+00  0.0000000E+00
  0.0000000E+00  0.0000000E+00
  0.0000000E+00  0.0000000E+00
  0.0000000E+00  0.0000000E+00
  0.0000000E+00  0.0000000E+00
  0.0000000E+00  0.0000000E+00
  0.0000000E+00  0.0000000E+00
  0.0000000E+00  0.0000000E+00
  0.0000000E+00  0.0000000E+00
  0.0000000E+00  0.0000000E+00
  0.0000000E+00  0.0000000E+00
  0.0000000E+00  0.0000000E+00
  0.0000000E+00  0.0000000E+00
  0.0000000E+00  0.0000000E+00
  0.0000000E+00  0.0000000E+00
  0.0000000E+00  0.0000000E+00
  0.0000000E+00  0.0000000E+00
  0.0000000E+00  0.0000000E+00
  0.0000000E+00  0.0000000E+00
  0.0000000E+00  0.0000000E+00
  0.0000000E+00  0.0000000E+00
  0.0000000E+00  0.0000000E+00
  0.0000000E+00  0.0000000E+00
  0.0000000E+00  0.0000000E+00
  0.0000000E+00  0.0000000E+00
  0.0000000E+00  0.0000000E+00
  0.0000000E+00  0.0000000E+00
  0.0000000E+00  0.0000000E+00
  0.0000000E+00  0.0000000E+00
  0.0000000E+00  0.0000000E+00
  0.0000000E+00  0.0000000E+00
  0.0000000E+00  0.0000000E+00
  0.0000000E+00  0.0000000E+00
  0.0000000E+00  0.0000000E+00
  0.0000000E+00  0.0000000E+00
  0.0000000E+00  0.0000000E+00
  0.0000000E+00  0.0000000E+00
  0.0000000E+00  0.0000000E+00
  0.0000000E+00  0.0000000E+00
  0.0000000E+00  0.0000000E+00
  0.0000000E+00  0.0000000E+00
  0.0000000E+00  0.0000000E+00
  0.0000000E+00  0.0000000E+00
  0.0000000E+00  0.0000000E+00
  0.0000000E+00  0.0000000E+00
  0.0000000E+00  0.0000000E+00
  0.0000000E+00  0.0000000E+00
  0.0000000E+00  0.0000000E+00
  0.0000000E+00  0.0000000E+00
  0.0000000E+00  0.0000000E+00
  0.0000000E+00  0.0000000E+00
  0.0000000E+00  0.0000000E+00
  0.0000000E+00  0.0000000E+00
  0.0000000E+00  0.0000000E+00
  0.0000000E+00  0.0000000E+00
  0.0000000E+00  0.0000000E+00
  0.0000000E+00  0.0000000E+00
  0.0000000E+00  0.0000000E+00
  0.0000000E+00  0.0000000E+00
  0.0000000E+00  0.0000000E+00
  0.0000000E+00  0.0000000E+00
  0.0000000E+00  0.0000000E+00
  0.0000000E+00  0.0000000E+00
  0.0000000E+00  0.0000000E+00
  0.0000000E+00  0.0000000E+00
  0.0000000E+00  0.0000000E+00
  0.0000000E+00  0.0000000E+00
  0.0000000E+00  0.0000000E+00
  0.0000000E+00  0.0000000E+00
  0.0000000E+00  0.0000000E+00
  0.0000000E+00  0.0000000E+00
  0.0000000E+00  0.0000000E+00
  0.0000000E+00  0.0000000E+00
  0.0000000E+00  0.0000000E+00
  0.0000000E+00  0.0000000E+00
  0.0000000E+00  0.0000000E+00
  0.0000000E+00  0.0000000E+00
  0.0000000E+00  0.0000000E+00
  0.0000000E+00  0.0000000E+00
  0.0000000E+00  0.0000000E+00
  0.0000000E+00  0.0000000E+00
  0.0000000E+00  0.0000000E+00
  0.0000000E+00  0.0000000E+00
  0.0000000E+00  0.0000000E+00
  0.0000000E+00  0.0000000E+00
  0.0000000E+00  0.0000000E+00
  0.0000000E+00  0.0000000E+00
  0.0000000E+00  0.0000000E+00
  0.0000000E+00  0.0000000E+00
  0.0000000E+00  0.0000000E+00
  0.0000000E+00  0.0000000E+00
  0.0000000E+00  0.0000000E+00
  0.0000000E+00  0.0000000E+00
  0.0000000E+00  0.0000000E+00
  0.0000000E+00  0.0000000E+00
  0.0000000E+00  0.0000000E+00
  0.0000000E+00  0.0000000E+00
  0.0000000E+00  0.0000000E+00
  0.0000000E+00  0.0000000E+00
  0.0000000E+00  0.0000000E+00
  0.0000000E+00  0.0000000E+00
  0.0000000E+00  0.0000000E+00
  0.0000000E+00  0.0000000E+00
  0.0000000E+00  0.0000000E+00
  0.0000000E+00  0.0000000E+00
  0.0000000E+00  0.0000000E+00
  0.0000000E+00  0.0000000E+00
  0.0000000E+00  0.0000000E+00
  0.0000000E+00  0.0000000E+00
  0.0000000E+00  0.0000000E+00
  0.0000000E+00  0.0000000E+00
  0.0000000E+00  0.0000000E+00
  0.0000000E+00  0.0000000E+00
  0.0000000E+00  0.0000000E+00
  0.0000000E+00  0.0000000E+00
  0.0000000E+00  0.0000000E+00
  0.0000000E+00  0.0000000E+00
  0.0000000E+00  0.0000000E+00
  0.0000000E+00  0.0000000E+00
  0.0000000E+00  0.0000000E+00
  0.0000000E+00  0.0000000E+00
  0.0000000E+00  0.0000000E+00
  0.0000000E+00  0.0000000E+00
  0.0000000E+00  0.0000000E+00
  0.0000000E+00  0.0000000E+00
  0.0000000E+00  0.0000000E+00
  0.0000000E+00  0.0000000E+00
  0.0000000E+00  0.0000000E+00
  0.0000000E+00  0.0000000E+00
  0.0000000E+00  0.0000000E+00
  0.0000000E+00  0.0000000E+00
  0.0000000E+00  0.0000000E+00
  0.0000000E+00  0.0000000E+00
  0.0000000E+00  0.0000000E+00
  0.0000000E+00  0.0000000E+00
  0.0000000E+00  0.0000000E+00
  0.0000000E+00  0.0000000E+00
  0.0000000E+00  0.0000000E+00
  0.0000000E+00  0.0000000E+00
  0.0000000E+00  0.0000000E+00
  0.0000000E+00  0.0000000E+00
  0.0000000E+00  0.0000000E+00
  0.0000000E+00  0.0000000E+00
  0.0000000E+00  0.0000000E+00
  0.0000000E+00  0.0000000E+00
  0.0000000E+00  0.0000000E+00
  0.0000000E+00  0.0000000E+00
  0.0000000E+00  0.0000000E+00
  0.0000000E+00  0.0000000E+00
  0.0000000E+00  0.0000000E+00
  0.0000000E+00  0.0000000E+00
  0.0000000E+00  0.0000000E+00
  0.0000000E+00  0.0000000E+00
  0.0000000E+00  0.0000000E+00
  0.0000000E+00  0.0000000E+00
  0.0000000E+00  0.0000000E+00
  0.0000000E+00  0.0000000E+00
  0.0000000E+00  0.0000000E+00
  0.0000000E+00  0.0000000E+00
  0.0000000E+00  0.0000000E+00
  0.0000000E+00  0.0000000E+00
  0.0000000E+00  0.0000000E+00
  0.0000000E+00  0.0000000E+00
  0.0000000E+00  0.0000000E+00
  0.0000000E+00  0.0000000E+00
  0.0000000E+00  0.0000000E+00
  0.0000000E+00  0.0000000E+00
  0.0000000E+00  0.0000000E+00
  0.0000000E+00  0.0000000E+00
  0.0000000E+00  0.0000000E+00
  0.0000000E+00  0.0000000E+00
  0.0000000E+00  0.0000000E+00
  0.0000000E+00  0.0000000E+00
  0.0000000E+00  0.0000000E+00
  0.0000000E+00  0.0000000E+00
  0.0000000E+00  0.0000000E+00
  0.0000000E+00  0.0000000E+00
  0.0000000E+00  0.0000000E+00
  0.0000000E+00  0.0000000E+00
  0.0000000E+00  0.0000000E+00
  0.0000000E+00  0.0000000E+00
  0.0000000E+00  0.0000000E+00
  0.0000000E+00  0.0000000E+00
  0.0000000E+00  0.0000000E+00
  0.0000000E+00  0.0000000E+00
  0.0000000E+00  0.0000000E+00
  0.0000000E+00  0.0000000E+00
  0.0000000E+00  0.0000000E+00
  0.0000000E+00  0.0000000E+00
  0.0000000E+00  0.0000000E+00
  0.0000000E+00  0.0000000E+00
  0.0000000E+00  0.0000000E+00
  0.0000000E+00  0.0000000E+00
  0.0000000E+00  0.0000000E+00
  0.0000000E+00  0.0000000E+00
  0.0000000E+00  0.0000000E+00
  0.0000000E+00  0.0000000E+00
  0.0000000E+00  0.0000000E+00
  0.0000000E+00  0.0000000E+00
  0.0000000E+00  0.0000000E+00
  0.0000000E+00  0.0000000E+00
  0.0000000E+00  0.0000000E+00
  0.0000000E+00  0.0000000E+00
  0.0000000E+00  0.0000000E+00
  0.0000000E+00  0.0000000E+00
  0.0000000E+00  0.0000000E+00
  0.0000000E+00  0.0000000E+00
  0.0000000E+00  0.0000000E+00
  0.0000000E+00  0.0000000E+00
  0.0000000E+00  0.0000000E+00
  0.0000000E+00  0.0000000E+00
  0.0000000E+00  0.0000000E+00
  0.0000000E+00  0.0000000E+00
  0.0000000E+00  0.0000000E+00
  0.0000000E+00  0.0000000E+00
  0.0000000E+00  0.0000000E+00
  0.0000000E+00  0.0000000E+00
  0.0000000E+00  0.0000000E+00
  0.0000000E+00  0.0000000E+00
  0.0000000E+00  0.0000000E+00
  0.0000000E+00  0.0000000E+00
  0.0000000E+00  0.0000000E+00
  0.0000000E+00  0.0000000E+00
  0.0000000E+00  0.0000000E+00
  0.0000000E+00  0.0000000E+00
  0.0000000E+00  0.0000000E+00
  0.0000000E+00  0.0000000E+00
  0.0000000E+00  0.0000000E+00
  0.0000000E+00  0.0000000E+00
  0.0000000E+00  0.0000000E+00
  0.0000000E+00  0.0000000E+00
  0.0000000E+00  0.0000000E+00
  0.0000000E+00  0.0000000E+00
  0.0000000E+00  0.0000000E+00
  0.0000000E+00  0.0000000E+00
  0.0000000E+00  0.0000000E+00
  0.0000000E+00  0.0000000E+00
  0.0000000E+00  0.0000000E+00
  0.0000000E+00  0.0000000E+00
  0.0000000E+00  0.0000000E+00
  0.0000000E+00  0.0000000E+00
  0.0000000E+00  0.0000000E+00
  0.0000000E+00  0.0000000E+00
  0.0000000E+00  0.0000000E+00
  0.0000000E+00  0.0000000E+00
  0.0000000E+00  0.0000000E+00
  0.0000000E+00  0.0000000E+00
  0.0000000E+00  0.0000000E+00
  0.0000000E+00  0.0000000E+00
  0.0000000E+00  0.0000000E+00
  0.0000000E+00  0.0000000E+00
  0.0000000E+00  0.0000000E+00
  0.0000000E+00  0.0000000E+00
  0.0000000E+00  0.0000000E+00
  0.0000000E+00  0.0000000E+00
  0.0000000E+00  0.0000000E+00
  0.0000000E+00  0.0000000E+00
  0.0000000E+00  0.0000000E+00
  0.0000000E+00  0.0000000E+00
  0.0000000E+00  0.0000000E+00
  0.0000000E+00  0.0000000E+00
  0.0000000E+00  0.0000000E+00
  0.0000000E+00  0.0000000E+00
  0.0000000E+00  0.0000000E+00
  0.0000000E+00  0.0000000E+00
  0.0000000E+00  0.0000000E+00
  0.0000000E+00  0.0000000E+00
  0.0000000E+00  0.0000000E+00
  0.0000000E+00  0.0000000E+00
  0.0000000E+00  0.0000000E+00
  0.0000000E+00  0.0000000E+00
  0.0000000E+00  0.0000000E+00
  0.0000000E+00  0.0000000E+00
  0.0000000E+00  0.0000000E+00
  0.0000000E+00  0.0000000E+00
  0.0000000E+00  0.0000000E+00
  0.0000000E+00  0.0000000E+00
  0.0000000E+00  0.0000000E+00
  0.0000000E+00  0.0000000E+00
  0.0000000E+00  0.0000000E+00
  0.0000000E+00  0.0000000E+00
  0.0000000E+00  0.0000000E+00
  0.0000000E+00  0.0000000E+00
  0.0000000E+00  0.0000000E+00
  0.0000000E+00  0.0000000E+00
  0.0000000E+00  0.0000000E+00
  0.0000000E+00  0.0000000E+00
  0.0000000E+00  0.0000000E+00
  0.0000000E+00  0.0000000E+00
  0.0000000E+00  0.0000000E+00
  0.0000000E+00  0.0000000E+00
  0.0000000E+00  0.0000000E+00
  0.0000000E+00  0.0000000E+00
  0.0000000E+00  0.0000000E+00
  0.0000000E+00  0.0000000E+00
  0.0000000E+00  0.0000000E+00
  0.0000000E+00  0.0000000E+00
  0.0000000E+00  0.0000000E+00
  0.0000000E+00  0.0000000E+00
  0.0000000E+00  0.0000000E+00
  0.0000000E+00  0.0000000E+00
  0.0000000E+00  0.0000000E+00
  0.0000000E+00  0.0000000E+00
  0.0000000E+00  0.0000000E+00
  0.0000000E+00  0.0000000E+00
  0.0000000E+00  0.0000000E+00
  0.0000000E+00  0.0000000E+00
  0.0000000E+00  0.0000000E+00
  0.0000000E+00  0.0000000E+00
  0.0000000E+00  0.0000000E+00
  0.0000000E+00  0.0000000E+00
  0.0000000E+00  0.0000000E+00
  0.0000000E+00  0.0000000E+00
  0.0000000E+00  0.0000000E+00
  0.0000000E+00  0.0000000E+00
  0.0000000E+00  0.0000000E+00
  0.0000000E+00  0.0000000E+00
  0.0000000E+00  0.0000000E+00
  0.0000000E+00  0.0000000E+00
  0.0000000E+00  0.0000000E+00
  0.0000000E+00  0.0000000E+00
  0.0000000E+00  0.0000000E+00
  0.0000000E+00  0.0000000E+00
  0.0000000E+00  0.0000000E+00
  0.0000000E+00  0.0000000E+00
  0.0000000E+00  0.0000000E+00
  0.0000000E+00  0.0000000E+00
  0.0000000E+00  0.0000000E+00
  0.0000000E+00  0.0000000E+00
  0.0000000E+00  0.0000000E+00
  0.0000000E+00  0.0000000E+00
  0.0000000E+00  0.0000000E+00
  0.0000000E+00  0.0000000E+00
  0.0000000E+00  0.0000000E+00
  0.0000000E+00  0.0000000E+00
  0.0000000E+00  0.0000000E+00
  0.0000000E+00  0.0000000E+00
  0.0000000E+00  0.0000000E+00
  0.0000000E+00  0.0000000E+00
  0.0000000E+00  0.0000000E+00
  0.0000000E+00  0.0000000E+00
  0.0000000E+00  0.0000000E+00
  0.0000000E+00  0.0000000E+00
  0.0000000E+00  0.0000000E+00
  0.0000000E+00  0.0000000E+00
  0.0000000E+00  0.0000000E+00
  0.0000000E+00  0.0000000E+00
  0.0000000E+00  0.0000000E+00
  0.0000000E+00  0.0000000E+00
  0.0000000E+00  0.0000000E+00
  0.0000000E+00  0.0000000E+00
  0.0000000E+00  0.0000000E+00
  0.0000000E+00  0.0000000E+00
  0.0000000E+00  0.0000000E+00
  0.0000000E+00  0.0000000E+00
  0.0000000E+00  0.0000000E+00
  0.0000000E+00  0.0000000E+00
  0.0000000E+00  0.0000000E+00
  0.0000000E+00  0.0000000E+00
  0.0000000E+00  0.0000000E+00
  0.0000000E+00  0.0000000E+00
  0.0000000E+00  0.0000000E+00
  0.0000000E+00  0.0000000E+00
  0.0000000E+00  0.0000000E+00
  0.0000000E+00  0.0000000E+00
  0.0000000E+00  0.0000000E+00
  0.0000000E+00  0.0000000E+00
  0.0000000E+00  0.0000000E+00
  0.0000000E+00  0.0000000E+00
  0.0000000E+00  0.0000000E+00
  0.0000000E+00  0.0000000E+00
  0.0000000E+00  0.0000000E+00
  0.0000000E+00  0.0000000E+00
  0.0000000E+00  0.0000000E+00
  0.0000000E+00  0.0000000E+00
  0.0000000E+00  0.0000000E+00
  0.0000000E+00  0.0000000E+00
  0.0000000E+00  0.0000000E+00
  0.0000000E+00  0.0000000E+00
  0.0000000E+00  0.0000000E+00
  0.0000000E+00  0.0000000E+00
  0.0000000E+00  0.0000000E+00
  0.0000000E+00  0.0000000E+00
  0.0000000E+00  0.0000000E+00
  0.0000000E+00  0.0000000E+00
  0.0000000E+00  0.0000000E+00
  0.0000000E+00  0.0000000E+00
  0.0000000E+00  0.0000000E+00
  0.0000000E+00  0.0000000E+00
  0.0000000E+00  0.0000000E+00
  0.0000000E+00  0.0000000E+00
  0.0000000E+00  0.0000000E+00
  0.0000000E+00  0.0000000E+00
  0.0000000E+00  0.0000000E+00
  0.0000000E+00  0.0000000E+00
  0.0000000E+00  0.0000000E+00
  0.0000000E+00  0.0000000E+00
  0.0000000E+00  0.0000000E+00
  0.0000000E+00  0.0000000E+00
  0.0000000E+00  0.0000000E+00
  0.0000000E+00  0.0000000E+00
  0.0000000E+00  0.0000000E+00
  0.0000000E+00  0.0000000E+00
  0.0000000E+00  0.0000000E+00
  0.0000000E+00  0.0000000E+00
  0.0000000E+00  0.0000000E+00
  0.0000000E+00  0.0000000E+00
  0.0000000E+00  0.0000000E+00
  0.0000000E+00  0.0000000E+00
  0.0000000E+00  0.0000000E+00
  0.0000000E+00  0.0000000E+00
  0.0000000E+00  0.0000000E+00
  0.0000000E+00  0.0000000E+00
  0.0000000E+00  0.0000000E+00
  0.0000000E+00  0.0000000E+00
  0.0000000E+00  0.0000000E+00
  0.0000000E+00  0.0000000E+00
  0.0000000E+00  0.0000000E+00
  0.0000000E+00  0.0000000E+00
  0.0000000E+00  0.0000000E+00
  0.0000000E+00  0.0000000E+00
  0.0000000E+00  0.0000000E+00
  0.0000000E+00  0.0000000E+00
  0.0000000E+00  0.0000000E+00
  0.0000000E+00  0.0000000E+00
  0.0000000E+00  0.0000000E+00
  0.0000000E+00  0.0000000E+00
  0.0000000E+00  0.0000000E+00
  0.0000000E+00  0.0000000E+00
  0.0000000E+00  0.0000000E+00
  0.0000000E+00  0.0000000E+00
  0.0000000E+00  0.0000000E+00
  0.0000000E+00  0.0000000E+00
  0.0000000E+00  0.0000000E+00
  0.0000000E+00  0.0000000E+00
  0.0000000E+00  0.0000000E+00
  0.0000000E+00  0.0000000E+00
  0.0000000E+00  0.0000000E+00
  0.0000000E+00  0.0000000E+00
  0.0000000E+00  0.0000000E+00
  0.0000000E+00  0.0000000E+00
  0.0000000E+00  0.0000000E+00
  0.0000000E+00  0.0000000E+00
  0.0000000E+00  0.0000000E+00
  0.0000000E+00  0.0000000E+00
  0.0000000E+00  0.0000000E+00
  0.0000000E+00  0.0000000E+00
  0.0000000E+00  0.0000000E+00
  0.0000000E+00  0.0000000E+00
  0.0000000E+00  0.0000000E+00
  0.0000000E+00  0.0000000E+00
  0.0000000E+00  0.0000000E+00
  0.0000000E+00  0.0000000E+00
  0.0000000E+00  0.0000000E+00
  0.0000000E+00  0.0000000E+00
  0.0000000E+00  0.0000000E+00
  0.0000000E+00  0.0000000E+00
  0.0000000E+00  0.0000000E+00
  0.0000000E+00  0.0000000E+00
  0.0000000E+00  0.0000000E+00
  0.0000000E+00  0.0000000E+00
  0.0000000E+00  0.0000000E+00
  0.0000000E+00  0.0000000E+00
  0.0000000E+00  0.0000000E+00
  0.0000000E+00  0.0000000E+00
  0.0000000E+00  0.0000000E+00
  0.0000000E+00  0.0000000E+00
  0.0000000E+00  0.0000000E+00
  0.0000000E+00  0.0000000E+00
  0.0000000E+00  0.0000000E+00
  0.0000000E+00  0.0000000E+00
  0.0000000E+00  0.0000000E+00
  0.0000000E+00  0.0000000E+00
  0.0000000E+00  0.0000000E+00
  0.0000000E+00  0.0000000E+00
  0.0000000E+00  0.0000000E+00
  0.0000000E+00  0.0000000E+00
  0.0000000E+00  0.0000000E+00
  0.0000000E+00  0.0000000E+00
  0.0000000E+00  0.0000000E+00
  0.0000000E+00  0.0000000E+00
  0.0000000E+00  0.0000000E+00
  0.0000000E+00  0.0000000E+00
  0.0000000E+00  0.0000000E+00
  0.0000000E+00  0.0000000E+00
  0.0000000E+00  0.0000000E+00
  0.0000000E+00  0.0000000E+00
  0.0000000E+00  0.0000000E+00
  0.0000000E+00  0.0000000E+00
  0.0000000E+00  0.0000000E+00
  0.0000000E+00  0.0000000E+00
  0.0000000E+00  0.0000000E+00
  0.0000000E+00  0.0000000E+00
  0.0000000E+00  0.0000000E+00
  0.0000000E+00  0.0000000E+00
  0.0000000E+00  0.0000000E+00
  0.0000000E+00  0.0000000E+00
  0.0000000E+00  0.0000000E+00
  0.0000000E+00  0.0000000E+00
  0.0000000E+00  0.0000000E+00
  0.0000000E+00  0.0000000E+00
  0.0000000E+00  0.0000000E+00
  0.0000000E+00  0.0000000E+00
  0.0000000E+00  0.0000000E+00
  0.0000000E+00  0.0000000E+00
  0.0000000E+00  0.0000000E+00
  0.0000000E+00  0.0000000E+00
  0.0000000E+00  0.0000000E+00
  0.0000000E+00  0.0000000E+00
  0.0000000E+00  0.0000000E+00
  0.0000000E+00  0.0000000E+00
  0.0000000E+00  0.0000000E+00
  0.0000000E+00  0.0000000E+00
  0.0000000E+00  0.0000000E+00
  0.0000000E+00  0.0000000E+00
  0.0000000E+00  0.0000000E+00
  0.0000000E+00  0.0000000E+00
  0.0000000E+00  0.0000000E+00
  0.0000000E+00  0.0000000E+00
  0.0000000E+00  0.0000000E+00
  0.0000000E+00  0.0000000E+00
  0.0000000E+00  0.0000000E+00
  0.0000000E+00  0.0000000E+00
  0.0000000E+00  0.0000000E+00
  0.0000000E+00  0.0000000E+00
  0.0000000E+00  0.0000000E+00
  0.0000000E+00  0.0000000E+00
  0.0000000E+00  0.0000000E+00
  0.0000000E+00  0.0000000E+00
  0.0000000E+00  0.0000000E+00
  0.0000000E+00  0.0000000E+00
  0.0000000E+00  0.0000000E+00
  0.0000000E+00  0.0000000E+00
  0.0000000E+00  0.0000000E+00
  0.0000000E+00  0.0000000E+00
  0.0000000E+00  0.0000000E+00
  0.0000000E+00  0.0000000E+00
  0.0000000E+00  0.0000000E+00
  0.0000000E+00  0.0000000E+00
  0.0000000E+00  0.0000000E+00
  0.0000000E+00  0.0000000E+00
  0.0000000E+00  0.0000000E+00
  0.0000000E+00  0.0000000E+00
  0.0000000E+00  0.0000000E+00
  0.0000000E+00  0.0000000E+00
  0.0000000E+00  0.0000000E+00
  0.0000000E+00  0.0000000E+00
  0.0000000E+00  0.0000000E+00
  0.0000000E+00  0.0000000E+00
  0.0000000E+00  0.0000000E+00
  0.0000000E+00  0.0000000E+00
  0.0000000E+00  0.0000000E+00
  0.0000000E+00  0.0000000E+00
  0.0000000E+00  0.0000000E+00
  0.0000000E+00  0.0000000E+00
  0.0000000E+00  0.0000000E+00
  0.0000000E+00  0.0000000E+00
  0.0000000E+00  0.0000000E+00
  0.0000000E+00  0.0000000E+00
  0.0000000E+00  0.0000000E+00
  0.0000000E+00  0.0000000E+00
  0.0000000E+00  0.0000000E+00
  0.0000000E+00  0.0000000E+00
  0.0000000E+00  0.0000000E+00
  0.0000000E+00  0.0000000E+00
  0.0000000E+00  0.0000000E+00
  0.0000000E+00  0.0000000E+00
  0.0000000E+00  0.0000000E+00
  0.0000000E+00  0.0000000E+00
  0.0000000E+00  0.0000000E+00
  0.0000000E+00  0.0000000E+00
  0.0000000E+00  0.0000000E+00
  0.0000000E+00  0.0000000E+00
  0.0000000E+00  0.0000000E+00
  0.0000000E+00  0.0000000E+00
  0.0000000E+00  0.0000000E+00
  0.0000000E+00  0.0000000E+00
  0.0000000E+00  0.0000000E+00
  0.0000000E+00  0.0000000E+00
  0.0000000E+00  0.0000000E+00
  0.0000000E+00  0.0000000E+00
  0.0000000E+00  0.0000000E+00
  0.0000000E+00  0.0000000E+00
  0.0000000E+00  0.0000000E+00
  0.0000000E+00  0.0000000E+00
  0.0000000E+00  0.0000000E+00
  0.0000000E+00  0.0000000E+00
  0.0000000E+00  0.0000000E+00
  0.0000000E+00  0.0000000E+00
  0.0000000E+00  0.0000000E+00
  0.0000000E+00  0.0000000E+00
  0.0000000E+00  0.0000000E+00
  0.0000000E+00  0.0000000E+00
  0.0000000E+00  0.0000000E+00
  0.0000000E+00  0.0000000E+00
  0.0000000E+00  0.0000000E+00
  0.0000000E+00  0.0000000E+00
  0.0000000E+00  0.0000000E+00
  0.0000000E+00  0.0000000E+00
  0.0000000E+00  0.0000000E+00
  0.0000000E+00  0.0000000E+00
  0.0000000E+00  0.0000000E+00
  0.0000000E+00  0.0000000E+00
  0.0000000E+00  0.0000000E+00
  0.0000000E+00  0.0000000E+00
  0.0000000E+00  0.0000000E+00
  0.0000000E+00  0.0000000E+00
  0.0000000E+00  0.0000000E+00
  0.0000000E+00  0.0000000E+00
  0.0000000E+00  0.0000000E+00
  0.0000000E+00  0.0000000E+00
  0.0000000E+00  0.0000000E+00
  0.0000000E+00  0.0000000E+00
  0.0000000E+00  0.0000000E+00
  0.0000000E+00  0.0000000E+00
  0.0000000E+00  0.0000000E+00
  0.0000000E+00  0.0000000E+00
  0.0000000E+00  0.0000000E+00
  0.0000000E+00  0.0000000E+00
  0.0000000E+00  0.0000000E+00
  0.0000000E+00  0.0000000E+00
  0.0000000E+00  0.0000000E+00
  0.0000000E+00  0.0000000E+00
  0.0000000E+00  0.0000000E+00
  0.0000000E+00  0.0000000E+00
  0.0000000E+00  0.0000000E+00
  0.0000000E+00  0.0000000E+00
  0.0000000E+00  0.0000000E+00
  0.0000000E+00  0.0000000E+00
  0.0000000E+00  0.0000000E+00
  0.0000000E+00  0.0000000E+00
  0.0000000E+00  0.0000000E+00
  0.0000000E+00  0.0000000E+00
  0.0000000E+00  0.0000000E+00
  0.0000000E+00  0.0000000E+00
  0.0000000E+00  0.0000000E+00
  0.0000000E+00  0.0000000E+00
  0.0000000E+00  0.0000000E+00
  0.0000000E+00  0.0000000E+00
  0.0000000E+00  0.0000000E+00
  0.0000000E+00  0.0000000E+00
  0.0000000E+00  0.0000000E+00
  0.0000000E+00  0.0000000E+00
  0.0000000E+00  0.0000000E+00
  0.0000000E+00  0.0000000E+00
  0.0000000E+00  0.0000000E+00
  0.0000000E+00  0.0000000E+00
  0.0000000E+00  0.0000000E+00
  0.0000000E+00  0.0000000E+00
  0.0000000E+00  0.0000000E+00
  0.0000000E+00  0.0000000E+00
  0.0000000E+00  0.0000000E+00
  0.0000000E+00  0.0000000E+00
  0.0000000E+00  0.0000000E+00
  0.0000000E+00  0.0000000E+00
  0.0000000E+00  0.0000000E+00
  0.0000000E+00  0.0000000E+00
  0.0000000E+00  0.0000000E+00
  0.0000000E+00  0.0000000E+00
  0.0000000E+00  0.0000000E+00
  0.0000000E+00  0.0000000E+00
  0.0000000E+00  0.0000000E+00
  0.0000000E+00  0.0000000E+00
  0.0000000E+00  0.0000000E+00
  0.0000000E+00  0.0000000E+00
  0.0000000E+00  0.0000000E+00
  0.0000000E+00  0.0000000E+00
  0.0000000E+00  0.0000000E+00
  0.0000000E+00  0.0000000E+00
  0.0000000E+00  0.0000000E+00
  0.0000000E+00  0.0000000E+00
  0.0000000E+00  0.0000000E+00
  0.0000000E+00  0.0000000E+00
  0.0000000E+00  0.0000000E+00
  0.0000000E+00  0.0000000E+00
  0.0000000E+00  0.0000000E+00
  0.0000000E+00  0.0000000E+00
  0.0000000E+00  0.0000000E+00
  0.0000000E+00  0.0000000E+00
  0.0000000E+00  0.0000000E+00
  0.0000000E+00  0.0000000E+00
  0.0000000E+00  0.0000000E+00
  0.0000000E+00  0.0000000E+00
  0.0000000E+00  0.0000000E+00
  0.0000000E+00  0.0000000E+00
  0.0000000E+00  0.0000000E+00
  0.0000000E+00  0.0000000E+00
  0.0000000E+00  0.0000000E+00
  0.0000000E+00  0.0000000E+00
  0.0000000E+00  0.0000000E+00
  0.0000000E+00  0.0000000E+00
  0.0000000E+00  0.0000000E+00
  0.0000000E+00  0.0000000E+00
  0.0000000E+00  0.0000000E+00
  0.0000000E+00  0.0000000E+00
  0.0000000E+00  0.0000000E+00
  0.0000000E+00  0.0000000E+00
  0.0000000E+00  0.0000000E+00
  0.0000000E+00  0.0000000E+00
  0.0000000E+00  0.0000000E+00
  0.0000000E+00  0.0000000E+00
  0.0000000E+00  0.0000000E+00
  0.0000000E+00  0.0000000E+00
  0.0000000E+00  0.0000000E+00
  0.0000000E+00  0.0000000E+00
  0.0000000E+00  0.0000000E+00
  0.0000000E+00  0.0000000E+00
  0.0000000E+00  0.0000000E+00
  0.0000000E+00  0.0000000E+00
  0.0000000E+00  0.0000000E+00
  0.0000000E+00  0.0000000E+00
  0.0000000E+00  0.0000000E+00
  0.0000000E+00  0.0000000E+00
  0.0000000E+00  0.0000000E+00
  0.0000000E+00  0.0000000E+00
  0.0000000E+00  0.0000000E+00
  0.0000000E+00  0.0000000E+00
  0.0000000E+00  0.0000000E+00
  0.0000000E+00  0.0000000E+00
  0.0000000E+00  0.0000000E+00
  0.0000000E+00  0.0000000E+00
  0.0000000E+00  0.0000000E+00
  0.0000000E+00  0.0000000E+00
  0.0000000E+00  0.0000000E+00
  0.0000000E+00  0.0000000E+00
  0.0000000E+00  0.0000000E+00
  0.0000000E+00  0.0000000E+00
  0.0000000E+00  0.0000000E+00
  0.0000000E+00  0.0000000E+00
  0.0000000E+00  0.0000000E+00
  0.0000000E+00  0.0000000E+00
  0.0000000E+00  0.0000000E+00
  0.0000000E+00  0.0000000E+00
  0.0000000E+00  0.0000000E+00
  0.0000000E+00  0.0000000E+00
  0.0000000E+00  0.0000000E+00
  0.0000000E+00  0.0000000E+00
  0.0000000E+00  0.0000000E+00
  0.0000000E+00  0.0000000E+00
  0.0000000E+00  0.0000000E+00
  0.0000000E+00  0.0000000E+00
  0.0000000E+00  0.0000000E+00
  0.0000000E+00  0.0000000E+00
  0.0000000E+00  0.0000000E+00
  0.0000000E+00  0.0000000E+00
  0.0000000E+00  0.0000000E+00
  0.0000000E+00  0.0000000E+00
  0.0000000E+00  0.0000000E+00
  0.0000000E+00  0.0000000E+00
  0.0000000E+00  0.0000000E+00
  0.0000000E+00  0.0000000E+00
  0.0000000E+00  0.0000000E+00
  0.0000000E+00  0.0000000E+00
  0.0000000E+00  0.0000000E+00
  0.0000000E+00  0.0000000E+00
  0.0000000E+00  0.0000000E+00
  0.0000000E+00  0.0000000E+00
  0.0000000E+00  0.0000000E+00
  0.0000000E+00  0.0000000E+00
  0.0000000E+00  0.0000000E+00
  0.0000000E+00  0.0000000E+00
  0.0000000E+00  0.0000000E+00
  0.0000000E+00  0.0000000E+00
  0.0000000E+00  0.0000000E+00
  0.0000000E+00  0.0000000E+00
  0.0000000E+00  0.0000000E+00
  0.0000000E+00  0.0000000E+00
  0.0000000E+00  0.0000000E+00
  0.0000000E+00  0.0000000E+00
  0.0000000E+00  0.0000000E+00
  0.0000000E+00  0.0000000E+00
  0.0000000E+00  0.0000000E+00
  0.0000000E+00  0.0000000E+00
  0.0000000E+00  0.0000000E+00
  0.0000000E+00  0.0000000E+00
  0.0000000E+00  0.0000000E+00
  0.0000000E+00  0.0000000E+00
  0.0000000E+00  0.0000000E+00
  0.0000000E+00  0.0000000E+00
  0.0000000E+00  0.0000000E+00
  0.0000000E+00  0.0000000E+00
  0.0000000E+00  0.0000000E+00
  0.0000000E+00  0.0000000E+00
  0.0000000E+00  0.0000000E+00
  0.0000000E+00  0.0000000E+00
  0.0000000E+00  0.0000000E+00
  0.0000000E+00  0.0000000E+00
  0.0000000E+00  0.0000000E+00
  0.0000000E+00  0.0000000E+00
  0.0000000E+00  0.0000000E+00
  0.0000000E+00  0.0000000E+00
  0.0000000E+00  0.0000000E+00
  0.0000000E+00  0.0000000E+00
  0.0000000E+00  0.0000000E+00
  0.0000000E+00  0.0000000E+00
  0.0000000E+00  0.0000000E+00
  0.0000000E+00  0.0000000E+00
  0.0000000E+00  0.0000000E+00
  0.0000000E+00  0.0000000E+00
  0.0000000E+00  0.0000000E+00
  0.0000000E+00  0.0000000E+00
  0.0000000E+00  0.0000000E+00
  0.0000000E+00  0.0000000E+00
  0.0000000E+00  0.0000000E+00
  0.0000000E+00  0.0000000E+00
  0.0000000E+00  0.0000000E+00
  0.0000000E+00  0.0000000E+00
  0.0000000E+00  0.0000000E+00
  0.0000000E+00  0.0000000E+00
  0.0000000E+00  0.0000000E+00
  0.0000000E+00  0.0000000E+00
  0.0000000E+00  0.0000000E+00
  0.0000000E+00  0.0000000E+00
  0.0000000E+00  0.0000000E+00
  0.0000000E+00  0.0000000E+00
  0.0000000E+00  0.0000000E+00
  0.0000000E+00  0.0000000E+00
  0.0000000E+00  0.0000000E+00
  0.0000000E+00  0.0000000E+00
  0.0000000E+00  0.0000000E+00
  0.0000000E+00  0.0000000E+00
  0.0000000E+00  0.0000000E+00
  0.0000000E+00  0.0000000E+00
  0.0000000E+00  0.0000000E+00
  0.0000000E+00  0.0000000E+00
  0.0000000E+00  0.0000000E+00
  0.0000000E+00  0.0000000E+00
  0.0000000E+00  0.0000000E+00
  0.0000000E+00  0.0000000E+00
  0.0000000E+00  0.0000000E+00
  0.0000000E+00  0.0000000E+00
  0.0000000E+00  0.0000000E+00
  0.0000000E+00  0.0000000E+00
  0.0000000E+00  0.0000000E+00
  0.0000000E+00  0.0000000E+00
  0.0000000E+00  0.0000000E+00
  0.0000000E+00  0.0000000E+00
  0.0000000E+00  0.0000000E+00
  0.0000000E+00  0.0000000E+00
  0.0000000E+00  0.0000000E+00
  0.0000000E+00  0.0000000E+00
  0.0000000E+00  0.0000000E+00
  0.0000000E+00  0.0000000E+00
  0.0000000E+00  0.0000000E+00
  0.0000000E+00  0.0000000E+00
  0.0000000E+00  0.0000000E+00
  0.0000000E+00  0.0000000E+00
  0.0000000E+00  0.0000000E+00
  0.0000000E+00  0.0000000E+00
  0.0000000E+00  0.0000000E+00
  0.0000000E+00  0.0000000E+00
  0.0000000E+00  0.0000000E+00
  0.0000000E+00  0.0000000E+00
  0.0000000E+00  0.0000000E+00
  0.0000000E+00  0.0000000E+00
  0.0000000E+00  0.0000000E+00
  0.0000000E+00  0.0000000E+00
  0.0000000E+00  0.0000000E+00
  0.0000000E+00  0.0000000E+00
  0.0000000E+00  0.0000000E+00
  0.0000000E+00  0.0000000E+00
  0.0000000E+00  0.0000000E+00
  0.0000000E+00  0.0000000E+00
  0.0000000E+00  0.0000000E+00
  0.0000000E+00  0.0000000E+00
  0.0000000E+00  0.0000000E+00
  0.0000000E+00  0.0000000E+00
  0.0000000E+00  0.0000000E+00
  0.0000000E+00  0.0000000E+00
  0.0000000E+00  0.0000000E+00
  0.0000000E+00  0.0000000E+00
  0.0000000E+00  0.0000000E+00
  0.0000000E+00  0.0000000E+00
  0.0000000E+00  0.0000000E+00
  0.0000000E+00  0.0000000E+00
  0.0000000E+00  0.0000000E+00
  0.0000000E+00  0.0000000E+00
  0.0000000E+00  0.0000000E+00
  0.0000000E+00  0.0000000E+00
  0.0000000E+00  0.0000000E+00
  0.0000000E+00  0.0000000E+00
  0.0000000E+00  0.0000000E+00
  0.0000000E+00  0.0000000E+00
  0.0000000E+00  0.0000000E+00
  0.0000000E+00  0.0000000E+00
  0.0000000E+00  0.0000000E+00
  0.0000000E+00  0.0000000E+00
  0.0000000E+00  0.0000000E+00
  0.0000000E+00  0.0000000E+00
  0.0000000E+00  0.0000000E+00
  0.0000000E+00  0.0000000E+00
  0.0000000E+00  0.0000000E+00
  0.0000000E+00  0.0000000E+00
  0.0000000E+00  0.0000000E+00
  0.0000000E+00  0.0000000E+00
  0.0000000E+00  0.0000000E+00
  0.0000000E+00  0.0000000E+00
  0.0000000E+00  0.0000000E+00
  0.0000000E+00  0.0000000E+00
  0.0000000E+00  0.0000000E+00
  0.0000000E+00  0.0000000E+00
  0.0000000E+00  0.0000000E+00
  0.0000000E+00  0.0000000E+00
  0.0000000E+00  0.0000000E+00
  0.0000000E+00  0.0000000E+00
  0.0000000E+00  0.0000000E+00
  0.0000000E+00  0.0000000E+00
  0.0000000E+00  0.0000000E+00
  0.0000000E+00  0.0000000E+00
  0.0000000E+00  0.0000000E+00
  0.0000000E+00  0.0000000E+00
  0.0000000E+00  0.0000000E+00
  0.0000000E+00  0.0000000E+00
  0.0000000E+00  0.0000000E+00
  0.0000000E+00  0.0000000E+00
  0.0000000E+00  0.0000000E+00
  0.0000000E+00  0.0000000E+00
  0.0000000E+00  0.0000000E+00
  0.0000000E+00  0.0000000E+00
  0.0000000E+00  0.0000000E+00
  0.0000000E+00  0.0000000E+00
  0.0000000E+00  0.0000000E+00
  0.0000000E+00  0.0000000E+00
  0.0000000E+00  0.0000000E+00
  0.0000000E+00  0.0000000E+00
  0.0000000E+00  0.0000000E+00
  0.0000000E+00  0.0000000E+00
  0.0000000E+00  0.0000000E+00
  0.0000000E+00  0.0000000E+00
  0.0000000E+00  0.0000000E+00
  0.0000000E+00  0.0000000E+00
  0.0000000E+00  0.0000000E+00
  0.0000000E+00  0.0000000E+00
  0.0000000E+00  0.0000000E+00
  0.0000000E+00  0.0000000E+00
  0.0000000E+00  0.0000000E+00
  0.0000000E+00  0.0000000E+00
  0.0000000E+00  0.0000000E+00
  0.0000000E+00  0.0000000E+00
  0.0000000E+00  0.0000000E+00
  0.0000000E+00  0.0000000E+00
  0.0000000E+00  0.0000000E+00
  0.0000000E+00  0.0000000E+00
  0.0000000E+00  0.0000000E+00
  0.0000000E+00  0.0000000E+00
  0.0000000E+00  0.0000000E+00
  0.0000000E+00  0.0000000E+00
  0.0000000E+00  0.0000000E+00
  0.0000000E+00  0.0000000E+00
  0.0000000E+00  0.0000000E+00
  0.0000000E+00  0.0000000E+00
  0.0000000E+00  0.0000000E+00
  0.0000000E+00  0.0000000E+00
  0.0000000E+00  0.0000000E+00
  0.0000000E+00  0.0000000E+00
  0.0000000E+00  0.0000000E+00
  0.0000000E+00  0.0000000E+00
  0.0000000E+00  0.0000000E+00
  0.0000000E+00  0.0000000E+00
  0.0000000E+00  0.0000000E+00
  0.0000000E+00  0.0000000E+00
  0.0000000E+00  0.0000000E+00
  0.0000000E+00  0.0000000E+00
  0.0000000E+00  0.0000000E+00
  0.0000000E+00  0.0000000E+00
  0.0000000E+00  0.0000000E+00
  0.0000000E+00  0.0000000E+00
  0.0000000E+00  0.0000000E+00
  0.0000000E+00  0.0000000E+00
  0.0000000E+00  0.0000000E+00
  0.0000000E+00  0.0000000E+00
  0.0000000E+00  0.0000000E+00
  0.0000000E+00  0.0000000E+00
  0.0000000E+00  0.0000000E+00
  0.0000000E+00  0.0000000E+00
  0.0000000E+00  0.0000000E+00
  0.0000000E+00  0.0000000E+00
  0.0000000E+00  0.0000000E+00
  0.0000000E+00  0.0000000E+00
  0.0000000E+00  0.0000000E+00
  0.0000000E+00  0.0000000E+00
  0.0000000E+00  0.0000000E+00
  0.0000000E+00  0.0000000E+00
  0.0000000E+00  0.0000000E+00
  0.0000000E+00  0.0000000E+00
  0.0000000E+00  0.0000000E+00
  0.0000000E+00  0.0000000E+00
  0.0000000E+00  0.0000000E+00
  0.0000000E+00  0.0000000E+00
  0.0000000E+00  0.0000000E+00
  0.0000000E+00  0.0000000E+00
  0.0000000E+00  0.0000000E+00
  0.0000000E+00  0.0000000E+00
  0.0000000E+00  0.0000000E+00
  0.0000000E+00  0.0000000E+00
  0.0000000E+00  0.0000000E+00
  0.0000000E+00  0.0000000E+00
  0.0000000E+00  0.0000000E+00
  0.0000000E+00  0.0000000E+00
  0.0000000E+00  0.0000000E+00
  0.0000000E+00  0.0000000E+00
  0.0000000E+00  0.0000000E+00
  0.0000000E+00  0.0000000E+00
  0.0000000E+00  0.0000000E+00
  0.0000000E+00  0.0000000E+00
  0.0000000E+00  0.0000000E+00
  0.0000000E+00  0.0000000E+00
  0.0000000E+00  0.0000000E+00
  0.0000000E+00  0.0000000E+00
  0.0000000E+00  0.0000000E+00
  0.0000000E+00  0.0000000E+00
  0.0000000E+00  0.0000000E+00
  0.0000000E+00  0.0000000E+00
  0.0000000E+00  0.0000000E+00
  0.0000000E+00  0.0000000E+00
  0.0000000E+00  0.0000000E+00
  0.0000000E+00  0.0000000E+00
  0.0000000E+00  0.0000000E+00
  0.0000000E+00  0.0000000E+00
  0.0000000E+00  0.0000000E+00
  0.0000000E+00  0.0000000E+00
  0.0000000E+00  0.0000000E+00
  0.0000000E+00  0.0000000E+00
  0.0000000E+00  0.0000000E+00
  0.0000000E+00  0.0000000E+00
  0.0000000E+00  0.0000000E+00
  0.0000000E+00  0.0000000E+00
  0.0000000E+00  0.0000000E+00
  0.0000000E+00  0.0000000E+00
  0.0000000E+00  0.0000000E+00
  0.0000000E+00  0.0000000E+00
  0.0000000E+00  0.0000000E+00
  0.0000000E+00  0.0000000E+00
  0.0000000E+00  0.0000000E+00
  0.0000000E+00  0.0000000E+00
  0.0000000E+00  0.0000000E+00
  0.0000000E+00  0.0000000E+00
  0.0000000E+00  0.0000000E+00
  0.0000000E+00  0.0000000E+00
  0.0000000E+00  0.0000000E+00
  0.0000000E+00  0.0000000E+00
  0.0000000E+00  0.0000000E+00
  0.0000000E+00  0.0000000E+00
  0.0000000E+00  0.0000000E+00
  0.0000000E+00  0.0000000E+00
  0.0000000E+00  0.0000000E+00
  0.0000000E+00  0.0000000E+00
  0.0000000E+00  0.0000000E+00
  0.0000000E+00  0.0000000E+00
  0.0000000E+00  0.0000000E+00
  0.0000000E+00  0.0000000E+00
  0.0000000E+00  0.0000000E+00
  0.0000000E+00  0.0000000E+00
  0.0000000E+00  0.0000000E+00
  0.0000000E+00  0.0000000E+00
  0.0000000E+00  0.0000000E+00
  0.0000000E+00  0.0000000E+00
  0.0000000E+00  0.0000000E+00
  0.0000000E+00  0.0000000E+00
  0.0000000E+00  0.0000000E+00
  0.0000000E+00  0.0000000E+00
  0.0000000E+00  0.0000000E+00
  0.0000000E+00  0.0000000E+00
  0.0000000E+00  0.0000000E+00
  0.0000000E+00  0.0000000E+00
  0.0000000E+00  0.0000000E+00
  0.0000000E+00  0.0000000E+00
  0.0000000E+00  0.0000000E+00
  0.0000000E+00  0.0000000E+00
  0.0000000E+00  0.0000000E+00
  0.0000000E+00  0.0000000E+00
  0.0000000E+00  0.0000000E+00
  0.0000000E+00  0.0000000E+00
  0.0000000E+00  0.0000000E+00
  0.0000000E+00  0.0000000E+00
  0.0000000E+00  0.0000000E+00
  0.0000000E+00  0.0000000E+00
  0.0000000E+00  0.0000000E+00
  0.0000000E+00  0.0000000E+00
  0.0000000E+00  0.0000000E+00
  0.0000000E+00  0.0000000E+00
  0.0000000E+00  0.0000000E+00
  0.0000000E+00  0.0000000E+00
  0.0000000E+00  0.0000000E+00
  0.0000000E+00  0.0000000E+00
  0.0000000E+00  0.0000000E+00
  0.0000000E+00  0.0000000E+00
  0.0000000E+00  0.0000000E+00
  0.0000000E+00  0.0000000E+00
  0.0000000E+00  0.0000000E+00
  0.0000000E+00  0.0000000E+00
  0.0000000E+00  0.0000000E+00
  0.0000000E+00  0.0000000E+00
  0.0000000E+00  0.0000000E+00
  0.0000000E+00  0.0000000E+00
  0.0000000E+00  0.0000000E+00
  0.0000000E+00  0.0000000E+00
  0.0000000E+00  0.0000000E+00
  0.0000000E+00  0.0000000E+00
  0.0000000E+00  0.0000000E+00
  0.0000000E+00  0.0000000E+00
  0.0000000E+00  0.0000000E+00
  0.0000000E+00  0.0000000E+00
  0.0000000E+00  0.0000000E+00
  0.0000000E+00  0.0000000E+00
  0.0000000E+00  0.0000000E+00
  0.0000000E+00  0.0000000E+00
  0.0000000E+00  0.0000000E+00
  0.0000000E+00  0.0000000E+00
  0.0000000E+00  0.0000000E+00
  0.0000000E+00  0.0000000E+00
  0.0000000E+00  0.0000000E+00
  0.0000000E+00  0.0000000E+00
  0.0000000E+00  0.0000000E+00
  0.0000000E+00  0.0000000E+00
  0.0000000E+00  0.0000000E+00
  0.0000000E+00  0.0000000E+00
  0.0000000E+00  0.0000000E+00
  0.0000000E+00  0.0000000E+00
  0.0000000E+00  0.0000000E+00
  0.0000000E+00  0.0000000E+00
  0.0000000E+00  0.0000000E+00
  0.0000000E+00  0.0000000E+00
  0.0000000E+00  0.0000000E+00
  0.0000000E+00  0.0000000E+00
  0.0000000E+00  0.0000000E+00
  0.0000000E+00  0.0000000E+00
  0.0000000E+00  0.0000000E+00
  0.0000000E+00  0.0000000E+00
  0.0000000E+00  0.0000000E+00
  0.0000000E+00  0.0000000E+00
  0.0000000E+00  0.0000000E+00
  0.0000000E+00  0.0000000E+00
  0.0000000E+00  0.0000000E+00
  0.0000000E+00  0.0000000E+00
  0.0000000E+00  0.0000000E+00
  0.0000000E+00  0.0000000E+00
  0.0000000E+00  0.0000000E+00
  0.0000000E+00  0.0000000E+00
  0.0000000E+00  0.0000000E+00
  0.0000000E+00  0.0000000E+00
  0.0000000E+00  0.0000000E+00
  0.0000000E+00  0.0000000E+00
  0.0000000E+00  0.0000000E+00
  0.0000000E+00  0.0000000E+00
  0.0000000E+00  0.0000000E+00
  0.0000000E+00  0.0000000E+00
  0.0000000E+00  0.0000000E+00
  0.0000000E+00  0.0000000E+00
  0.0000000E+00  0.0000000E+00
  0.0000000E+00  0.0000000E+00
  0.0000000E+00  0.0000000E+00
  0.0000000E+00  0.0000000E+00
  0.0000000E+00  0.0000000E+00
  0.0000000E+00  0.0000000E+00
  0.0000000E+00  0.0000000E+00
  0.0000000E+00  0.0000000E+00
  0.0000000E+00  0.0000000E+00
  0.0000000E+00  0.0000000E+00
  0.0000000E+00  0.0000000E+00
  0.0000000E+00  0.0000000E+00
  0.0000000E+00  0.0000000E+00
  0.0000000E+00  0.0000000E+00
  0.0000000E+00  0.0000000E+00
  0.0000000E+00  0.0000000E+00
  0.0000000E+00  0.0000000E+00
  0.0000000E+00  0.0000000E+00
  0.0000000E+00  0.0000000E+00
  0.0000000E+00  0.0000000E+00
  0.0000000E+00  0.0000000E+00
  0.0000000E+00  0.0000000E+00
  0.0000000E+00  0.0000000E+00
  0.0000000E+00  0.0000000E+00
  0.0000000E+00  0.0000000E+00
  0.0000000E+00  0.0000000E+00
  0.0000000E+00  0.0000000E+00
  0.0000000E+00  0.0000000E+00
  0.0000000E+00  0.0000000E+00
  0.0000000E+00  0.0000000E+00
  0.0000000E+00  0.0000000E+00
  0.0000000E+00  0.0000000E+00
  0.0000000E+00  0.0000000E+00
  0.0000000E+00  0.0000000E+00
  0.0000000E+00  0.0000000E+00
  0.0000000E+00  0.0000000E+00
  0.0000000E+00  0.0000000E+00
  0.0000000E+00  0.0000000E+00
  0.0000000E+00  0.0000000E+00
  0.0000000E+00  0.0000000E+00
  0.0000000E+00  0.0000000E+00
  0.0000000E+00  0.0000000E+00
  0.0000000E+00  0.0000000E+00
  0.0000000E+00  0.0000000E+00
  0.0000000E+00  0.0000000E+00
  0.0000000E+00  0.0000000E+00
  0.0000000E+00  0.0000000E+00
  0.0000000E+00  0.0000000E+00
  0.0000000E+00  0.0000000E+00
  0.0000000E+00  0.0000000E+00
  0.0000000E+00  0.0000000E+00
  0.0000000E+00  0.0000000E+00
  0.0000000E+00  0.0000000E+00
  0.0000000E+00  0.0000000E+00
  0.0000000E+00  0.0000000E+00
  0.0000000E+00  0.0000000E+00
  0.0000000E+00  0.0000000E+00
  0.0000000E+00  0.0000000E+00
  0.0000000E+00  0.0000000E+00
  0.0000000E+00  0.0000000E+00
  0.0000000E+00  0.0000000E+00
  0.0000000E+00  0.0000000E+00
  0.0000000E+00  0.0000000E+00
  0.0000000E+00  0.0000000E+00
  0.0000000E+00  0.0000000E+00
  0.0000000E+00  0.0000000E+00
  0.0000000E+00  0.0000000E+00
  0.0000000E+00  0.0000000E+00
  0.0000000E+00  0.0000000E+00
  0.0000000E+00  0.0000000E+00
  0.0000000E+00  0.0000000E+00
  0.0000000E+00  0.0000000E+00
  0.0000000E+00  0.0000000E+00
  0.0000000E+00  0.0000000E+00
  0.0000000E+00  0.0000000E+00
  0.0000000E+00  0.0000000E+00
  0.0000000E+00  0.0000000E+00
  0.0000000E+00  0.0000000E+00
  0.0000000E+00  0.0000000E+00
  0.0000000E+00  0.0000000E+00
  0.0000000E+00  0.0000000E+00
  0.0000000E+00  0.0000000E+00
  0.0000000E+00  0.0000000E+00
  0.0000000E+00  0.0000000E+00
  0.0000000E+00  0.0000000E+00
  0.0000000E+00  0.0000000E+00
  0.0000000E+00  0.0000000E+00
  0.0000000E+00  0.0000000E+00
  0.0000000E+00  0.0000000E+00
  0.0000000E+00  0.0000000E+00
  0.0000000E+00  0.0000000E+00
  0.0000000E+00  0.0000000E+00
  0.0000000E+00  0.0000000E+00
  0.0000000E+00  0.0000000E+00
  0.0000000E+00  0.0000000E+00
  0.0000000E+00  0.0000000E+00
  0.0000000E+00  0.0000000E+00
  0.0000000E+00  0.0000000E+00
  0.0000000E+00  0.0000000E+00
  0.0000000E+00  0.0000000E+00
  0.0000000E+00  0.0000000E+00
  0.0000000E+00  0.0000000E+00
  0.0000000E+00  0.0000000E+00
  0.0000000E+00  0.0000000E+00
  0.0000000E+00  0.0000000E+00
  0.0000000E+00  0.0000000E+00
  0.0000000E+00  0.0000000E+00
  0.0000000E+00  0.0000000E+00
  0.0000000E+00  0.0000000E+00
  0.0000000E+00  0.0000000E+00
  0.0000000E+00  0.0000000E+00
  0.0000000E+00  0.0000000E+00
  0.0000000E+00  0.0000000E+00
  0.0000000E+00  0.0000000E+00
  0.0000000E+00  0.0000000E+00
  0.0000000E+00  0.0000000E+00
  0.0000000E+00  0.0000000E+00
  0.0000000E+00  0.0000000E+00
  0.0000000E+00  0.0000000E+00
  0.0000000E+00  0.0000000E+00
  0.0000000E+00  0.0000000E+00
  0.0000000E+00  0.0000000E+00
  0.0000000E+00  0.0000000E+00
  0.0000000E+00  0.0000000E+00
  0.0000000E+00  0.0000000E+00
  0.0000000E+00  0.0000000E+00
  0.0000000E+00  0.0000000E+00
  0.0000000E+00  0.0000000E+00
  0.0000000E+00  0.0000000E+00
  0.0000000E+00  0.0000000E+00
  0.0000000E+00  0.0000000E+00
  0.0000000E+00  0.0000000E+00
  0.0000000E+00  0.0000000E+00
  0.0000000E+00  0.0000000E+00
  0.0000000E+00  0.0000000E+00
  0.0000000E+00  0.0000000E+00
  0.0000000E+00  0.0000000E+00
  0.0000000E+00  0.0000000E+00
  0.0000000E+00  0.0000000E+00
  0.0000000E+00  0.0000000E+00
  0.0000000E+00  0.0000000E+00
  0.0000000E+00  0.0000000E+00
  0.0000000E+00  0.0000000E+00
  0.0000000E+00  0.0000000E+00
  0.0000000E+00  0.0000000E+00
  0.0000000E+00  0.0000000E+00
  0.0000000E+00  0.0000000E+00
  0.0000000E+00  0.0000000E+00
  0.0000000E+00  0.0000000E+00
