 -0.6392173E+00  0.1212690E-04
 -0.1237207E+00  0.7983283E-05
  0.1827359E+00  0.6398299E-05
  0.4252692E+00  0.5511701E-05
  0.6408475E+00  0.4886401E-05
  0.8487701E+00  0.4380953E-05
  0.3493410E+00  0.5907387E-06
  0.1348228E+01  0.2958486E-05
  0.1495022E+01  0.2510551E-05
  0.1671549E+01  0.1821318E-05
  0.2033671E+01 -0.1095653E-06
  0.2019910E+01 -0.8775652E-07
  0.2001051E+01 -0.8318204E-07
  0.1972905E+01 -0.9209236E-07
  0.1935836E+01 -0.1229203E-06
  0.1893036E+01 -0.1345037E-06
  0.1838640E+01 -0.1502200E-06
  0.1773850E+01 -0.1731460E-06
  0.1705273E+01 -0.1907558E-06
  0.1629210E+01 -0.2275775E-06
  0.1544154E+01 -0.2707251E-06
  0.1455228E+01 -0.3045158E-06
  0.1359456E+01 -0.3538689E-06
  0.1255986E+01 -0.4059874E-06
  0.1149390E+01 -0.4539431E-06
  0.1037289E+01 -0.5115480E-06
  0.9192697E+00 -0.5710231E-06
  0.7990795E+00 -0.6280948E-06
  0.6749859E+00 -0.6930616E-06
  0.5470287E+00 -0.7595772E-06
  0.4179563E+00 -0.8189494E-06
  0.2866612E+00 -0.8923074E-06
  0.1536723E+00 -0.9589417E-06
  0.2066758E-01 -0.1024167E-05
 -0.1128043E+00 -0.1094583E-05
 -0.2457354E+00 -0.1162952E-05
 -0.3775831E+00 -0.1229669E-05
 -0.5081010E+00 -0.1296362E-05
 -0.6358564E+00 -0.1362568E-05
 -0.7614545E+00 -0.1428323E-05
 -0.8839728E+00 -0.1487293E-05
 -0.1001590E+01 -0.1544784E-05
 -0.1116054E+01 -0.1605882E-05
 -0.1225767E+01 -0.1657598E-05
 -0.1328607E+01 -0.1706096E-05
 -0.1427415E+01 -0.1761024E-05
 -0.1519940E+01 -0.1802128E-05
 -0.1603882E+01 -0.1838837E-05
 -0.1683045E+01 -0.1883198E-05
 -0.1754627E+01 -0.1912020E-05
 -0.1816245E+01 -0.1936332E-05
 -0.1872549E+01 -0.1971609E-05
 -0.1920254E+01 -0.1987571E-05
 -0.1957039E+01 -0.2002817E-05
 -0.1988210E+01 -0.2026169E-05
 -0.2010139E+01 -0.2028023E-05
 -0.2020606E+01 -0.2028398E-05
 -0.2025310E+01 -0.2039678E-05
 -0.2020527E+01 -0.2031267E-05
 -0.2004232E+01 -0.2021147E-05
 -0.1982318E+01 -0.2021461E-05
 -0.1951036E+01 -0.1999719E-05
 -0.1908785E+01 -0.1974751E-05
 -0.1861357E+01 -0.1962602E-05
 -0.1805029E+01 -0.1930305E-05
 -0.1738438E+01 -0.1892975E-05
 -0.1667257E+01 -0.1865885E-05
 -0.1588132E+01 -0.1827013E-05
 -0.1499939E+01 -0.1779503E-05
 -0.1407839E+01 -0.1743794E-05
 -0.1309065E+01 -0.1690941E-05
 -0.1202863E+01 -0.1636122E-05
 -0.1093692E+01 -0.1585998E-05
 -0.9792567E+00 -0.1526892E-05
 -0.8592542E+00 -0.1463108E-05
 -0.7372578E+00 -0.1407308E-05
 -0.6116036E+00 -0.1343104E-05
 -0.4824295E+00 -0.1274583E-05
 -0.3522979E+00 -0.1212039E-05
 -0.2201612E+00 -0.1146687E-05
 -0.8652204E-01 -0.1082429E-05
  0.4753176E-01 -0.1026043E-05
  0.1807334E+00 -0.9565140E-06
  0.3135709E+00 -0.8936109E-06
  0.4452328E+00 -0.8307870E-06
  0.5750895E+00 -0.7690570E-06
  0.7025060E+00 -0.7099461E-06
  0.8268220E+00 -0.6529090E-06
  0.9475072E+00 -0.5983288E-06
  0.1064079E+01 -0.5439119E-06
  0.1176066E+01 -0.4940821E-06
  0.1283003E+01 -0.4437949E-06
  0.1384393E+01 -0.3991389E-06
  0.1479749E+01 -0.3555074E-06
  0.1568634E+01 -0.3162338E-06
  0.1650780E+01 -0.2818871E-06
  0.1725715E+01 -0.2484070E-06
  0.1792863E+01 -0.2200899E-06
  0.1851675E+01 -0.1929953E-06
  0.1901211E+01 -0.1733089E-06
  0.1937764E+01 -0.1267505E-06
  0.1970481E+01 -0.7816021E-07
  0.1998419E+01 -0.6889297E-07
  0.2019976E+01 -0.9077286E-07
  0.2037338E+01 -0.1462439E-06
  0.1667065E+01  0.1820734E-05
  0.1486099E+01  0.2515332E-05
  0.1330877E+01  0.2979364E-05
  0.1171860E+01  0.3386001E-05
  0.1000405E+01  0.3784304E-05
  0.8221962E+00  0.4227545E-05
  0.6380293E+00  0.4730574E-05
  0.1767249E+00  0.6388948E-05
 -0.1311916E+00  0.7947527E-05
 -0.6526417E+00  0.1220250E-04
 -0.6695754E+00  0.1219963E-04
  0.2867944E+00  0.3924936E-06
 -0.4805195E+00  0.8781603E-05
 -0.4024702E+00  0.7028100E-05
 -0.2859489E+00  0.4699456E-05
 -0.1475549E+00  0.2016553E-05
  0.7564470E-03 -0.8366584E-06
  0.1490333E+00 -0.3683527E-05
  0.2889755E+00 -0.6384730E-05
  0.4163661E+00 -0.8849871E-05
  0.5264331E+00 -0.1097080E-04
  0.6124757E+00 -0.1263769E-04
  0.6709211E+00 -0.1377753E-04
  0.7001486E+00 -0.1434937E-04
  0.6998577E+00 -0.1434409E-04
  0.6702445E+00 -0.1375726E-04
  0.6122011E+00 -0.1261388E-04
  0.5275088E+00 -0.1095340E-04
  0.4189967E+00 -0.8844828E-05
  0.2909333E+00 -0.6369852E-05
  0.1489676E+00 -0.3638975E-05
  0.4307464E-03 -0.7876631E-06
 -0.1469152E+00  0.2047411E-05
 -0.2879618E+00  0.4767718E-05
 -0.4168413E+00  0.7248780E-05
 -0.5237633E+00  0.9326708E-05
 -0.6003618E+00  0.1088857E-04
 -0.6385823E+00  0.1183647E-04
  0.6873472E+00  0.2922549E-05
  0.7556761E+00  0.3268338E-05
  0.4133031E+00  0.5291697E-05
  0.6156588E+00  0.4676196E-05
  0.8171818E+00  0.4120347E-05
  0.1485602E+01  0.2474903E-05
  0.2345043E+00  0.3642408E-05
  0.1641380E+01  0.1790630E-05
  0.1659792E+01  0.1810454E-05
  0.1615250E+01  0.1762132E-05
  0.1585513E+01  0.1700083E-05
  0.1547696E+01  0.1641281E-05
  0.1499149E+01  0.1585402E-05
  0.1445065E+01  0.1515533E-05
  0.1386071E+01  0.1428932E-05
  0.1321723E+01  0.1328115E-05
  0.1252147E+01  0.1216053E-05
  0.1177428E+01  0.1096702E-05
  0.1097700E+01  0.9651471E-06
  0.1013350E+01  0.8272274E-06
  0.9246678E+00  0.6813801E-06
  0.8319250E+00  0.5296286E-06
  0.7356124E+00  0.3690819E-06
  0.6361872E+00  0.2035895E-06
  0.5340273E+00  0.3409616E-07
  0.4295814E+00 -0.1377342E-06
  0.3232647E+00 -0.3157553E-06
  0.2155180E+00 -0.4942323E-06
  0.1067925E+00 -0.6757083E-06
 -0.2427809E-02 -0.8586471E-06
 -0.1116980E+00 -0.1040081E-05
 -0.2205444E+00 -0.1222523E-05
 -0.3284473E+00 -0.1400370E-05
 -0.4349900E+00 -0.1579358E-05
 -0.5397286E+00 -0.1754953E-05
 -0.6421322E+00 -0.1924250E-05
 -0.7418088E+00 -0.2089243E-05
 -0.8383456E+00 -0.2249687E-05
 -0.9312358E+00 -0.2400479E-05
 -0.1020097E+01 -0.2547768E-05
 -0.1104585E+01 -0.2688110E-05
 -0.1184212E+01 -0.2819035E-05
 -0.1258664E+01 -0.2941814E-05
 -0.1327652E+01 -0.3054007E-05
 -0.1390760E+01 -0.3156264E-05
 -0.1447729E+01 -0.3248696E-05
 -0.1498377E+01 -0.3331596E-05
 -0.1542364E+01 -0.3401700E-05
 -0.1579472E+01 -0.3462653E-05
 -0.1609725E+01 -0.3510513E-05
 -0.1632922E+01 -0.3546615E-05
 -0.1648839E+01 -0.3571674E-05
 -0.1657486E+01 -0.3586244E-05
 -0.1658802E+01 -0.3589128E-05
 -0.1652734E+01 -0.3578824E-05
 -0.1639473E+01 -0.3556233E-05
 -0.1618961E+01 -0.3526580E-05
 -0.1591353E+01 -0.3479437E-05
 -0.1557159E+01 -0.3423985E-05
 -0.1516154E+01 -0.3356353E-05
 -0.1468214E+01 -0.3278536E-05
 -0.1413980E+01 -0.3190475E-05
 -0.1353627E+01 -0.3093316E-05
 -0.1287163E+01 -0.2984574E-05
 -0.1215140E+01 -0.2868342E-05
 -0.1137905E+01 -0.2741927E-05
 -0.1055716E+01 -0.2607888E-05
 -0.9690866E+00 -0.2467060E-05
 -0.8783256E+00 -0.2318212E-05
 -0.7837134E+00 -0.2160603E-05
 -0.6857834E+00 -0.1999193E-05
 -0.5849277E+00 -0.1830064E-05
 -0.4814892E+00 -0.1661131E-05
 -0.3759475E+00 -0.1485459E-05
 -0.2687513E+00 -0.1308482E-05
 -0.1603419E+00 -0.1126959E-05
 -0.5122804E-01 -0.9456688E-06
  0.5810899E-01 -0.7675043E-06
  0.1672528E+00 -0.5853480E-06
  0.2758556E+00 -0.4069651E-06
  0.3834419E+00 -0.2296978E-06
  0.4895233E+00 -0.5666033E-07
  0.5934314E+00  0.1157048E-06
  0.6945593E+00  0.2818228E-06
  0.7925904E+00  0.4434897E-06
  0.8872200E+00  0.5995992E-06
  0.9780892E+00  0.7491898E-06
  0.1064787E+01  0.8913851E-06
  0.1146860E+01  0.1026477E-05
  0.1223908E+01  0.1150575E-05
  0.1295691E+01  0.1266906E-05
  0.1362039E+01  0.1370185E-05
  0.1422378E+01  0.1466285E-05
  0.1476056E+01  0.1555529E-05
  0.1522784E+01  0.1632997E-05
  0.1562320E+01  0.1703226E-05
  0.1594523E+01  0.1761337E-05
  0.1620169E+01  0.1813287E-05
  0.1640146E+01  0.1838556E-05
  0.1655542E+01  0.1844531E-05
  0.1477130E+01  0.2526730E-05
 -0.1644911E+00  0.7959492E-05
  0.1322133E+01  0.2985894E-05
  0.1162653E+01  0.3396953E-05
  0.9923905E+00  0.3813912E-05
  0.8138286E+00  0.4258397E-05
  0.6264389E+00  0.4754498E-05
 -0.1048181E+00  0.4408905E-05
  0.1199707E+00  0.6478657E-05
 -0.7878067E-01  0.2886579E-05
  0.3354113E+00  0.4156077E-05
 -0.1072657E+00  0.5567541E-05
 -0.4176164E-01  0.1086426E-05
  0.7003311E-03 -0.8362213E-06
  0.4257272E-01 -0.2735304E-05
  0.8012558E-01 -0.4537441E-05
  0.1155602E+00 -0.6212451E-05
  0.1479898E+00 -0.7663391E-05
  0.1726038E+00 -0.8802112E-05
  0.1880405E+00 -0.9572906E-05
  0.1950583E+00 -0.9966499E-05
  0.1947185E+00 -0.9966290E-05
  0.1868965E+00 -0.9558393E-05
  0.1719245E+00 -0.8777407E-05
  0.1497465E+00 -0.7650397E-05
  0.1203217E+00 -0.6222398E-05
  0.8435896E-01 -0.4552696E-05
  0.4347435E-01 -0.2717232E-05
  0.1037096E-02 -0.8191585E-06
 -0.3951893E-01  0.1068881E-05
 -0.7942017E-01  0.2928319E-05
 -0.1166256E+00  0.4619033E-05
 -0.1437173E+00  0.6001728E-05
 -0.1549327E+00  0.7030331E-05
 -0.1425072E+00  0.7733694E-05
  0.1343132E+01  0.2803451E-05
  0.9964185E+00  0.3572140E-05
  0.3574991E+00  0.5524099E-05
  0.1051748E+01  0.3687868E-05
  0.1277774E+01  0.3060364E-05
  0.5879399E+00  0.4343789E-05
  0.1468958E+01  0.2441526E-05
  0.3922727E+00  0.4995210E-05
  0.1337885E+01  0.2189365E-05
  0.1285834E+01  0.2095611E-05
  0.1230982E+01  0.1985712E-05
  0.1171753E+01  0.1857760E-05
  0.1108259E+01  0.1718458E-05
  0.1040750E+01  0.1564271E-05
  0.9690520E+00  0.1401824E-05
  0.8932077E+00  0.1228983E-05
  0.8136054E+00  0.1046405E-05
  0.7303771E+00  0.8581077E-06
  0.6439988E+00  0.6607448E-06
  0.5551233E+00  0.4549652E-06
  0.4639154E+00  0.2489967E-06
  0.3705977E+00  0.3165599E-07
  0.2756239E+00 -0.1840341E-06
  0.1794136E+00 -0.4060502E-06
  0.8230249E-01 -0.6309493E-06
 -0.1523307E-01 -0.8567184E-06
 -0.1127343E+00 -0.1082041E-05
 -0.2097440E+00 -0.1305178E-05
 -0.3058488E+00 -0.1525077E-05
 -0.4007205E+00 -0.1746331E-05
 -0.4938689E+00 -0.1958478E-05
 -0.5849030E+00 -0.2168116E-05
 -0.6735121E+00 -0.2371782E-05
 -0.7592000E+00 -0.2567403E-05
 -0.8415919E+00 -0.2757965E-05
 -0.9204120E+00 -0.2938898E-05
 -0.9952077E+00 -0.3108772E-05
 -0.1065623E+01 -0.3268328E-05
 -0.1131444E+01 -0.3415695E-05
 -0.1192274E+01 -0.3556666E-05
 -0.1247813E+01 -0.3680281E-05
 -0.1297918E+01 -0.3793869E-05
 -0.1342261E+01 -0.3894034E-05
 -0.1380555E+01 -0.3980563E-05
 -0.1412736E+01 -0.4052234E-05
 -0.1438962E+01 -0.4111304E-05
 -0.1458920E+01 -0.4157045E-05
 -0.1472002E+01 -0.4186103E-05
 -0.1478634E+01 -0.4203438E-05
 -0.1478895E+01 -0.4205262E-05
 -0.1472451E+01 -0.4189519E-05
 -0.1459472E+01 -0.4160822E-05
 -0.1440248E+01 -0.4117639E-05
 -0.1415121E+01 -0.4058786E-05
 -0.1384744E+01 -0.3982343E-05
 -0.1347998E+01 -0.3896423E-05
 -0.1304234E+01 -0.3799810E-05
 -0.1254959E+01 -0.3689863E-05
 -0.1200156E+01 -0.3566503E-05
 -0.1139571E+01 -0.3432556E-05
 -0.1074098E+01 -0.3287920E-05
 -0.1004212E+01 -0.3131934E-05
 -0.9300800E+00 -0.2964380E-05
 -0.8521425E+00 -0.2787248E-05
 -0.7706320E+00 -0.2600144E-05
 -0.6857148E+00 -0.2408043E-05
 -0.5979623E+00 -0.2207080E-05
 -0.5077671E+00 -0.2000695E-05
 -0.4151647E+00 -0.1785202E-05
 -0.3206058E+00 -0.1571130E-05
 -0.2247309E+00 -0.1346799E-05
 -0.1280720E+00 -0.1125823E-05
 -0.3098166E-01 -0.9037445E-06
  0.6627136E-01 -0.6780247E-06
  0.1634416E+00 -0.4562623E-06
  0.2603364E+00 -0.2344881E-06
  0.3562672E+00 -0.1884149E-07
  0.4508609E+00  0.1968153E-06
  0.5430935E+00  0.4076171E-06
  0.6323959E+00  0.6146994E-06
  0.7189941E+00  0.8158084E-06
  0.8027206E+00  0.1010056E-05
  0.8832259E+00  0.1194691E-05
  0.9599473E+00  0.1370990E-05
  0.1032400E+01  0.1534456E-05
  0.1100447E+01  0.1691322E-05
  0.1164186E+01  0.1831512E-05
  0.1223530E+01  0.1958323E-05
  0.1276980E+01  0.2071572E-05
  0.1323299E+01  0.2181978E-05
  0.1363615E+01  0.2278036E-05
  0.1398190E+01  0.2357675E-05
  0.1425548E+01  0.2427184E-05
  0.1446606E+01  0.2480970E-05
  0.1463628E+01  0.2515146E-05
  0.4820858E-01  0.2171669E-05
  0.1024093E+00  0.4353596E-05
  0.1148876E+01  0.3383397E-05
  0.9769142E+00  0.3801956E-05
  0.7662775E+00  0.3861333E-05
  0.8023159E+00  0.4227502E-05
  0.6247437E+00  0.4668457E-05
  0.1700949E-01  0.6440324E-05
  0.2332048E-01  0.7121919E-06
 -0.7085902E-03 -0.8635288E-06
  0.1309604E+01  0.2972491E-05
 -0.2539355E-01 -0.2375845E-05
 -0.5339665E-01 -0.3807149E-05
 -0.7541031E-01 -0.5194433E-05
 -0.8821721E-01 -0.6391518E-05
 -0.9939575E-01 -0.7332264E-05
 -0.1097568E+00 -0.7966042E-05
 -0.1164146E+00 -0.8302366E-05
 -0.1169624E+00 -0.8316717E-05
 -0.1121284E+00 -0.7960181E-05
 -0.1013004E+00 -0.7298648E-05
 -0.8531012E-01 -0.6373356E-05
 -0.6608693E-01 -0.5209138E-05
 -0.4529283E-01 -0.3859506E-05
 -0.2406362E-01 -0.2393061E-05
 -0.1561311E-02 -0.8974148E-06
  0.2521224E-01  0.5958860E-06
  0.5021009E-01  0.2160019E-05
  0.6998780E-01  0.3566971E-05
  0.9010407E-01  0.4674627E-05
  0.1186442E+00  0.5485718E-05
  0.6997398E-01  0.3375200E-05
  0.1445497E+01  0.2401277E-05
  0.1387322E+01  0.2245021E-05
  0.1421581E+01  0.2312130E-05
 -0.7004184E-01  0.6240078E-05
  0.9308852E+00  0.3388813E-05
  0.3422453E+00  0.4563448E-05
  0.1207648E+01  0.2604053E-05
  0.1156745E+01  0.2483489E-05
  0.9894960E+00  0.2049099E-05
  0.9285230E+00  0.1871319E-05
  0.8640813E+00  0.1687756E-05
  0.7955297E+00  0.1487940E-05
  0.7237592E+00  0.1280790E-05
  0.6486498E+00  0.1064376E-05
  0.5708713E+00  0.8400674E-06
  0.4913885E+00  0.6095014E-06
  0.4098730E+00  0.3745154E-06
  0.3259364E+00  0.1338464E-06
  0.2401977E+00 -0.1136829E-06
  0.1535728E+00 -0.3666394E-06
  0.6603456E-01 -0.6237133E-06
 -0.2188888E-01 -0.8794033E-06
 -0.1094685E+00 -0.1133850E-05
 -0.1964200E+00 -0.1384368E-05
 -0.2824924E+00 -0.1634715E-05
 -0.3675317E+00 -0.1880935E-05
 -0.4508860E+00 -0.2121323E-05
 -0.5322306E+00 -0.2357126E-05
 -0.6115820E+00 -0.2585888E-05
 -0.6881656E+00 -0.2806319E-05
 -0.7615476E+00 -0.3020025E-05
 -0.8320592E+00 -0.3220856E-05
 -0.8987705E+00 -0.3415181E-05
 -0.9612236E+00 -0.3595826E-05
 -0.1020010E+01 -0.3763165E-05
 -0.1074131E+01 -0.3918268E-05
 -0.1123115E+01 -0.4061972E-05
 -0.1167755E+01 -0.4188627E-05
 -0.1206979E+01 -0.4300029E-05
 -0.1240307E+01 -0.4398305E-05
 -0.1268923E+01 -0.4476920E-05
 -0.1293278E+01 -0.4535668E-05
 -0.1310197E+01 -0.4589204E-05
 -0.1319554E+01 -0.4628654E-05
 -0.1324837E+01 -0.4646837E-05
 -0.1324544E+01 -0.4646901E-05
 -0.1317563E+01 -0.4632015E-05
 -0.1305426E+01 -0.4593207E-05
 -0.1288200E+01 -0.4540211E-05
 -0.1266813E+01 -0.4466135E-05
 -0.1243518E+01 -0.4365394E-05
 -0.1211867E+01 -0.4267382E-05
 -0.1170289E+01 -0.4165116E-05
 -0.1125305E+01 -0.4038631E-05
 -0.1074755E+01 -0.3900597E-05
 -0.1017722E+01 -0.3752842E-05
 -0.9574162E+00 -0.3587721E-05
 -0.8935917E+00 -0.3406741E-05
 -0.8261428E+00 -0.3217026E-05
 -0.7559152E+00 -0.3012317E-05
 -0.6822497E+00 -0.2803509E-05
 -0.6052755E+00 -0.2584103E-05
 -0.5264362E+00 -0.2355429E-05
 -0.4453803E+00 -0.2119818E-05
 -0.3615862E+00 -0.1878309E-05
 -0.2759199E+00 -0.1630360E-05
 -0.1895399E+00 -0.1379530E-05
 -0.1031684E+00 -0.1125162E-05
 -0.1647534E-01 -0.8747000E-06
  0.7064335E-01 -0.6214856E-06
  0.1576793E+00 -0.3707654E-06
  0.2450517E+00 -0.1255589E-06
  0.3309539E+00  0.1183606E-06
  0.4159729E+00  0.3554057E-06
  0.4976296E+00  0.5948764E-06
  0.5756993E+00  0.8295583E-06
  0.6524306E+00  0.1065653E-05
  0.7274299E+00  0.1286071E-05
  0.7997318E+00  0.1495606E-05
  0.8682778E+00  0.1691549E-05
  0.9325322E+00  0.1880081E-05
  0.9935755E+00  0.2057449E-05
  0.1052234E+01  0.2209906E-05
  0.1108275E+01  0.2336414E-05
  0.1155836E+01  0.2458719E-05
  0.1192722E+01  0.2586009E-05
  0.1227398E+01  0.2696233E-05
  0.1259849E+01  0.2777866E-05
  0.1280788E+01  0.2855778E-05
  0.1294754E+01  0.2927687E-05
 -0.8543145E-01 -0.2158862E-05
 -0.4078606E-02 -0.9088548E-06
  0.1184116E+01  0.3136901E-05
  0.1607544E+00  0.4965459E-05
  0.1573951E+00  0.1779116E-05
  0.7374647E+00  0.3561398E-05
  0.1309061E+01  0.2797739E-05
  0.9595909E+00  0.3754537E-05
 -0.1009206E+01 -0.5398223E-05
 -0.1742761E+00 -0.3328301E-05
  0.1104586E+01  0.2355293E-05
  0.7909469E-01  0.4826535E-06
  0.1206604E+01  0.3300461E-05
  0.1131748E+01  0.3114269E-05
 -0.2899858E+00 -0.5629550E-05
 -0.3276527E+00 -0.6452005E-05
 -0.3592311E+00 -0.6998073E-05
 -0.3782311E+00 -0.7308414E-05
 -0.3792149E+00 -0.7345647E-05
 -0.3647899E+00 -0.6993125E-05
 -0.3333304E+00 -0.6393856E-05
 -0.2858788E+00 -0.5588000E-05
 -0.2262848E+00 -0.4594816E-05
 -0.1582996E+00 -0.3447679E-05
 -0.8589422E-01 -0.2217673E-05
 -0.1183950E-01 -0.9899107E-06
  0.7303675E-01  0.2119613E-06
  0.1582591E+00  0.1671624E-05
  0.2285325E+00  0.2925122E-05
  0.2832956E+00  0.3860958E-05
  0.2192756E+00  0.3066340E-05
  0.1133971E+01  0.3333663E-05
  0.1048423E+01  0.2215165E-05
  0.7980232E+00  0.4135446E-05
 -0.1046761E+01 -0.5115806E-05
 -0.2463069E+00 -0.4584221E-05
  0.6688918E+00  0.4424836E-05
  0.8955184E+00  0.3126637E-05
  0.1076345E+01  0.2995664E-05
  0.6120526E+00  0.3852903E-05
  0.7030823E+00  0.4050853E-05
  0.1303241E+01  0.2652156E-05
  0.1034956E+01  0.2820810E-05
  0.1418727E+00  0.3351065E-06
  0.8759345E+00  0.2342748E-05
  0.8238688E+00  0.2134142E-05
  0.6417282E+00  0.1471481E-05
  0.5748531E+00  0.1237960E-05
  0.5048798E+00  0.9899663E-06
  0.4359959E+00  0.7359063E-06
  0.3649279E+00  0.4882191E-06
  0.2890897E+00  0.2322679E-06
  0.2104950E+00 -0.4707607E-07
  0.1329266E+00 -0.3347895E-06
  0.5386404E-01 -0.6179651E-06
 -0.2525216E-01 -0.9052022E-06
 -0.1030313E+00 -0.1183510E-05
 -0.1800959E+00 -0.1450340E-05
 -0.2562617E+00 -0.1729494E-05
 -0.3323142E+00 -0.1996508E-05
 -0.4063345E+00 -0.2254073E-05
 -0.4778405E+00 -0.2518941E-05
 -0.5492014E+00 -0.2769429E-05
 -0.6171207E+00 -0.3006339E-05
 -0.6810281E+00 -0.3245601E-05
 -0.7446985E+00 -0.3466998E-05
 -0.8036869E+00 -0.3672698E-05
 -0.8573515E+00 -0.3878925E-05
 -0.9107750E+00 -0.4060303E-05
 -0.9584391E+00 -0.4226617E-05
 -0.9997120E+00 -0.4391568E-05
 -0.1040673E+01 -0.4525881E-05
 -0.1074991E+01 -0.4646911E-05
 -0.1102493E+01 -0.4764418E-05
 -0.1130099E+01 -0.4843273E-05
 -0.1157203E+01 -0.4884020E-05
 -0.1167966E+01 -0.4949913E-05
 -0.1167736E+01 -0.5025056E-05
 -0.1172998E+01 -0.5040343E-05
 -0.1172927E+01 -0.5035896E-05
 -0.1163669E+01 -0.5022473E-05
 -0.1154574E+01 -0.4969936E-05
 -0.1141475E+01 -0.4902519E-05
 -0.1124104E+01 -0.4807206E-05
 -0.1115162E+01 -0.4662610E-05
 -0.1090751E+01 -0.4562000E-05
 -0.1046239E+01 -0.4481142E-05
 -0.1006749E+01 -0.4327941E-05
 -0.9595731E+00 -0.4187951E-05
 -0.9025605E+00 -0.4035970E-05
 -0.8479598E+00 -0.3843382E-05
 -0.7908638E+00 -0.3646404E-05
 -0.7294200E+00 -0.3435990E-05
 -0.6677209E+00 -0.3204245E-05
 -0.6015887E+00 -0.2978105E-05
 -0.5305593E+00 -0.2744066E-05
 -0.4608086E+00 -0.2484916E-05
 -0.3893899E+00 -0.2224647E-05
 -0.3130690E+00 -0.1958519E-05
 -0.2347507E+00 -0.1679190E-05
 -0.1572330E+00 -0.1392390E-05
 -0.8165541E-01 -0.1116419E-05
 -0.5202685E-02 -0.8455444E-06
  0.7280502E-01 -0.5677466E-06
  0.1496953E+00 -0.2943517E-06
  0.2293182E+00 -0.3627162E-07
  0.3038329E+00  0.2284178E-06
  0.3803495E+00  0.4803368E-06
  0.4493508E+00  0.7412703E-06
  0.5135058E+00  0.1001258E-05
  0.5820209E+00  0.1269844E-05
  0.6506994E+00  0.1527854E-05
  0.7169843E+00  0.1755122E-05
  0.7782350E+00  0.1963354E-05
  0.8338622E+00  0.2177971E-05
  0.8895789E+00  0.2373906E-05
  0.9467552E+00  0.2537057E-05
  0.1004382E+01  0.2629883E-05
  0.1042834E+01  0.2745859E-05
  0.1059497E+01  0.2916576E-05
  0.1091182E+01  0.3053715E-05
  0.1133074E+01  0.3104806E-05
  0.9308111E+00  0.2533773E-05
  0.9862559E+00  0.2675573E-05
  0.1267808E+01  0.2684743E-05
 -0.6325740E+00 -0.6563317E-05
  0.4839662E+00  0.3412503E-05
  0.2700958E+00  0.1458094E-05
 -0.4192428E+00 -0.4135689E-05
  0.9182665E+00  0.3701499E-05
  0.5907850E+00  0.3923833E-05
 -0.1432283E+00 -0.1998939E-05
  0.6864930E+00  0.3233362E-05
  0.5304917E+00  0.3810450E-05
 -0.4866963E+00 -0.5074978E-05
 -0.5452571E+00 -0.5809290E-05
 -0.6347920E+00 -0.6649875E-05
 -0.6111382E+00 -0.6258249E-05
 -0.5600067E+00 -0.5689735E-05
 -0.4823776E+00 -0.4986270E-05
 -0.3840109E+00 -0.4121719E-05
 -0.2704593E+00 -0.3129606E-05
 -0.1488465E+00 -0.2074432E-05
 -0.3341840E-01 -0.1068289E-05
  0.2217108E+00  0.5911274E-05
  0.2758965E+00  0.1304260E-05
  0.3875267E+00  0.2485575E-05
  0.4629575E+00  0.3249728E-05
  0.3818482E+00  0.2481304E-05
  0.7675311E+00  0.1928019E-05
 -0.5982469E+00 -0.6258557E-05
  0.7050103E+00  0.1707738E-05
  0.1581736E+00  0.6019892E-05
  0.8169618E+00  0.2866629E-05
  0.1135309E+01  0.3210033E-05
  0.7637630E+00  0.4078846E-05
  0.7600800E+00  0.2617335E-05
 -0.8582595E+00 -0.5739636E-05
  0.1363355E+01  0.2831014E-05
  0.1802957E+00  0.1877418E-06
 -0.7669025E+00 -0.5213089E-05
  0.4415750E+00  0.1115644E-05
  0.7235467E+00  0.2358647E-05
  0.5648484E+00  0.1635279E-05
  0.5075855E+00  0.1401295E-05
  0.3306156E+00  0.6003473E-06
  0.2599743E+00  0.3682102E-06
  0.1780882E+00  0.4231919E-07
  0.1109837E+00 -0.3159708E-06
  0.4173211E-01 -0.6161356E-06
 -0.2913569E-01 -0.9473866E-06
 -0.9643866E-01 -0.1229334E-05
 -0.1615524E+00 -0.1495174E-05
 -0.2276829E+00 -0.1809641E-05
 -0.2972465E+00 -0.2097130E-05
 -0.3603911E+00 -0.2355354E-05
 -0.4208353E+00 -0.2664417E-05
 -0.4882538E+00 -0.2928284E-05
 -0.5462887E+00 -0.3164032E-05
 -0.5981477E+00 -0.3451376E-05
 -0.6600740E+00 -0.3677771E-05
 -0.7103544E+00 -0.3885163E-05
 -0.7513594E+00 -0.4139259E-05
 -0.8052793E+00 -0.4317264E-05
 -0.8458309E+00 -0.4487745E-05
 -0.8742468E+00 -0.4699782E-05
 -0.9179825E+00 -0.4820909E-05
 -0.9471389E+00 -0.4941769E-05
 -0.9645035E+00 -0.5109000E-05
 -0.1000437E+01 -0.5171280E-05
 -0.1024378E+01 -0.5271665E-05
 -0.1022015E+01 -0.5388954E-05
 -0.1023892E+01 -0.5376935E-05
 -0.1005325E+01 -0.5394480E-05
 -0.1007231E+01 -0.5293775E-05
 -0.1000232E+01 -0.5205849E-05
 -0.9824628E+00 -0.5101591E-05
 -0.9344339E+00 -0.4779385E-05
 -0.8528702E+00 -0.4542138E-05
 -0.7857197E+00 -0.4320651E-05
 -0.7435162E+00 -0.4056722E-05
 -0.6969682E+00 -0.3856561E-05
 -0.6383680E+00 -0.3643441E-05
 -0.5890598E+00 -0.3368965E-05
 -0.5298862E+00 -0.3142203E-05
 -0.4518285E+00 -0.2922607E-05
 -0.3923073E+00 -0.2591275E-05
 -0.3399094E+00 -0.2317916E-05
 -0.2696299E+00 -0.2035619E-05
 -0.1948568E+00 -0.1712297E-05
 -0.1241972E+00 -0.1377395E-05
 -0.6153227E-01 -0.1087114E-05
  0.2746593E-02 -0.8191499E-06
  0.7552572E-01 -0.4997408E-06
  0.1110531E+01  0.3434047E-05
  0.3861196E+00  0.7788616E-06
  0.4387812E+00  0.1095553E-05
  0.5067933E+00  0.1451581E-05
  0.5742695E+00  0.1778303E-05
  0.6376077E+00  0.1993041E-05
  0.6910728E+00  0.2197401E-05
  0.7343270E+00  0.2445007E-05
  0.7858148E+00  0.2689103E-05
  0.8488004E+00  0.2890163E-05
  0.4787916E-01 -0.5215325E-06
  0.6776388E+00  0.2145946E-05
 -0.8493264E+00 -0.5754717E-05
  0.6333231E+00  0.2702242E-05
  0.3626238E+00  0.1126465E-05
 -0.5508141E+00 -0.3873266E-05
  0.6272528E+00  0.2826683E-05
 -0.8142881E+00 -0.5572731E-05
 -0.8216496E+00 -0.5461046E-05
  0.5536695E+00  0.4600105E-05
  0.6163580E+00  0.1905251E-05
 -0.7462956E+00 -0.5006882E-05
 -0.6428694E+00 -0.4404352E-05
 -0.5124029E+00 -0.3667142E-05
 -0.3611476E+00 -0.2818891E-05
 -0.1976141E+00 -0.1913565E-05
 -0.3994941E-01 -0.1082011E-05
  0.4492232E+00  0.5245853E-05
  0.3794396E+00  0.1080889E-05
  0.5231588E+00  0.2046077E-05
  0.4256585E+00  0.5393551E-05
 -0.1713415E+00 -0.1877533E-05
  0.3857827E+00  0.8402444E-06
 -0.2950950E-01 -0.1039595E-05
 -0.8287901E-01 -0.1239885E-05
  0.1999837E+00  0.1816716E-09
  0.6191932E-01 -0.5361014E-06
 -0.6580707E+00 -0.4576575E-05
  0.5020064E+00  0.1952950E-05
 -0.8801830E+00 -0.5560266E-05
  0.4439038E+00  0.4579351E-05
  0.2528566E+00  0.5382059E-05
  0.8953543E+00  0.3246530E-05
  0.1039295E+01  0.3379098E-05
  0.5120113E+00  0.4738558E-05
 -0.3282884E+00  0.8679913E-05
 -0.4996526E+00  0.9749677E-05
  0.1835236E+00  0.3304670E-06
  0.8114706E-01 -0.1236264E-06
  0.8774034E+00  0.2937648E-05
 -0.3910837E+00 -0.3323177E-05
  0.1007205E+01  0.3212711E-05
 -0.2678509E+00 -0.2881547E-05
 -0.1752656E-01 -0.9336762E-06
 -0.9052110E+00 -0.4534102E-05
  0.1370461E+00 -0.2417274E-06
 -0.8846585E+00 -0.5714865E-05
 -0.3079036E+00 -0.2507150E-05
  0.8865851E+00  0.3536503E-05
 -0.5029417E+00 -0.3401064E-05
  0.3140360E+00  0.8314125E-06
 -0.8709617E+00 -0.5564792E-05
  0.4684012E+00  0.1675350E-05
 -0.8152311E+00 -0.5162260E-05
 -0.6299790E+00 -0.4179865E-05
  0.6119166E+00  0.2466586E-05
  0.5860132E+00  0.2306017E-05
 -0.7232579E+00 -0.4647718E-05
 -0.6010666E+00 -0.3983011E-05
 -0.4542523E+00 -0.3196357E-05
 -0.2893810E+00 -0.2321925E-05
 -0.1167661E+00 -0.1408033E-05
  0.5118614E-01 -0.4535365E-06
  0.2945608E+00  0.6580146E-06
  0.9350159E+00  0.2917736E-05
 -0.9972855E+00 -0.4877063E-05
 -0.2413000E+00 -0.2064618E-05
  0.2550789E+00  0.4078638E-06
  0.4364004E+00  0.1659747E-05
 -0.7261523E+00 -0.4867236E-05
 -0.1189380E+01  0.1797296E-04
 -0.1350794E+01  0.1524200E-04
 -0.1573621E+01  0.1434959E-04
 -0.1798150E+01  0.1387900E-04
 -0.2017877E+01  0.1356556E-04
 -0.2232087E+01  0.1332244E-04
 -0.2440866E+01  0.1311397E-04
 -0.2644515E+01  0.1292660E-04
 -0.2843185E+01  0.1275080E-04
 -0.3036962E+01  0.1258292E-04
 -0.3225798E+01  0.1241979E-04
 -0.3409657E+01  0.1225903E-04
 -0.3588547E+01  0.1209893E-04
 -0.3762627E+01  0.1193907E-04
 -0.3932840E+01  0.1178020E-04
 -0.4101159E+01  0.1162711E-04
 -0.4272153E+01  0.1148764E-04
 -0.4455468E+01  0.1138349E-04
 -0.4672408E+01  0.1135902E-04
 -0.4973854E+01  0.1152219E-04
 -0.4756444E+01  0.1101546E-04
 -0.4331152E+01  0.1002733E-04
 -0.3716582E+01  0.8601233E-05
 -0.2939543E+01  0.6799562E-05
 -0.2033996E+01  0.4701034E-05
 -0.1039496E+01  0.2397305E-05
  0.3848524E-03 -0.1085312E-07
  0.1040116E+01 -0.2417764E-05
  0.2034391E+01 -0.4718715E-05
  0.2939791E+01 -0.6813144E-05
  0.3716756E+01 -0.8609464E-05
  0.4331290E+01 -0.1002943E-04
  0.4756529E+01 -0.1101045E-04
  0.4973898E+01 -0.1150982E-04
  0.4973882E+01 -0.1150632E-04
  0.4756488E+01 -0.1099908E-04
  0.4331211E+01 -0.1001095E-04
  0.3716640E+01 -0.8585216E-05
  0.2939630E+01 -0.6783434E-05
  0.2034149E+01 -0.4685228E-05
  0.1039765E+01 -0.2381699E-05
 -0.6158782E-04  0.2628064E-07
 -0.1039884E+01  0.2433452E-05
 -0.2034250E+01  0.4734561E-05
 -0.2939704E+01  0.6829292E-05
 -0.3716675E+01  0.8625539E-05
 -0.4331211E+01  0.1004527E-04
 -0.4756450E+01  0.1102635E-04
 -0.4973830E+01  0.1152622E-04
 -0.4672355E+01  0.1136252E-04
 -0.4455424E+01  0.1138743E-04
 -0.4272120E+01  0.1149167E-04
 -0.4101110E+01  0.1163068E-04
 -0.3932810E+01  0.1178396E-04
 -0.3762621E+01  0.1194264E-04
 -0.3588477E+01  0.1210272E-04
 -0.3409600E+01  0.1226296E-04
 -0.3225737E+01  0.1242364E-04
 -0.3036885E+01  0.1258662E-04
 -0.2843134E+01  0.1275467E-04
 -0.2644472E+01  0.1293045E-04
 -0.2440828E+01  0.1311837E-04
 -0.2232079E+01  0.1332661E-04
 -0.2017870E+01  0.1357020E-04
 -0.1798135E+01  0.1388427E-04
 -0.1573599E+01  0.1435518E-04
 -0.1350626E+01  0.1524808E-04
 -0.1187809E+01  0.1796838E-04
 -0.1135800E+01  0.1718564E-04
 -0.1034830E+01  0.1564410E-04
 -0.8883392E+00  0.1340765E-04
 -0.7026669E+00  0.1057471E-04
 -0.4861999E+00  0.7272622E-05
 -0.2485695E+00  0.3643363E-05
 -0.1355028E-03 -0.1546282E-06
  0.2482598E+00 -0.3954777E-05
  0.4858222E+00 -0.7588872E-05
  0.7021395E+00 -0.1089953E-04
  0.8877735E+00 -0.1374162E-04
  0.1034538E+01 -0.1599176E-04
  0.1136075E+01 -0.1755181E-04
  0.1187990E+01 -0.1835143E-04
  0.1188025E+01 -0.1835733E-04
  0.1136120E+01 -0.1756756E-04
  0.1034495E+01 -0.1601885E-04
  0.8875791E+00 -0.1377833E-04
  0.7018873E+00 -0.1094309E-04
  0.4855511E+00 -0.7638004E-05
  0.2480555E+00 -0.4005824E-05
 -0.3832008E-03 -0.2066975E-06
 -0.2488918E+00  0.3592148E-05
 -0.4866723E+00  0.7224695E-05
 -0.7031093E+00  0.1053014E-04
 -0.8875756E+00  0.1335281E-04
 -0.1028899E+01  0.1554141E-04
 -0.1133299E+01  0.1713394E-04
 -0.1719471E+01  0.1326985E-04
 -0.1929628E+01  0.1297055E-04
 -0.2134447E+01  0.1273763E-04
 -0.2334112E+01  0.1253889E-04
 -0.2528859E+01  0.1235910E-04
 -0.2718850E+01  0.1219078E-04
 -0.2904155E+01  0.1203042E-04
 -0.3084736E+01  0.1187413E-04
 -0.3260538E+01  0.1172043E-04
 -0.3431565E+01  0.1156667E-04
 -0.3598035E+01  0.1141392E-04
 -0.3760786E+01  0.1126226E-04
 -0.3921765E+01  0.1111557E-04
 -0.4085330E+01  0.1098260E-04
 -0.4260668E+01  0.1088265E-04
 -0.4468151E+01  0.1085887E-04
 -0.4068554E+01  0.9884444E-05
 -0.3491126E+01  0.8478966E-05
 -0.2760892E+01  0.6702734E-05
 -0.1909425E+01  0.4632192E-05
 -0.9743913E+00  0.2359346E-05
  0.2596680E-02 -0.1476387E-07
  0.9786249E+00 -0.2385474E-05
  0.1911939E+01 -0.4651642E-05
  0.2762048E+01 -0.6714967E-05
  0.3491730E+01 -0.8485226E-05
  0.4068942E+01 -0.9884887E-05
  0.4468356E+01 -0.1085138E-04
  0.4672521E+01 -0.1134389E-04
  0.4672482E+01 -0.1134009E-04
  0.4468228E+01 -0.1084016E-04
  0.4068699E+01 -0.9866066E-05
  0.3491348E+01 -0.8460594E-05
  0.2761409E+01 -0.6684764E-05
  0.1910785E+01 -0.4616492E-05
  0.9766462E+00 -0.2345860E-05
 -0.1671289E-03  0.2756012E-07
 -0.9769707E+00  0.2400198E-05
 -0.1911063E+01  0.4668421E-05
 -0.2761624E+01  0.6732871E-05
 -0.3491477E+01  0.8503426E-05
 -0.4068744E+01  0.9903092E-05
 -0.4468179E+01  0.1086994E-04
 -0.4260746E+01  0.1089382E-04
 -0.4085462E+01  0.1099360E-04
 -0.3921961E+01  0.1112670E-04
 -0.3760994E+01  0.1127373E-04
 -0.3598225E+01  0.1142569E-04
 -0.3431673E+01  0.1157855E-04
 -0.3260570E+01  0.1173206E-04
 -0.3084742E+01  0.1188630E-04
 -0.2904158E+01  0.1204265E-04
 -0.2718879E+01  0.1220326E-04
 -0.2528903E+01  0.1237172E-04
 -0.2334159E+01  0.1255169E-04
 -0.2134536E+01  0.1275162E-04
 -0.1929682E+01  0.1298451E-04
 -0.1719555E+01  0.1328502E-04
 -0.1504769E+01  0.1373453E-04
 -0.1291396E+01  0.1458489E-04
 -0.1175892E+01  0.1328575E-04
 -0.1009044E+01  0.1140641E-04
 -0.7981136E+00  0.9028565E-05
 -0.5522894E+00  0.6256491E-05
 -0.2823636E+00  0.3211459E-05
 -0.1607969E-03  0.2465546E-07
  0.2820168E+00 -0.3163376E-05
  0.5518547E+00 -0.6213069E-05
  0.7975849E+00 -0.8990977E-05
  0.1008464E+01 -0.1137638E-04
  0.1175247E+01 -0.1326451E-04
  0.1290640E+01 -0.1457350E-04
  0.1349633E+01 -0.1524505E-04
  0.1349653E+01 -0.1524960E-04
  0.1290664E+01 -0.1458740E-04
  0.1175241E+01 -0.1328800E-04
  0.1008413E+01 -0.1140813E-04
  0.7975339E+00 -0.9029103E-05
  0.5518020E+00 -0.6255515E-05
  0.2819507E+00 -0.3208066E-05
 -0.2479745E-03 -0.2078617E-07
 -0.2825068E+00  0.3166970E-05
 -0.5525092E+00  0.6216001E-05
 -0.7983495E+00  0.8992254E-05
 -0.1009097E+01  0.1137300E-04
 -0.1175461E+01  0.1325420E-04
 -0.1291205E+01  0.1456443E-04
 -0.1504681E+01  0.1371830E-04
 -0.1757024E+01  0.1181192E-04
 -0.2302621E+01  0.1125382E-04
 -0.2475610E+01  0.1110010E-04
 -0.2644321E+01  0.1095328E-04
 -0.2808712E+01  0.1081082E-04
 -0.2968717E+01  0.1066989E-04
 -0.3124201E+01  0.1052959E-04
 -0.3275495E+01  0.1038994E-04
 -0.3423553E+01  0.1025125E-04
 -0.3570370E+01  0.1011786E-04
 -0.3719607E+01  0.9996998E-05
 -0.3879498E+01  0.9906293E-05
 -0.3328360E+01  0.8496730E-05
 -0.1816393E+01  0.4632341E-05
 -0.2630670E+01  0.6713112E-05
 -0.9235635E+00  0.2351486E-05
  0.8086580E-02 -0.2758605E-07
  0.9372063E+00 -0.2398599E-05
  0.1825278E+01 -0.4664343E-05
  0.2634776E+01 -0.6729000E-05
  0.3330039E+01 -0.8501549E-05
  0.3880234E+01 -0.9903042E-05
  0.4261046E+01 -0.1087217E-04
  0.4455696E+01 -0.1136512E-04
  0.4455611E+01 -0.1136135E-04
  0.4260828E+01 -0.1086063E-04
  0.3879823E+01 -0.9884439E-05
  0.3329253E+01 -0.8476141E-05
  0.2633177E+01 -0.6696344E-05
  0.1822021E+01 -0.4623984E-05
  0.9312388E+00 -0.2348855E-05
 -0.2292844E-03  0.2937919E-07
 -0.9316787E+00  0.2406800E-05
 -0.1822393E+01  0.4679465E-05
 -0.2633455E+01  0.6748234E-05
 -0.3329420E+01  0.8522511E-05
 -0.3879868E+01  0.9924765E-05
 -0.3720251E+01  0.1001602E-04
 -0.3424772E+01  0.1027137E-04
 -0.3571348E+01  0.1013734E-04
 -0.3276518E+01  0.1040977E-04
 -0.3124848E+01  0.1054967E-04
 -0.2969025E+01  0.1068938E-04
 -0.2808905E+01  0.1083063E-04
 -0.2644469E+01  0.1097355E-04
 -0.2475747E+01  0.1112052E-04
 -0.2302756E+01  0.1127435E-04
 -0.2125440E+01  0.1143928E-04
 -0.1943670E+01  0.1162170E-04
 -0.1757147E+01  0.1183431E-04
 -0.1565817E+01  0.1210785E-04
 -0.1370214E+01  0.1251593E-04
 -0.1175814E+01  0.1075251E-04
 -0.6435786E+00  0.5920493E-05
 -0.9300203E+00  0.8521879E-05
 -0.3290387E+00  0.3062912E-05
 -0.1572565E-03  0.7312020E-07
  0.3286993E+00 -0.2917660E-05
  0.6431753E+00 -0.5779122E-05
  0.9295551E+00 -0.8386038E-05
  0.1175287E+01 -0.1062382E-04
  0.1369681E+01 -0.1239583E-04
  0.1504185E+01 -0.1362313E-04
  0.1572934E+01 -0.1425301E-04
  0.1572944E+01 -0.1425772E-04
  0.1504206E+01 -0.1363706E-04
  0.1369709E+01 -0.1241790E-04
  0.1175352E+01 -0.1065377E-04
  0.9295965E+00 -0.8421966E-05
  0.6432422E+00 -0.5819591E-05
  0.3287480E+00 -0.2960996E-05
 -0.1251789E-03  0.2920526E-07
 -0.3290274E+00  0.3019963E-05
 -0.6435707E+00  0.5880769E-05
 -0.9299807E+00  0.8485825E-05
 -0.1175709E+01  0.1072093E-04
 -0.1370038E+01  0.1249050E-04
 -0.1943504E+01  0.1159938E-04
 -0.2125298E+01  0.1141790E-04
 -0.1565666E+01  0.1208425E-04
 -0.2268862E+01  0.9399570E-05
 -0.2124104E+01  0.9526059E-05
 -0.2546662E+01  0.9154902E-05
 -0.2679237E+01  0.9032256E-05
 -0.2807945E+01  0.8908388E-05
 -0.2934350E+01  0.8787033E-05
 -0.3060655E+01  0.8672749E-05
 -0.3190005E+01  0.8572128E-05
  0.1426642E-01 -0.4328990E-07
  0.9035217E+00 -0.2431030E-05
 -0.1735955E+01  0.4661325E-05
 -0.8793139E+00  0.2357828E-05
 -0.2518412E+01  0.6765669E-05
  0.1753064E+01 -0.4710882E-05
  0.2527754E+01 -0.6790149E-05
  0.3193649E+01 -0.8576848E-05
  0.3720863E+01 -0.9990431E-05
  0.4085890E+01 -0.1096795E-04
  0.4272488E+01 -0.1146578E-04
  0.4272391E+01 -0.1146167E-04
  0.4085593E+01 -0.1095640E-04
  0.3720241E+01 -0.9971626E-05
  0.3192305E+01 -0.8550271E-05
  0.2524846E+01 -0.6754724E-05
  0.1747042E+01 -0.4663695E-05
  0.8929110E+00 -0.2368093E-05
 -0.2322453E-03  0.3151565E-07
 -0.8933530E+00  0.2430315E-05
 -0.1747423E+01  0.4723383E-05
 -0.2525110E+01  0.6810664E-05
 -0.3192455E+01  0.8600889E-05
 -0.2681404E+01  0.9060476E-05
 -0.2547670E+01  0.9181026E-05
 -0.2938850E+01  0.8820787E-05
 -0.2811609E+01  0.8940020E-05
 -0.3064666E+01  0.8705403E-05
 -0.2410246E+01  0.9302745E-05
 -0.2269131E+01  0.9426156E-05
 -0.2124353E+01  0.9553394E-05
 -0.1975925E+01  0.9686521E-05
 -0.1823790E+01  0.9828744E-05
 -0.1667835E+01  0.9986527E-05
 -0.1507820E+01  0.1016951E-04
 -0.1343659E+01  0.1040449E-04
 -0.1248913E-03  0.8782613E-07
  0.3756900E+00 -0.2801318E-05
 -0.7354167E+00  0.5736433E-05
 -0.3759671E+00  0.2975679E-05
 -0.1062759E+01  0.8249392E-05
  0.7350804E+00 -0.5565040E-05
  0.1062341E+01 -0.8083371E-05
  0.1343177E+01 -0.1024512E-04
  0.1565305E+01 -0.1195614E-04
  0.1719035E+01 -0.1314235E-04
  0.1797610E+01 -0.1375084E-04
  0.1797634E+01 -0.1375510E-04
  0.1719089E+01 -0.1315585E-04
  0.1565400E+01 -0.1197849E-04
  0.1343289E+01 -0.1027465E-04
  0.1062474E+01 -0.8118641E-05
  0.7352156E+00 -0.5605128E-05
  0.3758185E+00 -0.2843684E-05
 -0.1620224E-04  0.4460687E-07
 -0.3758591E+00  0.2933484E-05
 -0.7352948E+00  0.5696741E-05
 -0.1062609E+01  0.8213568E-05
 -0.1343486E+01  0.1037397E-04
 -0.1667633E+01  0.9957384E-05
 -0.1823567E+01  0.9800500E-05
 -0.2409758E+01  0.9276551E-05
 -0.1507645E+01  0.1014052E-04
 -0.1975691E+01  0.9658577E-05
 -0.2014053E+01  0.7243845E-05
 -0.2117879E+01  0.7142778E-05
 -0.2414526E+01  0.6841379E-05
  0.1683757E+01 -0.4765583E-05
  0.2427202E+01 -0.6868603E-05
  0.8676924E+00 -0.2457889E-05
  0.1317294E-01 -0.4027445E-07
 -0.1664306E+01  0.4713459E-05
 -0.8441311E+00  0.2388201E-05
 -0.1680073E+01  0.7570058E-05
  0.3572220E+01 -0.1010770E-04
  0.3922515E+01 -0.1109653E-04
  0.4101584E+01 -0.1159997E-04
  0.4101485E+01 -0.1159637E-04
  0.3922139E+01 -0.1108475E-04
  0.3571408E+01 -0.1008799E-04
  0.3064567E+01 -0.8650180E-05
  0.2423820E+01 -0.6833108E-05
  0.1677150E+01 -0.4717084E-05
  0.8572100E+00 -0.2394286E-05
 -0.1704437E-03  0.3379951E-07
 -0.8575439E+00  0.2461192E-05
 -0.1677432E+01  0.4781543E-05
 -0.2424011E+01  0.6893719E-05
 -0.1906194E+01  0.7369676E-05
 -0.1794570E+01  0.7468278E-05
 -0.2014918E+01  0.7272196E-05
 -0.2120751E+01  0.7176315E-05
 -0.2324469E+01  0.6985467E-05
 -0.2223786E+01  0.7080428E-05
  0.1507370E+01 -0.1000713E-04
 -0.1562709E+01  0.7677067E-05
 -0.1442413E+01  0.7791357E-05
 -0.1319106E+01  0.7917703E-05
 -0.1192587E+01  0.8063626E-05
  0.8249715E+00 -0.5434575E-05
  0.1192230E+01 -0.7894637E-05
  0.4216694E+00 -0.2734647E-05
 -0.7289722E-04  0.8844598E-07
 -0.8252341E+00  0.5608072E-05
 -0.4218448E+00  0.2910473E-05
  0.1756651E+01 -0.1167923E-04
  0.1929157E+01 -0.1283799E-04
  0.2017344E+01 -0.1343261E-04
  0.2017374E+01 -0.1343707E-04
  0.1929219E+01 -0.1285173E-04
  0.1756766E+01 -0.1170133E-04
  0.1507516E+01 -0.1003650E-04
  0.1192395E+01 -0.7930049E-05
  0.8251573E+00 -0.5474144E-05
  0.4218575E+00 -0.2775898E-05
  0.1108480E-03  0.4607373E-07
 -0.4216811E+00  0.2869040E-05
 -0.8250474E+00  0.5568969E-05
 -0.1192385E+01  0.8028785E-05
 -0.1562524E+01  0.7644328E-05
 -0.1906322E+01  0.7341820E-05
 -0.1442188E+01  0.7757491E-05
  0.3066221E+01 -0.8676465E-05
 -0.1318895E+01  0.7883238E-05
 -0.1679991E+01  0.7538847E-05
 -0.2315590E+01  0.6933904E-05
 -0.2217909E+01  0.7037908E-05
 -0.1794661E+01  0.7438724E-05
 -0.1397013E+01  0.5027212E-05
 -0.1468353E+01  0.4953084E-05
 -0.8160080E+00  0.2441171E-05
  0.1611006E+01 -0.4813280E-05
  0.2326382E+01 -0.6950314E-05
 -0.1599480E+01  0.4788369E-05
  0.8253227E+00 -0.2467066E-05
  0.4252562E-02 -0.1323837E-07
 -0.9980136E+00  0.5415896E-05
  0.3425694E+01 -0.1023577E-04
 -0.1394114E+01  0.5047266E-05
  0.3933347E+01 -0.1174822E-04
  0.3761586E+01 -0.1123783E-04
  0.3761246E+01 -0.1122640E-04
  0.3424898E+01 -0.1021660E-04
  0.2938851E+01 -0.8759814E-05
  0.2324405E+01 -0.6919614E-05
  0.1608383E+01 -0.4775948E-05
  0.8221152E+00 -0.2423245E-05
 -0.6343353E-04  0.3637124E-07
 -0.8222456E+00  0.2495165E-05
 -0.1608495E+01  0.4845694E-05
 -0.1538769E+01  0.4912204E-05
  0.1667359E+01 -0.9832715E-05
 -0.1241580E+01  0.5185751E-05
 -0.1318835E+01  0.5115660E-05
 -0.1467415E+01  0.4979600E-05
  0.2133906E+01 -0.1261331E-04
 -0.9127427E+00  0.5505516E-05
  0.4665292E+00 -0.2689154E-05
 -0.1081199E+01  0.5334354E-05
 -0.4665222E+00  0.2855550E-05
  0.2231454E+01 -0.1319759E-04
  0.1318800E+01 -0.7758145E-05
  0.9126075E+00 -0.5341612E-05
  0.3358266E-04  0.8365370E-07
  0.1943093E+01 -0.1147516E-04
  0.2231482E+01 -0.1320229E-04
  0.2133982E+01 -0.1262680E-04
  0.1943230E+01 -0.1149681E-04
  0.1667555E+01 -0.9861636E-05
  0.1319009E+01 -0.7792884E-05
  0.9128150E+00 -0.5380398E-05
  0.4667168E+00 -0.2730168E-05
  0.2047495E-03  0.4174938E-07
 -0.4663485E+00  0.2814754E-05
 -0.9125447E+00  0.5467274E-05
 -0.1162954E+01  0.5225761E-05
 -0.1321416E+01  0.5093229E-05
  0.2940094E+01 -0.8784910E-05
 -0.9978727E+00  0.5378545E-05
 -0.1535408E+01  0.4871499E-05
 -0.1243112E+01  0.5158095E-05
 -0.1081248E+01  0.5298702E-05
  0.3933221E+01 -0.1174434E-04
 -0.1162366E+01  0.5258087E-05
 -0.7565293E+00  0.2553414E-05
 -0.4604315E-02  0.1689478E-07
  0.2223319E+01 -0.7032472E-05
 -0.7124317E+00  0.2602788E-05
  0.3763009E+01 -0.1189663E-04
  0.3277236E+01 -0.1036788E-04
 -0.5100348E+00  0.2806476E-05
  0.2811716E+01 -0.8872661E-05
 -0.7499815E+00  0.2566449E-05
 -0.5939195E+00  0.2718573E-05
  0.3598812E+01 -0.1138372E-04
  0.3276695E+01 -0.1034898E-04
  0.1538869E+01 -0.4836539E-05
  0.7866474E+00 -0.2452743E-05
  0.6114391E-04  0.3922496E-07
 -0.7865313E+00  0.2530463E-05
  0.2440189E+01 -0.1300532E-04
 -0.6343976E+00  0.2678454E-05
  0.9980952E+00 -0.5265149E-05
  0.1823385E+01 -0.9687721E-05
 -0.6739065E+00  0.2640011E-05
  0.2124998E+01 -0.1132639E-04
  0.2440160E+01 -0.1300072E-04
  0.2124860E+01 -0.1130467E-04
  0.2333594E+01 -0.1243877E-04
  0.5102957E+00 -0.2653423E-05
  0.1442248E+01 -0.7644561E-05
 -0.5524842E+00  0.2761014E-05
  0.2223875E+01 -0.7008307E-05
  0.3598478E+01 -0.1137167E-04
  0.1823543E+01 -0.9716106E-05
  0.1442389E+01 -0.7678783E-05
  0.9981830E+00 -0.5302989E-05
  0.5103018E+00 -0.2693250E-05
  0.1309683E-03  0.3651534E-07
 -0.5100240E+00  0.2766961E-05
 -0.5529507E+00  0.2724543E-05
 -0.6793165E+00  0.2624328E-05
 -0.6376150E+00  0.2654310E-05
 -0.7197907E+00  0.2593570E-05
  0.3763118E+01 -0.1190092E-04
  0.2333494E+01 -0.1242544E-04
 -0.7881265E+00  0.2500279E-05
  0.1536364E+01 -0.4859334E-05
 -0.5954121E+00  0.2687191E-05
  0.1665470E-03  0.7684422E-07
  0.2812028E+01 -0.8895739E-05
  0.3588761E+01 -0.1204967E-04
  0.1562618E+01 -0.7576756E-05
  0.1975686E+01 -0.9586276E-05
  0.1081181E+01 -0.5233532E-05
  0.2681582E+01 -0.8986140E-05
  0.2643862E+01 -0.1283025E-04
  0.3988507E-03  0.6243067E-07
  0.3432119E+01 -0.1152992E-04
  0.3124995E+01 -0.1048163E-04
 -0.8709933E-02  0.3493237E-07
  0.1467730E+01 -0.4897207E-05
  0.7503536E+00 -0.2482048E-05
  0.1975642E+01 -0.9558627E-05
  0.4294347E-03  0.5614159E-07
  0.2302352E+01 -0.1117453E-04
  0.2302250E+01 -0.1115335E-04
  0.1081502E+01 -0.5198140E-05
  0.2528372E+01 -0.1227174E-04
  0.4037691E-03  0.5094019E-07
  0.2528286E+01 -0.1225843E-04
  0.5530012E+00 -0.2622752E-05
  0.7429435E+00 -0.2493340E-05
  0.1948013E-03  0.4253591E-07
  0.2643843E+01 -0.1282589E-04
  0.1562727E+01 -0.7544370E-05
  0.3044886E-03  0.6936371E-07
  0.5523733E+00 -0.2658943E-05
 -0.4185417E-03  0.3297253E-07
  0.3588861E+01 -0.1205385E-04
 -0.3721285E-02  0.3423199E-07
 -0.8407526E-02  0.3960422E-07
 -0.6198794E-02  0.3760322E-07
  0.2118751E+01 -0.7117119E-05
  0.3215940E-03  0.4638191E-07
  0.2681187E+01 -0.9007754E-05
  0.3125246E+01 -0.1050013E-04
  0.2120982E+01 -0.7097468E-05
 -0.1650240E-02  0.3197879E-07
  0.1462848E+01 -0.4913182E-05
  0.3431854E+01 -0.1151778E-04
  0.5927220E+00 -0.2624741E-05
  0.2475372E+01 -0.1101240E-04
  0.1389673E+01 -0.4973394E-05
  0.2547852E+01 -0.9098665E-05
  0.6351907E+00 -0.2566607E-05
  0.2015246E+01 -0.7185378E-05
  0.2969154E+01 -0.1063208E-04
  0.2547081E+01 -0.9120452E-05
  0.1394616E+01 -0.4956952E-05
  0.7130336E+00 -0.2510731E-05
  0.2124219E+01 -0.9438838E-05
  0.1679633E+01 -0.7480753E-05
  0.2718388E+01 -0.1210300E-04
  0.2475396E+01 -0.1103269E-04
  0.3409766E+01 -0.1220604E-04
  0.1162860E+01 -0.5135736E-05
  0.2718460E+01 -0.1211568E-04
  0.1680260E+01 -0.7450883E-05
  0.5946383E+00 -0.2594313E-05
  0.3260619E+01 -0.1166328E-04
  0.7056950E+00 -0.2521608E-05
  0.2842643E+01 -0.1266242E-04
  0.2012701E+01 -0.7205883E-05
  0.2124031E+01 -0.9465239E-05
  0.2969103E+01 -0.1061347E-04
  0.3409674E+01 -0.1220198E-04
  0.6746536E+00 -0.2538916E-05
  0.2842663E+01 -0.1266678E-04
  0.6689341E+00 -0.2554854E-05
  0.3260791E+01 -0.1167549E-04
  0.1161596E+01 -0.5166739E-05
  0.6314222E+00 -0.2589630E-05
  0.2644253E+01 -0.1087736E-04
  0.2268646E+01 -0.9348229E-05
  0.1239598E+01 -0.5101128E-05
  0.3084621E+01 -0.1180819E-04
  0.1906540E+01 -0.7273098E-05
  0.2808799E+01 -0.1076403E-04
  0.7823849E+00 -0.2474295E-05
  0.1793507E+01 -0.7387472E-05
  0.2903853E+01 -0.1195420E-04
  0.2644215E+01 -0.1089686E-04
  0.1319422E+01 -0.5016309E-05
  0.1315454E+01 -0.5036302E-05
  0.3084714E+01 -0.1182059E-04
  0.2903929E+01 -0.1196647E-04
  0.1242171E+01 -0.5075470E-05
  0.2410366E+01 -0.9210677E-05
  0.3036592E+01 -0.1250677E-04
  0.3225689E+01 -0.1235830E-04
  0.2269140E+01 -0.9323632E-05
  0.1794873E+01 -0.7361110E-05
  0.3036629E+01 -0.1251116E-04
  0.3225622E+01 -0.1235372E-04
  0.2808844E+01 -0.1074461E-04
  0.1904455E+01 -0.7296054E-05
  0.2409617E+01 -0.9233776E-05
 -0.1352033E+01  0.9986745E-05
 -0.1507246E+01  0.9691425E-05
 -0.1175703E+01  0.9526851E-05
 -0.1317115E+01  0.9749958E-05
 -0.1303426E+01  0.9727393E-05
 -0.1274681E+01  0.9536862E-05
 -0.1237032E+01  0.9286430E-05
 -0.1193713E+01  0.8998623E-05
 -0.1145042E+01  0.8676496E-05
 -0.1091324E+01  0.8320829E-05
 -0.1032807E+01  0.7934541E-05
 -0.9697717E+00  0.7517035E-05
 -0.9024790E+00  0.7071170E-05
 -0.8312450E+00  0.6602201E-05
 -0.7563984E+00  0.6108749E-05
 -0.6782420E+00  0.5591522E-05
 -0.5971180E+00  0.5057445E-05
 -0.5133988E+00  0.4504459E-05
 -0.4274280E+00  0.3934018E-05
 -0.3395853E+00  0.3356748E-05
 -0.2502490E+00  0.2764516E-05
 -0.1598398E+00  0.2169683E-05
 -0.6887662E-01  0.1568058E-05
  0.6687090E-01  0.6523454E-06
 -0.1335630E+01  0.9863207E-05
  0.3321204E+00 -0.1091810E-05
 -0.1411385E+01  0.9113098E-05
  0.5842500E+00 -0.2744689E-05
 -0.1265620E+01  0.9406517E-05
  0.8134995E+00 -0.4244874E-05
 -0.1259556E+01  0.8225632E-05
  0.1010840E+01 -0.5535709E-05
 -0.1145404E+01  0.8622604E-05
  0.1168572E+01 -0.6568542E-05
 -0.1058893E+01  0.7060839E-05
  0.1280357E+01 -0.7300132E-05
 -0.9805089E+00  0.7544826E-05
  0.1341767E+01 -0.7701005E-05
 -0.8168772E+00  0.5667525E-05
  0.1350604E+01 -0.7757499E-05
 -0.7774261E+00  0.6212235E-05
  0.1306515E+01 -0.7465273E-05
 -0.5428125E+00  0.4098045E-05
  0.1211078E+01 -0.6835435E-05
 -0.5437947E+00  0.4682909E-05
  0.1068107E+01 -0.5894623E-05
 -0.2474402E+00  0.2411469E-05
  0.8832392E+00 -0.4680091E-05
 -0.2887604E+00  0.3011018E-05
  0.6637552E+00 -0.3238005E-05
  0.5761725E-01  0.6806862E-06
  0.4182244E+00 -0.1628434E-05
 -0.2242577E-01  0.1262222E-05
  0.1562732E+00  0.9346195E-07
  0.3604246E+00 -0.1031939E-05
 -0.1118007E+00  0.1850716E-05
  0.2447999E+00 -0.4882062E-06
 -0.3755047E+00  0.3576144E-05
  0.6490909E+00 -0.2659829E-05
 -0.6244515E+00  0.5211552E-05
  0.5024140E+00 -0.2179440E-05
 -0.8488570E+00  0.6684286E-05
  0.9123259E+00 -0.4134101E-05
 -0.1040003E+01  0.7933993E-05
  0.7403111E+00 -0.3739850E-05
 -0.1190662E+01  0.8919326E-05
  0.1139812E+01 -0.5401126E-05
 -0.1294696E+01  0.9597898E-05
  0.9491646E+00 -0.5113640E-05
 -0.1347100E+01  0.9943496E-05
 -0.1352651E+01  0.9983359E-05
 -0.6878075E-02  0.1397473E-05
  0.1322618E+01 -0.6409314E-05
  0.3646606E+00 -0.1792552E-05
  0.1120811E+01 -0.6242096E-05
  0.5893005E+00 -0.3404522E-05
  0.1453543E+01 -0.7119348E-05
  0.7908245E+00 -0.4840438E-05
  0.1248479E+01 -0.7081573E-05
  0.9613584E+00 -0.6045978E-05
  0.1527366E+01 -0.7504577E-05
  0.1094180E+01 -0.6972528E-05
  0.1327163E+01 -0.7596032E-05
  0.1183919E+01 -0.7581421E-05
  0.1541192E+01 -0.7547732E-05
  0.1227162E+01 -0.7852473E-05
  0.1353693E+01 -0.7774630E-05
  0.1222371E+01 -0.7779219E-05
  0.1494604E+01 -0.7248540E-05
  0.1169620E+01 -0.7351835E-05
  0.1327156E+01 -0.7602996E-05
  0.1070932E+01 -0.6600786E-05
  0.1389349E+01 -0.6618641E-05
  0.9302229E+00 -0.5546304E-05
  0.1248616E+01 -0.7091273E-05
  0.7530441E+00 -0.4231596E-05
  0.1229417E+01 -0.5683871E-05
  0.5463076E+00 -0.2710397E-05
  0.1120930E+01 -0.6255560E-05
  0.3181207E+00 -0.1039968E-05
  0.1021208E+01 -0.4477261E-05
  0.7742586E-01  0.7083337E-06
  0.9491946E+00 -0.5132857E-05
 -0.1663093E+00  0.2475460E-05
  0.7730209E+00 -0.3050855E-05
 -0.4035146E+00  0.4183115E-05
  0.7402686E+00 -0.3764150E-05
 -0.6248389E+00  0.5770763E-05
  0.4945821E+00 -0.1457149E-05
 -0.8215836E+00  0.7170607E-05
  0.5023365E+00 -0.2206558E-05
 -0.9861548E+00  0.8330919E-05
  0.1967284E+00  0.2413813E-06
 -0.1112301E+01  0.9207822E-05
  0.2446989E+00 -0.5176097E-06
 -0.1194760E+01  0.9763337E-05
 -0.1334080E+01  0.9862998E-05
  0.1256929E+00 -0.7098555E-07
 -0.1345842E+01  0.9945101E-05
  0.0000000E+00  0.0000000E+00
  0.0000000E+00  0.0000000E+00
  0.0000000E+00  0.0000000E+00
  0.0000000E+00  0.0000000E+00
  0.0000000E+00  0.0000000E+00
  0.0000000E+00  0.0000000E+00
  0.0000000E+00  0.0000000E+00
  0.0000000E+00  0.0000000E+00
  0.0000000E+00  0.0000000E+00
  0.0000000E+00  0.0000000E+00
  0.0000000E+00  0.0000000E+00
  0.0000000E+00  0.0000000E+00
  0.0000000E+00  0.0000000E+00
  0.0000000E+00  0.0000000E+00
  0.0000000E+00  0.0000000E+00
  0.0000000E+00  0.0000000E+00
  0.0000000E+00  0.0000000E+00
  0.0000000E+00  0.0000000E+00
  0.0000000E+00  0.0000000E+00
  0.0000000E+00  0.0000000E+00
  0.0000000E+00  0.0000000E+00
  0.0000000E+00  0.0000000E+00
  0.0000000E+00  0.0000000E+00
  0.0000000E+00  0.0000000E+00
  0.0000000E+00  0.0000000E+00
  0.0000000E+00  0.0000000E+00
  0.0000000E+00  0.0000000E+00
  0.0000000E+00  0.0000000E+00
  0.0000000E+00  0.0000000E+00
  0.0000000E+00  0.0000000E+00
  0.0000000E+00  0.0000000E+00
  0.0000000E+00  0.0000000E+00
  0.0000000E+00  0.0000000E+00
  0.0000000E+00  0.0000000E+00
  0.0000000E+00  0.0000000E+00
  0.0000000E+00  0.0000000E+00
  0.0000000E+00  0.0000000E+00
  0.0000000E+00  0.0000000E+00
  0.0000000E+00  0.0000000E+00
  0.0000000E+00  0.0000000E+00
  0.0000000E+00  0.0000000E+00
  0.0000000E+00  0.0000000E+00
  0.0000000E+00  0.0000000E+00
  0.0000000E+00  0.0000000E+00
  0.0000000E+00  0.0000000E+00
  0.0000000E+00  0.0000000E+00
  0.0000000E+00  0.0000000E+00
  0.0000000E+00  0.0000000E+00
  0.0000000E+00  0.0000000E+00
  0.0000000E+00  0.0000000E+00
  0.0000000E+00  0.0000000E+00
  0.0000000E+00  0.0000000E+00
  0.0000000E+00  0.0000000E+00
  0.0000000E+00  0.0000000E+00
  0.0000000E+00  0.0000000E+00
  0.0000000E+00  0.0000000E+00
  0.0000000E+00  0.0000000E+00
  0.0000000E+00  0.0000000E+00
  0.0000000E+00  0.0000000E+00
  0.0000000E+00  0.0000000E+00
  0.0000000E+00  0.0000000E+00
  0.0000000E+00  0.0000000E+00
  0.0000000E+00  0.0000000E+00
  0.0000000E+00  0.0000000E+00
  0.0000000E+00  0.0000000E+00
  0.0000000E+00  0.0000000E+00
  0.0000000E+00  0.0000000E+00
  0.0000000E+00  0.0000000E+00
  0.0000000E+00  0.0000000E+00
  0.0000000E+00  0.0000000E+00
  0.0000000E+00  0.0000000E+00
  0.0000000E+00  0.0000000E+00
  0.0000000E+00  0.0000000E+00
  0.0000000E+00  0.0000000E+00
  0.0000000E+00  0.0000000E+00
  0.0000000E+00  0.0000000E+00
  0.0000000E+00  0.0000000E+00
  0.0000000E+00  0.0000000E+00
  0.0000000E+00  0.0000000E+00
  0.0000000E+00  0.0000000E+00
  0.0000000E+00  0.0000000E+00
  0.0000000E+00  0.0000000E+00
  0.0000000E+00  0.0000000E+00
  0.0000000E+00  0.0000000E+00
  0.0000000E+00  0.0000000E+00
  0.0000000E+00  0.0000000E+00
  0.0000000E+00  0.0000000E+00
  0.0000000E+00  0.0000000E+00
  0.0000000E+00  0.0000000E+00
  0.0000000E+00  0.0000000E+00
  0.0000000E+00  0.0000000E+00
  0.0000000E+00  0.0000000E+00
  0.0000000E+00  0.0000000E+00
  0.0000000E+00  0.0000000E+00
  0.0000000E+00  0.0000000E+00
  0.0000000E+00  0.0000000E+00
  0.0000000E+00  0.0000000E+00
  0.0000000E+00  0.0000000E+00
  0.0000000E+00  0.0000000E+00
  0.0000000E+00  0.0000000E+00
  0.0000000E+00  0.0000000E+00
  0.0000000E+00  0.0000000E+00
  0.0000000E+00  0.0000000E+00
  0.0000000E+00  0.0000000E+00
  0.0000000E+00  0.0000000E+00
  0.0000000E+00  0.0000000E+00
  0.0000000E+00  0.0000000E+00
  0.0000000E+00  0.0000000E+00
  0.0000000E+00  0.0000000E+00
  0.0000000E+00  0.0000000E+00
  0.0000000E+00  0.0000000E+00
  0.0000000E+00  0.0000000E+00
  0.0000000E+00  0.0000000E+00
  0.0000000E+00  0.0000000E+00
  0.0000000E+00  0.0000000E+00
  0.0000000E+00  0.0000000E+00
  0.0000000E+00  0.0000000E+00
  0.0000000E+00  0.0000000E+00
  0.0000000E+00  0.0000000E+00
  0.0000000E+00  0.0000000E+00
  0.0000000E+00  0.0000000E+00
  0.0000000E+00  0.0000000E+00
  0.0000000E+00  0.0000000E+00
  0.0000000E+00  0.0000000E+00
  0.0000000E+00  0.0000000E+00
  0.0000000E+00  0.0000000E+00
  0.0000000E+00  0.0000000E+00
  0.0000000E+00  0.0000000E+00
  0.0000000E+00  0.0000000E+00
  0.0000000E+00  0.0000000E+00
  0.0000000E+00  0.0000000E+00
  0.0000000E+00  0.0000000E+00
  0.0000000E+00  0.0000000E+00
  0.0000000E+00  0.0000000E+00
  0.0000000E+00  0.0000000E+00
  0.0000000E+00  0.0000000E+00
  0.0000000E+00  0.0000000E+00
  0.0000000E+00  0.0000000E+00
  0.0000000E+00  0.0000000E+00
  0.0000000E+00  0.0000000E+00
  0.0000000E+00  0.0000000E+00
  0.0000000E+00  0.0000000E+00
  0.0000000E+00  0.0000000E+00
  0.0000000E+00  0.0000000E+00
  0.0000000E+00  0.0000000E+00
  0.0000000E+00  0.0000000E+00
  0.0000000E+00  0.0000000E+00
  0.0000000E+00  0.0000000E+00
  0.0000000E+00  0.0000000E+00
  0.0000000E+00  0.0000000E+00
  0.0000000E+00  0.0000000E+00
  0.0000000E+00  0.0000000E+00
  0.0000000E+00  0.0000000E+00
  0.0000000E+00  0.0000000E+00
  0.0000000E+00  0.0000000E+00
  0.0000000E+00  0.0000000E+00
  0.0000000E+00  0.0000000E+00
  0.0000000E+00  0.0000000E+00
  0.0000000E+00  0.0000000E+00
  0.0000000E+00  0.0000000E+00
  0.0000000E+00  0.0000000E+00
  0.0000000E+00  0.0000000E+00
  0.0000000E+00  0.0000000E+00
  0.0000000E+00  0.0000000E+00
  0.0000000E+00  0.0000000E+00
  0.0000000E+00  0.0000000E+00
  0.0000000E+00  0.0000000E+00
  0.0000000E+00  0.0000000E+00
  0.0000000E+00  0.0000000E+00
  0.0000000E+00  0.0000000E+00
  0.0000000E+00  0.0000000E+00
  0.0000000E+00  0.0000000E+00
  0.0000000E+00  0.0000000E+00
  0.0000000E+00  0.0000000E+00
  0.0000000E+00  0.0000000E+00
  0.0000000E+00  0.0000000E+00
  0.0000000E+00  0.0000000E+00
  0.0000000E+00  0.0000000E+00
  0.0000000E+00  0.0000000E+00
  0.0000000E+00  0.0000000E+00
  0.0000000E+00  0.0000000E+00
  0.0000000E+00  0.0000000E+00
  0.0000000E+00  0.0000000E+00
  0.0000000E+00  0.0000000E+00
  0.0000000E+00  0.0000000E+00
  0.0000000E+00  0.0000000E+00
  0.0000000E+00  0.0000000E+00
  0.0000000E+00  0.0000000E+00
  0.0000000E+00  0.0000000E+00
  0.0000000E+00  0.0000000E+00
  0.0000000E+00  0.0000000E+00
  0.0000000E+00  0.0000000E+00
  0.0000000E+00  0.0000000E+00
  0.0000000E+00  0.0000000E+00
  0.0000000E+00  0.0000000E+00
  0.0000000E+00  0.0000000E+00
  0.0000000E+00  0.0000000E+00
  0.0000000E+00  0.0000000E+00
  0.0000000E+00  0.0000000E+00
  0.0000000E+00  0.0000000E+00
  0.0000000E+00  0.0000000E+00
  0.0000000E+00  0.0000000E+00
  0.0000000E+00  0.0000000E+00
  0.0000000E+00  0.0000000E+00
  0.0000000E+00  0.0000000E+00
  0.0000000E+00  0.0000000E+00
  0.0000000E+00  0.0000000E+00
  0.0000000E+00  0.0000000E+00
  0.0000000E+00  0.0000000E+00
  0.0000000E+00  0.0000000E+00
  0.0000000E+00  0.0000000E+00
  0.0000000E+00  0.0000000E+00
  0.0000000E+00  0.0000000E+00
  0.0000000E+00  0.0000000E+00
  0.0000000E+00  0.0000000E+00
  0.0000000E+00  0.0000000E+00
  0.0000000E+00  0.0000000E+00
  0.0000000E+00  0.0000000E+00
  0.0000000E+00  0.0000000E+00
  0.0000000E+00  0.0000000E+00
  0.0000000E+00  0.0000000E+00
  0.0000000E+00  0.0000000E+00
  0.0000000E+00  0.0000000E+00
  0.0000000E+00  0.0000000E+00
  0.0000000E+00  0.0000000E+00
  0.0000000E+00  0.0000000E+00
  0.0000000E+00  0.0000000E+00
  0.0000000E+00  0.0000000E+00
  0.0000000E+00  0.0000000E+00
  0.0000000E+00  0.0000000E+00
  0.0000000E+00  0.0000000E+00
  0.0000000E+00  0.0000000E+00
  0.0000000E+00  0.0000000E+00
  0.0000000E+00  0.0000000E+00
  0.0000000E+00  0.0000000E+00
  0.0000000E+00  0.0000000E+00
  0.0000000E+00  0.0000000E+00
  0.0000000E+00  0.0000000E+00
  0.0000000E+00  0.0000000E+00
  0.0000000E+00  0.0000000E+00
  0.0000000E+00  0.0000000E+00
  0.0000000E+00  0.0000000E+00
  0.0000000E+00  0.0000000E+00
  0.0000000E+00  0.0000000E+00
  0.0000000E+00  0.0000000E+00
  0.0000000E+00  0.0000000E+00
  0.0000000E+00  0.0000000E+00
  0.0000000E+00  0.0000000E+00
  0.0000000E+00  0.0000000E+00
  0.0000000E+00  0.0000000E+00
  0.0000000E+00  0.0000000E+00
  0.0000000E+00  0.0000000E+00
  0.0000000E+00  0.0000000E+00
  0.0000000E+00  0.0000000E+00
  0.0000000E+00  0.0000000E+00
  0.0000000E+00  0.0000000E+00
  0.0000000E+00  0.0000000E+00
  0.0000000E+00  0.0000000E+00
  0.0000000E+00  0.0000000E+00
  0.0000000E+00  0.0000000E+00
  0.0000000E+00  0.0000000E+00
  0.0000000E+00  0.0000000E+00
  0.0000000E+00  0.0000000E+00
  0.0000000E+00  0.0000000E+00
  0.0000000E+00  0.0000000E+00
  0.0000000E+00  0.0000000E+00
  0.0000000E+00  0.0000000E+00
  0.0000000E+00  0.0000000E+00
  0.0000000E+00  0.0000000E+00
  0.0000000E+00  0.0000000E+00
  0.0000000E+00  0.0000000E+00
  0.0000000E+00  0.0000000E+00
  0.0000000E+00  0.0000000E+00
  0.0000000E+00  0.0000000E+00
  0.0000000E+00  0.0000000E+00
  0.0000000E+00  0.0000000E+00
  0.0000000E+00  0.0000000E+00
  0.0000000E+00  0.0000000E+00
  0.0000000E+00  0.0000000E+00
  0.0000000E+00  0.0000000E+00
  0.0000000E+00  0.0000000E+00
  0.0000000E+00  0.0000000E+00
  0.0000000E+00  0.0000000E+00
  0.0000000E+00  0.0000000E+00
  0.0000000E+00  0.0000000E+00
  0.0000000E+00  0.0000000E+00
  0.0000000E+00  0.0000000E+00
  0.0000000E+00  0.0000000E+00
  0.0000000E+00  0.0000000E+00
  0.0000000E+00  0.0000000E+00
  0.0000000E+00  0.0000000E+00
  0.0000000E+00  0.0000000E+00
  0.0000000E+00  0.0000000E+00
  0.0000000E+00  0.0000000E+00
  0.0000000E+00  0.0000000E+00
  0.0000000E+00  0.0000000E+00
  0.0000000E+00  0.0000000E+00
  0.0000000E+00  0.0000000E+00
  0.0000000E+00  0.0000000E+00
  0.0000000E+00  0.0000000E+00
  0.0000000E+00  0.0000000E+00
  0.0000000E+00  0.0000000E+00
  0.0000000E+00  0.0000000E+00
  0.0000000E+00  0.0000000E+00
  0.0000000E+00  0.0000000E+00
  0.0000000E+00  0.0000000E+00
  0.0000000E+00  0.0000000E+00
  0.0000000E+00  0.0000000E+00
  0.0000000E+00  0.0000000E+00
  0.0000000E+00  0.0000000E+00
  0.0000000E+00  0.0000000E+00
  0.0000000E+00  0.0000000E+00
  0.0000000E+00  0.0000000E+00
  0.0000000E+00  0.0000000E+00
  0.0000000E+00  0.0000000E+00
  0.0000000E+00  0.0000000E+00
  0.0000000E+00  0.0000000E+00
  0.0000000E+00  0.0000000E+00
  0.0000000E+00  0.0000000E+00
  0.0000000E+00  0.0000000E+00
  0.0000000E+00  0.0000000E+00
  0.0000000E+00  0.0000000E+00
  0.0000000E+00  0.0000000E+00
  0.0000000E+00  0.0000000E+00
  0.0000000E+00  0.0000000E+00
  0.0000000E+00  0.0000000E+00
  0.0000000E+00  0.0000000E+00
  0.0000000E+00  0.0000000E+00
  0.0000000E+00  0.0000000E+00
  0.0000000E+00  0.0000000E+00
  0.0000000E+00  0.0000000E+00
  0.0000000E+00  0.0000000E+00
  0.0000000E+00  0.0000000E+00
  0.0000000E+00  0.0000000E+00
  0.0000000E+00  0.0000000E+00
  0.0000000E+00  0.0000000E+00
  0.0000000E+00  0.0000000E+00
  0.0000000E+00  0.0000000E+00
  0.0000000E+00  0.0000000E+00
  0.0000000E+00  0.0000000E+00
  0.0000000E+00  0.0000000E+00
  0.0000000E+00  0.0000000E+00
  0.0000000E+00  0.0000000E+00
  0.0000000E+00  0.0000000E+00
  0.0000000E+00  0.0000000E+00
  0.0000000E+00  0.0000000E+00
  0.0000000E+00  0.0000000E+00
  0.0000000E+00  0.0000000E+00
  0.0000000E+00  0.0000000E+00
  0.0000000E+00  0.0000000E+00
  0.0000000E+00  0.0000000E+00
  0.0000000E+00  0.0000000E+00
  0.0000000E+00  0.0000000E+00
  0.0000000E+00  0.0000000E+00
  0.0000000E+00  0.0000000E+00
  0.0000000E+00  0.0000000E+00
  0.0000000E+00  0.0000000E+00
  0.0000000E+00  0.0000000E+00
  0.0000000E+00  0.0000000E+00
  0.0000000E+00  0.0000000E+00
  0.0000000E+00  0.0000000E+00
  0.0000000E+00  0.0000000E+00
  0.0000000E+00  0.0000000E+00
  0.0000000E+00  0.0000000E+00
  0.0000000E+00  0.0000000E+00
  0.0000000E+00  0.0000000E+00
  0.0000000E+00  0.0000000E+00
  0.0000000E+00  0.0000000E+00
  0.0000000E+00  0.0000000E+00
  0.0000000E+00  0.0000000E+00
  0.0000000E+00  0.0000000E+00
  0.0000000E+00  0.0000000E+00
  0.0000000E+00  0.0000000E+00
  0.0000000E+00  0.0000000E+00
  0.0000000E+00  0.0000000E+00
  0.0000000E+00  0.0000000E+00
  0.0000000E+00  0.0000000E+00
  0.0000000E+00  0.0000000E+00
  0.0000000E+00  0.0000000E+00
  0.0000000E+00  0.0000000E+00
  0.0000000E+00  0.0000000E+00
  0.0000000E+00  0.0000000E+00
  0.0000000E+00  0.0000000E+00
  0.0000000E+00  0.0000000E+00
  0.0000000E+00  0.0000000E+00
  0.0000000E+00  0.0000000E+00
  0.0000000E+00  0.0000000E+00
  0.0000000E+00  0.0000000E+00
  0.0000000E+00  0.0000000E+00
  0.0000000E+00  0.0000000E+00
  0.0000000E+00  0.0000000E+00
  0.0000000E+00  0.0000000E+00
  0.0000000E+00  0.0000000E+00
  0.0000000E+00  0.0000000E+00
  0.0000000E+00  0.0000000E+00
  0.0000000E+00  0.0000000E+00
  0.0000000E+00  0.0000000E+00
  0.0000000E+00  0.0000000E+00
  0.0000000E+00  0.0000000E+00
  0.0000000E+00  0.0000000E+00
  0.0000000E+00  0.0000000E+00
  0.0000000E+00  0.0000000E+00
  0.0000000E+00  0.0000000E+00
  0.0000000E+00  0.0000000E+00
  0.0000000E+00  0.0000000E+00
  0.0000000E+00  0.0000000E+00
  0.0000000E+00  0.0000000E+00
  0.0000000E+00  0.0000000E+00
  0.0000000E+00  0.0000000E+00
  0.0000000E+00  0.0000000E+00
  0.0000000E+00  0.0000000E+00
  0.0000000E+00  0.0000000E+00
  0.0000000E+00  0.0000000E+00
  0.0000000E+00  0.0000000E+00
  0.0000000E+00  0.0000000E+00
  0.0000000E+00  0.0000000E+00
  0.0000000E+00  0.0000000E+00
  0.0000000E+00  0.0000000E+00
  0.0000000E+00  0.0000000E+00
  0.0000000E+00  0.0000000E+00
  0.0000000E+00  0.0000000E+00
  0.0000000E+00  0.0000000E+00
  0.0000000E+00  0.0000000E+00
  0.0000000E+00  0.0000000E+00
  0.0000000E+00  0.0000000E+00
  0.0000000E+00  0.0000000E+00
  0.0000000E+00  0.0000000E+00
  0.0000000E+00  0.0000000E+00
  0.0000000E+00  0.0000000E+00
  0.0000000E+00  0.0000000E+00
  0.0000000E+00  0.0000000E+00
  0.0000000E+00  0.0000000E+00
  0.0000000E+00  0.0000000E+00
  0.0000000E+00  0.0000000E+00
  0.0000000E+00  0.0000000E+00
  0.0000000E+00  0.0000000E+00
  0.0000000E+00  0.0000000E+00
  0.0000000E+00  0.0000000E+00
  0.0000000E+00  0.0000000E+00
  0.0000000E+00  0.0000000E+00
  0.0000000E+00  0.0000000E+00
  0.0000000E+00  0.0000000E+00
  0.0000000E+00  0.0000000E+00
  0.0000000E+00  0.0000000E+00
  0.0000000E+00  0.0000000E+00
  0.0000000E+00  0.0000000E+00
  0.0000000E+00  0.0000000E+00
  0.0000000E+00  0.0000000E+00
  0.0000000E+00  0.0000000E+00
  0.0000000E+00  0.0000000E+00
  0.0000000E+00  0.0000000E+00
  0.0000000E+00  0.0000000E+00
  0.0000000E+00  0.0000000E+00
  0.0000000E+00  0.0000000E+00
  0.0000000E+00  0.0000000E+00
  0.0000000E+00  0.0000000E+00
  0.0000000E+00  0.0000000E+00
  0.0000000E+00  0.0000000E+00
  0.0000000E+00  0.0000000E+00
  0.0000000E+00  0.0000000E+00
  0.0000000E+00  0.0000000E+00
  0.0000000E+00  0.0000000E+00
  0.0000000E+00  0.0000000E+00
  0.0000000E+00  0.0000000E+00
  0.0000000E+00  0.0000000E+00
  0.0000000E+00  0.0000000E+00
  0.0000000E+00  0.0000000E+00
  0.0000000E+00  0.0000000E+00
  0.0000000E+00  0.0000000E+00
  0.0000000E+00  0.0000000E+00
  0.0000000E+00  0.0000000E+00
  0.0000000E+00  0.0000000E+00
  0.0000000E+00  0.0000000E+00
  0.0000000E+00  0.0000000E+00
  0.0000000E+00  0.0000000E+00
  0.0000000E+00  0.0000000E+00
  0.0000000E+00  0.0000000E+00
  0.0000000E+00  0.0000000E+00
  0.0000000E+00  0.0000000E+00
  0.0000000E+00  0.0000000E+00
  0.0000000E+00  0.0000000E+00
  0.0000000E+00  0.0000000E+00
  0.0000000E+00  0.0000000E+00
  0.0000000E+00  0.0000000E+00
  0.0000000E+00  0.0000000E+00
  0.0000000E+00  0.0000000E+00
  0.0000000E+00  0.0000000E+00
  0.0000000E+00  0.0000000E+00
  0.0000000E+00  0.0000000E+00
  0.0000000E+00  0.0000000E+00
  0.0000000E+00  0.0000000E+00
  0.0000000E+00  0.0000000E+00
  0.0000000E+00  0.0000000E+00
  0.0000000E+00  0.0000000E+00
  0.0000000E+00  0.0000000E+00
  0.0000000E+00  0.0000000E+00
  0.0000000E+00  0.0000000E+00
  0.0000000E+00  0.0000000E+00
  0.0000000E+00  0.0000000E+00
  0.0000000E+00  0.0000000E+00
  0.0000000E+00  0.0000000E+00
  0.0000000E+00  0.0000000E+00
  0.0000000E+00  0.0000000E+00
  0.0000000E+00  0.0000000E+00
  0.0000000E+00  0.0000000E+00
  0.0000000E+00  0.0000000E+00
  0.0000000E+00  0.0000000E+00
  0.0000000E+00  0.0000000E+00
  0.0000000E+00  0.0000000E+00
  0.0000000E+00  0.0000000E+00
  0.0000000E+00  0.0000000E+00
  0.0000000E+00  0.0000000E+00
  0.0000000E+00  0.0000000E+00
  0.0000000E+00  0.0000000E+00
  0.0000000E+00  0.0000000E+00
  0.0000000E+00  0.0000000E+00
  0.0000000E+00  0.0000000E+00
  0.0000000E+00  0.0000000E+00
  0.0000000E+00  0.0000000E+00
  0.0000000E+00  0.0000000E+00
  0.0000000E+00  0.0000000E+00
  0.0000000E+00  0.0000000E+00
  0.0000000E+00  0.0000000E+00
  0.0000000E+00  0.0000000E+00
  0.0000000E+00  0.0000000E+00
  0.0000000E+00  0.0000000E+00
  0.0000000E+00  0.0000000E+00
  0.0000000E+00  0.0000000E+00
  0.0000000E+00  0.0000000E+00
  0.0000000E+00  0.0000000E+00
  0.0000000E+00  0.0000000E+00
  0.0000000E+00  0.0000000E+00
  0.0000000E+00  0.0000000E+00
  0.0000000E+00  0.0000000E+00
  0.0000000E+00  0.0000000E+00
  0.0000000E+00  0.0000000E+00
  0.0000000E+00  0.0000000E+00
  0.0000000E+00  0.0000000E+00
  0.0000000E+00  0.0000000E+00
  0.0000000E+00  0.0000000E+00
  0.0000000E+00  0.0000000E+00
  0.0000000E+00  0.0000000E+00
  0.0000000E+00  0.0000000E+00
  0.0000000E+00  0.0000000E+00
  0.0000000E+00  0.0000000E+00
  0.0000000E+00  0.0000000E+00
  0.0000000E+00  0.0000000E+00
  0.0000000E+00  0.0000000E+00
  0.0000000E+00  0.0000000E+00
  0.0000000E+00  0.0000000E+00
  0.0000000E+00  0.0000000E+00
  0.0000000E+00  0.0000000E+00
  0.0000000E+00  0.0000000E+00
  0.0000000E+00  0.0000000E+00
  0.0000000E+00  0.0000000E+00
  0.0000000E+00  0.0000000E+00
  0.0000000E+00  0.0000000E+00
  0.0000000E+00  0.0000000E+00
  0.0000000E+00  0.0000000E+00
  0.0000000E+00  0.0000000E+00
  0.0000000E+00  0.0000000E+00
  0.0000000E+00  0.0000000E+00
  0.0000000E+00  0.0000000E+00
  0.0000000E+00  0.0000000E+00
  0.0000000E+00  0.0000000E+00
  0.0000000E+00  0.0000000E+00
  0.0000000E+00  0.0000000E+00
  0.0000000E+00  0.0000000E+00
  0.0000000E+00  0.0000000E+00
  0.0000000E+00  0.0000000E+00
  0.0000000E+00  0.0000000E+00
  0.0000000E+00  0.0000000E+00
  0.0000000E+00  0.0000000E+00
  0.0000000E+00  0.0000000E+00
  0.0000000E+00  0.0000000E+00
  0.0000000E+00  0.0000000E+00
  0.0000000E+00  0.0000000E+00
  0.0000000E+00  0.0000000E+00
  0.0000000E+00  0.0000000E+00
  0.0000000E+00  0.0000000E+00
  0.0000000E+00  0.0000000E+00
  0.0000000E+00  0.0000000E+00
  0.0000000E+00  0.0000000E+00
  0.0000000E+00  0.0000000E+00
  0.0000000E+00  0.0000000E+00
  0.0000000E+00  0.0000000E+00
  0.0000000E+00  0.0000000E+00
  0.0000000E+00  0.0000000E+00
  0.0000000E+00  0.0000000E+00
  0.0000000E+00  0.0000000E+00
  0.0000000E+00  0.0000000E+00
  0.0000000E+00  0.0000000E+00
  0.0000000E+00  0.0000000E+00
  0.0000000E+00  0.0000000E+00
  0.0000000E+00  0.0000000E+00
  0.0000000E+00  0.0000000E+00
  0.0000000E+00  0.0000000E+00
  0.0000000E+00  0.0000000E+00
  0.0000000E+00  0.0000000E+00
  0.0000000E+00  0.0000000E+00
  0.0000000E+00  0.0000000E+00
  0.0000000E+00  0.0000000E+00
  0.0000000E+00  0.0000000E+00
  0.0000000E+00  0.0000000E+00
  0.0000000E+00  0.0000000E+00
  0.0000000E+00  0.0000000E+00
  0.0000000E+00  0.0000000E+00
  0.0000000E+00  0.0000000E+00
  0.0000000E+00  0.0000000E+00
  0.0000000E+00  0.0000000E+00
  0.0000000E+00  0.0000000E+00
  0.0000000E+00  0.0000000E+00
  0.0000000E+00  0.0000000E+00
  0.0000000E+00  0.0000000E+00
  0.0000000E+00  0.0000000E+00
  0.0000000E+00  0.0000000E+00
  0.0000000E+00  0.0000000E+00
  0.0000000E+00  0.0000000E+00
  0.0000000E+00  0.0000000E+00
  0.0000000E+00  0.0000000E+00
  0.0000000E+00  0.0000000E+00
  0.0000000E+00  0.0000000E+00
  0.0000000E+00  0.0000000E+00
  0.0000000E+00  0.0000000E+00
  0.0000000E+00  0.0000000E+00
  0.0000000E+00  0.0000000E+00
  0.0000000E+00  0.0000000E+00
  0.0000000E+00  0.0000000E+00
  0.0000000E+00  0.0000000E+00
  0.0000000E+00  0.0000000E+00
  0.0000000E+00  0.0000000E+00
  0.0000000E+00  0.0000000E+00
  0.0000000E+00  0.0000000E+00
  0.0000000E+00  0.0000000E+00
  0.0000000E+00  0.0000000E+00
  0.0000000E+00  0.0000000E+00
  0.0000000E+00  0.0000000E+00
  0.0000000E+00  0.0000000E+00
  0.0000000E+00  0.0000000E+00
  0.0000000E+00  0.0000000E+00
  0.0000000E+00  0.0000000E+00
  0.0000000E+00  0.0000000E+00
  0.0000000E+00  0.0000000E+00
  0.0000000E+00  0.0000000E+00
  0.0000000E+00  0.0000000E+00
  0.0000000E+00  0.0000000E+00
  0.0000000E+00  0.0000000E+00
  0.0000000E+00  0.0000000E+00
  0.0000000E+00  0.0000000E+00
  0.0000000E+00  0.0000000E+00
  0.0000000E+00  0.0000000E+00
  0.0000000E+00  0.0000000E+00
  0.0000000E+00  0.0000000E+00
  0.0000000E+00  0.0000000E+00
  0.0000000E+00  0.0000000E+00
  0.0000000E+00  0.0000000E+00
  0.0000000E+00  0.0000000E+00
  0.0000000E+00  0.0000000E+00
  0.0000000E+00  0.0000000E+00
  0.0000000E+00  0.0000000E+00
  0.0000000E+00  0.0000000E+00
  0.0000000E+00  0.0000000E+00
  0.0000000E+00  0.0000000E+00
  0.0000000E+00  0.0000000E+00
  0.0000000E+00  0.0000000E+00
  0.0000000E+00  0.0000000E+00
  0.0000000E+00  0.0000000E+00
  0.0000000E+00  0.0000000E+00
  0.0000000E+00  0.0000000E+00
  0.0000000E+00  0.0000000E+00
  0.0000000E+00  0.0000000E+00
  0.0000000E+00  0.0000000E+00
  0.0000000E+00  0.0000000E+00
  0.0000000E+00  0.0000000E+00
  0.0000000E+00  0.0000000E+00
  0.0000000E+00  0.0000000E+00
  0.0000000E+00  0.0000000E+00
  0.0000000E+00  0.0000000E+00
  0.0000000E+00  0.0000000E+00
  0.0000000E+00  0.0000000E+00
  0.0000000E+00  0.0000000E+00
  0.0000000E+00  0.0000000E+00
  0.0000000E+00  0.0000000E+00
  0.0000000E+00  0.0000000E+00
  0.0000000E+00  0.0000000E+00
  0.0000000E+00  0.0000000E+00
  0.0000000E+00  0.0000000E+00
  0.0000000E+00  0.0000000E+00
  0.0000000E+00  0.0000000E+00
  0.0000000E+00  0.0000000E+00
  0.0000000E+00  0.0000000E+00
  0.0000000E+00  0.0000000E+00
  0.0000000E+00  0.0000000E+00
  0.0000000E+00  0.0000000E+00
  0.0000000E+00  0.0000000E+00
  0.0000000E+00  0.0000000E+00
  0.0000000E+00  0.0000000E+00
  0.0000000E+00  0.0000000E+00
  0.0000000E+00  0.0000000E+00
  0.0000000E+00  0.0000000E+00
  0.0000000E+00  0.0000000E+00
  0.0000000E+00  0.0000000E+00
  0.0000000E+00  0.0000000E+00
  0.0000000E+00  0.0000000E+00
  0.0000000E+00  0.0000000E+00
  0.0000000E+00  0.0000000E+00
  0.0000000E+00  0.0000000E+00
  0.0000000E+00  0.0000000E+00
  0.0000000E+00  0.0000000E+00
  0.0000000E+00  0.0000000E+00
  0.0000000E+00  0.0000000E+00
  0.0000000E+00  0.0000000E+00
  0.0000000E+00  0.0000000E+00
  0.0000000E+00  0.0000000E+00
  0.0000000E+00  0.0000000E+00
  0.0000000E+00  0.0000000E+00
  0.0000000E+00  0.0000000E+00
  0.0000000E+00  0.0000000E+00
  0.0000000E+00  0.0000000E+00
  0.0000000E+00  0.0000000E+00
  0.0000000E+00  0.0000000E+00
  0.0000000E+00  0.0000000E+00
  0.0000000E+00  0.0000000E+00
  0.0000000E+00  0.0000000E+00
  0.0000000E+00  0.0000000E+00
  0.0000000E+00  0.0000000E+00
  0.0000000E+00  0.0000000E+00
  0.0000000E+00  0.0000000E+00
  0.0000000E+00  0.0000000E+00
  0.0000000E+00  0.0000000E+00
  0.0000000E+00  0.0000000E+00
  0.0000000E+00  0.0000000E+00
  0.0000000E+00  0.0000000E+00
  0.0000000E+00  0.0000000E+00
  0.0000000E+00  0.0000000E+00
  0.0000000E+00  0.0000000E+00
  0.0000000E+00  0.0000000E+00
  0.0000000E+00  0.0000000E+00
  0.0000000E+00  0.0000000E+00
  0.0000000E+00  0.0000000E+00
  0.0000000E+00  0.0000000E+00
  0.0000000E+00  0.0000000E+00
  0.0000000E+00  0.0000000E+00
  0.0000000E+00  0.0000000E+00
  0.0000000E+00  0.0000000E+00
  0.0000000E+00  0.0000000E+00
  0.0000000E+00  0.0000000E+00
  0.0000000E+00  0.0000000E+00
  0.0000000E+00  0.0000000E+00
  0.0000000E+00  0.0000000E+00
  0.0000000E+00  0.0000000E+00
  0.0000000E+00  0.0000000E+00
  0.0000000E+00  0.0000000E+00
  0.0000000E+00  0.0000000E+00
  0.0000000E+00  0.0000000E+00
  0.0000000E+00  0.0000000E+00
  0.0000000E+00  0.0000000E+00
  0.0000000E+00  0.0000000E+00
  0.0000000E+00  0.0000000E+00
  0.0000000E+00  0.0000000E+00
  0.0000000E+00  0.0000000E+00
  0.0000000E+00  0.0000000E+00
  0.0000000E+00  0.0000000E+00
  0.0000000E+00  0.0000000E+00
  0.0000000E+00  0.0000000E+00
  0.0000000E+00  0.0000000E+00
  0.0000000E+00  0.0000000E+00
  0.0000000E+00  0.0000000E+00
  0.0000000E+00  0.0000000E+00
  0.0000000E+00  0.0000000E+00
  0.0000000E+00  0.0000000E+00
  0.0000000E+00  0.0000000E+00
  0.0000000E+00  0.0000000E+00
  0.0000000E+00  0.0000000E+00
  0.0000000E+00  0.0000000E+00
  0.0000000E+00  0.0000000E+00
  0.0000000E+00  0.0000000E+00
  0.0000000E+00  0.0000000E+00
  0.0000000E+00  0.0000000E+00
  0.0000000E+00  0.0000000E+00
  0.0000000E+00  0.0000000E+00
  0.0000000E+00  0.0000000E+00
  0.0000000E+00  0.0000000E+00
  0.0000000E+00  0.0000000E+00
  0.0000000E+00  0.0000000E+00
  0.0000000E+00  0.0000000E+00
  0.0000000E+00  0.0000000E+00
  0.0000000E+00  0.0000000E+00
  0.0000000E+00  0.0000000E+00
  0.0000000E+00  0.0000000E+00
  0.0000000E+00  0.0000000E+00
  0.0000000E+00  0.0000000E+00
  0.0000000E+00  0.0000000E+00
  0.0000000E+00  0.0000000E+00
  0.0000000E+00  0.0000000E+00
  0.0000000E+00  0.0000000E+00
  0.0000000E+00  0.0000000E+00
  0.0000000E+00  0.0000000E+00
  0.0000000E+00  0.0000000E+00
  0.0000000E+00  0.0000000E+00
  0.0000000E+00  0.0000000E+00
  0.0000000E+00  0.0000000E+00
  0.0000000E+00  0.0000000E+00
  0.0000000E+00  0.0000000E+00
  0.0000000E+00  0.0000000E+00
  0.0000000E+00  0.0000000E+00
  0.0000000E+00  0.0000000E+00
  0.0000000E+00  0.0000000E+00
  0.0000000E+00  0.0000000E+00
  0.0000000E+00  0.0000000E+00
  0.0000000E+00  0.0000000E+00
  0.0000000E+00  0.0000000E+00
  0.0000000E+00  0.0000000E+00
  0.0000000E+00  0.0000000E+00
  0.0000000E+00  0.0000000E+00
  0.0000000E+00  0.0000000E+00
  0.0000000E+00  0.0000000E+00
  0.0000000E+00  0.0000000E+00
  0.0000000E+00  0.0000000E+00
  0.0000000E+00  0.0000000E+00
  0.0000000E+00  0.0000000E+00
  0.0000000E+00  0.0000000E+00
  0.0000000E+00  0.0000000E+00
  0.0000000E+00  0.0000000E+00
  0.0000000E+00  0.0000000E+00
  0.0000000E+00  0.0000000E+00
  0.0000000E+00  0.0000000E+00
  0.0000000E+00  0.0000000E+00
  0.0000000E+00  0.0000000E+00
  0.0000000E+00  0.0000000E+00
  0.0000000E+00  0.0000000E+00
  0.0000000E+00  0.0000000E+00
  0.0000000E+00  0.0000000E+00
  0.0000000E+00  0.0000000E+00
  0.0000000E+00  0.0000000E+00
  0.0000000E+00  0.0000000E+00
  0.0000000E+00  0.0000000E+00
  0.0000000E+00  0.0000000E+00
  0.0000000E+00  0.0000000E+00
  0.0000000E+00  0.0000000E+00
  0.0000000E+00  0.0000000E+00
  0.0000000E+00  0.0000000E+00
  0.0000000E+00  0.0000000E+00
  0.0000000E+00  0.0000000E+00
  0.0000000E+00  0.0000000E+00
  0.0000000E+00  0.0000000E+00
  0.0000000E+00  0.0000000E+00
  0.0000000E+00  0.0000000E+00
  0.0000000E+00  0.0000000E+00
  0.0000000E+00  0.0000000E+00
  0.0000000E+00  0.0000000E+00
  0.0000000E+00  0.0000000E+00
  0.0000000E+00  0.0000000E+00
  0.0000000E+00  0.0000000E+00
  0.0000000E+00  0.0000000E+00
  0.0000000E+00  0.0000000E+00
  0.0000000E+00  0.0000000E+00
  0.0000000E+00  0.0000000E+00
  0.0000000E+00  0.0000000E+00
  0.0000000E+00  0.0000000E+00
  0.0000000E+00  0.0000000E+00
  0.0000000E+00  0.0000000E+00
  0.0000000E+00  0.0000000E+00
  0.0000000E+00  0.0000000E+00
  0.0000000E+00  0.0000000E+00
  0.0000000E+00  0.0000000E+00
  0.0000000E+00  0.0000000E+00
  0.0000000E+00  0.0000000E+00
  0.0000000E+00  0.0000000E+00
  0.0000000E+00  0.0000000E+00
  0.0000000E+00  0.0000000E+00
  0.0000000E+00  0.0000000E+00
  0.0000000E+00  0.0000000E+00
  0.0000000E+00  0.0000000E+00
  0.0000000E+00  0.0000000E+00
  0.0000000E+00  0.0000000E+00
  0.0000000E+00  0.0000000E+00
  0.0000000E+00  0.0000000E+00
  0.0000000E+00  0.0000000E+00
  0.0000000E+00  0.0000000E+00
  0.0000000E+00  0.0000000E+00
  0.0000000E+00  0.0000000E+00
  0.0000000E+00  0.0000000E+00
  0.0000000E+00  0.0000000E+00
  0.0000000E+00  0.0000000E+00
  0.0000000E+00  0.0000000E+00
  0.0000000E+00  0.0000000E+00
  0.0000000E+00  0.0000000E+00
  0.0000000E+00  0.0000000E+00
  0.0000000E+00  0.0000000E+00
  0.0000000E+00  0.0000000E+00
  0.0000000E+00  0.0000000E+00
  0.0000000E+00  0.0000000E+00
  0.0000000E+00  0.0000000E+00
  0.0000000E+00  0.0000000E+00
  0.0000000E+00  0.0000000E+00
  0.0000000E+00  0.0000000E+00
  0.0000000E+00  0.0000000E+00
  0.0000000E+00  0.0000000E+00
  0.0000000E+00  0.0000000E+00
  0.0000000E+00  0.0000000E+00
  0.0000000E+00  0.0000000E+00
  0.0000000E+00  0.0000000E+00
  0.0000000E+00  0.0000000E+00
  0.0000000E+00  0.0000000E+00
  0.0000000E+00  0.0000000E+00
  0.0000000E+00  0.0000000E+00
  0.0000000E+00  0.0000000E+00
  0.0000000E+00  0.0000000E+00
  0.0000000E+00  0.0000000E+00
  0.0000000E+00  0.0000000E+00
  0.0000000E+00  0.0000000E+00
  0.0000000E+00  0.0000000E+00
  0.0000000E+00  0.0000000E+00
  0.0000000E+00  0.0000000E+00
  0.0000000E+00  0.0000000E+00
  0.0000000E+00  0.0000000E+00
  0.0000000E+00  0.0000000E+00
  0.0000000E+00  0.0000000E+00
  0.0000000E+00  0.0000000E+00
  0.0000000E+00  0.0000000E+00
  0.0000000E+00  0.0000000E+00
  0.0000000E+00  0.0000000E+00
  0.0000000E+00  0.0000000E+00
  0.0000000E+00  0.0000000E+00
  0.0000000E+00  0.0000000E+00
  0.0000000E+00  0.0000000E+00
  0.0000000E+00  0.0000000E+00
  0.0000000E+00  0.0000000E+00
  0.0000000E+00  0.0000000E+00
  0.0000000E+00  0.0000000E+00
  0.0000000E+00  0.0000000E+00
  0.0000000E+00  0.0000000E+00
  0.0000000E+00  0.0000000E+00
  0.0000000E+00  0.0000000E+00
  0.0000000E+00  0.0000000E+00
  0.0000000E+00  0.0000000E+00
  0.0000000E+00  0.0000000E+00
  0.0000000E+00  0.0000000E+00
  0.0000000E+00  0.0000000E+00
  0.0000000E+00  0.0000000E+00
  0.0000000E+00  0.0000000E+00
  0.0000000E+00  0.0000000E+00
  0.0000000E+00  0.0000000E+00
  0.0000000E+00  0.0000000E+00
  0.0000000E+00  0.0000000E+00
  0.0000000E+00  0.0000000E+00
  0.0000000E+00  0.0000000E+00
  0.0000000E+00  0.0000000E+00
  0.0000000E+00  0.0000000E+00
  0.0000000E+00  0.0000000E+00
  0.0000000E+00  0.0000000E+00
  0.0000000E+00  0.0000000E+00
  0.0000000E+00  0.0000000E+00
  0.0000000E+00  0.0000000E+00
  0.0000000E+00  0.0000000E+00
  0.0000000E+00  0.0000000E+00
  0.0000000E+00  0.0000000E+00
  0.0000000E+00  0.0000000E+00
  0.0000000E+00  0.0000000E+00
  0.0000000E+00  0.0000000E+00
  0.0000000E+00  0.0000000E+00
  0.0000000E+00  0.0000000E+00
  0.0000000E+00  0.0000000E+00
  0.0000000E+00  0.0000000E+00
  0.0000000E+00  0.0000000E+00
  0.0000000E+00  0.0000000E+00
  0.0000000E+00  0.0000000E+00
  0.0000000E+00  0.0000000E+00
  0.0000000E+00  0.0000000E+00
  0.0000000E+00  0.0000000E+00
  0.0000000E+00  0.0000000E+00
  0.0000000E+00  0.0000000E+00
  0.0000000E+00  0.0000000E+00
  0.0000000E+00  0.0000000E+00
  0.0000000E+00  0.0000000E+00
  0.0000000E+00  0.0000000E+00
  0.0000000E+00  0.0000000E+00
  0.0000000E+00  0.0000000E+00
  0.0000000E+00  0.0000000E+00
  0.0000000E+00  0.0000000E+00
  0.0000000E+00  0.0000000E+00
  0.0000000E+00  0.0000000E+00
  0.0000000E+00  0.0000000E+00
  0.0000000E+00  0.0000000E+00
  0.0000000E+00  0.0000000E+00
  0.0000000E+00  0.0000000E+00
  0.0000000E+00  0.0000000E+00
  0.0000000E+00  0.0000000E+00
  0.0000000E+00  0.0000000E+00
  0.0000000E+00  0.0000000E+00
  0.0000000E+00  0.0000000E+00
  0.0000000E+00  0.0000000E+00
  0.0000000E+00  0.0000000E+00
  0.0000000E+00  0.0000000E+00
  0.0000000E+00  0.0000000E+00
  0.0000000E+00  0.0000000E+00
  0.0000000E+00  0.0000000E+00
  0.0000000E+00  0.0000000E+00
  0.0000000E+00  0.0000000E+00
  0.0000000E+00  0.0000000E+00
  0.0000000E+00  0.0000000E+00
  0.0000000E+00  0.0000000E+00
  0.0000000E+00  0.0000000E+00
  0.0000000E+00  0.0000000E+00
  0.0000000E+00  0.0000000E+00
  0.0000000E+00  0.0000000E+00
  0.0000000E+00  0.0000000E+00
  0.0000000E+00  0.0000000E+00
  0.0000000E+00  0.0000000E+00
  0.0000000E+00  0.0000000E+00
  0.0000000E+00  0.0000000E+00
  0.0000000E+00  0.0000000E+00
  0.0000000E+00  0.0000000E+00
  0.0000000E+00  0.0000000E+00
  0.0000000E+00  0.0000000E+00
  0.0000000E+00  0.0000000E+00
  0.0000000E+00  0.0000000E+00
  0.0000000E+00  0.0000000E+00
  0.0000000E+00  0.0000000E+00
  0.0000000E+00  0.0000000E+00
  0.0000000E+00  0.0000000E+00
  0.0000000E+00  0.0000000E+00
  0.0000000E+00  0.0000000E+00
  0.0000000E+00  0.0000000E+00
  0.0000000E+00  0.0000000E+00
  0.0000000E+00  0.0000000E+00
  0.0000000E+00  0.0000000E+00
  0.0000000E+00  0.0000000E+00
  0.0000000E+00  0.0000000E+00
  0.0000000E+00  0.0000000E+00
  0.0000000E+00  0.0000000E+00
  0.0000000E+00  0.0000000E+00
  0.0000000E+00  0.0000000E+00
  0.0000000E+00  0.0000000E+00
  0.0000000E+00  0.0000000E+00
  0.0000000E+00  0.0000000E+00
  0.0000000E+00  0.0000000E+00
  0.0000000E+00  0.0000000E+00
  0.0000000E+00  0.0000000E+00
  0.0000000E+00  0.0000000E+00
  0.0000000E+00  0.0000000E+00
  0.0000000E+00  0.0000000E+00
  0.0000000E+00  0.0000000E+00
  0.0000000E+00  0.0000000E+00
  0.0000000E+00  0.0000000E+00
  0.0000000E+00  0.0000000E+00
  0.0000000E+00  0.0000000E+00
  0.0000000E+00  0.0000000E+00
  0.0000000E+00  0.0000000E+00
  0.0000000E+00  0.0000000E+00
  0.0000000E+00  0.0000000E+00
  0.0000000E+00  0.0000000E+00
  0.0000000E+00  0.0000000E+00
  0.0000000E+00  0.0000000E+00
  0.0000000E+00  0.0000000E+00
  0.0000000E+00  0.0000000E+00
  0.0000000E+00  0.0000000E+00
  0.0000000E+00  0.0000000E+00
  0.0000000E+00  0.0000000E+00
  0.0000000E+00  0.0000000E+00
  0.0000000E+00  0.0000000E+00
  0.0000000E+00  0.0000000E+00
  0.0000000E+00  0.0000000E+00
  0.0000000E+00  0.0000000E+00
  0.0000000E+00  0.0000000E+00
  0.0000000E+00  0.0000000E+00
  0.0000000E+00  0.0000000E+00
  0.0000000E+00  0.0000000E+00
  0.0000000E+00  0.0000000E+00
  0.0000000E+00  0.0000000E+00
  0.0000000E+00  0.0000000E+00
  0.0000000E+00  0.0000000E+00
  0.0000000E+00  0.0000000E+00
  0.0000000E+00  0.0000000E+00
  0.0000000E+00  0.0000000E+00
  0.0000000E+00  0.0000000E+00
  0.0000000E+00  0.0000000E+00
  0.0000000E+00  0.0000000E+00
  0.0000000E+00  0.0000000E+00
  0.0000000E+00  0.0000000E+00
  0.0000000E+00  0.0000000E+00
  0.0000000E+00  0.0000000E+00
  0.0000000E+00  0.0000000E+00
  0.0000000E+00  0.0000000E+00
  0.0000000E+00  0.0000000E+00
  0.0000000E+00  0.0000000E+00
  0.0000000E+00  0.0000000E+00
  0.0000000E+00  0.0000000E+00
  0.0000000E+00  0.0000000E+00
  0.0000000E+00  0.0000000E+00
  0.0000000E+00  0.0000000E+00
  0.0000000E+00  0.0000000E+00
  0.0000000E+00  0.0000000E+00
  0.0000000E+00  0.0000000E+00
  0.0000000E+00  0.0000000E+00
  0.0000000E+00  0.0000000E+00
  0.0000000E+00  0.0000000E+00
  0.0000000E+00  0.0000000E+00
  0.0000000E+00  0.0000000E+00
  0.0000000E+00  0.0000000E+00
  0.0000000E+00  0.0000000E+00
  0.0000000E+00  0.0000000E+00
  0.0000000E+00  0.0000000E+00
  0.0000000E+00  0.0000000E+00
  0.0000000E+00  0.0000000E+00
  0.0000000E+00  0.0000000E+00
  0.0000000E+00  0.0000000E+00
  0.0000000E+00  0.0000000E+00
  0.0000000E+00  0.0000000E+00
  0.0000000E+00  0.0000000E+00
  0.0000000E+00  0.0000000E+00
  0.0000000E+00  0.0000000E+00
  0.0000000E+00  0.0000000E+00
  0.0000000E+00  0.0000000E+00
  0.0000000E+00  0.0000000E+00
  0.0000000E+00  0.0000000E+00
  0.0000000E+00  0.0000000E+00
  0.0000000E+00  0.0000000E+00
  0.0000000E+00  0.0000000E+00
  0.0000000E+00  0.0000000E+00
  0.0000000E+00  0.0000000E+00
  0.0000000E+00  0.0000000E+00
  0.0000000E+00  0.0000000E+00
  0.0000000E+00  0.0000000E+00
  0.0000000E+00  0.0000000E+00
  0.0000000E+00  0.0000000E+00
  0.0000000E+00  0.0000000E+00
  0.0000000E+00  0.0000000E+00
  0.0000000E+00  0.0000000E+00
  0.0000000E+00  0.0000000E+00
  0.0000000E+00  0.0000000E+00
  0.0000000E+00  0.0000000E+00
  0.0000000E+00  0.0000000E+00
  0.0000000E+00  0.0000000E+00
  0.0000000E+00  0.0000000E+00
  0.0000000E+00  0.0000000E+00
  0.0000000E+00  0.0000000E+00
  0.0000000E+00  0.0000000E+00
  0.0000000E+00  0.0000000E+00
  0.0000000E+00  0.0000000E+00
  0.0000000E+00  0.0000000E+00
  0.0000000E+00  0.0000000E+00
  0.0000000E+00  0.0000000E+00
  0.0000000E+00  0.0000000E+00
  0.0000000E+00  0.0000000E+00
  0.0000000E+00  0.0000000E+00
  0.0000000E+00  0.0000000E+00
  0.0000000E+00  0.0000000E+00
  0.0000000E+00  0.0000000E+00
  0.0000000E+00  0.0000000E+00
  0.0000000E+00  0.0000000E+00
  0.0000000E+00  0.0000000E+00
  0.0000000E+00  0.0000000E+00
  0.0000000E+00  0.0000000E+00
  0.0000000E+00  0.0000000E+00
  0.0000000E+00  0.0000000E+00
  0.0000000E+00  0.0000000E+00
  0.0000000E+00  0.0000000E+00
  0.0000000E+00  0.0000000E+00
  0.0000000E+00  0.0000000E+00
  0.0000000E+00  0.0000000E+00
  0.0000000E+00  0.0000000E+00
  0.0000000E+00  0.0000000E+00
  0.0000000E+00  0.0000000E+00
  0.0000000E+00  0.0000000E+00
  0.0000000E+00  0.0000000E+00
  0.0000000E+00  0.0000000E+00
  0.0000000E+00  0.0000000E+00
  0.0000000E+00  0.0000000E+00
  0.0000000E+00  0.0000000E+00
  0.0000000E+00  0.0000000E+00
  0.0000000E+00  0.0000000E+00
  0.0000000E+00  0.0000000E+00
  0.0000000E+00  0.0000000E+00
  0.0000000E+00  0.0000000E+00
  0.0000000E+00  0.0000000E+00
  0.0000000E+00  0.0000000E+00
  0.0000000E+00  0.0000000E+00
  0.0000000E+00  0.0000000E+00
  0.0000000E+00  0.0000000E+00
  0.0000000E+00  0.0000000E+00
  0.0000000E+00  0.0000000E+00
  0.0000000E+00  0.0000000E+00
  0.0000000E+00  0.0000000E+00
  0.0000000E+00  0.0000000E+00
  0.0000000E+00  0.0000000E+00
  0.0000000E+00  0.0000000E+00
  0.0000000E+00  0.0000000E+00
  0.0000000E+00  0.0000000E+00
  0.0000000E+00  0.0000000E+00
  0.0000000E+00  0.0000000E+00
  0.0000000E+00  0.0000000E+00
  0.0000000E+00  0.0000000E+00
  0.0000000E+00  0.0000000E+00
  0.0000000E+00  0.0000000E+00
  0.0000000E+00  0.0000000E+00
  0.0000000E+00  0.0000000E+00
  0.0000000E+00  0.0000000E+00
  0.0000000E+00  0.0000000E+00
  0.0000000E+00  0.0000000E+00
  0.0000000E+00  0.0000000E+00
  0.0000000E+00  0.0000000E+00
  0.0000000E+00  0.0000000E+00
  0.0000000E+00  0.0000000E+00
  0.0000000E+00  0.0000000E+00
  0.0000000E+00  0.0000000E+00
  0.0000000E+00  0.0000000E+00
  0.0000000E+00  0.0000000E+00
  0.0000000E+00  0.0000000E+00
  0.0000000E+00  0.0000000E+00
  0.0000000E+00  0.0000000E+00
  0.0000000E+00  0.0000000E+00
  0.0000000E+00  0.0000000E+00
  0.0000000E+00  0.0000000E+00
  0.0000000E+00  0.0000000E+00
  0.0000000E+00  0.0000000E+00
  0.0000000E+00  0.0000000E+00
  0.0000000E+00  0.0000000E+00
  0.0000000E+00  0.0000000E+00
  0.0000000E+00  0.0000000E+00
  0.0000000E+00  0.0000000E+00
  0.0000000E+00  0.0000000E+00
  0.0000000E+00  0.0000000E+00
  0.0000000E+00  0.0000000E+00
  0.0000000E+00  0.0000000E+00
  0.0000000E+00  0.0000000E+00
  0.0000000E+00  0.0000000E+00
  0.0000000E+00  0.0000000E+00
  0.0000000E+00  0.0000000E+00
  0.0000000E+00  0.0000000E+00
  0.0000000E+00  0.0000000E+00
  0.0000000E+00  0.0000000E+00
  0.0000000E+00  0.0000000E+00
  0.0000000E+00  0.0000000E+00
  0.0000000E+00  0.0000000E+00
  0.0000000E+00  0.0000000E+00
  0.0000000E+00  0.0000000E+00
  0.0000000E+00  0.0000000E+00
  0.0000000E+00  0.0000000E+00
  0.0000000E+00  0.0000000E+00
  0.0000000E+00  0.0000000E+00
  0.0000000E+00  0.0000000E+00
  0.0000000E+00  0.0000000E+00
  0.0000000E+00  0.0000000E+00
  0.0000000E+00  0.0000000E+00
  0.0000000E+00  0.0000000E+00
  0.0000000E+00  0.0000000E+00
  0.0000000E+00  0.0000000E+00
  0.0000000E+00  0.0000000E+00
  0.0000000E+00  0.0000000E+00
  0.0000000E+00  0.0000000E+00
  0.0000000E+00  0.0000000E+00
  0.0000000E+00  0.0000000E+00
  0.0000000E+00  0.0000000E+00
  0.0000000E+00  0.0000000E+00
  0.0000000E+00  0.0000000E+00
  0.0000000E+00  0.0000000E+00
  0.0000000E+00  0.0000000E+00
  0.0000000E+00  0.0000000E+00
  0.0000000E+00  0.0000000E+00
  0.0000000E+00  0.0000000E+00
  0.0000000E+00  0.0000000E+00
  0.0000000E+00  0.0000000E+00
  0.0000000E+00  0.0000000E+00
  0.0000000E+00  0.0000000E+00
  0.0000000E+00  0.0000000E+00
  0.0000000E+00  0.0000000E+00
  0.0000000E+00  0.0000000E+00
  0.0000000E+00  0.0000000E+00
  0.0000000E+00  0.0000000E+00
  0.0000000E+00  0.0000000E+00
  0.0000000E+00  0.0000000E+00
  0.0000000E+00  0.0000000E+00
  0.0000000E+00  0.0000000E+00
  0.0000000E+00  0.0000000E+00
  0.0000000E+00  0.0000000E+00
  0.0000000E+00  0.0000000E+00
  0.0000000E+00  0.0000000E+00
  0.0000000E+00  0.0000000E+00
  0.0000000E+00  0.0000000E+00
  0.0000000E+00  0.0000000E+00
  0.0000000E+00  0.0000000E+00
  0.0000000E+00  0.0000000E+00
  0.0000000E+00  0.0000000E+00
  0.0000000E+00  0.0000000E+00
  0.0000000E+00  0.0000000E+00
  0.0000000E+00  0.0000000E+00
  0.0000000E+00  0.0000000E+00
  0.0000000E+00  0.0000000E+00
  0.0000000E+00  0.0000000E+00
  0.0000000E+00  0.0000000E+00
  0.0000000E+00  0.0000000E+00
  0.0000000E+00  0.0000000E+00
  0.0000000E+00  0.0000000E+00
  0.0000000E+00  0.0000000E+00
  0.0000000E+00  0.0000000E+00
  0.0000000E+00  0.0000000E+00
  0.0000000E+00  0.0000000E+00
  0.0000000E+00  0.0000000E+00
  0.0000000E+00  0.0000000E+00
  0.0000000E+00  0.0000000E+00
  0.0000000E+00  0.0000000E+00
  0.0000000E+00  0.0000000E+00
  0.0000000E+00  0.0000000E+00
  0.0000000E+00  0.0000000E+00
  0.0000000E+00  0.0000000E+00
  0.0000000E+00  0.0000000E+00
  0.0000000E+00  0.0000000E+00
  0.0000000E+00  0.0000000E+00
  0.0000000E+00  0.0000000E+00
  0.0000000E+00  0.0000000E+00
  0.0000000E+00  0.0000000E+00
  0.0000000E+00  0.0000000E+00
  0.0000000E+00  0.0000000E+00
  0.0000000E+00  0.0000000E+00
  0.0000000E+00  0.0000000E+00
  0.0000000E+00  0.0000000E+00
  0.0000000E+00  0.0000000E+00
  0.0000000E+00  0.0000000E+00
  0.0000000E+00  0.0000000E+00
  0.0000000E+00  0.0000000E+00
  0.0000000E+00  0.0000000E+00
  0.0000000E+00  0.0000000E+00
  0.0000000E+00  0.0000000E+00
  0.0000000E+00  0.0000000E+00
  0.0000000E+00  0.0000000E+00
  0.0000000E+00  0.0000000E+00
  0.0000000E+00  0.0000000E+00
  0.0000000E+00  0.0000000E+00
  0.0000000E+00  0.0000000E+00
  0.0000000E+00  0.0000000E+00
  0.0000000E+00  0.0000000E+00
  0.0000000E+00  0.0000000E+00
  0.0000000E+00  0.0000000E+00
  0.0000000E+00  0.0000000E+00
  0.0000000E+00  0.0000000E+00
  0.0000000E+00  0.0000000E+00
  0.0000000E+00  0.0000000E+00
  0.0000000E+00  0.0000000E+00
  0.0000000E+00  0.0000000E+00
  0.0000000E+00  0.0000000E+00
  0.0000000E+00  0.0000000E+00
  0.0000000E+00  0.0000000E+00
  0.0000000E+00  0.0000000E+00
  0.0000000E+00  0.0000000E+00
  0.0000000E+00  0.0000000E+00
  0.0000000E+00  0.0000000E+00
  0.0000000E+00  0.0000000E+00
  0.0000000E+00  0.0000000E+00
  0.0000000E+00  0.0000000E+00
  0.0000000E+00  0.0000000E+00
  0.0000000E+00  0.0000000E+00
  0.0000000E+00  0.0000000E+00
  0.0000000E+00  0.0000000E+00
  0.0000000E+00  0.0000000E+00
  0.0000000E+00  0.0000000E+00
  0.0000000E+00  0.0000000E+00
  0.0000000E+00  0.0000000E+00
  0.0000000E+00  0.0000000E+00
  0.0000000E+00  0.0000000E+00
  0.0000000E+00  0.0000000E+00
  0.0000000E+00  0.0000000E+00
  0.0000000E+00  0.0000000E+00
  0.0000000E+00  0.0000000E+00
  0.0000000E+00  0.0000000E+00
  0.0000000E+00  0.0000000E+00
  0.0000000E+00  0.0000000E+00
  0.0000000E+00  0.0000000E+00
  0.0000000E+00  0.0000000E+00
  0.0000000E+00  0.0000000E+00
  0.0000000E+00  0.0000000E+00
  0.0000000E+00  0.0000000E+00
  0.0000000E+00  0.0000000E+00
  0.0000000E+00  0.0000000E+00
  0.0000000E+00  0.0000000E+00
  0.0000000E+00  0.0000000E+00
  0.0000000E+00  0.0000000E+00
  0.0000000E+00  0.0000000E+00
  0.0000000E+00  0.0000000E+00
  0.0000000E+00  0.0000000E+00
  0.0000000E+00  0.0000000E+00
  0.0000000E+00  0.0000000E+00
  0.0000000E+00  0.0000000E+00
  0.0000000E+00  0.0000000E+00
  0.0000000E+00  0.0000000E+00
  0.0000000E+00  0.0000000E+00
  0.0000000E+00  0.0000000E+00
  0.0000000E+00  0.0000000E+00
  0.0000000E+00  0.0000000E+00
  0.0000000E+00  0.0000000E+00
  0.0000000E+00  0.0000000E+00
  0.0000000E+00  0.0000000E+00
  0.0000000E+00  0.0000000E+00
  0.0000000E+00  0.0000000E+00
  0.0000000E+00  0.0000000E+00
  0.0000000E+00  0.0000000E+00
  0.0000000E+00  0.0000000E+00
  0.0000000E+00  0.0000000E+00
  0.0000000E+00  0.0000000E+00
  0.0000000E+00  0.0000000E+00
  0.0000000E+00  0.0000000E+00
  0.0000000E+00  0.0000000E+00
  0.0000000E+00  0.0000000E+00
  0.0000000E+00  0.0000000E+00
  0.0000000E+00  0.0000000E+00
  0.0000000E+00  0.0000000E+00
  0.0000000E+00  0.0000000E+00
  0.0000000E+00  0.0000000E+00
  0.0000000E+00  0.0000000E+00
  0.0000000E+00  0.0000000E+00
  0.0000000E+00  0.0000000E+00
  0.0000000E+00  0.0000000E+00
  0.0000000E+00  0.0000000E+00
  0.0000000E+00  0.0000000E+00
  0.0000000E+00  0.0000000E+00
  0.0000000E+00  0.0000000E+00
  0.0000000E+00  0.0000000E+00
  0.0000000E+00  0.0000000E+00
  0.0000000E+00  0.0000000E+00
  0.0000000E+00  0.0000000E+00
  0.0000000E+00  0.0000000E+00
  0.0000000E+00  0.0000000E+00
  0.0000000E+00  0.0000000E+00
  0.0000000E+00  0.0000000E+00
  0.0000000E+00  0.0000000E+00
  0.0000000E+00  0.0000000E+00
  0.0000000E+00  0.0000000E+00
  0.0000000E+00  0.0000000E+00
  0.0000000E+00  0.0000000E+00
  0.0000000E+00  0.0000000E+00
  0.0000000E+00  0.0000000E+00
  0.0000000E+00  0.0000000E+00
  0.0000000E+00  0.0000000E+00
  0.0000000E+00  0.0000000E+00
  0.0000000E+00  0.0000000E+00
  0.0000000E+00  0.0000000E+00
  0.0000000E+00  0.0000000E+00
  0.0000000E+00  0.0000000E+00
  0.0000000E+00  0.0000000E+00
  0.0000000E+00  0.0000000E+00
  0.0000000E+00  0.0000000E+00
  0.0000000E+00  0.0000000E+00
  0.0000000E+00  0.0000000E+00
  0.0000000E+00  0.0000000E+00
  0.0000000E+00  0.0000000E+00
  0.0000000E+00  0.0000000E+00
  0.0000000E+00  0.0000000E+00
  0.0000000E+00  0.0000000E+00
  0.0000000E+00  0.0000000E+00
  0.0000000E+00  0.0000000E+00
  0.0000000E+00  0.0000000E+00
  0.0000000E+00  0.0000000E+00
  0.0000000E+00  0.0000000E+00
  0.0000000E+00  0.0000000E+00
  0.0000000E+00  0.0000000E+00
  0.0000000E+00  0.0000000E+00
  0.0000000E+00  0.0000000E+00
  0.0000000E+00  0.0000000E+00
  0.0000000E+00  0.0000000E+00
  0.0000000E+00  0.0000000E+00
  0.0000000E+00  0.0000000E+00
  0.0000000E+00  0.0000000E+00
  0.0000000E+00  0.0000000E+00
  0.0000000E+00  0.0000000E+00
  0.0000000E+00  0.0000000E+00
  0.0000000E+00  0.0000000E+00
  0.0000000E+00  0.0000000E+00
  0.0000000E+00  0.0000000E+00
  0.0000000E+00  0.0000000E+00
  0.0000000E+00  0.0000000E+00
  0.0000000E+00  0.0000000E+00
  0.0000000E+00  0.0000000E+00
  0.0000000E+00  0.0000000E+00
  0.0000000E+00  0.0000000E+00
  0.0000000E+00  0.0000000E+00
  0.0000000E+00  0.0000000E+00
  0.0000000E+00  0.0000000E+00
  0.0000000E+00  0.0000000E+00
  0.0000000E+00  0.0000000E+00
  0.0000000E+00  0.0000000E+00
  0.0000000E+00  0.0000000E+00
  0.0000000E+00  0.0000000E+00
  0.0000000E+00  0.0000000E+00
  0.0000000E+00  0.0000000E+00
  0.0000000E+00  0.0000000E+00
  0.0000000E+00  0.0000000E+00
  0.0000000E+00  0.0000000E+00
  0.0000000E+00  0.0000000E+00
  0.0000000E+00  0.0000000E+00
  0.0000000E+00  0.0000000E+00
  0.0000000E+00  0.0000000E+00
  0.0000000E+00  0.0000000E+00
  0.0000000E+00  0.0000000E+00
  0.0000000E+00  0.0000000E+00
  0.0000000E+00  0.0000000E+00
  0.0000000E+00  0.0000000E+00
  0.0000000E+00  0.0000000E+00
  0.0000000E+00  0.0000000E+00
  0.0000000E+00  0.0000000E+00
  0.0000000E+00  0.0000000E+00
  0.0000000E+00  0.0000000E+00
  0.0000000E+00  0.0000000E+00
  0.0000000E+00  0.0000000E+00
  0.0000000E+00  0.0000000E+00
  0.0000000E+00  0.0000000E+00
  0.0000000E+00  0.0000000E+00
  0.0000000E+00  0.0000000E+00
