  0.2158390E+01  0.1659009E-02
  0.1475001E+01  0.1118941E-02
  0.1216852E+01  0.9122127E-03
  0.1073460E+01  0.7959837E-03
  0.9728040E+00  0.7128390E-03
  0.8920575E+00  0.6449606E-03
  0.2424105E+00  0.1706233E-03
  0.6621658E+00  0.4490244E-03
  0.5922133E+00  0.3873222E-03
  0.4914440E+00  0.2958232E-03
  0.2341081E+00  0.5374869E-04
  0.2365481E+00  0.5684449E-04
  0.2368449E+00  0.5851539E-04
  0.2329638E+00  0.5704850E-04
  0.2266945E+00  0.5428054E-04
  0.2239048E+00  0.5513916E-04
  0.2179872E+00  0.5385176E-04
  0.2115556E+00  0.5295616E-04
  0.2066777E+00  0.5386279E-04
  0.1966750E+00  0.5064949E-04
  0.1862003E+00  0.4775768E-04
  0.1777083E+00  0.4700402E-04
  0.1650847E+00  0.4298456E-04
  0.1521892E+00  0.3934934E-04
  0.1410073E+00  0.3754010E-04
  0.1265108E+00  0.3311583E-04
  0.1117693E+00  0.2895041E-04
  0.9838785E-01  0.2619627E-04
  0.8260479E-01  0.2155427E-04
  0.6660891E-01  0.1703684E-04
  0.5155386E-01  0.1345912E-04
  0.3508859E-01  0.8769472E-05
  0.1849269E-01  0.4107667E-05
  0.2394450E-02 -0.1115404E-06
 -0.1406229E-01 -0.4602956E-05
 -0.3052003E-01 -0.9141611E-05
 -0.4694301E-01 -0.1377114E-04
 -0.6263908E-01 -0.1778780E-04
 -0.7823230E-01 -0.2194889E-04
 -0.9424607E-01 -0.2670845E-04
 -0.1085045E+00 -0.3005095E-04
 -0.1225558E+00 -0.3360507E-04
 -0.1374963E+00 -0.3828596E-04
 -0.1497058E+00 -0.4075601E-04
 -0.1616634E+00 -0.4358637E-04
 -0.1749569E+00 -0.4800048E-04
 -0.1846402E+00 -0.4952429E-04
 -0.1940720E+00 -0.5154265E-04
 -0.2052374E+00 -0.5556854E-04
 -0.2120621E+00 -0.5614635E-04
 -0.2186692E+00 -0.5733733E-04
 -0.2273234E+00 -0.6087539E-04
 -0.2310891E+00 -0.6053066E-04
 -0.2346957E+00 -0.6093793E-04
 -0.2405801E+00 -0.6392262E-04
 -0.2412152E+00 -0.6274955E-04
 -0.2417679E+00 -0.6242685E-04
 -0.2447529E+00 -0.6482824E-04
 -0.2423293E+00 -0.6294378E-04
 -0.2397974E+00 -0.6190585E-04
 -0.2397160E+00 -0.6359326E-04
 -0.2342961E+00 -0.6105286E-04
 -0.2286619E+00 -0.5921999E-04
 -0.2254137E+00 -0.6001344E-04
 -0.2171920E+00 -0.5689509E-04
 -0.2087940E+00 -0.5444850E-04
 -0.2025924E+00 -0.5440865E-04
 -0.1918331E+00 -0.5077051E-04
 -0.1808879E+00 -0.4769507E-04
 -0.1719232E+00 -0.4676244E-04
 -0.1589795E+00 -0.4268998E-04
 -0.1457703E+00 -0.3897655E-04
 -0.1342223E+00 -0.3703260E-04
 -0.1194974E+00 -0.3258434E-04
 -0.1045309E+00 -0.2836417E-04
 -0.9084730E-01 -0.2547133E-04
 -0.7492422E-01 -0.2083597E-04
 -0.5882322E-01 -0.1630755E-04
 -0.4364377E-01 -0.1269217E-04
 -0.2736388E-01 -0.8235718E-05
 -0.1150751E-01 -0.4233396E-05
  0.3361709E-02 -0.1129771E-05
  0.2039370E-01  0.3866480E-05
  0.3635023E-01  0.7970739E-05
  0.5180875E-01  0.1173588E-04
  0.6690951E-01  0.1532201E-04
  0.8167579E-01  0.1879605E-04
  0.9607454E-01  0.2217952E-04
  0.1100533E+00  0.2547539E-04
  0.1235250E+00  0.2861841E-04
  0.1363997E+00  0.3159229E-04
  0.1486113E+00  0.3435223E-04
  0.1601045E+00  0.3689814E-04
  0.1708873E+00  0.3927108E-04
  0.1808966E+00  0.4144443E-04
  0.1899998E+00  0.4333606E-04
  0.1982284E+00  0.4498279E-04
  0.2056506E+00  0.4649214E-04
  0.2118608E+00  0.4751153E-04
  0.2158655E+00  0.4714171E-04
  0.2228510E+00  0.5032405E-04
  0.2339568E+00  0.5790553E-04
  0.2377535E+00  0.5936201E-04
  0.2359483E+00  0.5629890E-04
  0.2292009E+00  0.4927488E-04
  0.4911966E+00  0.2959249E-03
  0.5925809E+00  0.3881025E-03
  0.6651462E+00  0.4521377E-03
  0.7301800E+00  0.5087311E-03
  0.7932965E+00  0.5634348E-03
  0.8641498E+00  0.6236751E-03
  0.9454763E+00  0.6916402E-03
  0.1214725E+01  0.9111144E-03
  0.1468738E+01  0.1114312E-02
  0.2172469E+01  0.1670037E-02
  0.2173187E+01  0.1671773E-02
  0.2105339E+00  0.1486641E-03
  0.1603242E+01  0.1232774E-02
  0.1310247E+01  0.1008283E-02
  0.9221408E+00  0.7099248E-03
  0.4741323E+00  0.3651459E-03
 -0.1831846E-02 -0.1294526E-05
 -0.4770627E+00 -0.3672060E-03
 -0.9283838E+00 -0.7146848E-03
 -0.1340163E+01 -0.1031741E-02
 -0.1694968E+01 -0.1304963E-02
 -0.1973713E+01 -0.1519614E-02
 -0.2164533E+01 -0.1666571E-02
 -0.2261049E+01 -0.1740945E-02
 -0.2260761E+01 -0.1740851E-02
 -0.2163452E+01 -0.1666100E-02
 -0.1973129E+01 -0.1519761E-02
 -0.1696772E+01 -0.1307184E-02
 -0.1345047E+01 -0.1036550E-02
 -0.9323342E+00 -0.7188963E-03
 -0.4768226E+00 -0.3682242E-03
 -0.1009114E-02 -0.1885148E-05
  0.4724357E+00  0.3626288E-03
  0.9268121E+00  0.7124858E-03
  0.1341166E+01  0.1031533E-02
  0.1688861E+01  0.1299179E-02
  0.1950370E+01  0.1500269E-02
  0.2109556E+01  0.1622271E-02
  0.6421070E+00  0.4604443E-03
  0.7072875E+00  0.5064975E-03
  0.1034298E+01  0.7670577E-03
  0.9368796E+00  0.6862615E-03
  0.8480791E+00  0.6119370E-03
  0.5861582E+00  0.3831238E-03
  0.7566004E+00  0.5623047E-03
  0.4856300E+00  0.2930011E-03
  0.4895761E+00  0.2950646E-03
  0.4794573E+00  0.2895785E-03
  0.4688509E+00  0.2827677E-03
  0.4582518E+00  0.2764977E-03
  0.4475975E+00  0.2708271E-03
  0.4339273E+00  0.2630593E-03
  0.4176988E+00  0.2535193E-03
  0.3990783E+00  0.2423431E-03
  0.3785540E+00  0.2299367E-03
  0.3564213E+00  0.2165620E-03
  0.3324953E+00  0.2020183E-03
  0.3071212E+00  0.1865805E-03
  0.2804932E+00  0.1704077E-03
  0.2524731E+00  0.1533375E-03
  0.2233690E+00  0.1356106E-03
  0.1933513E+00  0.1173378E-03
  0.1623544E+00  0.9842672E-04
  0.1306619E+00  0.7910383E-04
  0.9841025E-01  0.5943188E-04
  0.6560846E-01  0.3940185E-04
  0.3249627E-01  0.1918570E-04
 -0.7557371E-03 -0.1113105E-05
 -0.3402967E-01 -0.2142565E-04
 -0.6715208E-01 -0.4164747E-04
 -0.1000077E+00 -0.6171083E-04
 -0.1323657E+00 -0.8144640E-04
 -0.1641377E+00 -0.1008093E-03
 -0.1952527E+00 -0.1197945E-03
 -0.2253788E+00 -0.1381382E-03
 -0.2545058E+00 -0.1558631E-03
 -0.2826172E+00 -0.1729960E-03
 -0.3092987E+00 -0.1891937E-03
 -0.3346147E+00 -0.2045589E-03
 -0.3585963E+00 -0.2191525E-03
 -0.3807750E+00 -0.2325731E-03
 -0.4012881E+00 -0.2449909E-03
 -0.4202096E+00 -0.2564843E-03
 -0.4370313E+00 -0.2666332E-03
 -0.4519674E+00 -0.2756406E-03
 -0.4651296E+00 -0.2836466E-03
 -0.4759811E+00 -0.2901595E-03
 -0.4848086E+00 -0.2954590E-03
 -0.4917243E+00 -0.2996560E-03
 -0.4963072E+00 -0.3023757E-03
 -0.4988329E+00 -0.3038875E-03
 -0.4993897E+00 -0.3042686E-03
 -0.4975034E+00 -0.3030891E-03
 -0.4935433E+00 -0.3006801E-03
 -0.4876600E+00 -0.2971679E-03
 -0.4793397E+00 -0.2920838E-03
 -0.4688882E+00 -0.2856870E-03
 -0.4566635E+00 -0.2782918E-03
 -0.4424064E+00 -0.2696372E-03
 -0.4262502E+00 -0.2598398E-03
 -0.4083990E+00 -0.2490529E-03
 -0.3886099E+00 -0.2370464E-03
 -0.3672054E+00 -0.2240774E-03
 -0.3443115E+00 -0.2102365E-03
 -0.3196939E+00 -0.1952765E-03
 -0.2936639E+00 -0.1794556E-03
 -0.2664218E+00 -0.1629103E-03
 -0.2378698E+00 -0.1455204E-03
 -0.2082773E+00 -0.1274947E-03
 -0.1778058E+00 -0.1089391E-03
 -0.1464292E+00 -0.8980591E-04
 -0.1144193E+00 -0.7028841E-04
 -0.8194286E-01 -0.5049334E-04
 -0.4908042E-01 -0.3046757E-04
 -0.1607226E-01 -0.1036439E-04
  0.1697595E-01  0.9741867E-05
  0.5000863E-01  0.2985873E-04
  0.8278301E-01  0.4979128E-04
  0.1151308E+00  0.6944551E-04
  0.1469390E+00  0.8874056E-04
  0.1781014E+00  0.1076528E-03
  0.2085360E+00  0.1261337E-03
  0.2380926E+00  0.1441103E-03
  0.2666010E+00  0.1614300E-03
  0.2938690E+00  0.1779814E-03
  0.3197509E+00  0.1936569E-03
  0.3442077E+00  0.2084632E-03
  0.3671619E+00  0.2223602E-03
  0.3884127E+00  0.2351938E-03
  0.4077410E+00  0.2467943E-03
  0.4253046E+00  0.2573429E-03
  0.4412825E+00  0.2670124E-03
  0.4554842E+00  0.2756477E-03
  0.4678835E+00  0.2832828E-03
  0.4788496E+00  0.2902715E-03
  0.4876120E+00  0.2959065E-03
  0.4928336E+00  0.2989678E-03
  0.4942122E+00  0.2991167E-03
  0.5944969E+00  0.3900879E-03
  0.1469799E+01  0.1116763E-02
  0.6666086E+00  0.4536494E-03
  0.7324246E+00  0.5108050E-03
  0.7988780E+00  0.5679696E-03
  0.8704984E+00  0.6288013E-03
  0.9506318E+00  0.6958880E-03
  0.8754864E+00  0.6653585E-03
  0.1228781E+01  0.9242267E-03
  0.6198039E+00  0.4712753E-03
  0.8453215E+00  0.6272534E-03
  0.1070260E+01  0.8125309E-03
  0.3178691E+00  0.2417388E-03
 -0.5176865E-02 -0.4018180E-05
 -0.3240129E+00 -0.2465640E-03
 -0.6269248E+00 -0.4769524E-03
 -0.9085379E+00 -0.6912351E-03
 -0.1152346E+01 -0.8767614E-03
 -0.1343837E+01 -0.1022490E-02
 -0.1474186E+01 -0.1121655E-02
 -0.1540684E+01 -0.1172280E-02
 -0.1541359E+01 -0.1172894E-02
 -0.1473429E+01 -0.1121315E-02
 -0.1342351E+01 -0.1021736E-02
 -0.1153395E+01 -0.8781519E-03
 -0.9139091E+00 -0.6960940E-03
 -0.6336109E+00 -0.4829319E-03
 -0.3257418E+00 -0.2487219E-03
 -0.7260161E-02 -0.6430422E-05
  0.3099861E+00  0.2348803E-03
  0.6223976E+00  0.4726008E-03
  0.9066073E+00  0.6888043E-03
  0.1139325E+01  0.8656832E-03
  0.1313035E+01  0.9974145E-03
  0.1432279E+01  0.1087455E-02
  0.6358247E+00  0.4290761E-03
  0.7615315E+00  0.5387951E-03
  0.1075323E+01  0.7997509E-03
  0.7849038E+00  0.5534744E-03
  0.6785346E+00  0.4646575E-03
  0.8814651E+00  0.6447152E-03
  0.5802654E+00  0.3793190E-03
  0.9853333E+00  0.7305687E-03
  0.5350758E+00  0.3505354E-03
  0.5181540E+00  0.3399460E-03
  0.4980044E+00  0.3269557E-03
  0.4754680E+00  0.3123058E-03
  0.4505598E+00  0.2960175E-03
  0.4234225E+00  0.2781903E-03
  0.3944766E+00  0.2591528E-03
  0.3638070E+00  0.2389784E-03
  0.3314654E+00  0.2176830E-03
  0.2977562E+00  0.1954976E-03
  0.2627548E+00  0.1724683E-03
  0.2265404E+00  0.1486129E-03
  0.1894295E+00  0.1241753E-03
  0.1515084E+00  0.9920645E-04
  0.1127566E+00  0.7366568E-04
  0.7341347E-01  0.4773727E-04
  0.3370030E-01  0.2155940E-04
 -0.6217959E-02 -0.4758591E-05
 -0.4605357E-01 -0.3100598E-04
 -0.8563912E-01 -0.5708832E-04
 -0.1248826E+00 -0.8294389E-04
 -0.1635586E+00 -0.1084253E-03
 -0.2014899E+00 -0.1333977E-03
 -0.2385805E+00 -0.1578272E-03
 -0.2745833E+00 -0.1815251E-03
 -0.3093527E+00 -0.2044008E-03
 -0.3427934E+00 -0.2264059E-03
 -0.3746661E+00 -0.2473624E-03
 -0.4048717E+00 -0.2672205E-03
 -0.4333078E+00 -0.2859135E-03
 -0.4597766E+00 -0.3032931E-03
 -0.4842062E+00 -0.3193358E-03
 -0.5065180E+00 -0.3339775E-03
 -0.5265514E+00 -0.3471218E-03
 -0.5442671E+00 -0.3587384E-03
 -0.5596011E+00 -0.3687972E-03
 -0.5724379E+00 -0.3772095E-03
 -0.5826258E+00 -0.3838551E-03
 -0.5904220E+00 -0.3889331E-03
 -0.5959570E+00 -0.3925906E-03
 -0.5988098E+00 -0.3944841E-03
 -0.5988311E+00 -0.3944795E-03
 -0.5963406E+00 -0.3928414E-03
 -0.5912727E+00 -0.3895263E-03
 -0.5835302E+00 -0.3844230E-03
 -0.5729832E+00 -0.3774335E-03
 -0.5595852E+00 -0.3684756E-03
 -0.5442773E+00 -0.3583375E-03
 -0.5271516E+00 -0.3471352E-03
 -0.5074874E+00 -0.3342252E-03
 -0.4856506E+00 -0.3198928E-03
 -0.4619273E+00 -0.3043856E-03
 -0.4360844E+00 -0.2874675E-03
 -0.4081892E+00 -0.2691594E-03
 -0.3784744E+00 -0.2496438E-03
 -0.3470150E+00 -0.2289622E-03
 -0.3140159E+00 -0.2072442E-03
 -0.2797095E+00 -0.1846796E-03
 -0.2440973E+00 -0.1612345E-03
 -0.2073405E+00 -0.1370241E-03
 -0.1696585E+00 -0.1122134E-03
 -0.1311746E+00 -0.8686425E-04
 -0.9200954E-01 -0.6105346E-04
 -0.5248888E-01 -0.3501506E-04
 -0.1285896E-01 -0.8911800E-05
  0.2682893E-01  0.1722924E-04
  0.6633598E-01  0.4323328E-04
  0.1054609E+00  0.6894211E-04
  0.1440859E+00  0.9431561E-04
  0.1820927E+00  0.1192562E-03
  0.2194428E+00  0.1438189E-03
  0.2560531E+00  0.1679478E-03
  0.2917181E+00  0.1914737E-03
  0.3260750E+00  0.2141204E-03
  0.3587834E+00  0.2356433E-03
  0.3897406E+00  0.2559740E-03
  0.4190364E+00  0.2752292E-03
  0.4464971E+00  0.2932705E-03
  0.4715917E+00  0.3096825E-03
  0.4939041E+00  0.3241400E-03
  0.5143291E+00  0.3374059E-03
  0.5335104E+00  0.3500730E-03
  0.5504804E+00  0.3613207E-03
  0.5647651E+00  0.3707651E-03
  0.5768693E+00  0.3788830E-03
  0.5864657E+00  0.3853455E-03
  0.5924206E+00  0.3891333E-03
  0.5035137E+00  0.3786275E-03
  0.8713545E+00  0.6545887E-03
  0.7300487E+00  0.5095274E-03
  0.7970517E+00  0.5672056E-03
  0.8028029E+00  0.5791448E-03
  0.8652228E+00  0.6253035E-03
  0.9361314E+00  0.6850570E-03
  0.1219248E+01  0.9205797E-03
  0.2574178E+00  0.1935872E-03
 -0.8073871E-02 -0.6257475E-05
  0.6641791E+00  0.4523337E-03
 -0.2635107E+00 -0.1983894E-03
 -0.5055727E+00 -0.3803895E-03
 -0.7394383E+00 -0.5565719E-03
 -0.9420441E+00 -0.7091786E-03
 -0.1100974E+01 -0.8289381E-03
 -0.1208482E+01 -0.9098660E-03
 -0.1265540E+01 -0.9529075E-03
 -0.1268209E+01 -0.9550853E-03
 -0.1208398E+01 -0.9100137E-03
 -0.1097647E+01 -0.8266919E-03
 -0.9415277E+00 -0.7092929E-03
 -0.7456288E+00 -0.5619574E-03
 -0.5180077E+00 -0.3906880E-03
 -0.2706696E+00 -0.2045251E-03
 -0.1824908E-01 -0.1457592E-04
  0.2343098E+00  0.1753289E-03
  0.4980522E+00  0.3740528E-03
  0.7355267E+00  0.5526928E-03
  0.9228739E+00  0.6934676E-03
  0.1060498E+01  0.7963974E-03
  0.7062619E+00  0.5309604E-03
  0.5725994E+00  0.3744653E-03
  0.5455759E+00  0.3562527E-03
  0.5574513E+00  0.3638613E-03
  0.1184029E+01  0.8969737E-03
  0.7273478E+00  0.5156205E-03
  0.9118122E+00  0.6766547E-03
  0.6003595E+00  0.4075665E-03
  0.5787807E+00  0.3933132E-03
  0.5020695E+00  0.3417426E-03
  0.4709270E+00  0.3204942E-03
  0.4381780E+00  0.2981516E-03
  0.4035433E+00  0.2745357E-03
  0.3669649E+00  0.2495729E-03
  0.3291897E+00  0.2238419E-03
  0.2898779E+00  0.1970335E-03
  0.2493279E+00  0.1693707E-03
  0.2082360E+00  0.1413703E-03
  0.1661602E+00  0.1127178E-03
  0.1227364E+00  0.8310370E-04
  0.7838972E-01  0.5282272E-04
  0.3369943E-01  0.2232203E-04
 -0.1116100E-01 -0.8294614E-05
 -0.5562691E-01 -0.3861614E-04
 -0.9960689E-01 -0.6859566E-04
 -0.1433610E+00 -0.9842844E-04
 -0.1864104E+00 -0.1277904E-03
 -0.2285232E+00 -0.1564765E-03
 -0.2699081E+00 -0.1847086E-03
 -0.3099570E+00 -0.2120018E-03
 -0.3485738E+00 -0.2383073E-03
 -0.3859253E+00 -0.2637741E-03
 -0.4213517E+00 -0.2879099E-03
 -0.4548838E+00 -0.3107421E-03
 -0.4866788E+00 -0.3324163E-03
 -0.5160437E+00 -0.3524013E-03
 -0.5431405E+00 -0.3708449E-03
 -0.5681120E+00 -0.3878626E-03
 -0.5902403E+00 -0.4029089E-03
 -0.6098056E+00 -0.4162133E-03
 -0.6270178E+00 -0.4279596E-03
 -0.6408990E+00 -0.4373773E-03
 -0.6513021E+00 -0.4443087E-03
 -0.6600738E+00 -0.4502647E-03
 -0.6672170E+00 -0.4553095E-03
 -0.6703049E+00 -0.4574576E-03
 -0.6699696E+00 -0.4572007E-03
 -0.6670331E+00 -0.4552388E-03
 -0.6607573E+00 -0.4509514E-03
 -0.6512870E+00 -0.4444102E-03
 -0.6382125E+00 -0.4352915E-03
 -0.6210661E+00 -0.4231562E-03
 -0.6038038E+00 -0.4112675E-03
 -0.5856147E+00 -0.3990759E-03
 -0.5633652E+00 -0.3839615E-03
 -0.5391959E+00 -0.3675950E-03
 -0.5130803E+00 -0.3500100E-03
 -0.4838472E+00 -0.3301943E-03
 -0.4523853E+00 -0.3088147E-03
 -0.4189087E+00 -0.2860427E-03
 -0.3832946E+00 -0.2617597E-03
 -0.3463649E+00 -0.2366079E-03
 -0.3080567E+00 -0.2105419E-03
 -0.2679622E+00 -0.1831810E-03
 -0.2267154E+00 -0.1550432E-03
 -0.1844173E+00 -0.1262255E-03
 -0.1409551E+00 -0.9656737E-04
 -0.9672558E-01 -0.6637223E-04
 -0.5245642E-01 -0.3615574E-04
 -0.8398842E-02 -0.6113763E-05
  0.3581733E-01  0.2403911E-04
  0.7960048E-01  0.5385893E-04
  0.1226992E+00  0.8312799E-04
  0.1652533E+00  0.1120525E-03
  0.2071611E+00  0.1404986E-03
  0.2486811E+00  0.1688100E-03
  0.2899355E+00  0.1970688E-03
  0.3305994E+00  0.2249344E-03
  0.3696212E+00  0.2516322E-03
  0.4061166E+00  0.2764992E-03
  0.4404485E+00  0.2998585E-03
  0.4733163E+00  0.3222744E-03
  0.5040452E+00  0.3431999E-03
  0.5310674E+00  0.3613936E-03
  0.5532343E+00  0.3759778E-03
  0.5745275E+00  0.3902324E-03
  0.5970775E+00  0.4059077E-03
  0.6161896E+00  0.4191004E-03
  0.6306251E+00  0.4287726E-03
  0.6441830E+00  0.4382932E-03
  0.6567344E+00  0.4472648E-03
 -0.2267313E+00 -0.1685363E-03
 -0.1415238E-01 -0.1085475E-04
  0.6874021E+00  0.4761317E-03
  0.9753128E+00  0.7308831E-03
  0.4408660E+00  0.3276622E-03
  0.7508094E+00  0.5411941E-03
  0.6348009E+00  0.4295149E-03
  0.7888975E+00  0.5617747E-03
 -0.7898671E+00 -0.5609786E-03
 -0.4249896E+00 -0.3153525E-03
  0.5555853E+00  0.3778393E-03
  0.2219590E+00  0.1649213E-03
  0.7196432E+00  0.4984451E-03
  0.6842605E+00  0.4754536E-03
 -0.8155537E+00 -0.6067434E-03
 -0.9553270E+00 -0.7111338E-03
 -0.1048104E+01 -0.7801560E-03
 -0.1101212E+01 -0.8198919E-03
 -0.1107642E+01 -0.8250666E-03
 -0.1048302E+01 -0.7805013E-03
 -0.9473144E+00 -0.7051739E-03
 -0.8111689E+00 -0.6039384E-03
 -0.6425526E+00 -0.4785829E-03
 -0.4483289E+00 -0.3341505E-03
 -0.2398817E+00 -0.1791127E-03
 -0.3197627E-01 -0.2453895E-04
  0.1726346E+00  0.1269955E-03
  0.4201995E+00  0.3120924E-03
  0.6328399E+00  0.4697551E-03
  0.7916059E+00  0.5876881E-03
  0.6573778E+00  0.4900986E-03
  0.7219281E+00  0.5038546E-03
  0.5305848E+00  0.3610685E-03
  0.8486995E+00  0.6131858E-03
 -0.7452340E+00 -0.5266893E-03
 -0.6376125E+00 -0.4741991E-03
  0.8959405E+00  0.6532868E-03
  0.6825194E+00  0.4827392E-03
  0.6630796E+00  0.4613062E-03
  0.8002985E+00  0.5833307E-03
  0.8338292E+00  0.6055605E-03
  0.6084670E+00  0.4097735E-03
  0.6327328E+00  0.4398707E-03
  0.2008843E+00  0.1464256E-03
  0.5487879E+00  0.3822884E-03
  0.5121777E+00  0.3565112E-03
  0.3972867E+00  0.2762726E-03
  0.3564720E+00  0.2478840E-03
  0.3133649E+00  0.2177966E-03
  0.2688674E+00  0.1866835E-03
  0.2258680E+00  0.1567989E-03
  0.1815678E+00  0.1260857E-03
  0.1333599E+00  0.9247713E-04
  0.8316095E-01  0.5730959E-04
  0.3395958E-01  0.2302454E-04
 -0.1586570E-01 -0.1177246E-04
 -0.6417122E-01 -0.4546378E-04
 -0.1108254E+00 -0.7788122E-04
 -0.1587589E+00 -0.1113418E-03
 -0.2055803E+00 -0.1440019E-03
 -0.2504423E+00 -0.1751724E-03
 -0.2961528E+00 -0.2071217E-03
 -0.3396709E+00 -0.2374422E-03
 -0.3808842E+00 -0.2660892E-03
 -0.4224352E+00 -0.2951553E-03
 -0.4607750E+00 -0.3218542E-03
 -0.4966080E+00 -0.3467531E-03
 -0.5322609E+00 -0.3717309E-03
 -0.5638304E+00 -0.3936769E-03
 -0.5928717E+00 -0.4138676E-03
 -0.6211664E+00 -0.4337216E-03
 -0.6445984E+00 -0.4499812E-03
 -0.6656303E+00 -0.4645993E-03
 -0.6856143E+00 -0.4786446E-03
 -0.6994747E+00 -0.4881552E-03
 -0.7069128E+00 -0.4928248E-03
 -0.7179488E+00 -0.5006986E-03
 -0.7301419E+00 -0.5098464E-03
 -0.7330664E+00 -0.5119405E-03
 -0.7321417E+00 -0.5112524E-03
 -0.7295582E+00 -0.5096038E-03
 -0.7207585E+00 -0.5033017E-03
 -0.7090259E+00 -0.4948638E-03
 -0.6927451E+00 -0.4830608E-03
 -0.6686498E+00 -0.4652735E-03
 -0.6512026E+00 -0.4529491E-03
 -0.6358398E+00 -0.4427758E-03
 -0.6096828E+00 -0.4245584E-03
 -0.5850376E+00 -0.4076693E-03
 -0.5581556E+00 -0.3893862E-03
 -0.5245525E+00 -0.3660097E-03
 -0.4900921E+00 -0.3420651E-03
 -0.4535029E+00 -0.3166167E-03
 -0.4137154E+00 -0.2887831E-03
 -0.3742700E+00 -0.2614151E-03
 -0.3330727E+00 -0.2328254E-03
 -0.2882472E+00 -0.2014655E-03
 -0.2431980E+00 -0.1700310E-03
 -0.1966159E+00 -0.1375860E-03
 -0.1480496E+00 -0.1037206E-03
 -0.9845486E-01 -0.6903002E-04
 -0.5028653E-01 -0.3537222E-04
 -0.3507861E-02 -0.2832938E-05
  0.4492502E-01  0.3094137E-04
  0.9184714E-01  0.6363339E-04
  0.1373285E+00  0.9500782E-04
  0.1828993E+00  0.1268011E-03
  0.2271279E+00  0.1573613E-03
  0.2718217E+00  0.1886786E-03
  0.3170398E+00  0.2205066E-03
  0.3641457E+00  0.2536208E-03
  0.4088369E+00  0.2849437E-03
  0.4478802E+00  0.3120630E-03
  0.4843129E+00  0.3373182E-03
  0.5212602E+00  0.3631974E-03
  0.5558078E+00  0.3872669E-03
  0.5839839E+00  0.4064534E-03
  0.5995166E+00  0.4160923E-03
  0.6198496E+00  0.4300102E-03
  0.6501830E+00  0.4521692E-03
  0.6731468E+00  0.4685704E-03
  0.6824226E+00  0.4740777E-03
  0.5816810E+00  0.4051583E-03
  0.6065341E+00  0.4219934E-03
  0.6162714E+00  0.4169891E-03
 -0.9776813E+00 -0.7179221E-03
  0.7243730E+00  0.5307476E-03
  0.3914809E+00  0.2862850E-03
 -0.5630339E+00 -0.4103467E-03
  0.7794387E+00  0.5560319E-03
  0.8066804E+00  0.5887049E-03
 -0.1990659E+00 -0.1455764E-03
  0.6955445E+00  0.5007280E-03
  0.7911856E+00  0.5783098E-03
 -0.7235717E+00 -0.5303475E-03
 -0.8486645E+00 -0.6231658E-03
 -0.9924002E+00 -0.7297024E-03
 -0.9266409E+00 -0.6802541E-03
 -0.8303097E+00 -0.6089614E-03
 -0.7107953E+00 -0.5213595E-03
 -0.5635518E+00 -0.4134805E-03
 -0.3947847E+00 -0.2898563E-03
 -0.2146156E+00 -0.1578485E-03
 -0.4324996E-01 -0.3213261E-04
  0.1131557E+01  0.8471035E-03
  0.3658986E+00  0.2657708E-03
  0.5639441E+00  0.4121598E-03
  0.6941292E+00  0.5076851E-03
  0.5672963E+00  0.4148674E-03
  0.4762811E+00  0.3314465E-03
 -0.9264482E+00 -0.6799768E-03
  0.4382578E+00  0.3049373E-03
  0.1153874E+01  0.8651116E-03
  0.6364338E+00  0.4511005E-03
  0.7000808E+00  0.4874266E-03
  0.8380732E+00  0.6064875E-03
  0.5929273E+00  0.4202064E-03
 -0.8414394E+00 -0.6027525E-03
  0.6403038E+00  0.4315532E-03
  0.1780131E+00  0.1278446E-03
 -0.7511699E+00 -0.5401944E-03
  0.3333606E+00  0.2353379E-03
  0.5471528E+00  0.3871356E-03
  0.4221846E+00  0.2982817E-03
  0.3815733E+00  0.2697179E-03
  0.2430554E+00  0.1712582E-03
  0.2035559E+00  0.1439985E-03
  0.1472233E+00  0.1043242E-03
  0.8523554E-01  0.5964248E-04
  0.3344236E-01  0.2314327E-04
 -0.2307029E-01 -0.1713103E-04
 -0.7270601E-01 -0.5225399E-04
 -0.1186369E+00 -0.8454204E-04
 -0.1723027E+00 -0.1227399E-03
 -0.2225899E+00 -0.1583987E-03
 -0.2670409E+00 -0.1896256E-03
 -0.3194541E+00 -0.2270026E-03
 -0.3658039E+00 -0.2598291E-03
 -0.4067485E+00 -0.2885932E-03
 -0.4555272E+00 -0.3234645E-03
 -0.4953512E+00 -0.3516047E-03
 -0.5310230E+00 -0.3766745E-03
 -0.5741428E+00 -0.4075926E-03
 -0.6057925E+00 -0.4298828E-03
 -0.6347309E+00 -0.4502205E-03
 -0.6703615E+00 -0.4758871E-03
 -0.6923179E+00 -0.4912314E-03
 -0.7134098E+00 -0.5060522E-03
 -0.7407078E+00 -0.5256783E-03
 -0.7524276E+00 -0.5335653E-03
 -0.7696645E+00 -0.5455798E-03
 -0.7894944E+00 -0.5609299E-03
 -0.7874890E+00 -0.5593060E-03
 -0.7892026E+00 -0.5608854E-03
 -0.7728271E+00 -0.5487876E-03
 -0.7579637E+00 -0.5377036E-03
 -0.7378841E+00 -0.5222040E-03
 -0.6826592E+00 -0.4818526E-03
 -0.6415812E+00 -0.4546806E-03
 -0.6031885E+00 -0.4279519E-03
 -0.5594749E+00 -0.3967440E-03
 -0.5242200E+00 -0.3718239E-03
 -0.4866620E+00 -0.3453025E-03
 -0.4403258E+00 -0.3121431E-03
 -0.4012211E+00 -0.2847976E-03
 -0.3613444E+00 -0.2573375E-03
 -0.3055312E+00 -0.2172531E-03
 -0.2579927E+00 -0.1832730E-03
 -0.2087086E+00 -0.1484664E-03
 -0.1529415E+00 -0.1089925E-03
 -0.9490518E-01 -0.6754816E-04
 -0.4590826E-01 -0.3283768E-04
  0.3967684E-03 -0.2084671E-06
  0.5725335E-01  0.4024074E-04
  0.7374004E+00  0.5167551E-03
  0.2773547E+00  0.1952935E-03
  0.3321813E+00  0.2348686E-03
  0.3934902E+00  0.2787796E-03
  0.4492360E+00  0.3186764E-03
  0.4855738E+00  0.3439920E-03
  0.5211458E+00  0.3688559E-03
  0.5644751E+00  0.3999060E-03
  0.6063905E+00  0.4297889E-03
  0.6420387E+00  0.4544030E-03
  0.5010188E-01  0.3555949E-04
  0.5106761E+00  0.3612567E-03
 -0.8443673E+00 -0.6060696E-03
  0.6116508E+00  0.4378704E-03
  0.3406951E+00  0.2432810E-03
 -0.5217754E+00 -0.3742422E-03
  0.6276839E+00  0.4508281E-03
 -0.8132204E+00 -0.5854481E-03
 -0.7949579E+00 -0.5699072E-03
  0.9231907E+00  0.6780765E-03
  0.4702099E+00  0.3325730E-03
 -0.7173461E+00 -0.5144149E-03
 -0.6140466E+00 -0.4403101E-03
 -0.4869594E+00 -0.3492446E-03
 -0.3411204E+00 -0.2447866E-03
 -0.1856445E+00 -0.1335484E-03
 -0.4403368E-01 -0.3276005E-04
  0.1026243E+01  0.7598252E-03
  0.3328233E+00  0.2355952E-03
  0.4969933E+00  0.3550165E-03
  0.1054463E+01  0.7807546E-03
 -0.1782932E+00 -0.1292456E-03
  0.2843312E+00  0.2004784E-03
 -0.3421292E-01 -0.2486054E-04
 -0.6963973E-01 -0.4953056E-04
  0.1450009E+00  0.1018649E-03
  0.5131238E-01  0.3594521E-04
 -0.6419654E+00 -0.4608945E-03
  0.4829683E+00  0.3454169E-03
 -0.8158240E+00 -0.5861782E-03
  0.9200348E+00  0.6793051E-03
  0.1048013E+01  0.7831103E-03
  0.7025886E+00  0.4986885E-03
  0.7280236E+00  0.5121389E-03
  0.9521319E+00  0.6980986E-03
  0.1586233E+01  0.1211483E-02
  0.1764947E+01  0.1355086E-02
  0.1960225E+00  0.1407487E-03
  0.1193250E+00  0.8691888E-04
  0.6468728E+00  0.4572708E-03
 -0.4278334E+00 -0.3099714E-03
  0.7004629E+00  0.4915802E-03
 -0.3484550E+00 -0.2543135E-03
 -0.1874259E-01 -0.1400358E-04
 -0.6436892E+00 -0.4545818E-03
  0.9948540E-01  0.7002165E-04
 -0.8421978E+00 -0.6059155E-03
 -0.2865038E+00 -0.2058647E-03
  0.7521771E+00  0.5361564E-03
 -0.4442137E+00 -0.3179526E-03
  0.2811624E+00  0.2010492E-03
 -0.8161458E+00 -0.5866233E-03
  0.4268093E+00  0.3054664E-03
 -0.7486684E+00 -0.5376867E-03
 -0.5774153E+00 -0.4146346E-03
  0.5633668E+00  0.4036425E-03
  0.5375655E+00  0.3851482E-03
 -0.6600712E+00 -0.4739830E-03
 -0.5459442E+00 -0.3920674E-03
 -0.4108580E+00 -0.2951729E-03
 -0.2604787E+00 -0.1873533E-03
 -0.1031233E+00 -0.7446660E-04
  0.6222586E-01  0.4499800E-04
  0.2553062E+00  0.1821346E-03
  0.6474426E+00  0.4552806E-03
 -0.7018630E+00 -0.4951227E-03
 -0.2149338E+00 -0.1540765E-03
  0.2098099E+00  0.1479099E-03
  0.4233533E+00  0.3048583E-03
 -0.6963832E+00 -0.5018524E-03
  0.2995845E+01  0.2356485E-02
  0.2515654E+01  0.1978270E-02
  0.2365130E+01  0.1853207E-02
  0.2291123E+01  0.1786678E-02
  0.2245807E+01  0.1741980E-02
  0.2213361E+01  0.1706983E-02
  0.2187300E+01  0.1676740E-02
  0.2164866E+01  0.1649191E-02
  0.2144568E+01  0.1623224E-02
  0.2125521E+01  0.1598205E-02
  0.2107138E+01  0.1573718E-02
  0.2089025E+01  0.1549504E-02
  0.2070918E+01  0.1525387E-02
  0.2052710E+01  0.1501306E-02
  0.2034611E+01  0.1477419E-02
  0.2017262E+01  0.1454166E-02
  0.2002331E+01  0.1432717E-02
  0.1993437E+01  0.1415578E-02
  0.1998613E+01  0.1408290E-02
  0.2037240E+01  0.1424225E-02
  0.1948196E+01  0.1362080E-02
  0.1774008E+01  0.1240403E-02
  0.1522289E+01  0.1064517E-02
  0.1204027E+01  0.8420973E-03
  0.8331286E+00  0.5828655E-03
  0.4257930E+00  0.2981410E-03
 -0.1302277E-03  0.4004490E-06
 -0.4259904E+00 -0.2973159E-03
 -0.8332320E+00 -0.5820373E-03
 -0.1204079E+01 -0.8413352E-03
 -0.1522315E+01 -0.1063872E-02
 -0.1774022E+01 -0.1239918E-02
 -0.1948201E+01 -0.1361775E-02
 -0.2037241E+01 -0.1424116E-02
 -0.2037228E+01 -0.1424213E-02
 -0.1948190E+01 -0.1362070E-02
 -0.1774006E+01 -0.1240393E-02
 -0.1522288E+01 -0.1064508E-02
 -0.1204040E+01 -0.8420984E-03
 -0.8331671E+00 -0.5828850E-03
 -0.4258829E+00 -0.2981974E-03
  0.1513357E-04 -0.4772044E-06
  0.4259109E+00  0.2972643E-03
  0.8331913E+00  0.5820122E-03
  0.1204054E+01  0.8413217E-03
  0.1522292E+01  0.1063861E-02
  0.1774001E+01  0.1239906E-02
  0.1948181E+01  0.1361761E-02
  0.2037231E+01  0.1424113E-02
  0.1998581E+01  0.1408166E-02
  0.1993407E+01  0.1415452E-02
  0.2002308E+01  0.1432596E-02
  0.2017221E+01  0.1454031E-02
  0.2034583E+01  0.1477287E-02
  0.2052685E+01  0.1501175E-02
  0.2070873E+01  0.1525240E-02
  0.2088982E+01  0.1549358E-02
  0.2107096E+01  0.1573569E-02
  0.2125470E+01  0.1598049E-02
  0.2144531E+01  0.1623077E-02
  0.2164841E+01  0.1649048E-02
  0.2187288E+01  0.1676609E-02
  0.2213402E+01  0.1706883E-02
  0.2245840E+01  0.1741874E-02
  0.2291239E+01  0.1786635E-02
  0.2365315E+01  0.1853206E-02
  0.2515760E+01  0.1978204E-02
  0.2994015E+01  0.2354889E-02
  0.2863946E+01  0.2252404E-02
  0.2608973E+01  0.2051679E-02
  0.2239259E+01  0.1760733E-02
  0.1771428E+01  0.1392634E-02
  0.1226284E+01  0.9637354E-03
  0.6274707E+00  0.4926422E-03
  0.9103162E-03 -0.2287006E-06
 -0.6257026E+00 -0.4931008E-03
 -0.1224780E+01 -0.9642829E-03
 -0.1770285E+01 -0.1393295E-02
 -0.2238334E+01 -0.1761354E-02
 -0.2608662E+01 -0.2052516E-02
 -0.2864990E+01 -0.2253994E-02
 -0.2996001E+01 -0.2356881E-02
 -0.2995867E+01 -0.2356605E-02
 -0.2864721E+01 -0.2253276E-02
 -0.2608387E+01 -0.2051489E-02
 -0.2238041E+01 -0.1760039E-02
 -0.1769834E+01 -0.1391629E-02
 -0.1224251E+01 -0.9623805E-03
 -0.6248958E+00 -0.4908764E-03
  0.1741911E-02  0.2057487E-05
  0.6281618E+00  0.4947918E-03
  0.1226922E+01  0.9657402E-03
  0.1771579E+01  0.1394091E-02
  0.2236423E+01  0.1759624E-02
  0.2596437E+01  0.2042666E-02
  0.2858315E+01  0.2248467E-02
  0.2190874E+01  0.1708640E-02
  0.2147552E+01  0.1665901E-02
  0.2116515E+01  0.1632420E-02
  0.2091648E+01  0.1603540E-02
  0.2070205E+01  0.1577195E-02
  0.2050794E+01  0.1552366E-02
  0.2032584E+01  0.1528441E-02
  0.2015003E+01  0.1505026E-02
  0.1997674E+01  0.1481862E-02
  0.1980349E+01  0.1458790E-02
  0.1962965E+01  0.1435777E-02
  0.1945664E+01  0.1412940E-02
  0.1929066E+01  0.1390698E-02
  0.1914793E+01  0.1370188E-02
  0.1906287E+01  0.1353794E-02
  0.1911247E+01  0.1346830E-02
  0.1740325E+01  0.1226490E-02
  0.1493338E+01  0.1052546E-02
  0.1180997E+01  0.8325391E-03
  0.8167912E+00  0.5759669E-03
  0.4168215E+00  0.2941744E-03
 -0.1083806E-02 -0.2770465E-06
 -0.4185531E+00 -0.2944353E-03
 -0.8177586E+00 -0.5757476E-03
 -0.1181389E+01 -0.8320172E-03
 -0.1493516E+01 -0.1052013E-02
 -0.1740420E+01 -0.1226066E-02
 -0.1911276E+01 -0.1346544E-02
 -0.1998605E+01 -0.1408176E-02
 -0.1998590E+01 -0.1408265E-02
 -0.1911231E+01 -0.1346811E-02
 -0.1740339E+01 -0.1226492E-02
 -0.1493384E+01 -0.1052568E-02
 -0.1181163E+01 -0.8326431E-03
 -0.8173225E+00 -0.5763287E-03
 -0.4177564E+00 -0.2948239E-03
  0.6244567E-04 -0.4380182E-06
  0.4178772E+00  0.2939683E-03
  0.8174259E+00  0.5755239E-03
  0.1181248E+01  0.8319258E-03
  0.1493444E+01  0.1051968E-02
  0.1740370E+01  0.1226037E-02
  0.1911235E+01  0.1346523E-02
  0.1906292E+01  0.1353494E-02
  0.1914807E+01  0.1369886E-02
  0.1929092E+01  0.1390399E-02
  0.1945681E+01  0.1412629E-02
  0.1962985E+01  0.1435468E-02
  0.1980374E+01  0.1458477E-02
  0.1997674E+01  0.1481527E-02
  0.2014993E+01  0.1504678E-02
  0.2032583E+01  0.1528100E-02
  0.2050822E+01  0.1552039E-02
  0.2070250E+01  0.1576877E-02
  0.2091732E+01  0.1603244E-02
  0.2116701E+01  0.1632190E-02
  0.2147757E+01  0.1665676E-02
  0.2191190E+01  0.1708491E-02
  0.2262015E+01  0.1772133E-02
  0.2405732E+01  0.1891534E-02
  0.2190636E+01  0.1722256E-02
  0.1879898E+01  0.1477794E-02
  0.1487044E+01  0.1168781E-02
  0.1029332E+01  0.8087851E-03
  0.5266637E+00  0.4134597E-03
  0.8373652E-03 -0.3945399E-07
 -0.5250307E+00 -0.4135401E-03
 -0.1027909E+01 -0.8089348E-03
 -0.1485805E+01 -0.1168934E-02
 -0.1878759E+01 -0.1477841E-02
 -0.2189621E+01 -0.1722174E-02
 -0.2404792E+01 -0.1891242E-02
 -0.2514769E+01 -0.1977583E-02
 -0.2514697E+01 -0.1977385E-02
 -0.2404660E+01 -0.1890718E-02
 -0.2189501E+01 -0.1721399E-02
 -0.1878676E+01 -0.1476863E-02
 -0.1485680E+01 -0.1167731E-02
 -0.1027661E+01 -0.8074962E-03
 -0.5246712E+00 -0.4119217E-03
  0.1226900E-02  0.1637982E-05
  0.5270400E+00  0.4151056E-03
  0.1029801E+01  0.8104210E-03
  0.1487385E+01  0.1170179E-02
  0.1879606E+01  0.1478508E-02
  0.2189237E+01  0.1721874E-02
  0.2404657E+01  0.1891134E-02
  0.2261480E+01  0.1772129E-02
  0.1955524E+01  0.1517082E-02
  0.1885043E+01  0.1436263E-02
  0.1867365E+01  0.1413648E-02
  0.1850772E+01  0.1391854E-02
  0.1834762E+01  0.1370529E-02
  0.1818975E+01  0.1349428E-02
  0.1803166E+01  0.1328395E-02
  0.1787282E+01  0.1307416E-02
  0.1771437E+01  0.1286553E-02
  0.1756386E+01  0.1266345E-02
  0.1743460E+01  0.1247708E-02
  0.1735770E+01  0.1232811E-02
  0.1489223E+01  0.1057832E-02
  0.8127758E+00  0.5776071E-03
  0.1177110E+01  0.8362774E-03
  0.4132533E+00  0.2939310E-03
 -0.3589217E-02 -0.2057739E-05
 -0.4192105E+00 -0.2971868E-03
 -0.8164753E+00 -0.5793029E-03
 -0.1178662E+01 -0.8365415E-03
 -0.1489759E+01 -0.1057521E-02
 -0.1735950E+01 -0.1232426E-02
 -0.1906345E+01 -0.1353519E-02
 -0.1993438E+01 -0.1415462E-02
 -0.1993407E+01 -0.1415542E-02
 -0.1906272E+01 -0.1353767E-02
 -0.1735812E+01 -0.1232818E-02
 -0.1489490E+01 -0.1057989E-02
 -0.1178070E+01 -0.8369224E-03
 -0.8151680E+00 -0.5792818E-03
 -0.4166373E+00 -0.2963204E-03
  0.9521851E-04 -0.4155403E-06
  0.4168219E+00  0.2955083E-03
  0.8153276E+00  0.5785145E-03
  0.1178202E+01  0.8362387E-03
  0.1489589E+01  0.1057420E-02
  0.1735870E+01  0.1232386E-02
  0.1743623E+01  0.1247314E-02
  0.1771725E+01  0.1286218E-02
  0.1756624E+01  0.1265983E-02
  0.1787476E+01  0.1307011E-02
  0.1803300E+01  0.1327953E-02
  0.1819047E+01  0.1348937E-02
  0.1834818E+01  0.1370016E-02
  0.1850838E+01  0.1391344E-02
  0.1867446E+01  0.1413142E-02
  0.1885149E+01  0.1435768E-02
  0.1904726E+01  0.1459784E-02
  0.1927510E+01  0.1486181E-02
  0.1955805E+01  0.1516681E-02
  0.1995369E+01  0.1555675E-02
  0.2059818E+01  0.1613585E-02
  0.1767647E+01  0.1384561E-02
  0.9678157E+00  0.7577298E-03
  0.1398251E+01  0.1095048E-02
  0.4950880E+00  0.3873012E-03
  0.6828749E-03 -0.8436166E-07
 -0.4937432E+00 -0.3874570E-03
 -0.9665981E+00 -0.7579031E-03
 -0.1397171E+01 -0.1095196E-02
 -0.1766692E+01 -0.1384629E-02
 -0.2058936E+01 -0.1613499E-02
 -0.2261206E+01 -0.1771860E-02
 -0.2364628E+01 -0.1852762E-02
 -0.2364612E+01 -0.1852615E-02
 -0.2261199E+01 -0.1771461E-02
 -0.2058937E+01 -0.1612862E-02
 -0.1766657E+01 -0.1383751E-02
 -0.1397154E+01 -0.1094151E-02
 -0.9664931E+00 -0.7566542E-03
 -0.4935994E+00 -0.3860930E-03
  0.8493495E-03  0.1331755E-05
  0.4952350E+00  0.3886801E-03
  0.9679678E+00  0.7590381E-03
  0.1398259E+01  0.1096112E-02
  0.1767318E+01  0.1385186E-02
  0.2059224E+01  0.1613785E-02
  0.1927227E+01  0.1486566E-02
  0.1904584E+01  0.1460265E-02
  0.1994943E+01  0.1555978E-02
  0.1588115E+01  0.1194470E-02
  0.1602323E+01  0.1213149E-02
  0.1560785E+01  0.1158047E-02
  0.1546907E+01  0.1139788E-02
  0.1532690E+01  0.1121351E-02
  0.1518724E+01  0.1103174E-02
  0.1505921E+01  0.1085911E-02
  0.1495369E+01  0.1070304E-02
 -0.6651040E-02 -0.4259843E-05
 -0.4232656E+00 -0.3023345E-03
  0.8138633E+00  0.5827965E-03
  0.4122039E+00  0.2954233E-03
  0.1180677E+01  0.8452116E-03
 -0.8212643E+00 -0.5871156E-03
 -0.1184343E+01 -0.8469470E-03
 -0.1496536E+01 -0.1070400E-02
 -0.1743717E+01 -0.1247351E-02
 -0.1914862E+01 -0.1369903E-02
 -0.2002340E+01 -0.1432596E-02
 -0.2002301E+01 -0.1432673E-02
 -0.1914766E+01 -0.1370143E-02
 -0.1743542E+01 -0.1247726E-02
 -0.1496119E+01 -0.1070780E-02
 -0.1183304E+01 -0.8470340E-03
 -0.8187776E+00 -0.5862720E-03
 -0.4184806E+00 -0.2998950E-03
  0.1035008E-03 -0.4133065E-06
  0.4186822E+00  0.2990871E-03
  0.8189662E+00  0.5855178E-03
  0.1183457E+01  0.8463602E-03
  0.1496243E+01  0.1070228E-02
  0.1547387E+01  0.1139372E-02
  0.1560887E+01  0.1157366E-02
  0.1520327E+01  0.1103592E-02
  0.1533826E+01  0.1121416E-02
  0.1507385E+01  0.1086238E-02
  0.1574409E+01  0.1175447E-02
  0.1588156E+01  0.1193746E-02
  0.1602418E+01  0.1212456E-02
  0.1617626E+01  0.1231885E-02
  0.1634451E+01  0.1252512E-02
  0.1654033E+01  0.1275183E-02
  0.1678290E+01  0.1301337E-02
  0.1712314E+01  0.1334849E-02
  0.5390442E-03 -0.1642167E-06
 -0.4784047E+00 -0.3736218E-03
  0.9374334E+00  0.7304641E-03
  0.4794570E+00  0.3733028E-03
  0.1354442E+01  0.1055703E-02
 -0.9364362E+00 -0.7307508E-03
 -0.1353544E+01 -0.1055941E-02
 -0.1711494E+01 -0.1334978E-02
 -0.1994630E+01 -0.1555660E-02
 -0.2190541E+01 -0.1708314E-02
 -0.2290721E+01 -0.1786304E-02
 -0.2290727E+01 -0.1786183E-02
 -0.2190573E+01 -0.1707958E-02
 -0.1994657E+01 -0.1555069E-02
 -0.1711545E+01 -0.1334197E-02
 -0.1353593E+01 -0.1054983E-02
 -0.9364715E+00 -0.7296515E-03
 -0.4783868E+00 -0.3724009E-03
  0.5939829E-03  0.1118710E-05
  0.4794850E+00  0.3745422E-03
  0.9374013E+00  0.7315822E-03
  0.1354323E+01  0.1056628E-02
  0.1712008E+01  0.1335458E-02
  0.1653761E+01  0.1275778E-02
  0.1634297E+01  0.1253182E-02
  0.1574382E+01  0.1176179E-02
  0.1678141E+01  0.1302042E-02
  0.1617495E+01  0.1232560E-02
  0.1234839E+01  0.9164049E-03
  0.1223283E+01  0.9015309E-03
  0.1188228E+01  0.8569813E-03
 -0.8275464E+00 -0.5959947E-03
 -0.1193153E+01 -0.8595781E-03
 -0.4264990E+00 -0.3069146E-03
 -0.6430454E-02 -0.4126382E-05
  0.8190258E+00  0.5908755E-03
  0.4153345E+00  0.2998905E-03
  0.1267324E+01  0.9587610E-03
 -0.1756712E+01 -0.1266002E-02
 -0.1929122E+01 -0.1390388E-02
 -0.2017248E+01 -0.1454018E-02
 -0.2017215E+01 -0.1454095E-02
 -0.1929014E+01 -0.1390623E-02
 -0.1756518E+01 -0.1266379E-02
 -0.1507240E+01 -0.1086777E-02
 -0.1192102E+01 -0.8596890E-03
 -0.8248730E+00 -0.5950357E-03
 -0.4216057E+00 -0.3043849E-03
  0.8163809E-04 -0.4346481E-06
  0.4217748E+00  0.3035442E-03
  0.8250400E+00  0.5942603E-03
  0.1192255E+01  0.8590120E-03
  0.1245158E+01  0.9294830E-03
  0.1256028E+01  0.9439521E-03
  0.1234480E+01  0.9151975E-03
  0.1223829E+01  0.9009858E-03
  0.1202482E+01  0.8727282E-03
  0.1213133E+01  0.8868054E-03
 -0.1677672E+01 -0.1301604E-02
  0.1279384E+01  0.9741476E-03
  0.1292732E+01  0.9904914E-03
  0.1308267E+01  0.1008458E-02
  0.1327528E+01  0.1029199E-02
 -0.9180358E+00 -0.7125592E-03
 -0.1326840E+01 -0.1029573E-02
 -0.4690983E+00 -0.3643913E-03
  0.3359234E-03 -0.3040240E-06
  0.9187220E+00  0.7120622E-03
  0.4697955E+00  0.3638302E-03
 -0.1955199E+01 -0.1516757E-02
 -0.2147266E+01 -0.1665614E-02
 -0.2245458E+01 -0.1741652E-02
 -0.2245472E+01 -0.1741536E-02
 -0.2147339E+01 -0.1665300E-02
 -0.1955295E+01 -0.1516231E-02
 -0.1677831E+01 -0.1300922E-02
 -0.1326988E+01 -0.1028717E-02
 -0.9181288E+00 -0.7115336E-03
 -0.4691284E+00 -0.3632386E-03
  0.3420011E-03  0.9080782E-06
  0.4697682E+00  0.3649963E-03
  0.9186338E+00  0.7131064E-03
  0.1327363E+01  0.1030060E-02
  0.1279358E+01  0.9750626E-03
  0.1245772E+01  0.9308634E-03
  0.1292633E+01  0.9913672E-03
 -0.1507651E+01 -0.1086367E-02
  0.1308118E+01  0.1009312E-02
  0.1267447E+01  0.9597784E-03
  0.1198734E+01  0.8709003E-03
  0.1210969E+01  0.8861538E-03
  0.1256393E+01  0.9451429E-03
  0.8566293E+00  0.6359284E-03
  0.8481575E+00  0.6252649E-03
  0.4223127E+00  0.3071610E-03
 -0.8326489E+00 -0.6040532E-03
 -0.1202592E+01 -0.8727159E-03
  0.8279884E+00  0.6017323E-03
 -0.4266395E+00 -0.3092552E-03
 -0.2140344E-02 -0.1034828E-05
  0.8945242E+00  0.6851917E-03
 -0.1771747E+01 -0.1286180E-02
  0.8541275E+00  0.6330328E-03
 -0.2034579E+01 -0.1477243E-02
 -0.1945667E+01 -0.1412576E-02
 -0.1945593E+01 -0.1412843E-02
 -0.1771608E+01 -0.1286608E-02
 -0.1520182E+01 -0.1104133E-02
 -0.1202352E+01 -0.8734270E-03
 -0.8319749E+00 -0.6045534E-03
 -0.4252630E+00 -0.3092713E-03
  0.3502375E-04 -0.4741182E-06
  0.4253479E+00  0.3083587E-03
  0.8320852E+00  0.6037247E-03
  0.8394305E+00  0.6134462E-03
 -0.1653659E+01 -0.1275626E-02
  0.8690071E+00  0.6529029E-03
  0.8614905E+00  0.6428959E-03
  0.8467970E+00  0.6232309E-03
 -0.2116436E+01 -0.1632300E-02
  0.9053293E+00  0.6976619E-03
 -0.4624933E+00 -0.3572041E-03
  0.8852277E+00  0.6738391E-03
  0.4628519E+00  0.3564003E-03
 -0.2213207E+01 -0.1706811E-02
 -0.1307879E+01 -0.1009047E-02
 -0.9049548E+00 -0.6983816E-03
  0.1764321E-03 -0.4174352E-06
 -0.1927158E+01 -0.1486445E-02
 -0.2213249E+01 -0.1706719E-02
 -0.2116528E+01 -0.1632011E-02
 -0.1927281E+01 -0.1485955E-02
 -0.1653782E+01 -0.1274935E-02
 -0.1308007E+01 -0.1008199E-02
 -0.9050623E+00 -0.6973922E-03
 -0.4625696E+00 -0.3561102E-03
  0.1444953E-03  0.7407425E-06
  0.4628275E+00  0.3575427E-03
  0.9052680E+00  0.6987039E-03
  0.8774899E+00  0.6646932E-03
  0.8636573E+00  0.6455457E-03
 -0.1520304E+01 -0.1103499E-02
  0.8945345E+00  0.6862676E-03
  0.8382819E+00  0.6136117E-03
  0.8703893E+00  0.6549753E-03
  0.8854229E+00  0.6750386E-03
 -0.2034541E+01 -0.1477325E-02
  0.8768424E+00  0.6631621E-03
  0.4368691E+00  0.3223243E-03
  0.2579404E-02  0.2416117E-05
 -0.1212038E+01 -0.8859125E-03
  0.4364877E+00  0.3232348E-03
 -0.2052628E+01 -0.1501199E-02
 -0.1787367E+01 -0.1306868E-02
  0.4572410E+00  0.3499617E-03
 -0.1533705E+01 -0.1121982E-02
  0.4327896E+00  0.3182633E-03
  0.4480755E+00  0.3386090E-03
 -0.1962952E+01 -0.1435394E-02
 -0.1787352E+01 -0.1307398E-02
 -0.8394091E+00 -0.6143491E-03
 -0.4290967E+00 -0.3143063E-03
 -0.2534832E-04 -0.5235690E-06
  0.4290656E+00  0.3132964E-03
 -0.2187201E+01 -0.1676507E-02
  0.4440552E+00  0.3333566E-03
 -0.8944100E+00 -0.6860999E-03
 -0.1634223E+01 -0.1253062E-02
  0.4402229E+00  0.3282512E-03
 -0.1904614E+01 -0.1459663E-02
 -0.2187177E+01 -0.1676610E-02
 -0.1904501E+01 -0.1460147E-02
 -0.2091626E+01 -0.1603127E-02
 -0.4571892E+00 -0.3509866E-03
 -0.1292541E+01 -0.9912273E-03
  0.4524119E+00  0.3441014E-03
 -0.1213053E+01 -0.8875505E-03
 -0.1962884E+01 -0.1435673E-02
 -0.1634367E+01 -0.1252406E-02
 -0.1292670E+01 -0.9903945E-03
 -0.8944609E+00 -0.6850839E-03
 -0.4571312E+00 -0.3498114E-03
  0.1447241E-03  0.7267315E-06
  0.4573611E+00  0.3511935E-03
  0.4529264E+00  0.3456156E-03
  0.4439939E+00  0.3321473E-03
  0.4464919E+00  0.3362802E-03
  0.4412947E+00  0.3278684E-03
 -0.2052665E+01 -0.1501118E-02
 -0.2091542E+01 -0.1603417E-02
  0.4301702E+00  0.3151353E-03
 -0.8374630E+00 -0.6119328E-03
  0.4493512E+00  0.3406809E-03
  0.9738360E-05 -0.5389255E-06
 -0.1533348E+01 -0.1120990E-02
 -0.2070809E+01 -0.1525265E-02
 -0.1279317E+01 -0.9740541E-03
 -0.1617587E+01 -0.1231819E-02
 -0.8850722E+00 -0.6736678E-03
 -0.1547300E+01 -0.1139973E-02
 -0.2164799E+01 -0.1648991E-02
 -0.2149220E-03 -0.6962199E-06
 -0.1980332E+01 -0.1458401E-02
 -0.1803187E+01 -0.1328355E-02
  0.5103281E-02  0.4299703E-05
 -0.8468882E+00 -0.6242257E-03
 -0.4329557E+00 -0.3193860E-03
 -0.1617508E+01 -0.1232513E-02
 -0.2404840E-03 -0.7091255E-06
 -0.1885102E+01 -0.1435702E-02
 -0.1884998E+01 -0.1436186E-02
 -0.8853295E+00 -0.6749004E-03
 -0.2070208E+01 -0.1576819E-02
 -0.2231646E-03 -0.6894977E-06
 -0.2070115E+01 -0.1577098E-02
 -0.4526205E+00 -0.3453143E-03
 -0.4285257E+00 -0.3150862E-03
 -0.9676377E-04 -0.5827548E-06
 -0.2164766E+01 -0.1649083E-02
 -0.1279365E+01 -0.9750030E-03
 -0.1285054E-03 -0.6377638E-06
 -0.4520729E+00 -0.3437866E-03
  0.5429590E-03  0.1015536E-05
 -0.2070851E+01 -0.1525182E-02
  0.2728806E-02  0.2626895E-05
  0.5239887E-02  0.4437995E-05
  0.4152509E-02  0.3663361E-05
 -0.1222023E+01 -0.8995781E-03
 -0.1709616E-03 -0.6440595E-06
 -0.1546661E+01 -0.1138765E-02
 -0.1803102E+01 -0.1327753E-02
 -0.1223819E+01 -0.9017912E-03
  0.1401402E-02  0.1648978E-05
 -0.8436993E+00 -0.6208899E-03
 -0.1980268E+01 -0.1458682E-02
 -0.4469957E+00 -0.3377440E-03
 -0.1867339E+01 -0.1413587E-02
 -0.8511035E+00 -0.6307386E-03
 -0.1560840E+01 -0.1158007E-02
 -0.4444890E+00 -0.3347158E-03
 -0.1234542E+01 -0.9160658E-03
 -0.1818847E+01 -0.1348740E-02
 -0.1560132E+01 -0.1156751E-02
 -0.8543348E+00 -0.6341261E-03
 -0.4367910E+00 -0.3244714E-03
 -0.1602368E+01 -0.1213128E-02
 -0.1266974E+01 -0.9584578E-03
 -0.2050719E+01 -0.1552277E-02
 -0.1867388E+01 -0.1413070E-02
 -0.2088953E+01 -0.1549300E-02
 -0.8770848E+00 -0.6643187E-03
 -0.2050799E+01 -0.1551999E-02
 -0.1267406E+01 -0.9596835E-03
 -0.4484545E+00 -0.3399403E-03
 -0.1997576E+01 -0.1481747E-02
 -0.4322141E+00 -0.3200292E-03
 -0.2144483E+01 -0.1623134E-02
 -0.1232712E+01 -0.9138284E-03
 -0.1602275E+01 -0.1212315E-02
 -0.1818952E+01 -0.1349359E-02
 -0.2088906E+01 -0.1549378E-02
 -0.4406230E+00 -0.3295736E-03
 -0.2144511E+01 -0.1623040E-02
 -0.4368556E+00 -0.3257007E-03
 -0.1997627E+01 -0.1481452E-02
 -0.8761511E+00 -0.6625942E-03
 -0.4418370E+00 -0.3316460E-03
 -0.1850740E+01 -0.1391787E-02
 -0.1587789E+01 -0.1193435E-02
 -0.8674972E+00 -0.6517249E-03
 -0.2014904E+01 -0.1504915E-02
 -0.1245270E+01 -0.9304023E-03
 -0.1834640E+01 -0.1369845E-02
 -0.4265374E+00 -0.3114087E-03
 -0.1255190E+01 -0.9432817E-03
 -0.2032495E+01 -0.1528344E-02
 -0.1850718E+01 -0.1391223E-02
 -0.8617665E+00 -0.6440529E-03
 -0.8590991E+00 -0.6410680E-03
 -0.2014946E+01 -0.1504611E-02
 -0.2032551E+01 -0.1528047E-02
 -0.8693043E+00 -0.6540871E-03
 -0.1574389E+01 -0.1176120E-02
 -0.2125424E+01 -0.1598104E-02
 -0.2107069E+01 -0.1573523E-02
 -0.1588133E+01 -0.1194427E-02
 -0.1256152E+01 -0.9448926E-03
 -0.2125452E+01 -0.1598010E-02
 -0.2107032E+01 -0.1573608E-02
 -0.1834723E+01 -0.1370452E-02
 -0.1243791E+01 -0.9284150E-03
 -0.1573806E+01 -0.1174954E-02
  0.1313835E+01  0.1240287E-02
  0.1252023E+01  0.1193545E-02
  0.1256972E+01  0.1183171E-02
  0.1279445E+01  0.1207997E-02
  0.1277627E+01  0.1205878E-02
  0.1246907E+01  0.1176957E-02
  0.1209340E+01  0.1141576E-02
  0.1166654E+01  0.1101349E-02
  0.1118940E+01  0.1056377E-02
  0.1066370E+01  0.1006821E-02
  0.1009149E+01  0.9528720E-03
  0.9475378E+00  0.8947779E-03
  0.8817886E+00  0.8327787E-03
  0.8121741E+00  0.7671337E-03
  0.7390130E+00  0.6981372E-03
  0.6626310E+00  0.6261066E-03
  0.5833557E+00  0.5513407E-03
  0.5015161E+00  0.4741560E-03
  0.4174759E+00  0.3948913E-03
  0.3316104E+00  0.3139120E-03
  0.2443315E+00  0.2315895E-03
  0.1559946E+00  0.1482587E-03
  0.6724688E-01  0.6452925E-04
 -0.6496075E-01 -0.6020772E-04
  0.1295480E+01  0.1223137E-02
 -0.3222975E+00 -0.3030582E-03
  0.1166423E+01  0.1112579E-02
 -0.5669017E+00 -0.5339350E-03
  0.1227577E+01  0.1158975E-02
 -0.7892569E+00 -0.7438152E-03
  0.1034739E+01  0.9876746E-03
 -0.9806911E+00 -0.9245324E-03
  0.1111221E+01  0.1049084E-02
 -0.1133602E+01 -0.1068912E-02
  0.8626458E+00  0.8242392E-03
 -0.1242031E+01 -0.1171315E-02
  0.9514117E+00  0.8982071E-03
 -0.1301746E+01 -0.1227738E-02
  0.6567351E+00  0.6285400E-03
 -0.1310323E+01 -0.1235918E-02
  0.7542316E+00  0.7120906E-03
 -0.1267421E+01 -0.1195532E-02
  0.4250831E+00  0.4082368E-03
 -0.1174808E+01 -0.1108210E-02
  0.5274795E+00  0.4980712E-03
 -0.1036098E+01 -0.9773794E-03
  0.1768135E+00  0.1719843E-03
 -0.8567497E+00 -0.8081947E-03
  0.2801042E+00  0.2646093E-03
 -0.6437812E+00 -0.6072596E-03
 -0.7830891E-01 -0.7090918E-04
 -0.4055941E+00 -0.3825223E-03
  0.2176799E-01  0.2079065E-04
 -0.1515292E+00 -0.1427585E-03
 -0.3303256E+00 -0.3109665E-03
  0.1084957E+00  0.1026375E-03
 -0.2373702E+00 -0.2237761E-03
  0.3643035E+00  0.3440538E-03
 -0.5694378E+00 -0.5388624E-03
  0.6058862E+00  0.5720759E-03
 -0.4872085E+00 -0.4595236E-03
  0.8237353E+00  0.7776862E-03
 -0.7862487E+00 -0.7455966E-03
  0.1009234E+01  0.9527864E-03
 -0.7179701E+00 -0.6772642E-03
  0.1155160E+01  0.1090580E-02
 -0.9722571E+00 -0.9231115E-03
  0.1255813E+01  0.1185659E-02
 -0.9205945E+00 -0.8684201E-03
  0.1307091E+01  0.1234075E-02
  0.1313210E+01  0.1239798E-02
  0.3611921E-01  0.3214555E-04
 -0.1120118E+01 -0.1064371E-02
 -0.4219409E+00 -0.3927952E-03
 -0.1087093E+01 -0.1025489E-02
 -0.6605176E+00 -0.6173539E-03
 -0.1224045E+01 -0.1163855E-02
 -0.8732082E+00 -0.8177041E-03
 -0.1210944E+01 -0.1142289E-02
 -0.1051635E+01 -0.9859281E-03
 -0.1279941E+01 -0.1217641E-02
 -0.1188763E+01 -0.1115432E-02
 -0.1287270E+01 -0.1214241E-02
 -0.1279270E+01 -0.1201141E-02
 -0.1285584E+01 -0.1223582E-02
 -0.1319590E+01 -0.1239703E-02
 -0.1313097E+01 -0.1238515E-02
 -0.1308054E+01 -0.1229544E-02
 -0.1240678E+01 -0.1181407E-02
 -0.1245170E+01 -0.1171092E-02
 -0.1287353E+01 -0.1214135E-02
 -0.1133453E+01 -0.1066680E-02
 -0.1147100E+01 -0.1092850E-02
 -0.9772539E+00 -0.9203858E-03
 -0.1211043E+01 -0.1142052E-02
 -0.7826965E+00 -0.7379419E-03
 -0.1008475E+01 -0.9613334E-03
 -0.5574604E+00 -0.5265455E-03
 -0.1087221E+01 -0.1025128E-02
 -0.3103647E+00 -0.2944555E-03
 -0.8302859E+00 -0.7920873E-03
 -0.5112489E-01 -0.5083474E-04
 -0.9207368E+00 -0.8679363E-03
  0.2101359E+00  0.1948198E-03
 -0.6195228E+00 -0.5917311E-03
  0.4632030E+00  0.4329101E-03
 -0.7181050E+00 -0.6766606E-03
  0.6981618E+00  0.6540677E-03
 -0.3844830E+00 -0.3681774E-03
  0.9057404E+00  0.8496084E-03
 -0.4873186E+00 -0.4588234E-03
  0.1077781E+01  0.1011844E-02
 -0.1343256E+00 -0.1301018E-03
  0.1207541E+01  0.1134411E-02
 -0.2374245E+00 -0.2229820E-03
  0.1289773E+01  0.1212384E-02
  0.1296165E+01  0.1223704E-02
 -0.1667831E+00 -0.1527585E-03
  0.1307958E+01  0.1234758E-02
  0.0000000E+00  0.0000000E+00
  0.0000000E+00  0.0000000E+00
  0.0000000E+00  0.0000000E+00
  0.0000000E+00  0.0000000E+00
  0.0000000E+00  0.0000000E+00
  0.0000000E+00  0.0000000E+00
  0.0000000E+00  0.0000000E+00
  0.0000000E+00  0.0000000E+00
  0.0000000E+00  0.0000000E+00
  0.0000000E+00  0.0000000E+00
  0.0000000E+00  0.0000000E+00
  0.0000000E+00  0.0000000E+00
  0.0000000E+00  0.0000000E+00
  0.0000000E+00  0.0000000E+00
  0.0000000E+00  0.0000000E+00
  0.0000000E+00  0.0000000E+00
  0.0000000E+00  0.0000000E+00
  0.0000000E+00  0.0000000E+00
  0.0000000E+00  0.0000000E+00
  0.0000000E+00  0.0000000E+00
  0.0000000E+00  0.0000000E+00
  0.0000000E+00  0.0000000E+00
  0.0000000E+00  0.0000000E+00
  0.0000000E+00  0.0000000E+00
  0.0000000E+00  0.0000000E+00
  0.0000000E+00  0.0000000E+00
  0.0000000E+00  0.0000000E+00
  0.0000000E+00  0.0000000E+00
  0.0000000E+00  0.0000000E+00
  0.0000000E+00  0.0000000E+00
  0.0000000E+00  0.0000000E+00
  0.0000000E+00  0.0000000E+00
  0.0000000E+00  0.0000000E+00
  0.0000000E+00  0.0000000E+00
  0.0000000E+00  0.0000000E+00
  0.0000000E+00  0.0000000E+00
  0.0000000E+00  0.0000000E+00
  0.0000000E+00  0.0000000E+00
  0.0000000E+00  0.0000000E+00
  0.0000000E+00  0.0000000E+00
  0.0000000E+00  0.0000000E+00
  0.0000000E+00  0.0000000E+00
  0.0000000E+00  0.0000000E+00
  0.0000000E+00  0.0000000E+00
  0.0000000E+00  0.0000000E+00
  0.0000000E+00  0.0000000E+00
  0.0000000E+00  0.0000000E+00
  0.0000000E+00  0.0000000E+00
  0.0000000E+00  0.0000000E+00
  0.0000000E+00  0.0000000E+00
  0.0000000E+00  0.0000000E+00
  0.0000000E+00  0.0000000E+00
  0.0000000E+00  0.0000000E+00
  0.0000000E+00  0.0000000E+00
  0.0000000E+00  0.0000000E+00
  0.0000000E+00  0.0000000E+00
  0.0000000E+00  0.0000000E+00
  0.0000000E+00  0.0000000E+00
  0.0000000E+00  0.0000000E+00
  0.0000000E+00  0.0000000E+00
  0.0000000E+00  0.0000000E+00
  0.0000000E+00  0.0000000E+00
  0.0000000E+00  0.0000000E+00
  0.0000000E+00  0.0000000E+00
  0.0000000E+00  0.0000000E+00
  0.0000000E+00  0.0000000E+00
  0.0000000E+00  0.0000000E+00
  0.0000000E+00  0.0000000E+00
  0.0000000E+00  0.0000000E+00
  0.0000000E+00  0.0000000E+00
  0.0000000E+00  0.0000000E+00
  0.0000000E+00  0.0000000E+00
  0.0000000E+00  0.0000000E+00
  0.0000000E+00  0.0000000E+00
  0.0000000E+00  0.0000000E+00
  0.0000000E+00  0.0000000E+00
  0.0000000E+00  0.0000000E+00
  0.0000000E+00  0.0000000E+00
  0.0000000E+00  0.0000000E+00
  0.0000000E+00  0.0000000E+00
  0.0000000E+00  0.0000000E+00
  0.0000000E+00  0.0000000E+00
  0.0000000E+00  0.0000000E+00
  0.0000000E+00  0.0000000E+00
  0.0000000E+00  0.0000000E+00
  0.0000000E+00  0.0000000E+00
  0.0000000E+00  0.0000000E+00
  0.0000000E+00  0.0000000E+00
  0.0000000E+00  0.0000000E+00
  0.0000000E+00  0.0000000E+00
  0.0000000E+00  0.0000000E+00
  0.0000000E+00  0.0000000E+00
  0.0000000E+00  0.0000000E+00
  0.0000000E+00  0.0000000E+00
  0.0000000E+00  0.0000000E+00
  0.0000000E+00  0.0000000E+00
  0.0000000E+00  0.0000000E+00
  0.0000000E+00  0.0000000E+00
  0.0000000E+00  0.0000000E+00
  0.0000000E+00  0.0000000E+00
  0.0000000E+00  0.0000000E+00
  0.0000000E+00  0.0000000E+00
  0.0000000E+00  0.0000000E+00
  0.0000000E+00  0.0000000E+00
  0.0000000E+00  0.0000000E+00
  0.0000000E+00  0.0000000E+00
  0.0000000E+00  0.0000000E+00
  0.0000000E+00  0.0000000E+00
  0.0000000E+00  0.0000000E+00
  0.0000000E+00  0.0000000E+00
  0.0000000E+00  0.0000000E+00
  0.0000000E+00  0.0000000E+00
  0.0000000E+00  0.0000000E+00
  0.0000000E+00  0.0000000E+00
  0.0000000E+00  0.0000000E+00
  0.0000000E+00  0.0000000E+00
  0.0000000E+00  0.0000000E+00
  0.0000000E+00  0.0000000E+00
  0.0000000E+00  0.0000000E+00
  0.0000000E+00  0.0000000E+00
  0.0000000E+00  0.0000000E+00
  0.0000000E+00  0.0000000E+00
  0.0000000E+00  0.0000000E+00
  0.0000000E+00  0.0000000E+00
  0.0000000E+00  0.0000000E+00
  0.0000000E+00  0.0000000E+00
  0.0000000E+00  0.0000000E+00
  0.0000000E+00  0.0000000E+00
  0.0000000E+00  0.0000000E+00
  0.0000000E+00  0.0000000E+00
  0.0000000E+00  0.0000000E+00
  0.0000000E+00  0.0000000E+00
  0.0000000E+00  0.0000000E+00
  0.0000000E+00  0.0000000E+00
  0.0000000E+00  0.0000000E+00
  0.0000000E+00  0.0000000E+00
  0.0000000E+00  0.0000000E+00
  0.0000000E+00  0.0000000E+00
  0.0000000E+00  0.0000000E+00
  0.0000000E+00  0.0000000E+00
  0.0000000E+00  0.0000000E+00
  0.0000000E+00  0.0000000E+00
  0.0000000E+00  0.0000000E+00
  0.0000000E+00  0.0000000E+00
  0.0000000E+00  0.0000000E+00
  0.0000000E+00  0.0000000E+00
  0.0000000E+00  0.0000000E+00
  0.0000000E+00  0.0000000E+00
  0.0000000E+00  0.0000000E+00
  0.0000000E+00  0.0000000E+00
  0.0000000E+00  0.0000000E+00
  0.0000000E+00  0.0000000E+00
  0.0000000E+00  0.0000000E+00
  0.0000000E+00  0.0000000E+00
  0.0000000E+00  0.0000000E+00
  0.0000000E+00  0.0000000E+00
  0.0000000E+00  0.0000000E+00
  0.0000000E+00  0.0000000E+00
  0.0000000E+00  0.0000000E+00
  0.0000000E+00  0.0000000E+00
  0.0000000E+00  0.0000000E+00
  0.0000000E+00  0.0000000E+00
  0.0000000E+00  0.0000000E+00
  0.0000000E+00  0.0000000E+00
  0.0000000E+00  0.0000000E+00
  0.0000000E+00  0.0000000E+00
  0.0000000E+00  0.0000000E+00
  0.0000000E+00  0.0000000E+00
  0.0000000E+00  0.0000000E+00
  0.0000000E+00  0.0000000E+00
  0.0000000E+00  0.0000000E+00
  0.0000000E+00  0.0000000E+00
  0.0000000E+00  0.0000000E+00
  0.0000000E+00  0.0000000E+00
  0.0000000E+00  0.0000000E+00
  0.0000000E+00  0.0000000E+00
  0.0000000E+00  0.0000000E+00
  0.0000000E+00  0.0000000E+00
  0.0000000E+00  0.0000000E+00
  0.0000000E+00  0.0000000E+00
  0.0000000E+00  0.0000000E+00
  0.0000000E+00  0.0000000E+00
  0.0000000E+00  0.0000000E+00
  0.0000000E+00  0.0000000E+00
  0.0000000E+00  0.0000000E+00
  0.0000000E+00  0.0000000E+00
  0.0000000E+00  0.0000000E+00
  0.0000000E+00  0.0000000E+00
  0.0000000E+00  0.0000000E+00
  0.0000000E+00  0.0000000E+00
  0.0000000E+00  0.0000000E+00
  0.0000000E+00  0.0000000E+00
  0.0000000E+00  0.0000000E+00
  0.0000000E+00  0.0000000E+00
  0.0000000E+00  0.0000000E+00
  0.0000000E+00  0.0000000E+00
  0.0000000E+00  0.0000000E+00
  0.0000000E+00  0.0000000E+00
  0.0000000E+00  0.0000000E+00
  0.0000000E+00  0.0000000E+00
  0.0000000E+00  0.0000000E+00
  0.0000000E+00  0.0000000E+00
  0.0000000E+00  0.0000000E+00
  0.0000000E+00  0.0000000E+00
  0.0000000E+00  0.0000000E+00
  0.0000000E+00  0.0000000E+00
  0.0000000E+00  0.0000000E+00
  0.0000000E+00  0.0000000E+00
  0.0000000E+00  0.0000000E+00
  0.0000000E+00  0.0000000E+00
  0.0000000E+00  0.0000000E+00
  0.0000000E+00  0.0000000E+00
  0.0000000E+00  0.0000000E+00
  0.0000000E+00  0.0000000E+00
  0.0000000E+00  0.0000000E+00
  0.0000000E+00  0.0000000E+00
  0.0000000E+00  0.0000000E+00
  0.0000000E+00  0.0000000E+00
  0.0000000E+00  0.0000000E+00
  0.0000000E+00  0.0000000E+00
  0.0000000E+00  0.0000000E+00
  0.0000000E+00  0.0000000E+00
  0.0000000E+00  0.0000000E+00
  0.0000000E+00  0.0000000E+00
  0.0000000E+00  0.0000000E+00
  0.0000000E+00  0.0000000E+00
  0.0000000E+00  0.0000000E+00
  0.0000000E+00  0.0000000E+00
  0.0000000E+00  0.0000000E+00
  0.0000000E+00  0.0000000E+00
  0.0000000E+00  0.0000000E+00
  0.0000000E+00  0.0000000E+00
  0.0000000E+00  0.0000000E+00
  0.0000000E+00  0.0000000E+00
  0.0000000E+00  0.0000000E+00
  0.0000000E+00  0.0000000E+00
  0.0000000E+00  0.0000000E+00
  0.0000000E+00  0.0000000E+00
  0.0000000E+00  0.0000000E+00
  0.0000000E+00  0.0000000E+00
  0.0000000E+00  0.0000000E+00
  0.0000000E+00  0.0000000E+00
  0.0000000E+00  0.0000000E+00
  0.0000000E+00  0.0000000E+00
  0.0000000E+00  0.0000000E+00
  0.0000000E+00  0.0000000E+00
  0.0000000E+00  0.0000000E+00
  0.0000000E+00  0.0000000E+00
  0.0000000E+00  0.0000000E+00
  0.0000000E+00  0.0000000E+00
  0.0000000E+00  0.0000000E+00
  0.0000000E+00  0.0000000E+00
  0.0000000E+00  0.0000000E+00
  0.0000000E+00  0.0000000E+00
  0.0000000E+00  0.0000000E+00
  0.0000000E+00  0.0000000E+00
  0.0000000E+00  0.0000000E+00
  0.0000000E+00  0.0000000E+00
  0.0000000E+00  0.0000000E+00
  0.0000000E+00  0.0000000E+00
  0.0000000E+00  0.0000000E+00
  0.0000000E+00  0.0000000E+00
  0.0000000E+00  0.0000000E+00
  0.0000000E+00  0.0000000E+00
  0.0000000E+00  0.0000000E+00
  0.0000000E+00  0.0000000E+00
  0.0000000E+00  0.0000000E+00
  0.0000000E+00  0.0000000E+00
  0.0000000E+00  0.0000000E+00
  0.0000000E+00  0.0000000E+00
  0.0000000E+00  0.0000000E+00
  0.0000000E+00  0.0000000E+00
  0.0000000E+00  0.0000000E+00
  0.0000000E+00  0.0000000E+00
  0.0000000E+00  0.0000000E+00
  0.0000000E+00  0.0000000E+00
  0.0000000E+00  0.0000000E+00
  0.0000000E+00  0.0000000E+00
  0.0000000E+00  0.0000000E+00
  0.0000000E+00  0.0000000E+00
  0.0000000E+00  0.0000000E+00
  0.0000000E+00  0.0000000E+00
  0.0000000E+00  0.0000000E+00
  0.0000000E+00  0.0000000E+00
  0.0000000E+00  0.0000000E+00
  0.0000000E+00  0.0000000E+00
  0.0000000E+00  0.0000000E+00
  0.0000000E+00  0.0000000E+00
  0.0000000E+00  0.0000000E+00
  0.0000000E+00  0.0000000E+00
  0.0000000E+00  0.0000000E+00
  0.0000000E+00  0.0000000E+00
  0.0000000E+00  0.0000000E+00
  0.0000000E+00  0.0000000E+00
  0.0000000E+00  0.0000000E+00
  0.0000000E+00  0.0000000E+00
  0.0000000E+00  0.0000000E+00
  0.0000000E+00  0.0000000E+00
  0.0000000E+00  0.0000000E+00
  0.0000000E+00  0.0000000E+00
  0.0000000E+00  0.0000000E+00
  0.0000000E+00  0.0000000E+00
  0.0000000E+00  0.0000000E+00
  0.0000000E+00  0.0000000E+00
  0.0000000E+00  0.0000000E+00
  0.0000000E+00  0.0000000E+00
  0.0000000E+00  0.0000000E+00
  0.0000000E+00  0.0000000E+00
  0.0000000E+00  0.0000000E+00
  0.0000000E+00  0.0000000E+00
  0.0000000E+00  0.0000000E+00
  0.0000000E+00  0.0000000E+00
  0.0000000E+00  0.0000000E+00
  0.0000000E+00  0.0000000E+00
  0.0000000E+00  0.0000000E+00
  0.0000000E+00  0.0000000E+00
  0.0000000E+00  0.0000000E+00
  0.0000000E+00  0.0000000E+00
  0.0000000E+00  0.0000000E+00
  0.0000000E+00  0.0000000E+00
  0.0000000E+00  0.0000000E+00
  0.0000000E+00  0.0000000E+00
  0.0000000E+00  0.0000000E+00
  0.0000000E+00  0.0000000E+00
  0.0000000E+00  0.0000000E+00
  0.0000000E+00  0.0000000E+00
  0.0000000E+00  0.0000000E+00
  0.0000000E+00  0.0000000E+00
  0.0000000E+00  0.0000000E+00
  0.0000000E+00  0.0000000E+00
  0.0000000E+00  0.0000000E+00
  0.0000000E+00  0.0000000E+00
  0.0000000E+00  0.0000000E+00
  0.0000000E+00  0.0000000E+00
  0.0000000E+00  0.0000000E+00
  0.0000000E+00  0.0000000E+00
  0.0000000E+00  0.0000000E+00
  0.0000000E+00  0.0000000E+00
  0.0000000E+00  0.0000000E+00
  0.0000000E+00  0.0000000E+00
  0.0000000E+00  0.0000000E+00
  0.0000000E+00  0.0000000E+00
  0.0000000E+00  0.0000000E+00
  0.0000000E+00  0.0000000E+00
  0.0000000E+00  0.0000000E+00
  0.0000000E+00  0.0000000E+00
  0.0000000E+00  0.0000000E+00
  0.0000000E+00  0.0000000E+00
  0.0000000E+00  0.0000000E+00
  0.0000000E+00  0.0000000E+00
  0.0000000E+00  0.0000000E+00
  0.0000000E+00  0.0000000E+00
  0.0000000E+00  0.0000000E+00
  0.0000000E+00  0.0000000E+00
  0.0000000E+00  0.0000000E+00
  0.0000000E+00  0.0000000E+00
  0.0000000E+00  0.0000000E+00
  0.0000000E+00  0.0000000E+00
  0.0000000E+00  0.0000000E+00
  0.0000000E+00  0.0000000E+00
  0.0000000E+00  0.0000000E+00
  0.0000000E+00  0.0000000E+00
  0.0000000E+00  0.0000000E+00
  0.0000000E+00  0.0000000E+00
  0.0000000E+00  0.0000000E+00
  0.0000000E+00  0.0000000E+00
  0.0000000E+00  0.0000000E+00
  0.0000000E+00  0.0000000E+00
  0.0000000E+00  0.0000000E+00
  0.0000000E+00  0.0000000E+00
  0.0000000E+00  0.0000000E+00
  0.0000000E+00  0.0000000E+00
  0.0000000E+00  0.0000000E+00
  0.0000000E+00  0.0000000E+00
  0.0000000E+00  0.0000000E+00
  0.0000000E+00  0.0000000E+00
  0.0000000E+00  0.0000000E+00
  0.0000000E+00  0.0000000E+00
  0.0000000E+00  0.0000000E+00
  0.0000000E+00  0.0000000E+00
  0.0000000E+00  0.0000000E+00
  0.0000000E+00  0.0000000E+00
  0.0000000E+00  0.0000000E+00
  0.0000000E+00  0.0000000E+00
  0.0000000E+00  0.0000000E+00
  0.0000000E+00  0.0000000E+00
  0.0000000E+00  0.0000000E+00
  0.0000000E+00  0.0000000E+00
  0.0000000E+00  0.0000000E+00
  0.0000000E+00  0.0000000E+00
  0.0000000E+00  0.0000000E+00
  0.0000000E+00  0.0000000E+00
  0.0000000E+00  0.0000000E+00
  0.0000000E+00  0.0000000E+00
  0.0000000E+00  0.0000000E+00
  0.0000000E+00  0.0000000E+00
  0.0000000E+00  0.0000000E+00
  0.0000000E+00  0.0000000E+00
  0.0000000E+00  0.0000000E+00
  0.0000000E+00  0.0000000E+00
  0.0000000E+00  0.0000000E+00
  0.0000000E+00  0.0000000E+00
  0.0000000E+00  0.0000000E+00
  0.0000000E+00  0.0000000E+00
  0.0000000E+00  0.0000000E+00
  0.0000000E+00  0.0000000E+00
  0.0000000E+00  0.0000000E+00
  0.0000000E+00  0.0000000E+00
  0.0000000E+00  0.0000000E+00
  0.0000000E+00  0.0000000E+00
  0.0000000E+00  0.0000000E+00
  0.0000000E+00  0.0000000E+00
  0.0000000E+00  0.0000000E+00
  0.0000000E+00  0.0000000E+00
  0.0000000E+00  0.0000000E+00
  0.0000000E+00  0.0000000E+00
  0.0000000E+00  0.0000000E+00
  0.0000000E+00  0.0000000E+00
  0.0000000E+00  0.0000000E+00
  0.0000000E+00  0.0000000E+00
  0.0000000E+00  0.0000000E+00
  0.0000000E+00  0.0000000E+00
  0.0000000E+00  0.0000000E+00
  0.0000000E+00  0.0000000E+00
  0.0000000E+00  0.0000000E+00
  0.0000000E+00  0.0000000E+00
  0.0000000E+00  0.0000000E+00
  0.0000000E+00  0.0000000E+00
  0.0000000E+00  0.0000000E+00
  0.0000000E+00  0.0000000E+00
  0.0000000E+00  0.0000000E+00
  0.0000000E+00  0.0000000E+00
  0.0000000E+00  0.0000000E+00
  0.0000000E+00  0.0000000E+00
  0.0000000E+00  0.0000000E+00
  0.0000000E+00  0.0000000E+00
  0.0000000E+00  0.0000000E+00
  0.0000000E+00  0.0000000E+00
  0.0000000E+00  0.0000000E+00
  0.0000000E+00  0.0000000E+00
  0.0000000E+00  0.0000000E+00
  0.0000000E+00  0.0000000E+00
  0.0000000E+00  0.0000000E+00
  0.0000000E+00  0.0000000E+00
  0.0000000E+00  0.0000000E+00
  0.0000000E+00  0.0000000E+00
  0.0000000E+00  0.0000000E+00
  0.0000000E+00  0.0000000E+00
  0.0000000E+00  0.0000000E+00
  0.0000000E+00  0.0000000E+00
  0.0000000E+00  0.0000000E+00
  0.0000000E+00  0.0000000E+00
  0.0000000E+00  0.0000000E+00
  0.0000000E+00  0.0000000E+00
  0.0000000E+00  0.0000000E+00
  0.0000000E+00  0.0000000E+00
  0.0000000E+00  0.0000000E+00
  0.0000000E+00  0.0000000E+00
  0.0000000E+00  0.0000000E+00
  0.0000000E+00  0.0000000E+00
  0.0000000E+00  0.0000000E+00
  0.0000000E+00  0.0000000E+00
  0.0000000E+00  0.0000000E+00
  0.0000000E+00  0.0000000E+00
  0.0000000E+00  0.0000000E+00
  0.0000000E+00  0.0000000E+00
  0.0000000E+00  0.0000000E+00
  0.0000000E+00  0.0000000E+00
  0.0000000E+00  0.0000000E+00
  0.0000000E+00  0.0000000E+00
  0.0000000E+00  0.0000000E+00
  0.0000000E+00  0.0000000E+00
  0.0000000E+00  0.0000000E+00
  0.0000000E+00  0.0000000E+00
  0.0000000E+00  0.0000000E+00
  0.0000000E+00  0.0000000E+00
  0.0000000E+00  0.0000000E+00
  0.0000000E+00  0.0000000E+00
  0.0000000E+00  0.0000000E+00
  0.0000000E+00  0.0000000E+00
  0.0000000E+00  0.0000000E+00
  0.0000000E+00  0.0000000E+00
  0.0000000E+00  0.0000000E+00
  0.0000000E+00  0.0000000E+00
  0.0000000E+00  0.0000000E+00
  0.0000000E+00  0.0000000E+00
  0.0000000E+00  0.0000000E+00
  0.0000000E+00  0.0000000E+00
  0.0000000E+00  0.0000000E+00
  0.0000000E+00  0.0000000E+00
  0.0000000E+00  0.0000000E+00
  0.0000000E+00  0.0000000E+00
  0.0000000E+00  0.0000000E+00
  0.0000000E+00  0.0000000E+00
  0.0000000E+00  0.0000000E+00
  0.0000000E+00  0.0000000E+00
  0.0000000E+00  0.0000000E+00
  0.0000000E+00  0.0000000E+00
  0.0000000E+00  0.0000000E+00
  0.0000000E+00  0.0000000E+00
  0.0000000E+00  0.0000000E+00
  0.0000000E+00  0.0000000E+00
  0.0000000E+00  0.0000000E+00
  0.0000000E+00  0.0000000E+00
  0.0000000E+00  0.0000000E+00
  0.0000000E+00  0.0000000E+00
  0.0000000E+00  0.0000000E+00
  0.0000000E+00  0.0000000E+00
  0.0000000E+00  0.0000000E+00
  0.0000000E+00  0.0000000E+00
  0.0000000E+00  0.0000000E+00
  0.0000000E+00  0.0000000E+00
  0.0000000E+00  0.0000000E+00
  0.0000000E+00  0.0000000E+00
  0.0000000E+00  0.0000000E+00
  0.0000000E+00  0.0000000E+00
  0.0000000E+00  0.0000000E+00
  0.0000000E+00  0.0000000E+00
  0.0000000E+00  0.0000000E+00
  0.0000000E+00  0.0000000E+00
  0.0000000E+00  0.0000000E+00
  0.0000000E+00  0.0000000E+00
  0.0000000E+00  0.0000000E+00
  0.0000000E+00  0.0000000E+00
  0.0000000E+00  0.0000000E+00
  0.0000000E+00  0.0000000E+00
  0.0000000E+00  0.0000000E+00
  0.0000000E+00  0.0000000E+00
  0.0000000E+00  0.0000000E+00
  0.0000000E+00  0.0000000E+00
  0.0000000E+00  0.0000000E+00
  0.0000000E+00  0.0000000E+00
  0.0000000E+00  0.0000000E+00
  0.0000000E+00  0.0000000E+00
  0.0000000E+00  0.0000000E+00
  0.0000000E+00  0.0000000E+00
  0.0000000E+00  0.0000000E+00
  0.0000000E+00  0.0000000E+00
  0.0000000E+00  0.0000000E+00
  0.0000000E+00  0.0000000E+00
  0.0000000E+00  0.0000000E+00
  0.0000000E+00  0.0000000E+00
  0.0000000E+00  0.0000000E+00
  0.0000000E+00  0.0000000E+00
  0.0000000E+00  0.0000000E+00
  0.0000000E+00  0.0000000E+00
  0.0000000E+00  0.0000000E+00
  0.0000000E+00  0.0000000E+00
  0.0000000E+00  0.0000000E+00
  0.0000000E+00  0.0000000E+00
  0.0000000E+00  0.0000000E+00
  0.0000000E+00  0.0000000E+00
  0.0000000E+00  0.0000000E+00
  0.0000000E+00  0.0000000E+00
  0.0000000E+00  0.0000000E+00
  0.0000000E+00  0.0000000E+00
  0.0000000E+00  0.0000000E+00
  0.0000000E+00  0.0000000E+00
  0.0000000E+00  0.0000000E+00
  0.0000000E+00  0.0000000E+00
  0.0000000E+00  0.0000000E+00
  0.0000000E+00  0.0000000E+00
  0.0000000E+00  0.0000000E+00
  0.0000000E+00  0.0000000E+00
  0.0000000E+00  0.0000000E+00
  0.0000000E+00  0.0000000E+00
  0.0000000E+00  0.0000000E+00
  0.0000000E+00  0.0000000E+00
  0.0000000E+00  0.0000000E+00
  0.0000000E+00  0.0000000E+00
  0.0000000E+00  0.0000000E+00
  0.0000000E+00  0.0000000E+00
  0.0000000E+00  0.0000000E+00
  0.0000000E+00  0.0000000E+00
  0.0000000E+00  0.0000000E+00
  0.0000000E+00  0.0000000E+00
  0.0000000E+00  0.0000000E+00
  0.0000000E+00  0.0000000E+00
  0.0000000E+00  0.0000000E+00
  0.0000000E+00  0.0000000E+00
  0.0000000E+00  0.0000000E+00
  0.0000000E+00  0.0000000E+00
  0.0000000E+00  0.0000000E+00
  0.0000000E+00  0.0000000E+00
  0.0000000E+00  0.0000000E+00
  0.0000000E+00  0.0000000E+00
  0.0000000E+00  0.0000000E+00
  0.0000000E+00  0.0000000E+00
  0.0000000E+00  0.0000000E+00
  0.0000000E+00  0.0000000E+00
  0.0000000E+00  0.0000000E+00
  0.0000000E+00  0.0000000E+00
  0.0000000E+00  0.0000000E+00
  0.0000000E+00  0.0000000E+00
  0.0000000E+00  0.0000000E+00
  0.0000000E+00  0.0000000E+00
  0.0000000E+00  0.0000000E+00
  0.0000000E+00  0.0000000E+00
  0.0000000E+00  0.0000000E+00
  0.0000000E+00  0.0000000E+00
  0.0000000E+00  0.0000000E+00
  0.0000000E+00  0.0000000E+00
  0.0000000E+00  0.0000000E+00
  0.0000000E+00  0.0000000E+00
  0.0000000E+00  0.0000000E+00
  0.0000000E+00  0.0000000E+00
  0.0000000E+00  0.0000000E+00
  0.0000000E+00  0.0000000E+00
  0.0000000E+00  0.0000000E+00
  0.0000000E+00  0.0000000E+00
  0.0000000E+00  0.0000000E+00
  0.0000000E+00  0.0000000E+00
  0.0000000E+00  0.0000000E+00
  0.0000000E+00  0.0000000E+00
  0.0000000E+00  0.0000000E+00
  0.0000000E+00  0.0000000E+00
  0.0000000E+00  0.0000000E+00
  0.0000000E+00  0.0000000E+00
  0.0000000E+00  0.0000000E+00
  0.0000000E+00  0.0000000E+00
  0.0000000E+00  0.0000000E+00
  0.0000000E+00  0.0000000E+00
  0.0000000E+00  0.0000000E+00
  0.0000000E+00  0.0000000E+00
  0.0000000E+00  0.0000000E+00
  0.0000000E+00  0.0000000E+00
  0.0000000E+00  0.0000000E+00
  0.0000000E+00  0.0000000E+00
  0.0000000E+00  0.0000000E+00
  0.0000000E+00  0.0000000E+00
  0.0000000E+00  0.0000000E+00
  0.0000000E+00  0.0000000E+00
  0.0000000E+00  0.0000000E+00
  0.0000000E+00  0.0000000E+00
  0.0000000E+00  0.0000000E+00
  0.0000000E+00  0.0000000E+00
  0.0000000E+00  0.0000000E+00
  0.0000000E+00  0.0000000E+00
  0.0000000E+00  0.0000000E+00
  0.0000000E+00  0.0000000E+00
  0.0000000E+00  0.0000000E+00
  0.0000000E+00  0.0000000E+00
  0.0000000E+00  0.0000000E+00
  0.0000000E+00  0.0000000E+00
  0.0000000E+00  0.0000000E+00
  0.0000000E+00  0.0000000E+00
  0.0000000E+00  0.0000000E+00
  0.0000000E+00  0.0000000E+00
  0.0000000E+00  0.0000000E+00
  0.0000000E+00  0.0000000E+00
  0.0000000E+00  0.0000000E+00
  0.0000000E+00  0.0000000E+00
  0.0000000E+00  0.0000000E+00
  0.0000000E+00  0.0000000E+00
  0.0000000E+00  0.0000000E+00
  0.0000000E+00  0.0000000E+00
  0.0000000E+00  0.0000000E+00
  0.0000000E+00  0.0000000E+00
  0.0000000E+00  0.0000000E+00
  0.0000000E+00  0.0000000E+00
  0.0000000E+00  0.0000000E+00
  0.0000000E+00  0.0000000E+00
  0.0000000E+00  0.0000000E+00
  0.0000000E+00  0.0000000E+00
  0.0000000E+00  0.0000000E+00
  0.0000000E+00  0.0000000E+00
  0.0000000E+00  0.0000000E+00
  0.0000000E+00  0.0000000E+00
  0.0000000E+00  0.0000000E+00
  0.0000000E+00  0.0000000E+00
  0.0000000E+00  0.0000000E+00
  0.0000000E+00  0.0000000E+00
  0.0000000E+00  0.0000000E+00
  0.0000000E+00  0.0000000E+00
  0.0000000E+00  0.0000000E+00
  0.0000000E+00  0.0000000E+00
  0.0000000E+00  0.0000000E+00
  0.0000000E+00  0.0000000E+00
  0.0000000E+00  0.0000000E+00
  0.0000000E+00  0.0000000E+00
  0.0000000E+00  0.0000000E+00
  0.0000000E+00  0.0000000E+00
  0.0000000E+00  0.0000000E+00
  0.0000000E+00  0.0000000E+00
  0.0000000E+00  0.0000000E+00
  0.0000000E+00  0.0000000E+00
  0.0000000E+00  0.0000000E+00
  0.0000000E+00  0.0000000E+00
  0.0000000E+00  0.0000000E+00
  0.0000000E+00  0.0000000E+00
  0.0000000E+00  0.0000000E+00
  0.0000000E+00  0.0000000E+00
  0.0000000E+00  0.0000000E+00
  0.0000000E+00  0.0000000E+00
  0.0000000E+00  0.0000000E+00
  0.0000000E+00  0.0000000E+00
  0.0000000E+00  0.0000000E+00
  0.0000000E+00  0.0000000E+00
  0.0000000E+00  0.0000000E+00
  0.0000000E+00  0.0000000E+00
  0.0000000E+00  0.0000000E+00
  0.0000000E+00  0.0000000E+00
  0.0000000E+00  0.0000000E+00
  0.0000000E+00  0.0000000E+00
  0.0000000E+00  0.0000000E+00
  0.0000000E+00  0.0000000E+00
  0.0000000E+00  0.0000000E+00
  0.0000000E+00  0.0000000E+00
  0.0000000E+00  0.0000000E+00
  0.0000000E+00  0.0000000E+00
  0.0000000E+00  0.0000000E+00
  0.0000000E+00  0.0000000E+00
  0.0000000E+00  0.0000000E+00
  0.0000000E+00  0.0000000E+00
  0.0000000E+00  0.0000000E+00
  0.0000000E+00  0.0000000E+00
  0.0000000E+00  0.0000000E+00
  0.0000000E+00  0.0000000E+00
  0.0000000E+00  0.0000000E+00
  0.0000000E+00  0.0000000E+00
  0.0000000E+00  0.0000000E+00
  0.0000000E+00  0.0000000E+00
  0.0000000E+00  0.0000000E+00
  0.0000000E+00  0.0000000E+00
  0.0000000E+00  0.0000000E+00
  0.0000000E+00  0.0000000E+00
  0.0000000E+00  0.0000000E+00
  0.0000000E+00  0.0000000E+00
  0.0000000E+00  0.0000000E+00
  0.0000000E+00  0.0000000E+00
  0.0000000E+00  0.0000000E+00
  0.0000000E+00  0.0000000E+00
  0.0000000E+00  0.0000000E+00
  0.0000000E+00  0.0000000E+00
  0.0000000E+00  0.0000000E+00
  0.0000000E+00  0.0000000E+00
  0.0000000E+00  0.0000000E+00
  0.0000000E+00  0.0000000E+00
  0.0000000E+00  0.0000000E+00
  0.0000000E+00  0.0000000E+00
  0.0000000E+00  0.0000000E+00
  0.0000000E+00  0.0000000E+00
  0.0000000E+00  0.0000000E+00
  0.0000000E+00  0.0000000E+00
  0.0000000E+00  0.0000000E+00
  0.0000000E+00  0.0000000E+00
  0.0000000E+00  0.0000000E+00
  0.0000000E+00  0.0000000E+00
  0.0000000E+00  0.0000000E+00
  0.0000000E+00  0.0000000E+00
  0.0000000E+00  0.0000000E+00
  0.0000000E+00  0.0000000E+00
  0.0000000E+00  0.0000000E+00
  0.0000000E+00  0.0000000E+00
  0.0000000E+00  0.0000000E+00
  0.0000000E+00  0.0000000E+00
  0.0000000E+00  0.0000000E+00
  0.0000000E+00  0.0000000E+00
  0.0000000E+00  0.0000000E+00
  0.0000000E+00  0.0000000E+00
  0.0000000E+00  0.0000000E+00
  0.0000000E+00  0.0000000E+00
  0.0000000E+00  0.0000000E+00
  0.0000000E+00  0.0000000E+00
  0.0000000E+00  0.0000000E+00
  0.0000000E+00  0.0000000E+00
  0.0000000E+00  0.0000000E+00
  0.0000000E+00  0.0000000E+00
  0.0000000E+00  0.0000000E+00
  0.0000000E+00  0.0000000E+00
  0.0000000E+00  0.0000000E+00
  0.0000000E+00  0.0000000E+00
  0.0000000E+00  0.0000000E+00
  0.0000000E+00  0.0000000E+00
  0.0000000E+00  0.0000000E+00
  0.0000000E+00  0.0000000E+00
  0.0000000E+00  0.0000000E+00
  0.0000000E+00  0.0000000E+00
  0.0000000E+00  0.0000000E+00
  0.0000000E+00  0.0000000E+00
  0.0000000E+00  0.0000000E+00
  0.0000000E+00  0.0000000E+00
  0.0000000E+00  0.0000000E+00
  0.0000000E+00  0.0000000E+00
  0.0000000E+00  0.0000000E+00
  0.0000000E+00  0.0000000E+00
  0.0000000E+00  0.0000000E+00
  0.0000000E+00  0.0000000E+00
  0.0000000E+00  0.0000000E+00
  0.0000000E+00  0.0000000E+00
  0.0000000E+00  0.0000000E+00
  0.0000000E+00  0.0000000E+00
  0.0000000E+00  0.0000000E+00
  0.0000000E+00  0.0000000E+00
  0.0000000E+00  0.0000000E+00
  0.0000000E+00  0.0000000E+00
  0.0000000E+00  0.0000000E+00
  0.0000000E+00  0.0000000E+00
  0.0000000E+00  0.0000000E+00
  0.0000000E+00  0.0000000E+00
  0.0000000E+00  0.0000000E+00
  0.0000000E+00  0.0000000E+00
  0.0000000E+00  0.0000000E+00
  0.0000000E+00  0.0000000E+00
  0.0000000E+00  0.0000000E+00
  0.0000000E+00  0.0000000E+00
  0.0000000E+00  0.0000000E+00
  0.0000000E+00  0.0000000E+00
  0.0000000E+00  0.0000000E+00
  0.0000000E+00  0.0000000E+00
  0.0000000E+00  0.0000000E+00
  0.0000000E+00  0.0000000E+00
  0.0000000E+00  0.0000000E+00
  0.0000000E+00  0.0000000E+00
  0.0000000E+00  0.0000000E+00
  0.0000000E+00  0.0000000E+00
  0.0000000E+00  0.0000000E+00
  0.0000000E+00  0.0000000E+00
  0.0000000E+00  0.0000000E+00
  0.0000000E+00  0.0000000E+00
  0.0000000E+00  0.0000000E+00
  0.0000000E+00  0.0000000E+00
  0.0000000E+00  0.0000000E+00
  0.0000000E+00  0.0000000E+00
  0.0000000E+00  0.0000000E+00
  0.0000000E+00  0.0000000E+00
  0.0000000E+00  0.0000000E+00
  0.0000000E+00  0.0000000E+00
  0.0000000E+00  0.0000000E+00
  0.0000000E+00  0.0000000E+00
  0.0000000E+00  0.0000000E+00
  0.0000000E+00  0.0000000E+00
  0.0000000E+00  0.0000000E+00
  0.0000000E+00  0.0000000E+00
  0.0000000E+00  0.0000000E+00
  0.0000000E+00  0.0000000E+00
  0.0000000E+00  0.0000000E+00
  0.0000000E+00  0.0000000E+00
  0.0000000E+00  0.0000000E+00
  0.0000000E+00  0.0000000E+00
  0.0000000E+00  0.0000000E+00
  0.0000000E+00  0.0000000E+00
  0.0000000E+00  0.0000000E+00
  0.0000000E+00  0.0000000E+00
  0.0000000E+00  0.0000000E+00
  0.0000000E+00  0.0000000E+00
  0.0000000E+00  0.0000000E+00
  0.0000000E+00  0.0000000E+00
  0.0000000E+00  0.0000000E+00
  0.0000000E+00  0.0000000E+00
  0.0000000E+00  0.0000000E+00
  0.0000000E+00  0.0000000E+00
  0.0000000E+00  0.0000000E+00
  0.0000000E+00  0.0000000E+00
  0.0000000E+00  0.0000000E+00
  0.0000000E+00  0.0000000E+00
  0.0000000E+00  0.0000000E+00
  0.0000000E+00  0.0000000E+00
  0.0000000E+00  0.0000000E+00
  0.0000000E+00  0.0000000E+00
  0.0000000E+00  0.0000000E+00
  0.0000000E+00  0.0000000E+00
  0.0000000E+00  0.0000000E+00
  0.0000000E+00  0.0000000E+00
  0.0000000E+00  0.0000000E+00
  0.0000000E+00  0.0000000E+00
  0.0000000E+00  0.0000000E+00
  0.0000000E+00  0.0000000E+00
  0.0000000E+00  0.0000000E+00
  0.0000000E+00  0.0000000E+00
  0.0000000E+00  0.0000000E+00
  0.0000000E+00  0.0000000E+00
  0.0000000E+00  0.0000000E+00
  0.0000000E+00  0.0000000E+00
  0.0000000E+00  0.0000000E+00
  0.0000000E+00  0.0000000E+00
  0.0000000E+00  0.0000000E+00
  0.0000000E+00  0.0000000E+00
  0.0000000E+00  0.0000000E+00
  0.0000000E+00  0.0000000E+00
  0.0000000E+00  0.0000000E+00
  0.0000000E+00  0.0000000E+00
  0.0000000E+00  0.0000000E+00
  0.0000000E+00  0.0000000E+00
  0.0000000E+00  0.0000000E+00
  0.0000000E+00  0.0000000E+00
  0.0000000E+00  0.0000000E+00
  0.0000000E+00  0.0000000E+00
  0.0000000E+00  0.0000000E+00
  0.0000000E+00  0.0000000E+00
  0.0000000E+00  0.0000000E+00
  0.0000000E+00  0.0000000E+00
  0.0000000E+00  0.0000000E+00
  0.0000000E+00  0.0000000E+00
  0.0000000E+00  0.0000000E+00
  0.0000000E+00  0.0000000E+00
  0.0000000E+00  0.0000000E+00
  0.0000000E+00  0.0000000E+00
  0.0000000E+00  0.0000000E+00
  0.0000000E+00  0.0000000E+00
  0.0000000E+00  0.0000000E+00
  0.0000000E+00  0.0000000E+00
  0.0000000E+00  0.0000000E+00
  0.0000000E+00  0.0000000E+00
  0.0000000E+00  0.0000000E+00
  0.0000000E+00  0.0000000E+00
  0.0000000E+00  0.0000000E+00
  0.0000000E+00  0.0000000E+00
  0.0000000E+00  0.0000000E+00
  0.0000000E+00  0.0000000E+00
  0.0000000E+00  0.0000000E+00
  0.0000000E+00  0.0000000E+00
  0.0000000E+00  0.0000000E+00
  0.0000000E+00  0.0000000E+00
  0.0000000E+00  0.0000000E+00
  0.0000000E+00  0.0000000E+00
  0.0000000E+00  0.0000000E+00
  0.0000000E+00  0.0000000E+00
  0.0000000E+00  0.0000000E+00
  0.0000000E+00  0.0000000E+00
  0.0000000E+00  0.0000000E+00
  0.0000000E+00  0.0000000E+00
  0.0000000E+00  0.0000000E+00
  0.0000000E+00  0.0000000E+00
  0.0000000E+00  0.0000000E+00
  0.0000000E+00  0.0000000E+00
  0.0000000E+00  0.0000000E+00
  0.0000000E+00  0.0000000E+00
  0.0000000E+00  0.0000000E+00
  0.0000000E+00  0.0000000E+00
  0.0000000E+00  0.0000000E+00
  0.0000000E+00  0.0000000E+00
  0.0000000E+00  0.0000000E+00
  0.0000000E+00  0.0000000E+00
  0.0000000E+00  0.0000000E+00
  0.0000000E+00  0.0000000E+00
  0.0000000E+00  0.0000000E+00
  0.0000000E+00  0.0000000E+00
  0.0000000E+00  0.0000000E+00
  0.0000000E+00  0.0000000E+00
  0.0000000E+00  0.0000000E+00
  0.0000000E+00  0.0000000E+00
  0.0000000E+00  0.0000000E+00
  0.0000000E+00  0.0000000E+00
  0.0000000E+00  0.0000000E+00
  0.0000000E+00  0.0000000E+00
  0.0000000E+00  0.0000000E+00
  0.0000000E+00  0.0000000E+00
  0.0000000E+00  0.0000000E+00
  0.0000000E+00  0.0000000E+00
  0.0000000E+00  0.0000000E+00
  0.0000000E+00  0.0000000E+00
  0.0000000E+00  0.0000000E+00
  0.0000000E+00  0.0000000E+00
  0.0000000E+00  0.0000000E+00
  0.0000000E+00  0.0000000E+00
  0.0000000E+00  0.0000000E+00
  0.0000000E+00  0.0000000E+00
  0.0000000E+00  0.0000000E+00
  0.0000000E+00  0.0000000E+00
  0.0000000E+00  0.0000000E+00
  0.0000000E+00  0.0000000E+00
  0.0000000E+00  0.0000000E+00
  0.0000000E+00  0.0000000E+00
  0.0000000E+00  0.0000000E+00
  0.0000000E+00  0.0000000E+00
  0.0000000E+00  0.0000000E+00
  0.0000000E+00  0.0000000E+00
  0.0000000E+00  0.0000000E+00
  0.0000000E+00  0.0000000E+00
  0.0000000E+00  0.0000000E+00
  0.0000000E+00  0.0000000E+00
  0.0000000E+00  0.0000000E+00
  0.0000000E+00  0.0000000E+00
  0.0000000E+00  0.0000000E+00
  0.0000000E+00  0.0000000E+00
  0.0000000E+00  0.0000000E+00
  0.0000000E+00  0.0000000E+00
  0.0000000E+00  0.0000000E+00
  0.0000000E+00  0.0000000E+00
  0.0000000E+00  0.0000000E+00
  0.0000000E+00  0.0000000E+00
  0.0000000E+00  0.0000000E+00
  0.0000000E+00  0.0000000E+00
  0.0000000E+00  0.0000000E+00
  0.0000000E+00  0.0000000E+00
  0.0000000E+00  0.0000000E+00
  0.0000000E+00  0.0000000E+00
  0.0000000E+00  0.0000000E+00
  0.0000000E+00  0.0000000E+00
  0.0000000E+00  0.0000000E+00
  0.0000000E+00  0.0000000E+00
  0.0000000E+00  0.0000000E+00
  0.0000000E+00  0.0000000E+00
  0.0000000E+00  0.0000000E+00
  0.0000000E+00  0.0000000E+00
  0.0000000E+00  0.0000000E+00
  0.0000000E+00  0.0000000E+00
  0.0000000E+00  0.0000000E+00
  0.0000000E+00  0.0000000E+00
  0.0000000E+00  0.0000000E+00
  0.0000000E+00  0.0000000E+00
  0.0000000E+00  0.0000000E+00
  0.0000000E+00  0.0000000E+00
  0.0000000E+00  0.0000000E+00
  0.0000000E+00  0.0000000E+00
  0.0000000E+00  0.0000000E+00
  0.0000000E+00  0.0000000E+00
  0.0000000E+00  0.0000000E+00
  0.0000000E+00  0.0000000E+00
  0.0000000E+00  0.0000000E+00
  0.0000000E+00  0.0000000E+00
  0.0000000E+00  0.0000000E+00
  0.0000000E+00  0.0000000E+00
  0.0000000E+00  0.0000000E+00
  0.0000000E+00  0.0000000E+00
  0.0000000E+00  0.0000000E+00
  0.0000000E+00  0.0000000E+00
  0.0000000E+00  0.0000000E+00
  0.0000000E+00  0.0000000E+00
  0.0000000E+00  0.0000000E+00
  0.0000000E+00  0.0000000E+00
  0.0000000E+00  0.0000000E+00
  0.0000000E+00  0.0000000E+00
  0.0000000E+00  0.0000000E+00
  0.0000000E+00  0.0000000E+00
  0.0000000E+00  0.0000000E+00
  0.0000000E+00  0.0000000E+00
  0.0000000E+00  0.0000000E+00
  0.0000000E+00  0.0000000E+00
  0.0000000E+00  0.0000000E+00
  0.0000000E+00  0.0000000E+00
  0.0000000E+00  0.0000000E+00
  0.0000000E+00  0.0000000E+00
  0.0000000E+00  0.0000000E+00
  0.0000000E+00  0.0000000E+00
  0.0000000E+00  0.0000000E+00
  0.0000000E+00  0.0000000E+00
  0.0000000E+00  0.0000000E+00
  0.0000000E+00  0.0000000E+00
  0.0000000E+00  0.0000000E+00
  0.0000000E+00  0.0000000E+00
  0.0000000E+00  0.0000000E+00
  0.0000000E+00  0.0000000E+00
  0.0000000E+00  0.0000000E+00
  0.0000000E+00  0.0000000E+00
  0.0000000E+00  0.0000000E+00
  0.0000000E+00  0.0000000E+00
  0.0000000E+00  0.0000000E+00
  0.0000000E+00  0.0000000E+00
  0.0000000E+00  0.0000000E+00
  0.0000000E+00  0.0000000E+00
  0.0000000E+00  0.0000000E+00
  0.0000000E+00  0.0000000E+00
  0.0000000E+00  0.0000000E+00
  0.0000000E+00  0.0000000E+00
  0.0000000E+00  0.0000000E+00
  0.0000000E+00  0.0000000E+00
  0.0000000E+00  0.0000000E+00
  0.0000000E+00  0.0000000E+00
  0.0000000E+00  0.0000000E+00
  0.0000000E+00  0.0000000E+00
  0.0000000E+00  0.0000000E+00
  0.0000000E+00  0.0000000E+00
  0.0000000E+00  0.0000000E+00
  0.0000000E+00  0.0000000E+00
  0.0000000E+00  0.0000000E+00
  0.0000000E+00  0.0000000E+00
  0.0000000E+00  0.0000000E+00
  0.0000000E+00  0.0000000E+00
  0.0000000E+00  0.0000000E+00
  0.0000000E+00  0.0000000E+00
  0.0000000E+00  0.0000000E+00
  0.0000000E+00  0.0000000E+00
  0.0000000E+00  0.0000000E+00
  0.0000000E+00  0.0000000E+00
  0.0000000E+00  0.0000000E+00
  0.0000000E+00  0.0000000E+00
  0.0000000E+00  0.0000000E+00
  0.0000000E+00  0.0000000E+00
  0.0000000E+00  0.0000000E+00
  0.0000000E+00  0.0000000E+00
  0.0000000E+00  0.0000000E+00
  0.0000000E+00  0.0000000E+00
  0.0000000E+00  0.0000000E+00
  0.0000000E+00  0.0000000E+00
  0.0000000E+00  0.0000000E+00
  0.0000000E+00  0.0000000E+00
  0.0000000E+00  0.0000000E+00
  0.0000000E+00  0.0000000E+00
  0.0000000E+00  0.0000000E+00
  0.0000000E+00  0.0000000E+00
  0.0000000E+00  0.0000000E+00
  0.0000000E+00  0.0000000E+00
  0.0000000E+00  0.0000000E+00
  0.0000000E+00  0.0000000E+00
  0.0000000E+00  0.0000000E+00
  0.0000000E+00  0.0000000E+00
  0.0000000E+00  0.0000000E+00
  0.0000000E+00  0.0000000E+00
  0.0000000E+00  0.0000000E+00
  0.0000000E+00  0.0000000E+00
  0.0000000E+00  0.0000000E+00
  0.0000000E+00  0.0000000E+00
  0.0000000E+00  0.0000000E+00
  0.0000000E+00  0.0000000E+00
  0.0000000E+00  0.0000000E+00
  0.0000000E+00  0.0000000E+00
  0.0000000E+00  0.0000000E+00
  0.0000000E+00  0.0000000E+00
  0.0000000E+00  0.0000000E+00
  0.0000000E+00  0.0000000E+00
  0.0000000E+00  0.0000000E+00
  0.0000000E+00  0.0000000E+00
  0.0000000E+00  0.0000000E+00
  0.0000000E+00  0.0000000E+00
  0.0000000E+00  0.0000000E+00
  0.0000000E+00  0.0000000E+00
  0.0000000E+00  0.0000000E+00
  0.0000000E+00  0.0000000E+00
  0.0000000E+00  0.0000000E+00
  0.0000000E+00  0.0000000E+00
  0.0000000E+00  0.0000000E+00
  0.0000000E+00  0.0000000E+00
  0.0000000E+00  0.0000000E+00
  0.0000000E+00  0.0000000E+00
  0.0000000E+00  0.0000000E+00
  0.0000000E+00  0.0000000E+00
  0.0000000E+00  0.0000000E+00
  0.0000000E+00  0.0000000E+00
  0.0000000E+00  0.0000000E+00
  0.0000000E+00  0.0000000E+00
  0.0000000E+00  0.0000000E+00
  0.0000000E+00  0.0000000E+00
  0.0000000E+00  0.0000000E+00
  0.0000000E+00  0.0000000E+00
  0.0000000E+00  0.0000000E+00
  0.0000000E+00  0.0000000E+00
  0.0000000E+00  0.0000000E+00
  0.0000000E+00  0.0000000E+00
  0.0000000E+00  0.0000000E+00
  0.0000000E+00  0.0000000E+00
  0.0000000E+00  0.0000000E+00
  0.0000000E+00  0.0000000E+00
  0.0000000E+00  0.0000000E+00
  0.0000000E+00  0.0000000E+00
  0.0000000E+00  0.0000000E+00
  0.0000000E+00  0.0000000E+00
  0.0000000E+00  0.0000000E+00
  0.0000000E+00  0.0000000E+00
  0.0000000E+00  0.0000000E+00
  0.0000000E+00  0.0000000E+00
  0.0000000E+00  0.0000000E+00
  0.0000000E+00  0.0000000E+00
  0.0000000E+00  0.0000000E+00
  0.0000000E+00  0.0000000E+00
  0.0000000E+00  0.0000000E+00
  0.0000000E+00  0.0000000E+00
  0.0000000E+00  0.0000000E+00
  0.0000000E+00  0.0000000E+00
  0.0000000E+00  0.0000000E+00
  0.0000000E+00  0.0000000E+00
  0.0000000E+00  0.0000000E+00
  0.0000000E+00  0.0000000E+00
  0.0000000E+00  0.0000000E+00
  0.0000000E+00  0.0000000E+00
  0.0000000E+00  0.0000000E+00
  0.0000000E+00  0.0000000E+00
  0.0000000E+00  0.0000000E+00
  0.0000000E+00  0.0000000E+00
  0.0000000E+00  0.0000000E+00
  0.0000000E+00  0.0000000E+00
  0.0000000E+00  0.0000000E+00
  0.0000000E+00  0.0000000E+00
  0.0000000E+00  0.0000000E+00
  0.0000000E+00  0.0000000E+00
  0.0000000E+00  0.0000000E+00
  0.0000000E+00  0.0000000E+00
  0.0000000E+00  0.0000000E+00
  0.0000000E+00  0.0000000E+00
  0.0000000E+00  0.0000000E+00
  0.0000000E+00  0.0000000E+00
  0.0000000E+00  0.0000000E+00
  0.0000000E+00  0.0000000E+00
  0.0000000E+00  0.0000000E+00
  0.0000000E+00  0.0000000E+00
  0.0000000E+00  0.0000000E+00
  0.0000000E+00  0.0000000E+00
  0.0000000E+00  0.0000000E+00
  0.0000000E+00  0.0000000E+00
  0.0000000E+00  0.0000000E+00
  0.0000000E+00  0.0000000E+00
  0.0000000E+00  0.0000000E+00
  0.0000000E+00  0.0000000E+00
  0.0000000E+00  0.0000000E+00
  0.0000000E+00  0.0000000E+00
  0.0000000E+00  0.0000000E+00
  0.0000000E+00  0.0000000E+00
  0.0000000E+00  0.0000000E+00
  0.0000000E+00  0.0000000E+00
  0.0000000E+00  0.0000000E+00
  0.0000000E+00  0.0000000E+00
  0.0000000E+00  0.0000000E+00
  0.0000000E+00  0.0000000E+00
  0.0000000E+00  0.0000000E+00
  0.0000000E+00  0.0000000E+00
  0.0000000E+00  0.0000000E+00
  0.0000000E+00  0.0000000E+00
  0.0000000E+00  0.0000000E+00
  0.0000000E+00  0.0000000E+00
  0.0000000E+00  0.0000000E+00
  0.0000000E+00  0.0000000E+00
  0.0000000E+00  0.0000000E+00
  0.0000000E+00  0.0000000E+00
  0.0000000E+00  0.0000000E+00
  0.0000000E+00  0.0000000E+00
  0.0000000E+00  0.0000000E+00
  0.0000000E+00  0.0000000E+00
  0.0000000E+00  0.0000000E+00
  0.0000000E+00  0.0000000E+00
  0.0000000E+00  0.0000000E+00
  0.0000000E+00  0.0000000E+00
  0.0000000E+00  0.0000000E+00
  0.0000000E+00  0.0000000E+00
  0.0000000E+00  0.0000000E+00
  0.0000000E+00  0.0000000E+00
  0.0000000E+00  0.0000000E+00
  0.0000000E+00  0.0000000E+00
  0.0000000E+00  0.0000000E+00
  0.0000000E+00  0.0000000E+00
  0.0000000E+00  0.0000000E+00
  0.0000000E+00  0.0000000E+00
  0.0000000E+00  0.0000000E+00
  0.0000000E+00  0.0000000E+00
  0.0000000E+00  0.0000000E+00
  0.0000000E+00  0.0000000E+00
  0.0000000E+00  0.0000000E+00
  0.0000000E+00  0.0000000E+00
  0.0000000E+00  0.0000000E+00
  0.0000000E+00  0.0000000E+00
  0.0000000E+00  0.0000000E+00
  0.0000000E+00  0.0000000E+00
  0.0000000E+00  0.0000000E+00
  0.0000000E+00  0.0000000E+00
  0.0000000E+00  0.0000000E+00
  0.0000000E+00  0.0000000E+00
  0.0000000E+00  0.0000000E+00
  0.0000000E+00  0.0000000E+00
  0.0000000E+00  0.0000000E+00
  0.0000000E+00  0.0000000E+00
  0.0000000E+00  0.0000000E+00
  0.0000000E+00  0.0000000E+00
  0.0000000E+00  0.0000000E+00
  0.0000000E+00  0.0000000E+00
  0.0000000E+00  0.0000000E+00
  0.0000000E+00  0.0000000E+00
  0.0000000E+00  0.0000000E+00
  0.0000000E+00  0.0000000E+00
  0.0000000E+00  0.0000000E+00
  0.0000000E+00  0.0000000E+00
  0.0000000E+00  0.0000000E+00
  0.0000000E+00  0.0000000E+00
  0.0000000E+00  0.0000000E+00
  0.0000000E+00  0.0000000E+00
  0.0000000E+00  0.0000000E+00
  0.0000000E+00  0.0000000E+00
  0.0000000E+00  0.0000000E+00
  0.0000000E+00  0.0000000E+00
  0.0000000E+00  0.0000000E+00
  0.0000000E+00  0.0000000E+00
  0.0000000E+00  0.0000000E+00
  0.0000000E+00  0.0000000E+00
  0.0000000E+00  0.0000000E+00
  0.0000000E+00  0.0000000E+00
  0.0000000E+00  0.0000000E+00
  0.0000000E+00  0.0000000E+00
  0.0000000E+00  0.0000000E+00
  0.0000000E+00  0.0000000E+00
  0.0000000E+00  0.0000000E+00
  0.0000000E+00  0.0000000E+00
  0.0000000E+00  0.0000000E+00
  0.0000000E+00  0.0000000E+00
  0.0000000E+00  0.0000000E+00
  0.0000000E+00  0.0000000E+00
  0.0000000E+00  0.0000000E+00
  0.0000000E+00  0.0000000E+00
  0.0000000E+00  0.0000000E+00
  0.0000000E+00  0.0000000E+00
  0.0000000E+00  0.0000000E+00
  0.0000000E+00  0.0000000E+00
  0.0000000E+00  0.0000000E+00
  0.0000000E+00  0.0000000E+00
  0.0000000E+00  0.0000000E+00
  0.0000000E+00  0.0000000E+00
  0.0000000E+00  0.0000000E+00
  0.0000000E+00  0.0000000E+00
  0.0000000E+00  0.0000000E+00
  0.0000000E+00  0.0000000E+00
  0.0000000E+00  0.0000000E+00
  0.0000000E+00  0.0000000E+00
  0.0000000E+00  0.0000000E+00
  0.0000000E+00  0.0000000E+00
  0.0000000E+00  0.0000000E+00
  0.0000000E+00  0.0000000E+00
  0.0000000E+00  0.0000000E+00
  0.0000000E+00  0.0000000E+00
  0.0000000E+00  0.0000000E+00
  0.0000000E+00  0.0000000E+00
  0.0000000E+00  0.0000000E+00
  0.0000000E+00  0.0000000E+00
  0.0000000E+00  0.0000000E+00
  0.0000000E+00  0.0000000E+00
  0.0000000E+00  0.0000000E+00
  0.0000000E+00  0.0000000E+00
  0.0000000E+00  0.0000000E+00
  0.0000000E+00  0.0000000E+00
  0.0000000E+00  0.0000000E+00
  0.0000000E+00  0.0000000E+00
  0.0000000E+00  0.0000000E+00
  0.0000000E+00  0.0000000E+00
  0.0000000E+00  0.0000000E+00
  0.0000000E+00  0.0000000E+00
  0.0000000E+00  0.0000000E+00
  0.0000000E+00  0.0000000E+00
  0.0000000E+00  0.0000000E+00
  0.0000000E+00  0.0000000E+00
  0.0000000E+00  0.0000000E+00
  0.0000000E+00  0.0000000E+00
  0.0000000E+00  0.0000000E+00
  0.0000000E+00  0.0000000E+00
  0.0000000E+00  0.0000000E+00
  0.0000000E+00  0.0000000E+00
  0.0000000E+00  0.0000000E+00
  0.0000000E+00  0.0000000E+00
  0.0000000E+00  0.0000000E+00
  0.0000000E+00  0.0000000E+00
  0.0000000E+00  0.0000000E+00
  0.0000000E+00  0.0000000E+00
  0.0000000E+00  0.0000000E+00
  0.0000000E+00  0.0000000E+00
  0.0000000E+00  0.0000000E+00
  0.0000000E+00  0.0000000E+00
  0.0000000E+00  0.0000000E+00
  0.0000000E+00  0.0000000E+00
  0.0000000E+00  0.0000000E+00
  0.0000000E+00  0.0000000E+00
  0.0000000E+00  0.0000000E+00
  0.0000000E+00  0.0000000E+00
  0.0000000E+00  0.0000000E+00
  0.0000000E+00  0.0000000E+00
  0.0000000E+00  0.0000000E+00
  0.0000000E+00  0.0000000E+00
  0.0000000E+00  0.0000000E+00
  0.0000000E+00  0.0000000E+00
  0.0000000E+00  0.0000000E+00
  0.0000000E+00  0.0000000E+00
  0.0000000E+00  0.0000000E+00
  0.0000000E+00  0.0000000E+00
  0.0000000E+00  0.0000000E+00
  0.0000000E+00  0.0000000E+00
  0.0000000E+00  0.0000000E+00
  0.0000000E+00  0.0000000E+00
  0.0000000E+00  0.0000000E+00
  0.0000000E+00  0.0000000E+00
  0.0000000E+00  0.0000000E+00
  0.0000000E+00  0.0000000E+00
  0.0000000E+00  0.0000000E+00
  0.0000000E+00  0.0000000E+00
  0.0000000E+00  0.0000000E+00
  0.0000000E+00  0.0000000E+00
  0.0000000E+00  0.0000000E+00
  0.0000000E+00  0.0000000E+00
  0.0000000E+00  0.0000000E+00
  0.0000000E+00  0.0000000E+00
  0.0000000E+00  0.0000000E+00
  0.0000000E+00  0.0000000E+00
  0.0000000E+00  0.0000000E+00
  0.0000000E+00  0.0000000E+00
  0.0000000E+00  0.0000000E+00
  0.0000000E+00  0.0000000E+00
  0.0000000E+00  0.0000000E+00
  0.0000000E+00  0.0000000E+00
  0.0000000E+00  0.0000000E+00
  0.0000000E+00  0.0000000E+00
  0.0000000E+00  0.0000000E+00
  0.0000000E+00  0.0000000E+00
  0.0000000E+00  0.0000000E+00
  0.0000000E+00  0.0000000E+00
  0.0000000E+00  0.0000000E+00
  0.0000000E+00  0.0000000E+00
  0.0000000E+00  0.0000000E+00
  0.0000000E+00  0.0000000E+00
  0.0000000E+00  0.0000000E+00
  0.0000000E+00  0.0000000E+00
  0.0000000E+00  0.0000000E+00
  0.0000000E+00  0.0000000E+00
  0.0000000E+00  0.0000000E+00
  0.0000000E+00  0.0000000E+00
  0.0000000E+00  0.0000000E+00
  0.0000000E+00  0.0000000E+00
  0.0000000E+00  0.0000000E+00
  0.0000000E+00  0.0000000E+00
  0.0000000E+00  0.0000000E+00
  0.0000000E+00  0.0000000E+00
  0.0000000E+00  0.0000000E+00
  0.0000000E+00  0.0000000E+00
  0.0000000E+00  0.0000000E+00
  0.0000000E+00  0.0000000E+00
  0.0000000E+00  0.0000000E+00
  0.0000000E+00  0.0000000E+00
  0.0000000E+00  0.0000000E+00
  0.0000000E+00  0.0000000E+00
  0.0000000E+00  0.0000000E+00
  0.0000000E+00  0.0000000E+00
  0.0000000E+00  0.0000000E+00
  0.0000000E+00  0.0000000E+00
  0.0000000E+00  0.0000000E+00
  0.0000000E+00  0.0000000E+00
  0.0000000E+00  0.0000000E+00
  0.0000000E+00  0.0000000E+00
  0.0000000E+00  0.0000000E+00
  0.0000000E+00  0.0000000E+00
  0.0000000E+00  0.0000000E+00
  0.0000000E+00  0.0000000E+00
  0.0000000E+00  0.0000000E+00
  0.0000000E+00  0.0000000E+00
  0.0000000E+00  0.0000000E+00
  0.0000000E+00  0.0000000E+00
  0.0000000E+00  0.0000000E+00
  0.0000000E+00  0.0000000E+00
  0.0000000E+00  0.0000000E+00
  0.0000000E+00  0.0000000E+00
  0.0000000E+00  0.0000000E+00
  0.0000000E+00  0.0000000E+00
  0.0000000E+00  0.0000000E+00
  0.0000000E+00  0.0000000E+00
  0.0000000E+00  0.0000000E+00
  0.0000000E+00  0.0000000E+00
  0.0000000E+00  0.0000000E+00
  0.0000000E+00  0.0000000E+00
  0.0000000E+00  0.0000000E+00
  0.0000000E+00  0.0000000E+00
  0.0000000E+00  0.0000000E+00
  0.0000000E+00  0.0000000E+00
  0.0000000E+00  0.0000000E+00
  0.0000000E+00  0.0000000E+00
  0.0000000E+00  0.0000000E+00
  0.0000000E+00  0.0000000E+00
  0.0000000E+00  0.0000000E+00
  0.0000000E+00  0.0000000E+00
  0.0000000E+00  0.0000000E+00
  0.0000000E+00  0.0000000E+00
  0.0000000E+00  0.0000000E+00
  0.0000000E+00  0.0000000E+00
  0.0000000E+00  0.0000000E+00
  0.0000000E+00  0.0000000E+00
  0.0000000E+00  0.0000000E+00
  0.0000000E+00  0.0000000E+00
  0.0000000E+00  0.0000000E+00
  0.0000000E+00  0.0000000E+00
  0.0000000E+00  0.0000000E+00
  0.0000000E+00  0.0000000E+00
  0.0000000E+00  0.0000000E+00
  0.0000000E+00  0.0000000E+00
  0.0000000E+00  0.0000000E+00
  0.0000000E+00  0.0000000E+00
  0.0000000E+00  0.0000000E+00
  0.0000000E+00  0.0000000E+00
  0.0000000E+00  0.0000000E+00
  0.0000000E+00  0.0000000E+00
  0.0000000E+00  0.0000000E+00
  0.0000000E+00  0.0000000E+00
  0.0000000E+00  0.0000000E+00
  0.0000000E+00  0.0000000E+00
  0.0000000E+00  0.0000000E+00
  0.0000000E+00  0.0000000E+00
  0.0000000E+00  0.0000000E+00
  0.0000000E+00  0.0000000E+00
  0.0000000E+00  0.0000000E+00
  0.0000000E+00  0.0000000E+00
  0.0000000E+00  0.0000000E+00
  0.0000000E+00  0.0000000E+00
  0.0000000E+00  0.0000000E+00
  0.0000000E+00  0.0000000E+00
  0.0000000E+00  0.0000000E+00
  0.0000000E+00  0.0000000E+00
  0.0000000E+00  0.0000000E+00
  0.0000000E+00  0.0000000E+00
  0.0000000E+00  0.0000000E+00
  0.0000000E+00  0.0000000E+00
  0.0000000E+00  0.0000000E+00
  0.0000000E+00  0.0000000E+00
  0.0000000E+00  0.0000000E+00
  0.0000000E+00  0.0000000E+00
  0.0000000E+00  0.0000000E+00
  0.0000000E+00  0.0000000E+00
  0.0000000E+00  0.0000000E+00
  0.0000000E+00  0.0000000E+00
  0.0000000E+00  0.0000000E+00
  0.0000000E+00  0.0000000E+00
  0.0000000E+00  0.0000000E+00
  0.0000000E+00  0.0000000E+00
  0.0000000E+00  0.0000000E+00
  0.0000000E+00  0.0000000E+00
  0.0000000E+00  0.0000000E+00
  0.0000000E+00  0.0000000E+00
  0.0000000E+00  0.0000000E+00
  0.0000000E+00  0.0000000E+00
