 -0.6388147E+00  0.3716689E-04
 -0.1239421E+00  0.2475358E-04
  0.1820255E+00  0.1999306E-04
  0.4240831E+00  0.1733530E-04
  0.6391261E+00  0.1543945E-04
  0.8465112E+00  0.1389970E-04
  0.3484130E+00  0.2745853E-05
  0.1344491E+01  0.9522132E-05
  0.1490750E+01  0.8152472E-05
  0.1666728E+01  0.6079602E-05
  0.2028343E+01  0.3574002E-06
  0.2014614E+01  0.4244759E-06
  0.1995797E+01  0.4491116E-06
  0.1967722E+01  0.4196452E-06
  0.1930758E+01  0.3510132E-06
  0.1888072E+01  0.3271293E-06
  0.1833822E+01  0.2943175E-06
  0.1769194E+01  0.2595699E-06
  0.1700795E+01  0.2269987E-06
  0.1624932E+01  0.1426928E-06
  0.1540101E+01  0.4821641E-07
  0.1451404E+01 -0.2487752E-07
  0.1355888E+01 -0.1449447E-06
  0.1252690E+01 -0.2585793E-06
  0.1146365E+01 -0.3637215E-06
  0.1034562E+01 -0.4992920E-06
  0.9168536E+00 -0.6406490E-06
  0.7969814E+00 -0.7614477E-06
  0.6732113E+00 -0.9136324E-06
  0.5455896E+00 -0.1064624E-05
  0.4168582E+00 -0.1203527E-05
  0.2859061E+00 -0.1363318E-05
  0.1532666E+00 -0.1521855E-05
  0.2061238E-01 -0.1674329E-05
 -0.1125104E+00 -0.1834573E-05
 -0.2450927E+00 -0.1990340E-05
 -0.3765910E+00 -0.2145883E-05
 -0.5067661E+00 -0.2298023E-05
 -0.6341870E+00 -0.2446765E-05
 -0.7594519E+00 -0.2596247E-05
 -0.8816515E+00 -0.2733344E-05
 -0.9989620E+00 -0.2865864E-05
 -0.1113122E+01 -0.3005041E-05
 -0.1222549E+01 -0.3118370E-05
 -0.1325118E+01 -0.3229162E-05
 -0.1423666E+01 -0.3352368E-05
 -0.1515954E+01 -0.3443674E-05
 -0.1599672E+01 -0.3528065E-05
 -0.1678629E+01 -0.3628253E-05
 -0.1750024E+01 -0.3688668E-05
 -0.1811485E+01 -0.3744810E-05
 -0.1867628E+01 -0.3824705E-05
 -0.1915214E+01 -0.3860800E-05
 -0.1951904E+01 -0.3887993E-05
 -0.1982986E+01 -0.3946587E-05
 -0.2004863E+01 -0.3946501E-05
 -0.2015302E+01 -0.3949714E-05
 -0.2019990E+01 -0.3976897E-05
 -0.2015222E+01 -0.3953151E-05
 -0.1998971E+01 -0.3929342E-05
 -0.1977109E+01 -0.3932853E-05
 -0.1945923E+01 -0.3880551E-05
 -0.1903776E+01 -0.3831924E-05
 -0.1856471E+01 -0.3803625E-05
 -0.1800287E+01 -0.3723464E-05
 -0.1733876E+01 -0.3643043E-05
 -0.1662879E+01 -0.3593371E-05
 -0.1583966E+01 -0.3497270E-05
 -0.1496003E+01 -0.3389993E-05
 -0.1404147E+01 -0.3313278E-05
 -0.1305626E+01 -0.3191969E-05
 -0.1199705E+01 -0.3070413E-05
 -0.1090821E+01 -0.2961703E-05
 -0.9766882E+00 -0.2823103E-05
 -0.8569972E+00 -0.2682459E-05
 -0.7353219E+00 -0.2552688E-05
 -0.6099979E+00 -0.2400644E-05
 -0.4811622E+00 -0.2247451E-05
 -0.3513728E+00 -0.2102616E-05
 -0.2195828E+00 -0.1955693E-05
 -0.8629438E-01 -0.1812943E-05
  0.4740684E-01 -0.1694158E-05
  0.1802582E+00 -0.1531448E-05
  0.3127489E+00 -0.1379703E-05
  0.4440641E+00 -0.1238939E-05
  0.5735798E+00 -0.1104103E-05
  0.7006615E+00 -0.9715784E-06
  0.8246558E+00 -0.8447382E-06
  0.9450253E+00 -0.7192302E-06
  0.1061290E+01 -0.5998851E-06
  0.1172988E+01 -0.4851901E-06
  0.1279643E+01 -0.3755345E-06
  0.1380768E+01 -0.2767831E-06
  0.1475875E+01 -0.1866058E-06
  0.1564525E+01 -0.9914027E-07
  0.1646461E+01 -0.2424508E-07
  0.1721200E+01  0.4284755E-07
  0.1788171E+01  0.1105522E-06
  0.1846832E+01  0.1705379E-06
  0.1896249E+01  0.2184909E-06
  0.1932695E+01  0.3313752E-06
  0.1965312E+01  0.4634084E-06
  0.1993178E+01  0.4863920E-06
  0.2014684E+01  0.4132264E-06
  0.2032018E+01  0.2501461E-06
  0.1662265E+01  0.6082100E-05
  0.1481859E+01  0.8168162E-05
  0.1327204E+01  0.9586123E-05
  0.1168721E+01  0.1084414E-04
  0.9977518E+00  0.1207294E-04
  0.8200073E+00  0.1342877E-04
  0.6363150E+00  0.1496405E-04
  0.1760357E+00  0.1996713E-04
 -0.1314031E+00  0.2464542E-04
 -0.6522269E+00  0.3740365E-04
 -0.6691360E+00  0.3741737E-04
  0.2860368E+00  0.2193950E-05
 -0.4802153E+00  0.2723789E-04
 -0.4022038E+00  0.2202265E-04
 -0.2857567E+00  0.1509835E-04
 -0.1474555E+00  0.7105944E-05
  0.7541254E-03 -0.1383974E-05
  0.1489293E+00 -0.9859422E-05
  0.2887766E+00 -0.1790414E-04
  0.4160814E+00 -0.2524094E-04
  0.5260744E+00 -0.3156321E-04
  0.6120581E+00 -0.3652682E-04
  0.6704653E+00 -0.3992133E-04
  0.6996737E+00 -0.4162922E-04
  0.6993843E+00 -0.4161602E-04
  0.6697895E+00 -0.3986909E-04
  0.6117842E+00 -0.3647145E-04
  0.5271485E+00 -0.3153370E-04
  0.4187102E+00 -0.2525566E-04
  0.2907330E+00 -0.1789170E-04
  0.1488646E+00 -0.9762941E-05
  0.4297821E-03 -0.1277228E-05
 -0.1468157E+00  0.7170150E-05
 -0.2877655E+00  0.1527059E-04
 -0.4165576E+00  0.2265095E-04
 -0.5234091E+00  0.2884492E-04
 -0.5999600E+00  0.3349526E-04
 -0.6381654E+00  0.3631415E-04
  0.6855198E+00  0.9588901E-05
  0.7536712E+00  0.1063740E-04
  0.4121538E+00  0.1667446E-04
  0.6140045E+00  0.1482471E-04
  0.8150029E+00  0.1313694E-04
  0.1481344E+01  0.8053550E-05
  0.2338048E+00  0.1183550E-04
  0.1636642E+01  0.6000666E-05
  0.1654999E+01  0.6055889E-05
  0.1610589E+01  0.5911837E-05
  0.1580941E+01  0.5745873E-05
  0.1543233E+01  0.5581822E-05
  0.1494827E+01  0.5435338E-05
  0.1440898E+01  0.5238423E-05
  0.1382074E+01  0.4993448E-05
  0.1317913E+01  0.4714692E-05
  0.1248534E+01  0.4401207E-05
  0.1174033E+01  0.4061388E-05
  0.1094532E+01  0.3700263E-05
  0.1010423E+01  0.3312545E-05
  0.9219986E+00  0.2904684E-05
  0.8295218E+00  0.2475949E-05
  0.7334867E+00  0.2027734E-05
  0.6343501E+00  0.1569888E-05
  0.5324854E+00  0.1094232E-05
  0.4283417E+00  0.6032799E-06
  0.3223315E+00  0.1141817E-06
  0.2148928E+00 -0.3890904E-06
  0.1064841E+00 -0.8942231E-06
 -0.2421709E-02 -0.1409448E-05
 -0.1113781E+00 -0.1919692E-05
 -0.2199090E+00 -0.2429161E-05
 -0.3275015E+00 -0.2932388E-05
 -0.4337362E+00 -0.3427532E-05
 -0.5381720E+00 -0.3913727E-05
 -0.6402803E+00 -0.4394667E-05
 -0.7396700E+00 -0.4854629E-05
 -0.8359285E+00 -0.5303466E-05
 -0.9285471E+00 -0.5730050E-05
 -0.1017155E+01 -0.6144469E-05
 -0.1101399E+01 -0.6530271E-05
 -0.1180800E+01 -0.6897094E-05
 -0.1255038E+01 -0.7239787E-05
 -0.1323831E+01 -0.7548950E-05
 -0.1386751E+01 -0.7840488E-05
 -0.1443559E+01 -0.8096603E-05
 -0.1494061E+01 -0.8324635E-05
 -0.1537919E+01 -0.8526706E-05
 -0.1574918E+01 -0.8693512E-05
 -0.1605089E+01 -0.8825889E-05
 -0.1628220E+01 -0.8930432E-05
 -0.1644087E+01 -0.9005762E-05
 -0.1652709E+01 -0.9046010E-05
 -0.1654027E+01 -0.9049275E-05
 -0.1647974E+01 -0.9021758E-05
 -0.1634746E+01 -0.8962303E-05
 -0.1614298E+01 -0.8873407E-05
 -0.1586763E+01 -0.8746969E-05
 -0.1552670E+01 -0.8586146E-05
 -0.1511786E+01 -0.8398893E-05
 -0.1463977E+01 -0.8181827E-05
 -0.1409902E+01 -0.7932239E-05
 -0.1349727E+01 -0.7660402E-05
 -0.1283450E+01 -0.7359803E-05
 -0.1211639E+01 -0.7034621E-05
 -0.1134626E+01 -0.6684553E-05
 -0.1052676E+01 -0.6307371E-05
 -0.9662917E+00 -0.5909155E-05
 -0.8757898E+00 -0.5493188E-05
 -0.7814528E+00 -0.5056959E-05
 -0.6838053E+00 -0.4603245E-05
 -0.5832383E+00 -0.4135329E-05
 -0.4800989E+00 -0.3653302E-05
 -0.3748629E+00 -0.3164515E-05
 -0.2679732E+00 -0.2663771E-05
 -0.1598772E+00 -0.2160495E-05
 -0.5108022E-01 -0.1655800E-05
  0.5794351E-01 -0.1149126E-05
  0.1667730E+00 -0.6473895E-06
  0.2750596E+00 -0.1419639E-06
  0.3823383E+00  0.3521489E-06
  0.4881150E+00  0.8390984E-06
  0.5917229E+00  0.1316501E-05
  0.6925586E+00  0.1783673E-05
  0.7903095E+00  0.2235734E-05
  0.8846666E+00  0.2674167E-05
  0.9752740E+00  0.3091364E-05
  0.1061719E+01  0.3487981E-05
  0.1143554E+01  0.3863212E-05
  0.1220387E+01  0.4213532E-05
  0.1291959E+01  0.4537128E-05
  0.1358120E+01  0.4832095E-05
  0.1418286E+01  0.5097093E-05
  0.1471807E+01  0.5345410E-05
  0.1518401E+01  0.5566380E-05
  0.1557823E+01  0.5758091E-05
  0.1589929E+01  0.5929980E-05
  0.1615498E+01  0.6064072E-05
  0.1635414E+01  0.6140210E-05
  0.1650769E+01  0.6146135E-05
  0.1472919E+01  0.8205666E-05
 -0.1646441E+00  0.2468919E-04
  0.1318488E+01  0.9613344E-05
  0.1159547E+01  0.1088432E-04
  0.9897565E+00  0.1216361E-04
  0.8116598E+00  0.1353564E-04
  0.6247557E+00  0.1505298E-04
 -0.1049010E+00  0.1415954E-04
  0.1193934E+00  0.2025248E-04
 -0.7883196E-01  0.9642806E-05
  0.3344771E+00  0.1335221E-04
 -0.1073999E+00  0.1759144E-04
 -0.4178647E-01  0.4302539E-05
  0.6995047E-03 -0.1406370E-05
  0.4259593E-01 -0.7041891E-05
  0.8017562E-01 -0.1239764E-04
  0.1156330E+00 -0.1737127E-04
  0.1480804E+00 -0.2167812E-04
  0.1727091E+00 -0.2505919E-04
  0.1881574E+00 -0.2735351E-04
  0.1951833E+00 -0.2852289E-04
  0.1948436E+00 -0.2852640E-04
  0.1870155E+00 -0.2732122E-04
  0.1720306E+00 -0.2499749E-04
  0.1498334E+00 -0.2165307E-04
  0.1203873E+00 -0.1741593E-04
  0.8440325E-01 -0.1245590E-04
  0.4349637E-01 -0.7011380E-05
  0.1036575E-02 -0.1381081E-05
 -0.3954499E-01  0.4224833E-05
 -0.7947043E-01  0.9745681E-05
 -0.1166967E+00  0.1476883E-04
 -0.1438128E+00  0.1887777E-04
 -0.1550605E+00  0.2193391E-04
 -0.1426845E+00  0.2401511E-04
  0.1339393E+01  0.9064970E-05
  0.9937760E+00  0.1146725E-04
  0.3564613E+00  0.1738961E-04
  0.1048947E+01  0.1180779E-04
  0.1274277E+01  0.9852404E-05
  0.5863561E+00  0.1384659E-04
  0.1464758E+01  0.7960215E-05
  0.3911814E+00  0.1581123E-04
  0.1334058E+01  0.7242742E-05
  0.1282162E+01  0.6980516E-05
  0.1227473E+01  0.6662547E-05
  0.1168414E+01  0.6305173E-05
  0.1105102E+01  0.5906550E-05
  0.1037786E+01  0.5470229E-05
  0.9662911E+00  0.5005767E-05
  0.8906645E+00  0.4512307E-05
  0.8112860E+00  0.3994647E-05
  0.7282971E+00  0.3452076E-05
  0.6421657E+00  0.2886602E-05
  0.5535433E+00  0.2305590E-05
  0.4625947E+00  0.1706251E-05
  0.3695418E+00  0.1100135E-05
  0.2748404E+00  0.4737619E-06
  0.1789030E+00 -0.1618791E-06
  0.8206695E-01 -0.8013777E-06
 -0.1519034E-01 -0.1443237E-05
 -0.1124139E+00 -0.2085354E-05
 -0.2091493E+00 -0.2720872E-05
 -0.3049806E+00 -0.3355353E-05
 -0.3995809E+00 -0.3975172E-05
 -0.4924658E+00 -0.4586865E-05
 -0.5832404E+00 -0.5188595E-05
 -0.6715935E+00 -0.5766279E-05
 -0.7570394E+00 -0.6324758E-05
 -0.8392002E+00 -0.6863474E-05
 -0.9177937E+00 -0.7374395E-05
 -0.9923763E+00 -0.7861971E-05
 -0.1062593E+01 -0.8320709E-05
 -0.1128227E+01 -0.8749097E-05
 -0.1188882E+01 -0.9138619E-05
 -0.1244264E+01 -0.9497544E-05
 -0.1294230E+01 -0.9819687E-05
 -0.1338439E+01 -0.1010644E-04
 -0.1376628E+01 -0.1035220E-04
 -0.1408717E+01 -0.1055921E-04
 -0.1434864E+01 -0.1072496E-04
 -0.1454768E+01 -0.1084645E-04
 -0.1467814E+01 -0.1093714E-04
 -0.1474421E+01 -0.1098374E-04
 -0.1474686E+01 -0.1098599E-04
 -0.1468258E+01 -0.1094889E-04
 -0.1455312E+01 -0.1086556E-04
 -0.1436151E+01 -0.1074210E-04
 -0.1411093E+01 -0.1057271E-04
 -0.1380799E+01 -0.1035717E-04
 -0.1344158E+01 -0.1010937E-04
 -0.1300522E+01 -0.9836201E-05
 -0.1251386E+01 -0.9517527E-05
 -0.1196742E+01 -0.9168354E-05
 -0.1136326E+01 -0.8787963E-05
 -0.1071044E+01 -0.8376144E-05
 -0.1001356E+01 -0.7925106E-05
 -0.9274352E+00 -0.7450799E-05
 -0.8497211E+00 -0.6943628E-05
 -0.7684442E+00 -0.6412014E-05
 -0.6837673E+00 -0.5866035E-05
 -0.5962660E+00 -0.5288261E-05
 -0.5063257E+00 -0.4697165E-05
 -0.4139861E+00 -0.4089954E-05
 -0.3196964E+00 -0.3470745E-05
 -0.2240953E+00 -0.2842910E-05
 -0.1277100E+00 -0.2205284E-05
 -0.3089541E-01 -0.1569005E-05
  0.6608040E-01 -0.9283420E-06
  0.1629749E+00 -0.2908562E-06
  0.2595941E+00  0.3347520E-06
  0.3552520E+00  0.9600737E-06
  0.4495775E+00  0.1568369E-05
  0.5415476E+00  0.2170226E-05
  0.6305973E+00  0.2760726E-05
  0.7169502E+00  0.3336375E-05
  0.8004413E+00  0.3892029E-05
  0.8807166E+00  0.4417230E-05
  0.9572173E+00  0.4914200E-05
  0.1029464E+01  0.5385698E-05
  0.1097318E+01  0.5830742E-05
  0.1160875E+01  0.6235233E-05
  0.1220044E+01  0.6589001E-05
  0.1273342E+01  0.6915534E-05
  0.1319533E+01  0.7227637E-05
  0.1359737E+01  0.7501513E-05
  0.1394208E+01  0.7727010E-05
  0.1421485E+01  0.7927630E-05
  0.1442486E+01  0.8086337E-05
  0.1459460E+01  0.8176549E-05
  0.4797248E-01  0.7508823E-05
  0.1019639E+00  0.1395919E-04
  0.1145809E+01  0.1084906E-04
  0.9743227E+00  0.1214117E-04
  0.7642359E+00  0.1236753E-04
  0.8001770E+00  0.1344450E-04
  0.6230658E+00  0.1479620E-04
  0.1662332E-01  0.2015212E-04
  0.2320157E-01  0.3189388E-05
 -0.7062615E-03 -0.1470515E-05
  0.1305992E+01  0.9575973E-05
 -0.2527034E-01 -0.5950234E-05
 -0.5315112E-01 -0.1019478E-04
 -0.7505787E-01 -0.1429448E-04
 -0.8778236E-01 -0.1785124E-04
 -0.9889382E-01 -0.2063362E-04
 -0.1092064E+00 -0.2251115E-04
 -0.1158358E+00 -0.2351174E-04
 -0.1163825E+00 -0.2355726E-04
 -0.1115724E+00 -0.2249633E-04
 -0.1007961E+00 -0.2054949E-04
 -0.8488063E-01 -0.1780527E-04
 -0.6574956E-01 -0.1436325E-04
 -0.4506071E-01 -0.1036886E-04
 -0.2394153E-01 -0.6023062E-05
 -0.1554455E-02 -0.1593527E-05
  0.2509561E-01  0.2830901E-05
  0.4997420E-01  0.7462180E-05
  0.6964448E-01  0.1162169E-04
  0.8966795E-01  0.1490340E-04
  0.1181126E+00  0.1730242E-04
  0.6963808E-01  0.1106674E-04
  0.1441360E+01  0.7834251E-05
  0.1383357E+01  0.7395462E-05
  0.1417515E+01  0.7588203E-05
 -0.7027218E-01  0.1957600E-04
  0.9284067E+00  0.1092871E-04
  0.3412803E+00  0.1454508E-04
  0.1204312E+01  0.8513131E-05
  0.1153554E+01  0.8168658E-05
  0.9867741E+00  0.6917821E-05
  0.9259641E+00  0.6411178E-05
  0.8616957E+00  0.5872777E-05
  0.7933381E+00  0.5303772E-05
  0.7217652E+00  0.4702671E-05
  0.6468607E+00  0.4083456E-05
  0.5692970E+00  0.3435480E-05
  0.4900352E+00  0.2773240E-05
  0.4087422E+00  0.2095267E-05
  0.3250379E+00  0.1405626E-05
  0.2395363E+00  0.6883083E-06
  0.1531492E+00 -0.4094784E-07
  0.6585156E-01 -0.7761490E-06
 -0.2182973E-01 -0.1514965E-05
 -0.1091692E+00 -0.2245014E-05
 -0.1958805E+00 -0.2965647E-05
 -0.2817156E+00 -0.3689862E-05
 -0.3665215E+00 -0.4397835E-05
 -0.4496472E+00 -0.5085920E-05
 -0.5307653E+00 -0.5769341E-05
 -0.6098995E+00 -0.6428782E-05
 -0.6862732E+00 -0.7062154E-05
 -0.7594530E+00 -0.7677325E-05
 -0.8297685E+00 -0.8257483E-05
 -0.8962960E+00 -0.8811450E-05
 -0.9585779E+00 -0.9335294E-05
 -0.1017204E+01 -0.9816511E-05
 -0.1071174E+01 -0.1026438E-04
 -0.1120021E+01 -0.1067422E-04
 -0.1164541E+01 -0.1103681E-04
 -0.1203657E+01 -0.1135807E-04
 -0.1236893E+01 -0.1164490E-04
 -0.1265428E+01 -0.1187495E-04
 -0.1289711E+01 -0.1204145E-04
 -0.1306589E+01 -0.1218721E-04
 -0.1315923E+01 -0.1230931E-04
 -0.1321191E+01 -0.1235956E-04
 -0.1320897E+01 -0.1235746E-04
 -0.1313941E+01 -0.1230857E-04
 -0.1301836E+01 -0.1220556E-04
 -0.1284653E+01 -0.1204994E-04
 -0.1263323E+01 -0.1183160E-04
 -0.1240088E+01 -0.1154273E-04
 -0.1208519E+01 -0.1125810E-04
 -0.1167062E+01 -0.1096598E-04
 -0.1122202E+01 -0.1059953E-04
 -0.1071791E+01 -0.1020593E-04
 -0.1014917E+01 -0.9781170E-05
 -0.9547802E+00 -0.9304985E-05
 -0.8911330E+00 -0.8784594E-05
 -0.8238691E+00 -0.8237120E-05
 -0.7538343E+00 -0.7652106E-05
 -0.6803753E+00 -0.7043731E-05
 -0.6036117E+00 -0.6418213E-05
 -0.5249911E+00 -0.5759033E-05
 -0.4441556E+00 -0.5078864E-05
 -0.3605920E+00 -0.4386394E-05
 -0.2751628E+00 -0.3673298E-05
 -0.1890201E+00 -0.2942685E-05
 -0.1028841E+00 -0.2216442E-05
 -0.1642909E-01 -0.1489118E-05
  0.7044906E-01 -0.7635477E-06
  0.1572458E+00 -0.3987043E-07
  0.2443775E+00  0.6653579E-06
  0.3300415E+00  0.1364348E-05
  0.4148257E+00  0.2050397E-05
  0.4962583E+00  0.2735324E-05
  0.5741147E+00  0.3415535E-05
  0.6506380E+00  0.4087174E-05
  0.7254294E+00  0.4726896E-05
  0.7975347E+00  0.5330922E-05
  0.8658897E+00  0.5896435E-05
  0.9299684E+00  0.6438221E-05
  0.9908419E+00  0.6942277E-05
  0.1049336E+01  0.7385282E-05
  0.1105219E+01  0.7743259E-05
  0.1152646E+01  0.8089891E-05
  0.1189431E+01  0.8460261E-05
  0.1224011E+01  0.8780106E-05
  0.1256377E+01  0.9017369E-05
  0.1277257E+01  0.9244954E-05
  0.1291190E+01  0.9457082E-05
 -0.8519066E-01 -0.5284222E-05
 -0.4068664E-02 -0.1598145E-05
  0.1180920E+01  0.1009530E-04
  0.1601605E+00  0.1575414E-04
  0.1569470E+00  0.6333340E-05
  0.7355070E+00  0.1148471E-04
  0.1305428E+01  0.9057261E-05
  0.9570421E+00  0.1200515E-04
 -0.1006531E+01 -0.1467000E-04
 -0.1737924E+00 -0.8729037E-05
  0.1101539E+01  0.7795735E-05
  0.7886939E-01  0.2517367E-05
  0.1203362E+01  0.1059689E-04
  0.1128708E+01  0.1005460E-04
 -0.2891618E+00 -0.1552902E-04
 -0.3267141E+00 -0.1796553E-04
 -0.3582028E+00 -0.1957696E-04
 -0.3771482E+00 -0.2050020E-04
 -0.3781309E+00 -0.2061278E-04
 -0.3637483E+00 -0.1956905E-04
 -0.3323802E+00 -0.1780159E-04
 -0.2850636E+00 -0.1542735E-04
 -0.2256388E+00 -0.1248679E-04
 -0.1578480E+00 -0.9109401E-05
 -0.8565035E-01 -0.5475282E-05
 -0.1180681E-01 -0.1855331E-05
  0.7283251E-01  0.1685762E-05
  0.1578180E+00  0.6013825E-05
  0.2278828E+00  0.9708740E-05
  0.2824910E+00  0.1246859E-04
  0.2186523E+00  0.1013576E-04
  0.1130940E+01  0.1070353E-04
  0.1045535E+01  0.7388973E-05
  0.7958971E+00  0.1316961E-04
 -0.1043988E+01 -0.1384786E-04
 -0.2456211E+00 -0.1244611E-04
  0.6670973E+00  0.1406263E-04
  0.8931407E+00  0.1015349E-04
  0.1073463E+01  0.9708399E-05
  0.6104100E+00  0.1239737E-04
  0.7012053E+00  0.1295373E-04
  0.1299601E+01  0.8615761E-05
  0.1032178E+01  0.9202910E-05
  0.1414892E+00  0.2082684E-05
  0.8735952E+00  0.7821708E-05
  0.8216627E+00  0.7212654E-05
  0.6400079E+00  0.5295582E-05
  0.5733119E+00  0.4617429E-05
  0.5035269E+00  0.3898097E-05
  0.4348263E+00  0.3157228E-05
  0.3639499E+00  0.2442035E-05
  0.2883152E+00  0.1704611E-05
  0.2099325E+00  0.9014412E-06
  0.1325700E+00  0.6177686E-07
  0.5371904E-01 -0.7583213E-06
 -0.2518512E-01 -0.1591815E-05
 -0.1027559E+00 -0.2399118E-05
 -0.1796141E+00 -0.3174815E-05
 -0.2555756E+00 -0.3973025E-05
 -0.3314247E+00 -0.4750584E-05
 -0.4052469E+00 -0.5501097E-05
 -0.4765625E+00 -0.6264218E-05
 -0.5477306E+00 -0.6987438E-05
 -0.6154681E+00 -0.7675564E-05
 -0.6792037E+00 -0.8372959E-05
 -0.7427046E+00 -0.9007995E-05
 -0.8015356E+00 -0.9607496E-05
 -0.8550588E+00 -0.1020666E-04
 -0.9083359E+00 -0.1072946E-04
 -0.9558725E+00 -0.1121443E-04
 -0.9970350E+00 -0.1168943E-04
 -0.1037889E+01 -0.1208000E-04
 -0.1072114E+01 -0.1243192E-04
 -0.1099543E+01 -0.1276664E-04
 -0.1127077E+01 -0.1299918E-04
 -0.1154103E+01 -0.1311271E-04
 -0.1164837E+01 -0.1330045E-04
 -0.1164610E+01 -0.1351687E-04
 -0.1169866E+01 -0.1356735E-04
 -0.1169789E+01 -0.1355080E-04
 -0.1160554E+01 -0.1351485E-04
 -0.1151489E+01 -0.1336070E-04
 -0.1138422E+01 -0.1316643E-04
 -0.1121096E+01 -0.1288654E-04
 -0.1112173E+01 -0.1246121E-04
 -0.1087826E+01 -0.1217531E-04
 -0.1043439E+01 -0.1193119E-04
 -0.1004050E+01 -0.1149530E-04
 -0.9570010E+00 -0.1109012E-04
 -0.9001452E+00 -0.1065128E-04
 -0.8456909E+00 -0.1009032E-04
 -0.7887465E+00 -0.9518787E-05
 -0.7274702E+00 -0.8909836E-05
 -0.6659349E+00 -0.8244754E-05
 -0.5999818E+00 -0.7589559E-05
 -0.5291429E+00 -0.6909755E-05
 -0.4595762E+00 -0.6159175E-05
 -0.3883507E+00 -0.5407246E-05
 -0.3122323E+00 -0.4636595E-05
 -0.2341234E+00 -0.3824020E-05
 -0.1568134E+00 -0.2993135E-05
 -0.8143744E-01 -0.2189846E-05
 -0.5189768E-02 -0.1408878E-05
  0.7260837E-01 -0.6040899E-06
  0.1492934E+00  0.1817812E-06
  0.2287029E+00  0.9354093E-06
  0.3030165E+00  0.1698224E-05
  0.3793283E+00  0.2428692E-05
  0.4481455E+00  0.3182018E-05
  0.5121306E+00  0.3934782E-05
  0.5804673E+00  0.4724926E-05
  0.6489629E+00  0.5473070E-05
  0.7150664E+00  0.6127000E-05
  0.7761548E+00  0.6730810E-05
  0.8316345E+00  0.7350937E-05
  0.8871990E+00  0.7925305E-05
  0.9442178E+00  0.8390421E-05
  0.1001688E+01  0.8639604E-05
  0.1040034E+01  0.8978127E-05
  0.1056660E+01  0.9488445E-05
  0.1088260E+01  0.9878410E-05
  0.1130034E+01  0.1002183E-04
  0.9283217E+00  0.8368953E-05
  0.9836134E+00  0.8780837E-05
  0.1264300E+01  0.8746548E-05
 -0.6308763E+00 -0.1821642E-04
  0.4826682E+00  0.1112891E-04
  0.2693702E+00  0.5374272E-05
 -0.4181122E+00 -0.1104198E-04
  0.9158335E+00  0.1186551E-04
  0.5892016E+00  0.1257767E-04
 -0.1428443E+00 -0.4783229E-05
  0.6846688E+00  0.1053101E-04
  0.5290608E+00  0.1228637E-04
 -0.4853914E+00 -0.1382630E-04
 -0.5437903E+00 -0.1599324E-04
 -0.6330868E+00 -0.1848371E-04
 -0.6095005E+00 -0.1731974E-04
 -0.5585024E+00 -0.1564645E-04
 -0.4810819E+00 -0.1358307E-04
 -0.3829799E+00 -0.1103981E-04
 -0.2697343E+00 -0.8130658E-05
 -0.1484481E+00 -0.5021117E-05
 -0.3332919E-01 -0.2063465E-05
  0.2209570E+00  0.1852490E-04
  0.2751487E+00  0.4922837E-05
  0.3864850E+00  0.8385789E-05
  0.4617113E+00  0.1063393E-04
  0.3808162E+00  0.8400647E-05
  0.7654719E+00  0.6613392E-05
 -0.5966386E+00 -0.1732442E-04
  0.7031209E+00  0.5978256E-05
  0.1575277E+00  0.1888873E-04
  0.8147913E+00  0.9402228E-05
  0.1132269E+01  0.1033214E-04
  0.7617295E+00  0.1300226E-04
  0.7580625E+00  0.8671932E-05
 -0.8559587E+00 -0.1566189E-04
  0.1359553E+01  0.9134348E-05
  0.1798175E+00  0.1647150E-05
 -0.7648627E+00 -0.1415693E-04
  0.4404010E+00  0.4292224E-05
  0.7216277E+00  0.7905336E-05
  0.5633481E+00  0.5793906E-05
  0.5062398E+00  0.5114908E-05
  0.3297359E+00  0.2779653E-05
  0.2592850E+00  0.2120922E-05
  0.1776185E+00  0.1174214E-05
  0.1106870E+00  0.1240388E-06
  0.4162015E-01 -0.7504564E-06
 -0.2905883E-01 -0.1716176E-05
 -0.9618364E-01 -0.2541703E-05
 -0.1611245E+00 -0.3315080E-05
 -0.2270800E+00 -0.4227873E-05
 -0.2964594E+00 -0.5066817E-05
 -0.3594369E+00 -0.5811442E-05
 -0.4197209E+00 -0.6708458E-05
 -0.4869618E+00 -0.7481578E-05
 -0.5448430E+00 -0.8164857E-05
 -0.5965636E+00 -0.9005227E-05
 -0.6583245E+00 -0.9665049E-05
 -0.7084733E+00 -0.1026413E-04
 -0.7493678E+00 -0.1100712E-04
 -0.8031465E+00 -0.1153228E-04
 -0.8435879E+00 -0.1201693E-04
 -0.8719307E+00 -0.1263593E-04
 -0.9155527E+00 -0.1299298E-04
 -0.9446278E+00 -0.1334891E-04
 -0.9619444E+00 -0.1382287E-04
 -0.9977823E+00 -0.1400780E-04
 -0.1021661E+01 -0.1430412E-04
 -0.1019308E+01 -0.1465101E-04
 -0.1021177E+01 -0.1461495E-04
 -0.1002657E+01 -0.1466185E-04
 -0.1004561E+01 -0.1436783E-04
 -0.9975831E+00 -0.1411021E-04
 -0.9798505E+00 -0.1377852E-04
 -0.9319537E+00 -0.1283476E-04
 -0.8506068E+00 -0.1215896E-04
 -0.7836343E+00 -0.1152155E-04
 -0.7415456E+00 -0.1076662E-04
 -0.6951181E+00 -0.1017900E-04
 -0.6366779E+00 -0.9553714E-05
 -0.5874991E+00 -0.8760346E-05
 -0.5284808E+00 -0.8106684E-05
 -0.4506300E+00 -0.7459419E-05
 -0.3912683E+00 -0.6495964E-05
 -0.3390084E+00 -0.5698992E-05
 -0.2689146E+00 -0.4877965E-05
 -0.1943418E+00 -0.3933023E-05
 -0.1238680E+00 -0.2952627E-05
 -0.6136962E-01 -0.2115326E-05
  0.2737523E-02 -0.1341784E-05
  0.7532391E-01 -0.3902350E-06
  0.1107571E+01  0.1100648E-04
  0.3850938E+00  0.3316676E-05
  0.4376151E+00  0.4243066E-05
  0.5054470E+00  0.5282560E-05
  0.5727484E+00  0.6235996E-05
  0.6359172E+00  0.6852809E-05
  0.6892368E+00  0.7440512E-05
  0.7323790E+00  0.8170519E-05
  0.7837287E+00  0.8883390E-05
  0.8465484E+00  0.9472497E-05
  0.4774516E-01 -0.4771933E-06
  0.6758419E+00  0.7288774E-05
 -0.8470567E+00 -0.1572276E-04
  0.6316313E+00  0.8993465E-05
  0.3616541E+00  0.4383214E-05
 -0.5493469E+00 -0.1023090E-04
  0.6255814E+00  0.9341414E-05
 -0.8121213E+00 -0.1521673E-04
 -0.8194549E+00 -0.1486574E-04
  0.5521789E+00  0.1460964E-04
  0.6147202E+00  0.6595900E-05
 -0.7443067E+00 -0.1353748E-04
 -0.6411573E+00 -0.1178099E-04
 -0.5110380E+00 -0.9623917E-05
 -0.3601856E+00 -0.7148497E-05
 -0.1970886E+00 -0.4505539E-05
 -0.3984617E-01 -0.2095505E-05
  0.4479896E+00  0.1652573E-04
  0.3784180E+00  0.4242326E-05
  0.5217620E+00  0.7068215E-05
  0.4244676E+00  0.1698230E-04
 -0.1708908E+00 -0.4415152E-05
  0.3847571E+00  0.3474785E-05
 -0.2943007E-01 -0.1957654E-05
 -0.8265482E-01 -0.2538207E-05
  0.1994497E+00  0.1066947E-05
  0.6175091E-01 -0.4997719E-06
 -0.6563133E+00 -0.1228457E-04
  0.5006657E+00  0.6805031E-05
 -0.8778519E+00 -0.1519704E-04
  0.4426876E+00  0.1458769E-04
  0.2520564E+00  0.1698800E-04
  0.8929796E+00  0.1052034E-04
  0.1036540E+01  0.1086826E-04
  0.5106003E+00  0.1504747E-04
 -0.3282205E+00  0.2685554E-04
 -0.4993669E+00  0.3009994E-04
  0.1830303E+00  0.2027341E-05
  0.8093065E-01  0.7261024E-06
  0.8750748E+00  0.9585658E-05
 -0.3900410E+00 -0.8660616E-05
  0.1004522E+01  0.1038459E-04
 -0.2671340E+00 -0.7356343E-05
 -0.1748408E-01 -0.1668138E-05
 -0.9028077E+00 -0.1214792E-04
  0.1366805E+00  0.3396332E-06
 -0.8823119E+00 -0.1565686E-04
 -0.3070909E+00 -0.6243997E-05
  0.8842356E+00  0.1137895E-04
 -0.5016056E+00 -0.8874246E-05
  0.3132077E+00  0.3473815E-05
 -0.8686528E+00 -0.1520989E-04
  0.4671595E+00  0.5938937E-05
 -0.8130710E+00 -0.1403987E-04
 -0.6283119E+00 -0.1115717E-04
  0.6102953E+00  0.8258637E-05
  0.5844588E+00  0.7798213E-05
 -0.7213408E+00 -0.1252940E-04
 -0.5994743E+00 -0.1058764E-04
 -0.4530491E+00 -0.8292020E-05
 -0.2886148E+00 -0.5734818E-05
 -0.1164567E+00 -0.3059851E-05
  0.5105472E-01 -0.2561181E-06
  0.2937776E+00  0.2980057E-05
  0.9325305E+00  0.9523491E-05
 -0.9946397E+00 -0.1312988E-04
 -0.2406587E+00 -0.4978965E-05
  0.2543932E+00  0.2226344E-05
  0.4352458E+00  0.5894656E-05
 -0.7242315E+00 -0.1318966E-04
 -0.1187905E+01  0.5399985E-04
 -0.1349442E+01  0.4558078E-04
 -0.1572346E+01  0.4281375E-04
 -0.1796948E+01  0.4134792E-04
 -0.2016745E+01  0.4036675E-04
 -0.2231023E+01  0.3960164E-04
 -0.2439856E+01  0.3894366E-04
 -0.2643561E+01  0.3834682E-04
 -0.2842299E+01  0.3778742E-04
 -0.3036127E+01  0.3725041E-04
 -0.3225009E+01  0.3672625E-04
 -0.3408910E+01  0.3620943E-04
 -0.3587820E+01  0.3569338E-04
 -0.3761967E+01  0.3517775E-04
 -0.3932228E+01  0.3466633E-04
 -0.4100587E+01  0.3417100E-04
 -0.4271613E+01  0.3371704E-04
 -0.4454964E+01  0.3336538E-04
 -0.4671906E+01  0.3324617E-04
 -0.4973344E+01  0.3367673E-04
 -0.4755960E+01  0.3219729E-04
 -0.4330721E+01  0.2931006E-04
 -0.3716206E+01  0.2514314E-04
 -0.2939245E+01  0.1987740E-04
 -0.2033792E+01  0.1374303E-04
 -0.1039391E+01  0.7007787E-05
  0.3845572E-03 -0.3278009E-07
  0.1040011E+01 -0.7070583E-05
  0.2034181E+01 -0.1379922E-04
  0.2939500E+01 -0.1992409E-04
  0.3716380E+01 -0.2517873E-04
  0.4330851E+01 -0.2933228E-04
  0.4756056E+01 -0.3220309E-04
  0.4973401E+01 -0.3366655E-04
  0.4973383E+01 -0.3365884E-04
  0.4756010E+01 -0.3217918E-04
  0.4330773E+01 -0.2929255E-04
  0.3716266E+01 -0.2512535E-04
  0.2939336E+01 -0.1985999E-04
  0.2033941E+01 -0.1372609E-04
  0.1039660E+01 -0.6991726E-05
 -0.6127037E-04  0.4842472E-07
 -0.1039779E+01  0.7086864E-05
 -0.2034046E+01  0.1381571E-04
 -0.2939406E+01  0.1994126E-04
 -0.3716297E+01  0.2519586E-04
 -0.4330771E+01  0.2934991E-04
 -0.4755966E+01  0.3222101E-04
 -0.4973331E+01  0.3368462E-04
 -0.4671858E+01  0.3325396E-04
 -0.4454911E+01  0.3337269E-04
 -0.4271583E+01  0.3372470E-04
 -0.4100537E+01  0.3417789E-04
 -0.3932200E+01  0.3467482E-04
 -0.3761960E+01  0.3518588E-04
 -0.3587754E+01  0.3570087E-04
 -0.3408847E+01  0.3621644E-04
 -0.3224947E+01  0.3673425E-04
 -0.3036053E+01  0.3725855E-04
 -0.2842246E+01  0.3779572E-04
 -0.2643517E+01  0.3835641E-04
 -0.2439816E+01  0.3895304E-04
 -0.2231010E+01  0.3961210E-04
 -0.2016743E+01  0.4037643E-04
 -0.1796933E+01  0.4135904E-04
 -0.1572325E+01  0.4282733E-04
 -0.1349276E+01  0.4559363E-04
 -0.1186333E+01  0.5398149E-04
 -0.1134389E+01  0.5163629E-04
 -0.1033541E+01  0.4702447E-04
 -0.8872362E+00  0.4033155E-04
 -0.7017941E+00  0.3185933E-04
 -0.4855959E+00  0.2198160E-04
 -0.2482608E+00  0.1112833E-04
 -0.1353485E-03 -0.2308124E-06
  0.2479516E+00 -0.1159320E-04
  0.4852192E+00 -0.2245937E-04
  0.7012677E+00 -0.3235689E-04
  0.8866692E+00 -0.4085216E-04
  0.1033253E+01 -0.4757700E-04
  0.1134661E+01 -0.5223707E-04
  0.1186512E+01 -0.5462545E-04
  0.1186549E+01 -0.5463684E-04
  0.1134709E+01 -0.5227111E-04
  0.1033205E+01 -0.4763571E-04
  0.8864738E+00 -0.4093205E-04
  0.7010139E+00 -0.3245178E-04
  0.4849449E+00 -0.2256575E-04
  0.2477454E+00 -0.1170332E-04
 -0.3843130E-03 -0.3423640E-06
 -0.2485836E+00  0.1101645E-04
 -0.4860670E+00  0.2187643E-04
 -0.7022362E+00  0.3175989E-04
 -0.8864723E+00  0.4019750E-04
 -0.1027620E+01  0.4673617E-04
 -0.1131891E+01  0.5149510E-04
 -0.1718320E+01  0.3953224E-04
 -0.1928545E+01  0.3859559E-04
 -0.2133427E+01  0.3786312E-04
 -0.2333149E+01  0.3723539E-04
 -0.2527949E+01  0.3666410E-04
 -0.2717996E+01  0.3612882E-04
 -0.2903356E+01  0.3561511E-04
 -0.3083979E+01  0.3511343E-04
 -0.3259815E+01  0.3461822E-04
 -0.3430868E+01  0.3412466E-04
 -0.3597397E+01  0.3363227E-04
 -0.3760201E+01  0.3314352E-04
 -0.3921215E+01  0.3266974E-04
 -0.4084816E+01  0.3223509E-04
 -0.4260175E+01  0.3189842E-04
 -0.4467679E+01  0.3178486E-04
 -0.4068116E+01  0.2893519E-04
 -0.3490754E+01  0.2482104E-04
 -0.2760599E+01  0.1962130E-04
 -0.1909222E+01  0.1356003E-04
 -0.9742866E+00  0.6905359E-05
  0.2596038E-02 -0.4593462E-07
  0.9785194E+00 -0.6987888E-05
  0.1911737E+01 -0.1362458E-04
  0.2761750E+01 -0.1966799E-04
  0.3491358E+01 -0.2485363E-04
  0.4068504E+01 -0.2895295E-04
  0.4467884E+01 -0.3178745E-04
  0.4672020E+01 -0.3323191E-04
  0.4671977E+01 -0.3322384E-04
  0.4467750E+01 -0.3176225E-04
  0.4068262E+01 -0.2891301E-04
  0.3490975E+01 -0.2479940E-04
  0.2761112E+01 -0.1960125E-04
  0.1910580E+01 -0.1354602E-04
  0.9765421E+00 -0.6898486E-05
 -0.1668797E-03  0.5105211E-07
 -0.9768645E+00  0.6998913E-05
 -0.1910859E+01  0.1364138E-04
 -0.2761327E+01  0.1968796E-04
 -0.3491103E+01  0.2487490E-04
 -0.4068306E+01  0.2897475E-04
 -0.4467706E+01  0.3180939E-04
 -0.4260254E+01  0.3192332E-04
 -0.4084943E+01  0.3226019E-04
 -0.3921417E+01  0.3269420E-04
 -0.3760403E+01  0.3316869E-04
 -0.3597594E+01  0.3365779E-04
 -0.3430981E+01  0.3415101E-04
 -0.3259847E+01  0.3464453E-04
 -0.3083987E+01  0.3513960E-04
 -0.2903363E+01  0.3564223E-04
 -0.2718034E+01  0.3615669E-04
 -0.2527986E+01  0.3669262E-04
 -0.2333194E+01  0.3726422E-04
 -0.2133510E+01  0.3789479E-04
 -0.1928602E+01  0.3862719E-04
 -0.1718403E+01  0.3956756E-04
 -0.1503548E+01  0.4096999E-04
 -0.1290103E+01  0.4361001E-04
 -0.1174715E+01  0.3972187E-04
 -0.1008033E+01  0.3409856E-04
 -0.7973135E+00  0.2698500E-04
 -0.5517359E+00  0.1869447E-04
 -0.2820810E+00  0.9586691E-05
 -0.1604496E-03  0.5731256E-07
  0.2817342E+00 -0.9475259E-05
  0.5513023E+00 -0.1859308E-04
  0.7967874E+00 -0.2689824E-04
  0.1007454E+01 -0.3402817E-04
  0.1174074E+01 -0.3967129E-04
  0.1289351E+01 -0.4358184E-04
  0.1348288E+01 -0.4558662E-04
  0.1348306E+01 -0.4559627E-04
  0.1289375E+01 -0.4361301E-04
  0.1174066E+01 -0.3972331E-04
  0.1007403E+01 -0.3409840E-04
  0.7967365E+00 -0.2698185E-04
  0.5512493E+00 -0.1868642E-04
  0.2816682E+00 -0.9572876E-05
 -0.2490414E-03 -0.4187621E-07
 -0.2822248E+00  0.9489811E-05
 -0.5519589E+00  0.1860608E-04
 -0.7975507E+00  0.2690599E-04
 -0.1008087E+01  0.3402245E-04
 -0.1174286E+01  0.3964406E-04
 -0.1289912E+01  0.4355836E-04
 -0.1503464E+01  0.4093010E-04
 -0.1756039E+01  0.3514304E-04
 -0.2301790E+01  0.3338265E-04
 -0.2474840E+01  0.3289371E-04
 -0.2643596E+01  0.3242532E-04
 -0.2808027E+01  0.3196792E-04
 -0.2968065E+01  0.3151567E-04
 -0.3123574E+01  0.3106540E-04
 -0.3274920E+01  0.3061614E-04
 -0.3423014E+01  0.3016951E-04
 -0.3569874E+01  0.2973807E-04
 -0.3719136E+01  0.2934432E-04
 -0.3879048E+01  0.2903859E-04
 -0.3327979E+01  0.2490689E-04
 -0.1816186E+01  0.1357828E-04
 -0.2630363E+01  0.1967924E-04
 -0.9234588E+00  0.6890650E-05
  0.8085783E-02 -0.8535341E-07
  0.9370983E+00 -0.7038628E-05
  0.1825069E+01 -0.1368288E-04
  0.2634475E+01 -0.1973899E-04
  0.3329653E+01 -0.2493964E-04
  0.3879788E+01 -0.2905227E-04
  0.4260550E+01 -0.3189547E-04
  0.4455172E+01 -0.3334490E-04
  0.4455092E+01 -0.3333654E-04
  0.4260343E+01 -0.3187096E-04
  0.3879376E+01 -0.2901058E-04
  0.3328868E+01 -0.2488249E-04
  0.2632872E+01 -0.1966661E-04
  0.1821813E+01 -0.1359002E-04
  0.9311324E+00 -0.6919031E-05
 -0.2291813E-03  0.5455542E-07
 -0.9315712E+00  0.7026539E-05
 -0.1822181E+01  0.1369206E-04
 -0.2633149E+01  0.1975991E-04
 -0.3329035E+01  0.2496433E-04
 -0.3879416E+01  0.2907898E-04
 -0.3719778E+01  0.2938610E-04
 -0.3424240E+01  0.3021429E-04
 -0.3570855E+01  0.2978188E-04
 -0.3275937E+01  0.3066035E-04
 -0.3124218E+01  0.3110977E-04
 -0.2968368E+01  0.3155959E-04
 -0.2808219E+01  0.3201189E-04
 -0.2643743E+01  0.3246942E-04
 -0.2474976E+01  0.3293912E-04
 -0.2301924E+01  0.3342958E-04
 -0.2124558E+01  0.3395088E-04
 -0.1942737E+01  0.3452666E-04
 -0.1756163E+01  0.3519484E-04
 -0.1564771E+01  0.3605088E-04
 -0.1369102E+01  0.3732463E-04
 -0.1174859E+01  0.3205292E-04
 -0.6430553E+00  0.1760912E-04
 -0.9292654E+00  0.2538366E-04
 -0.3287714E+00  0.9068713E-05
 -0.1567461E-03  0.1341018E-06
  0.3284329E+00 -0.8802796E-05
  0.6426530E+00 -0.1735173E-04
  0.9288011E+00 -0.2513931E-04
  0.1174334E+01 -0.3182528E-04
  0.1368569E+01 -0.3711501E-04
  0.1502965E+01 -0.4078089E-04
  0.1571660E+01 -0.4266083E-04
  0.1571666E+01 -0.4266979E-04
  0.1502984E+01 -0.4081078E-04
  0.1368599E+01 -0.3716572E-04
  0.1174396E+01 -0.3189175E-04
  0.9288416E+00 -0.2521996E-04
  0.6427210E+00 -0.1744163E-04
  0.3284810E+00 -0.8897789E-05
 -0.1259056E-03  0.3747675E-07
 -0.3287612E+00  0.8974023E-05
 -0.6430486E+00  0.1752115E-04
 -0.9292282E+00  0.2530369E-04
 -0.1174757E+01  0.3198095E-04
 -0.1368928E+01  0.3726477E-04
 -0.1942572E+01  0.3447551E-04
 -0.2124418E+01  0.3390287E-04
 -0.1564617E+01  0.3599544E-04
 -0.2268239E+01  0.2782119E-04
 -0.2123443E+01  0.2822443E-04
 -0.2546111E+01  0.2703905E-04
 -0.2678705E+01  0.2664669E-04
 -0.2807451E+01  0.2625000E-04
 -0.2933887E+01  0.2585970E-04
 -0.3060223E+01  0.2549154E-04
 -0.3189605E+01  0.2516181E-04
  0.1426455E-01 -0.1341002E-06
  0.9034079E+00 -0.7145791E-05
 -0.1735734E+01  0.1368061E-04
 -0.8792021E+00  0.6916842E-05
 -0.2518094E+01  0.1985945E-04
  0.1752843E+01 -0.1384183E-04
  0.2527435E+01 -0.1994898E-04
  0.3193249E+01 -0.2519853E-04
  0.3720392E+01 -0.2935245E-04
  0.4085379E+01 -0.3222593E-04
  0.4271953E+01 -0.3369019E-04
  0.4271846E+01 -0.3368150E-04
  0.4085081E+01 -0.3219996E-04
  0.3719772E+01 -0.2931037E-04
  0.3191903E+01 -0.2513888E-04
  0.2524527E+01 -0.1986826E-04
  0.1746820E+01 -0.1372849E-04
  0.8927994E+00 -0.6988133E-05
 -0.2317215E-03  0.5837387E-07
 -0.8932405E+00  0.7103108E-05
 -0.1747202E+01  0.1383798E-04
 -0.2524791E+01  0.1996927E-04
 -0.3192055E+01  0.2522862E-04
 -0.2680866E+01  0.2670990E-04
 -0.2547109E+01  0.2709673E-04
 -0.2938395E+01  0.2594014E-04
 -0.2811110E+01  0.2632339E-04
 -0.3064235E+01  0.2556795E-04
 -0.2409656E+01  0.2748561E-04
 -0.2268510E+01  0.2788012E-04
 -0.2123696E+01  0.2828419E-04
 -0.1975211E+01  0.2870668E-04
 -0.1823032E+01  0.2915632E-04
 -0.1667036E+01  0.2965212E-04
 -0.1506977E+01  0.3022637E-04
 -0.1342756E+01  0.3096208E-04
 -0.1245841E-03  0.1564859E-06
  0.3754388E+00 -0.8468641E-05
 -0.7349228E+00  0.1702192E-04
 -0.3757154E+00  0.8778415E-05
 -0.1062045E+01  0.2452498E-04
  0.7345893E+00 -0.1671897E-04
  0.1061630E+01 -0.2423482E-04
  0.1342279E+01 -0.3068644E-04
  0.1564258E+01 -0.3579262E-04
  0.1717888E+01 -0.3932941E-04
  0.1796409E+01 -0.4114292E-04
  0.1796433E+01 -0.4115333E-04
  0.1717941E+01 -0.3935972E-04
  0.1564352E+01 -0.3584145E-04
  0.1342390E+01 -0.3075182E-04
  0.1061762E+01 -0.2431302E-04
  0.7347231E+00 -0.1680750E-04
  0.3755663E+00 -0.8562432E-05
 -0.1676718E-04  0.6121150E-07
 -0.3756083E+00  0.8685104E-05
 -0.7348028E+00  0.1693363E-04
 -0.1061898E+01  0.2444563E-04
 -0.1342587E+01  0.3089294E-04
 -0.1666833E+01  0.2958661E-04
 -0.1822816E+01  0.2909329E-04
 -0.2409169E+01  0.2742775E-04
 -0.1506802E+01  0.3016139E-04
 -0.1974978E+01  0.2864442E-04
 -0.2013616E+01  0.2138987E-04
 -0.2117451E+01  0.2106873E-04
 -0.2414189E+01  0.2010674E-04
  0.1683521E+01 -0.1402530E-04
  0.2426865E+01 -0.2021116E-04
  0.8675709E+00 -0.7238288E-05
  0.1317068E-01 -0.1279705E-06
 -0.1664072E+01  0.1385092E-04
 -0.8440140E+00  0.7013570E-05
 -0.1679548E+01  0.2239613E-04
  0.3571717E+01 -0.2974026E-04
  0.3921963E+01 -0.3265165E-04
  0.4101011E+01 -0.3413618E-04
  0.4100906E+01 -0.3412673E-04
  0.3921586E+01 -0.3262565E-04
  0.3570909E+01 -0.2969754E-04
  0.3064141E+01 -0.2547064E-04
  0.2423479E+01 -0.2012935E-04
  0.1676914E+01 -0.1390781E-04
  0.8570912E+00 -0.7077890E-05
 -0.1702067E-03  0.6217238E-07
 -0.8574254E+00  0.7200835E-05
 -0.1677197E+01  0.1402563E-04
 -0.2423669E+01  0.2023863E-04
 -0.1905728E+01  0.2175992E-04
 -0.1794076E+01  0.2207388E-04
 -0.2014474E+01  0.2145101E-04
 -0.2120323E+01  0.2114410E-04
 -0.2324107E+01  0.2053393E-04
 -0.2223394E+01  0.2083784E-04
  0.1506527E+01 -0.2994722E-04
 -0.1562146E+01  0.2273256E-04
 -0.1441813E+01  0.2309196E-04
 -0.1318474E+01  0.2348651E-04
 -0.1191919E+01  0.2394384E-04
  0.8245089E+00 -0.1631528E-04
  0.1191562E+01 -0.2365036E-04
  0.4214337E+00 -0.8262658E-05
 -0.7257359E-04  0.1555110E-06
 -0.8247716E+00  0.1661845E-04
 -0.4216080E+00  0.8571926E-05
  0.1755668E+01 -0.3493211E-04
  0.1928079E+01 -0.3838448E-04
  0.2016213E+01 -0.4015483E-04
  0.2016240E+01 -0.4016460E-04
  0.1928139E+01 -0.3841461E-04
  0.1755781E+01 -0.3497993E-04
  0.1506668E+01 -0.3001332E-04
  0.1191725E+01 -0.2372929E-04
  0.8246927E+00 -0.1640320E-04
  0.4216199E+00 -0.8355109E-05
  0.1101118E-03  0.6177438E-07
 -0.4214445E+00  0.8480127E-05
 -0.8245835E+00  0.1653150E-04
 -0.1191719E+01  0.2386472E-04
 -0.1561963E+01  0.2266030E-04
 -0.1905855E+01  0.2170174E-04
 -0.1441593E+01  0.2301656E-04
  0.3065791E+01 -0.2553015E-04
 -0.1318262E+01  0.2340993E-04
 -0.1679467E+01  0.2232738E-04
 -0.2315231E+01  0.2040527E-04
 -0.2217517E+01  0.2073599E-04
 -0.1794171E+01  0.2201036E-04
 -0.1396705E+01  0.1483736E-04
 -0.1468054E+01  0.1460401E-04
 -0.8158817E+00  0.7176452E-05
  0.1610754E+01 -0.1418863E-04
  0.2326018E+01 -0.2048325E-04
 -0.1599231E+01  0.1408762E-04
  0.8251938E+00 -0.7278612E-05
  0.4252115E-02 -0.5184091E-07
 -0.9975988E+00  0.1602181E-04
  0.3425159E+01 -0.3016357E-04
 -0.1393808E+01  0.1486934E-04
  0.3932733E+01 -0.3462375E-04
  0.3760994E+01 -0.3311755E-04
  0.3760657E+01 -0.3309112E-04
  0.3424363E+01 -0.3012097E-04
  0.2938387E+01 -0.2583257E-04
  0.2324042E+01 -0.2041495E-04
  0.1608130E+01 -0.1410453E-04
  0.8219859E+00 -0.7176548E-05
 -0.6343443E-04  0.6625164E-07
 -0.8221174E+00  0.7307557E-05
 -0.1608244E+01  0.1423076E-04
 -0.1538504E+01  0.1444243E-04
  0.1666560E+01 -0.2939017E-04
 -0.1241240E+01  0.1530548E-04
 -0.1318511E+01  0.1508559E-04
 -0.1467120E+01  0.1465553E-04
  0.2132885E+01 -0.3766743E-04
 -0.9123044E+00  0.1629936E-04
  0.4663064E+00 -0.8113492E-05
 -0.1080807E+01  0.1576926E-04
 -0.4662990E+00  0.8404157E-05
  0.2230390E+01 -0.3940407E-04
  0.1318168E+01 -0.2321133E-04
  0.9121714E+00 -0.1601456E-04
  0.3409146E-04  0.1463208E-06
  0.1942162E+01 -0.3428006E-04
  0.2230415E+01 -0.3941450E-04
  0.2132965E+01 -0.3769739E-04
  0.1942300E+01 -0.3432862E-04
  0.1666757E+01 -0.2945468E-04
  0.1318377E+01 -0.2328858E-04
  0.9123782E+00 -0.1610075E-04
  0.4664917E+00 -0.8204876E-05
  0.2040927E-03  0.5344373E-07
 -0.4661252E+00  0.8313691E-05
 -0.9121078E+00  0.1621420E-04
 -0.1162592E+01  0.1546307E-04
 -0.1321095E+01  0.1504609E-04
  0.2939637E+01 -0.2588850E-04
 -0.9974605E+00  0.1593943E-04
 -0.1535139E+01  0.1434837E-04
 -0.1242771E+01  0.1525075E-04
 -0.1080859E+01  0.1569104E-04
  0.3932609E+01 -0.3461344E-04
 -0.1162005E+01  0.1553227E-04
 -0.7563766E+00  0.7518560E-05
 -0.4603894E-02  0.3315266E-07
  0.2222938E+01 -0.2075740E-04
 -0.7122744E+00  0.7641197E-05
  0.3762348E+01 -0.3511539E-04
  0.3276660E+01 -0.3059706E-04
 -0.5098227E+00  0.8255893E-05
  0.2811221E+01 -0.2620589E-04
 -0.7498299E+00  0.7529157E-05
 -0.5937339E+00  0.7992502E-05
  0.3598177E+01 -0.3359669E-04
  0.3276121E+01 -0.3055640E-04
  0.1538599E+01 -0.1430658E-04
  0.7865075E+00 -0.7277617E-05
  0.6160983E-04  0.7080585E-07
 -0.7863951E+00  0.7417586E-05
  0.2439177E+01 -0.3877568E-04
 -0.6342230E+00  0.7871407E-05
  0.9976828E+00 -0.1576096E-04
  0.1822633E+01 -0.2891536E-04
 -0.6737402E+00  0.7754908E-05
  0.2124119E+01 -0.3377298E-04
  0.2439151E+01 -0.3876498E-04
  0.2123982E+01 -0.3372533E-04
  0.2332625E+01 -0.3708679E-04
  0.5100845E+00 -0.7990195E-05
  0.1441650E+01 -0.2283928E-04
 -0.5522844E+00  0.8119952E-05
  0.2223482E+01 -0.2070893E-04
  0.3597845E+01 -0.3356993E-04
  0.1822790E+01 -0.2897967E-04
  0.1441794E+01 -0.2291507E-04
  0.9977709E+00 -0.1584491E-04
  0.5100910E+00 -0.8078114E-05
  0.1304487E-03  0.4523528E-07
 -0.5098141E+00  0.8169258E-05
 -0.5527510E+00  0.8041671E-05
 -0.6791512E+00  0.7737017E-05
 -0.6374410E+00  0.7829501E-05
 -0.7196338E+00  0.7642122E-05
  0.3762474E+01 -0.3512464E-04
  0.2332527E+01 -0.3705714E-04
 -0.7879884E+00  0.7356459E-05
  0.1536093E+01 -0.1434735E-04
 -0.5952272E+00  0.7929070E-05
  0.1671845E-03  0.1337348E-06
  0.2811533E+01 -0.2625417E-04
  0.3588036E+01 -0.3561935E-04
  0.1562055E+01 -0.2257681E-04
  0.1974972E+01 -0.2855017E-04
  0.1080790E+01 -0.1561095E-04
  0.2681041E+01 -0.2658054E-04
  0.2642909E+01 -0.3819995E-04
  0.3986355E-03  0.1080293E-06
  0.3431432E+01 -0.3407799E-04
  0.3124368E+01 -0.3099442E-04
 -0.8708428E-02  0.8201816E-07
  0.1467435E+01 -0.1450945E-04
  0.7502019E+00 -0.7379022E-05
  0.1974928E+01 -0.2848943E-04
  0.4296215E-03  0.9753913E-07
  0.2301518E+01 -0.3327269E-04
  0.2301418E+01 -0.3322577E-04
  0.1081112E+01 -0.1553374E-04
  0.2527457E+01 -0.3653620E-04
  0.4040352E-03  0.8871606E-07
  0.2527375E+01 -0.3650719E-04
  0.5528014E+00 -0.7880618E-05
  0.7427933E+00 -0.7384203E-05
  0.1953148E-03  0.7576485E-07
  0.2642891E+01 -0.3819044E-04
  0.1562163E+01 -0.2250462E-04
  0.3048659E-03  0.1202730E-06
  0.5521740E+00 -0.7958450E-05
 -0.4187893E-03  0.4273651E-07
  0.3588141E+01 -0.3562867E-04
 -0.3720822E-02  0.6269288E-07
 -0.8405600E-02  0.9080706E-07
 -0.6197589E-02  0.7907587E-07
  0.2118326E+01 -0.2104033E-04
  0.3220609E-03  0.8164382E-07
  0.2680648E+01 -0.2662477E-04
  0.3124619E+01 -0.3103399E-04
  0.2120551E+01 -0.2100425E-04
 -0.1650376E-02  0.4822905E-07
  0.1462555E+01 -0.1453023E-04
  0.3431163E+01 -0.3405143E-04
  0.5925369E+00 -0.7838099E-05
  0.2474601E+01 -0.3275814E-04
  0.1389367E+01 -0.1473236E-04
  0.2547287E+01 -0.2695426E-04
  0.6350168E+00 -0.7677747E-05
  0.2014802E+01 -0.2129875E-04
  0.2968495E+01 -0.3147081E-04
  0.2546522E+01 -0.2699870E-04
  0.1394309E+01 -0.1471105E-04
  0.7128764E+00 -0.7479045E-05
  0.2123557E+01 -0.2808941E-04
  0.1679107E+01 -0.2225506E-04
  0.2717542E+01 -0.3599230E-04
  0.2474622E+01 -0.3280260E-04
  0.3409014E+01 -0.3613122E-04
  0.1162498E+01 -0.1532036E-04
  0.2717615E+01 -0.3602069E-04
  0.1679735E+01 -0.2219087E-04
  0.5944539E+00 -0.7777695E-05
  0.3259900E+01 -0.3453184E-04
  0.7055395E+00 -0.7482731E-05
  0.2841753E+01 -0.3765080E-04
  0.2012259E+01 -0.2133542E-04
  0.2123369E+01 -0.2814696E-04
  0.2968446E+01 -0.3143058E-04
  0.3408920E+01 -0.3612187E-04
  0.6744888E+00 -0.7578633E-05
  0.2841777E+01 -0.3766075E-04
  0.6687707E+00 -0.7596915E-05
  0.3260067E+01 -0.3455969E-04
  0.1161233E+01 -0.1538470E-04
  0.6312484E+00 -0.7716391E-05
  0.2643529E+01 -0.3230738E-04
  0.2268024E+01 -0.2775702E-04
  0.1239258E+01 -0.1516266E-04
  0.3083868E+01 -0.3501190E-04
  0.1906075E+01 -0.2159258E-04
  0.2808109E+01 -0.3190840E-04
  0.7822482E+00 -0.7313951E-05
  0.1793015E+01 -0.2194286E-04
  0.2903056E+01 -0.3549638E-04
  0.2643489E+01 -0.3235106E-04
  0.1319098E+01 -0.1491224E-04
  0.1315131E+01 -0.1494437E-04
  0.3083958E+01 -0.3503923E-04
  0.2903129E+01 -0.3552447E-04
  0.1241830E+01 -0.1511461E-04
  0.2409774E+01 -0.2732821E-04
  0.3035760E+01 -0.3713190E-04
  0.3224900E+01 -0.3663489E-04
  0.2268517E+01 -0.2770496E-04
  0.1794380E+01 -0.2188898E-04
  0.3035794E+01 -0.3714170E-04
  0.3224838E+01 -0.3662413E-04
  0.2808156E+01 -0.3186724E-04
  0.1903989E+01 -0.2163669E-04
  0.2409028E+01 -0.2737531E-04
 -0.1351007E+01  0.2933134E-04
 -0.1505616E+01  0.2836258E-04
 -0.1175180E+01  0.2796524E-04
 -0.1316113E+01  0.2861139E-04
 -0.1302445E+01  0.2850693E-04
 -0.1273714E+01  0.2790847E-04
 -0.1236091E+01  0.2712814E-04
 -0.1192807E+01  0.2623757E-04
 -0.1144171E+01  0.2524051E-04
 -0.1090493E+01  0.2413633E-04
 -0.1032022E+01  0.2293895E-04
 -0.9690360E+00  0.2164981E-04
 -0.9017950E+00  0.2026758E-04
 -0.8306162E+00  0.1880875E-04
 -0.7558240E+00  0.1727633E-04
 -0.6777270E+00  0.1567757E-04
 -0.5966640E+00  0.1401970E-04
 -0.5130090E+00  0.1230496E-04
 -0.4271046E+00  0.1054769E-04
 -0.3393274E+00  0.8745651E-05
 -0.2500590E+00  0.6918370E-05
 -0.1597171E+00  0.5067163E-05
 -0.6882286E-01  0.3208863E-05
  0.6682130E-01  0.4008868E-06
 -0.1334615E+01  0.2895622E-04
  0.3318705E+00 -0.4997157E-05
 -0.1409868E+01  0.2657247E-04
  0.5838098E+00 -0.1012630E-04
 -0.1264660E+01  0.2753870E-04
  0.8128854E+00 -0.1478362E-04
 -0.1258209E+01  0.2380990E-04
  0.1010079E+01 -0.1879413E-04
 -0.1144535E+01  0.2510861E-04
  0.1167691E+01 -0.2199481E-04
 -0.1057770E+01  0.2019446E-04
  0.1279389E+01 -0.2425865E-04
 -0.9797652E+00  0.2175835E-04
  0.1340755E+01 -0.2550673E-04
 -0.8160197E+00  0.1585544E-04
  0.1349587E+01 -0.2568037E-04
 -0.7768357E+00  0.1763104E-04
  0.1305533E+01 -0.2477508E-04
 -0.5422553E+00  0.1097318E-04
  0.1210162E+01 -0.2282438E-04
 -0.5433815E+00  0.1287820E-04
  0.1067303E+01 -0.1991290E-04
 -0.2472063E+00  0.5742111E-05
  0.8825750E+00 -0.1615002E-04
 -0.2885398E+00  0.7694917E-05
  0.6632560E+00 -0.1168272E-04
  0.5751937E-01  0.3571014E-06
  0.4179109E+00 -0.6682388E-05
 -0.2240607E-01  0.2276198E-05
  0.1561563E+00 -0.1355670E-05
  0.3599995E+00 -0.4962620E-05
 -0.1117154E+00  0.4095205E-05
  0.2446172E+00 -0.3157298E-05
 -0.3752199E+00  0.9458759E-05
  0.6483549E+00 -0.1001407E-04
 -0.6239773E+00  0.1452014E-04
  0.5020358E+00 -0.8399152E-05
 -0.8482128E+00  0.1908366E-04
  0.9113075E+00 -0.1459830E-04
 -0.1039216E+01  0.2297075E-04
  0.7397512E+00 -0.1323814E-04
 -0.1189759E+01  0.2602410E-04
  0.1138554E+01 -0.1853426E-04
 -0.1293711E+01  0.2812960E-04
  0.9484478E+00 -0.1749025E-04
 -0.1346078E+01  0.2919584E-04
 -0.1351624E+01  0.2932149E-04
 -0.6834310E-02  0.2587708E-05
  0.1321170E+01 -0.2167260E-04
  0.3644614E+00 -0.7089017E-05
  0.1119967E+01 -0.2098466E-04
  0.5890028E+00 -0.1208160E-04
  0.1451954E+01 -0.2388265E-04
  0.7904424E+00 -0.1653182E-04
  0.1247535E+01 -0.2358828E-04
  0.9609010E+00 -0.2026878E-04
  0.1525706E+01 -0.2507732E-04
  0.1093671E+01 -0.2313862E-04
  0.1326160E+01 -0.2519587E-04
  0.1183371E+01 -0.2503916E-04
  0.1539524E+01 -0.2521477E-04
  0.1226606E+01 -0.2587927E-04
  0.1352671E+01 -0.2574292E-04
  0.1221822E+01 -0.2564623E-04
  0.1492992E+01 -0.2428687E-04
  0.1169104E+01 -0.2433778E-04
  0.1326157E+01 -0.2521013E-04
  0.1070470E+01 -0.2200538E-04
  0.1387859E+01 -0.2233088E-04
  0.9298306E+00 -0.1874118E-04
  0.1247674E+01 -0.2361301E-04
  0.7527347E+00 -0.1467800E-04
  0.1228107E+01 -0.1941600E-04
  0.5460941E+00 -0.9966643E-05
  0.1120084E+01 -0.2102611E-04
  0.3180139E+00 -0.4801820E-05
  0.1020129E+01 -0.1566863E-04
  0.7742723E-01  0.6192764E-06
  0.9484797E+00 -0.1753908E-04
 -0.1661975E+00  0.6083418E-05
  0.7722151E+00 -0.1123204E-04
 -0.4032977E+00  0.1137928E-04
  0.7397113E+00 -0.1329781E-04
 -0.6245237E+00  0.1629179E-04
  0.4940787E+00 -0.6285149E-05
 -0.8211842E+00  0.2064081E-04
  0.5019555E+00 -0.8458532E-05
 -0.9856863E+00  0.2424040E-04
  0.1965509E+00 -0.1007547E-05
 -0.1111781E+01  0.2695572E-04
  0.2445141E+00 -0.3219976E-05
 -0.1194211E+01  0.2868120E-04
 -0.1333070E+01  0.2896009E-04
  0.1256011E+00 -0.1751314E-05
 -0.1344821E+01  0.2920873E-04
  0.0000000E+00  0.0000000E+00
  0.0000000E+00  0.0000000E+00
  0.0000000E+00  0.0000000E+00
  0.0000000E+00  0.0000000E+00
  0.0000000E+00  0.0000000E+00
  0.0000000E+00  0.0000000E+00
  0.0000000E+00  0.0000000E+00
  0.0000000E+00  0.0000000E+00
  0.0000000E+00  0.0000000E+00
  0.0000000E+00  0.0000000E+00
  0.0000000E+00  0.0000000E+00
  0.0000000E+00  0.0000000E+00
  0.0000000E+00  0.0000000E+00
  0.0000000E+00  0.0000000E+00
  0.0000000E+00  0.0000000E+00
  0.0000000E+00  0.0000000E+00
  0.0000000E+00  0.0000000E+00
  0.0000000E+00  0.0000000E+00
  0.0000000E+00  0.0000000E+00
  0.0000000E+00  0.0000000E+00
  0.0000000E+00  0.0000000E+00
  0.0000000E+00  0.0000000E+00
  0.0000000E+00  0.0000000E+00
  0.0000000E+00  0.0000000E+00
  0.0000000E+00  0.0000000E+00
  0.0000000E+00  0.0000000E+00
  0.0000000E+00  0.0000000E+00
  0.0000000E+00  0.0000000E+00
  0.0000000E+00  0.0000000E+00
  0.0000000E+00  0.0000000E+00
  0.0000000E+00  0.0000000E+00
  0.0000000E+00  0.0000000E+00
  0.0000000E+00  0.0000000E+00
  0.0000000E+00  0.0000000E+00
  0.0000000E+00  0.0000000E+00
  0.0000000E+00  0.0000000E+00
  0.0000000E+00  0.0000000E+00
  0.0000000E+00  0.0000000E+00
  0.0000000E+00  0.0000000E+00
  0.0000000E+00  0.0000000E+00
  0.0000000E+00  0.0000000E+00
  0.0000000E+00  0.0000000E+00
  0.0000000E+00  0.0000000E+00
  0.0000000E+00  0.0000000E+00
  0.0000000E+00  0.0000000E+00
  0.0000000E+00  0.0000000E+00
  0.0000000E+00  0.0000000E+00
  0.0000000E+00  0.0000000E+00
  0.0000000E+00  0.0000000E+00
  0.0000000E+00  0.0000000E+00
  0.0000000E+00  0.0000000E+00
  0.0000000E+00  0.0000000E+00
  0.0000000E+00  0.0000000E+00
  0.0000000E+00  0.0000000E+00
  0.0000000E+00  0.0000000E+00
  0.0000000E+00  0.0000000E+00
  0.0000000E+00  0.0000000E+00
  0.0000000E+00  0.0000000E+00
  0.0000000E+00  0.0000000E+00
  0.0000000E+00  0.0000000E+00
  0.0000000E+00  0.0000000E+00
  0.0000000E+00  0.0000000E+00
  0.0000000E+00  0.0000000E+00
  0.0000000E+00  0.0000000E+00
  0.0000000E+00  0.0000000E+00
  0.0000000E+00  0.0000000E+00
  0.0000000E+00  0.0000000E+00
  0.0000000E+00  0.0000000E+00
  0.0000000E+00  0.0000000E+00
  0.0000000E+00  0.0000000E+00
  0.0000000E+00  0.0000000E+00
  0.0000000E+00  0.0000000E+00
  0.0000000E+00  0.0000000E+00
  0.0000000E+00  0.0000000E+00
  0.0000000E+00  0.0000000E+00
  0.0000000E+00  0.0000000E+00
  0.0000000E+00  0.0000000E+00
  0.0000000E+00  0.0000000E+00
  0.0000000E+00  0.0000000E+00
  0.0000000E+00  0.0000000E+00
  0.0000000E+00  0.0000000E+00
  0.0000000E+00  0.0000000E+00
  0.0000000E+00  0.0000000E+00
  0.0000000E+00  0.0000000E+00
  0.0000000E+00  0.0000000E+00
  0.0000000E+00  0.0000000E+00
  0.0000000E+00  0.0000000E+00
  0.0000000E+00  0.0000000E+00
  0.0000000E+00  0.0000000E+00
  0.0000000E+00  0.0000000E+00
  0.0000000E+00  0.0000000E+00
  0.0000000E+00  0.0000000E+00
  0.0000000E+00  0.0000000E+00
  0.0000000E+00  0.0000000E+00
  0.0000000E+00  0.0000000E+00
  0.0000000E+00  0.0000000E+00
  0.0000000E+00  0.0000000E+00
  0.0000000E+00  0.0000000E+00
  0.0000000E+00  0.0000000E+00
  0.0000000E+00  0.0000000E+00
  0.0000000E+00  0.0000000E+00
  0.0000000E+00  0.0000000E+00
  0.0000000E+00  0.0000000E+00
  0.0000000E+00  0.0000000E+00
  0.0000000E+00  0.0000000E+00
  0.0000000E+00  0.0000000E+00
  0.0000000E+00  0.0000000E+00
  0.0000000E+00  0.0000000E+00
  0.0000000E+00  0.0000000E+00
  0.0000000E+00  0.0000000E+00
  0.0000000E+00  0.0000000E+00
  0.0000000E+00  0.0000000E+00
  0.0000000E+00  0.0000000E+00
  0.0000000E+00  0.0000000E+00
  0.0000000E+00  0.0000000E+00
  0.0000000E+00  0.0000000E+00
  0.0000000E+00  0.0000000E+00
  0.0000000E+00  0.0000000E+00
  0.0000000E+00  0.0000000E+00
  0.0000000E+00  0.0000000E+00
  0.0000000E+00  0.0000000E+00
  0.0000000E+00  0.0000000E+00
  0.0000000E+00  0.0000000E+00
  0.0000000E+00  0.0000000E+00
  0.0000000E+00  0.0000000E+00
  0.0000000E+00  0.0000000E+00
  0.0000000E+00  0.0000000E+00
  0.0000000E+00  0.0000000E+00
  0.0000000E+00  0.0000000E+00
  0.0000000E+00  0.0000000E+00
  0.0000000E+00  0.0000000E+00
  0.0000000E+00  0.0000000E+00
  0.0000000E+00  0.0000000E+00
  0.0000000E+00  0.0000000E+00
  0.0000000E+00  0.0000000E+00
  0.0000000E+00  0.0000000E+00
  0.0000000E+00  0.0000000E+00
  0.0000000E+00  0.0000000E+00
  0.0000000E+00  0.0000000E+00
  0.0000000E+00  0.0000000E+00
  0.0000000E+00  0.0000000E+00
  0.0000000E+00  0.0000000E+00
  0.0000000E+00  0.0000000E+00
  0.0000000E+00  0.0000000E+00
  0.0000000E+00  0.0000000E+00
  0.0000000E+00  0.0000000E+00
  0.0000000E+00  0.0000000E+00
  0.0000000E+00  0.0000000E+00
  0.0000000E+00  0.0000000E+00
  0.0000000E+00  0.0000000E+00
  0.0000000E+00  0.0000000E+00
  0.0000000E+00  0.0000000E+00
  0.0000000E+00  0.0000000E+00
  0.0000000E+00  0.0000000E+00
  0.0000000E+00  0.0000000E+00
  0.0000000E+00  0.0000000E+00
  0.0000000E+00  0.0000000E+00
  0.0000000E+00  0.0000000E+00
  0.0000000E+00  0.0000000E+00
  0.0000000E+00  0.0000000E+00
  0.0000000E+00  0.0000000E+00
  0.0000000E+00  0.0000000E+00
  0.0000000E+00  0.0000000E+00
  0.0000000E+00  0.0000000E+00
  0.0000000E+00  0.0000000E+00
  0.0000000E+00  0.0000000E+00
  0.0000000E+00  0.0000000E+00
  0.0000000E+00  0.0000000E+00
  0.0000000E+00  0.0000000E+00
  0.0000000E+00  0.0000000E+00
  0.0000000E+00  0.0000000E+00
  0.0000000E+00  0.0000000E+00
  0.0000000E+00  0.0000000E+00
  0.0000000E+00  0.0000000E+00
  0.0000000E+00  0.0000000E+00
  0.0000000E+00  0.0000000E+00
  0.0000000E+00  0.0000000E+00
  0.0000000E+00  0.0000000E+00
  0.0000000E+00  0.0000000E+00
  0.0000000E+00  0.0000000E+00
  0.0000000E+00  0.0000000E+00
  0.0000000E+00  0.0000000E+00
  0.0000000E+00  0.0000000E+00
  0.0000000E+00  0.0000000E+00
  0.0000000E+00  0.0000000E+00
  0.0000000E+00  0.0000000E+00
  0.0000000E+00  0.0000000E+00
  0.0000000E+00  0.0000000E+00
  0.0000000E+00  0.0000000E+00
  0.0000000E+00  0.0000000E+00
  0.0000000E+00  0.0000000E+00
  0.0000000E+00  0.0000000E+00
  0.0000000E+00  0.0000000E+00
  0.0000000E+00  0.0000000E+00
  0.0000000E+00  0.0000000E+00
  0.0000000E+00  0.0000000E+00
  0.0000000E+00  0.0000000E+00
  0.0000000E+00  0.0000000E+00
  0.0000000E+00  0.0000000E+00
  0.0000000E+00  0.0000000E+00
  0.0000000E+00  0.0000000E+00
  0.0000000E+00  0.0000000E+00
  0.0000000E+00  0.0000000E+00
  0.0000000E+00  0.0000000E+00
  0.0000000E+00  0.0000000E+00
  0.0000000E+00  0.0000000E+00
  0.0000000E+00  0.0000000E+00
  0.0000000E+00  0.0000000E+00
  0.0000000E+00  0.0000000E+00
  0.0000000E+00  0.0000000E+00
  0.0000000E+00  0.0000000E+00
  0.0000000E+00  0.0000000E+00
  0.0000000E+00  0.0000000E+00
  0.0000000E+00  0.0000000E+00
  0.0000000E+00  0.0000000E+00
  0.0000000E+00  0.0000000E+00
  0.0000000E+00  0.0000000E+00
  0.0000000E+00  0.0000000E+00
  0.0000000E+00  0.0000000E+00
  0.0000000E+00  0.0000000E+00
  0.0000000E+00  0.0000000E+00
  0.0000000E+00  0.0000000E+00
  0.0000000E+00  0.0000000E+00
  0.0000000E+00  0.0000000E+00
  0.0000000E+00  0.0000000E+00
  0.0000000E+00  0.0000000E+00
  0.0000000E+00  0.0000000E+00
  0.0000000E+00  0.0000000E+00
  0.0000000E+00  0.0000000E+00
  0.0000000E+00  0.0000000E+00
  0.0000000E+00  0.0000000E+00
  0.0000000E+00  0.0000000E+00
  0.0000000E+00  0.0000000E+00
  0.0000000E+00  0.0000000E+00
  0.0000000E+00  0.0000000E+00
  0.0000000E+00  0.0000000E+00
  0.0000000E+00  0.0000000E+00
  0.0000000E+00  0.0000000E+00
  0.0000000E+00  0.0000000E+00
  0.0000000E+00  0.0000000E+00
  0.0000000E+00  0.0000000E+00
  0.0000000E+00  0.0000000E+00
  0.0000000E+00  0.0000000E+00
  0.0000000E+00  0.0000000E+00
  0.0000000E+00  0.0000000E+00
  0.0000000E+00  0.0000000E+00
  0.0000000E+00  0.0000000E+00
  0.0000000E+00  0.0000000E+00
  0.0000000E+00  0.0000000E+00
  0.0000000E+00  0.0000000E+00
  0.0000000E+00  0.0000000E+00
  0.0000000E+00  0.0000000E+00
  0.0000000E+00  0.0000000E+00
  0.0000000E+00  0.0000000E+00
  0.0000000E+00  0.0000000E+00
  0.0000000E+00  0.0000000E+00
  0.0000000E+00  0.0000000E+00
  0.0000000E+00  0.0000000E+00
  0.0000000E+00  0.0000000E+00
  0.0000000E+00  0.0000000E+00
  0.0000000E+00  0.0000000E+00
  0.0000000E+00  0.0000000E+00
  0.0000000E+00  0.0000000E+00
  0.0000000E+00  0.0000000E+00
  0.0000000E+00  0.0000000E+00
  0.0000000E+00  0.0000000E+00
  0.0000000E+00  0.0000000E+00
  0.0000000E+00  0.0000000E+00
  0.0000000E+00  0.0000000E+00
  0.0000000E+00  0.0000000E+00
  0.0000000E+00  0.0000000E+00
  0.0000000E+00  0.0000000E+00
  0.0000000E+00  0.0000000E+00
  0.0000000E+00  0.0000000E+00
  0.0000000E+00  0.0000000E+00
  0.0000000E+00  0.0000000E+00
  0.0000000E+00  0.0000000E+00
  0.0000000E+00  0.0000000E+00
  0.0000000E+00  0.0000000E+00
  0.0000000E+00  0.0000000E+00
  0.0000000E+00  0.0000000E+00
  0.0000000E+00  0.0000000E+00
  0.0000000E+00  0.0000000E+00
  0.0000000E+00  0.0000000E+00
  0.0000000E+00  0.0000000E+00
  0.0000000E+00  0.0000000E+00
  0.0000000E+00  0.0000000E+00
  0.0000000E+00  0.0000000E+00
  0.0000000E+00  0.0000000E+00
  0.0000000E+00  0.0000000E+00
  0.0000000E+00  0.0000000E+00
  0.0000000E+00  0.0000000E+00
  0.0000000E+00  0.0000000E+00
  0.0000000E+00  0.0000000E+00
  0.0000000E+00  0.0000000E+00
  0.0000000E+00  0.0000000E+00
  0.0000000E+00  0.0000000E+00
  0.0000000E+00  0.0000000E+00
  0.0000000E+00  0.0000000E+00
  0.0000000E+00  0.0000000E+00
  0.0000000E+00  0.0000000E+00
  0.0000000E+00  0.0000000E+00
  0.0000000E+00  0.0000000E+00
  0.0000000E+00  0.0000000E+00
  0.0000000E+00  0.0000000E+00
  0.0000000E+00  0.0000000E+00
  0.0000000E+00  0.0000000E+00
  0.0000000E+00  0.0000000E+00
  0.0000000E+00  0.0000000E+00
  0.0000000E+00  0.0000000E+00
  0.0000000E+00  0.0000000E+00
  0.0000000E+00  0.0000000E+00
  0.0000000E+00  0.0000000E+00
  0.0000000E+00  0.0000000E+00
  0.0000000E+00  0.0000000E+00
  0.0000000E+00  0.0000000E+00
  0.0000000E+00  0.0000000E+00
  0.0000000E+00  0.0000000E+00
  0.0000000E+00  0.0000000E+00
  0.0000000E+00  0.0000000E+00
  0.0000000E+00  0.0000000E+00
  0.0000000E+00  0.0000000E+00
  0.0000000E+00  0.0000000E+00
  0.0000000E+00  0.0000000E+00
  0.0000000E+00  0.0000000E+00
  0.0000000E+00  0.0000000E+00
  0.0000000E+00  0.0000000E+00
  0.0000000E+00  0.0000000E+00
  0.0000000E+00  0.0000000E+00
  0.0000000E+00  0.0000000E+00
  0.0000000E+00  0.0000000E+00
  0.0000000E+00  0.0000000E+00
  0.0000000E+00  0.0000000E+00
  0.0000000E+00  0.0000000E+00
  0.0000000E+00  0.0000000E+00
  0.0000000E+00  0.0000000E+00
  0.0000000E+00  0.0000000E+00
  0.0000000E+00  0.0000000E+00
  0.0000000E+00  0.0000000E+00
  0.0000000E+00  0.0000000E+00
  0.0000000E+00  0.0000000E+00
  0.0000000E+00  0.0000000E+00
  0.0000000E+00  0.0000000E+00
  0.0000000E+00  0.0000000E+00
  0.0000000E+00  0.0000000E+00
  0.0000000E+00  0.0000000E+00
  0.0000000E+00  0.0000000E+00
  0.0000000E+00  0.0000000E+00
  0.0000000E+00  0.0000000E+00
  0.0000000E+00  0.0000000E+00
  0.0000000E+00  0.0000000E+00
  0.0000000E+00  0.0000000E+00
  0.0000000E+00  0.0000000E+00
  0.0000000E+00  0.0000000E+00
  0.0000000E+00  0.0000000E+00
  0.0000000E+00  0.0000000E+00
  0.0000000E+00  0.0000000E+00
  0.0000000E+00  0.0000000E+00
  0.0000000E+00  0.0000000E+00
  0.0000000E+00  0.0000000E+00
  0.0000000E+00  0.0000000E+00
  0.0000000E+00  0.0000000E+00
  0.0000000E+00  0.0000000E+00
  0.0000000E+00  0.0000000E+00
  0.0000000E+00  0.0000000E+00
  0.0000000E+00  0.0000000E+00
  0.0000000E+00  0.0000000E+00
  0.0000000E+00  0.0000000E+00
  0.0000000E+00  0.0000000E+00
  0.0000000E+00  0.0000000E+00
  0.0000000E+00  0.0000000E+00
  0.0000000E+00  0.0000000E+00
  0.0000000E+00  0.0000000E+00
  0.0000000E+00  0.0000000E+00
  0.0000000E+00  0.0000000E+00
  0.0000000E+00  0.0000000E+00
  0.0000000E+00  0.0000000E+00
  0.0000000E+00  0.0000000E+00
  0.0000000E+00  0.0000000E+00
  0.0000000E+00  0.0000000E+00
  0.0000000E+00  0.0000000E+00
  0.0000000E+00  0.0000000E+00
  0.0000000E+00  0.0000000E+00
  0.0000000E+00  0.0000000E+00
  0.0000000E+00  0.0000000E+00
  0.0000000E+00  0.0000000E+00
  0.0000000E+00  0.0000000E+00
  0.0000000E+00  0.0000000E+00
  0.0000000E+00  0.0000000E+00
  0.0000000E+00  0.0000000E+00
  0.0000000E+00  0.0000000E+00
  0.0000000E+00  0.0000000E+00
  0.0000000E+00  0.0000000E+00
  0.0000000E+00  0.0000000E+00
  0.0000000E+00  0.0000000E+00
  0.0000000E+00  0.0000000E+00
  0.0000000E+00  0.0000000E+00
  0.0000000E+00  0.0000000E+00
  0.0000000E+00  0.0000000E+00
  0.0000000E+00  0.0000000E+00
  0.0000000E+00  0.0000000E+00
  0.0000000E+00  0.0000000E+00
  0.0000000E+00  0.0000000E+00
  0.0000000E+00  0.0000000E+00
  0.0000000E+00  0.0000000E+00
  0.0000000E+00  0.0000000E+00
  0.0000000E+00  0.0000000E+00
  0.0000000E+00  0.0000000E+00
  0.0000000E+00  0.0000000E+00
  0.0000000E+00  0.0000000E+00
  0.0000000E+00  0.0000000E+00
  0.0000000E+00  0.0000000E+00
  0.0000000E+00  0.0000000E+00
  0.0000000E+00  0.0000000E+00
  0.0000000E+00  0.0000000E+00
  0.0000000E+00  0.0000000E+00
  0.0000000E+00  0.0000000E+00
  0.0000000E+00  0.0000000E+00
  0.0000000E+00  0.0000000E+00
  0.0000000E+00  0.0000000E+00
  0.0000000E+00  0.0000000E+00
  0.0000000E+00  0.0000000E+00
  0.0000000E+00  0.0000000E+00
  0.0000000E+00  0.0000000E+00
  0.0000000E+00  0.0000000E+00
  0.0000000E+00  0.0000000E+00
  0.0000000E+00  0.0000000E+00
  0.0000000E+00  0.0000000E+00
  0.0000000E+00  0.0000000E+00
  0.0000000E+00  0.0000000E+00
  0.0000000E+00  0.0000000E+00
  0.0000000E+00  0.0000000E+00
  0.0000000E+00  0.0000000E+00
  0.0000000E+00  0.0000000E+00
  0.0000000E+00  0.0000000E+00
  0.0000000E+00  0.0000000E+00
  0.0000000E+00  0.0000000E+00
  0.0000000E+00  0.0000000E+00
  0.0000000E+00  0.0000000E+00
  0.0000000E+00  0.0000000E+00
  0.0000000E+00  0.0000000E+00
  0.0000000E+00  0.0000000E+00
  0.0000000E+00  0.0000000E+00
  0.0000000E+00  0.0000000E+00
  0.0000000E+00  0.0000000E+00
  0.0000000E+00  0.0000000E+00
  0.0000000E+00  0.0000000E+00
  0.0000000E+00  0.0000000E+00
  0.0000000E+00  0.0000000E+00
  0.0000000E+00  0.0000000E+00
  0.0000000E+00  0.0000000E+00
  0.0000000E+00  0.0000000E+00
  0.0000000E+00  0.0000000E+00
  0.0000000E+00  0.0000000E+00
  0.0000000E+00  0.0000000E+00
  0.0000000E+00  0.0000000E+00
  0.0000000E+00  0.0000000E+00
  0.0000000E+00  0.0000000E+00
  0.0000000E+00  0.0000000E+00
  0.0000000E+00  0.0000000E+00
  0.0000000E+00  0.0000000E+00
  0.0000000E+00  0.0000000E+00
  0.0000000E+00  0.0000000E+00
  0.0000000E+00  0.0000000E+00
  0.0000000E+00  0.0000000E+00
  0.0000000E+00  0.0000000E+00
  0.0000000E+00  0.0000000E+00
  0.0000000E+00  0.0000000E+00
  0.0000000E+00  0.0000000E+00
  0.0000000E+00  0.0000000E+00
  0.0000000E+00  0.0000000E+00
  0.0000000E+00  0.0000000E+00
  0.0000000E+00  0.0000000E+00
  0.0000000E+00  0.0000000E+00
  0.0000000E+00  0.0000000E+00
  0.0000000E+00  0.0000000E+00
  0.0000000E+00  0.0000000E+00
  0.0000000E+00  0.0000000E+00
  0.0000000E+00  0.0000000E+00
  0.0000000E+00  0.0000000E+00
  0.0000000E+00  0.0000000E+00
  0.0000000E+00  0.0000000E+00
  0.0000000E+00  0.0000000E+00
  0.0000000E+00  0.0000000E+00
  0.0000000E+00  0.0000000E+00
  0.0000000E+00  0.0000000E+00
  0.0000000E+00  0.0000000E+00
  0.0000000E+00  0.0000000E+00
  0.0000000E+00  0.0000000E+00
  0.0000000E+00  0.0000000E+00
  0.0000000E+00  0.0000000E+00
  0.0000000E+00  0.0000000E+00
  0.0000000E+00  0.0000000E+00
  0.0000000E+00  0.0000000E+00
  0.0000000E+00  0.0000000E+00
  0.0000000E+00  0.0000000E+00
  0.0000000E+00  0.0000000E+00
  0.0000000E+00  0.0000000E+00
  0.0000000E+00  0.0000000E+00
  0.0000000E+00  0.0000000E+00
  0.0000000E+00  0.0000000E+00
  0.0000000E+00  0.0000000E+00
  0.0000000E+00  0.0000000E+00
  0.0000000E+00  0.0000000E+00
  0.0000000E+00  0.0000000E+00
  0.0000000E+00  0.0000000E+00
  0.0000000E+00  0.0000000E+00
  0.0000000E+00  0.0000000E+00
  0.0000000E+00  0.0000000E+00
  0.0000000E+00  0.0000000E+00
  0.0000000E+00  0.0000000E+00
  0.0000000E+00  0.0000000E+00
  0.0000000E+00  0.0000000E+00
  0.0000000E+00  0.0000000E+00
  0.0000000E+00  0.0000000E+00
  0.0000000E+00  0.0000000E+00
  0.0000000E+00  0.0000000E+00
  0.0000000E+00  0.0000000E+00
  0.0000000E+00  0.0000000E+00
  0.0000000E+00  0.0000000E+00
  0.0000000E+00  0.0000000E+00
  0.0000000E+00  0.0000000E+00
  0.0000000E+00  0.0000000E+00
  0.0000000E+00  0.0000000E+00
  0.0000000E+00  0.0000000E+00
  0.0000000E+00  0.0000000E+00
  0.0000000E+00  0.0000000E+00
  0.0000000E+00  0.0000000E+00
  0.0000000E+00  0.0000000E+00
  0.0000000E+00  0.0000000E+00
  0.0000000E+00  0.0000000E+00
  0.0000000E+00  0.0000000E+00
  0.0000000E+00  0.0000000E+00
  0.0000000E+00  0.0000000E+00
  0.0000000E+00  0.0000000E+00
  0.0000000E+00  0.0000000E+00
  0.0000000E+00  0.0000000E+00
  0.0000000E+00  0.0000000E+00
  0.0000000E+00  0.0000000E+00
  0.0000000E+00  0.0000000E+00
  0.0000000E+00  0.0000000E+00
  0.0000000E+00  0.0000000E+00
  0.0000000E+00  0.0000000E+00
  0.0000000E+00  0.0000000E+00
  0.0000000E+00  0.0000000E+00
  0.0000000E+00  0.0000000E+00
  0.0000000E+00  0.0000000E+00
  0.0000000E+00  0.0000000E+00
  0.0000000E+00  0.0000000E+00
  0.0000000E+00  0.0000000E+00
  0.0000000E+00  0.0000000E+00
  0.0000000E+00  0.0000000E+00
  0.0000000E+00  0.0000000E+00
  0.0000000E+00  0.0000000E+00
  0.0000000E+00  0.0000000E+00
  0.0000000E+00  0.0000000E+00
  0.0000000E+00  0.0000000E+00
  0.0000000E+00  0.0000000E+00
  0.0000000E+00  0.0000000E+00
  0.0000000E+00  0.0000000E+00
  0.0000000E+00  0.0000000E+00
  0.0000000E+00  0.0000000E+00
  0.0000000E+00  0.0000000E+00
  0.0000000E+00  0.0000000E+00
  0.0000000E+00  0.0000000E+00
  0.0000000E+00  0.0000000E+00
  0.0000000E+00  0.0000000E+00
  0.0000000E+00  0.0000000E+00
  0.0000000E+00  0.0000000E+00
  0.0000000E+00  0.0000000E+00
  0.0000000E+00  0.0000000E+00
  0.0000000E+00  0.0000000E+00
  0.0000000E+00  0.0000000E+00
  0.0000000E+00  0.0000000E+00
  0.0000000E+00  0.0000000E+00
  0.0000000E+00  0.0000000E+00
  0.0000000E+00  0.0000000E+00
  0.0000000E+00  0.0000000E+00
  0.0000000E+00  0.0000000E+00
  0.0000000E+00  0.0000000E+00
  0.0000000E+00  0.0000000E+00
  0.0000000E+00  0.0000000E+00
  0.0000000E+00  0.0000000E+00
  0.0000000E+00  0.0000000E+00
  0.0000000E+00  0.0000000E+00
  0.0000000E+00  0.0000000E+00
  0.0000000E+00  0.0000000E+00
  0.0000000E+00  0.0000000E+00
  0.0000000E+00  0.0000000E+00
  0.0000000E+00  0.0000000E+00
  0.0000000E+00  0.0000000E+00
  0.0000000E+00  0.0000000E+00
  0.0000000E+00  0.0000000E+00
  0.0000000E+00  0.0000000E+00
  0.0000000E+00  0.0000000E+00
  0.0000000E+00  0.0000000E+00
  0.0000000E+00  0.0000000E+00
  0.0000000E+00  0.0000000E+00
  0.0000000E+00  0.0000000E+00
  0.0000000E+00  0.0000000E+00
  0.0000000E+00  0.0000000E+00
  0.0000000E+00  0.0000000E+00
  0.0000000E+00  0.0000000E+00
  0.0000000E+00  0.0000000E+00
  0.0000000E+00  0.0000000E+00
  0.0000000E+00  0.0000000E+00
  0.0000000E+00  0.0000000E+00
  0.0000000E+00  0.0000000E+00
  0.0000000E+00  0.0000000E+00
  0.0000000E+00  0.0000000E+00
  0.0000000E+00  0.0000000E+00
  0.0000000E+00  0.0000000E+00
  0.0000000E+00  0.0000000E+00
  0.0000000E+00  0.0000000E+00
  0.0000000E+00  0.0000000E+00
  0.0000000E+00  0.0000000E+00
  0.0000000E+00  0.0000000E+00
  0.0000000E+00  0.0000000E+00
  0.0000000E+00  0.0000000E+00
  0.0000000E+00  0.0000000E+00
  0.0000000E+00  0.0000000E+00
  0.0000000E+00  0.0000000E+00
  0.0000000E+00  0.0000000E+00
  0.0000000E+00  0.0000000E+00
  0.0000000E+00  0.0000000E+00
  0.0000000E+00  0.0000000E+00
  0.0000000E+00  0.0000000E+00
  0.0000000E+00  0.0000000E+00
  0.0000000E+00  0.0000000E+00
  0.0000000E+00  0.0000000E+00
  0.0000000E+00  0.0000000E+00
  0.0000000E+00  0.0000000E+00
  0.0000000E+00  0.0000000E+00
  0.0000000E+00  0.0000000E+00
  0.0000000E+00  0.0000000E+00
  0.0000000E+00  0.0000000E+00
  0.0000000E+00  0.0000000E+00
  0.0000000E+00  0.0000000E+00
  0.0000000E+00  0.0000000E+00
  0.0000000E+00  0.0000000E+00
  0.0000000E+00  0.0000000E+00
  0.0000000E+00  0.0000000E+00
  0.0000000E+00  0.0000000E+00
  0.0000000E+00  0.0000000E+00
  0.0000000E+00  0.0000000E+00
  0.0000000E+00  0.0000000E+00
  0.0000000E+00  0.0000000E+00
  0.0000000E+00  0.0000000E+00
  0.0000000E+00  0.0000000E+00
  0.0000000E+00  0.0000000E+00
  0.0000000E+00  0.0000000E+00
  0.0000000E+00  0.0000000E+00
  0.0000000E+00  0.0000000E+00
  0.0000000E+00  0.0000000E+00
  0.0000000E+00  0.0000000E+00
  0.0000000E+00  0.0000000E+00
  0.0000000E+00  0.0000000E+00
  0.0000000E+00  0.0000000E+00
  0.0000000E+00  0.0000000E+00
  0.0000000E+00  0.0000000E+00
  0.0000000E+00  0.0000000E+00
  0.0000000E+00  0.0000000E+00
  0.0000000E+00  0.0000000E+00
  0.0000000E+00  0.0000000E+00
  0.0000000E+00  0.0000000E+00
  0.0000000E+00  0.0000000E+00
  0.0000000E+00  0.0000000E+00
  0.0000000E+00  0.0000000E+00
  0.0000000E+00  0.0000000E+00
  0.0000000E+00  0.0000000E+00
  0.0000000E+00  0.0000000E+00
  0.0000000E+00  0.0000000E+00
  0.0000000E+00  0.0000000E+00
  0.0000000E+00  0.0000000E+00
  0.0000000E+00  0.0000000E+00
  0.0000000E+00  0.0000000E+00
  0.0000000E+00  0.0000000E+00
  0.0000000E+00  0.0000000E+00
  0.0000000E+00  0.0000000E+00
  0.0000000E+00  0.0000000E+00
  0.0000000E+00  0.0000000E+00
  0.0000000E+00  0.0000000E+00
  0.0000000E+00  0.0000000E+00
  0.0000000E+00  0.0000000E+00
  0.0000000E+00  0.0000000E+00
  0.0000000E+00  0.0000000E+00
  0.0000000E+00  0.0000000E+00
  0.0000000E+00  0.0000000E+00
  0.0000000E+00  0.0000000E+00
  0.0000000E+00  0.0000000E+00
  0.0000000E+00  0.0000000E+00
  0.0000000E+00  0.0000000E+00
  0.0000000E+00  0.0000000E+00
  0.0000000E+00  0.0000000E+00
  0.0000000E+00  0.0000000E+00
  0.0000000E+00  0.0000000E+00
  0.0000000E+00  0.0000000E+00
  0.0000000E+00  0.0000000E+00
  0.0000000E+00  0.0000000E+00
  0.0000000E+00  0.0000000E+00
  0.0000000E+00  0.0000000E+00
  0.0000000E+00  0.0000000E+00
  0.0000000E+00  0.0000000E+00
  0.0000000E+00  0.0000000E+00
  0.0000000E+00  0.0000000E+00
  0.0000000E+00  0.0000000E+00
  0.0000000E+00  0.0000000E+00
  0.0000000E+00  0.0000000E+00
  0.0000000E+00  0.0000000E+00
  0.0000000E+00  0.0000000E+00
  0.0000000E+00  0.0000000E+00
  0.0000000E+00  0.0000000E+00
  0.0000000E+00  0.0000000E+00
  0.0000000E+00  0.0000000E+00
  0.0000000E+00  0.0000000E+00
  0.0000000E+00  0.0000000E+00
  0.0000000E+00  0.0000000E+00
  0.0000000E+00  0.0000000E+00
  0.0000000E+00  0.0000000E+00
  0.0000000E+00  0.0000000E+00
  0.0000000E+00  0.0000000E+00
  0.0000000E+00  0.0000000E+00
  0.0000000E+00  0.0000000E+00
  0.0000000E+00  0.0000000E+00
  0.0000000E+00  0.0000000E+00
  0.0000000E+00  0.0000000E+00
  0.0000000E+00  0.0000000E+00
  0.0000000E+00  0.0000000E+00
  0.0000000E+00  0.0000000E+00
  0.0000000E+00  0.0000000E+00
  0.0000000E+00  0.0000000E+00
  0.0000000E+00  0.0000000E+00
  0.0000000E+00  0.0000000E+00
  0.0000000E+00  0.0000000E+00
  0.0000000E+00  0.0000000E+00
  0.0000000E+00  0.0000000E+00
  0.0000000E+00  0.0000000E+00
  0.0000000E+00  0.0000000E+00
  0.0000000E+00  0.0000000E+00
  0.0000000E+00  0.0000000E+00
  0.0000000E+00  0.0000000E+00
  0.0000000E+00  0.0000000E+00
  0.0000000E+00  0.0000000E+00
  0.0000000E+00  0.0000000E+00
  0.0000000E+00  0.0000000E+00
  0.0000000E+00  0.0000000E+00
  0.0000000E+00  0.0000000E+00
  0.0000000E+00  0.0000000E+00
  0.0000000E+00  0.0000000E+00
  0.0000000E+00  0.0000000E+00
  0.0000000E+00  0.0000000E+00
  0.0000000E+00  0.0000000E+00
  0.0000000E+00  0.0000000E+00
  0.0000000E+00  0.0000000E+00
  0.0000000E+00  0.0000000E+00
  0.0000000E+00  0.0000000E+00
  0.0000000E+00  0.0000000E+00
  0.0000000E+00  0.0000000E+00
  0.0000000E+00  0.0000000E+00
  0.0000000E+00  0.0000000E+00
  0.0000000E+00  0.0000000E+00
  0.0000000E+00  0.0000000E+00
  0.0000000E+00  0.0000000E+00
  0.0000000E+00  0.0000000E+00
  0.0000000E+00  0.0000000E+00
  0.0000000E+00  0.0000000E+00
  0.0000000E+00  0.0000000E+00
  0.0000000E+00  0.0000000E+00
  0.0000000E+00  0.0000000E+00
  0.0000000E+00  0.0000000E+00
  0.0000000E+00  0.0000000E+00
  0.0000000E+00  0.0000000E+00
  0.0000000E+00  0.0000000E+00
  0.0000000E+00  0.0000000E+00
  0.0000000E+00  0.0000000E+00
  0.0000000E+00  0.0000000E+00
  0.0000000E+00  0.0000000E+00
  0.0000000E+00  0.0000000E+00
  0.0000000E+00  0.0000000E+00
  0.0000000E+00  0.0000000E+00
  0.0000000E+00  0.0000000E+00
  0.0000000E+00  0.0000000E+00
  0.0000000E+00  0.0000000E+00
  0.0000000E+00  0.0000000E+00
  0.0000000E+00  0.0000000E+00
  0.0000000E+00  0.0000000E+00
  0.0000000E+00  0.0000000E+00
  0.0000000E+00  0.0000000E+00
  0.0000000E+00  0.0000000E+00
  0.0000000E+00  0.0000000E+00
  0.0000000E+00  0.0000000E+00
  0.0000000E+00  0.0000000E+00
  0.0000000E+00  0.0000000E+00
  0.0000000E+00  0.0000000E+00
  0.0000000E+00  0.0000000E+00
  0.0000000E+00  0.0000000E+00
  0.0000000E+00  0.0000000E+00
  0.0000000E+00  0.0000000E+00
  0.0000000E+00  0.0000000E+00
  0.0000000E+00  0.0000000E+00
  0.0000000E+00  0.0000000E+00
  0.0000000E+00  0.0000000E+00
  0.0000000E+00  0.0000000E+00
  0.0000000E+00  0.0000000E+00
  0.0000000E+00  0.0000000E+00
  0.0000000E+00  0.0000000E+00
  0.0000000E+00  0.0000000E+00
  0.0000000E+00  0.0000000E+00
  0.0000000E+00  0.0000000E+00
  0.0000000E+00  0.0000000E+00
  0.0000000E+00  0.0000000E+00
  0.0000000E+00  0.0000000E+00
  0.0000000E+00  0.0000000E+00
  0.0000000E+00  0.0000000E+00
  0.0000000E+00  0.0000000E+00
  0.0000000E+00  0.0000000E+00
  0.0000000E+00  0.0000000E+00
  0.0000000E+00  0.0000000E+00
  0.0000000E+00  0.0000000E+00
  0.0000000E+00  0.0000000E+00
  0.0000000E+00  0.0000000E+00
  0.0000000E+00  0.0000000E+00
  0.0000000E+00  0.0000000E+00
  0.0000000E+00  0.0000000E+00
  0.0000000E+00  0.0000000E+00
  0.0000000E+00  0.0000000E+00
  0.0000000E+00  0.0000000E+00
  0.0000000E+00  0.0000000E+00
  0.0000000E+00  0.0000000E+00
  0.0000000E+00  0.0000000E+00
  0.0000000E+00  0.0000000E+00
  0.0000000E+00  0.0000000E+00
  0.0000000E+00  0.0000000E+00
  0.0000000E+00  0.0000000E+00
  0.0000000E+00  0.0000000E+00
  0.0000000E+00  0.0000000E+00
  0.0000000E+00  0.0000000E+00
  0.0000000E+00  0.0000000E+00
  0.0000000E+00  0.0000000E+00
  0.0000000E+00  0.0000000E+00
  0.0000000E+00  0.0000000E+00
  0.0000000E+00  0.0000000E+00
  0.0000000E+00  0.0000000E+00
  0.0000000E+00  0.0000000E+00
  0.0000000E+00  0.0000000E+00
  0.0000000E+00  0.0000000E+00
  0.0000000E+00  0.0000000E+00
  0.0000000E+00  0.0000000E+00
  0.0000000E+00  0.0000000E+00
  0.0000000E+00  0.0000000E+00
  0.0000000E+00  0.0000000E+00
  0.0000000E+00  0.0000000E+00
  0.0000000E+00  0.0000000E+00
  0.0000000E+00  0.0000000E+00
  0.0000000E+00  0.0000000E+00
  0.0000000E+00  0.0000000E+00
  0.0000000E+00  0.0000000E+00
  0.0000000E+00  0.0000000E+00
  0.0000000E+00  0.0000000E+00
  0.0000000E+00  0.0000000E+00
  0.0000000E+00  0.0000000E+00
  0.0000000E+00  0.0000000E+00
  0.0000000E+00  0.0000000E+00
  0.0000000E+00  0.0000000E+00
  0.0000000E+00  0.0000000E+00
  0.0000000E+00  0.0000000E+00
  0.0000000E+00  0.0000000E+00
  0.0000000E+00  0.0000000E+00
  0.0000000E+00  0.0000000E+00
  0.0000000E+00  0.0000000E+00
  0.0000000E+00  0.0000000E+00
  0.0000000E+00  0.0000000E+00
  0.0000000E+00  0.0000000E+00
  0.0000000E+00  0.0000000E+00
  0.0000000E+00  0.0000000E+00
  0.0000000E+00  0.0000000E+00
  0.0000000E+00  0.0000000E+00
  0.0000000E+00  0.0000000E+00
  0.0000000E+00  0.0000000E+00
  0.0000000E+00  0.0000000E+00
  0.0000000E+00  0.0000000E+00
  0.0000000E+00  0.0000000E+00
  0.0000000E+00  0.0000000E+00
  0.0000000E+00  0.0000000E+00
  0.0000000E+00  0.0000000E+00
  0.0000000E+00  0.0000000E+00
  0.0000000E+00  0.0000000E+00
  0.0000000E+00  0.0000000E+00
  0.0000000E+00  0.0000000E+00
  0.0000000E+00  0.0000000E+00
  0.0000000E+00  0.0000000E+00
  0.0000000E+00  0.0000000E+00
  0.0000000E+00  0.0000000E+00
  0.0000000E+00  0.0000000E+00
  0.0000000E+00  0.0000000E+00
  0.0000000E+00  0.0000000E+00
  0.0000000E+00  0.0000000E+00
  0.0000000E+00  0.0000000E+00
  0.0000000E+00  0.0000000E+00
  0.0000000E+00  0.0000000E+00
  0.0000000E+00  0.0000000E+00
  0.0000000E+00  0.0000000E+00
  0.0000000E+00  0.0000000E+00
  0.0000000E+00  0.0000000E+00
  0.0000000E+00  0.0000000E+00
  0.0000000E+00  0.0000000E+00
  0.0000000E+00  0.0000000E+00
  0.0000000E+00  0.0000000E+00
  0.0000000E+00  0.0000000E+00
  0.0000000E+00  0.0000000E+00
  0.0000000E+00  0.0000000E+00
  0.0000000E+00  0.0000000E+00
  0.0000000E+00  0.0000000E+00
  0.0000000E+00  0.0000000E+00
  0.0000000E+00  0.0000000E+00
  0.0000000E+00  0.0000000E+00
  0.0000000E+00  0.0000000E+00
  0.0000000E+00  0.0000000E+00
  0.0000000E+00  0.0000000E+00
  0.0000000E+00  0.0000000E+00
  0.0000000E+00  0.0000000E+00
  0.0000000E+00  0.0000000E+00
  0.0000000E+00  0.0000000E+00
  0.0000000E+00  0.0000000E+00
  0.0000000E+00  0.0000000E+00
  0.0000000E+00  0.0000000E+00
  0.0000000E+00  0.0000000E+00
  0.0000000E+00  0.0000000E+00
  0.0000000E+00  0.0000000E+00
  0.0000000E+00  0.0000000E+00
  0.0000000E+00  0.0000000E+00
  0.0000000E+00  0.0000000E+00
  0.0000000E+00  0.0000000E+00
  0.0000000E+00  0.0000000E+00
  0.0000000E+00  0.0000000E+00
  0.0000000E+00  0.0000000E+00
  0.0000000E+00  0.0000000E+00
  0.0000000E+00  0.0000000E+00
  0.0000000E+00  0.0000000E+00
  0.0000000E+00  0.0000000E+00
  0.0000000E+00  0.0000000E+00
  0.0000000E+00  0.0000000E+00
  0.0000000E+00  0.0000000E+00
  0.0000000E+00  0.0000000E+00
  0.0000000E+00  0.0000000E+00
  0.0000000E+00  0.0000000E+00
  0.0000000E+00  0.0000000E+00
  0.0000000E+00  0.0000000E+00
  0.0000000E+00  0.0000000E+00
  0.0000000E+00  0.0000000E+00
  0.0000000E+00  0.0000000E+00
  0.0000000E+00  0.0000000E+00
  0.0000000E+00  0.0000000E+00
  0.0000000E+00  0.0000000E+00
  0.0000000E+00  0.0000000E+00
  0.0000000E+00  0.0000000E+00
  0.0000000E+00  0.0000000E+00
  0.0000000E+00  0.0000000E+00
  0.0000000E+00  0.0000000E+00
  0.0000000E+00  0.0000000E+00
  0.0000000E+00  0.0000000E+00
  0.0000000E+00  0.0000000E+00
  0.0000000E+00  0.0000000E+00
  0.0000000E+00  0.0000000E+00
  0.0000000E+00  0.0000000E+00
  0.0000000E+00  0.0000000E+00
  0.0000000E+00  0.0000000E+00
  0.0000000E+00  0.0000000E+00
  0.0000000E+00  0.0000000E+00
  0.0000000E+00  0.0000000E+00
  0.0000000E+00  0.0000000E+00
  0.0000000E+00  0.0000000E+00
  0.0000000E+00  0.0000000E+00
  0.0000000E+00  0.0000000E+00
  0.0000000E+00  0.0000000E+00
  0.0000000E+00  0.0000000E+00
  0.0000000E+00  0.0000000E+00
  0.0000000E+00  0.0000000E+00
  0.0000000E+00  0.0000000E+00
  0.0000000E+00  0.0000000E+00
  0.0000000E+00  0.0000000E+00
  0.0000000E+00  0.0000000E+00
  0.0000000E+00  0.0000000E+00
  0.0000000E+00  0.0000000E+00
  0.0000000E+00  0.0000000E+00
  0.0000000E+00  0.0000000E+00
  0.0000000E+00  0.0000000E+00
  0.0000000E+00  0.0000000E+00
  0.0000000E+00  0.0000000E+00
  0.0000000E+00  0.0000000E+00
  0.0000000E+00  0.0000000E+00
  0.0000000E+00  0.0000000E+00
  0.0000000E+00  0.0000000E+00
  0.0000000E+00  0.0000000E+00
  0.0000000E+00  0.0000000E+00
  0.0000000E+00  0.0000000E+00
  0.0000000E+00  0.0000000E+00
  0.0000000E+00  0.0000000E+00
  0.0000000E+00  0.0000000E+00
  0.0000000E+00  0.0000000E+00
  0.0000000E+00  0.0000000E+00
  0.0000000E+00  0.0000000E+00
  0.0000000E+00  0.0000000E+00
  0.0000000E+00  0.0000000E+00
  0.0000000E+00  0.0000000E+00
  0.0000000E+00  0.0000000E+00
  0.0000000E+00  0.0000000E+00
  0.0000000E+00  0.0000000E+00
  0.0000000E+00  0.0000000E+00
  0.0000000E+00  0.0000000E+00
  0.0000000E+00  0.0000000E+00
  0.0000000E+00  0.0000000E+00
  0.0000000E+00  0.0000000E+00
  0.0000000E+00  0.0000000E+00
  0.0000000E+00  0.0000000E+00
  0.0000000E+00  0.0000000E+00
  0.0000000E+00  0.0000000E+00
  0.0000000E+00  0.0000000E+00
  0.0000000E+00  0.0000000E+00
  0.0000000E+00  0.0000000E+00
  0.0000000E+00  0.0000000E+00
  0.0000000E+00  0.0000000E+00
  0.0000000E+00  0.0000000E+00
  0.0000000E+00  0.0000000E+00
  0.0000000E+00  0.0000000E+00
  0.0000000E+00  0.0000000E+00
  0.0000000E+00  0.0000000E+00
  0.0000000E+00  0.0000000E+00
  0.0000000E+00  0.0000000E+00
  0.0000000E+00  0.0000000E+00
  0.0000000E+00  0.0000000E+00
  0.0000000E+00  0.0000000E+00
  0.0000000E+00  0.0000000E+00
  0.0000000E+00  0.0000000E+00
  0.0000000E+00  0.0000000E+00
  0.0000000E+00  0.0000000E+00
  0.0000000E+00  0.0000000E+00
  0.0000000E+00  0.0000000E+00
  0.0000000E+00  0.0000000E+00
  0.0000000E+00  0.0000000E+00
  0.0000000E+00  0.0000000E+00
  0.0000000E+00  0.0000000E+00
  0.0000000E+00  0.0000000E+00
  0.0000000E+00  0.0000000E+00
  0.0000000E+00  0.0000000E+00
  0.0000000E+00  0.0000000E+00
  0.0000000E+00  0.0000000E+00
  0.0000000E+00  0.0000000E+00
  0.0000000E+00  0.0000000E+00
  0.0000000E+00  0.0000000E+00
  0.0000000E+00  0.0000000E+00
  0.0000000E+00  0.0000000E+00
  0.0000000E+00  0.0000000E+00
  0.0000000E+00  0.0000000E+00
  0.0000000E+00  0.0000000E+00
  0.0000000E+00  0.0000000E+00
  0.0000000E+00  0.0000000E+00
  0.0000000E+00  0.0000000E+00
  0.0000000E+00  0.0000000E+00
  0.0000000E+00  0.0000000E+00
  0.0000000E+00  0.0000000E+00
  0.0000000E+00  0.0000000E+00
  0.0000000E+00  0.0000000E+00
  0.0000000E+00  0.0000000E+00
  0.0000000E+00  0.0000000E+00
  0.0000000E+00  0.0000000E+00
  0.0000000E+00  0.0000000E+00
  0.0000000E+00  0.0000000E+00
  0.0000000E+00  0.0000000E+00
  0.0000000E+00  0.0000000E+00
  0.0000000E+00  0.0000000E+00
  0.0000000E+00  0.0000000E+00
  0.0000000E+00  0.0000000E+00
  0.0000000E+00  0.0000000E+00
  0.0000000E+00  0.0000000E+00
  0.0000000E+00  0.0000000E+00
  0.0000000E+00  0.0000000E+00
  0.0000000E+00  0.0000000E+00
  0.0000000E+00  0.0000000E+00
  0.0000000E+00  0.0000000E+00
  0.0000000E+00  0.0000000E+00
  0.0000000E+00  0.0000000E+00
  0.0000000E+00  0.0000000E+00
  0.0000000E+00  0.0000000E+00
  0.0000000E+00  0.0000000E+00
  0.0000000E+00  0.0000000E+00
  0.0000000E+00  0.0000000E+00
  0.0000000E+00  0.0000000E+00
  0.0000000E+00  0.0000000E+00
  0.0000000E+00  0.0000000E+00
  0.0000000E+00  0.0000000E+00
  0.0000000E+00  0.0000000E+00
  0.0000000E+00  0.0000000E+00
  0.0000000E+00  0.0000000E+00
  0.0000000E+00  0.0000000E+00
  0.0000000E+00  0.0000000E+00
  0.0000000E+00  0.0000000E+00
  0.0000000E+00  0.0000000E+00
  0.0000000E+00  0.0000000E+00
  0.0000000E+00  0.0000000E+00
  0.0000000E+00  0.0000000E+00
  0.0000000E+00  0.0000000E+00
  0.0000000E+00  0.0000000E+00
  0.0000000E+00  0.0000000E+00
  0.0000000E+00  0.0000000E+00
  0.0000000E+00  0.0000000E+00
  0.0000000E+00  0.0000000E+00
  0.0000000E+00  0.0000000E+00
  0.0000000E+00  0.0000000E+00
  0.0000000E+00  0.0000000E+00
  0.0000000E+00  0.0000000E+00
  0.0000000E+00  0.0000000E+00
  0.0000000E+00  0.0000000E+00
  0.0000000E+00  0.0000000E+00
  0.0000000E+00  0.0000000E+00
  0.0000000E+00  0.0000000E+00
  0.0000000E+00  0.0000000E+00
  0.0000000E+00  0.0000000E+00
  0.0000000E+00  0.0000000E+00
  0.0000000E+00  0.0000000E+00
  0.0000000E+00  0.0000000E+00
  0.0000000E+00  0.0000000E+00
  0.0000000E+00  0.0000000E+00
  0.0000000E+00  0.0000000E+00
  0.0000000E+00  0.0000000E+00
  0.0000000E+00  0.0000000E+00
  0.0000000E+00  0.0000000E+00
  0.0000000E+00  0.0000000E+00
  0.0000000E+00  0.0000000E+00
  0.0000000E+00  0.0000000E+00
  0.0000000E+00  0.0000000E+00
  0.0000000E+00  0.0000000E+00
  0.0000000E+00  0.0000000E+00
  0.0000000E+00  0.0000000E+00
  0.0000000E+00  0.0000000E+00
  0.0000000E+00  0.0000000E+00
  0.0000000E+00  0.0000000E+00
  0.0000000E+00  0.0000000E+00
  0.0000000E+00  0.0000000E+00
  0.0000000E+00  0.0000000E+00
  0.0000000E+00  0.0000000E+00
  0.0000000E+00  0.0000000E+00
  0.0000000E+00  0.0000000E+00
  0.0000000E+00  0.0000000E+00
  0.0000000E+00  0.0000000E+00
  0.0000000E+00  0.0000000E+00
  0.0000000E+00  0.0000000E+00
  0.0000000E+00  0.0000000E+00
  0.0000000E+00  0.0000000E+00
  0.0000000E+00  0.0000000E+00
  0.0000000E+00  0.0000000E+00
  0.0000000E+00  0.0000000E+00
  0.0000000E+00  0.0000000E+00
  0.0000000E+00  0.0000000E+00
  0.0000000E+00  0.0000000E+00
  0.0000000E+00  0.0000000E+00
  0.0000000E+00  0.0000000E+00
  0.0000000E+00  0.0000000E+00
  0.0000000E+00  0.0000000E+00
  0.0000000E+00  0.0000000E+00
  0.0000000E+00  0.0000000E+00
  0.0000000E+00  0.0000000E+00
  0.0000000E+00  0.0000000E+00
  0.0000000E+00  0.0000000E+00
  0.0000000E+00  0.0000000E+00
  0.0000000E+00  0.0000000E+00
  0.0000000E+00  0.0000000E+00
  0.0000000E+00  0.0000000E+00
  0.0000000E+00  0.0000000E+00
  0.0000000E+00  0.0000000E+00
  0.0000000E+00  0.0000000E+00
  0.0000000E+00  0.0000000E+00
  0.0000000E+00  0.0000000E+00
  0.0000000E+00  0.0000000E+00
  0.0000000E+00  0.0000000E+00
  0.0000000E+00  0.0000000E+00
  0.0000000E+00  0.0000000E+00
  0.0000000E+00  0.0000000E+00
  0.0000000E+00  0.0000000E+00
  0.0000000E+00  0.0000000E+00
  0.0000000E+00  0.0000000E+00
  0.0000000E+00  0.0000000E+00
  0.0000000E+00  0.0000000E+00
  0.0000000E+00  0.0000000E+00
  0.0000000E+00  0.0000000E+00
  0.0000000E+00  0.0000000E+00
  0.0000000E+00  0.0000000E+00
  0.0000000E+00  0.0000000E+00
  0.0000000E+00  0.0000000E+00
  0.0000000E+00  0.0000000E+00
  0.0000000E+00  0.0000000E+00
  0.0000000E+00  0.0000000E+00
  0.0000000E+00  0.0000000E+00
  0.0000000E+00  0.0000000E+00
  0.0000000E+00  0.0000000E+00
  0.0000000E+00  0.0000000E+00
  0.0000000E+00  0.0000000E+00
  0.0000000E+00  0.0000000E+00
  0.0000000E+00  0.0000000E+00
  0.0000000E+00  0.0000000E+00
  0.0000000E+00  0.0000000E+00
  0.0000000E+00  0.0000000E+00
  0.0000000E+00  0.0000000E+00
  0.0000000E+00  0.0000000E+00
  0.0000000E+00  0.0000000E+00
  0.0000000E+00  0.0000000E+00
  0.0000000E+00  0.0000000E+00
  0.0000000E+00  0.0000000E+00
  0.0000000E+00  0.0000000E+00
  0.0000000E+00  0.0000000E+00
  0.0000000E+00  0.0000000E+00
  0.0000000E+00  0.0000000E+00
  0.0000000E+00  0.0000000E+00
  0.0000000E+00  0.0000000E+00
  0.0000000E+00  0.0000000E+00
  0.0000000E+00  0.0000000E+00
  0.0000000E+00  0.0000000E+00
  0.0000000E+00  0.0000000E+00
  0.0000000E+00  0.0000000E+00
  0.0000000E+00  0.0000000E+00
  0.0000000E+00  0.0000000E+00
  0.0000000E+00  0.0000000E+00
  0.0000000E+00  0.0000000E+00
  0.0000000E+00  0.0000000E+00
  0.0000000E+00  0.0000000E+00
  0.0000000E+00  0.0000000E+00
  0.0000000E+00  0.0000000E+00
  0.0000000E+00  0.0000000E+00
  0.0000000E+00  0.0000000E+00
  0.0000000E+00  0.0000000E+00
  0.0000000E+00  0.0000000E+00
  0.0000000E+00  0.0000000E+00
  0.0000000E+00  0.0000000E+00
  0.0000000E+00  0.0000000E+00
  0.0000000E+00  0.0000000E+00
  0.0000000E+00  0.0000000E+00
  0.0000000E+00  0.0000000E+00
  0.0000000E+00  0.0000000E+00
  0.0000000E+00  0.0000000E+00
  0.0000000E+00  0.0000000E+00
  0.0000000E+00  0.0000000E+00
  0.0000000E+00  0.0000000E+00
  0.0000000E+00  0.0000000E+00
  0.0000000E+00  0.0000000E+00
  0.0000000E+00  0.0000000E+00
  0.0000000E+00  0.0000000E+00
  0.0000000E+00  0.0000000E+00
  0.0000000E+00  0.0000000E+00
  0.0000000E+00  0.0000000E+00
  0.0000000E+00  0.0000000E+00
  0.0000000E+00  0.0000000E+00
  0.0000000E+00  0.0000000E+00
  0.0000000E+00  0.0000000E+00
  0.0000000E+00  0.0000000E+00
  0.0000000E+00  0.0000000E+00
  0.0000000E+00  0.0000000E+00
  0.0000000E+00  0.0000000E+00
  0.0000000E+00  0.0000000E+00
  0.0000000E+00  0.0000000E+00
  0.0000000E+00  0.0000000E+00
  0.0000000E+00  0.0000000E+00
  0.0000000E+00  0.0000000E+00
  0.0000000E+00  0.0000000E+00
  0.0000000E+00  0.0000000E+00
  0.0000000E+00  0.0000000E+00
  0.0000000E+00  0.0000000E+00
  0.0000000E+00  0.0000000E+00
  0.0000000E+00  0.0000000E+00
  0.0000000E+00  0.0000000E+00
  0.0000000E+00  0.0000000E+00
  0.0000000E+00  0.0000000E+00
  0.0000000E+00  0.0000000E+00
  0.0000000E+00  0.0000000E+00
  0.0000000E+00  0.0000000E+00
  0.0000000E+00  0.0000000E+00
  0.0000000E+00  0.0000000E+00
  0.0000000E+00  0.0000000E+00
  0.0000000E+00  0.0000000E+00
  0.0000000E+00  0.0000000E+00
  0.0000000E+00  0.0000000E+00
  0.0000000E+00  0.0000000E+00
  0.0000000E+00  0.0000000E+00
  0.0000000E+00  0.0000000E+00
  0.0000000E+00  0.0000000E+00
  0.0000000E+00  0.0000000E+00
  0.0000000E+00  0.0000000E+00
  0.0000000E+00  0.0000000E+00
  0.0000000E+00  0.0000000E+00
  0.0000000E+00  0.0000000E+00
  0.0000000E+00  0.0000000E+00
  0.0000000E+00  0.0000000E+00
  0.0000000E+00  0.0000000E+00
  0.0000000E+00  0.0000000E+00
  0.0000000E+00  0.0000000E+00
  0.0000000E+00  0.0000000E+00
  0.0000000E+00  0.0000000E+00
  0.0000000E+00  0.0000000E+00
  0.0000000E+00  0.0000000E+00
  0.0000000E+00  0.0000000E+00
  0.0000000E+00  0.0000000E+00
  0.0000000E+00  0.0000000E+00
  0.0000000E+00  0.0000000E+00
  0.0000000E+00  0.0000000E+00
  0.0000000E+00  0.0000000E+00
  0.0000000E+00  0.0000000E+00
  0.0000000E+00  0.0000000E+00
  0.0000000E+00  0.0000000E+00
  0.0000000E+00  0.0000000E+00
  0.0000000E+00  0.0000000E+00
  0.0000000E+00  0.0000000E+00
  0.0000000E+00  0.0000000E+00
  0.0000000E+00  0.0000000E+00
  0.0000000E+00  0.0000000E+00
  0.0000000E+00  0.0000000E+00
  0.0000000E+00  0.0000000E+00
  0.0000000E+00  0.0000000E+00
  0.0000000E+00  0.0000000E+00
  0.0000000E+00  0.0000000E+00
  0.0000000E+00  0.0000000E+00
  0.0000000E+00  0.0000000E+00
  0.0000000E+00  0.0000000E+00
  0.0000000E+00  0.0000000E+00
  0.0000000E+00  0.0000000E+00
  0.0000000E+00  0.0000000E+00
  0.0000000E+00  0.0000000E+00
  0.0000000E+00  0.0000000E+00
  0.0000000E+00  0.0000000E+00
  0.0000000E+00  0.0000000E+00
  0.0000000E+00  0.0000000E+00
  0.0000000E+00  0.0000000E+00
  0.0000000E+00  0.0000000E+00
  0.0000000E+00  0.0000000E+00
  0.0000000E+00  0.0000000E+00
  0.0000000E+00  0.0000000E+00
  0.0000000E+00  0.0000000E+00
  0.0000000E+00  0.0000000E+00
  0.0000000E+00  0.0000000E+00
  0.0000000E+00  0.0000000E+00
  0.0000000E+00  0.0000000E+00
  0.0000000E+00  0.0000000E+00
  0.0000000E+00  0.0000000E+00
  0.0000000E+00  0.0000000E+00
  0.0000000E+00  0.0000000E+00
  0.0000000E+00  0.0000000E+00
  0.0000000E+00  0.0000000E+00
  0.0000000E+00  0.0000000E+00
  0.0000000E+00  0.0000000E+00
  0.0000000E+00  0.0000000E+00
  0.0000000E+00  0.0000000E+00
  0.0000000E+00  0.0000000E+00
  0.0000000E+00  0.0000000E+00
  0.0000000E+00  0.0000000E+00
  0.0000000E+00  0.0000000E+00
  0.0000000E+00  0.0000000E+00
  0.0000000E+00  0.0000000E+00
  0.0000000E+00  0.0000000E+00
  0.0000000E+00  0.0000000E+00
  0.0000000E+00  0.0000000E+00
  0.0000000E+00  0.0000000E+00
  0.0000000E+00  0.0000000E+00
  0.0000000E+00  0.0000000E+00
  0.0000000E+00  0.0000000E+00
  0.0000000E+00  0.0000000E+00
  0.0000000E+00  0.0000000E+00
  0.0000000E+00  0.0000000E+00
  0.0000000E+00  0.0000000E+00
  0.0000000E+00  0.0000000E+00
  0.0000000E+00  0.0000000E+00
  0.0000000E+00  0.0000000E+00
  0.0000000E+00  0.0000000E+00
  0.0000000E+00  0.0000000E+00
  0.0000000E+00  0.0000000E+00
  0.0000000E+00  0.0000000E+00
  0.0000000E+00  0.0000000E+00
  0.0000000E+00  0.0000000E+00
  0.0000000E+00  0.0000000E+00
  0.0000000E+00  0.0000000E+00
  0.0000000E+00  0.0000000E+00
  0.0000000E+00  0.0000000E+00
  0.0000000E+00  0.0000000E+00
  0.0000000E+00  0.0000000E+00
  0.0000000E+00  0.0000000E+00
  0.0000000E+00  0.0000000E+00
  0.0000000E+00  0.0000000E+00
  0.0000000E+00  0.0000000E+00
  0.0000000E+00  0.0000000E+00
  0.0000000E+00  0.0000000E+00
  0.0000000E+00  0.0000000E+00
  0.0000000E+00  0.0000000E+00
  0.0000000E+00  0.0000000E+00
  0.0000000E+00  0.0000000E+00
  0.0000000E+00  0.0000000E+00
  0.0000000E+00  0.0000000E+00
  0.0000000E+00  0.0000000E+00
  0.0000000E+00  0.0000000E+00
  0.0000000E+00  0.0000000E+00
  0.0000000E+00  0.0000000E+00
  0.0000000E+00  0.0000000E+00
  0.0000000E+00  0.0000000E+00
  0.0000000E+00  0.0000000E+00
  0.0000000E+00  0.0000000E+00
  0.0000000E+00  0.0000000E+00
  0.0000000E+00  0.0000000E+00
  0.0000000E+00  0.0000000E+00
  0.0000000E+00  0.0000000E+00
  0.0000000E+00  0.0000000E+00
  0.0000000E+00  0.0000000E+00
  0.0000000E+00  0.0000000E+00
  0.0000000E+00  0.0000000E+00
  0.0000000E+00  0.0000000E+00
  0.0000000E+00  0.0000000E+00
  0.0000000E+00  0.0000000E+00
  0.0000000E+00  0.0000000E+00
  0.0000000E+00  0.0000000E+00
  0.0000000E+00  0.0000000E+00
  0.0000000E+00  0.0000000E+00
  0.0000000E+00  0.0000000E+00
  0.0000000E+00  0.0000000E+00
  0.0000000E+00  0.0000000E+00
  0.0000000E+00  0.0000000E+00
  0.0000000E+00  0.0000000E+00
  0.0000000E+00  0.0000000E+00
  0.0000000E+00  0.0000000E+00
  0.0000000E+00  0.0000000E+00
  0.0000000E+00  0.0000000E+00
  0.0000000E+00  0.0000000E+00
  0.0000000E+00  0.0000000E+00
  0.0000000E+00  0.0000000E+00
  0.0000000E+00  0.0000000E+00
  0.0000000E+00  0.0000000E+00
  0.0000000E+00  0.0000000E+00
  0.0000000E+00  0.0000000E+00
  0.0000000E+00  0.0000000E+00
  0.0000000E+00  0.0000000E+00
  0.0000000E+00  0.0000000E+00
  0.0000000E+00  0.0000000E+00
  0.0000000E+00  0.0000000E+00
  0.0000000E+00  0.0000000E+00
  0.0000000E+00  0.0000000E+00
  0.0000000E+00  0.0000000E+00
  0.0000000E+00  0.0000000E+00
  0.0000000E+00  0.0000000E+00
  0.0000000E+00  0.0000000E+00
  0.0000000E+00  0.0000000E+00
  0.0000000E+00  0.0000000E+00
  0.0000000E+00  0.0000000E+00
  0.0000000E+00  0.0000000E+00
  0.0000000E+00  0.0000000E+00
  0.0000000E+00  0.0000000E+00
  0.0000000E+00  0.0000000E+00
  0.0000000E+00  0.0000000E+00
  0.0000000E+00  0.0000000E+00
  0.0000000E+00  0.0000000E+00
  0.0000000E+00  0.0000000E+00
  0.0000000E+00  0.0000000E+00
  0.0000000E+00  0.0000000E+00
  0.0000000E+00  0.0000000E+00
  0.0000000E+00  0.0000000E+00
  0.0000000E+00  0.0000000E+00
  0.0000000E+00  0.0000000E+00
  0.0000000E+00  0.0000000E+00
  0.0000000E+00  0.0000000E+00
  0.0000000E+00  0.0000000E+00
  0.0000000E+00  0.0000000E+00
  0.0000000E+00  0.0000000E+00
  0.0000000E+00  0.0000000E+00
  0.0000000E+00  0.0000000E+00
  0.0000000E+00  0.0000000E+00
  0.0000000E+00  0.0000000E+00
  0.0000000E+00  0.0000000E+00
  0.0000000E+00  0.0000000E+00
  0.0000000E+00  0.0000000E+00
  0.0000000E+00  0.0000000E+00
  0.0000000E+00  0.0000000E+00
  0.0000000E+00  0.0000000E+00
  0.0000000E+00  0.0000000E+00
  0.0000000E+00  0.0000000E+00
  0.0000000E+00  0.0000000E+00
  0.0000000E+00  0.0000000E+00
  0.0000000E+00  0.0000000E+00
  0.0000000E+00  0.0000000E+00
  0.0000000E+00  0.0000000E+00
  0.0000000E+00  0.0000000E+00
  0.0000000E+00  0.0000000E+00
  0.0000000E+00  0.0000000E+00
  0.0000000E+00  0.0000000E+00
  0.0000000E+00  0.0000000E+00
  0.0000000E+00  0.0000000E+00
  0.0000000E+00  0.0000000E+00
  0.0000000E+00  0.0000000E+00
  0.0000000E+00  0.0000000E+00
  0.0000000E+00  0.0000000E+00
  0.0000000E+00  0.0000000E+00
  0.0000000E+00  0.0000000E+00
  0.0000000E+00  0.0000000E+00
  0.0000000E+00  0.0000000E+00
  0.0000000E+00  0.0000000E+00
  0.0000000E+00  0.0000000E+00
  0.0000000E+00  0.0000000E+00
  0.0000000E+00  0.0000000E+00
  0.0000000E+00  0.0000000E+00
  0.0000000E+00  0.0000000E+00
  0.0000000E+00  0.0000000E+00
  0.0000000E+00  0.0000000E+00
  0.0000000E+00  0.0000000E+00
  0.0000000E+00  0.0000000E+00
  0.0000000E+00  0.0000000E+00
  0.0000000E+00  0.0000000E+00
