 -0.6815377E-01 -0.4130536E-07
 -0.1285845E-01 -0.4080842E-07
  0.1794966E-01 -0.4137867E-07
  0.3862031E-01 -0.4157519E-07
  0.5887881E-01 -0.4179353E-07
  0.8614076E-01 -0.4198077E-07
 -0.1052326E+01 -0.3851712E-07
  0.5417262E-01 -0.4117759E-07
  0.5769018E-01 -0.4134343E-07
  0.6134493E-01 -0.4287504E-07
  0.7052565E-01 -0.5212447E-07
  0.2094556E+00 -0.5204972E-07
  0.3465351E+00 -0.5209229E-07
  0.4809362E+00 -0.5212729E-07
  0.6121798E+00 -0.5221352E-07
  0.7407048E+00 -0.5220716E-07
  0.8646867E+00 -0.5227979E-07
  0.9833874E+00 -0.5221121E-07
  0.1099062E+01 -0.5221894E-07
  0.1209997E+01 -0.5229004E-07
  0.1314119E+01 -0.5222601E-07
  0.1414231E+01 -0.5229728E-07
  0.1508036E+01 -0.5233440E-07
  0.1593300E+01 -0.5235126E-07
  0.1673817E+01 -0.5234852E-07
  0.1746847E+01 -0.5240101E-07
  0.1809958E+01 -0.5240591E-07
  0.1867770E+01 -0.5247486E-07
  0.1917219E+01 -0.5251987E-07
  0.1955821E+01 -0.5247831E-07
  0.1988797E+01 -0.5252324E-07
  0.2012804E+01 -0.5256026E-07
  0.2025453E+01 -0.5255797E-07
  0.2032361E+01 -0.5257078E-07
  0.2030022E+01 -0.5261436E-07
  0.2016202E+01 -0.5259768E-07
  0.1996738E+01 -0.5260394E-07
  0.1968099E+01 -0.5265516E-07
  0.1928300E+01 -0.5259695E-07
  0.1883174E+01 -0.5261758E-07
  0.1829278E+01 -0.5268205E-07
  0.1764964E+01 -0.5257166E-07
  0.1695822E+01 -0.5262626E-07
  0.1618655E+01 -0.5264371E-07
  0.1532204E+01 -0.5258812E-07
  0.1441648E+01 -0.5256118E-07
  0.1344120E+01 -0.5263130E-07
  0.1238853E+01 -0.5253991E-07
  0.1130352E+01 -0.5255927E-07
  0.1016249E+01 -0.5252864E-07
  0.8962666E+00 -0.5252905E-07
  0.7740845E+00 -0.5245565E-07
  0.6479098E+00 -0.5245473E-07
  0.5179895E+00 -0.5243085E-07
  0.3869983E+00 -0.5237989E-07
  0.2538039E+00 -0.5234278E-07
  0.1191166E+00 -0.5229689E-07
 -0.1548710E-01 -0.5225159E-07
 -0.1503571E+00 -0.5222070E-07
 -0.2843810E+00 -0.5209869E-07
 -0.4171485E+00 -0.5211820E-07
 -0.5482705E+00 -0.5205658E-07
 -0.6762950E+00 -0.5192759E-07
 -0.8020017E+00 -0.5190804E-07
 -0.9242160E+00 -0.5186332E-07
 -0.1041176E+01 -0.5178566E-07
 -0.1154845E+01 -0.5170684E-07
 -0.1263381E+01 -0.5171920E-07
 -0.1364698E+01 -0.5154271E-07
 -0.1461802E+01 -0.5151420E-07
 -0.1552372E+01 -0.5149724E-07
 -0.1634153E+01 -0.5138648E-07
 -0.1711078E+01 -0.5139685E-07
 -0.1780339E+01 -0.5133069E-07
 -0.1839529E+01 -0.5123361E-07
 -0.1893385E+01 -0.5123237E-07
 -0.1938776E+01 -0.5120213E-07
 -0.1973243E+01 -0.5115173E-07
 -0.2002170E+01 -0.5111731E-07
 -0.2022298E+01 -0.5112345E-07
 -0.2032398E+01 -0.5110388E-07
 -0.2039977E+01 -0.5125500E-07
 -0.2032772E+01 -0.5145847E-07
 -0.2016049E+01 -0.5144500E-07
 -0.1990684E+01 -0.5146628E-07
 -0.1956933E+01 -0.5147717E-07
 -0.1914643E+01 -0.5147160E-07
 -0.1863875E+01 -0.5144696E-07
 -0.1804872E+01 -0.5152045E-07
 -0.1737964E+01 -0.5148179E-07
 -0.1663503E+01 -0.5149917E-07
 -0.1581784E+01 -0.5161010E-07
 -0.1493135E+01 -0.5158076E-07
 -0.1397883E+01 -0.5166036E-07
 -0.1296463E+01 -0.5167748E-07
 -0.1189402E+01 -0.5174897E-07
 -0.1077109E+01 -0.5179430E-07
 -0.9599273E+00 -0.5184329E-07
 -0.8383988E+00 -0.5185318E-07
 -0.7131609E+00 -0.5193664E-07
 -0.5839542E+00 -0.5176057E-07
 -0.4536316E+00 -0.5164226E-07
 -0.3242068E+00 -0.5179453E-07
 -0.1947960E+00 -0.5192688E-07
 -0.6543957E-01 -0.5231196E-07
 -0.4944315E-01 -0.4272131E-07
 -0.4209841E-01 -0.4108566E-07
 -0.3743863E-01 -0.4093903E-07
 -0.3398122E-01 -0.4096685E-07
 -0.3109601E-01 -0.4084317E-07
 -0.2778974E-01 -0.4082389E-07
 -0.2416546E-01 -0.4077425E-07
 -0.1484378E-01 -0.4036024E-07
  0.1154870E-01 -0.3974710E-07
  0.6184633E-01 -0.4023940E-07
  0.1929043E+00 -0.3958706E-07
 -0.1041449E+01 -0.3913206E-07
  0.4462187E+00 -0.3698600E-07
  0.5625215E+00 -0.3616902E-07
  0.6477227E+00 -0.3563298E-07
  0.7003734E+00 -0.3533065E-07
  0.7192519E+00 -0.3524351E-07
  0.7022913E+00 -0.3538597E-07
  0.6517692E+00 -0.3582632E-07
  0.5750988E+00 -0.3643378E-07
  0.4752784E+00 -0.3732444E-07
  0.3544289E+00 -0.3836922E-07
  0.2184740E+00 -0.3949031E-07
  0.7378074E-01 -0.4066149E-07
 -0.7378731E-01 -0.4190629E-07
 -0.2184853E+00 -0.4310911E-07
 -0.3545630E+00 -0.4418304E-07
 -0.4764026E+00 -0.4522678E-07
 -0.5784649E+00 -0.4599559E-07
 -0.6556082E+00 -0.4660542E-07
 -0.7031797E+00 -0.4695951E-07
 -0.7172793E+00 -0.4696872E-07
 -0.6980012E+00 -0.4682662E-07
 -0.6504642E+00 -0.4639192E-07
 -0.5761908E+00 -0.4572454E-07
 -0.4748172E+00 -0.4485263E-07
 -0.3508537E+00 -0.4377197E-07
 -0.2107704E+00 -0.4255758E-07
 -0.5577788E+00 -0.3924748E-07
 -0.5045419E+00 -0.4102603E-07
  0.1072033E+00 -0.4149151E-07
  0.1627189E+00 -0.4202506E-07
  0.2258889E+00 -0.4224900E-07
  0.1689385E+00 -0.4137153E-07
 -0.2513184E+00 -0.3892087E-07
  0.2985203E+00 -0.4303977E-07
  0.1819335E+00 -0.4299207E-07
  0.4115942E+00 -0.4308598E-07
  0.5209942E+00 -0.4321344E-07
  0.6264894E+00 -0.4336092E-07
  0.7272031E+00 -0.4341213E-07
  0.8248533E+00 -0.4345458E-07
  0.9188097E+00 -0.4352983E-07
  0.1008564E+01 -0.4362136E-07
  0.1093873E+01 -0.4369835E-07
  0.1174344E+01 -0.4371044E-07
  0.1249627E+01 -0.4378835E-07
  0.1319510E+01 -0.4386879E-07
  0.1383664E+01 -0.4393605E-07
  0.1441738E+01 -0.4397409E-07
  0.1493522E+01 -0.4403772E-07
  0.1538826E+01 -0.4404798E-07
  0.1577465E+01 -0.4412991E-07
  0.1609288E+01 -0.4415298E-07
  0.1634094E+01 -0.4417115E-07
  0.1651869E+01 -0.4421029E-07
  0.1662612E+01 -0.4420383E-07
  0.1666084E+01 -0.4417499E-07
  0.1662313E+01 -0.4428299E-07
  0.1651384E+01 -0.4426991E-07
  0.1633170E+01 -0.4422064E-07
  0.1607818E+01 -0.4420250E-07
  0.1575526E+01 -0.4421765E-07
  0.1536286E+01 -0.4414125E-07
  0.1490264E+01 -0.4414266E-07
  0.1437786E+01 -0.4410112E-07
  0.1378940E+01 -0.4408861E-07
  0.1313959E+01 -0.4401377E-07
  0.1243235E+01 -0.4400270E-07
  0.1166980E+01 -0.4392894E-07
  0.1085503E+01 -0.4386175E-07
  0.9992550E+00 -0.4378521E-07
  0.9085602E+00 -0.4370120E-07
  0.8137776E+00 -0.4361899E-07
  0.7154315E+00 -0.4357157E-07
  0.6139018E+00 -0.4347515E-07
  0.5096381E+00 -0.4340277E-07
  0.4032063E+00 -0.4326913E-07
  0.2949888E+00 -0.4319562E-07
  0.1853685E+00 -0.4311638E-07
  0.7492534E-01 -0.4300677E-07
 -0.3578970E-01 -0.4292882E-07
 -0.1462836E+00 -0.4285187E-07
 -0.2560461E+00 -0.4268736E-07
 -0.3645903E+00 -0.4261096E-07
 -0.4714643E+00 -0.4248876E-07
 -0.5762311E+00 -0.4243928E-07
 -0.6783897E+00 -0.4234066E-07
 -0.7774372E+00 -0.4225497E-07
 -0.8731452E+00 -0.4214153E-07
 -0.9650461E+00 -0.4202911E-07
 -0.1052563E+01 -0.4192936E-07
 -0.1135424E+01 -0.4183281E-07
 -0.1213290E+01 -0.4177803E-07
 -0.1285809E+01 -0.4168053E-07
 -0.1352801E+01 -0.4158932E-07
 -0.1413928E+01 -0.4153195E-07
 -0.1468826E+01 -0.4149683E-07
 -0.1517401E+01 -0.4140141E-07
 -0.1559442E+01 -0.4139232E-07
 -0.1594716E+01 -0.4135130E-07
 -0.1623108E+01 -0.4126667E-07
 -0.1644479E+01 -0.4123450E-07
 -0.1658839E+01 -0.4125353E-07
 -0.1666331E+01 -0.4126828E-07
 -0.1666878E+01 -0.4130295E-07
 -0.1660100E+01 -0.4129475E-07
 -0.1645886E+01 -0.4127639E-07
 -0.1624420E+01 -0.4135030E-07
 -0.1595765E+01 -0.4137820E-07
 -0.1559789E+01 -0.4140120E-07
 -0.1516693E+01 -0.4145127E-07
 -0.1466891E+01 -0.4145689E-07
 -0.1410715E+01 -0.4148814E-07
 -0.1348482E+01 -0.4157014E-07
 -0.1280418E+01 -0.4161052E-07
 -0.1206704E+01 -0.4168660E-07
 -0.1127617E+01 -0.4175382E-07
 -0.1043621E+01 -0.4183001E-07
 -0.9552602E+00 -0.4190384E-07
 -0.8626474E+00 -0.4203259E-07
 -0.7659505E+00 -0.4208137E-07
 -0.6657894E+00 -0.4217695E-07
 -0.5629587E+00 -0.4222522E-07
 -0.4584354E+00 -0.4227551E-07
 -0.3537621E+00 -0.4232061E-07
 -0.2503868E+00 -0.4247248E-07
 -0.1488824E+00 -0.4253108E-07
 -0.1276267E+00 -0.4098488E-07
  0.4321349E-01 -0.3896074E-07
 -0.1136165E+00 -0.4084435E-07
 -0.1030151E+00 -0.4092246E-07
 -0.9294240E-01 -0.4096491E-07
 -0.8262674E-01 -0.4093943E-07
 -0.7540353E-01 -0.4084652E-07
  0.1496704E+00 -0.3705391E-07
 -0.2794425E-01 -0.3969625E-07
  0.1804091E+00 -0.3668894E-07
 -0.2679628E+00 -0.3951776E-07
  0.1047213E+00 -0.3755425E-07
  0.2005352E+00 -0.3649774E-07
  0.2078126E+00 -0.3641762E-07
  0.2006477E+00 -0.3651573E-07
  0.1815569E+00 -0.3681219E-07
  0.1594368E+00 -0.3728424E-07
  0.1333400E+00 -0.3782267E-07
  0.9973199E-01 -0.3854488E-07
  0.6125813E-01 -0.3930096E-07
  0.2068568E-01 -0.4008426E-07
 -0.2047309E-01 -0.4093626E-07
 -0.6101047E-01 -0.4178114E-07
 -0.9968056E-01 -0.4248982E-07
 -0.1352927E+00 -0.4312487E-07
 -0.1661007E+00 -0.4371984E-07
 -0.1898657E+00 -0.4411814E-07
 -0.2034378E+00 -0.4432829E-07
 -0.2040840E+00 -0.4434148E-07
 -0.1940257E+00 -0.4422903E-07
 -0.1809289E+00 -0.4397764E-07
 -0.1619787E+00 -0.4351651E-07
 -0.1318527E+00 -0.4294841E-07
 -0.9315094E-01 -0.4225967E-07
 -0.4965587E-01 -0.4163244E-07
  0.2677631E+00 -0.4117888E-07
  0.3183188E+00 -0.4281720E-07
 -0.9621277E-01 -0.4055500E-07
  0.9172709E-01 -0.4286758E-07
  0.1916426E+00 -0.4149527E-07
  0.2561430E+00 -0.4258708E-07
  0.2741227E+00 -0.4149745E-07
  0.1721169E+00 -0.4222011E-07
  0.6573677E+00 -0.4205472E-07
  0.7452565E+00 -0.4212399E-07
  0.8293670E+00 -0.4214454E-07
  0.9091237E+00 -0.4231624E-07
  0.9848176E+00 -0.4239199E-07
  0.1056180E+01 -0.4248713E-07
  0.1122821E+01 -0.4258211E-07
  0.1184503E+01 -0.4262179E-07
  0.1241133E+01 -0.4269948E-07
  0.1292134E+01 -0.4275537E-07
  0.1337322E+01 -0.4278382E-07
  0.1376929E+01 -0.4287874E-07
  0.1410496E+01 -0.4293325E-07
  0.1437629E+01 -0.4294297E-07
  0.1458686E+01 -0.4297577E-07
  0.1473778E+01 -0.4302607E-07
  0.1482603E+01 -0.4305553E-07
  0.1485080E+01 -0.4307419E-07
  0.1481189E+01 -0.4302974E-07
  0.1470666E+01 -0.4305781E-07
  0.1453626E+01 -0.4303143E-07
  0.1430300E+01 -0.4300863E-07
  0.1400606E+01 -0.4301339E-07
  0.1364766E+01 -0.4296586E-07
  0.1323016E+01 -0.4289671E-07
  0.1275371E+01 -0.4287833E-07
  0.1222076E+01 -0.4281601E-07
  0.1163452E+01 -0.4273588E-07
  0.1099625E+01 -0.4263624E-07
  0.1030906E+01 -0.4257477E-07
  0.9576547E+00 -0.4252988E-07
  0.8801058E+00 -0.4242352E-07
  0.7986303E+00 -0.4226954E-07
  0.7136368E+00 -0.4220531E-07
  0.6254654E+00 -0.4214021E-07
  0.5345153E+00 -0.4204583E-07
  0.4413098E+00 -0.4191271E-07
  0.3463507E+00 -0.4175731E-07
  0.2496221E+00 -0.4166975E-07
  0.1513915E+00 -0.4159851E-07
  0.5232830E-01 -0.4150425E-07
 -0.4685343E-01 -0.4139517E-07
 -0.1456197E+00 -0.4119401E-07
 -0.2435770E+00 -0.4109858E-07
 -0.3403610E+00 -0.4100085E-07
 -0.4355206E+00 -0.4085437E-07
 -0.5286385E+00 -0.4073987E-07
 -0.6192779E+00 -0.4069222E-07
 -0.7068704E+00 -0.4049190E-07
 -0.7917235E+00 -0.4047919E-07
 -0.8731996E+00 -0.4040187E-07
 -0.9503893E+00 -0.4026020E-07
 -0.1023397E+01 -0.4014372E-07
 -0.1092026E+01 -0.4006010E-07
 -0.1155818E+01 -0.4001648E-07
 -0.1214720E+01 -0.3988306E-07
 -0.1268379E+01 -0.3981527E-07
 -0.1316230E+01 -0.3976352E-07
 -0.1358463E+01 -0.3971859E-07
 -0.1395140E+01 -0.3966708E-07
 -0.1425573E+01 -0.3963458E-07
 -0.1449610E+01 -0.3957651E-07
 -0.1467492E+01 -0.3954036E-07
 -0.1479413E+01 -0.3952044E-07
 -0.1485204E+01 -0.3956475E-07
 -0.1484835E+01 -0.3952712E-07
 -0.1478554E+01 -0.3954908E-07
 -0.1465989E+01 -0.3957083E-07
 -0.1446720E+01 -0.3962107E-07
 -0.1420573E+01 -0.3959512E-07
 -0.1386981E+01 -0.3964038E-07
 -0.1346680E+01 -0.3969874E-07
 -0.1300500E+01 -0.3973824E-07
 -0.1248981E+01 -0.3975451E-07
 -0.1192529E+01 -0.3987800E-07
 -0.1131096E+01 -0.3992511E-07
 -0.1064594E+01 -0.3997627E-07
 -0.9933597E+00 -0.4011620E-07
 -0.9182624E+00 -0.4020121E-07
 -0.8400511E+00 -0.4021521E-07
 -0.7577757E+00 -0.4032347E-07
 -0.6712401E+00 -0.4045437E-07
 -0.5819031E+00 -0.4051208E-07
 -0.4908329E+00 -0.4063871E-07
 -0.3987119E+00 -0.4071769E-07
 -0.3070239E+00 -0.4082143E-07
 -0.2163952E+00 -0.4090152E-07
 -0.1131368E+00 -0.3772225E-07
 -0.1049809E+00 -0.3823726E-07
 -0.1763422E+00 -0.4090149E-07
 -0.1588319E+00 -0.4086809E-07
  0.3353901E+00 -0.4249807E-07
 -0.1393021E+00 -0.4077759E-07
 -0.1271875E+00 -0.4067969E-07
 -0.6759485E-02 -0.3873812E-07
 -0.1160258E+00 -0.3751869E-07
 -0.1164606E+00 -0.3746151E-07
 -0.1935266E+00 -0.4074442E-07
 -0.1181718E+00 -0.3756354E-07
 -0.1217297E+00 -0.3781804E-07
 -0.1075916E+00 -0.3823803E-07
 -0.8135084E-01 -0.3867569E-07
 -0.5867913E-01 -0.3919234E-07
 -0.3656632E-01 -0.3985024E-07
 -0.1288990E-01 -0.4055784E-07
  0.1250117E-01 -0.4131544E-07
  0.3757070E-01 -0.4195479E-07
  0.6006688E-01 -0.4257652E-07
  0.7860862E-01 -0.4320420E-07
  0.9276436E-01 -0.4357076E-07
  0.1032690E+00 -0.4388209E-07
  0.1123600E+00 -0.4409456E-07
  0.1221506E+00 -0.4411984E-07
  0.1315964E+00 -0.4406837E-07
  0.1220033E+00 -0.4393988E-07
  0.1001547E+00 -0.4348925E-07
  0.8530001E-01 -0.4297303E-07
  0.7465932E-01 -0.4252049E-07
 -0.1055749E+00 -0.3788161E-07
  0.3778252E+00 -0.4170203E-07
  0.5690524E+00 -0.4188958E-07
  0.4754297E+00 -0.4166565E-07
  0.4739013E-01 -0.3812586E-07
  0.4217095E+00 -0.4249532E-07
  0.2239515E+00 -0.4288699E-07
  0.5837736E+00 -0.4203891E-07
  0.6692066E+00 -0.4213292E-07
  0.8863868E+00 -0.4237430E-07
  0.9510761E+00 -0.4249756E-07
  0.1011143E+01 -0.4255818E-07
  0.1066413E+01 -0.4264534E-07
  0.1117231E+01 -0.4268387E-07
  0.1162566E+01 -0.4275452E-07
  0.1202549E+01 -0.4288017E-07
  0.1237931E+01 -0.4288587E-07
  0.1267321E+01 -0.4287709E-07
  0.1289657E+01 -0.4299307E-07
  0.1306863E+01 -0.4301465E-07
  0.1320179E+01 -0.4303051E-07
  0.1328604E+01 -0.4306618E-07
  0.1330982E+01 -0.4306304E-07
  0.1328084E+01 -0.4307520E-07
  0.1318675E+01 -0.4311459E-07
  0.1302657E+01 -0.4306510E-07
  0.1281510E+01 -0.4304628E-07
  0.1254440E+01 -0.4301122E-07
  0.1221395E+01 -0.4297674E-07
  0.1183622E+01 -0.4294037E-07
  0.1140449E+01 -0.4283842E-07
  0.1091804E+01 -0.4275123E-07
  0.1038919E+01 -0.4268153E-07
  0.9813045E+00 -0.4267332E-07
  0.9189640E+00 -0.4254746E-07
  0.8530361E+00 -0.4241810E-07
  0.7831985E+00 -0.4232880E-07
  0.7095940E+00 -0.4233382E-07
  0.6332443E+00 -0.4211886E-07
  0.5540185E+00 -0.4206127E-07
  0.4721143E+00 -0.4188519E-07
  0.3887059E+00 -0.4180109E-07
  0.3046207E+00 -0.4164438E-07
  0.2177684E+00 -0.4150833E-07
  0.1284733E+00 -0.4139459E-07
  0.3810024E-01 -0.4130741E-07
 -0.5201779E-01 -0.4113964E-07
 -0.1412560E+00 -0.4099221E-07
 -0.2295464E+00 -0.4088364E-07
 -0.3167598E+00 -0.4079905E-07
 -0.4024957E+00 -0.4062042E-07
 -0.4860321E+00 -0.4043354E-07
 -0.5666171E+00 -0.4033090E-07
 -0.6434367E+00 -0.4025036E-07
 -0.7193555E+00 -0.4011739E-07
 -0.7920272E+00 -0.4006008E-07
 -0.8598601E+00 -0.3996772E-07
 -0.9248149E+00 -0.3984107E-07
 -0.9858676E+00 -0.3978078E-07
 -0.1042368E+01 -0.3968192E-07
 -0.1094988E+01 -0.3964504E-07
 -0.1142231E+01 -0.3948220E-07
 -0.1183486E+01 -0.3942213E-07
 -0.1220716E+01 -0.3940582E-07
 -0.1253449E+01 -0.3932205E-07
 -0.1279549E+01 -0.3926851E-07
 -0.1299613E+01 -0.3925949E-07
 -0.1315027E+01 -0.3922531E-07
 -0.1326440E+01 -0.3918332E-07
 -0.1332493E+01 -0.3923126E-07
 -0.1332536E+01 -0.3916363E-07
 -0.1328717E+01 -0.3921396E-07
 -0.1319323E+01 -0.3925424E-07
 -0.1302421E+01 -0.3917754E-07
 -0.1278896E+01 -0.3929695E-07
 -0.1245527E+01 -0.3927702E-07
 -0.1205481E+01 -0.3933817E-07
 -0.1160861E+01 -0.3940811E-07
 -0.1112624E+01 -0.3950214E-07
 -0.1061500E+01 -0.3956591E-07
 -0.1006104E+01 -0.3963263E-07
 -0.9455757E+00 -0.3973189E-07
 -0.8809882E+00 -0.3981062E-07
 -0.8147141E+00 -0.3990100E-07
 -0.7484119E+00 -0.3998140E-07
 -0.6765656E+00 -0.4005154E-07
 -0.5981715E+00 -0.4018674E-07
 -0.5184240E+00 -0.4028880E-07
 -0.4386512E+00 -0.4035364E-07
 -0.3569045E+00 -0.4047278E-07
 -0.2755185E+00 -0.4067514E-07
 -0.3961956E+00 -0.3845308E-07
 -0.4014320E+00 -0.3840129E-07
  0.3324162E+00 -0.4128232E-07
 -0.1162634E+00 -0.3873661E-07
 -0.3648069E+00 -0.3848043E-07
  0.4333311E+00 -0.4245422E-07
  0.3493240E+00 -0.4165405E-07
 -0.2294326E+00 -0.4076294E-07
  0.1019326E+00 -0.4191894E-07
 -0.4008452E+00 -0.3882821E-07
  0.7466543E+00 -0.4212919E-07
 -0.3946241E+00 -0.3845725E-07
  0.6539205E-01 -0.4185350E-07
  0.4104405E+00 -0.4197765E-07
 -0.2650332E+00 -0.3946542E-07
 -0.1931033E+00 -0.3994349E-07
 -0.1208399E+00 -0.4049097E-07
 -0.4379275E-01 -0.4108914E-07
  0.4054748E-01 -0.4176791E-07
  0.1243137E+00 -0.4245958E-07
  0.1997281E+00 -0.4302754E-07
  0.2645243E+00 -0.4345872E-07
  0.3173336E+00 -0.4380686E-07
  0.3575850E+00 -0.4412365E-07
  0.3861954E+00 -0.4428830E-07
  0.4053322E+00 -0.4425756E-07
  0.4315746E+00 -0.4434988E-07
  0.4031208E+00 -0.4426075E-07
  0.3269837E+00 -0.4371579E-07
  0.2726308E+00 -0.4318871E-07
 -0.3181194E+00 -0.3860100E-07
 -0.2547945E+00 -0.4086469E-07
  0.8178899E+00 -0.4225881E-07
 -0.1956407E+00 -0.4047790E-07
  0.2468550E+00 -0.4124663E-07
 -0.3526143E+00 -0.3911849E-07
 -0.1889279E+00 -0.4055823E-07
  0.5207837E+00 -0.4274022E-07
  0.5041872E+00 -0.4219142E-07
 -0.3771208E+00 -0.4043021E-07
 -0.3082512E+00 -0.4030404E-07
  0.4304805E+00 -0.4128905E-07
  0.5909395E+00 -0.4217282E-07
 -0.6555359E+00 -0.3957903E-07
  0.7852559E+00 -0.4255133E-07
  0.8467085E+00 -0.4266687E-07
  0.9974037E+00 -0.4290751E-07
  0.1037864E+01 -0.4297916E-07
  0.1072260E+01 -0.4307845E-07
  0.1106199E+01 -0.4303032E-07
  0.1131424E+01 -0.4306927E-07
  0.1144358E+01 -0.4321005E-07
  0.1154630E+01 -0.4329219E-07
  0.1168653E+01 -0.4327428E-07
  0.1179852E+01 -0.4334377E-07
  0.1182760E+01 -0.4333103E-07
  0.1183845E+01 -0.4331094E-07
  0.1176319E+01 -0.4323315E-07
  0.1159830E+01 -0.4331124E-07
  0.1142488E+01 -0.4319181E-07
  0.1118148E+01 -0.4314586E-07
  0.1086156E+01 -0.4310575E-07
  0.1053764E+01 -0.4305770E-07
  0.1015000E+01 -0.4300400E-07
  0.9693019E+00 -0.4301327E-07
  0.9233048E+00 -0.4287144E-07
  0.8717331E+00 -0.4280425E-07
  0.8142032E+00 -0.4274396E-07
  0.7564457E+00 -0.4261194E-07
  0.6940728E+00 -0.4245744E-07
  0.6270123E+00 -0.4242210E-07
  0.5598693E+00 -0.4229185E-07
  0.4891867E+00 -0.4213308E-07
  0.4147229E+00 -0.4202587E-07
  0.3405730E+00 -0.4183869E-07
  0.2706196E+00 -0.4159474E-07
  0.1938956E+00 -0.4154422E-07
  0.1117564E+00 -0.4157871E-07
  0.2771900E-01 -0.4134236E-07
 -0.5442801E-01 -0.4118755E-07
 -0.1348115E+00 -0.4112302E-07
 -0.2144759E+00 -0.4087298E-07
 -0.2934908E+00 -0.4080123E-07
 -0.3720686E+00 -0.4064793E-07
 -0.4463089E+00 -0.4027493E-07
 -0.5147138E+00 -0.4019700E-07
 -0.5774715E+00 -0.4030429E-07
 -0.6467998E+00 -0.4003434E-07
 -0.7107634E+00 -0.3998021E-07
 -0.7676659E+00 -0.4005714E-07
 -0.8268479E+00 -0.3976994E-07
 -0.8817545E+00 -0.3967534E-07
 -0.9306026E+00 -0.3958876E-07
 -0.9785593E+00 -0.3948580E-07
 -0.1018859E+01 -0.3939620E-07
 -0.1050831E+01 -0.3947256E-07
 -0.1084551E+01 -0.3931007E-07
 -0.1116066E+01 -0.3927259E-07
 -0.1136735E+01 -0.3928092E-07
 -0.1151992E+01 -0.3921480E-07
 -0.1166806E+01 -0.3922292E-07
 -0.1182256E+01 -0.3916046E-07
 -0.1190506E+01 -0.3910573E-07
 -0.1189206E+01 -0.3918182E-07
 -0.1190774E+01 -0.3900600E-07
 -0.1186056E+01 -0.3915326E-07
 -0.1169842E+01 -0.3908992E-07
 -0.1151427E+01 -0.3918834E-07
 -0.1114331E+01 -0.3912218E-07
 -0.1071476E+01 -0.3931441E-07
 -0.1025874E+01 -0.3942824E-07
 -0.9801089E+00 -0.3949984E-07
 -0.9367889E+00 -0.3952000E-07
 -0.8883300E+00 -0.3961196E-07
 -0.8321676E+00 -0.3974666E-07
 -0.7726528E+00 -0.3983824E-07
 -0.7155131E+00 -0.3994463E-07
 -0.6681037E+00 -0.3976903E-07
 -0.6090995E+00 -0.3983386E-07
 -0.5333164E+00 -0.4027524E-07
 -0.4613107E+00 -0.4034325E-07
 -0.3985580E+00 -0.4033853E-07
  0.7220590E+00 -0.4249262E-07
  0.6621760E+00 -0.4222147E-07
  0.4922212E+00 -0.4207532E-07
 -0.7842278E-01 -0.4168632E-07
 -0.4480478E+00 -0.4018483E-07
 -0.6139219E+00 -0.3954153E-07
 -0.5553421E+00 -0.4057546E-07
 -0.2958838E+00 -0.4065429E-07
  0.3340876E+00 -0.4185639E-07
 -0.6615513E+00 -0.3936738E-07
  0.5098236E+00 -0.4281281E-07
  0.3731211E+00 -0.4335377E-07
 -0.4374630E+00 -0.4021322E-07
 -0.3213234E+00 -0.4056857E-07
  0.6897728E-01 -0.4228249E-07
  0.2160836E+00 -0.4281219E-07
  0.3433366E+00 -0.4331321E-07
  0.4518547E+00 -0.4370652E-07
  0.5415525E+00 -0.4394212E-07
  0.6102577E+00 -0.4424410E-07
  0.6566285E+00 -0.4429635E-07
  0.6717029E+00 -0.4434545E-07
  0.5067880E-01 -0.4061978E-07
  0.6564425E+00 -0.4505143E-07
  0.5436599E+00 -0.4396823E-07
  0.4515654E+00 -0.4342807E-07
 -0.5321025E+00 -0.4014214E-07
  0.9019998E+00 -0.4273063E-07
 -0.2036584E+00 -0.4106051E-07
  0.9504860E+00 -0.4284061E-07
  0.6322480E-01 -0.4252967E-07
  0.6201019E+00 -0.4281750E-07
 -0.3265365E+00 -0.4037383E-07
 -0.2485166E+00 -0.4020667E-07
  0.6824295E+00 -0.4288390E-07
  0.9267157E-01 -0.4369137E-07
  0.1445689E+00 -0.4102355E-07
 -0.8830947E+00 -0.4024759E-07
 -0.4291531E+00 -0.4139009E-07
  0.9443866E+00 -0.4330165E-07
  0.7472932E+00 -0.4259378E-07
  0.8839203E+00 -0.4281380E-07
  0.9190370E+00 -0.4292460E-07
  0.1009107E+01 -0.4298335E-07
  0.9965060E+00 -0.4334151E-07
  0.9805692E+00 -0.4347958E-07
  0.1003145E+01 -0.4329781E-07
  0.1036036E+01 -0.4344008E-07
  0.1035881E+01 -0.4357261E-07
  0.1048685E+01 -0.4323840E-07
  0.1043521E+01 -0.4332190E-07
  0.1019416E+01 -0.4361236E-07
  0.1011596E+01 -0.4325847E-07
  0.9905459E+00 -0.4315443E-07
  0.9528071E+00 -0.4349655E-07
  0.9311826E+00 -0.4302832E-07
  0.8978854E+00 -0.4298585E-07
  0.8487410E+00 -0.4323611E-07
  0.8142558E+00 -0.4278449E-07
  0.7699924E+00 -0.4273287E-07
  0.7113938E+00 -0.4296718E-07
  0.6653641E+00 -0.4251768E-07
  0.6119526E+00 -0.4240768E-07
  0.5463752E+00 -0.4264203E-07
  0.4907362E+00 -0.4216825E-07
  0.4298223E+00 -0.4207773E-07
  0.3574063E+00 -0.4228873E-07
  0.2900087E+00 -0.4185118E-07
  0.1900178E+00 -0.4175503E-07
  0.1994055E-01 -0.4117390E-07
 -0.5224269E-01 -0.4104416E-07
 -0.1248512E+00 -0.4124668E-07
 -0.1983860E+00 -0.4075232E-07
 -0.2692540E+00 -0.4065119E-07
 -0.3532094E+00 -0.4119625E-07
 -0.5044038E+00 -0.4108638E-07
 -0.6093779E+00 -0.4035791E-07
 -0.6672691E+00 -0.4021174E-07
 -0.7306111E+00 -0.3966253E-07
 -0.7806551E+00 -0.3953569E-07
 -0.8180680E+00 -0.3973473E-07
 -0.8671742E+00 -0.3939117E-07
 -0.8959774E+00 -0.3914843E-07
 -0.9036593E+00 -0.3955600E-07
 -0.9394186E+00 -0.3905605E-07
 -0.9872940E+00 -0.3910502E-07
 -0.9976315E+00 -0.3936445E-07
 -0.1003862E+01 -0.3919498E-07
 -0.1020488E+01 -0.3921299E-07
 -0.1048996E+01 -0.3893875E-07
 -0.1061081E+01 -0.3895306E-07
 -0.1053541E+01 -0.3939809E-07
  0.2392471E+00 -0.4178676E-07
 -0.1001050E+01 -0.3917535E-07
 -0.9439797E+00 -0.3939156E-07
 -0.8923326E+00 -0.3953175E-07
 -0.8456090E+00 -0.3948922E-07
 -0.8188164E+00 -0.3930036E-07
 -0.7805536E+00 -0.3944453E-07
 -0.7244102E+00 -0.3980163E-07
 -0.6634794E+00 -0.3988732E-07
 -0.6114917E+00 -0.4015689E-07
 -0.7088894E+00 -0.3821997E-07
  0.7975799E+00 -0.4271989E-07
 -0.1079277E+00 -0.4265845E-07
 -0.6125270E+00 -0.4121927E-07
 -0.8177122E+00 -0.4072642E-07
 -0.6980036E+00 -0.4046698E-07
  0.5871204E+00 -0.4359308E-07
 -0.2965446E+00 -0.4167571E-07
  0.2974672E+00 -0.4376313E-07
 -0.2073914E+00 -0.4037788E-07
  0.8348643E+00 -0.4312567E-07
  0.4645525E+00 -0.4394186E-07
  0.6072749E+00 -0.4433200E-07
  0.7259618E+00 -0.4466807E-07
  0.8165630E+00 -0.4482377E-07
  0.8749842E+00 -0.4483086E-07
  0.8825781E+00 -0.4437623E-07
 -0.6442721E-01 -0.3988787E-07
  0.8305553E+00 -0.4504045E-07
  0.7171360E+00 -0.4450538E-07
 -0.2539322E-01 -0.4102711E-07
 -0.8605270E+00 -0.3982493E-07
  0.9853029E+00 -0.4291552E-07
 -0.6767589E+00 -0.3982085E-07
 -0.8779238E+00 -0.3966928E-07
 -0.1051522E+01 -0.3972690E-07
 -0.8963344E+00 -0.3943910E-07
 -0.5703532E+00 -0.4104231E-07
 -0.7195060E+00 -0.4083398E-07
  0.2105592E+00 -0.4178726E-07
 -0.2417177E+00 -0.4061782E-07
 -0.1209250E+00 -0.3954748E-07
 -0.4843053E+00 -0.4031403E-07
 -0.3483724E+00 -0.4081933E-07
 -0.1467369E+00 -0.4189500E-07
  0.1381649E+00 -0.3801109E-07
  0.3074304E+00 -0.3795852E-07
  0.7860823E+00 -0.4375833E-07
  0.7104588E+00 -0.4463398E-07
  0.5863522E+00 -0.4198967E-07
 -0.7105730E+00 -0.3940509E-07
 -0.4041788E+00 -0.4070375E-07
 -0.6823223E+00 -0.4002139E-07
 -0.9431573E+00 -0.3895718E-07
 -0.5765267E+00 -0.3967670E-07
 -0.1067547E+01 -0.3866854E-07
 -0.1535687E-01 -0.4106617E-07
 -0.8765546E+00 -0.4015164E-07
 -0.3861553E+00 -0.4087802E-07
 -0.7782382E+00 -0.3937143E-07
  0.8951610E+00 -0.4306930E-07
 -0.2092908E+00 -0.4065110E-07
  0.7936779E+00 -0.4303940E-07
  0.4006556E+00 -0.4214645E-07
 -0.6658687E+00 -0.3965335E-07
  0.6806492E+00 -0.4282638E-07
 -0.6955637E+00 -0.3936312E-07
  0.5583460E+00 -0.4254054E-07
  0.6938320E+00 -0.4285641E-07
  0.8021787E+00 -0.4306047E-07
  0.8797675E+00 -0.4327382E-07
  0.9226967E+00 -0.4341815E-07
  0.8981800E+00 -0.4403213E-07
 -0.9033629E+00 -0.3910945E-07
 -0.5837588E+00 -0.3997505E-07
 -0.4412183E+00 -0.4049899E-07
 -0.8790284E+00 -0.3873079E-07
  0.8815100E+00 -0.4324458E-07
 -0.7704278E+00 -0.3863444E-07
 -0.5122746E+00 -0.3958724E-07
  0.1259474E+00 -0.8176416E-08
  0.1425876E+00  0.1063148E-08
  0.1658623E+00  0.3585301E-08
  0.1894090E+00  0.4367106E-08
  0.2124771E+00  0.4464194E-08
  0.2349716E+00  0.4279344E-08
  0.2569059E+00  0.3983561E-08
  0.2783013E+00  0.3652280E-08
  0.2991759E+00  0.3327247E-08
  0.3195520E+00  0.3028596E-08
  0.3393968E+00  0.2758538E-08
  0.3587110E+00  0.2522961E-08
  0.3774873E+00  0.2315329E-08
  0.3957628E+00  0.2137875E-08
  0.4136324E+00  0.1982928E-08
  0.4312889E+00  0.1851232E-08
  0.4492343E+00  0.1744003E-08
  0.4684799E+00  0.1656493E-08
  0.4912688E+00  0.1595655E-08
  0.5229225E+00  0.1573491E-08
  0.1545887E+01  0.2671639E-08
  0.2501267E+01  0.3689741E-08
  0.3347358E+01  0.4580333E-08
  0.4047137E+01  0.5307040E-08
  0.4570067E+01  0.5837500E-08
  0.4893208E+01  0.6148602E-08
  0.5002419E+01  0.6226231E-08
  0.4893055E+01  0.6065020E-08
  0.4569884E+01  0.5675436E-08
  0.4046989E+01  0.5076134E-08
  0.3347226E+01  0.4290239E-08
  0.2501144E+01  0.3350090E-08
  0.1545767E+01  0.2299613E-08
  0.5228271E+00  0.1184685E-08
 -0.5229684E+00  0.5351480E-10
 -0.1545907E+01 -0.1044152E-08
 -0.2501282E+01 -0.2062369E-08
 -0.3347337E+01 -0.2952659E-08
 -0.4047097E+01 -0.3681323E-08
 -0.4569989E+01 -0.4209364E-08
 -0.4893142E+01 -0.4520079E-08
 -0.5002434E+01 -0.4598852E-08
 -0.4893104E+01 -0.4439262E-08
 -0.4569924E+01 -0.4051124E-08
 -0.4047008E+01 -0.3450550E-08
 -0.3347228E+01 -0.2662153E-08
 -0.2501171E+01 -0.1722162E-08
 -0.1545804E+01 -0.6734467E-09
 -0.5228796E+00  0.4417724E-09
 -0.4912038E+00  0.4846515E-09
 -0.4684095E+00  0.5479786E-09
 -0.4491562E+00  0.6293039E-09
 -0.4312007E+00  0.7301413E-09
 -0.4135222E+00  0.8503636E-09
 -0.3956430E+00  0.9930770E-09
 -0.3773478E+00  0.1159147E-08
 -0.3585452E+00  0.1356021E-08
 -0.3392304E+00  0.1581577E-08
 -0.3194031E+00  0.1840488E-08
 -0.2990528E+00  0.2128080E-08
 -0.2781860E+00  0.2438934E-08
 -0.2567920E+00  0.2754858E-08
 -0.2348541E+00  0.3037480E-08
 -0.2123286E+00  0.3204348E-08
 -0.1891959E+00  0.3076066E-08
 -0.1655375E+00  0.2251548E-08
 -0.1419619E+00 -0.3598245E-09
 -0.1247187E+00 -0.9844124E-08
 -0.3697928E+00 -0.1149377E-07
 -0.5989146E+00 -0.1306962E-07
 -0.8018255E+00 -0.1445606E-07
 -0.9694284E+00 -0.1563931E-07
 -0.1094640E+01 -0.1652367E-07
 -0.1172266E+01 -0.1710229E-07
 -0.1198707E+01 -0.1733123E-07
 -0.1172650E+01 -0.1721495E-07
 -0.1095232E+01 -0.1675271E-07
 -0.9699056E+00 -0.1596670E-07
 -0.8021723E+00 -0.1489768E-07
 -0.5994089E+00 -0.1358572E-07
 -0.3704555E+00 -0.1207856E-07
 -0.1253053E+00 -0.1045350E-07
  0.1253210E+00 -0.8764578E-08
  0.3704618E+00 -0.7119807E-08
  0.5993485E+00 -0.5564555E-08
  0.8019865E+00 -0.4164181E-08
  0.9695952E+00 -0.3000588E-08
  0.1095014E+01 -0.2105308E-08
  0.1172657E+01 -0.1529262E-08
  0.1198952E+01 -0.1292521E-08
  0.1172779E+01 -0.1402470E-08
  0.1095427E+01 -0.1856470E-08
  0.9700998E+00 -0.2639508E-08
  0.8017526E+00 -0.3705747E-08
  0.5970612E+00 -0.5006149E-08
  0.3691339E+00 -0.6528442E-08
  0.5597613E+00  0.5621080E-08
  0.6280283E+00  0.5693238E-08
  0.6945577E+00  0.5487913E-08
  0.7594215E+00  0.5176225E-08
  0.8226874E+00  0.4832712E-08
  0.8844097E+00  0.4494474E-08
  0.9446266E+00  0.4184483E-08
  0.1003288E+01  0.3903968E-08
  0.1060380E+01  0.3658294E-08
  0.1116015E+01  0.3439123E-08
  0.1170305E+01  0.3249875E-08
  0.1223226E+01  0.3086797E-08
  0.1275358E+01  0.2945359E-08
  0.1328259E+01  0.2827310E-08
  0.1385041E+01  0.2734101E-08
  0.1452317E+01  0.2674795E-08
  0.2349868E+01  0.3673698E-08
  0.3144775E+01  0.4548733E-08
  0.3802539E+01  0.5266147E-08
  0.4293960E+01  0.5788475E-08
  0.4597422E+01  0.6090721E-08
  0.4699299E+01  0.6160997E-08
  0.4596294E+01  0.6002647E-08
  0.4292718E+01  0.5624026E-08
  0.3801619E+01  0.5033783E-08
  0.3144320E+01  0.4261108E-08
  0.2349546E+01  0.3340530E-08
  0.1452019E+01  0.2309887E-08
  0.4910419E+00  0.1214248E-08
 -0.4914101E+00  0.1036357E-09
 -0.1452383E+01 -0.9729835E-09
 -0.2349884E+01 -0.1972493E-08
 -0.3144680E+01 -0.2849160E-08
 -0.3802042E+01 -0.3561875E-08
 -0.4293238E+01 -0.4082695E-08
 -0.4596789E+01 -0.4386935E-08
 -0.4699443E+01 -0.4462859E-08
 -0.4596701E+01 -0.4307498E-08
 -0.4293074E+01 -0.3926572E-08
 -0.3801823E+01 -0.3335859E-08
 -0.3144416E+01 -0.2564279E-08
 -0.2349612E+01 -0.1641847E-08
 -0.1452127E+01 -0.6103534E-09
 -0.1384736E+01 -0.5448988E-09
 -0.1327807E+01 -0.4696922E-09
 -0.1274722E+01 -0.3805848E-09
 -0.1222473E+01 -0.2696081E-09
 -0.1169645E+01 -0.1371620E-09
 -0.1115587E+01  0.1793463E-10
 -0.1060048E+01  0.2022786E-09
 -0.1002961E+01  0.4176791E-09
 -0.9443261E+00  0.6674695E-09
 -0.8841599E+00  0.9397280E-09
 -0.8224655E+00  0.1239539E-08
 -0.7592236E+00  0.1546826E-08
 -0.6943713E+00  0.1806273E-08
 -0.6278157E+00  0.1958712E-08
 -0.5595270E+00  0.1802198E-08
 -0.4897022E+00  0.9359077E-09
 -0.4203050E+00 -0.1758681E-08
 -0.6802515E+00 -0.3069974E-08
 -0.9104283E+00 -0.4245784E-08
 -0.1100763E+01 -0.5228952E-08
 -0.1243004E+01 -0.5977245E-08
 -0.1330973E+01 -0.6461244E-08
 -0.1360779E+01 -0.6658448E-08
 -0.1331090E+01 -0.6561351E-08
 -0.1243207E+01 -0.6175168E-08
 -0.1100971E+01 -0.5516088E-08
 -0.9106171E+00 -0.4608298E-08
 -0.6804724E+00 -0.3500131E-08
 -0.4205833E+00 -0.2235072E-08
 -0.1423025E+00 -0.8653266E-09
  0.1422088E+00  0.5483990E-09
  0.4204898E+00  0.1940689E-08
  0.6803679E+00  0.3252201E-08
  0.9105181E+00  0.4426921E-08
  0.1100878E+01  0.5410415E-08
  0.1243158E+01  0.6163773E-08
  0.1331133E+01  0.6651659E-08
  0.1360924E+01  0.6852249E-08
  0.1331247E+01  0.6757712E-08
  0.1243422E+01  0.6374582E-08
  0.1101264E+01  0.5717967E-08
  0.9108472E+00  0.4815591E-08
  0.6805242E+00  0.3710139E-08
  0.4206909E+00  0.2440350E-08
  0.4900045E+00  0.4882820E-08
  0.1016106E+01  0.6825302E-08
  0.1331071E+01  0.5923886E-08
  0.1430955E+01  0.5576863E-08
  0.1528331E+01  0.5256516E-08
  0.1623211E+01  0.4965789E-08
  0.1715668E+01  0.4705899E-08
  0.1806225E+01  0.4474350E-08
  0.1894508E+01  0.4280182E-08
  0.1980571E+01  0.4108049E-08
  0.2064860E+01  0.3963938E-08
  0.2149880E+01  0.3836179E-08
  0.2241202E+01  0.3732584E-08
  0.2999865E+01  0.4615280E-08
  0.4096617E+01  0.5844758E-08
  0.3628271E+01  0.5333161E-08
  0.4385496E+01  0.6147852E-08
  0.4481122E+01  0.6209397E-08
  0.4382219E+01  0.6050088E-08
  0.4092601E+01  0.5669648E-08
  0.3624696E+01  0.5087041E-08
  0.2998145E+01  0.4317384E-08
  0.2240370E+01  0.3396409E-08
  0.1384558E+01  0.2367775E-08
  0.4681727E+00  0.1275506E-08
 -0.4687068E+00  0.1654970E-09
 -0.1385096E+01 -0.9106239E-09
 -0.2240959E+01 -0.1907029E-08
 -0.2998877E+01 -0.2780146E-08
 -0.3625729E+01 -0.3491995E-08
 -0.4094115E+01 -0.4011582E-08
 -0.4383567E+01 -0.4315561E-08
 -0.4481441E+01 -0.4392790E-08
 -0.4383450E+01 -0.4236910E-08
 -0.4093880E+01 -0.3855334E-08
 -0.3625414E+01 -0.3267188E-08
 -0.2998516E+01 -0.2496230E-08
 -0.2240575E+01 -0.1575104E-08
 -0.2148462E+01 -0.1504711E-08
 -0.1978038E+01 -0.1323623E-08
 -0.2062572E+01 -0.1423070E-08
 -0.1892564E+01 -0.1202435E-08
 -0.1805114E+01 -0.1056356E-08
 -0.1715259E+01 -0.8800213E-09
 -0.1622891E+01 -0.6766961E-09
 -0.1528011E+01 -0.4371043E-09
 -0.1430648E+01 -0.1717187E-09
 -0.1330823E+01  0.1148661E-09
 -0.1228484E+01  0.4039056E-09
 -0.1123555E+01  0.6549465E-09
 -0.1015879E+01  0.7867967E-09
 -0.9054191E+00  0.6083923E-09
 -0.7924826E+00 -0.3004707E-09
 -0.1060601E+01 -0.1403394E-08
 -0.1448049E+01 -0.3036740E-08
 -0.1282359E+01 -0.2328618E-08
 -0.1550461E+01 -0.3491147E-08
 -0.1585119E+01 -0.3673908E-08
 -0.1550498E+01 -0.3583753E-08
 -0.1448110E+01 -0.3222192E-08
 -0.1282431E+01 -0.2600014E-08
 -0.1060720E+01 -0.1746908E-08
 -0.7926460E+00 -0.6981714E-09
 -0.4899226E+00  0.4906034E-09
 -0.1657871E+00  0.1776969E-08
  0.1655992E+00  0.3109994E-08
  0.4897394E+00  0.4415074E-08
  0.7924809E+00  0.5650066E-08
  0.1060583E+01  0.6751935E-08
  0.1282346E+01  0.7682496E-08
  0.1448085E+01  0.8388068E-08
  0.1550542E+01  0.8849179E-08
  0.1585222E+01  0.9035306E-08
  0.1550633E+01  0.8946917E-08
  0.1448283E+01  0.8586547E-08
  0.1282621E+01  0.7965601E-08
  0.1060868E+01  0.7117309E-08
  0.7927322E+00  0.6074219E-08
  0.1123753E+01  0.6608302E-08
  0.1228699E+01  0.6276328E-08
  0.9056357E+00  0.6779741E-08
  0.2044852E+01  0.6193093E-08
  0.1914698E+01  0.6524582E-08
  0.2295451E+01  0.5624755E-08
  0.2416691E+01  0.5388861E-08
  0.2535597E+01  0.5183122E-08
  0.2651947E+01  0.5003945E-08
  0.2765461E+01  0.4850923E-08
  0.2878715E+01  0.4723019E-08
  0.4297387E+01  0.6330219E-08
  0.4200842E+01  0.6153924E-08
  0.3930008E+01  0.5952101E-08
  0.4206350E+01  0.6255485E-08
  0.3481763E+01  0.5433717E-08
  0.3923686E+01  0.5780490E-08
  0.3475107E+01  0.5188608E-08
  0.2874591E+01  0.4416723E-08
  0.2148114E+01  0.3492047E-08
  0.1327541E+01  0.2458501E-08
  0.4488485E+00  0.1359000E-08
 -0.4495145E+00  0.2433397E-09
 -0.1328235E+01 -0.8378235E-09
 -0.2148916E+01 -0.1838929E-08
 -0.2875678E+01 -0.2717267E-08
 -0.3476757E+01 -0.3434896E-08
 -0.3925876E+01 -0.3955557E-08
 -0.4203422E+01 -0.4264524E-08
 -0.4297242E+01 -0.4339048E-08
 -0.4203272E+01 -0.4183704E-08
 -0.3925615E+01 -0.3798309E-08
 -0.3476390E+01 -0.3207743E-08
 -0.2875254E+01 -0.2430697E-08
 -0.2415753E+01 -0.2016198E-08
 -0.2295525E+01 -0.1849069E-08
 -0.2647179E+01 -0.2265873E-08
 -0.2532792E+01 -0.2153746E-08
 -0.2760313E+01 -0.2357675E-08
 -0.2171910E+01 -0.1654000E-08
 -0.2044929E+01 -0.1428889E-08
 -0.1914617E+01 -0.1170874E-08
 -0.1781000E+01 -0.8963989E-09
 -0.1644037E+01 -0.6152907E-09
 -0.1503619E+01 -0.3787106E-09
 -0.1359547E+01 -0.2566797E-09
 -0.1211732E+01 -0.4579549E-09
 -0.1810869E+01 -0.2655718E-08
 -0.1771298E+01 -0.2566354E-08
 -0.1654336E+01 -0.2037760E-08
 -0.1771305E+01 -0.2482490E-08
 -0.1465052E+01 -0.1351379E-08
 -0.1654311E+01 -0.2214253E-08
 -0.1465043E+01 -0.1612001E-08
 -0.1211770E+01 -0.7928135E-09
 -0.9055256E+00  0.2230377E-09
 -0.5597043E+00  0.1378345E-08
 -0.1894204E+00  0.2623460E-08
  0.1891405E+00  0.3909717E-08
  0.5594388E+00  0.5179525E-08
  0.9052880E+00  0.6378088E-08
  0.1211576E+01  0.7444535E-08
  0.1464925E+01  0.8340930E-08
  0.1654261E+01  0.9027822E-08
  0.1771288E+01  0.9469545E-08
  0.1810928E+01  0.9653242E-08
  0.1771413E+01  0.9566297E-08
  0.1654488E+01  0.9210327E-08
  0.1465237E+01  0.8613552E-08
  0.1211930E+01  0.7785741E-08
  0.1503797E+01  0.7585267E-08
  0.1644194E+01  0.7244263E-08
  0.2171666E+01  0.5896566E-08
  0.1359737E+01  0.7823910E-08
  0.1781142E+01  0.6880194E-08
  0.2772696E+01  0.6380049E-08
  0.2918651E+01  0.6133033E-08
  0.3343510E+01  0.5565422E-08
  0.3767682E+01  0.5931665E-08
  0.3336680E+01  0.5330469E-08
  0.4033720E+01  0.6322554E-08
  0.4125824E+01  0.6472181E-08
  0.3772125E+01  0.6080417E-08
  0.4037440E+01  0.6393880E-08
 -0.2314859E+01 -0.2007305E-08
  0.2062308E+01  0.3617543E-08
  0.1274422E+01  0.2573369E-08
  0.4308565E+00  0.1464346E-08
 -0.4315946E+00  0.3411713E-09
 -0.1275187E+01 -0.7515842E-09
 -0.2063061E+01 -0.1758402E-08
 -0.2760764E+01 -0.2646215E-08
 -0.3337804E+01 -0.3368543E-08
 -0.3768946E+01 -0.3893399E-08
 -0.4035369E+01 -0.4204142E-08
 -0.4125441E+01 -0.4280512E-08
 -0.4035224E+01 -0.4122726E-08
 -0.3768673E+01 -0.3736109E-08
 -0.3337415E+01 -0.3138561E-08
 -0.2625958E+01 -0.2474626E-08
 -0.2472419E+01 -0.2254317E-08
 -0.2775411E+01 -0.2662370E-08
 -0.2920815E+01 -0.2822001E-08
 -0.3200631E+01 -0.3054949E-08
 -0.3062324E+01 -0.2950927E-08
 -0.1359491E+01 -0.5780939E-09
 -0.2153305E+01 -0.1735717E-08
 -0.1987694E+01 -0.1466347E-08
 -0.1817936E+01 -0.1241629E-08
 -0.1643767E+01 -0.1135443E-08
 -0.1855968E+01 -0.1980270E-08
 -0.1643660E+01 -0.1386468E-08
 -0.1987231E+01 -0.2322319E-08
 -0.2031649E+01 -0.2414871E-08
 -0.1856119E+01 -0.1806866E-08
 -0.1987321E+01 -0.2240039E-08
 -0.1015923E+01  0.4110769E-09
 -0.6279477E+00  0.1542673E-08
 -0.2125315E+00  0.2758450E-08
  0.2121654E+00  0.4022491E-08
  0.6275952E+00  0.5266775E-08
  0.1015613E+01  0.6437720E-08
  0.1359237E+01  0.7486145E-08
  0.1643471E+01  0.8363891E-08
  0.1855887E+01  0.9036244E-08
  0.1987202E+01  0.9476721E-08
  0.2031679E+01  0.9648859E-08
  0.1987386E+01  0.9566437E-08
  0.1856224E+01  0.9221195E-08
  0.1643917E+01  0.8629957E-08
  0.2153237E+01  0.7659522E-08
  0.2623918E+01  0.6651053E-08
  0.1987727E+01  0.8036684E-08
  0.2759917E+01  0.4549912E-08
  0.1818040E+01  0.8379658E-08
  0.2314445E+01  0.7295252E-08
  0.3204547E+01  0.5724208E-08
  0.3062685E+01  0.5920902E-08
  0.2471355E+01  0.6959878E-08
  0.3128926E+01  0.6931199E-08
  0.3293038E+01  0.6674816E-08
  0.3869512E+01  0.6560886E-08
  0.3615980E+01  0.6105512E-08
  0.3202115E+01  0.5506320E-08
  0.3614908E+01  0.6259867E-08
  0.3870852E+01  0.6495954E-08
  0.3956518E+01  0.6646833E-08
 -0.2244442E+01 -0.2116894E-08
  0.1978240E+01  0.3765599E-08
 -0.3133977E+01 -0.3286448E-08
  0.4131981E+00  0.1589849E-08
  0.1222301E+01  0.2709266E-08
 -0.1222949E+01 -0.6429027E-09
 -0.1978527E+01 -0.1665737E-08
 -0.2647623E+01 -0.2560438E-08
 -0.3201000E+01 -0.3284766E-08
 -0.3614443E+01 -0.3819019E-08
 -0.3869937E+01 -0.4129972E-08
 -0.3956318E+01 -0.4204361E-08
 -0.3869814E+01 -0.4045039E-08
 -0.3614194E+01 -0.3656661E-08
 -0.3458002E+01 -0.3559496E-08
 -0.1503417E+01 -0.6982379E-09
 -0.2791788E+01 -0.2883512E-08
 -0.2965187E+01 -0.3100409E-08
 -0.3298180E+01 -0.3437311E-08
 -0.6944398E+00  0.1400311E-08
 -0.2052766E+01 -0.1895536E-08
 -0.2197680E+01 -0.2411461E-08
 -0.2431429E+01 -0.2377606E-08
 -0.2197847E+01 -0.2323829E-08
 -0.2350502E+00  0.2603350E-08
 -0.1817670E+01 -0.1493815E-08
 -0.2052515E+01 -0.2078045E-08
 -0.2246857E+01 -0.2501819E-08
 -0.1123484E+01  0.2832864E-09
  0.2346189E+00  0.3840916E-08
  0.6940311E+00  0.5070216E-08
  0.1123119E+01  0.6219828E-08
  0.1503129E+01  0.7250815E-08
  0.1817451E+01  0.8119098E-08
  0.2052364E+01  0.8783042E-08
  0.2197602E+01  0.9206126E-08
  0.2246797E+01  0.9385780E-08
  0.2197826E+01  0.9296317E-08
  0.2052791E+01  0.8959430E-08
  0.2612946E+01  0.7856708E-08
  0.2961812E+01  0.7203711E-08
  0.2647958E+01  0.4711005E-08
  0.2244341E+01  0.8606500E-08
  0.3455431E+01  0.6450452E-08
  0.2789865E+01  0.7514895E-08
  0.2431081E+01  0.8226264E-08
 -0.4139302E+00  0.4554851E-09
 -0.2613872E+01 -0.2645016E-08
  0.3527514E+01  0.7000152E-08
  0.3785410E+01  0.6852253E-08
  0.3065886E+01  0.5687974E-08
 -0.3355556E+01 -0.3682008E-08
 -0.3960472E+00  0.5954147E-09
  0.1893365E+01  0.3937053E-08
 -0.2403056E+01 -0.2535726E-08
 -0.2533189E+01 -0.2448364E-08
 -0.3531387E+01 -0.3833448E-08
 -0.2798582E+01 -0.3055528E-08
  0.1169703E+01  0.2873034E-08
 -0.1893010E+01 -0.1546639E-08
 -0.3458196E+01 -0.3720183E-08
 -0.3702627E+01 -0.4036058E-08
 -0.3785297E+01 -0.4115677E-08
 -0.3702543E+01 -0.3952874E-08
  0.2565053E+00  0.3552269E-08
 -0.2989101E+01 -0.3294161E-08
 -0.2244121E+01 -0.2290258E-08
 -0.1643745E+01 -0.9284785E-09
 -0.3174765E+01 -0.3503069E-08
  0.1227931E+01  0.5906772E-08
 -0.2569876E+00  0.2326948E-08
 -0.1228336E+01  0.3510621E-10
  0.7587950E+00  0.4762609E-08
 -0.2402868E+01 -0.2625731E-08
 -0.1987345E+01 -0.1710231E-08
 -0.2603260E+01 -0.2793698E-08
 -0.3062612E+01 -0.3185066E-08
 -0.1170091E+01 -0.5175853E-09
  0.1643400E+01  0.6920706E-08
  0.1987076E+01  0.7774618E-08
  0.2243954E+01  0.8426870E-08
  0.2402762E+01  0.8849517E-08
  0.2456523E+01  0.9026678E-08
  0.2402911E+01  0.8943806E-08
  0.2602830E+01  0.8556714E-08
  0.3172123E+01  0.7528920E-08
  0.2987440E+01  0.7838055E-08
  0.3351927E+01  0.7249275E-08
  0.3953851E+00  0.1743038E-08
 -0.7592530E+00  0.1134681E-08
  0.3699760E+01  0.6766993E-08
  0.3461762E+01  0.6296939E-08
  0.2797661E+01  0.8188427E-08
 -0.2456634E+01 -0.2707648E-08
  0.2534930E+01  0.4891475E-08
 -0.3777256E+00  0.7595667E-09
  0.2152755E+01  0.7405177E-08
  0.1780413E+01  0.6562064E-08
  0.2431089E+01  0.8054450E-08
 -0.2416025E+01 -0.2314278E-08
  0.2778739E+00  0.3231612E-08
 -0.2860991E+01 -0.3225885E-08
  0.1115765E+01  0.3057059E-08
 -0.1805450E+01 -0.1404910E-08
  0.3610172E+01  0.7074178E-08
 -0.3298264E+01 -0.3598373E-08
 -0.3531421E+01 -0.3915900E-08
 -0.1780666E+01 -0.1202816E-08
 -0.3055794E+01 -0.3462325E-08
  0.1330273E+01  0.5555718E-08
 -0.1330646E+01 -0.2496121E-09
 -0.2431078E+01 -0.2550600E-08
  0.8220229E+00  0.4426454E-08
 -0.3245615E+01 -0.3669363E-08
 -0.8224987E+00  0.8392409E-09
 -0.2603049E+01 -0.2882499E-08
  0.3534406E+01  0.6914344E-08
 -0.3610290E+01 -0.3996859E-08
 -0.2783932E+00  0.2016900E-08
 -0.2152899E+01 -0.1985657E-08
 -0.2661290E+01 -0.2970248E-08
  0.2603038E+01  0.8466482E-08
  0.2661031E+01  0.8640282E-08
  0.3771312E+00  0.1912813E-08
  0.3055168E+01  0.7925085E-08
  0.3430076E+01  0.7324379E-08
  0.3245017E+01  0.7601598E-08
  0.2924648E+01  0.5898429E-08
 -0.3430454E+01 -0.3851089E-08
  0.2418329E+01  0.5093764E-08
  0.1806164E+01  0.4131322E-08
 -0.2920976E+01 -0.3053649E-08
  0.2860568E+01  0.8270613E-08
  0.3302187E+01  0.6518057E-08
 -0.1115980E+01 -0.3628766E-09
  0.2798619E+01  0.8098783E-08
 -0.1430506E+01 -0.5338701E-09
  0.3137169E+01  0.6759126E-08
 -0.2295613E+01 -0.2150657E-08
 -0.2988951E+01 -0.3382019E-08
 -0.2775412E+01 -0.2900036E-08
  0.1716170E+01  0.4352423E-08
  0.2297610E+01  0.5328278E-08
 -0.3133942E+01 -0.3447331E-08
 -0.3355513E+01 -0.3767839E-08
 -0.1914316E+01 -0.1481170E-08
  0.2314829E+01  0.7042859E-08
 -0.8842165E+00  0.5440649E-09
  0.1430310E+01  0.5211025E-08
  0.3583728E+00  0.2119307E-08
 -0.2613537E+01 -0.2812447E-08
  0.8838158E+00  0.4097253E-08
 -0.2314488E+01 -0.2248240E-08
 -0.2798393E+01 -0.3141496E-08
 -0.1060352E+01 -0.1836094E-09
  0.3357729E+01  0.7162367E-08
 -0.2992833E+00  0.1710067E-08
  0.2778532E+01  0.6140920E-08
  0.1914403E+01  0.6206333E-08
 -0.1715462E+01 -0.1232383E-08
 -0.3588839E+00  0.9504958E-09
 -0.3174679E+01 -0.3592646E-08
  0.2987686E+00  0.2911172E-08
  0.3176135E+01  0.7440997E-08
  0.1060185E+01  0.3268119E-08
  0.2614029E+01  0.7687500E-08
  0.2989717E+01  0.7753737E-08
 -0.1527964E+01 -0.7969632E-09
  0.2045394E+01  0.5880375E-08
  0.2792782E+01  0.7345240E-08
 -0.1003166E+01  0.2890073E-10
 -0.2625780E+01 -0.2713744E-08
  0.1623427E+01  0.4610420E-08
  0.3705343E+01  0.6695662E-08
  0.2473284E+01  0.6710416E-08
 -0.9444488E+00  0.2730078E-09
  0.1528101E+01  0.4894301E-08
 -0.2965022E+01 -0.3263395E-08
  0.2967177E+01  0.7037110E-08
  0.1003009E+01  0.3510407E-08
  0.9441845E+00  0.3787253E-08
 -0.2791532E+01 -0.3054683E-08
 -0.2171825E+01 -0.1958399E-08
 -0.3196418E+00  0.1425407E-08
  0.3390742E+00  0.2352399E-08
 -0.2044719E+01 -0.1734280E-08
 -0.2472133E+01 -0.2498688E-08
  0.3191946E+00  0.2617580E-08
 -0.3395078E+00  0.1173311E-08
 -0.1622946E+01 -0.1031431E-08
  0.2627981E+01  0.6406170E-08
  0.2173191E+01  0.5589177E-08
  0.4445124E-01  0.5656782E-07
 -0.3368112E+00  0.5968665E-07
  0.3438726E+00  0.5485438E-07
  0.3111560E+00  0.5721130E-07
  0.4488762E+00  0.5876005E-07
  0.5353880E+00  0.5912670E-07
  0.6187635E+00  0.5931201E-07
  0.6993759E+00  0.5953963E-07
  0.7768891E+00  0.5982903E-07
  0.8509760E+00  0.5996701E-07
  0.9213287E+00  0.6013200E-07
  0.9876585E+00  0.6031838E-07
  0.1049672E+01  0.6044164E-07
  0.1107104E+01  0.6060193E-07
  0.1159724E+01  0.6071582E-07
  0.1207287E+01  0.6084211E-07
  0.1249582E+01  0.6087792E-07
  0.1286434E+01  0.6099670E-07
  0.1317661E+01  0.6107893E-07
  0.1343108E+01  0.6115630E-07
  0.1362655E+01  0.6119743E-07
  0.1376160E+01  0.6126663E-07
  0.1380955E+01  0.6109221E-07
  0.1355591E+01  0.5985359E-07
 -0.2233579E+00  0.5582826E-07
  0.1314370E+01  0.5963073E-07
 -0.6279299E+00  0.5897310E-07
  0.1222860E+01  0.5936104E-07
 -0.4825400E+00  0.5517795E-07
  0.1083559E+01  0.5898429E-07
 -0.8941816E+00  0.5838322E-07
  0.9017375E+00  0.5851090E-07
 -0.7227794E+00  0.5450624E-07
  0.6845091E+00  0.5798393E-07
 -0.1125548E+01  0.5788839E-07
  0.4403379E+00  0.5736263E-07
 -0.9347928E+00  0.5394917E-07
  0.1788308E+00  0.5662892E-07
 -0.1312708E+01  0.5746825E-07
 -0.8966634E-01  0.5595550E-07
 -0.1110197E+01  0.5348634E-07
 -0.3546252E+00  0.5522654E-07
 -0.1448251E+01  0.5709383E-07
 -0.6056537E+00  0.5456371E-07
 -0.1241897E+01  0.5317114E-07
 -0.8329232E+00  0.5407097E-07
 -0.1526900E+01  0.5694262E-07
 -0.1027505E+01  0.5351775E-07
 -0.1324727E+01  0.5284215E-07
 -0.1181761E+01  0.5316362E-07
 -0.1545844E+01  0.5688758E-07
 -0.1289623E+01  0.5294214E-07
 -0.1355755E+01  0.5277581E-07
 -0.1346828E+01  0.5281600E-07
 -0.1504219E+01  0.5689934E-07
 -0.1351170E+01  0.5279818E-07
 -0.1333680E+01  0.5281263E-07
 -0.1302678E+01  0.5293039E-07
 -0.1403552E+01  0.5719152E-07
 -0.1203095E+01  0.5328145E-07
 -0.1259232E+01  0.5299707E-07
 -0.1056195E+01  0.5364273E-07
 -0.1247782E+01  0.5750741E-07
 -0.8677489E+00  0.5410541E-07
 -0.1135335E+01  0.5329258E-07
 -0.6453707E+00  0.5477910E-07
 -0.1043034E+01  0.5796137E-07
 -0.3977130E+00  0.5537317E-07
 -0.9668651E+00  0.5372457E-07
 -0.1345436E+00  0.5610023E-07
 -0.4524066E-01  0.5628092E-07
  0.1544108E+01  0.6359560E-07
 -0.7973087E+00  0.5855008E-07
  0.1176862E+01  0.5718270E-07
 -0.7604579E+00  0.5420546E-07
  0.1081708E+01  0.5688501E-07
 -0.5202793E+00  0.5920071E-07
  0.9442381E+00  0.5646520E-07
 -0.5241963E+00  0.5483275E-07
  0.7697213E+00  0.5590616E-07
 -0.2227994E+00  0.5981163E-07
  0.5649772E+00  0.5528487E-07
 -0.2673833E+00  0.5547707E-07
  0.3379726E+00  0.5465943E-07
  0.8346152E-01  0.6047411E-07
  0.9771229E-01  0.5396489E-07
 -0.6068747E-04  0.5617795E-07
 -0.1463533E+00  0.5326777E-07
  0.3864568E+00  0.6116746E-07
 -0.3846616E+00  0.5256351E-07
  0.2672932E+00  0.5686568E-07
 -0.6078910E+00  0.5196986E-07
  0.6742791E+00  0.6184666E-07
 -0.8072890E+00  0.5138702E-07
  0.5241696E+00  0.5752280E-07
 -0.9750278E+00  0.5097239E-07
  0.9355206E+00  0.6239930E-07
 -0.1104498E+01  0.5063403E-07
  0.7604190E+00  0.5816088E-07
 -0.1190580E+01  0.5043206E-07
  0.1159944E+01  0.6287500E-07
 -0.1229908E+01  0.5031125E-07
  0.9667295E+00  0.5867860E-07
 -0.1220971E+01  0.5047448E-07
  0.1338821E+01  0.6324382E-07
 -0.1164287E+01  0.5064044E-07
  0.1135097E+01  0.5912104E-07
 -0.1061866E+01  0.5095110E-07
  0.1465333E+01  0.6357349E-07
 -0.9176652E+00  0.5138309E-07
  0.1258996E+01  0.5949893E-07
 -0.7374075E+00  0.5192719E-07
  0.1534753E+01  0.6368651E-07
 -0.5283638E+00  0.5262551E-07
  0.1333748E+01  0.5971139E-07
 -0.2986776E+00  0.5323578E-07
  0.2230218E+00  0.5696768E-07
  0.1226272E+01  0.5737904E-07
  0.1340627E+00  0.5673896E-07
  0.0000000E+00  0.0000000E+00
  0.0000000E+00  0.0000000E+00
  0.0000000E+00  0.0000000E+00
  0.0000000E+00  0.0000000E+00
  0.0000000E+00  0.0000000E+00
  0.0000000E+00  0.0000000E+00
  0.0000000E+00  0.0000000E+00
  0.0000000E+00  0.0000000E+00
  0.0000000E+00  0.0000000E+00
  0.0000000E+00  0.0000000E+00
  0.0000000E+00  0.0000000E+00
  0.0000000E+00  0.0000000E+00
  0.0000000E+00  0.0000000E+00
  0.0000000E+00  0.0000000E+00
  0.0000000E+00  0.0000000E+00
  0.0000000E+00  0.0000000E+00
  0.0000000E+00  0.0000000E+00
  0.0000000E+00  0.0000000E+00
  0.0000000E+00  0.0000000E+00
  0.0000000E+00  0.0000000E+00
  0.0000000E+00  0.0000000E+00
  0.0000000E+00  0.0000000E+00
  0.0000000E+00  0.0000000E+00
  0.0000000E+00  0.0000000E+00
  0.0000000E+00  0.0000000E+00
  0.0000000E+00  0.0000000E+00
  0.0000000E+00  0.0000000E+00
  0.0000000E+00  0.0000000E+00
  0.0000000E+00  0.0000000E+00
  0.0000000E+00  0.0000000E+00
  0.0000000E+00  0.0000000E+00
  0.0000000E+00  0.0000000E+00
  0.0000000E+00  0.0000000E+00
  0.0000000E+00  0.0000000E+00
  0.0000000E+00  0.0000000E+00
  0.0000000E+00  0.0000000E+00
  0.0000000E+00  0.0000000E+00
  0.0000000E+00  0.0000000E+00
  0.0000000E+00  0.0000000E+00
  0.0000000E+00  0.0000000E+00
  0.0000000E+00  0.0000000E+00
  0.0000000E+00  0.0000000E+00
  0.0000000E+00  0.0000000E+00
  0.0000000E+00  0.0000000E+00
  0.0000000E+00  0.0000000E+00
  0.0000000E+00  0.0000000E+00
  0.0000000E+00  0.0000000E+00
  0.0000000E+00  0.0000000E+00
  0.0000000E+00  0.0000000E+00
  0.0000000E+00  0.0000000E+00
  0.0000000E+00  0.0000000E+00
  0.0000000E+00  0.0000000E+00
  0.0000000E+00  0.0000000E+00
  0.0000000E+00  0.0000000E+00
  0.0000000E+00  0.0000000E+00
  0.0000000E+00  0.0000000E+00
  0.0000000E+00  0.0000000E+00
  0.0000000E+00  0.0000000E+00
  0.0000000E+00  0.0000000E+00
  0.0000000E+00  0.0000000E+00
  0.0000000E+00  0.0000000E+00
  0.0000000E+00  0.0000000E+00
  0.0000000E+00  0.0000000E+00
  0.0000000E+00  0.0000000E+00
  0.0000000E+00  0.0000000E+00
  0.0000000E+00  0.0000000E+00
  0.0000000E+00  0.0000000E+00
  0.0000000E+00  0.0000000E+00
  0.0000000E+00  0.0000000E+00
  0.0000000E+00  0.0000000E+00
  0.0000000E+00  0.0000000E+00
  0.0000000E+00  0.0000000E+00
  0.0000000E+00  0.0000000E+00
  0.0000000E+00  0.0000000E+00
  0.0000000E+00  0.0000000E+00
  0.0000000E+00  0.0000000E+00
  0.0000000E+00  0.0000000E+00
  0.0000000E+00  0.0000000E+00
  0.0000000E+00  0.0000000E+00
  0.0000000E+00  0.0000000E+00
  0.0000000E+00  0.0000000E+00
  0.0000000E+00  0.0000000E+00
  0.0000000E+00  0.0000000E+00
  0.0000000E+00  0.0000000E+00
  0.0000000E+00  0.0000000E+00
  0.0000000E+00  0.0000000E+00
  0.0000000E+00  0.0000000E+00
  0.0000000E+00  0.0000000E+00
  0.0000000E+00  0.0000000E+00
  0.0000000E+00  0.0000000E+00
  0.0000000E+00  0.0000000E+00
  0.0000000E+00  0.0000000E+00
  0.0000000E+00  0.0000000E+00
  0.0000000E+00  0.0000000E+00
  0.0000000E+00  0.0000000E+00
  0.0000000E+00  0.0000000E+00
  0.0000000E+00  0.0000000E+00
  0.0000000E+00  0.0000000E+00
  0.0000000E+00  0.0000000E+00
  0.0000000E+00  0.0000000E+00
  0.0000000E+00  0.0000000E+00
  0.0000000E+00  0.0000000E+00
  0.0000000E+00  0.0000000E+00
  0.0000000E+00  0.0000000E+00
  0.0000000E+00  0.0000000E+00
  0.0000000E+00  0.0000000E+00
  0.0000000E+00  0.0000000E+00
  0.0000000E+00  0.0000000E+00
  0.0000000E+00  0.0000000E+00
  0.0000000E+00  0.0000000E+00
  0.0000000E+00  0.0000000E+00
  0.0000000E+00  0.0000000E+00
  0.0000000E+00  0.0000000E+00
  0.0000000E+00  0.0000000E+00
  0.0000000E+00  0.0000000E+00
  0.0000000E+00  0.0000000E+00
  0.0000000E+00  0.0000000E+00
  0.0000000E+00  0.0000000E+00
  0.0000000E+00  0.0000000E+00
  0.0000000E+00  0.0000000E+00
  0.0000000E+00  0.0000000E+00
  0.0000000E+00  0.0000000E+00
  0.0000000E+00  0.0000000E+00
  0.0000000E+00  0.0000000E+00
  0.0000000E+00  0.0000000E+00
  0.0000000E+00  0.0000000E+00
  0.0000000E+00  0.0000000E+00
  0.0000000E+00  0.0000000E+00
  0.0000000E+00  0.0000000E+00
  0.0000000E+00  0.0000000E+00
  0.0000000E+00  0.0000000E+00
  0.0000000E+00  0.0000000E+00
  0.0000000E+00  0.0000000E+00
  0.0000000E+00  0.0000000E+00
  0.0000000E+00  0.0000000E+00
  0.0000000E+00  0.0000000E+00
  0.0000000E+00  0.0000000E+00
  0.0000000E+00  0.0000000E+00
  0.0000000E+00  0.0000000E+00
  0.0000000E+00  0.0000000E+00
  0.0000000E+00  0.0000000E+00
  0.0000000E+00  0.0000000E+00
  0.0000000E+00  0.0000000E+00
  0.0000000E+00  0.0000000E+00
  0.0000000E+00  0.0000000E+00
  0.0000000E+00  0.0000000E+00
  0.0000000E+00  0.0000000E+00
  0.0000000E+00  0.0000000E+00
  0.0000000E+00  0.0000000E+00
  0.0000000E+00  0.0000000E+00
  0.0000000E+00  0.0000000E+00
  0.0000000E+00  0.0000000E+00
  0.0000000E+00  0.0000000E+00
  0.0000000E+00  0.0000000E+00
  0.0000000E+00  0.0000000E+00
  0.0000000E+00  0.0000000E+00
  0.0000000E+00  0.0000000E+00
  0.0000000E+00  0.0000000E+00
  0.0000000E+00  0.0000000E+00
  0.0000000E+00  0.0000000E+00
  0.0000000E+00  0.0000000E+00
  0.0000000E+00  0.0000000E+00
  0.0000000E+00  0.0000000E+00
  0.0000000E+00  0.0000000E+00
  0.0000000E+00  0.0000000E+00
  0.0000000E+00  0.0000000E+00
  0.0000000E+00  0.0000000E+00
  0.0000000E+00  0.0000000E+00
  0.0000000E+00  0.0000000E+00
  0.0000000E+00  0.0000000E+00
  0.0000000E+00  0.0000000E+00
  0.0000000E+00  0.0000000E+00
  0.0000000E+00  0.0000000E+00
  0.0000000E+00  0.0000000E+00
  0.0000000E+00  0.0000000E+00
  0.0000000E+00  0.0000000E+00
  0.0000000E+00  0.0000000E+00
  0.0000000E+00  0.0000000E+00
  0.0000000E+00  0.0000000E+00
  0.0000000E+00  0.0000000E+00
  0.0000000E+00  0.0000000E+00
  0.0000000E+00  0.0000000E+00
  0.0000000E+00  0.0000000E+00
  0.0000000E+00  0.0000000E+00
  0.0000000E+00  0.0000000E+00
  0.0000000E+00  0.0000000E+00
  0.0000000E+00  0.0000000E+00
  0.0000000E+00  0.0000000E+00
  0.0000000E+00  0.0000000E+00
  0.0000000E+00  0.0000000E+00
  0.0000000E+00  0.0000000E+00
  0.0000000E+00  0.0000000E+00
  0.0000000E+00  0.0000000E+00
  0.0000000E+00  0.0000000E+00
  0.0000000E+00  0.0000000E+00
  0.0000000E+00  0.0000000E+00
  0.0000000E+00  0.0000000E+00
  0.0000000E+00  0.0000000E+00
  0.0000000E+00  0.0000000E+00
  0.0000000E+00  0.0000000E+00
  0.0000000E+00  0.0000000E+00
  0.0000000E+00  0.0000000E+00
  0.0000000E+00  0.0000000E+00
  0.0000000E+00  0.0000000E+00
  0.0000000E+00  0.0000000E+00
  0.0000000E+00  0.0000000E+00
  0.0000000E+00  0.0000000E+00
  0.0000000E+00  0.0000000E+00
  0.0000000E+00  0.0000000E+00
  0.0000000E+00  0.0000000E+00
  0.0000000E+00  0.0000000E+00
  0.0000000E+00  0.0000000E+00
  0.0000000E+00  0.0000000E+00
  0.0000000E+00  0.0000000E+00
  0.0000000E+00  0.0000000E+00
  0.0000000E+00  0.0000000E+00
  0.0000000E+00  0.0000000E+00
  0.0000000E+00  0.0000000E+00
  0.0000000E+00  0.0000000E+00
  0.0000000E+00  0.0000000E+00
  0.0000000E+00  0.0000000E+00
  0.0000000E+00  0.0000000E+00
  0.0000000E+00  0.0000000E+00
  0.0000000E+00  0.0000000E+00
  0.0000000E+00  0.0000000E+00
  0.0000000E+00  0.0000000E+00
  0.0000000E+00  0.0000000E+00
  0.0000000E+00  0.0000000E+00
  0.0000000E+00  0.0000000E+00
  0.0000000E+00  0.0000000E+00
  0.0000000E+00  0.0000000E+00
  0.0000000E+00  0.0000000E+00
  0.0000000E+00  0.0000000E+00
  0.0000000E+00  0.0000000E+00
  0.0000000E+00  0.0000000E+00
  0.0000000E+00  0.0000000E+00
  0.0000000E+00  0.0000000E+00
  0.0000000E+00  0.0000000E+00
  0.0000000E+00  0.0000000E+00
  0.0000000E+00  0.0000000E+00
  0.0000000E+00  0.0000000E+00
  0.0000000E+00  0.0000000E+00
  0.0000000E+00  0.0000000E+00
  0.0000000E+00  0.0000000E+00
  0.0000000E+00  0.0000000E+00
  0.0000000E+00  0.0000000E+00
  0.0000000E+00  0.0000000E+00
  0.0000000E+00  0.0000000E+00
  0.0000000E+00  0.0000000E+00
  0.0000000E+00  0.0000000E+00
  0.0000000E+00  0.0000000E+00
  0.0000000E+00  0.0000000E+00
  0.0000000E+00  0.0000000E+00
  0.0000000E+00  0.0000000E+00
  0.0000000E+00  0.0000000E+00
  0.0000000E+00  0.0000000E+00
  0.0000000E+00  0.0000000E+00
  0.0000000E+00  0.0000000E+00
  0.0000000E+00  0.0000000E+00
  0.0000000E+00  0.0000000E+00
  0.0000000E+00  0.0000000E+00
  0.0000000E+00  0.0000000E+00
  0.0000000E+00  0.0000000E+00
  0.0000000E+00  0.0000000E+00
  0.0000000E+00  0.0000000E+00
  0.0000000E+00  0.0000000E+00
  0.0000000E+00  0.0000000E+00
  0.0000000E+00  0.0000000E+00
  0.0000000E+00  0.0000000E+00
  0.0000000E+00  0.0000000E+00
  0.0000000E+00  0.0000000E+00
  0.0000000E+00  0.0000000E+00
  0.0000000E+00  0.0000000E+00
  0.0000000E+00  0.0000000E+00
  0.0000000E+00  0.0000000E+00
  0.0000000E+00  0.0000000E+00
  0.0000000E+00  0.0000000E+00
  0.0000000E+00  0.0000000E+00
  0.0000000E+00  0.0000000E+00
  0.0000000E+00  0.0000000E+00
  0.0000000E+00  0.0000000E+00
  0.0000000E+00  0.0000000E+00
  0.0000000E+00  0.0000000E+00
  0.0000000E+00  0.0000000E+00
  0.0000000E+00  0.0000000E+00
  0.0000000E+00  0.0000000E+00
  0.0000000E+00  0.0000000E+00
  0.0000000E+00  0.0000000E+00
  0.0000000E+00  0.0000000E+00
  0.0000000E+00  0.0000000E+00
  0.0000000E+00  0.0000000E+00
  0.0000000E+00  0.0000000E+00
  0.0000000E+00  0.0000000E+00
  0.0000000E+00  0.0000000E+00
  0.0000000E+00  0.0000000E+00
  0.0000000E+00  0.0000000E+00
  0.0000000E+00  0.0000000E+00
  0.0000000E+00  0.0000000E+00
  0.0000000E+00  0.0000000E+00
  0.0000000E+00  0.0000000E+00
  0.0000000E+00  0.0000000E+00
  0.0000000E+00  0.0000000E+00
  0.0000000E+00  0.0000000E+00
  0.0000000E+00  0.0000000E+00
  0.0000000E+00  0.0000000E+00
  0.0000000E+00  0.0000000E+00
  0.0000000E+00  0.0000000E+00
  0.0000000E+00  0.0000000E+00
  0.0000000E+00  0.0000000E+00
  0.0000000E+00  0.0000000E+00
  0.0000000E+00  0.0000000E+00
  0.0000000E+00  0.0000000E+00
  0.0000000E+00  0.0000000E+00
  0.0000000E+00  0.0000000E+00
  0.0000000E+00  0.0000000E+00
  0.0000000E+00  0.0000000E+00
  0.0000000E+00  0.0000000E+00
  0.0000000E+00  0.0000000E+00
  0.0000000E+00  0.0000000E+00
  0.0000000E+00  0.0000000E+00
  0.0000000E+00  0.0000000E+00
  0.0000000E+00  0.0000000E+00
  0.0000000E+00  0.0000000E+00
  0.0000000E+00  0.0000000E+00
  0.0000000E+00  0.0000000E+00
  0.0000000E+00  0.0000000E+00
  0.0000000E+00  0.0000000E+00
  0.0000000E+00  0.0000000E+00
  0.0000000E+00  0.0000000E+00
  0.0000000E+00  0.0000000E+00
  0.0000000E+00  0.0000000E+00
  0.0000000E+00  0.0000000E+00
  0.0000000E+00  0.0000000E+00
  0.0000000E+00  0.0000000E+00
  0.0000000E+00  0.0000000E+00
  0.0000000E+00  0.0000000E+00
  0.0000000E+00  0.0000000E+00
  0.0000000E+00  0.0000000E+00
  0.0000000E+00  0.0000000E+00
  0.0000000E+00  0.0000000E+00
  0.0000000E+00  0.0000000E+00
  0.0000000E+00  0.0000000E+00
  0.0000000E+00  0.0000000E+00
  0.0000000E+00  0.0000000E+00
  0.0000000E+00  0.0000000E+00
  0.0000000E+00  0.0000000E+00
  0.0000000E+00  0.0000000E+00
  0.0000000E+00  0.0000000E+00
  0.0000000E+00  0.0000000E+00
  0.0000000E+00  0.0000000E+00
  0.0000000E+00  0.0000000E+00
  0.0000000E+00  0.0000000E+00
  0.0000000E+00  0.0000000E+00
  0.0000000E+00  0.0000000E+00
  0.0000000E+00  0.0000000E+00
  0.0000000E+00  0.0000000E+00
  0.0000000E+00  0.0000000E+00
  0.0000000E+00  0.0000000E+00
  0.0000000E+00  0.0000000E+00
  0.0000000E+00  0.0000000E+00
  0.0000000E+00  0.0000000E+00
  0.0000000E+00  0.0000000E+00
  0.0000000E+00  0.0000000E+00
  0.0000000E+00  0.0000000E+00
  0.0000000E+00  0.0000000E+00
  0.0000000E+00  0.0000000E+00
  0.0000000E+00  0.0000000E+00
  0.0000000E+00  0.0000000E+00
  0.0000000E+00  0.0000000E+00
  0.0000000E+00  0.0000000E+00
  0.0000000E+00  0.0000000E+00
  0.0000000E+00  0.0000000E+00
  0.0000000E+00  0.0000000E+00
  0.0000000E+00  0.0000000E+00
  0.0000000E+00  0.0000000E+00
  0.0000000E+00  0.0000000E+00
  0.0000000E+00  0.0000000E+00
  0.0000000E+00  0.0000000E+00
  0.0000000E+00  0.0000000E+00
  0.0000000E+00  0.0000000E+00
  0.0000000E+00  0.0000000E+00
  0.0000000E+00  0.0000000E+00
  0.0000000E+00  0.0000000E+00
  0.0000000E+00  0.0000000E+00
  0.0000000E+00  0.0000000E+00
  0.0000000E+00  0.0000000E+00
  0.0000000E+00  0.0000000E+00
  0.0000000E+00  0.0000000E+00
  0.0000000E+00  0.0000000E+00
  0.0000000E+00  0.0000000E+00
  0.0000000E+00  0.0000000E+00
  0.0000000E+00  0.0000000E+00
  0.0000000E+00  0.0000000E+00
  0.0000000E+00  0.0000000E+00
  0.0000000E+00  0.0000000E+00
  0.0000000E+00  0.0000000E+00
  0.0000000E+00  0.0000000E+00
  0.0000000E+00  0.0000000E+00
  0.0000000E+00  0.0000000E+00
  0.0000000E+00  0.0000000E+00
  0.0000000E+00  0.0000000E+00
  0.0000000E+00  0.0000000E+00
  0.0000000E+00  0.0000000E+00
  0.0000000E+00  0.0000000E+00
  0.0000000E+00  0.0000000E+00
  0.0000000E+00  0.0000000E+00
  0.0000000E+00  0.0000000E+00
  0.0000000E+00  0.0000000E+00
  0.0000000E+00  0.0000000E+00
  0.0000000E+00  0.0000000E+00
  0.0000000E+00  0.0000000E+00
  0.0000000E+00  0.0000000E+00
  0.0000000E+00  0.0000000E+00
  0.0000000E+00  0.0000000E+00
  0.0000000E+00  0.0000000E+00
  0.0000000E+00  0.0000000E+00
  0.0000000E+00  0.0000000E+00
  0.0000000E+00  0.0000000E+00
  0.0000000E+00  0.0000000E+00
  0.0000000E+00  0.0000000E+00
  0.0000000E+00  0.0000000E+00
  0.0000000E+00  0.0000000E+00
  0.0000000E+00  0.0000000E+00
  0.0000000E+00  0.0000000E+00
  0.0000000E+00  0.0000000E+00
  0.0000000E+00  0.0000000E+00
  0.0000000E+00  0.0000000E+00
  0.0000000E+00  0.0000000E+00
  0.0000000E+00  0.0000000E+00
  0.0000000E+00  0.0000000E+00
  0.0000000E+00  0.0000000E+00
  0.0000000E+00  0.0000000E+00
  0.0000000E+00  0.0000000E+00
  0.0000000E+00  0.0000000E+00
  0.0000000E+00  0.0000000E+00
  0.0000000E+00  0.0000000E+00
  0.0000000E+00  0.0000000E+00
  0.0000000E+00  0.0000000E+00
  0.0000000E+00  0.0000000E+00
  0.0000000E+00  0.0000000E+00
  0.0000000E+00  0.0000000E+00
  0.0000000E+00  0.0000000E+00
  0.0000000E+00  0.0000000E+00
  0.0000000E+00  0.0000000E+00
  0.0000000E+00  0.0000000E+00
  0.0000000E+00  0.0000000E+00
  0.0000000E+00  0.0000000E+00
  0.0000000E+00  0.0000000E+00
  0.0000000E+00  0.0000000E+00
  0.0000000E+00  0.0000000E+00
  0.0000000E+00  0.0000000E+00
  0.0000000E+00  0.0000000E+00
  0.0000000E+00  0.0000000E+00
  0.0000000E+00  0.0000000E+00
  0.0000000E+00  0.0000000E+00
  0.0000000E+00  0.0000000E+00
  0.0000000E+00  0.0000000E+00
  0.0000000E+00  0.0000000E+00
  0.0000000E+00  0.0000000E+00
  0.0000000E+00  0.0000000E+00
  0.0000000E+00  0.0000000E+00
  0.0000000E+00  0.0000000E+00
  0.0000000E+00  0.0000000E+00
  0.0000000E+00  0.0000000E+00
  0.0000000E+00  0.0000000E+00
  0.0000000E+00  0.0000000E+00
  0.0000000E+00  0.0000000E+00
  0.0000000E+00  0.0000000E+00
  0.0000000E+00  0.0000000E+00
  0.0000000E+00  0.0000000E+00
  0.0000000E+00  0.0000000E+00
  0.0000000E+00  0.0000000E+00
  0.0000000E+00  0.0000000E+00
  0.0000000E+00  0.0000000E+00
  0.0000000E+00  0.0000000E+00
  0.0000000E+00  0.0000000E+00
  0.0000000E+00  0.0000000E+00
  0.0000000E+00  0.0000000E+00
  0.0000000E+00  0.0000000E+00
  0.0000000E+00  0.0000000E+00
  0.0000000E+00  0.0000000E+00
  0.0000000E+00  0.0000000E+00
  0.0000000E+00  0.0000000E+00
  0.0000000E+00  0.0000000E+00
  0.0000000E+00  0.0000000E+00
  0.0000000E+00  0.0000000E+00
  0.0000000E+00  0.0000000E+00
  0.0000000E+00  0.0000000E+00
  0.0000000E+00  0.0000000E+00
  0.0000000E+00  0.0000000E+00
  0.0000000E+00  0.0000000E+00
  0.0000000E+00  0.0000000E+00
  0.0000000E+00  0.0000000E+00
  0.0000000E+00  0.0000000E+00
  0.0000000E+00  0.0000000E+00
  0.0000000E+00  0.0000000E+00
  0.0000000E+00  0.0000000E+00
  0.0000000E+00  0.0000000E+00
  0.0000000E+00  0.0000000E+00
  0.0000000E+00  0.0000000E+00
  0.0000000E+00  0.0000000E+00
  0.0000000E+00  0.0000000E+00
  0.0000000E+00  0.0000000E+00
  0.0000000E+00  0.0000000E+00
  0.0000000E+00  0.0000000E+00
  0.0000000E+00  0.0000000E+00
  0.0000000E+00  0.0000000E+00
  0.0000000E+00  0.0000000E+00
  0.0000000E+00  0.0000000E+00
  0.0000000E+00  0.0000000E+00
  0.0000000E+00  0.0000000E+00
  0.0000000E+00  0.0000000E+00
  0.0000000E+00  0.0000000E+00
  0.0000000E+00  0.0000000E+00
  0.0000000E+00  0.0000000E+00
  0.0000000E+00  0.0000000E+00
  0.0000000E+00  0.0000000E+00
  0.0000000E+00  0.0000000E+00
  0.0000000E+00  0.0000000E+00
  0.0000000E+00  0.0000000E+00
  0.0000000E+00  0.0000000E+00
  0.0000000E+00  0.0000000E+00
  0.0000000E+00  0.0000000E+00
  0.0000000E+00  0.0000000E+00
  0.0000000E+00  0.0000000E+00
  0.0000000E+00  0.0000000E+00
  0.0000000E+00  0.0000000E+00
  0.0000000E+00  0.0000000E+00
  0.0000000E+00  0.0000000E+00
  0.0000000E+00  0.0000000E+00
  0.0000000E+00  0.0000000E+00
  0.0000000E+00  0.0000000E+00
  0.0000000E+00  0.0000000E+00
  0.0000000E+00  0.0000000E+00
  0.0000000E+00  0.0000000E+00
  0.0000000E+00  0.0000000E+00
  0.0000000E+00  0.0000000E+00
  0.0000000E+00  0.0000000E+00
  0.0000000E+00  0.0000000E+00
  0.0000000E+00  0.0000000E+00
  0.0000000E+00  0.0000000E+00
  0.0000000E+00  0.0000000E+00
  0.0000000E+00  0.0000000E+00
  0.0000000E+00  0.0000000E+00
  0.0000000E+00  0.0000000E+00
  0.0000000E+00  0.0000000E+00
  0.0000000E+00  0.0000000E+00
  0.0000000E+00  0.0000000E+00
  0.0000000E+00  0.0000000E+00
  0.0000000E+00  0.0000000E+00
  0.0000000E+00  0.0000000E+00
  0.0000000E+00  0.0000000E+00
  0.0000000E+00  0.0000000E+00
  0.0000000E+00  0.0000000E+00
  0.0000000E+00  0.0000000E+00
  0.0000000E+00  0.0000000E+00
  0.0000000E+00  0.0000000E+00
  0.0000000E+00  0.0000000E+00
  0.0000000E+00  0.0000000E+00
  0.0000000E+00  0.0000000E+00
  0.0000000E+00  0.0000000E+00
  0.0000000E+00  0.0000000E+00
  0.0000000E+00  0.0000000E+00
  0.0000000E+00  0.0000000E+00
  0.0000000E+00  0.0000000E+00
  0.0000000E+00  0.0000000E+00
  0.0000000E+00  0.0000000E+00
  0.0000000E+00  0.0000000E+00
  0.0000000E+00  0.0000000E+00
  0.0000000E+00  0.0000000E+00
  0.0000000E+00  0.0000000E+00
  0.0000000E+00  0.0000000E+00
  0.0000000E+00  0.0000000E+00
  0.0000000E+00  0.0000000E+00
  0.0000000E+00  0.0000000E+00
  0.0000000E+00  0.0000000E+00
  0.0000000E+00  0.0000000E+00
  0.0000000E+00  0.0000000E+00
  0.0000000E+00  0.0000000E+00
  0.0000000E+00  0.0000000E+00
  0.0000000E+00  0.0000000E+00
  0.0000000E+00  0.0000000E+00
  0.0000000E+00  0.0000000E+00
  0.0000000E+00  0.0000000E+00
  0.0000000E+00  0.0000000E+00
  0.0000000E+00  0.0000000E+00
  0.0000000E+00  0.0000000E+00
  0.0000000E+00  0.0000000E+00
  0.0000000E+00  0.0000000E+00
  0.0000000E+00  0.0000000E+00
  0.0000000E+00  0.0000000E+00
  0.0000000E+00  0.0000000E+00
  0.0000000E+00  0.0000000E+00
  0.0000000E+00  0.0000000E+00
  0.0000000E+00  0.0000000E+00
  0.0000000E+00  0.0000000E+00
  0.0000000E+00  0.0000000E+00
  0.0000000E+00  0.0000000E+00
  0.0000000E+00  0.0000000E+00
  0.0000000E+00  0.0000000E+00
  0.0000000E+00  0.0000000E+00
  0.0000000E+00  0.0000000E+00
  0.0000000E+00  0.0000000E+00
  0.0000000E+00  0.0000000E+00
  0.0000000E+00  0.0000000E+00
  0.0000000E+00  0.0000000E+00
  0.0000000E+00  0.0000000E+00
  0.0000000E+00  0.0000000E+00
  0.0000000E+00  0.0000000E+00
  0.0000000E+00  0.0000000E+00
  0.0000000E+00  0.0000000E+00
  0.0000000E+00  0.0000000E+00
  0.0000000E+00  0.0000000E+00
  0.0000000E+00  0.0000000E+00
  0.0000000E+00  0.0000000E+00
  0.0000000E+00  0.0000000E+00
  0.0000000E+00  0.0000000E+00
  0.0000000E+00  0.0000000E+00
  0.0000000E+00  0.0000000E+00
  0.0000000E+00  0.0000000E+00
  0.0000000E+00  0.0000000E+00
  0.0000000E+00  0.0000000E+00
  0.0000000E+00  0.0000000E+00
  0.0000000E+00  0.0000000E+00
  0.0000000E+00  0.0000000E+00
  0.0000000E+00  0.0000000E+00
  0.0000000E+00  0.0000000E+00
  0.0000000E+00  0.0000000E+00
  0.0000000E+00  0.0000000E+00
  0.0000000E+00  0.0000000E+00
  0.0000000E+00  0.0000000E+00
  0.0000000E+00  0.0000000E+00
  0.0000000E+00  0.0000000E+00
  0.0000000E+00  0.0000000E+00
  0.0000000E+00  0.0000000E+00
  0.0000000E+00  0.0000000E+00
  0.0000000E+00  0.0000000E+00
  0.0000000E+00  0.0000000E+00
  0.0000000E+00  0.0000000E+00
  0.0000000E+00  0.0000000E+00
  0.0000000E+00  0.0000000E+00
  0.0000000E+00  0.0000000E+00
  0.0000000E+00  0.0000000E+00
  0.0000000E+00  0.0000000E+00
  0.0000000E+00  0.0000000E+00
  0.0000000E+00  0.0000000E+00
  0.0000000E+00  0.0000000E+00
  0.0000000E+00  0.0000000E+00
  0.0000000E+00  0.0000000E+00
  0.0000000E+00  0.0000000E+00
  0.0000000E+00  0.0000000E+00
  0.0000000E+00  0.0000000E+00
  0.0000000E+00  0.0000000E+00
  0.0000000E+00  0.0000000E+00
  0.0000000E+00  0.0000000E+00
  0.0000000E+00  0.0000000E+00
  0.0000000E+00  0.0000000E+00
  0.0000000E+00  0.0000000E+00
  0.0000000E+00  0.0000000E+00
  0.0000000E+00  0.0000000E+00
  0.0000000E+00  0.0000000E+00
  0.0000000E+00  0.0000000E+00
  0.0000000E+00  0.0000000E+00
  0.0000000E+00  0.0000000E+00
  0.0000000E+00  0.0000000E+00
  0.0000000E+00  0.0000000E+00
  0.0000000E+00  0.0000000E+00
  0.0000000E+00  0.0000000E+00
  0.0000000E+00  0.0000000E+00
  0.0000000E+00  0.0000000E+00
  0.0000000E+00  0.0000000E+00
  0.0000000E+00  0.0000000E+00
  0.0000000E+00  0.0000000E+00
  0.0000000E+00  0.0000000E+00
  0.0000000E+00  0.0000000E+00
  0.0000000E+00  0.0000000E+00
  0.0000000E+00  0.0000000E+00
  0.0000000E+00  0.0000000E+00
  0.0000000E+00  0.0000000E+00
  0.0000000E+00  0.0000000E+00
  0.0000000E+00  0.0000000E+00
  0.0000000E+00  0.0000000E+00
  0.0000000E+00  0.0000000E+00
  0.0000000E+00  0.0000000E+00
  0.0000000E+00  0.0000000E+00
  0.0000000E+00  0.0000000E+00
  0.0000000E+00  0.0000000E+00
  0.0000000E+00  0.0000000E+00
  0.0000000E+00  0.0000000E+00
  0.0000000E+00  0.0000000E+00
  0.0000000E+00  0.0000000E+00
  0.0000000E+00  0.0000000E+00
  0.0000000E+00  0.0000000E+00
  0.0000000E+00  0.0000000E+00
  0.0000000E+00  0.0000000E+00
  0.0000000E+00  0.0000000E+00
  0.0000000E+00  0.0000000E+00
  0.0000000E+00  0.0000000E+00
  0.0000000E+00  0.0000000E+00
  0.0000000E+00  0.0000000E+00
  0.0000000E+00  0.0000000E+00
  0.0000000E+00  0.0000000E+00
  0.0000000E+00  0.0000000E+00
  0.0000000E+00  0.0000000E+00
  0.0000000E+00  0.0000000E+00
  0.0000000E+00  0.0000000E+00
  0.0000000E+00  0.0000000E+00
  0.0000000E+00  0.0000000E+00
  0.0000000E+00  0.0000000E+00
  0.0000000E+00  0.0000000E+00
  0.0000000E+00  0.0000000E+00
  0.0000000E+00  0.0000000E+00
  0.0000000E+00  0.0000000E+00
  0.0000000E+00  0.0000000E+00
  0.0000000E+00  0.0000000E+00
  0.0000000E+00  0.0000000E+00
  0.0000000E+00  0.0000000E+00
  0.0000000E+00  0.0000000E+00
  0.0000000E+00  0.0000000E+00
  0.0000000E+00  0.0000000E+00
  0.0000000E+00  0.0000000E+00
  0.0000000E+00  0.0000000E+00
  0.0000000E+00  0.0000000E+00
  0.0000000E+00  0.0000000E+00
  0.0000000E+00  0.0000000E+00
  0.0000000E+00  0.0000000E+00
  0.0000000E+00  0.0000000E+00
  0.0000000E+00  0.0000000E+00
  0.0000000E+00  0.0000000E+00
  0.0000000E+00  0.0000000E+00
  0.0000000E+00  0.0000000E+00
  0.0000000E+00  0.0000000E+00
  0.0000000E+00  0.0000000E+00
  0.0000000E+00  0.0000000E+00
  0.0000000E+00  0.0000000E+00
  0.0000000E+00  0.0000000E+00
  0.0000000E+00  0.0000000E+00
  0.0000000E+00  0.0000000E+00
  0.0000000E+00  0.0000000E+00
  0.0000000E+00  0.0000000E+00
  0.0000000E+00  0.0000000E+00
  0.0000000E+00  0.0000000E+00
  0.0000000E+00  0.0000000E+00
  0.0000000E+00  0.0000000E+00
  0.0000000E+00  0.0000000E+00
  0.0000000E+00  0.0000000E+00
  0.0000000E+00  0.0000000E+00
  0.0000000E+00  0.0000000E+00
  0.0000000E+00  0.0000000E+00
  0.0000000E+00  0.0000000E+00
  0.0000000E+00  0.0000000E+00
  0.0000000E+00  0.0000000E+00
  0.0000000E+00  0.0000000E+00
  0.0000000E+00  0.0000000E+00
  0.0000000E+00  0.0000000E+00
  0.0000000E+00  0.0000000E+00
  0.0000000E+00  0.0000000E+00
  0.0000000E+00  0.0000000E+00
  0.0000000E+00  0.0000000E+00
  0.0000000E+00  0.0000000E+00
  0.0000000E+00  0.0000000E+00
  0.0000000E+00  0.0000000E+00
  0.0000000E+00  0.0000000E+00
  0.0000000E+00  0.0000000E+00
  0.0000000E+00  0.0000000E+00
  0.0000000E+00  0.0000000E+00
  0.0000000E+00  0.0000000E+00
  0.0000000E+00  0.0000000E+00
  0.0000000E+00  0.0000000E+00
  0.0000000E+00  0.0000000E+00
  0.0000000E+00  0.0000000E+00
  0.0000000E+00  0.0000000E+00
  0.0000000E+00  0.0000000E+00
  0.0000000E+00  0.0000000E+00
  0.0000000E+00  0.0000000E+00
  0.0000000E+00  0.0000000E+00
  0.0000000E+00  0.0000000E+00
  0.0000000E+00  0.0000000E+00
  0.0000000E+00  0.0000000E+00
  0.0000000E+00  0.0000000E+00
  0.0000000E+00  0.0000000E+00
  0.0000000E+00  0.0000000E+00
  0.0000000E+00  0.0000000E+00
  0.0000000E+00  0.0000000E+00
  0.0000000E+00  0.0000000E+00
  0.0000000E+00  0.0000000E+00
  0.0000000E+00  0.0000000E+00
  0.0000000E+00  0.0000000E+00
  0.0000000E+00  0.0000000E+00
  0.0000000E+00  0.0000000E+00
  0.0000000E+00  0.0000000E+00
  0.0000000E+00  0.0000000E+00
  0.0000000E+00  0.0000000E+00
  0.0000000E+00  0.0000000E+00
  0.0000000E+00  0.0000000E+00
  0.0000000E+00  0.0000000E+00
  0.0000000E+00  0.0000000E+00
  0.0000000E+00  0.0000000E+00
  0.0000000E+00  0.0000000E+00
  0.0000000E+00  0.0000000E+00
  0.0000000E+00  0.0000000E+00
  0.0000000E+00  0.0000000E+00
  0.0000000E+00  0.0000000E+00
  0.0000000E+00  0.0000000E+00
  0.0000000E+00  0.0000000E+00
  0.0000000E+00  0.0000000E+00
  0.0000000E+00  0.0000000E+00
  0.0000000E+00  0.0000000E+00
  0.0000000E+00  0.0000000E+00
  0.0000000E+00  0.0000000E+00
  0.0000000E+00  0.0000000E+00
  0.0000000E+00  0.0000000E+00
  0.0000000E+00  0.0000000E+00
  0.0000000E+00  0.0000000E+00
  0.0000000E+00  0.0000000E+00
  0.0000000E+00  0.0000000E+00
  0.0000000E+00  0.0000000E+00
  0.0000000E+00  0.0000000E+00
  0.0000000E+00  0.0000000E+00
  0.0000000E+00  0.0000000E+00
  0.0000000E+00  0.0000000E+00
  0.0000000E+00  0.0000000E+00
  0.0000000E+00  0.0000000E+00
  0.0000000E+00  0.0000000E+00
  0.0000000E+00  0.0000000E+00
  0.0000000E+00  0.0000000E+00
  0.0000000E+00  0.0000000E+00
  0.0000000E+00  0.0000000E+00
  0.0000000E+00  0.0000000E+00
  0.0000000E+00  0.0000000E+00
  0.0000000E+00  0.0000000E+00
  0.0000000E+00  0.0000000E+00
  0.0000000E+00  0.0000000E+00
  0.0000000E+00  0.0000000E+00
  0.0000000E+00  0.0000000E+00
  0.0000000E+00  0.0000000E+00
  0.0000000E+00  0.0000000E+00
  0.0000000E+00  0.0000000E+00
  0.0000000E+00  0.0000000E+00
  0.0000000E+00  0.0000000E+00
  0.0000000E+00  0.0000000E+00
  0.0000000E+00  0.0000000E+00
  0.0000000E+00  0.0000000E+00
  0.0000000E+00  0.0000000E+00
  0.0000000E+00  0.0000000E+00
  0.0000000E+00  0.0000000E+00
  0.0000000E+00  0.0000000E+00
  0.0000000E+00  0.0000000E+00
  0.0000000E+00  0.0000000E+00
  0.0000000E+00  0.0000000E+00
  0.0000000E+00  0.0000000E+00
  0.0000000E+00  0.0000000E+00
  0.0000000E+00  0.0000000E+00
  0.0000000E+00  0.0000000E+00
  0.0000000E+00  0.0000000E+00
  0.0000000E+00  0.0000000E+00
  0.0000000E+00  0.0000000E+00
  0.0000000E+00  0.0000000E+00
  0.0000000E+00  0.0000000E+00
  0.0000000E+00  0.0000000E+00
  0.0000000E+00  0.0000000E+00
  0.0000000E+00  0.0000000E+00
  0.0000000E+00  0.0000000E+00
  0.0000000E+00  0.0000000E+00
  0.0000000E+00  0.0000000E+00
  0.0000000E+00  0.0000000E+00
  0.0000000E+00  0.0000000E+00
  0.0000000E+00  0.0000000E+00
  0.0000000E+00  0.0000000E+00
  0.0000000E+00  0.0000000E+00
  0.0000000E+00  0.0000000E+00
  0.0000000E+00  0.0000000E+00
  0.0000000E+00  0.0000000E+00
  0.0000000E+00  0.0000000E+00
  0.0000000E+00  0.0000000E+00
  0.0000000E+00  0.0000000E+00
  0.0000000E+00  0.0000000E+00
  0.0000000E+00  0.0000000E+00
  0.0000000E+00  0.0000000E+00
  0.0000000E+00  0.0000000E+00
  0.0000000E+00  0.0000000E+00
  0.0000000E+00  0.0000000E+00
  0.0000000E+00  0.0000000E+00
  0.0000000E+00  0.0000000E+00
  0.0000000E+00  0.0000000E+00
  0.0000000E+00  0.0000000E+00
  0.0000000E+00  0.0000000E+00
  0.0000000E+00  0.0000000E+00
  0.0000000E+00  0.0000000E+00
  0.0000000E+00  0.0000000E+00
  0.0000000E+00  0.0000000E+00
  0.0000000E+00  0.0000000E+00
  0.0000000E+00  0.0000000E+00
  0.0000000E+00  0.0000000E+00
  0.0000000E+00  0.0000000E+00
  0.0000000E+00  0.0000000E+00
  0.0000000E+00  0.0000000E+00
  0.0000000E+00  0.0000000E+00
  0.0000000E+00  0.0000000E+00
  0.0000000E+00  0.0000000E+00
  0.0000000E+00  0.0000000E+00
  0.0000000E+00  0.0000000E+00
  0.0000000E+00  0.0000000E+00
  0.0000000E+00  0.0000000E+00
  0.0000000E+00  0.0000000E+00
  0.0000000E+00  0.0000000E+00
  0.0000000E+00  0.0000000E+00
  0.0000000E+00  0.0000000E+00
  0.0000000E+00  0.0000000E+00
  0.0000000E+00  0.0000000E+00
  0.0000000E+00  0.0000000E+00
  0.0000000E+00  0.0000000E+00
  0.0000000E+00  0.0000000E+00
  0.0000000E+00  0.0000000E+00
  0.0000000E+00  0.0000000E+00
  0.0000000E+00  0.0000000E+00
  0.0000000E+00  0.0000000E+00
  0.0000000E+00  0.0000000E+00
  0.0000000E+00  0.0000000E+00
  0.0000000E+00  0.0000000E+00
  0.0000000E+00  0.0000000E+00
  0.0000000E+00  0.0000000E+00
  0.0000000E+00  0.0000000E+00
  0.0000000E+00  0.0000000E+00
  0.0000000E+00  0.0000000E+00
  0.0000000E+00  0.0000000E+00
  0.0000000E+00  0.0000000E+00
  0.0000000E+00  0.0000000E+00
  0.0000000E+00  0.0000000E+00
  0.0000000E+00  0.0000000E+00
  0.0000000E+00  0.0000000E+00
  0.0000000E+00  0.0000000E+00
  0.0000000E+00  0.0000000E+00
  0.0000000E+00  0.0000000E+00
  0.0000000E+00  0.0000000E+00
  0.0000000E+00  0.0000000E+00
  0.0000000E+00  0.0000000E+00
  0.0000000E+00  0.0000000E+00
  0.0000000E+00  0.0000000E+00
  0.0000000E+00  0.0000000E+00
  0.0000000E+00  0.0000000E+00
  0.0000000E+00  0.0000000E+00
  0.0000000E+00  0.0000000E+00
  0.0000000E+00  0.0000000E+00
  0.0000000E+00  0.0000000E+00
  0.0000000E+00  0.0000000E+00
  0.0000000E+00  0.0000000E+00
  0.0000000E+00  0.0000000E+00
  0.0000000E+00  0.0000000E+00
  0.0000000E+00  0.0000000E+00
  0.0000000E+00  0.0000000E+00
  0.0000000E+00  0.0000000E+00
  0.0000000E+00  0.0000000E+00
  0.0000000E+00  0.0000000E+00
  0.0000000E+00  0.0000000E+00
  0.0000000E+00  0.0000000E+00
  0.0000000E+00  0.0000000E+00
  0.0000000E+00  0.0000000E+00
  0.0000000E+00  0.0000000E+00
  0.0000000E+00  0.0000000E+00
  0.0000000E+00  0.0000000E+00
  0.0000000E+00  0.0000000E+00
  0.0000000E+00  0.0000000E+00
  0.0000000E+00  0.0000000E+00
  0.0000000E+00  0.0000000E+00
  0.0000000E+00  0.0000000E+00
  0.0000000E+00  0.0000000E+00
  0.0000000E+00  0.0000000E+00
  0.0000000E+00  0.0000000E+00
  0.0000000E+00  0.0000000E+00
  0.0000000E+00  0.0000000E+00
  0.0000000E+00  0.0000000E+00
  0.0000000E+00  0.0000000E+00
  0.0000000E+00  0.0000000E+00
  0.0000000E+00  0.0000000E+00
  0.0000000E+00  0.0000000E+00
  0.0000000E+00  0.0000000E+00
  0.0000000E+00  0.0000000E+00
  0.0000000E+00  0.0000000E+00
  0.0000000E+00  0.0000000E+00
  0.0000000E+00  0.0000000E+00
  0.0000000E+00  0.0000000E+00
  0.0000000E+00  0.0000000E+00
  0.0000000E+00  0.0000000E+00
  0.0000000E+00  0.0000000E+00
  0.0000000E+00  0.0000000E+00
  0.0000000E+00  0.0000000E+00
  0.0000000E+00  0.0000000E+00
  0.0000000E+00  0.0000000E+00
  0.0000000E+00  0.0000000E+00
  0.0000000E+00  0.0000000E+00
  0.0000000E+00  0.0000000E+00
  0.0000000E+00  0.0000000E+00
  0.0000000E+00  0.0000000E+00
  0.0000000E+00  0.0000000E+00
  0.0000000E+00  0.0000000E+00
  0.0000000E+00  0.0000000E+00
  0.0000000E+00  0.0000000E+00
  0.0000000E+00  0.0000000E+00
  0.0000000E+00  0.0000000E+00
  0.0000000E+00  0.0000000E+00
  0.0000000E+00  0.0000000E+00
  0.0000000E+00  0.0000000E+00
  0.0000000E+00  0.0000000E+00
  0.0000000E+00  0.0000000E+00
  0.0000000E+00  0.0000000E+00
  0.0000000E+00  0.0000000E+00
  0.0000000E+00  0.0000000E+00
  0.0000000E+00  0.0000000E+00
  0.0000000E+00  0.0000000E+00
  0.0000000E+00  0.0000000E+00
  0.0000000E+00  0.0000000E+00
  0.0000000E+00  0.0000000E+00
  0.0000000E+00  0.0000000E+00
  0.0000000E+00  0.0000000E+00
  0.0000000E+00  0.0000000E+00
  0.0000000E+00  0.0000000E+00
  0.0000000E+00  0.0000000E+00
  0.0000000E+00  0.0000000E+00
  0.0000000E+00  0.0000000E+00
  0.0000000E+00  0.0000000E+00
  0.0000000E+00  0.0000000E+00
  0.0000000E+00  0.0000000E+00
  0.0000000E+00  0.0000000E+00
  0.0000000E+00  0.0000000E+00
  0.0000000E+00  0.0000000E+00
  0.0000000E+00  0.0000000E+00
  0.0000000E+00  0.0000000E+00
  0.0000000E+00  0.0000000E+00
  0.0000000E+00  0.0000000E+00
  0.0000000E+00  0.0000000E+00
  0.0000000E+00  0.0000000E+00
  0.0000000E+00  0.0000000E+00
  0.0000000E+00  0.0000000E+00
  0.0000000E+00  0.0000000E+00
  0.0000000E+00  0.0000000E+00
  0.0000000E+00  0.0000000E+00
  0.0000000E+00  0.0000000E+00
  0.0000000E+00  0.0000000E+00
  0.0000000E+00  0.0000000E+00
  0.0000000E+00  0.0000000E+00
  0.0000000E+00  0.0000000E+00
  0.0000000E+00  0.0000000E+00
  0.0000000E+00  0.0000000E+00
  0.0000000E+00  0.0000000E+00
  0.0000000E+00  0.0000000E+00
  0.0000000E+00  0.0000000E+00
  0.0000000E+00  0.0000000E+00
  0.0000000E+00  0.0000000E+00
  0.0000000E+00  0.0000000E+00
  0.0000000E+00  0.0000000E+00
  0.0000000E+00  0.0000000E+00
  0.0000000E+00  0.0000000E+00
  0.0000000E+00  0.0000000E+00
  0.0000000E+00  0.0000000E+00
  0.0000000E+00  0.0000000E+00
  0.0000000E+00  0.0000000E+00
  0.0000000E+00  0.0000000E+00
  0.0000000E+00  0.0000000E+00
  0.0000000E+00  0.0000000E+00
  0.0000000E+00  0.0000000E+00
  0.0000000E+00  0.0000000E+00
  0.0000000E+00  0.0000000E+00
  0.0000000E+00  0.0000000E+00
  0.0000000E+00  0.0000000E+00
  0.0000000E+00  0.0000000E+00
  0.0000000E+00  0.0000000E+00
  0.0000000E+00  0.0000000E+00
  0.0000000E+00  0.0000000E+00
  0.0000000E+00  0.0000000E+00
  0.0000000E+00  0.0000000E+00
  0.0000000E+00  0.0000000E+00
  0.0000000E+00  0.0000000E+00
  0.0000000E+00  0.0000000E+00
  0.0000000E+00  0.0000000E+00
  0.0000000E+00  0.0000000E+00
  0.0000000E+00  0.0000000E+00
  0.0000000E+00  0.0000000E+00
  0.0000000E+00  0.0000000E+00
  0.0000000E+00  0.0000000E+00
  0.0000000E+00  0.0000000E+00
  0.0000000E+00  0.0000000E+00
  0.0000000E+00  0.0000000E+00
  0.0000000E+00  0.0000000E+00
  0.0000000E+00  0.0000000E+00
  0.0000000E+00  0.0000000E+00
  0.0000000E+00  0.0000000E+00
  0.0000000E+00  0.0000000E+00
  0.0000000E+00  0.0000000E+00
  0.0000000E+00  0.0000000E+00
  0.0000000E+00  0.0000000E+00
  0.0000000E+00  0.0000000E+00
  0.0000000E+00  0.0000000E+00
  0.0000000E+00  0.0000000E+00
  0.0000000E+00  0.0000000E+00
  0.0000000E+00  0.0000000E+00
  0.0000000E+00  0.0000000E+00
  0.0000000E+00  0.0000000E+00
  0.0000000E+00  0.0000000E+00
  0.0000000E+00  0.0000000E+00
  0.0000000E+00  0.0000000E+00
  0.0000000E+00  0.0000000E+00
  0.0000000E+00  0.0000000E+00
  0.0000000E+00  0.0000000E+00
  0.0000000E+00  0.0000000E+00
  0.0000000E+00  0.0000000E+00
  0.0000000E+00  0.0000000E+00
  0.0000000E+00  0.0000000E+00
  0.0000000E+00  0.0000000E+00
  0.0000000E+00  0.0000000E+00
  0.0000000E+00  0.0000000E+00
  0.0000000E+00  0.0000000E+00
  0.0000000E+00  0.0000000E+00
  0.0000000E+00  0.0000000E+00
  0.0000000E+00  0.0000000E+00
  0.0000000E+00  0.0000000E+00
  0.0000000E+00  0.0000000E+00
  0.0000000E+00  0.0000000E+00
  0.0000000E+00  0.0000000E+00
  0.0000000E+00  0.0000000E+00
  0.0000000E+00  0.0000000E+00
  0.0000000E+00  0.0000000E+00
  0.0000000E+00  0.0000000E+00
  0.0000000E+00  0.0000000E+00
  0.0000000E+00  0.0000000E+00
  0.0000000E+00  0.0000000E+00
  0.0000000E+00  0.0000000E+00
  0.0000000E+00  0.0000000E+00
  0.0000000E+00  0.0000000E+00
  0.0000000E+00  0.0000000E+00
  0.0000000E+00  0.0000000E+00
  0.0000000E+00  0.0000000E+00
  0.0000000E+00  0.0000000E+00
  0.0000000E+00  0.0000000E+00
  0.0000000E+00  0.0000000E+00
  0.0000000E+00  0.0000000E+00
  0.0000000E+00  0.0000000E+00
  0.0000000E+00  0.0000000E+00
  0.0000000E+00  0.0000000E+00
  0.0000000E+00  0.0000000E+00
  0.0000000E+00  0.0000000E+00
  0.0000000E+00  0.0000000E+00
  0.0000000E+00  0.0000000E+00
  0.0000000E+00  0.0000000E+00
  0.0000000E+00  0.0000000E+00
  0.0000000E+00  0.0000000E+00
  0.0000000E+00  0.0000000E+00
  0.0000000E+00  0.0000000E+00
  0.0000000E+00  0.0000000E+00
  0.0000000E+00  0.0000000E+00
  0.0000000E+00  0.0000000E+00
  0.0000000E+00  0.0000000E+00
  0.0000000E+00  0.0000000E+00
  0.0000000E+00  0.0000000E+00
  0.0000000E+00  0.0000000E+00
  0.0000000E+00  0.0000000E+00
  0.0000000E+00  0.0000000E+00
  0.0000000E+00  0.0000000E+00
  0.0000000E+00  0.0000000E+00
  0.0000000E+00  0.0000000E+00
  0.0000000E+00  0.0000000E+00
  0.0000000E+00  0.0000000E+00
  0.0000000E+00  0.0000000E+00
  0.0000000E+00  0.0000000E+00
  0.0000000E+00  0.0000000E+00
  0.0000000E+00  0.0000000E+00
  0.0000000E+00  0.0000000E+00
  0.0000000E+00  0.0000000E+00
  0.0000000E+00  0.0000000E+00
  0.0000000E+00  0.0000000E+00
  0.0000000E+00  0.0000000E+00
  0.0000000E+00  0.0000000E+00
  0.0000000E+00  0.0000000E+00
  0.0000000E+00  0.0000000E+00
  0.0000000E+00  0.0000000E+00
  0.0000000E+00  0.0000000E+00
  0.0000000E+00  0.0000000E+00
  0.0000000E+00  0.0000000E+00
  0.0000000E+00  0.0000000E+00
  0.0000000E+00  0.0000000E+00
  0.0000000E+00  0.0000000E+00
  0.0000000E+00  0.0000000E+00
  0.0000000E+00  0.0000000E+00
  0.0000000E+00  0.0000000E+00
  0.0000000E+00  0.0000000E+00
  0.0000000E+00  0.0000000E+00
  0.0000000E+00  0.0000000E+00
  0.0000000E+00  0.0000000E+00
  0.0000000E+00  0.0000000E+00
  0.0000000E+00  0.0000000E+00
  0.0000000E+00  0.0000000E+00
  0.0000000E+00  0.0000000E+00
  0.0000000E+00  0.0000000E+00
  0.0000000E+00  0.0000000E+00
  0.0000000E+00  0.0000000E+00
  0.0000000E+00  0.0000000E+00
  0.0000000E+00  0.0000000E+00
  0.0000000E+00  0.0000000E+00
  0.0000000E+00  0.0000000E+00
  0.0000000E+00  0.0000000E+00
  0.0000000E+00  0.0000000E+00
  0.0000000E+00  0.0000000E+00
  0.0000000E+00  0.0000000E+00
  0.0000000E+00  0.0000000E+00
  0.0000000E+00  0.0000000E+00
  0.0000000E+00  0.0000000E+00
  0.0000000E+00  0.0000000E+00
  0.0000000E+00  0.0000000E+00
  0.0000000E+00  0.0000000E+00
  0.0000000E+00  0.0000000E+00
  0.0000000E+00  0.0000000E+00
  0.0000000E+00  0.0000000E+00
  0.0000000E+00  0.0000000E+00
  0.0000000E+00  0.0000000E+00
  0.0000000E+00  0.0000000E+00
  0.0000000E+00  0.0000000E+00
  0.0000000E+00  0.0000000E+00
  0.0000000E+00  0.0000000E+00
  0.0000000E+00  0.0000000E+00
  0.0000000E+00  0.0000000E+00
  0.0000000E+00  0.0000000E+00
  0.0000000E+00  0.0000000E+00
  0.0000000E+00  0.0000000E+00
  0.0000000E+00  0.0000000E+00
  0.0000000E+00  0.0000000E+00
  0.0000000E+00  0.0000000E+00
  0.0000000E+00  0.0000000E+00
  0.0000000E+00  0.0000000E+00
  0.0000000E+00  0.0000000E+00
  0.0000000E+00  0.0000000E+00
  0.0000000E+00  0.0000000E+00
  0.0000000E+00  0.0000000E+00
  0.0000000E+00  0.0000000E+00
  0.0000000E+00  0.0000000E+00
  0.0000000E+00  0.0000000E+00
  0.0000000E+00  0.0000000E+00
  0.0000000E+00  0.0000000E+00
  0.0000000E+00  0.0000000E+00
  0.0000000E+00  0.0000000E+00
  0.0000000E+00  0.0000000E+00
  0.0000000E+00  0.0000000E+00
  0.0000000E+00  0.0000000E+00
  0.0000000E+00  0.0000000E+00
  0.0000000E+00  0.0000000E+00
  0.0000000E+00  0.0000000E+00
  0.0000000E+00  0.0000000E+00
  0.0000000E+00  0.0000000E+00
  0.0000000E+00  0.0000000E+00
  0.0000000E+00  0.0000000E+00
  0.0000000E+00  0.0000000E+00
  0.0000000E+00  0.0000000E+00
  0.0000000E+00  0.0000000E+00
  0.0000000E+00  0.0000000E+00
  0.0000000E+00  0.0000000E+00
  0.0000000E+00  0.0000000E+00
  0.0000000E+00  0.0000000E+00
  0.0000000E+00  0.0000000E+00
  0.0000000E+00  0.0000000E+00
  0.0000000E+00  0.0000000E+00
  0.0000000E+00  0.0000000E+00
  0.0000000E+00  0.0000000E+00
  0.0000000E+00  0.0000000E+00
  0.0000000E+00  0.0000000E+00
  0.0000000E+00  0.0000000E+00
  0.0000000E+00  0.0000000E+00
  0.0000000E+00  0.0000000E+00
  0.0000000E+00  0.0000000E+00
  0.0000000E+00  0.0000000E+00
  0.0000000E+00  0.0000000E+00
  0.0000000E+00  0.0000000E+00
  0.0000000E+00  0.0000000E+00
  0.0000000E+00  0.0000000E+00
  0.0000000E+00  0.0000000E+00
  0.0000000E+00  0.0000000E+00
  0.0000000E+00  0.0000000E+00
  0.0000000E+00  0.0000000E+00
  0.0000000E+00  0.0000000E+00
  0.0000000E+00  0.0000000E+00
  0.0000000E+00  0.0000000E+00
  0.0000000E+00  0.0000000E+00
  0.0000000E+00  0.0000000E+00
  0.0000000E+00  0.0000000E+00
  0.0000000E+00  0.0000000E+00
  0.0000000E+00  0.0000000E+00
  0.0000000E+00  0.0000000E+00
  0.0000000E+00  0.0000000E+00
  0.0000000E+00  0.0000000E+00
  0.0000000E+00  0.0000000E+00
  0.0000000E+00  0.0000000E+00
  0.0000000E+00  0.0000000E+00
  0.0000000E+00  0.0000000E+00
  0.0000000E+00  0.0000000E+00
  0.0000000E+00  0.0000000E+00
  0.0000000E+00  0.0000000E+00
  0.0000000E+00  0.0000000E+00
  0.0000000E+00  0.0000000E+00
  0.0000000E+00  0.0000000E+00
  0.0000000E+00  0.0000000E+00
  0.0000000E+00  0.0000000E+00
  0.0000000E+00  0.0000000E+00
  0.0000000E+00  0.0000000E+00
  0.0000000E+00  0.0000000E+00
  0.0000000E+00  0.0000000E+00
  0.0000000E+00  0.0000000E+00
  0.0000000E+00  0.0000000E+00
  0.0000000E+00  0.0000000E+00
  0.0000000E+00  0.0000000E+00
  0.0000000E+00  0.0000000E+00
  0.0000000E+00  0.0000000E+00
  0.0000000E+00  0.0000000E+00
  0.0000000E+00  0.0000000E+00
  0.0000000E+00  0.0000000E+00
  0.0000000E+00  0.0000000E+00
  0.0000000E+00  0.0000000E+00
  0.0000000E+00  0.0000000E+00
  0.0000000E+00  0.0000000E+00
  0.0000000E+00  0.0000000E+00
  0.0000000E+00  0.0000000E+00
  0.0000000E+00  0.0000000E+00
  0.0000000E+00  0.0000000E+00
  0.0000000E+00  0.0000000E+00
  0.0000000E+00  0.0000000E+00
  0.0000000E+00  0.0000000E+00
  0.0000000E+00  0.0000000E+00
  0.0000000E+00  0.0000000E+00
  0.0000000E+00  0.0000000E+00
  0.0000000E+00  0.0000000E+00
  0.0000000E+00  0.0000000E+00
  0.0000000E+00  0.0000000E+00
  0.0000000E+00  0.0000000E+00
  0.0000000E+00  0.0000000E+00
  0.0000000E+00  0.0000000E+00
  0.0000000E+00  0.0000000E+00
  0.0000000E+00  0.0000000E+00
  0.0000000E+00  0.0000000E+00
  0.0000000E+00  0.0000000E+00
  0.0000000E+00  0.0000000E+00
  0.0000000E+00  0.0000000E+00
  0.0000000E+00  0.0000000E+00
  0.0000000E+00  0.0000000E+00
  0.0000000E+00  0.0000000E+00
  0.0000000E+00  0.0000000E+00
  0.0000000E+00  0.0000000E+00
  0.0000000E+00  0.0000000E+00
  0.0000000E+00  0.0000000E+00
  0.0000000E+00  0.0000000E+00
  0.0000000E+00  0.0000000E+00
  0.0000000E+00  0.0000000E+00
  0.0000000E+00  0.0000000E+00
  0.0000000E+00  0.0000000E+00
  0.0000000E+00  0.0000000E+00
  0.0000000E+00  0.0000000E+00
  0.0000000E+00  0.0000000E+00
  0.0000000E+00  0.0000000E+00
  0.0000000E+00  0.0000000E+00
  0.0000000E+00  0.0000000E+00
  0.0000000E+00  0.0000000E+00
  0.0000000E+00  0.0000000E+00
  0.0000000E+00  0.0000000E+00
  0.0000000E+00  0.0000000E+00
  0.0000000E+00  0.0000000E+00
  0.0000000E+00  0.0000000E+00
  0.0000000E+00  0.0000000E+00
  0.0000000E+00  0.0000000E+00
  0.0000000E+00  0.0000000E+00
  0.0000000E+00  0.0000000E+00
  0.0000000E+00  0.0000000E+00
  0.0000000E+00  0.0000000E+00
  0.0000000E+00  0.0000000E+00
  0.0000000E+00  0.0000000E+00
  0.0000000E+00  0.0000000E+00
  0.0000000E+00  0.0000000E+00
  0.0000000E+00  0.0000000E+00
  0.0000000E+00  0.0000000E+00
  0.0000000E+00  0.0000000E+00
  0.0000000E+00  0.0000000E+00
  0.0000000E+00  0.0000000E+00
  0.0000000E+00  0.0000000E+00
  0.0000000E+00  0.0000000E+00
  0.0000000E+00  0.0000000E+00
  0.0000000E+00  0.0000000E+00
  0.0000000E+00  0.0000000E+00
  0.0000000E+00  0.0000000E+00
  0.0000000E+00  0.0000000E+00
  0.0000000E+00  0.0000000E+00
  0.0000000E+00  0.0000000E+00
  0.0000000E+00  0.0000000E+00
  0.0000000E+00  0.0000000E+00
  0.0000000E+00  0.0000000E+00
  0.0000000E+00  0.0000000E+00
  0.0000000E+00  0.0000000E+00
  0.0000000E+00  0.0000000E+00
  0.0000000E+00  0.0000000E+00
  0.0000000E+00  0.0000000E+00
  0.0000000E+00  0.0000000E+00
  0.0000000E+00  0.0000000E+00
  0.0000000E+00  0.0000000E+00
  0.0000000E+00  0.0000000E+00
  0.0000000E+00  0.0000000E+00
  0.0000000E+00  0.0000000E+00
  0.0000000E+00  0.0000000E+00
  0.0000000E+00  0.0000000E+00
  0.0000000E+00  0.0000000E+00
  0.0000000E+00  0.0000000E+00
  0.0000000E+00  0.0000000E+00
  0.0000000E+00  0.0000000E+00
  0.0000000E+00  0.0000000E+00
  0.0000000E+00  0.0000000E+00
  0.0000000E+00  0.0000000E+00
  0.0000000E+00  0.0000000E+00
  0.0000000E+00  0.0000000E+00
  0.0000000E+00  0.0000000E+00
  0.0000000E+00  0.0000000E+00
  0.0000000E+00  0.0000000E+00
  0.0000000E+00  0.0000000E+00
  0.0000000E+00  0.0000000E+00
  0.0000000E+00  0.0000000E+00
  0.0000000E+00  0.0000000E+00
  0.0000000E+00  0.0000000E+00
  0.0000000E+00  0.0000000E+00
  0.0000000E+00  0.0000000E+00
  0.0000000E+00  0.0000000E+00
  0.0000000E+00  0.0000000E+00
  0.0000000E+00  0.0000000E+00
  0.0000000E+00  0.0000000E+00
  0.0000000E+00  0.0000000E+00
  0.0000000E+00  0.0000000E+00
  0.0000000E+00  0.0000000E+00
  0.0000000E+00  0.0000000E+00
  0.0000000E+00  0.0000000E+00
  0.0000000E+00  0.0000000E+00
  0.0000000E+00  0.0000000E+00
  0.0000000E+00  0.0000000E+00
  0.0000000E+00  0.0000000E+00
  0.0000000E+00  0.0000000E+00
  0.0000000E+00  0.0000000E+00
  0.0000000E+00  0.0000000E+00
  0.0000000E+00  0.0000000E+00
  0.0000000E+00  0.0000000E+00
  0.0000000E+00  0.0000000E+00
  0.0000000E+00  0.0000000E+00
  0.0000000E+00  0.0000000E+00
  0.0000000E+00  0.0000000E+00
  0.0000000E+00  0.0000000E+00
  0.0000000E+00  0.0000000E+00
  0.0000000E+00  0.0000000E+00
  0.0000000E+00  0.0000000E+00
  0.0000000E+00  0.0000000E+00
  0.0000000E+00  0.0000000E+00
  0.0000000E+00  0.0000000E+00
  0.0000000E+00  0.0000000E+00
  0.0000000E+00  0.0000000E+00
  0.0000000E+00  0.0000000E+00
  0.0000000E+00  0.0000000E+00
  0.0000000E+00  0.0000000E+00
  0.0000000E+00  0.0000000E+00
  0.0000000E+00  0.0000000E+00
  0.0000000E+00  0.0000000E+00
  0.0000000E+00  0.0000000E+00
  0.0000000E+00  0.0000000E+00
  0.0000000E+00  0.0000000E+00
  0.0000000E+00  0.0000000E+00
  0.0000000E+00  0.0000000E+00
  0.0000000E+00  0.0000000E+00
  0.0000000E+00  0.0000000E+00
  0.0000000E+00  0.0000000E+00
  0.0000000E+00  0.0000000E+00
  0.0000000E+00  0.0000000E+00
  0.0000000E+00  0.0000000E+00
  0.0000000E+00  0.0000000E+00
  0.0000000E+00  0.0000000E+00
  0.0000000E+00  0.0000000E+00
  0.0000000E+00  0.0000000E+00
  0.0000000E+00  0.0000000E+00
  0.0000000E+00  0.0000000E+00
  0.0000000E+00  0.0000000E+00
  0.0000000E+00  0.0000000E+00
  0.0000000E+00  0.0000000E+00
  0.0000000E+00  0.0000000E+00
  0.0000000E+00  0.0000000E+00
  0.0000000E+00  0.0000000E+00
  0.0000000E+00  0.0000000E+00
  0.0000000E+00  0.0000000E+00
  0.0000000E+00  0.0000000E+00
  0.0000000E+00  0.0000000E+00
  0.0000000E+00  0.0000000E+00
  0.0000000E+00  0.0000000E+00
  0.0000000E+00  0.0000000E+00
  0.0000000E+00  0.0000000E+00
  0.0000000E+00  0.0000000E+00
  0.0000000E+00  0.0000000E+00
  0.0000000E+00  0.0000000E+00
  0.0000000E+00  0.0000000E+00
  0.0000000E+00  0.0000000E+00
  0.0000000E+00  0.0000000E+00
  0.0000000E+00  0.0000000E+00
  0.0000000E+00  0.0000000E+00
  0.0000000E+00  0.0000000E+00
  0.0000000E+00  0.0000000E+00
  0.0000000E+00  0.0000000E+00
  0.0000000E+00  0.0000000E+00
  0.0000000E+00  0.0000000E+00
  0.0000000E+00  0.0000000E+00
  0.0000000E+00  0.0000000E+00
  0.0000000E+00  0.0000000E+00
  0.0000000E+00  0.0000000E+00
  0.0000000E+00  0.0000000E+00
  0.0000000E+00  0.0000000E+00
