 -0.6816723E-01 -0.1083594E-08
 -0.1284197E-01 -0.1066146E-08
  0.1798397E-01 -0.1078277E-08
  0.3866909E-01 -0.1080216E-08
  0.5894824E-01 -0.1085876E-08
  0.8624586E-01 -0.1091645E-08
 -0.1053688E+01 -0.9628800E-09
  0.5424787E-01 -0.1066639E-08
  0.5777331E-01 -0.1069658E-08
  0.6143269E-01 -0.1109831E-08
  0.7061630E-01 -0.1347982E-08
  0.2097230E+00 -0.1345896E-08
  0.3469777E+00 -0.1346939E-08
  0.4815500E+00 -0.1348495E-08
  0.6129588E+00 -0.1351485E-08
  0.7416477E+00 -0.1354779E-08
  0.8657889E+00 -0.1354631E-08
  0.9846433E+00 -0.1353543E-08
  0.1100465E+01 -0.1354775E-08
  0.1211541E+01 -0.1355708E-08
  0.1315794E+01 -0.1356841E-08
  0.1416036E+01 -0.1358750E-08
  0.1509966E+01 -0.1358444E-08
  0.1595333E+01 -0.1361200E-08
  0.1675955E+01 -0.1360660E-08
  0.1749078E+01 -0.1361648E-08
  0.1812268E+01 -0.1363875E-08
  0.1870156E+01 -0.1363623E-08
  0.1919668E+01 -0.1365490E-08
  0.1958315E+01 -0.1366605E-08
  0.1991337E+01 -0.1365431E-08
  0.2015370E+01 -0.1367985E-08
  0.2028035E+01 -0.1368621E-08
  0.2034961E+01 -0.1368108E-08
  0.2032615E+01 -0.1369239E-08
  0.2018775E+01 -0.1368394E-08
  0.1999292E+01 -0.1368194E-08
  0.1970614E+01 -0.1367781E-08
  0.1930762E+01 -0.1368218E-08
  0.1885579E+01 -0.1367696E-08
  0.1831617E+01 -0.1368417E-08
  0.1767220E+01 -0.1366876E-08
  0.1697991E+01 -0.1367223E-08
  0.1620720E+01 -0.1366412E-08
  0.1534161E+01 -0.1363808E-08
  0.1443490E+01 -0.1363922E-08
  0.1345838E+01 -0.1365639E-08
  0.1240437E+01 -0.1361222E-08
  0.1131800E+01 -0.1362261E-08
  0.1017546E+01 -0.1360598E-08
  0.8974121E+00 -0.1359468E-08
  0.7750722E+00 -0.1358217E-08
  0.6487388E+00 -0.1357199E-08
  0.5186495E+00 -0.1354101E-08
  0.3874916E+00 -0.1352471E-08
  0.2541282E+00 -0.1352166E-08
  0.1192690E+00 -0.1348991E-08
 -0.1550624E-01 -0.1347803E-08
 -0.1505478E+00 -0.1347031E-08
 -0.2847421E+00 -0.1343560E-08
 -0.4176799E+00 -0.1341036E-08
 -0.5489683E+00 -0.1340619E-08
 -0.6771540E+00 -0.1335304E-08
 -0.8030239E+00 -0.1335246E-08
 -0.9253929E+00 -0.1333346E-08
 -0.1042503E+01 -0.1330778E-08
 -0.1156320E+01 -0.1328285E-08
 -0.1264992E+01 -0.1326868E-08
 -0.1366436E+01 -0.1323969E-08
 -0.1463665E+01 -0.1320974E-08
 -0.1554348E+01 -0.1319207E-08
 -0.1636233E+01 -0.1317686E-08
 -0.1713269E+01 -0.1315197E-08
 -0.1782609E+01 -0.1315085E-08
 -0.1841879E+01 -0.1312413E-08
 -0.1895808E+01 -0.1310870E-08
 -0.1941247E+01 -0.1310723E-08
 -0.1975759E+01 -0.1307998E-08
 -0.2004723E+01 -0.1308567E-08
 -0.2024869E+01 -0.1308892E-08
 -0.2034989E+01 -0.1307100E-08
 -0.2042584E+01 -0.1312052E-08
 -0.2035354E+01 -0.1315282E-08
 -0.2018606E+01 -0.1317784E-08
 -0.1993203E+01 -0.1316944E-08
 -0.1959418E+01 -0.1317697E-08
 -0.1917073E+01 -0.1318362E-08
 -0.1866235E+01 -0.1318583E-08
 -0.1807156E+01 -0.1320569E-08
 -0.1740172E+01 -0.1321265E-08
 -0.1665613E+01 -0.1321804E-08
 -0.1583790E+01 -0.1323686E-08
 -0.1495025E+01 -0.1323804E-08
 -0.1399656E+01 -0.1326332E-08
 -0.1298105E+01 -0.1329379E-08
 -0.1190906E+01 -0.1329026E-08
 -0.1078474E+01 -0.1330692E-08
 -0.9611450E+00 -0.1332670E-08
 -0.8394607E+00 -0.1336816E-08
 -0.7140644E+00 -0.1336282E-08
 -0.5846931E+00 -0.1334389E-08
 -0.4542067E+00 -0.1330483E-08
 -0.3246192E+00 -0.1334614E-08
 -0.1950427E+00 -0.1340642E-08
 -0.6552137E-01 -0.1349257E-08
 -0.4951134E-01 -0.1102555E-08
 -0.4215713E-01 -0.1060038E-08
 -0.3748847E-01 -0.1056377E-08
 -0.3402468E-01 -0.1057871E-08
 -0.3113400E-01 -0.1056284E-08
 -0.2782176E-01 -0.1055792E-08
 -0.2419232E-01 -0.1052927E-08
 -0.1487002E-01 -0.1042222E-08
  0.1153898E-01 -0.1026156E-08
  0.6186054E-01 -0.1034787E-08
  0.1929493E+00 -0.9972280E-09
 -0.1042783E+01 -0.9783598E-09
  0.4463103E+00 -0.8864351E-09
  0.5626466E+00 -0.8485504E-09
  0.6478711E+00 -0.8214285E-09
  0.7005345E+00 -0.8038829E-09
  0.7194203E+00 -0.7979967E-09
  0.7024550E+00 -0.8048130E-09
  0.6519194E+00 -0.8233226E-09
  0.5752314E+00 -0.8518004E-09
  0.4753882E+00 -0.8884010E-09
  0.3545110E+00 -0.9341081E-09
  0.2185248E+00 -0.9855807E-09
  0.7379866E-01 -0.1037929E-08
 -0.7380316E-01 -0.1094063E-08
 -0.2185339E+00 -0.1147409E-08
 -0.3546432E+00 -0.1198142E-08
 -0.4765109E+00 -0.1243501E-08
 -0.5785972E+00 -0.1280228E-08
 -0.6557594E+00 -0.1308064E-08
 -0.7033424E+00 -0.1326898E-08
 -0.7174442E+00 -0.1330385E-08
 -0.6981606E+00 -0.1321985E-08
 -0.6506116E+00 -0.1304518E-08
 -0.5763221E+00 -0.1277491E-08
 -0.4749240E+00 -0.1239436E-08
 -0.3509310E+00 -0.1192257E-08
 -0.2108153E+00 -0.1139456E-08
 -0.5584528E+00 -0.9900376E-09
 -0.5051550E+00 -0.1041592E-08
  0.1073360E+00 -0.1087216E-08
  0.1629094E+00 -0.1099927E-08
  0.2261592E+00 -0.1105342E-08
  0.1691795E+00 -0.1072318E-08
 -0.2516536E+00 -0.9749976E-09
  0.2989430E+00 -0.1116384E-08
  0.1821921E+00 -0.1113483E-08
  0.4121757E+00 -0.1120144E-08
  0.5217293E+00 -0.1124878E-08
  0.6273764E+00 -0.1128226E-08
  0.7282308E+00 -0.1132521E-08
  0.8260201E+00 -0.1134437E-08
  0.9201117E+00 -0.1138288E-08
  0.1009991E+01 -0.1141782E-08
  0.1095425E+01 -0.1144695E-08
  0.1176006E+01 -0.1147695E-08
  0.1251394E+01 -0.1151720E-08
  0.1321376E+01 -0.1154084E-08
  0.1385620E+01 -0.1155337E-08
  0.1443780E+01 -0.1157183E-08
  0.1495636E+01 -0.1160016E-08
  0.1541001E+01 -0.1162832E-08
  0.1579693E+01 -0.1164933E-08
  0.1611562E+01 -0.1165549E-08
  0.1636405E+01 -0.1166701E-08
  0.1654202E+01 -0.1167558E-08
  0.1664963E+01 -0.1166355E-08
  0.1668440E+01 -0.1168486E-08
  0.1664661E+01 -0.1168443E-08
  0.1653716E+01 -0.1169053E-08
  0.1635477E+01 -0.1166890E-08
  0.1610089E+01 -0.1166997E-08
  0.1577754E+01 -0.1166993E-08
  0.1538454E+01 -0.1164530E-08
  0.1492370E+01 -0.1163515E-08
  0.1439819E+01 -0.1161830E-08
  0.1380885E+01 -0.1159352E-08
  0.1315816E+01 -0.1157516E-08
  0.1244988E+01 -0.1155191E-08
  0.1168626E+01 -0.1152249E-08
  0.1087037E+01 -0.1148436E-08
  0.1000669E+01 -0.1146653E-08
  0.9098430E+00 -0.1142077E-08
  0.8149260E+00 -0.1138069E-08
  0.7164428E+00 -0.1134129E-08
  0.6147711E+00 -0.1130792E-08
  0.5103586E+00 -0.1127079E-08
  0.4037750E+00 -0.1123199E-08
  0.2954062E+00 -0.1119492E-08
  0.1856303E+00 -0.1114940E-08
  0.7503142E-01 -0.1112275E-08
 -0.3583957E-01 -0.1106304E-08
 -0.1464897E+00 -0.1102095E-08
 -0.2564079E+00 -0.1098606E-08
 -0.3651047E+00 -0.1094896E-08
 -0.4721299E+00 -0.1088300E-08
 -0.5770473E+00 -0.1086029E-08
 -0.6793480E+00 -0.1081717E-08
 -0.7785349E+00 -0.1076519E-08
 -0.8743787E+00 -0.1073586E-08
 -0.9664096E+00 -0.1069893E-08
 -0.1054050E+01 -0.1064641E-08
 -0.1137030E+01 -0.1064069E-08
 -0.1215002E+01 -0.1057878E-08
 -0.1287627E+01 -0.1057249E-08
 -0.1354715E+01 -0.1052475E-08
 -0.1415924E+01 -0.1050309E-08
 -0.1470898E+01 -0.1048700E-08
 -0.1519547E+01 -0.1044652E-08
 -0.1561645E+01 -0.1043828E-08
 -0.1596972E+01 -0.1040934E-08
 -0.1625398E+01 -0.1041678E-08
 -0.1646804E+01 -0.1039390E-08
 -0.1661179E+01 -0.1038929E-08
 -0.1668684E+01 -0.1039233E-08
 -0.1669230E+01 -0.1040058E-08
 -0.1662443E+01 -0.1040978E-08
 -0.1648207E+01 -0.1042428E-08
 -0.1626710E+01 -0.1043007E-08
 -0.1598013E+01 -0.1044390E-08
 -0.1561988E+01 -0.1045195E-08
 -0.1518834E+01 -0.1047323E-08
 -0.1468959E+01 -0.1048598E-08
 -0.1412701E+01 -0.1050625E-08
 -0.1350379E+01 -0.1053108E-08
 -0.1282221E+01 -0.1055426E-08
 -0.1208401E+01 -0.1058032E-08
 -0.1129206E+01 -0.1060901E-08
 -0.1045092E+01 -0.1065016E-08
 -0.9566064E+00 -0.1068017E-08
 -0.8638623E+00 -0.1073337E-08
 -0.7670269E+00 -0.1075410E-08
 -0.6667275E+00 -0.1078009E-08
 -0.5637531E+00 -0.1082939E-08
 -0.4590800E+00 -0.1086461E-08
 -0.3542598E+00 -0.1088835E-08
 -0.2507393E+00 -0.1092855E-08
 -0.1490915E+00 -0.1097880E-08
 -0.1278068E+00 -0.1057593E-08
  0.4318955E-01 -0.9932732E-09
 -0.1137703E+00 -0.1053668E-08
 -0.1031485E+00 -0.1056014E-08
 -0.9305767E-01 -0.1057370E-08
 -0.8272413E-01 -0.1056206E-08
 -0.7548995E-01 -0.1053621E-08
  0.1495807E+00 -0.9000742E-09
 -0.2801258E-01 -0.1015373E-08
  0.1803164E+00 -0.8821213E-09
 -0.2682927E+00 -0.9934601E-09
  0.1046328E+00 -0.9237344E-09
  0.2004403E+00 -0.8691548E-09
  0.2077186E+00 -0.8660022E-09
  0.2005530E+00 -0.8712254E-09
  0.1814663E+00 -0.8840385E-09
  0.1593562E+00 -0.9023992E-09
  0.1332744E+00 -0.9279615E-09
  0.9968237E-01 -0.9575116E-09
  0.6122809E-01 -0.9915102E-09
  0.2067583E-01 -0.1029627E-08
 -0.2046152E-01 -0.1065862E-08
 -0.6097811E-01 -0.1103585E-08
 -0.9962911E-01 -0.1136645E-08
 -0.1352250E+00 -0.1167418E-08
 -0.1660207E+00 -0.1192685E-08
 -0.1897779E+00 -0.1212209E-08
 -0.2033437E+00 -0.1223614E-08
 -0.2039862E+00 -0.1225118E-08
 -0.1939271E+00 -0.1222751E-08
 -0.1808368E+00 -0.1209434E-08
 -0.1618967E+00 -0.1191731E-08
 -0.1317833E+00 -0.1163973E-08
 -0.9309349E-01 -0.1136622E-08
 -0.4961564E-01 -0.1105791E-08
  0.2681411E+00 -0.1069457E-08
  0.3187249E+00 -0.1119331E-08
 -0.9633691E-01 -0.1038539E-08
  0.9184341E-01 -0.1112582E-08
  0.1919008E+00 -0.1080264E-08
  0.2564412E+00 -0.1121757E-08
  0.2745134E+00 -0.1079158E-08
  0.1723313E+00 -0.1113929E-08
  0.6583030E+00 -0.1099908E-08
  0.7463141E+00 -0.1103227E-08
  0.8305442E+00 -0.1107591E-08
  0.9104103E+00 -0.1111845E-08
  0.9862151E+00 -0.1116882E-08
  0.1057678E+01 -0.1120574E-08
  0.1124414E+01 -0.1123432E-08
  0.1186184E+01 -0.1127644E-08
  0.1242892E+01 -0.1129872E-08
  0.1293966E+01 -0.1132895E-08
  0.1339217E+01 -0.1134331E-08
  0.1378879E+01 -0.1136752E-08
  0.1412494E+01 -0.1138840E-08
  0.1439669E+01 -0.1141780E-08
  0.1460753E+01 -0.1142861E-08
  0.1475866E+01 -0.1142440E-08
  0.1484704E+01 -0.1144505E-08
  0.1487182E+01 -0.1144421E-08
  0.1483284E+01 -0.1144821E-08
  0.1472751E+01 -0.1143289E-08
  0.1455686E+01 -0.1142549E-08
  0.1432328E+01 -0.1140604E-08
  0.1402589E+01 -0.1140392E-08
  0.1366703E+01 -0.1137929E-08
  0.1324890E+01 -0.1137100E-08
  0.1277179E+01 -0.1134057E-08
  0.1223809E+01 -0.1131656E-08
  0.1165100E+01 -0.1128040E-08
  0.1101188E+01 -0.1124731E-08
  0.1032364E+01 -0.1122579E-08
  0.9590119E+00 -0.1117333E-08
  0.8813539E+00 -0.1113493E-08
  0.7997625E+00 -0.1109782E-08
  0.7146482E+00 -0.1105606E-08
  0.6263543E+00 -0.1101053E-08
  0.5352731E+00 -0.1096109E-08
  0.4419358E+00 -0.1091565E-08
  0.3468425E+00 -0.1086675E-08
  0.2499766E+00 -0.1081952E-08
  0.1516071E+00 -0.1077021E-08
  0.5240319E-01 -0.1072041E-08
 -0.4691914E-01 -0.1066201E-08
 -0.1458252E+00 -0.1061234E-08
 -0.2439215E+00 -0.1055600E-08
 -0.3408431E+00 -0.1051478E-08
 -0.4361364E+00 -0.1046806E-08
 -0.5293853E+00 -0.1041425E-08
 -0.6201532E+00 -0.1036995E-08
 -0.7078697E+00 -0.1031950E-08
 -0.7928460E+00 -0.1027798E-08
 -0.8744353E+00 -0.1024122E-08
 -0.9517344E+00 -0.1019358E-08
 -0.1024849E+01 -0.1016319E-08
 -0.1093574E+01 -0.1011269E-08
 -0.1157454E+01 -0.1007951E-08
 -0.1216437E+01 -0.1005185E-08
 -0.1270172E+01 -0.1002047E-08
 -0.1318095E+01 -0.9978723E-09
 -0.1360386E+01 -0.9980767E-09
 -0.1397114E+01 -0.9945877E-09
 -0.1427592E+01 -0.9939297E-09
 -0.1451662E+01 -0.9919403E-09
 -0.1469564E+01 -0.9913753E-09
 -0.1481505E+01 -0.9917013E-09
 -0.1487303E+01 -0.9909852E-09
 -0.1486930E+01 -0.9895871E-09
 -0.1480646E+01 -0.9919237E-09
 -0.1468063E+01 -0.9909054E-09
 -0.1448764E+01 -0.9926220E-09
 -0.1422583E+01 -0.9937631E-09
 -0.1388940E+01 -0.9959965E-09
 -0.1348582E+01 -0.9978141E-09
 -0.1302338E+01 -0.9992769E-09
 -0.1250743E+01 -0.1002168E-08
 -0.1194216E+01 -0.1004674E-08
 -0.1132693E+01 -0.1006936E-08
 -0.1066098E+01 -0.1011905E-08
 -0.9947640E+00 -0.1014792E-08
 -0.9195610E+00 -0.1018882E-08
 -0.8412421E+00 -0.1023478E-08
 -0.7588482E+00 -0.1026695E-08
 -0.6721917E+00 -0.1030753E-08
 -0.5827279E+00 -0.1036216E-08
 -0.4915273E+00 -0.1039683E-08
 -0.3992757E+00 -0.1044295E-08
 -0.3074574E+00 -0.1048442E-08
 -0.2167015E+00 -0.1054439E-08
 -0.1134062E+00 -0.9242289E-09
 -0.1052014E+00 -0.9507709E-09
 -0.1765714E+00 -0.1053071E-08
 -0.1590289E+00 -0.1053614E-08
  0.3357920E+00 -0.1116232E-08
 -0.1394666E+00 -0.1050467E-08
 -0.1273335E+00 -0.1044585E-08
 -0.6850598E-02 -0.9784707E-09
 -0.1163102E+00 -0.9150814E-09
 -0.1167500E+00 -0.9115346E-09
 -0.1937891E+00 -0.1049045E-08
 -0.1184556E+00 -0.9149284E-09
 -0.1220038E+00 -0.9247393E-09
 -0.1078353E+00 -0.9404758E-09
 -0.8154725E-01 -0.9609756E-09
 -0.5882401E-01 -0.9848639E-09
 -0.3665629E-01 -0.1014577E-08
 -0.1292078E-01 -0.1041317E-08
  0.1253258E-01 -0.1074830E-08
  0.3766306E-01 -0.1103406E-08
  0.6021529E-01 -0.1132672E-08
  0.7880477E-01 -0.1155998E-08
  0.9299900E-01 -0.1176990E-08
  0.1035318E+00 -0.1192182E-08
  0.1126429E+00 -0.1200074E-08
  0.1224438E+00 -0.1200759E-08
  0.1318944E+00 -0.1198507E-08
  0.1222794E+00 -0.1192910E-08
  0.1003958E+00 -0.1174829E-08
  0.8550255E-01 -0.1156246E-08
  0.7482290E-01 -0.1133438E-08
 -0.1058195E+00 -0.9343396E-09
  0.3783638E+00 -0.1085871E-08
  0.5698645E+00 -0.1093175E-08
  0.4761079E+00 -0.1087803E-08
  0.4729902E-01 -0.9520269E-09
  0.4222418E+00 -0.1115229E-08
  0.2242339E+00 -0.1137934E-08
  0.5845741E+00 -0.1099104E-08
  0.6701213E+00 -0.1104236E-08
  0.8875949E+00 -0.1118659E-08
  0.9523724E+00 -0.1119991E-08
  0.1012520E+01 -0.1124256E-08
  0.1067868E+01 -0.1127633E-08
  0.1118756E+01 -0.1130277E-08
  0.1164150E+01 -0.1134020E-08
  0.1204185E+01 -0.1136395E-08
  0.1239622E+01 -0.1139474E-08
  0.1269049E+01 -0.1139913E-08
  0.1291417E+01 -0.1143250E-08
  0.1308643E+01 -0.1143598E-08
  0.1321978E+01 -0.1145425E-08
  0.1330413E+01 -0.1145959E-08
  0.1332795E+01 -0.1147165E-08
  0.1329892E+01 -0.1145845E-08
  0.1320474E+01 -0.1145724E-08
  0.1304433E+01 -0.1144053E-08
  0.1283256E+01 -0.1143575E-08
  0.1256148E+01 -0.1140866E-08
  0.1223060E+01 -0.1139420E-08
  0.1185239E+01 -0.1137646E-08
  0.1142005E+01 -0.1134994E-08
  0.1093292E+01 -0.1132165E-08
  0.1040336E+01 -0.1128111E-08
  0.9826434E+00 -0.1125295E-08
  0.9202179E+00 -0.1121964E-08
  0.8542019E+00 -0.1115760E-08
  0.7842684E+00 -0.1112061E-08
  0.7105624E+00 -0.1107425E-08
  0.6341089E+00 -0.1102710E-08
  0.5547764E+00 -0.1097477E-08
  0.4727599E+00 -0.1094301E-08
  0.3892385E+00 -0.1087751E-08
  0.3050365E+00 -0.1082668E-08
  0.2180662E+00 -0.1077346E-08
  0.1286494E+00 -0.1072454E-08
  0.3815313E-01 -0.1067716E-08
 -0.5208812E-01 -0.1060856E-08
 -0.1414477E+00 -0.1056864E-08
 -0.2298587E+00 -0.1049853E-08
 -0.3171911E+00 -0.1043830E-08
 -0.4030438E+00 -0.1039405E-08
 -0.4866958E+00 -0.1032055E-08
 -0.5673921E+00 -0.1027477E-08
 -0.6443145E+00 -0.1024982E-08
 -0.7203365E+00 -0.1019476E-08
 -0.7931097E+00 -0.1015821E-08
 -0.8610321E+00 -0.1012040E-08
 -0.9260746E+00 -0.1006000E-08
 -0.9872100E+00 -0.1003162E-08
 -0.1043787E+01 -0.9987424E-09
 -0.1096483E+01 -0.9956846E-09
 -0.1143785E+01 -0.9936426E-09
 -0.1185095E+01 -0.9917049E-09
 -0.1222377E+01 -0.9873509E-09
 -0.1255154E+01 -0.9865194E-09
 -0.1281285E+01 -0.9842960E-09
 -0.1301380E+01 -0.9833370E-09
 -0.1316815E+01 -0.9819122E-09
 -0.1328241E+01 -0.9814275E-09
 -0.1334305E+01 -0.9806191E-09
 -0.1334350E+01 -0.9803619E-09
 -0.1330528E+01 -0.9813257E-09
 -0.1321122E+01 -0.9831295E-09
 -0.1304200E+01 -0.9829678E-09
 -0.1280643E+01 -0.9845353E-09
 -0.1247228E+01 -0.9862066E-09
 -0.1207125E+01 -0.9874237E-09
 -0.1162440E+01 -0.9912415E-09
 -0.1114141E+01 -0.9938534E-09
 -0.1062944E+01 -0.9963099E-09
 -0.1007469E+01 -0.1000301E-08
 -0.9468617E+00 -0.1004999E-08
 -0.8821872E+00 -0.1007671E-08
 -0.8158239E+00 -0.1011252E-08
 -0.7494339E+00 -0.1014285E-08
 -0.6774904E+00 -0.1019681E-08
 -0.5989882E+00 -0.1025617E-08
 -0.5191317E+00 -0.1030072E-08
 -0.4392491E+00 -0.1034601E-08
 -0.3573908E+00 -0.1038673E-08
 -0.2758927E+00 -0.1045089E-08
 -0.3966936E+00 -0.9482448E-09
 -0.4019379E+00 -0.9461241E-09
  0.3328646E+00 -0.1076587E-08
 -0.1164634E+00 -0.9728398E-09
 -0.3652675E+00 -0.9524758E-09
  0.4338536E+00 -0.1119772E-08
  0.3498049E+00 -0.1084328E-08
 -0.2297180E+00 -0.1046660E-08
  0.1020611E+00 -0.1086179E-08
 -0.4013378E+00 -0.9601741E-09
  0.7476743E+00 -0.1108097E-08
 -0.3951213E+00 -0.9475484E-09
  0.6547789E-01 -0.1085953E-08
  0.4109842E+00 -0.1095941E-08
 -0.2653695E+00 -0.9861701E-09
 -0.1933503E+00 -0.1006678E-08
 -0.1209949E+00 -0.1030854E-08
 -0.4384799E-01 -0.1057029E-08
  0.4060010E-01 -0.1086210E-08
  0.1244737E+00 -0.1112435E-08
  0.1999836E+00 -0.1136193E-08
  0.2648623E+00 -0.1156909E-08
  0.3177394E+00 -0.1173283E-08
  0.3580407E+00 -0.1185624E-08
  0.3866847E+00 -0.1193523E-08
  0.4058437E+00 -0.1194614E-08
  0.4321076E+00 -0.1193986E-08
  0.4036192E+00 -0.1192266E-08
  0.3273987E+00 -0.1172179E-08
  0.2729779E+00 -0.1155517E-08
 -0.3185218E+00 -0.9581445E-09
 -0.2551263E+00 -0.1049232E-08
  0.8190062E+00 -0.1113342E-08
 -0.1958723E+00 -0.1038309E-08
  0.2471740E+00 -0.1073588E-08
 -0.3530492E+00 -0.9725227E-09
 -0.1891463E+00 -0.1037528E-08
  0.5214447E+00 -0.1123900E-08
  0.5048516E+00 -0.1105203E-08
 -0.3775586E+00 -0.1022457E-08
 -0.3086125E+00 -0.1029085E-08
  0.4310768E+00 -0.1075343E-08
  0.5917171E+00 -0.1109850E-08
 -0.6562976E+00 -0.9801029E-09
  0.7862872E+00 -0.1124659E-08
  0.8478209E+00 -0.1126603E-08
  0.9987159E+00 -0.1138216E-08
  0.1039228E+01 -0.1140651E-08
  0.1073669E+01 -0.1144383E-08
  0.1107657E+01 -0.1144442E-08
  0.1132916E+01 -0.1145808E-08
  0.1145859E+01 -0.1150105E-08
  0.1156143E+01 -0.1151338E-08
  0.1170187E+01 -0.1153068E-08
  0.1181399E+01 -0.1153241E-08
  0.1184313E+01 -0.1154999E-08
  0.1185398E+01 -0.1152232E-08
  0.1177866E+01 -0.1151715E-08
  0.1161352E+01 -0.1153155E-08
  0.1143991E+01 -0.1149074E-08
  0.1119622E+01 -0.1146570E-08
  0.1087584E+01 -0.1146765E-08
  0.1055150E+01 -0.1143366E-08
  0.1016339E+01 -0.1140230E-08
  0.9705763E+00 -0.1137517E-08
  0.9245220E+00 -0.1134588E-08
  0.8728799E+00 -0.1130409E-08
  0.8152732E+00 -0.1126945E-08
  0.7574418E+00 -0.1121525E-08
  0.6949862E+00 -0.1117446E-08
  0.6278359E+00 -0.1113235E-08
  0.5606065E+00 -0.1107250E-08
  0.4898311E+00 -0.1103055E-08
  0.4152683E+00 -0.1097698E-08
  0.3410226E+00 -0.1089837E-08
  0.2709767E+00 -0.1081390E-08
  0.1941510E+00 -0.1079176E-08
  0.1119037E+00 -0.1076716E-08
  0.2775639E-01 -0.1068575E-08
 -0.5449891E-01 -0.1061230E-08
 -0.1349871E+00 -0.1058104E-08
 -0.2147560E+00 -0.1050214E-08
 -0.2938749E+00 -0.1044963E-08
 -0.3725570E+00 -0.1040651E-08
 -0.4468978E+00 -0.1027488E-08
 -0.5153960E+00 -0.1023996E-08
 -0.5782326E+00 -0.1027074E-08
 -0.6476536E+00 -0.1016743E-08
 -0.7116994E+00 -0.1012868E-08
 -0.7686723E+00 -0.1011170E-08
 -0.8279313E+00 -0.1005598E-08
 -0.8829103E+00 -0.1000247E-08
 -0.9318234E+00 -0.9980370E-09
 -0.9798428E+00 -0.9929477E-09
 -0.1020197E+01 -0.9898843E-09
 -0.1052210E+01 -0.9881773E-09
 -0.1085970E+01 -0.9841843E-09
 -0.1117527E+01 -0.9836022E-09
 -0.1138220E+01 -0.9830926E-09
 -0.1153501E+01 -0.9811156E-09
 -0.1168332E+01 -0.9794380E-09
 -0.1183808E+01 -0.9778280E-09
 -0.1192068E+01 -0.9782605E-09
 -0.1190768E+01 -0.9801555E-09
 -0.1192345E+01 -0.9759781E-09
 -0.1187619E+01 -0.9808058E-09
 -0.1171384E+01 -0.9771773E-09
 -0.1152947E+01 -0.9812817E-09
 -0.1115799E+01 -0.9803741E-09
 -0.1072884E+01 -0.9871381E-09
 -0.1027219E+01 -0.9918866E-09
 -0.9813923E+00 -0.9926061E-09
 -0.9380179E+00 -0.9958013E-09
 -0.8894942E+00 -0.9989887E-09
 -0.8332567E+00 -0.1003787E-08
 -0.7736652E+00 -0.1009301E-08
 -0.7164537E+00 -0.1012936E-08
 -0.6689860E+00 -0.1010813E-08
 -0.6099031E+00 -0.1014279E-08
 -0.5340151E+00 -0.1026617E-08
 -0.4619153E+00 -0.1031696E-08
 -0.3990823E+00 -0.1033687E-08
  0.7230088E+00 -0.1121016E-08
  0.6630508E+00 -0.1111216E-08
  0.4928989E+00 -0.1099656E-08
 -0.7851334E-01 -0.1070728E-08
 -0.4485689E+00 -0.1009788E-08
 -0.6146373E+00 -0.9825034E-09
 -0.5559875E+00 -0.1013561E-08
 -0.2962483E+00 -0.1040645E-08
  0.3344752E+00 -0.1106675E-08
 -0.6623200E+00 -0.9731657E-09
  0.5104350E+00 -0.1132770E-08
  0.3735570E+00 -0.1149097E-08
 -0.4379708E+00 -0.1011273E-08
 -0.3216974E+00 -0.1024723E-08
  0.6905858E-01 -0.1098396E-08
  0.2163372E+00 -0.1122993E-08
  0.3437375E+00 -0.1142565E-08
  0.4523827E+00 -0.1160380E-08
  0.5421811E+00 -0.1174559E-08
  0.6109668E+00 -0.1184628E-08
  0.6573941E+00 -0.1190957E-08
  0.6724826E+00 -0.1192478E-08
  0.5076223E-01 -0.1066321E-08
  0.6572105E+00 -0.1207543E-08
  0.5442914E+00 -0.1173254E-08
  0.4520913E+00 -0.1157822E-08
 -0.5327216E+00 -0.1002349E-08
  0.9031858E+00 -0.1132219E-08
 -0.2038941E+00 -0.1046020E-08
  0.9517337E+00 -0.1136015E-08
  0.6334599E-01 -0.1122600E-08
  0.6208849E+00 -0.1129534E-08
 -0.3269657E+00 -0.1035275E-08
 -0.2488100E+00 -0.1027570E-08
  0.6832879E+00 -0.1134165E-08
  0.9278302E-01 -0.1134966E-08
  0.1447651E+00 -0.1065635E-08
 -0.8841622E+00 -0.1001413E-08
 -0.4296691E+00 -0.1048765E-08
  0.9455833E+00 -0.1153559E-08
  0.7482417E+00 -0.1127050E-08
  0.8850466E+00 -0.1139254E-08
  0.9202046E+00 -0.1141876E-08
  0.1010397E+01 -0.1146041E-08
  0.9977676E+00 -0.1155307E-08
  0.9817970E+00 -0.1160572E-08
  0.1004406E+01 -0.1156591E-08
  0.1037346E+01 -0.1159240E-08
  0.1037194E+01 -0.1162896E-08
  0.1050019E+01 -0.1155214E-08
  0.1044851E+01 -0.1154007E-08
  0.1020707E+01 -0.1162532E-08
  0.1012887E+01 -0.1150768E-08
  0.9918085E+00 -0.1149429E-08
  0.9540188E+00 -0.1156720E-08
  0.9323688E+00 -0.1144375E-08
  0.8990307E+00 -0.1140990E-08
  0.8498142E+00 -0.1147691E-08
  0.8152928E+00 -0.1134362E-08
  0.7709732E+00 -0.1130537E-08
  0.7122957E+00 -0.1134882E-08
  0.6662115E+00 -0.1121270E-08
  0.6127305E+00 -0.1116999E-08
  0.5470668E+00 -0.1121770E-08
  0.4913629E+00 -0.1107444E-08
  0.4303685E+00 -0.1101541E-08
  0.3578590E+00 -0.1105119E-08
  0.2903785E+00 -0.1091692E-08
  0.1902595E+00 -0.1084389E-08
  0.1996688E-01 -0.1065909E-08
 -0.5230846E-01 -0.1059344E-08
 -0.1250068E+00 -0.1061769E-08
 -0.1986360E+00 -0.1043982E-08
 -0.2695965E+00 -0.1040786E-08
 -0.3536548E+00 -0.1052415E-08
 -0.5050454E+00 -0.1043156E-08
 -0.6101516E+00 -0.1021993E-08
 -0.6681113E+00 -0.1014731E-08
 -0.7315373E+00 -0.9998919E-09
 -0.7816466E+00 -0.9965951E-09
 -0.8191016E+00 -0.9980896E-09
 -0.8682763E+00 -0.9874569E-09
 -0.8971139E+00 -0.9825099E-09
 -0.9047903E+00 -0.9904650E-09
 -0.9406013E+00 -0.9773092E-09
 -0.9885452E+00 -0.9776796E-09
 -0.9988886E+00 -0.9818246E-09
 -0.1005126E+01 -0.9787615E-09
 -0.1021771E+01 -0.9778452E-09
 -0.1050327E+01 -0.9692310E-09
 -0.1062432E+01 -0.9721387E-09
 -0.1054875E+01 -0.9831604E-09
  0.2395596E+00 -0.1090228E-08
 -0.1002328E+01 -0.9804396E-09
 -0.9451725E+00 -0.9866131E-09
 -0.8934526E+00 -0.9922838E-09
 -0.8466744E+00 -0.9923435E-09
 -0.8198527E+00 -0.9891331E-09
 -0.7815413E+00 -0.9941435E-09
 -0.7253241E+00 -0.1005979E-08
 -0.6643168E+00 -0.1008283E-08
 -0.6122675E+00 -0.1019850E-08
 -0.7097147E+00 -0.9461328E-09
  0.7985960E+00 -0.1132610E-08
 -0.1080559E+00 -0.1097466E-08
 -0.6132627E+00 -0.1039250E-08
 -0.8186973E+00 -0.1016073E-08
 -0.6988446E+00 -0.1014782E-08
  0.5878232E+00 -0.1156272E-08
 -0.2969013E+00 -0.1062734E-08
  0.2978255E+00 -0.1143446E-08
 -0.2076315E+00 -0.1029888E-08
  0.8359220E+00 -0.1145626E-08
  0.4651126E+00 -0.1156516E-08
  0.6080059E+00 -0.1174315E-08
  0.7268376E+00 -0.1186155E-08
  0.8175477E+00 -0.1196470E-08
  0.8760378E+00 -0.1198538E-08
  0.8836431E+00 -0.1187794E-08
 -0.6450423E-01 -0.1028242E-08
  0.8315621E+00 -0.1202059E-08
  0.7179998E+00 -0.1184108E-08
 -0.2542380E-01 -0.1060318E-08
 -0.8615576E+00 -0.9890813E-09
  0.9865602E+00 -0.1144754E-08
 -0.6775470E+00 -0.9835026E-09
 -0.8789797E+00 -0.9858973E-09
 -0.1052859E+01 -0.9924376E-09
 -0.8974177E+00 -0.9813789E-09
 -0.5710368E+00 -0.1034900E-08
 -0.7203689E+00 -0.1025575E-08
  0.2108165E+00 -0.1089188E-08
 -0.2420052E+00 -0.1031154E-08
 -0.1210989E+00 -0.1002297E-08
 -0.4849149E+00 -0.1026017E-08
 -0.3488205E+00 -0.1044834E-08
 -0.1469115E+00 -0.1074788E-08
  0.1381618E+00 -0.9546109E-09
  0.3074834E+00 -0.9314481E-09
  0.7870136E+00 -0.1172194E-08
  0.7112899E+00 -0.1197779E-08
  0.5871021E+00 -0.1106264E-08
 -0.7114143E+00 -0.9831667E-09
 -0.4046910E+00 -0.1040912E-08
 -0.6831183E+00 -0.9951073E-09
 -0.9443192E+00 -0.9694476E-09
 -0.5772646E+00 -0.1005465E-08
 -0.1068910E+01 -0.9651794E-09
 -0.1537487E-01 -0.1060746E-08
 -0.8776220E+00 -0.1002199E-08
 -0.3866327E+00 -0.1043608E-08
 -0.7791888E+00 -0.9850442E-09
  0.8962671E+00 -0.1149846E-08
 -0.2095441E+00 -0.1041437E-08
  0.7946483E+00 -0.1145569E-08
  0.4011441E+00 -0.1106238E-08
 -0.6666785E+00 -0.9974944E-09
  0.6814810E+00 -0.1137589E-08
 -0.6964089E+00 -0.9886991E-09
  0.5590271E+00 -0.1123810E-08
  0.6946802E+00 -0.1137727E-08
  0.8031579E+00 -0.1147847E-08
  0.8808460E+00 -0.1155702E-08
  0.9238271E+00 -0.1160673E-08
  0.8992692E+00 -0.1178468E-08
 -0.9044765E+00 -0.9758931E-09
 -0.5845110E+00 -0.1017407E-08
 -0.4417858E+00 -0.1031700E-08
 -0.8800992E+00 -0.9635601E-09
  0.8825862E+00 -0.1156487E-08
 -0.7713616E+00 -0.9643084E-09
 -0.5128977E+00 -0.1000313E-08
  0.1260133E+00 -0.2003321E-09
  0.1426473E+00  0.3719748E-10
  0.1659180E+00  0.1020191E-09
  0.1894610E+00  0.1219356E-09
  0.2125259E+00  0.1243926E-09
  0.2350172E+00  0.1195213E-09
  0.2569488E+00  0.1118044E-09
  0.2783414E+00  0.1032351E-09
  0.2992147E+00  0.9477666E-10
  0.3195875E+00  0.8705067E-10
  0.3394298E+00  0.8008897E-10
  0.3587410E+00  0.7386677E-10
  0.3775153E+00  0.6850048E-10
  0.3957895E+00  0.6385229E-10
  0.4136573E+00  0.5985749E-10
  0.4313127E+00  0.5647093E-10
  0.4492568E+00  0.5364702E-10
  0.4685014E+00  0.5146604E-10
  0.4912893E+00  0.5001817E-10
  0.5229410E+00  0.4968865E-10
  0.1545941E+01  0.9870171E-10
  0.2501353E+01  0.1443282E-09
  0.3347475E+01  0.1847094E-09
  0.4047279E+01  0.2179647E-09
  0.4570238E+01  0.2427013E-09
  0.4893384E+01  0.2578320E-09
  0.5002594E+01  0.2625636E-09
  0.4893229E+01  0.2568802E-09
  0.4570037E+01  0.2409862E-09
  0.4047134E+01  0.2155543E-09
  0.3347350E+01  0.1816609E-09
  0.2501235E+01  0.1408271E-09
  0.1545823E+01  0.9481212E-10
  0.5228460E+00  0.4561970E-10
 -0.5229879E+00 -0.4504642E-11
 -0.1545962E+01 -0.5350952E-10
 -0.2501370E+01 -0.9917941E-10
 -0.3347461E+01 -0.1395071E-09
 -0.4047240E+01 -0.1727686E-09
 -0.4570152E+01 -0.1974640E-09
 -0.4893317E+01 -0.2125284E-09
 -0.5002625E+01 -0.2173838E-09
 -0.4893282E+01 -0.2117645E-09
 -0.4570092E+01 -0.1958374E-09
 -0.4047154E+01 -0.1703925E-09
 -0.3347349E+01 -0.1365175E-09
 -0.2501258E+01 -0.9566806E-10
 -0.1545860E+01 -0.4964741E-10
 -0.5228975E+00 -0.4763859E-12
 -0.4912240E+00  0.7825577E-12
 -0.4684310E+00  0.2345327E-11
 -0.4491788E+00  0.4320850E-11
 -0.4312249E+00  0.6801813E-11
 -0.4135471E+00  0.9733991E-11
 -0.3956698E+00  0.1333972E-10
 -0.3773763E+00  0.1757207E-10
 -0.3585752E+00  0.2252886E-10
 -0.3392639E+00  0.2817289E-10
 -0.3194391E+00  0.3479294E-10
 -0.2990911E+00  0.4207222E-10
 -0.2782263E+00  0.5002385E-10
 -0.2568354E+00  0.5809689E-10
 -0.2349001E+00  0.6518305E-10
 -0.2123777E+00  0.6932081E-10
 -0.1892482E+00  0.6568671E-10
 -0.1655934E+00  0.4384462E-10
 -0.1420216E+00 -0.2458651E-10
 -0.1247834E+00 -0.2737447E-09
 -0.3699854E+00 -0.3454477E-09
 -0.5992283E+00 -0.4126591E-09
 -0.8022437E+00 -0.4725690E-09
 -0.9699322E+00 -0.5220745E-09
 -0.1095210E+01 -0.5592925E-09
 -0.1172876E+01 -0.5822549E-09
 -0.1199333E+01 -0.5905048E-09
 -0.1173262E+01 -0.5836474E-09
 -0.1095803E+01 -0.5614946E-09
 -0.9704090E+00 -0.5253789E-09
 -0.8025883E+00 -0.4771118E-09
 -0.5997204E+00 -0.4182296E-09
 -0.3706471E+00 -0.3517549E-09
 -0.1253699E+00 -0.2802214E-09
  0.1253868E+00 -0.2069893E-09
  0.3706547E+00 -0.1351807E-09
  0.5996611E+00 -0.6777915E-10
  0.8024060E+00 -0.8129527E-11
  0.9701000E+00  0.4134430E-10
  0.1095584E+01  0.7851197E-10
  0.1173269E+01  0.1020288E-09
  0.1199577E+01  0.1106248E-09
  0.1173389E+01  0.1035550E-09
  0.1095998E+01  0.8143494E-10
  0.9706041E+00  0.4573900E-10
  0.8021700E+00 -0.2596082E-11
  0.5973702E+00 -0.6139120E-10
  0.3693266E+00 -0.1286060E-09
  0.5599149E+00  0.1769395E-09
  0.6281726E+00  0.1783859E-09
  0.6946933E+00  0.1727107E-09
  0.7595503E+00  0.1643548E-09
  0.8228064E+00  0.1552163E-09
  0.8845220E+00  0.1463618E-09
  0.9447311E+00  0.1381918E-09
  0.1003386E+01  0.1306820E-09
  0.1060470E+01  0.1240798E-09
  0.1116097E+01  0.1182479E-09
  0.1170382E+01  0.1132155E-09
  0.1223300E+01  0.1088204E-09
  0.1275427E+01  0.1050681E-09
  0.1328328E+01  0.1018405E-09
  0.1385103E+01  0.9941591E-10
  0.1452376E+01  0.9805546E-10
  0.2349961E+01  0.1428745E-09
  0.3144905E+01  0.1824943E-09
  0.3802692E+01  0.2152163E-09
  0.4294128E+01  0.2394785E-09
  0.4597620E+01  0.2542529E-09
  0.4699486E+01  0.2587646E-09
  0.4596480E+01  0.2531471E-09
  0.4292890E+01  0.2375846E-09
  0.3801769E+01  0.2126320E-09
  0.3144449E+01  0.1794324E-09
  0.2349638E+01  0.1394064E-09
  0.1452080E+01  0.9426553E-10
  0.4910622E+00  0.4605268E-10
 -0.4914297E+00 -0.3183501E-11
 -0.1452443E+01 -0.5121829E-10
 -0.2349978E+01 -0.9602679E-10
 -0.3144807E+01 -0.1356076E-09
 -0.3802196E+01 -0.1682214E-09
 -0.4293412E+01 -0.1924555E-09
 -0.4596975E+01 -0.2072624E-09
 -0.4699636E+01 -0.2120064E-09
 -0.4596897E+01 -0.2064478E-09
 -0.4293250E+01 -0.1908365E-09
 -0.3801972E+01 -0.1658584E-09
 -0.3144549E+01 -0.1326622E-09
 -0.2349707E+01 -0.9258076E-10
 -0.1452187E+01 -0.4746836E-10
 -0.1384800E+01 -0.4574410E-10
 -0.1327875E+01 -0.4392036E-10
 -0.1274791E+01 -0.4188106E-10
 -0.1222546E+01 -0.3932210E-10
 -0.1169724E+01 -0.3620713E-10
 -0.1115670E+01 -0.3241094E-10
 -0.1060138E+01 -0.2783850E-10
 -0.1003058E+01 -0.2263949E-10
 -0.9444303E+00 -0.1655537E-10
 -0.8842714E+00 -0.9626485E-11
 -0.8225847E+00 -0.2180062E-11
 -0.7593507E+00  0.5316572E-11
 -0.6945078E+00  0.1187626E-10
 -0.6279615E+00  0.1516139E-10
 -0.5596817E+00  0.1043913E-10
 -0.4898668E+00 -0.1308228E-10
 -0.4204813E+00 -0.8513992E-10
 -0.6805354E+00 -0.1416857E-09
 -0.9108111E+00 -0.1918898E-09
 -0.1101224E+01 -0.2335103E-09
 -0.1243527E+01 -0.2647468E-09
 -0.1331533E+01 -0.2842538E-09
 -0.1361351E+01 -0.2911643E-09
 -0.1331646E+01 -0.2852638E-09
 -0.1243727E+01 -0.2667881E-09
 -0.1101432E+01 -0.2364985E-09
 -0.9109993E+00 -0.1957309E-09
 -0.6807581E+00 -0.1462879E-09
 -0.4207599E+00 -0.9033372E-10
 -0.1423613E+00 -0.3023978E-10
  0.1422687E+00  0.3136720E-10
  0.4206658E+00  0.9174643E-10
  0.6806548E+00  0.1483041E-09
  0.9109026E+00  0.1984757E-09
  0.1101340E+01  0.2401581E-09
  0.1243680E+01  0.2714645E-09
  0.1331694E+01  0.2911019E-09
  0.1361498E+01  0.2981384E-09
  0.1331809E+01  0.2922962E-09
  0.1243944E+01  0.2738728E-09
  0.1101725E+01  0.2437208E-09
  0.9112290E+00  0.2029723E-09
  0.6808099E+00  0.1536077E-09
  0.4208670E+00  0.9753538E-10
  0.4901689E+00  0.1587473E-09
  0.1016340E+01  0.2285466E-09
  0.1331265E+01  0.2036483E-09
  0.1431134E+01  0.1943924E-09
  0.1528501E+01  0.1856738E-09
  0.1623368E+01  0.1779151E-09
  0.1715812E+01  0.1708360E-09
  0.1806358E+01  0.1645937E-09
  0.1894634E+01  0.1592534E-09
  0.1980689E+01  0.1545122E-09
  0.2064978E+01  0.1504432E-09
  0.2149991E+01  0.1468755E-09
  0.2241309E+01  0.1441716E-09
  0.3000001E+01  0.1837873E-09
  0.4096797E+01  0.2405437E-09
  0.3628436E+01  0.2165583E-09
  0.4385694E+01  0.2552479E-09
  0.4481330E+01  0.2595784E-09
  0.4382415E+01  0.2538813E-09
  0.4092790E+01  0.2383020E-09
  0.3624860E+01  0.2135456E-09
  0.2998280E+01  0.1804602E-09
  0.2240475E+01  0.1405618E-09
  0.1384621E+01  0.9556548E-10
  0.4681942E+00  0.4744190E-10
 -0.4687286E+00 -0.1582785E-11
 -0.1385160E+01 -0.4952409E-10
 -0.2241063E+01 -0.9418486E-10
 -0.2999015E+01 -0.1336324E-09
 -0.3625896E+01 -0.1661846E-09
 -0.4094302E+01 -0.1903809E-09
 -0.4383781E+01 -0.2051641E-09
 -0.4481647E+01 -0.2098507E-09
 -0.4383649E+01 -0.2043560E-09
 -0.4094070E+01 -0.1887874E-09
 -0.3625582E+01 -0.1639069E-09
 -0.2998650E+01 -0.1307028E-09
 -0.2240676E+01 -0.9074177E-10
 -0.2148571E+01 -0.8916645E-10
 -0.1978159E+01 -0.8525385E-10
 -0.2062680E+01 -0.8739693E-10
 -0.1892691E+01 -0.8245662E-10
 -0.1805246E+01 -0.7915987E-10
 -0.1715406E+01 -0.7508365E-10
 -0.1623045E+01 -0.7012715E-10
 -0.1528182E+01 -0.6441779E-10
 -0.1430829E+01 -0.5798842E-10
 -0.1331015E+01 -0.5105661E-10
 -0.1228692E+01 -0.4401165E-10
 -0.1123778E+01 -0.3805359E-10
 -0.1016112E+01 -0.3545572E-10
 -0.9056678E+00 -0.4108353E-10
 -0.7927495E+00 -0.6628420E-10
 -0.1060955E+01 -0.1135975E-09
 -0.1448532E+01 -0.1820491E-09
 -0.1282788E+01 -0.1526769E-09
 -0.1550979E+01 -0.2004473E-09
 -0.1585649E+01 -0.2069609E-09
 -0.1551016E+01 -0.2014364E-09
 -0.1448596E+01 -0.1840496E-09
 -0.1282861E+01 -0.1555819E-09
 -0.1061078E+01 -0.1171631E-09
 -0.7929130E+00 -0.7062542E-10
 -0.4900866E+00 -0.1798923E-10
 -0.1658429E+00  0.3873134E-10
  0.1656551E+00  0.9671773E-10
  0.4899044E+00  0.1534874E-09
  0.7927465E+00  0.2066447E-09
  0.1060939E+01  0.2540305E-09
  0.1282776E+01  0.2931316E-09
  0.1448572E+01  0.3226557E-09
  0.1551062E+01  0.3410769E-09
  0.1585753E+01  0.3477624E-09
  0.1551153E+01  0.3422028E-09
  0.1448769E+01  0.3248545E-09
  0.1283051E+01  0.2962791E-09
  0.1061219E+01  0.2580355E-09
  0.7929959E+00  0.2114372E-09
  0.1123976E+01  0.2222711E-09
  0.1228906E+01  0.2131972E-09
  0.9058846E+00  0.2281861E-09
  0.2045080E+01  0.2277424E-09
  0.1914940E+01  0.2367637E-09
  0.2295648E+01  0.2121576E-09
  0.2416869E+01  0.2057089E-09
  0.2535767E+01  0.1998950E-09
  0.2652108E+01  0.1948965E-09
  0.2765612E+01  0.1904976E-09
  0.2878863E+01  0.1868422E-09
  0.4297610E+01  0.2629396E-09
  0.4201048E+01  0.2567105E-09
  0.3930207E+01  0.2435885E-09
  0.4206560E+01  0.2582954E-09
  0.3481944E+01  0.2193910E-09
  0.3923883E+01  0.2413328E-09
  0.3475284E+01  0.2163997E-09
  0.2874737E+01  0.1831835E-09
  0.2148223E+01  0.1430811E-09
  0.1327608E+01  0.9792761E-10
  0.4488707E+00  0.4960622E-10
 -0.4495372E+00  0.3325359E-12
 -0.1328303E+01 -0.4782758E-10
 -0.2149025E+01 -0.9268579E-10
 -0.2875825E+01 -0.1322462E-09
 -0.3476935E+01 -0.1649849E-09
 -0.3926078E+01 -0.1892480E-09
 -0.4203629E+01 -0.2041024E-09
 -0.4297462E+01 -0.2088069E-09
 -0.4203487E+01 -0.2032097E-09
 -0.3925815E+01 -0.1876297E-09
 -0.3476566E+01 -0.1625852E-09
 -0.2875401E+01 -0.1293043E-09
 -0.2415936E+01 -0.1206402E-09
 -0.2295719E+01 -0.1168927E-09
 -0.2647336E+01 -0.1259774E-09
 -0.2532958E+01 -0.1235962E-09
 -0.2760463E+01 -0.1278529E-09
 -0.2172122E+01 -0.1123180E-09
 -0.2045161E+01 -0.1070214E-09
 -0.1914860E+01 -0.1008492E-09
 -0.1781261E+01 -0.9436847E-10
 -0.1644314E+01 -0.8780166E-10
 -0.1503915E+01 -0.8230447E-10
 -0.1359862E+01 -0.8019468E-10
 -0.1212067E+01 -0.8686803E-10
 -0.1811369E+01 -0.1773884E-09
 -0.1771789E+01 -0.1719508E-09
 -0.1654789E+01 -0.1532069E-09
 -0.1771794E+01 -0.1709905E-09
 -0.1465458E+01 -0.1248235E-09
 -0.1654768E+01 -0.1551616E-09
 -0.1465448E+01 -0.1275123E-09
 -0.1212102E+01 -0.9015173E-10
 -0.9057737E+00 -0.4514906E-10
 -0.5598588E+00  0.6092458E-11
 -0.1894723E+00  0.6084149E-10
  0.1891929E+00  0.1171290E-09
  0.5595928E+00  0.1720733E-09
  0.9055367E+00  0.2236968E-09
  0.1211908E+01  0.2694970E-09
  0.1465330E+01  0.3075525E-09
  0.1654717E+01  0.3361643E-09
  0.1771776E+01  0.3540179E-09
  0.1811425E+01  0.3603744E-09
  0.1771898E+01  0.3551301E-09
  0.1654942E+01  0.3381573E-09
  0.1465640E+01  0.3105477E-09
  0.1212264E+01  0.2732806E-09
  0.1504092E+01  0.2660427E-09
  0.1644472E+01  0.2564754E-09
  0.2171879E+01  0.2196090E-09
  0.1360051E+01  0.2727880E-09
  0.1781399E+01  0.2464537E-09
  0.2772933E+01  0.2463181E-09
  0.2918870E+01  0.2393946E-09
  0.3343696E+01  0.2233372E-09
  0.3767888E+01  0.2456910E-09
  0.3336866E+01  0.2204563E-09
  0.4033947E+01  0.2616684E-09
  0.4126059E+01  0.2671516E-09
  0.3772334E+01  0.2473906E-09
  0.4037661E+01  0.2624385E-09
 -0.2315152E+01 -0.1365508E-09
  0.2062420E+01  0.1465721E-09
  0.1274493E+01  0.1010391E-09
  0.4308803E+00  0.5237434E-10
 -0.4316183E+00  0.2717984E-11
 -0.1275256E+01 -0.4577393E-10
 -0.2063171E+01 -0.9090671E-10
 -0.2760917E+01 -0.1308835E-09
 -0.3337988E+01 -0.1637642E-09
 -0.3769156E+01 -0.1882134E-09
 -0.4035592E+01 -0.2031795E-09
 -0.4125668E+01 -0.2079143E-09
 -0.4035449E+01 -0.2023060E-09
 -0.3768880E+01 -0.1865520E-09
 -0.3337601E+01 -0.1613814E-09
 -0.2626211E+01 -0.1473355E-09
 -0.2472692E+01 -0.1423345E-09
 -0.2775645E+01 -0.1515958E-09
 -0.2921030E+01 -0.1550219E-09
 -0.3200825E+01 -0.1598369E-09
 -0.3062528E+01 -0.1577267E-09
 -0.1359804E+01 -0.8359385E-10
 -0.2153620E+01 -0.1301723E-09
 -0.1988032E+01 -0.1239149E-09
 -0.1818293E+01 -0.1190763E-09
 -0.1644148E+01 -0.1174779E-09
 -0.1856397E+01 -0.1471703E-09
 -0.1644040E+01 -0.1200133E-09
 -0.1987691E+01 -0.1638375E-09
 -0.2032120E+01 -0.1692255E-09
 -0.1856550E+01 -0.1454956E-09
 -0.1987780E+01 -0.1629244E-09
 -0.1016157E+01 -0.3929208E-10
 -0.6280924E+00  0.1081061E-10
 -0.2125803E+00  0.6464072E-10
  0.2122149E+00  0.1197497E-09
  0.6277401E+00  0.1736433E-09
  0.1015847E+01  0.2242869E-09
  0.1359552E+01  0.2692424E-09
  0.1643851E+01  0.3065541E-09
  0.1856316E+01  0.3344798E-09
  0.1987662E+01  0.3519563E-09
  0.2032148E+01  0.3583098E-09
  0.1987844E+01  0.3531319E-09
  0.1856651E+01  0.3364828E-09
  0.1644295E+01  0.3094986E-09
  0.2153548E+01  0.2817352E-09
  0.2624176E+01  0.2538432E-09
  0.1988061E+01  0.2921789E-09
  0.2760069E+01  0.1869792E-09
  0.1818399E+01  0.3018646E-09
  0.2314738E+01  0.2717133E-09
  0.3204739E+01  0.2278294E-09
  0.3062890E+01  0.2334066E-09
  0.2471626E+01  0.2623729E-09
  0.3129193E+01  0.2716365E-09
  0.3293284E+01  0.2644578E-09
  0.3869743E+01  0.2672857E-09
  0.3616198E+01  0.2509630E-09
  0.3202313E+01  0.2256044E-09
  0.3615124E+01  0.2525027E-09
  0.3871086E+01  0.2668427E-09
  0.3956755E+01  0.2722757E-09
 -0.2244824E+01 -0.1512306E-09
  0.1978360E+01  0.1508275E-09
 -0.3134248E+01 -0.1776888E-09
  0.4132227E+00  0.5574891E-10
  0.1222375E+01  0.1048203E-09
 -0.1223025E+01 -0.4326363E-10
 -0.1978647E+01 -0.8883673E-10
 -0.2647789E+01 -0.1290598E-09
 -0.3201193E+01 -0.1622396E-09
 -0.3614665E+01 -0.1869303E-09
 -0.3870172E+01 -0.2019406E-09
 -0.3956555E+01 -0.2067697E-09
 -0.3870048E+01 -0.2010964E-09
 -0.3614416E+01 -0.1852751E-09
 -0.3458236E+01 -0.1833874E-09
 -0.1503712E+01 -0.8578174E-10
 -0.2792095E+01 -0.1688256E-09
 -0.2965476E+01 -0.1736368E-09
 -0.3298427E+01 -0.1809050E-09
 -0.6945764E+00  0.7412274E-11
 -0.2053171E+01 -0.1465448E-09
 -0.2198113E+01 -0.1647659E-09
 -0.2431783E+01 -0.1572559E-09
 -0.2198281E+01 -0.1637761E-09
 -0.2350956E+00  0.6058099E-10
 -0.1818027E+01 -0.1215602E-09
 -0.2052918E+01 -0.1484198E-09
 -0.2247301E+01 -0.1699862E-09
 -0.1123706E+01 -0.4201376E-10
  0.2346654E+00  0.1148786E-09
  0.6941673E+00  0.1682032E-09
  0.1123340E+01  0.2180580E-09
  0.1503423E+01  0.2622857E-09
  0.1817810E+01  0.2990083E-09
  0.2052764E+01  0.3266221E-09
  0.2198032E+01  0.3439806E-09
  0.2247239E+01  0.3500122E-09
  0.2198256E+01  0.3449479E-09
  0.2053195E+01  0.3286027E-09
  0.2613276E+01  0.2976977E-09
  0.2962103E+01  0.2794030E-09
  0.2648120E+01  0.1916104E-09
  0.2244722E+01  0.3184005E-09
  0.3455659E+01  0.2579510E-09
  0.2790174E+01  0.2881585E-09
  0.2431433E+01  0.3078152E-09
 -0.4139555E+00  0.5641902E-11
 -0.2614195E+01 -0.1633219E-09
  0.3527777E+01  0.2799129E-09
  0.3785666E+01  0.2782550E-09
  0.3066092E+01  0.2310066E-09
 -0.3355841E+01 -0.1939341E-09
 -0.3960733E+00  0.9150564E-11
  0.1893494E+01  0.1555623E-09
 -0.2403461E+01 -0.1682886E-09
 -0.2533358E+01 -0.1267434E-09
 -0.3531651E+01 -0.1970327E-09
 -0.2798937E+01 -0.1799461E-09
  0.1169782E+01  0.1092816E-09
 -0.1893134E+01 -0.8609957E-10
 -0.3458422E+01 -0.1851148E-09
 -0.3702878E+01 -0.2002625E-09
 -0.3785547E+01 -0.2050924E-09
 -0.3702794E+01 -0.1994204E-09
  0.2565488E+00  0.1072580E-09
 -0.2989435E+01 -0.1854137E-09
 -0.2244498E+01 -0.1530336E-09
 -0.1644021E+01 -0.9088370E-10
 -0.3175076E+01 -0.1900296E-09
  0.1228138E+01  0.2091742E-09
 -0.2570308E+00  0.5361023E-10
 -0.1228543E+01 -0.4779989E-10
  0.7589225E+00  0.1599383E-09
 -0.2403273E+01 -0.1691582E-09
 -0.1987681E+01 -0.1266679E-09
 -0.2603640E+01 -0.1740676E-09
 -0.3062815E+01 -0.1602143E-09
 -0.1170167E+01 -0.4014384E-10
  0.1643679E+01  0.2529642E-09
  0.1987412E+01  0.2893047E-09
  0.2244331E+01  0.3165234E-09
  0.2403163E+01  0.3336471E-09
  0.2456938E+01  0.3397471E-09
  0.2403318E+01  0.3346993E-09
  0.2603209E+01  0.3238995E-09
  0.3172434E+01  0.2949244E-09
  0.2987771E+01  0.3037702E-09
  0.3352213E+01  0.2869781E-09
  0.3954115E+00  0.5975125E-10
 -0.7593809E+00  0.1062488E-11
  0.3700008E+01  0.2732758E-09
  0.3461995E+01  0.2565929E-09
  0.2798016E+01  0.3134011E-09
 -0.2457050E+01 -0.1744415E-09
  0.2535098E+01  0.1968720E-09
 -0.3777538E+00  0.1329027E-10
  0.2153070E+01  0.2790243E-09
  0.1780672E+01  0.2430035E-09
  0.2431441E+01  0.3059766E-09
 -0.2416206E+01 -0.1237195E-09
  0.2779147E+00  0.9881257E-10
 -0.2861350E+01 -0.1860161E-09
  0.1115848E+01  0.1142634E-09
 -0.1805584E+01 -0.8277515E-10
  0.3610440E+01  0.2847510E-09
 -0.3298512E+01 -0.1825567E-09
 -0.3531686E+01 -0.1979370E-09
 -0.1780925E+01 -0.9751504E-10
 -0.3056121E+01 -0.1912489E-09
  0.1330465E+01  0.1996297E-09
 -0.1330838E+01 -0.5475833E-10
 -0.2431432E+01 -0.1590263E-09
  0.8221421E+00  0.1509436E-09
 -0.3245934E+01 -0.1959538E-09
 -0.8226182E+00 -0.6432220E-11
 -0.2603429E+01 -0.1749503E-09
  0.3534669E+01  0.2790559E-09
 -0.3610558E+01 -0.2028012E-09
 -0.2784341E+00  0.4558186E-10
 -0.2153209E+01 -0.1328563E-09
 -0.2661681E+01 -0.1799955E-09
  0.2603415E+01  0.3229427E-09
  0.2661417E+01  0.3289270E-09
  0.3771595E+00  0.6433019E-10
  0.3055513E+01  0.3088120E-09
  0.3430369E+01  0.2919426E-09
  0.3245336E+01  0.2998494E-09
  0.2924866E+01  0.2369855E-09
 -0.3430746E+01 -0.1997478E-09
  0.2418509E+01  0.2025889E-09
  0.1806300E+01  0.1610470E-09
 -0.2921191E+01 -0.1575384E-09
  0.2860932E+01  0.3184302E-09
  0.3302435E+01  0.2630403E-09
 -0.1116063E+01 -0.3637169E-10
  0.2798972E+01  0.3126223E-09
 -0.1430689E+01 -0.6174122E-10
  0.3137436E+01  0.2699518E-09
 -0.2295807E+01 -0.1200800E-09
 -0.2989278E+01 -0.1862620E-09
 -0.2775651E+01 -0.1540278E-09
  0.1716316E+01  0.1671747E-09
  0.2297796E+01  0.2090575E-09
 -0.3134205E+01 -0.1793835E-09
 -0.3355796E+01 -0.1948321E-09
 -0.1914558E+01 -0.1040784E-09
  0.2315125E+01  0.2689615E-09
 -0.8843282E+00 -0.1371696E-10
  0.1430490E+01  0.1904008E-09
  0.3584032E+00  0.6958964E-10
 -0.2613864E+01 -0.1649581E-09
  0.8839278E+00  0.1421022E-09
 -0.2314784E+01 -0.1391552E-09
 -0.2798744E+01 -0.1808696E-09
 -0.1060442E+01 -0.3195287E-10
  0.3358018E+01  0.2862001E-09
 -0.2993212E+00  0.3773185E-10
  0.2778771E+01  0.2439045E-09
  0.1914645E+01  0.2333035E-09
 -0.1715607E+01 -0.7874485E-10
 -0.3589143E+00  0.1821153E-10
 -0.3174987E+01 -0.1909116E-09
  0.2988063E+00  0.9031362E-10
  0.3176447E+01  0.2941386E-09
  0.1060275E+01  0.1199385E-09
  0.2614361E+01  0.2958198E-09
  0.2990047E+01  0.3028343E-09
 -0.1528134E+01 -0.6822479E-10
  0.2045620E+01  0.2243759E-09
  0.2793090E+01  0.2863850E-09
 -0.1003264E+01 -0.2672407E-10
 -0.2626037E+01 -0.1498289E-09
  0.1623585E+01  0.1740521E-09
  0.3705590E+01  0.2727693E-09
  0.2473559E+01  0.2598313E-09
 -0.9445537E+00 -0.2061269E-10
  0.1528269E+01  0.1818117E-09
 -0.2965307E+01 -0.1753513E-09
  0.2967465E+01  0.2777200E-09
  0.1003106E+01  0.1264928E-09
  0.9442901E+00  0.1338389E-09
 -0.2791842E+01 -0.1705264E-09
 -0.2172036E+01 -0.1155435E-09
 -0.3196769E+00  0.3035686E-10
  0.3391074E+00  0.7575699E-10
 -0.2044946E+01 -0.1101300E-09
 -0.2472402E+01 -0.1448073E-09
  0.3192298E+00  0.8260134E-10
 -0.3395410E+00  0.2395959E-10
 -0.1623105E+01 -0.7382877E-10
  0.2628239E+01  0.2513047E-09
  0.2173402E+01  0.2163198E-09
  0.4446408E-01  0.1461939E-08
 -0.3369846E+00  0.1526936E-08
  0.3439406E+00  0.1436154E-08
  0.3112501E+00  0.1492654E-08
  0.4490113E+00  0.1539137E-08
  0.5355490E+00  0.1553916E-08
  0.6189510E+00  0.1562987E-08
  0.6995875E+00  0.1571392E-08
  0.7771232E+00  0.1580879E-08
  0.8512329E+00  0.1588947E-08
  0.9216061E+00  0.1596003E-08
  0.9879565E+00  0.1603369E-08
  0.1049986E+01  0.1610743E-08
  0.1107440E+01  0.1618165E-08
  0.1160075E+01  0.1623779E-08
  0.1207647E+01  0.1629388E-08
  0.1249957E+01  0.1633922E-08
  0.1286822E+01  0.1637317E-08
  0.1318057E+01  0.1641812E-08
  0.1343511E+01  0.1645126E-08
  0.1363062E+01  0.1646196E-08
  0.1376573E+01  0.1648053E-08
  0.1381372E+01  0.1643524E-08
  0.1356004E+01  0.1609678E-08
 -0.2234265E+00  0.1433636E-08
  0.1314769E+01  0.1604557E-08
 -0.6282399E+00  0.1499596E-08
  0.1223228E+01  0.1592997E-08
 -0.4826877E+00  0.1403574E-08
  0.1083889E+01  0.1578533E-08
 -0.8946153E+00  0.1472238E-08
  0.9020126E+00  0.1557403E-08
 -0.7229997E+00  0.1376452E-08
  0.6847191E+00  0.1533268E-08
 -0.1126090E+01  0.1450572E-08
  0.4404708E+00  0.1505944E-08
 -0.9350790E+00  0.1352080E-08
  0.1788854E+00  0.1476386E-08
 -0.1313332E+01  0.1432060E-08
 -0.8969378E-01  0.1444296E-08
 -0.1110536E+01  0.1332094E-08
 -0.3547335E+00  0.1415835E-08
 -0.1448939E+01  0.1420091E-08
 -0.6058379E+00  0.1386942E-08
 -0.1242277E+01  0.1315292E-08
 -0.8331797E+00  0.1361207E-08
 -0.1527619E+01  0.1412934E-08
 -0.1027819E+01  0.1339418E-08
 -0.1325131E+01  0.1306870E-08
 -0.1182123E+01  0.1322400E-08
 -0.1546571E+01  0.1410791E-08
 -0.1290014E+01  0.1310047E-08
 -0.1356167E+01  0.1303172E-08
 -0.1347237E+01  0.1303790E-08
 -0.1504926E+01  0.1414378E-08
 -0.1351581E+01  0.1305171E-08
 -0.1334085E+01  0.1305458E-08
 -0.1303073E+01  0.1309485E-08
 -0.1404206E+01  0.1425324E-08
 -0.1203461E+01  0.1321770E-08
 -0.1259613E+01  0.1312561E-08
 -0.1056517E+01  0.1338491E-08
 -0.1248360E+01  0.1441020E-08
 -0.8680140E+00  0.1358164E-08
 -0.1135686E+01  0.1328492E-08
 -0.6455680E+00  0.1384038E-08
 -0.1043513E+01  0.1461664E-08
 -0.3978349E+00  0.1412436E-08
 -0.9671618E+00  0.1346461E-08
 -0.1345854E+00  0.1441329E-08
 -0.4525476E-01  0.1453065E-08
  0.1544837E+01  0.1705818E-08
 -0.7976707E+00  0.1486581E-08
  0.1177042E+01  0.1539888E-08
 -0.7606896E+00  0.1370311E-08
  0.1081872E+01  0.1526610E-08
 -0.5205103E+00  0.1513732E-08
  0.9443775E+00  0.1508457E-08
 -0.5243565E+00  0.1396158E-08
  0.7698309E+00  0.1486283E-08
 -0.2228897E+00  0.1541631E-08
  0.5650528E+00  0.1460674E-08
 -0.2674654E+00  0.1425352E-08
  0.3380102E+00  0.1431295E-08
  0.8351552E-01  0.1571667E-08
  0.9771143E-01  0.1401604E-08
 -0.6116518E-04  0.1455251E-08
 -0.1463929E+00  0.1369953E-08
  0.3866524E+00  0.1599897E-08
 -0.3847367E+00  0.1340819E-08
  0.2673749E+00  0.1485990E-08
 -0.6080014E+00  0.1314020E-08
  0.6746094E+00  0.1629500E-08
 -0.8074296E+00  0.1290812E-08
  0.5243298E+00  0.1514638E-08
 -0.9751909E+00  0.1270060E-08
  0.9359705E+00  0.1654926E-08
 -0.1104681E+01  0.1254591E-08
  0.7606516E+00  0.1541807E-08
 -0.1190773E+01  0.1243416E-08
  0.1160499E+01  0.1674584E-08
 -0.1230103E+01  0.1239998E-08
  0.9670242E+00  0.1566008E-08
 -0.1221163E+01  0.1241255E-08
  0.1339457E+01  0.1691298E-08
 -0.1164468E+01  0.1248586E-08
  0.1135440E+01  0.1583938E-08
 -0.1062027E+01  0.1264436E-08
  0.1466025E+01  0.1703201E-08
 -0.9177982E+00  0.1282442E-08
  0.1259383E+01  0.1598265E-08
 -0.7375109E+00  0.1304864E-08
  0.1535474E+01  0.1709099E-08
 -0.5284335E+00  0.1332238E-08
  0.1334156E+01  0.1607682E-08
 -0.2987099E+00  0.1362645E-08
  0.2230895E+00  0.1482163E-08
  0.1226464E+01  0.1546727E-08
  0.1341036E+00  0.1472514E-08
  0.0000000E+00  0.0000000E+00
  0.0000000E+00  0.0000000E+00
  0.0000000E+00  0.0000000E+00
  0.0000000E+00  0.0000000E+00
  0.0000000E+00  0.0000000E+00
  0.0000000E+00  0.0000000E+00
  0.0000000E+00  0.0000000E+00
  0.0000000E+00  0.0000000E+00
  0.0000000E+00  0.0000000E+00
  0.0000000E+00  0.0000000E+00
  0.0000000E+00  0.0000000E+00
  0.0000000E+00  0.0000000E+00
  0.0000000E+00  0.0000000E+00
  0.0000000E+00  0.0000000E+00
  0.0000000E+00  0.0000000E+00
  0.0000000E+00  0.0000000E+00
  0.0000000E+00  0.0000000E+00
  0.0000000E+00  0.0000000E+00
  0.0000000E+00  0.0000000E+00
  0.0000000E+00  0.0000000E+00
  0.0000000E+00  0.0000000E+00
  0.0000000E+00  0.0000000E+00
  0.0000000E+00  0.0000000E+00
  0.0000000E+00  0.0000000E+00
  0.0000000E+00  0.0000000E+00
  0.0000000E+00  0.0000000E+00
  0.0000000E+00  0.0000000E+00
  0.0000000E+00  0.0000000E+00
  0.0000000E+00  0.0000000E+00
  0.0000000E+00  0.0000000E+00
  0.0000000E+00  0.0000000E+00
  0.0000000E+00  0.0000000E+00
  0.0000000E+00  0.0000000E+00
  0.0000000E+00  0.0000000E+00
  0.0000000E+00  0.0000000E+00
  0.0000000E+00  0.0000000E+00
  0.0000000E+00  0.0000000E+00
  0.0000000E+00  0.0000000E+00
  0.0000000E+00  0.0000000E+00
  0.0000000E+00  0.0000000E+00
  0.0000000E+00  0.0000000E+00
  0.0000000E+00  0.0000000E+00
  0.0000000E+00  0.0000000E+00
  0.0000000E+00  0.0000000E+00
  0.0000000E+00  0.0000000E+00
  0.0000000E+00  0.0000000E+00
  0.0000000E+00  0.0000000E+00
  0.0000000E+00  0.0000000E+00
  0.0000000E+00  0.0000000E+00
  0.0000000E+00  0.0000000E+00
  0.0000000E+00  0.0000000E+00
  0.0000000E+00  0.0000000E+00
  0.0000000E+00  0.0000000E+00
  0.0000000E+00  0.0000000E+00
  0.0000000E+00  0.0000000E+00
  0.0000000E+00  0.0000000E+00
  0.0000000E+00  0.0000000E+00
  0.0000000E+00  0.0000000E+00
  0.0000000E+00  0.0000000E+00
  0.0000000E+00  0.0000000E+00
  0.0000000E+00  0.0000000E+00
  0.0000000E+00  0.0000000E+00
  0.0000000E+00  0.0000000E+00
  0.0000000E+00  0.0000000E+00
  0.0000000E+00  0.0000000E+00
  0.0000000E+00  0.0000000E+00
  0.0000000E+00  0.0000000E+00
  0.0000000E+00  0.0000000E+00
  0.0000000E+00  0.0000000E+00
  0.0000000E+00  0.0000000E+00
  0.0000000E+00  0.0000000E+00
  0.0000000E+00  0.0000000E+00
  0.0000000E+00  0.0000000E+00
  0.0000000E+00  0.0000000E+00
  0.0000000E+00  0.0000000E+00
  0.0000000E+00  0.0000000E+00
  0.0000000E+00  0.0000000E+00
  0.0000000E+00  0.0000000E+00
  0.0000000E+00  0.0000000E+00
  0.0000000E+00  0.0000000E+00
  0.0000000E+00  0.0000000E+00
  0.0000000E+00  0.0000000E+00
  0.0000000E+00  0.0000000E+00
  0.0000000E+00  0.0000000E+00
  0.0000000E+00  0.0000000E+00
  0.0000000E+00  0.0000000E+00
  0.0000000E+00  0.0000000E+00
  0.0000000E+00  0.0000000E+00
  0.0000000E+00  0.0000000E+00
  0.0000000E+00  0.0000000E+00
  0.0000000E+00  0.0000000E+00
  0.0000000E+00  0.0000000E+00
  0.0000000E+00  0.0000000E+00
  0.0000000E+00  0.0000000E+00
  0.0000000E+00  0.0000000E+00
  0.0000000E+00  0.0000000E+00
  0.0000000E+00  0.0000000E+00
  0.0000000E+00  0.0000000E+00
  0.0000000E+00  0.0000000E+00
  0.0000000E+00  0.0000000E+00
  0.0000000E+00  0.0000000E+00
  0.0000000E+00  0.0000000E+00
  0.0000000E+00  0.0000000E+00
  0.0000000E+00  0.0000000E+00
  0.0000000E+00  0.0000000E+00
  0.0000000E+00  0.0000000E+00
  0.0000000E+00  0.0000000E+00
  0.0000000E+00  0.0000000E+00
  0.0000000E+00  0.0000000E+00
  0.0000000E+00  0.0000000E+00
  0.0000000E+00  0.0000000E+00
  0.0000000E+00  0.0000000E+00
  0.0000000E+00  0.0000000E+00
  0.0000000E+00  0.0000000E+00
  0.0000000E+00  0.0000000E+00
  0.0000000E+00  0.0000000E+00
  0.0000000E+00  0.0000000E+00
  0.0000000E+00  0.0000000E+00
  0.0000000E+00  0.0000000E+00
  0.0000000E+00  0.0000000E+00
  0.0000000E+00  0.0000000E+00
  0.0000000E+00  0.0000000E+00
  0.0000000E+00  0.0000000E+00
  0.0000000E+00  0.0000000E+00
  0.0000000E+00  0.0000000E+00
  0.0000000E+00  0.0000000E+00
  0.0000000E+00  0.0000000E+00
  0.0000000E+00  0.0000000E+00
  0.0000000E+00  0.0000000E+00
  0.0000000E+00  0.0000000E+00
  0.0000000E+00  0.0000000E+00
  0.0000000E+00  0.0000000E+00
  0.0000000E+00  0.0000000E+00
  0.0000000E+00  0.0000000E+00
  0.0000000E+00  0.0000000E+00
  0.0000000E+00  0.0000000E+00
  0.0000000E+00  0.0000000E+00
  0.0000000E+00  0.0000000E+00
  0.0000000E+00  0.0000000E+00
  0.0000000E+00  0.0000000E+00
  0.0000000E+00  0.0000000E+00
  0.0000000E+00  0.0000000E+00
  0.0000000E+00  0.0000000E+00
  0.0000000E+00  0.0000000E+00
  0.0000000E+00  0.0000000E+00
  0.0000000E+00  0.0000000E+00
  0.0000000E+00  0.0000000E+00
  0.0000000E+00  0.0000000E+00
  0.0000000E+00  0.0000000E+00
  0.0000000E+00  0.0000000E+00
  0.0000000E+00  0.0000000E+00
  0.0000000E+00  0.0000000E+00
  0.0000000E+00  0.0000000E+00
  0.0000000E+00  0.0000000E+00
  0.0000000E+00  0.0000000E+00
  0.0000000E+00  0.0000000E+00
  0.0000000E+00  0.0000000E+00
  0.0000000E+00  0.0000000E+00
  0.0000000E+00  0.0000000E+00
  0.0000000E+00  0.0000000E+00
  0.0000000E+00  0.0000000E+00
  0.0000000E+00  0.0000000E+00
  0.0000000E+00  0.0000000E+00
  0.0000000E+00  0.0000000E+00
  0.0000000E+00  0.0000000E+00
  0.0000000E+00  0.0000000E+00
  0.0000000E+00  0.0000000E+00
  0.0000000E+00  0.0000000E+00
  0.0000000E+00  0.0000000E+00
  0.0000000E+00  0.0000000E+00
  0.0000000E+00  0.0000000E+00
  0.0000000E+00  0.0000000E+00
  0.0000000E+00  0.0000000E+00
  0.0000000E+00  0.0000000E+00
  0.0000000E+00  0.0000000E+00
  0.0000000E+00  0.0000000E+00
  0.0000000E+00  0.0000000E+00
  0.0000000E+00  0.0000000E+00
  0.0000000E+00  0.0000000E+00
  0.0000000E+00  0.0000000E+00
  0.0000000E+00  0.0000000E+00
  0.0000000E+00  0.0000000E+00
  0.0000000E+00  0.0000000E+00
  0.0000000E+00  0.0000000E+00
  0.0000000E+00  0.0000000E+00
  0.0000000E+00  0.0000000E+00
  0.0000000E+00  0.0000000E+00
  0.0000000E+00  0.0000000E+00
  0.0000000E+00  0.0000000E+00
  0.0000000E+00  0.0000000E+00
  0.0000000E+00  0.0000000E+00
  0.0000000E+00  0.0000000E+00
  0.0000000E+00  0.0000000E+00
  0.0000000E+00  0.0000000E+00
  0.0000000E+00  0.0000000E+00
  0.0000000E+00  0.0000000E+00
  0.0000000E+00  0.0000000E+00
  0.0000000E+00  0.0000000E+00
  0.0000000E+00  0.0000000E+00
  0.0000000E+00  0.0000000E+00
  0.0000000E+00  0.0000000E+00
  0.0000000E+00  0.0000000E+00
  0.0000000E+00  0.0000000E+00
  0.0000000E+00  0.0000000E+00
  0.0000000E+00  0.0000000E+00
  0.0000000E+00  0.0000000E+00
  0.0000000E+00  0.0000000E+00
  0.0000000E+00  0.0000000E+00
  0.0000000E+00  0.0000000E+00
  0.0000000E+00  0.0000000E+00
  0.0000000E+00  0.0000000E+00
  0.0000000E+00  0.0000000E+00
  0.0000000E+00  0.0000000E+00
  0.0000000E+00  0.0000000E+00
  0.0000000E+00  0.0000000E+00
  0.0000000E+00  0.0000000E+00
  0.0000000E+00  0.0000000E+00
  0.0000000E+00  0.0000000E+00
  0.0000000E+00  0.0000000E+00
  0.0000000E+00  0.0000000E+00
  0.0000000E+00  0.0000000E+00
  0.0000000E+00  0.0000000E+00
  0.0000000E+00  0.0000000E+00
  0.0000000E+00  0.0000000E+00
  0.0000000E+00  0.0000000E+00
  0.0000000E+00  0.0000000E+00
  0.0000000E+00  0.0000000E+00
  0.0000000E+00  0.0000000E+00
  0.0000000E+00  0.0000000E+00
  0.0000000E+00  0.0000000E+00
  0.0000000E+00  0.0000000E+00
  0.0000000E+00  0.0000000E+00
  0.0000000E+00  0.0000000E+00
  0.0000000E+00  0.0000000E+00
  0.0000000E+00  0.0000000E+00
  0.0000000E+00  0.0000000E+00
  0.0000000E+00  0.0000000E+00
  0.0000000E+00  0.0000000E+00
  0.0000000E+00  0.0000000E+00
  0.0000000E+00  0.0000000E+00
  0.0000000E+00  0.0000000E+00
  0.0000000E+00  0.0000000E+00
  0.0000000E+00  0.0000000E+00
  0.0000000E+00  0.0000000E+00
  0.0000000E+00  0.0000000E+00
  0.0000000E+00  0.0000000E+00
  0.0000000E+00  0.0000000E+00
  0.0000000E+00  0.0000000E+00
  0.0000000E+00  0.0000000E+00
  0.0000000E+00  0.0000000E+00
  0.0000000E+00  0.0000000E+00
  0.0000000E+00  0.0000000E+00
  0.0000000E+00  0.0000000E+00
  0.0000000E+00  0.0000000E+00
  0.0000000E+00  0.0000000E+00
  0.0000000E+00  0.0000000E+00
  0.0000000E+00  0.0000000E+00
  0.0000000E+00  0.0000000E+00
  0.0000000E+00  0.0000000E+00
  0.0000000E+00  0.0000000E+00
  0.0000000E+00  0.0000000E+00
  0.0000000E+00  0.0000000E+00
  0.0000000E+00  0.0000000E+00
  0.0000000E+00  0.0000000E+00
  0.0000000E+00  0.0000000E+00
  0.0000000E+00  0.0000000E+00
  0.0000000E+00  0.0000000E+00
  0.0000000E+00  0.0000000E+00
  0.0000000E+00  0.0000000E+00
  0.0000000E+00  0.0000000E+00
  0.0000000E+00  0.0000000E+00
  0.0000000E+00  0.0000000E+00
  0.0000000E+00  0.0000000E+00
  0.0000000E+00  0.0000000E+00
  0.0000000E+00  0.0000000E+00
  0.0000000E+00  0.0000000E+00
  0.0000000E+00  0.0000000E+00
  0.0000000E+00  0.0000000E+00
  0.0000000E+00  0.0000000E+00
  0.0000000E+00  0.0000000E+00
  0.0000000E+00  0.0000000E+00
  0.0000000E+00  0.0000000E+00
  0.0000000E+00  0.0000000E+00
  0.0000000E+00  0.0000000E+00
  0.0000000E+00  0.0000000E+00
  0.0000000E+00  0.0000000E+00
  0.0000000E+00  0.0000000E+00
  0.0000000E+00  0.0000000E+00
  0.0000000E+00  0.0000000E+00
  0.0000000E+00  0.0000000E+00
  0.0000000E+00  0.0000000E+00
  0.0000000E+00  0.0000000E+00
  0.0000000E+00  0.0000000E+00
  0.0000000E+00  0.0000000E+00
  0.0000000E+00  0.0000000E+00
  0.0000000E+00  0.0000000E+00
  0.0000000E+00  0.0000000E+00
  0.0000000E+00  0.0000000E+00
  0.0000000E+00  0.0000000E+00
  0.0000000E+00  0.0000000E+00
  0.0000000E+00  0.0000000E+00
  0.0000000E+00  0.0000000E+00
  0.0000000E+00  0.0000000E+00
  0.0000000E+00  0.0000000E+00
  0.0000000E+00  0.0000000E+00
  0.0000000E+00  0.0000000E+00
  0.0000000E+00  0.0000000E+00
  0.0000000E+00  0.0000000E+00
  0.0000000E+00  0.0000000E+00
  0.0000000E+00  0.0000000E+00
  0.0000000E+00  0.0000000E+00
  0.0000000E+00  0.0000000E+00
  0.0000000E+00  0.0000000E+00
  0.0000000E+00  0.0000000E+00
  0.0000000E+00  0.0000000E+00
  0.0000000E+00  0.0000000E+00
  0.0000000E+00  0.0000000E+00
  0.0000000E+00  0.0000000E+00
  0.0000000E+00  0.0000000E+00
  0.0000000E+00  0.0000000E+00
  0.0000000E+00  0.0000000E+00
  0.0000000E+00  0.0000000E+00
  0.0000000E+00  0.0000000E+00
  0.0000000E+00  0.0000000E+00
  0.0000000E+00  0.0000000E+00
  0.0000000E+00  0.0000000E+00
  0.0000000E+00  0.0000000E+00
  0.0000000E+00  0.0000000E+00
  0.0000000E+00  0.0000000E+00
  0.0000000E+00  0.0000000E+00
  0.0000000E+00  0.0000000E+00
  0.0000000E+00  0.0000000E+00
  0.0000000E+00  0.0000000E+00
  0.0000000E+00  0.0000000E+00
  0.0000000E+00  0.0000000E+00
  0.0000000E+00  0.0000000E+00
  0.0000000E+00  0.0000000E+00
  0.0000000E+00  0.0000000E+00
  0.0000000E+00  0.0000000E+00
  0.0000000E+00  0.0000000E+00
  0.0000000E+00  0.0000000E+00
  0.0000000E+00  0.0000000E+00
  0.0000000E+00  0.0000000E+00
  0.0000000E+00  0.0000000E+00
  0.0000000E+00  0.0000000E+00
  0.0000000E+00  0.0000000E+00
  0.0000000E+00  0.0000000E+00
  0.0000000E+00  0.0000000E+00
  0.0000000E+00  0.0000000E+00
  0.0000000E+00  0.0000000E+00
  0.0000000E+00  0.0000000E+00
  0.0000000E+00  0.0000000E+00
  0.0000000E+00  0.0000000E+00
  0.0000000E+00  0.0000000E+00
  0.0000000E+00  0.0000000E+00
  0.0000000E+00  0.0000000E+00
  0.0000000E+00  0.0000000E+00
  0.0000000E+00  0.0000000E+00
  0.0000000E+00  0.0000000E+00
  0.0000000E+00  0.0000000E+00
  0.0000000E+00  0.0000000E+00
  0.0000000E+00  0.0000000E+00
  0.0000000E+00  0.0000000E+00
  0.0000000E+00  0.0000000E+00
  0.0000000E+00  0.0000000E+00
  0.0000000E+00  0.0000000E+00
  0.0000000E+00  0.0000000E+00
  0.0000000E+00  0.0000000E+00
  0.0000000E+00  0.0000000E+00
  0.0000000E+00  0.0000000E+00
  0.0000000E+00  0.0000000E+00
  0.0000000E+00  0.0000000E+00
  0.0000000E+00  0.0000000E+00
  0.0000000E+00  0.0000000E+00
  0.0000000E+00  0.0000000E+00
  0.0000000E+00  0.0000000E+00
  0.0000000E+00  0.0000000E+00
  0.0000000E+00  0.0000000E+00
  0.0000000E+00  0.0000000E+00
  0.0000000E+00  0.0000000E+00
  0.0000000E+00  0.0000000E+00
  0.0000000E+00  0.0000000E+00
  0.0000000E+00  0.0000000E+00
  0.0000000E+00  0.0000000E+00
  0.0000000E+00  0.0000000E+00
  0.0000000E+00  0.0000000E+00
  0.0000000E+00  0.0000000E+00
  0.0000000E+00  0.0000000E+00
  0.0000000E+00  0.0000000E+00
  0.0000000E+00  0.0000000E+00
  0.0000000E+00  0.0000000E+00
  0.0000000E+00  0.0000000E+00
  0.0000000E+00  0.0000000E+00
  0.0000000E+00  0.0000000E+00
  0.0000000E+00  0.0000000E+00
  0.0000000E+00  0.0000000E+00
  0.0000000E+00  0.0000000E+00
  0.0000000E+00  0.0000000E+00
  0.0000000E+00  0.0000000E+00
  0.0000000E+00  0.0000000E+00
  0.0000000E+00  0.0000000E+00
  0.0000000E+00  0.0000000E+00
  0.0000000E+00  0.0000000E+00
  0.0000000E+00  0.0000000E+00
  0.0000000E+00  0.0000000E+00
  0.0000000E+00  0.0000000E+00
  0.0000000E+00  0.0000000E+00
  0.0000000E+00  0.0000000E+00
  0.0000000E+00  0.0000000E+00
  0.0000000E+00  0.0000000E+00
  0.0000000E+00  0.0000000E+00
  0.0000000E+00  0.0000000E+00
  0.0000000E+00  0.0000000E+00
  0.0000000E+00  0.0000000E+00
  0.0000000E+00  0.0000000E+00
  0.0000000E+00  0.0000000E+00
  0.0000000E+00  0.0000000E+00
  0.0000000E+00  0.0000000E+00
  0.0000000E+00  0.0000000E+00
  0.0000000E+00  0.0000000E+00
  0.0000000E+00  0.0000000E+00
  0.0000000E+00  0.0000000E+00
  0.0000000E+00  0.0000000E+00
  0.0000000E+00  0.0000000E+00
  0.0000000E+00  0.0000000E+00
  0.0000000E+00  0.0000000E+00
  0.0000000E+00  0.0000000E+00
  0.0000000E+00  0.0000000E+00
  0.0000000E+00  0.0000000E+00
  0.0000000E+00  0.0000000E+00
  0.0000000E+00  0.0000000E+00
  0.0000000E+00  0.0000000E+00
  0.0000000E+00  0.0000000E+00
  0.0000000E+00  0.0000000E+00
  0.0000000E+00  0.0000000E+00
  0.0000000E+00  0.0000000E+00
  0.0000000E+00  0.0000000E+00
  0.0000000E+00  0.0000000E+00
  0.0000000E+00  0.0000000E+00
  0.0000000E+00  0.0000000E+00
  0.0000000E+00  0.0000000E+00
  0.0000000E+00  0.0000000E+00
  0.0000000E+00  0.0000000E+00
  0.0000000E+00  0.0000000E+00
  0.0000000E+00  0.0000000E+00
  0.0000000E+00  0.0000000E+00
  0.0000000E+00  0.0000000E+00
  0.0000000E+00  0.0000000E+00
  0.0000000E+00  0.0000000E+00
  0.0000000E+00  0.0000000E+00
  0.0000000E+00  0.0000000E+00
  0.0000000E+00  0.0000000E+00
  0.0000000E+00  0.0000000E+00
  0.0000000E+00  0.0000000E+00
  0.0000000E+00  0.0000000E+00
  0.0000000E+00  0.0000000E+00
  0.0000000E+00  0.0000000E+00
  0.0000000E+00  0.0000000E+00
  0.0000000E+00  0.0000000E+00
  0.0000000E+00  0.0000000E+00
  0.0000000E+00  0.0000000E+00
  0.0000000E+00  0.0000000E+00
  0.0000000E+00  0.0000000E+00
  0.0000000E+00  0.0000000E+00
  0.0000000E+00  0.0000000E+00
  0.0000000E+00  0.0000000E+00
  0.0000000E+00  0.0000000E+00
  0.0000000E+00  0.0000000E+00
  0.0000000E+00  0.0000000E+00
  0.0000000E+00  0.0000000E+00
  0.0000000E+00  0.0000000E+00
  0.0000000E+00  0.0000000E+00
  0.0000000E+00  0.0000000E+00
  0.0000000E+00  0.0000000E+00
  0.0000000E+00  0.0000000E+00
  0.0000000E+00  0.0000000E+00
  0.0000000E+00  0.0000000E+00
  0.0000000E+00  0.0000000E+00
  0.0000000E+00  0.0000000E+00
  0.0000000E+00  0.0000000E+00
  0.0000000E+00  0.0000000E+00
  0.0000000E+00  0.0000000E+00
  0.0000000E+00  0.0000000E+00
  0.0000000E+00  0.0000000E+00
  0.0000000E+00  0.0000000E+00
  0.0000000E+00  0.0000000E+00
  0.0000000E+00  0.0000000E+00
  0.0000000E+00  0.0000000E+00
  0.0000000E+00  0.0000000E+00
  0.0000000E+00  0.0000000E+00
  0.0000000E+00  0.0000000E+00
  0.0000000E+00  0.0000000E+00
  0.0000000E+00  0.0000000E+00
  0.0000000E+00  0.0000000E+00
  0.0000000E+00  0.0000000E+00
  0.0000000E+00  0.0000000E+00
  0.0000000E+00  0.0000000E+00
  0.0000000E+00  0.0000000E+00
  0.0000000E+00  0.0000000E+00
  0.0000000E+00  0.0000000E+00
  0.0000000E+00  0.0000000E+00
  0.0000000E+00  0.0000000E+00
  0.0000000E+00  0.0000000E+00
  0.0000000E+00  0.0000000E+00
  0.0000000E+00  0.0000000E+00
  0.0000000E+00  0.0000000E+00
  0.0000000E+00  0.0000000E+00
  0.0000000E+00  0.0000000E+00
  0.0000000E+00  0.0000000E+00
  0.0000000E+00  0.0000000E+00
  0.0000000E+00  0.0000000E+00
  0.0000000E+00  0.0000000E+00
  0.0000000E+00  0.0000000E+00
  0.0000000E+00  0.0000000E+00
  0.0000000E+00  0.0000000E+00
  0.0000000E+00  0.0000000E+00
  0.0000000E+00  0.0000000E+00
  0.0000000E+00  0.0000000E+00
  0.0000000E+00  0.0000000E+00
  0.0000000E+00  0.0000000E+00
  0.0000000E+00  0.0000000E+00
  0.0000000E+00  0.0000000E+00
  0.0000000E+00  0.0000000E+00
  0.0000000E+00  0.0000000E+00
  0.0000000E+00  0.0000000E+00
  0.0000000E+00  0.0000000E+00
  0.0000000E+00  0.0000000E+00
  0.0000000E+00  0.0000000E+00
  0.0000000E+00  0.0000000E+00
  0.0000000E+00  0.0000000E+00
  0.0000000E+00  0.0000000E+00
  0.0000000E+00  0.0000000E+00
  0.0000000E+00  0.0000000E+00
  0.0000000E+00  0.0000000E+00
  0.0000000E+00  0.0000000E+00
  0.0000000E+00  0.0000000E+00
  0.0000000E+00  0.0000000E+00
  0.0000000E+00  0.0000000E+00
  0.0000000E+00  0.0000000E+00
  0.0000000E+00  0.0000000E+00
  0.0000000E+00  0.0000000E+00
  0.0000000E+00  0.0000000E+00
  0.0000000E+00  0.0000000E+00
  0.0000000E+00  0.0000000E+00
  0.0000000E+00  0.0000000E+00
  0.0000000E+00  0.0000000E+00
  0.0000000E+00  0.0000000E+00
  0.0000000E+00  0.0000000E+00
  0.0000000E+00  0.0000000E+00
  0.0000000E+00  0.0000000E+00
  0.0000000E+00  0.0000000E+00
  0.0000000E+00  0.0000000E+00
  0.0000000E+00  0.0000000E+00
  0.0000000E+00  0.0000000E+00
  0.0000000E+00  0.0000000E+00
  0.0000000E+00  0.0000000E+00
  0.0000000E+00  0.0000000E+00
  0.0000000E+00  0.0000000E+00
  0.0000000E+00  0.0000000E+00
  0.0000000E+00  0.0000000E+00
  0.0000000E+00  0.0000000E+00
  0.0000000E+00  0.0000000E+00
  0.0000000E+00  0.0000000E+00
  0.0000000E+00  0.0000000E+00
  0.0000000E+00  0.0000000E+00
  0.0000000E+00  0.0000000E+00
  0.0000000E+00  0.0000000E+00
  0.0000000E+00  0.0000000E+00
  0.0000000E+00  0.0000000E+00
  0.0000000E+00  0.0000000E+00
  0.0000000E+00  0.0000000E+00
  0.0000000E+00  0.0000000E+00
  0.0000000E+00  0.0000000E+00
  0.0000000E+00  0.0000000E+00
  0.0000000E+00  0.0000000E+00
  0.0000000E+00  0.0000000E+00
  0.0000000E+00  0.0000000E+00
  0.0000000E+00  0.0000000E+00
  0.0000000E+00  0.0000000E+00
  0.0000000E+00  0.0000000E+00
  0.0000000E+00  0.0000000E+00
  0.0000000E+00  0.0000000E+00
  0.0000000E+00  0.0000000E+00
  0.0000000E+00  0.0000000E+00
  0.0000000E+00  0.0000000E+00
  0.0000000E+00  0.0000000E+00
  0.0000000E+00  0.0000000E+00
  0.0000000E+00  0.0000000E+00
  0.0000000E+00  0.0000000E+00
  0.0000000E+00  0.0000000E+00
  0.0000000E+00  0.0000000E+00
  0.0000000E+00  0.0000000E+00
  0.0000000E+00  0.0000000E+00
  0.0000000E+00  0.0000000E+00
  0.0000000E+00  0.0000000E+00
  0.0000000E+00  0.0000000E+00
  0.0000000E+00  0.0000000E+00
  0.0000000E+00  0.0000000E+00
  0.0000000E+00  0.0000000E+00
  0.0000000E+00  0.0000000E+00
  0.0000000E+00  0.0000000E+00
  0.0000000E+00  0.0000000E+00
  0.0000000E+00  0.0000000E+00
  0.0000000E+00  0.0000000E+00
  0.0000000E+00  0.0000000E+00
  0.0000000E+00  0.0000000E+00
  0.0000000E+00  0.0000000E+00
  0.0000000E+00  0.0000000E+00
  0.0000000E+00  0.0000000E+00
  0.0000000E+00  0.0000000E+00
  0.0000000E+00  0.0000000E+00
  0.0000000E+00  0.0000000E+00
  0.0000000E+00  0.0000000E+00
  0.0000000E+00  0.0000000E+00
  0.0000000E+00  0.0000000E+00
  0.0000000E+00  0.0000000E+00
  0.0000000E+00  0.0000000E+00
  0.0000000E+00  0.0000000E+00
  0.0000000E+00  0.0000000E+00
  0.0000000E+00  0.0000000E+00
  0.0000000E+00  0.0000000E+00
  0.0000000E+00  0.0000000E+00
  0.0000000E+00  0.0000000E+00
  0.0000000E+00  0.0000000E+00
  0.0000000E+00  0.0000000E+00
  0.0000000E+00  0.0000000E+00
  0.0000000E+00  0.0000000E+00
  0.0000000E+00  0.0000000E+00
  0.0000000E+00  0.0000000E+00
  0.0000000E+00  0.0000000E+00
  0.0000000E+00  0.0000000E+00
  0.0000000E+00  0.0000000E+00
  0.0000000E+00  0.0000000E+00
  0.0000000E+00  0.0000000E+00
  0.0000000E+00  0.0000000E+00
  0.0000000E+00  0.0000000E+00
  0.0000000E+00  0.0000000E+00
  0.0000000E+00  0.0000000E+00
  0.0000000E+00  0.0000000E+00
  0.0000000E+00  0.0000000E+00
  0.0000000E+00  0.0000000E+00
  0.0000000E+00  0.0000000E+00
  0.0000000E+00  0.0000000E+00
  0.0000000E+00  0.0000000E+00
  0.0000000E+00  0.0000000E+00
  0.0000000E+00  0.0000000E+00
  0.0000000E+00  0.0000000E+00
  0.0000000E+00  0.0000000E+00
  0.0000000E+00  0.0000000E+00
  0.0000000E+00  0.0000000E+00
  0.0000000E+00  0.0000000E+00
  0.0000000E+00  0.0000000E+00
  0.0000000E+00  0.0000000E+00
  0.0000000E+00  0.0000000E+00
  0.0000000E+00  0.0000000E+00
  0.0000000E+00  0.0000000E+00
  0.0000000E+00  0.0000000E+00
  0.0000000E+00  0.0000000E+00
  0.0000000E+00  0.0000000E+00
  0.0000000E+00  0.0000000E+00
  0.0000000E+00  0.0000000E+00
  0.0000000E+00  0.0000000E+00
  0.0000000E+00  0.0000000E+00
  0.0000000E+00  0.0000000E+00
  0.0000000E+00  0.0000000E+00
  0.0000000E+00  0.0000000E+00
  0.0000000E+00  0.0000000E+00
  0.0000000E+00  0.0000000E+00
  0.0000000E+00  0.0000000E+00
  0.0000000E+00  0.0000000E+00
  0.0000000E+00  0.0000000E+00
  0.0000000E+00  0.0000000E+00
  0.0000000E+00  0.0000000E+00
  0.0000000E+00  0.0000000E+00
  0.0000000E+00  0.0000000E+00
  0.0000000E+00  0.0000000E+00
  0.0000000E+00  0.0000000E+00
  0.0000000E+00  0.0000000E+00
  0.0000000E+00  0.0000000E+00
  0.0000000E+00  0.0000000E+00
  0.0000000E+00  0.0000000E+00
  0.0000000E+00  0.0000000E+00
  0.0000000E+00  0.0000000E+00
  0.0000000E+00  0.0000000E+00
  0.0000000E+00  0.0000000E+00
  0.0000000E+00  0.0000000E+00
  0.0000000E+00  0.0000000E+00
  0.0000000E+00  0.0000000E+00
  0.0000000E+00  0.0000000E+00
  0.0000000E+00  0.0000000E+00
  0.0000000E+00  0.0000000E+00
  0.0000000E+00  0.0000000E+00
  0.0000000E+00  0.0000000E+00
  0.0000000E+00  0.0000000E+00
  0.0000000E+00  0.0000000E+00
  0.0000000E+00  0.0000000E+00
  0.0000000E+00  0.0000000E+00
  0.0000000E+00  0.0000000E+00
  0.0000000E+00  0.0000000E+00
  0.0000000E+00  0.0000000E+00
  0.0000000E+00  0.0000000E+00
  0.0000000E+00  0.0000000E+00
  0.0000000E+00  0.0000000E+00
  0.0000000E+00  0.0000000E+00
  0.0000000E+00  0.0000000E+00
  0.0000000E+00  0.0000000E+00
  0.0000000E+00  0.0000000E+00
  0.0000000E+00  0.0000000E+00
  0.0000000E+00  0.0000000E+00
  0.0000000E+00  0.0000000E+00
  0.0000000E+00  0.0000000E+00
  0.0000000E+00  0.0000000E+00
  0.0000000E+00  0.0000000E+00
  0.0000000E+00  0.0000000E+00
  0.0000000E+00  0.0000000E+00
  0.0000000E+00  0.0000000E+00
  0.0000000E+00  0.0000000E+00
  0.0000000E+00  0.0000000E+00
  0.0000000E+00  0.0000000E+00
  0.0000000E+00  0.0000000E+00
  0.0000000E+00  0.0000000E+00
  0.0000000E+00  0.0000000E+00
  0.0000000E+00  0.0000000E+00
  0.0000000E+00  0.0000000E+00
  0.0000000E+00  0.0000000E+00
  0.0000000E+00  0.0000000E+00
  0.0000000E+00  0.0000000E+00
  0.0000000E+00  0.0000000E+00
  0.0000000E+00  0.0000000E+00
  0.0000000E+00  0.0000000E+00
  0.0000000E+00  0.0000000E+00
  0.0000000E+00  0.0000000E+00
  0.0000000E+00  0.0000000E+00
  0.0000000E+00  0.0000000E+00
  0.0000000E+00  0.0000000E+00
  0.0000000E+00  0.0000000E+00
  0.0000000E+00  0.0000000E+00
  0.0000000E+00  0.0000000E+00
  0.0000000E+00  0.0000000E+00
  0.0000000E+00  0.0000000E+00
  0.0000000E+00  0.0000000E+00
  0.0000000E+00  0.0000000E+00
  0.0000000E+00  0.0000000E+00
  0.0000000E+00  0.0000000E+00
  0.0000000E+00  0.0000000E+00
  0.0000000E+00  0.0000000E+00
  0.0000000E+00  0.0000000E+00
  0.0000000E+00  0.0000000E+00
  0.0000000E+00  0.0000000E+00
  0.0000000E+00  0.0000000E+00
  0.0000000E+00  0.0000000E+00
  0.0000000E+00  0.0000000E+00
  0.0000000E+00  0.0000000E+00
  0.0000000E+00  0.0000000E+00
  0.0000000E+00  0.0000000E+00
  0.0000000E+00  0.0000000E+00
  0.0000000E+00  0.0000000E+00
  0.0000000E+00  0.0000000E+00
  0.0000000E+00  0.0000000E+00
  0.0000000E+00  0.0000000E+00
  0.0000000E+00  0.0000000E+00
  0.0000000E+00  0.0000000E+00
  0.0000000E+00  0.0000000E+00
  0.0000000E+00  0.0000000E+00
  0.0000000E+00  0.0000000E+00
  0.0000000E+00  0.0000000E+00
  0.0000000E+00  0.0000000E+00
  0.0000000E+00  0.0000000E+00
  0.0000000E+00  0.0000000E+00
  0.0000000E+00  0.0000000E+00
  0.0000000E+00  0.0000000E+00
  0.0000000E+00  0.0000000E+00
  0.0000000E+00  0.0000000E+00
  0.0000000E+00  0.0000000E+00
  0.0000000E+00  0.0000000E+00
  0.0000000E+00  0.0000000E+00
  0.0000000E+00  0.0000000E+00
  0.0000000E+00  0.0000000E+00
  0.0000000E+00  0.0000000E+00
  0.0000000E+00  0.0000000E+00
  0.0000000E+00  0.0000000E+00
  0.0000000E+00  0.0000000E+00
  0.0000000E+00  0.0000000E+00
  0.0000000E+00  0.0000000E+00
  0.0000000E+00  0.0000000E+00
  0.0000000E+00  0.0000000E+00
  0.0000000E+00  0.0000000E+00
  0.0000000E+00  0.0000000E+00
  0.0000000E+00  0.0000000E+00
  0.0000000E+00  0.0000000E+00
  0.0000000E+00  0.0000000E+00
  0.0000000E+00  0.0000000E+00
  0.0000000E+00  0.0000000E+00
  0.0000000E+00  0.0000000E+00
  0.0000000E+00  0.0000000E+00
  0.0000000E+00  0.0000000E+00
  0.0000000E+00  0.0000000E+00
  0.0000000E+00  0.0000000E+00
  0.0000000E+00  0.0000000E+00
  0.0000000E+00  0.0000000E+00
  0.0000000E+00  0.0000000E+00
  0.0000000E+00  0.0000000E+00
  0.0000000E+00  0.0000000E+00
  0.0000000E+00  0.0000000E+00
  0.0000000E+00  0.0000000E+00
  0.0000000E+00  0.0000000E+00
  0.0000000E+00  0.0000000E+00
  0.0000000E+00  0.0000000E+00
  0.0000000E+00  0.0000000E+00
  0.0000000E+00  0.0000000E+00
  0.0000000E+00  0.0000000E+00
  0.0000000E+00  0.0000000E+00
  0.0000000E+00  0.0000000E+00
  0.0000000E+00  0.0000000E+00
  0.0000000E+00  0.0000000E+00
  0.0000000E+00  0.0000000E+00
  0.0000000E+00  0.0000000E+00
  0.0000000E+00  0.0000000E+00
  0.0000000E+00  0.0000000E+00
  0.0000000E+00  0.0000000E+00
  0.0000000E+00  0.0000000E+00
  0.0000000E+00  0.0000000E+00
  0.0000000E+00  0.0000000E+00
  0.0000000E+00  0.0000000E+00
  0.0000000E+00  0.0000000E+00
  0.0000000E+00  0.0000000E+00
  0.0000000E+00  0.0000000E+00
  0.0000000E+00  0.0000000E+00
  0.0000000E+00  0.0000000E+00
  0.0000000E+00  0.0000000E+00
  0.0000000E+00  0.0000000E+00
  0.0000000E+00  0.0000000E+00
  0.0000000E+00  0.0000000E+00
  0.0000000E+00  0.0000000E+00
  0.0000000E+00  0.0000000E+00
  0.0000000E+00  0.0000000E+00
  0.0000000E+00  0.0000000E+00
  0.0000000E+00  0.0000000E+00
  0.0000000E+00  0.0000000E+00
  0.0000000E+00  0.0000000E+00
  0.0000000E+00  0.0000000E+00
  0.0000000E+00  0.0000000E+00
  0.0000000E+00  0.0000000E+00
  0.0000000E+00  0.0000000E+00
  0.0000000E+00  0.0000000E+00
  0.0000000E+00  0.0000000E+00
  0.0000000E+00  0.0000000E+00
  0.0000000E+00  0.0000000E+00
  0.0000000E+00  0.0000000E+00
  0.0000000E+00  0.0000000E+00
  0.0000000E+00  0.0000000E+00
  0.0000000E+00  0.0000000E+00
  0.0000000E+00  0.0000000E+00
  0.0000000E+00  0.0000000E+00
  0.0000000E+00  0.0000000E+00
  0.0000000E+00  0.0000000E+00
  0.0000000E+00  0.0000000E+00
  0.0000000E+00  0.0000000E+00
  0.0000000E+00  0.0000000E+00
  0.0000000E+00  0.0000000E+00
  0.0000000E+00  0.0000000E+00
  0.0000000E+00  0.0000000E+00
  0.0000000E+00  0.0000000E+00
  0.0000000E+00  0.0000000E+00
  0.0000000E+00  0.0000000E+00
  0.0000000E+00  0.0000000E+00
  0.0000000E+00  0.0000000E+00
  0.0000000E+00  0.0000000E+00
  0.0000000E+00  0.0000000E+00
  0.0000000E+00  0.0000000E+00
  0.0000000E+00  0.0000000E+00
  0.0000000E+00  0.0000000E+00
  0.0000000E+00  0.0000000E+00
  0.0000000E+00  0.0000000E+00
  0.0000000E+00  0.0000000E+00
  0.0000000E+00  0.0000000E+00
  0.0000000E+00  0.0000000E+00
  0.0000000E+00  0.0000000E+00
  0.0000000E+00  0.0000000E+00
  0.0000000E+00  0.0000000E+00
  0.0000000E+00  0.0000000E+00
  0.0000000E+00  0.0000000E+00
  0.0000000E+00  0.0000000E+00
  0.0000000E+00  0.0000000E+00
  0.0000000E+00  0.0000000E+00
  0.0000000E+00  0.0000000E+00
  0.0000000E+00  0.0000000E+00
  0.0000000E+00  0.0000000E+00
  0.0000000E+00  0.0000000E+00
  0.0000000E+00  0.0000000E+00
  0.0000000E+00  0.0000000E+00
  0.0000000E+00  0.0000000E+00
  0.0000000E+00  0.0000000E+00
  0.0000000E+00  0.0000000E+00
  0.0000000E+00  0.0000000E+00
  0.0000000E+00  0.0000000E+00
  0.0000000E+00  0.0000000E+00
  0.0000000E+00  0.0000000E+00
  0.0000000E+00  0.0000000E+00
  0.0000000E+00  0.0000000E+00
  0.0000000E+00  0.0000000E+00
  0.0000000E+00  0.0000000E+00
  0.0000000E+00  0.0000000E+00
  0.0000000E+00  0.0000000E+00
  0.0000000E+00  0.0000000E+00
  0.0000000E+00  0.0000000E+00
  0.0000000E+00  0.0000000E+00
  0.0000000E+00  0.0000000E+00
  0.0000000E+00  0.0000000E+00
  0.0000000E+00  0.0000000E+00
  0.0000000E+00  0.0000000E+00
  0.0000000E+00  0.0000000E+00
  0.0000000E+00  0.0000000E+00
  0.0000000E+00  0.0000000E+00
  0.0000000E+00  0.0000000E+00
  0.0000000E+00  0.0000000E+00
  0.0000000E+00  0.0000000E+00
  0.0000000E+00  0.0000000E+00
  0.0000000E+00  0.0000000E+00
  0.0000000E+00  0.0000000E+00
  0.0000000E+00  0.0000000E+00
  0.0000000E+00  0.0000000E+00
  0.0000000E+00  0.0000000E+00
  0.0000000E+00  0.0000000E+00
  0.0000000E+00  0.0000000E+00
  0.0000000E+00  0.0000000E+00
  0.0000000E+00  0.0000000E+00
  0.0000000E+00  0.0000000E+00
  0.0000000E+00  0.0000000E+00
  0.0000000E+00  0.0000000E+00
  0.0000000E+00  0.0000000E+00
  0.0000000E+00  0.0000000E+00
  0.0000000E+00  0.0000000E+00
  0.0000000E+00  0.0000000E+00
  0.0000000E+00  0.0000000E+00
  0.0000000E+00  0.0000000E+00
  0.0000000E+00  0.0000000E+00
  0.0000000E+00  0.0000000E+00
  0.0000000E+00  0.0000000E+00
  0.0000000E+00  0.0000000E+00
  0.0000000E+00  0.0000000E+00
  0.0000000E+00  0.0000000E+00
  0.0000000E+00  0.0000000E+00
  0.0000000E+00  0.0000000E+00
  0.0000000E+00  0.0000000E+00
  0.0000000E+00  0.0000000E+00
  0.0000000E+00  0.0000000E+00
  0.0000000E+00  0.0000000E+00
  0.0000000E+00  0.0000000E+00
  0.0000000E+00  0.0000000E+00
  0.0000000E+00  0.0000000E+00
  0.0000000E+00  0.0000000E+00
  0.0000000E+00  0.0000000E+00
  0.0000000E+00  0.0000000E+00
  0.0000000E+00  0.0000000E+00
  0.0000000E+00  0.0000000E+00
  0.0000000E+00  0.0000000E+00
  0.0000000E+00  0.0000000E+00
  0.0000000E+00  0.0000000E+00
  0.0000000E+00  0.0000000E+00
  0.0000000E+00  0.0000000E+00
  0.0000000E+00  0.0000000E+00
  0.0000000E+00  0.0000000E+00
  0.0000000E+00  0.0000000E+00
  0.0000000E+00  0.0000000E+00
  0.0000000E+00  0.0000000E+00
  0.0000000E+00  0.0000000E+00
  0.0000000E+00  0.0000000E+00
  0.0000000E+00  0.0000000E+00
  0.0000000E+00  0.0000000E+00
  0.0000000E+00  0.0000000E+00
  0.0000000E+00  0.0000000E+00
  0.0000000E+00  0.0000000E+00
  0.0000000E+00  0.0000000E+00
  0.0000000E+00  0.0000000E+00
  0.0000000E+00  0.0000000E+00
  0.0000000E+00  0.0000000E+00
  0.0000000E+00  0.0000000E+00
  0.0000000E+00  0.0000000E+00
  0.0000000E+00  0.0000000E+00
  0.0000000E+00  0.0000000E+00
  0.0000000E+00  0.0000000E+00
  0.0000000E+00  0.0000000E+00
  0.0000000E+00  0.0000000E+00
  0.0000000E+00  0.0000000E+00
  0.0000000E+00  0.0000000E+00
  0.0000000E+00  0.0000000E+00
  0.0000000E+00  0.0000000E+00
  0.0000000E+00  0.0000000E+00
  0.0000000E+00  0.0000000E+00
  0.0000000E+00  0.0000000E+00
  0.0000000E+00  0.0000000E+00
  0.0000000E+00  0.0000000E+00
  0.0000000E+00  0.0000000E+00
  0.0000000E+00  0.0000000E+00
  0.0000000E+00  0.0000000E+00
  0.0000000E+00  0.0000000E+00
  0.0000000E+00  0.0000000E+00
  0.0000000E+00  0.0000000E+00
  0.0000000E+00  0.0000000E+00
  0.0000000E+00  0.0000000E+00
  0.0000000E+00  0.0000000E+00
  0.0000000E+00  0.0000000E+00
  0.0000000E+00  0.0000000E+00
  0.0000000E+00  0.0000000E+00
  0.0000000E+00  0.0000000E+00
  0.0000000E+00  0.0000000E+00
  0.0000000E+00  0.0000000E+00
  0.0000000E+00  0.0000000E+00
  0.0000000E+00  0.0000000E+00
  0.0000000E+00  0.0000000E+00
  0.0000000E+00  0.0000000E+00
  0.0000000E+00  0.0000000E+00
  0.0000000E+00  0.0000000E+00
  0.0000000E+00  0.0000000E+00
  0.0000000E+00  0.0000000E+00
  0.0000000E+00  0.0000000E+00
  0.0000000E+00  0.0000000E+00
  0.0000000E+00  0.0000000E+00
  0.0000000E+00  0.0000000E+00
  0.0000000E+00  0.0000000E+00
  0.0000000E+00  0.0000000E+00
  0.0000000E+00  0.0000000E+00
  0.0000000E+00  0.0000000E+00
  0.0000000E+00  0.0000000E+00
  0.0000000E+00  0.0000000E+00
  0.0000000E+00  0.0000000E+00
  0.0000000E+00  0.0000000E+00
  0.0000000E+00  0.0000000E+00
  0.0000000E+00  0.0000000E+00
  0.0000000E+00  0.0000000E+00
  0.0000000E+00  0.0000000E+00
  0.0000000E+00  0.0000000E+00
  0.0000000E+00  0.0000000E+00
  0.0000000E+00  0.0000000E+00
  0.0000000E+00  0.0000000E+00
  0.0000000E+00  0.0000000E+00
  0.0000000E+00  0.0000000E+00
  0.0000000E+00  0.0000000E+00
  0.0000000E+00  0.0000000E+00
  0.0000000E+00  0.0000000E+00
  0.0000000E+00  0.0000000E+00
  0.0000000E+00  0.0000000E+00
  0.0000000E+00  0.0000000E+00
  0.0000000E+00  0.0000000E+00
  0.0000000E+00  0.0000000E+00
  0.0000000E+00  0.0000000E+00
  0.0000000E+00  0.0000000E+00
  0.0000000E+00  0.0000000E+00
  0.0000000E+00  0.0000000E+00
  0.0000000E+00  0.0000000E+00
  0.0000000E+00  0.0000000E+00
  0.0000000E+00  0.0000000E+00
  0.0000000E+00  0.0000000E+00
  0.0000000E+00  0.0000000E+00
  0.0000000E+00  0.0000000E+00
  0.0000000E+00  0.0000000E+00
  0.0000000E+00  0.0000000E+00
  0.0000000E+00  0.0000000E+00
  0.0000000E+00  0.0000000E+00
  0.0000000E+00  0.0000000E+00
  0.0000000E+00  0.0000000E+00
  0.0000000E+00  0.0000000E+00
  0.0000000E+00  0.0000000E+00
  0.0000000E+00  0.0000000E+00
  0.0000000E+00  0.0000000E+00
  0.0000000E+00  0.0000000E+00
  0.0000000E+00  0.0000000E+00
  0.0000000E+00  0.0000000E+00
  0.0000000E+00  0.0000000E+00
  0.0000000E+00  0.0000000E+00
  0.0000000E+00  0.0000000E+00
  0.0000000E+00  0.0000000E+00
  0.0000000E+00  0.0000000E+00
  0.0000000E+00  0.0000000E+00
  0.0000000E+00  0.0000000E+00
  0.0000000E+00  0.0000000E+00
  0.0000000E+00  0.0000000E+00
  0.0000000E+00  0.0000000E+00
  0.0000000E+00  0.0000000E+00
  0.0000000E+00  0.0000000E+00
  0.0000000E+00  0.0000000E+00
  0.0000000E+00  0.0000000E+00
  0.0000000E+00  0.0000000E+00
  0.0000000E+00  0.0000000E+00
  0.0000000E+00  0.0000000E+00
  0.0000000E+00  0.0000000E+00
  0.0000000E+00  0.0000000E+00
  0.0000000E+00  0.0000000E+00
  0.0000000E+00  0.0000000E+00
  0.0000000E+00  0.0000000E+00
  0.0000000E+00  0.0000000E+00
  0.0000000E+00  0.0000000E+00
  0.0000000E+00  0.0000000E+00
  0.0000000E+00  0.0000000E+00
  0.0000000E+00  0.0000000E+00
  0.0000000E+00  0.0000000E+00
  0.0000000E+00  0.0000000E+00
  0.0000000E+00  0.0000000E+00
  0.0000000E+00  0.0000000E+00
  0.0000000E+00  0.0000000E+00
  0.0000000E+00  0.0000000E+00
  0.0000000E+00  0.0000000E+00
  0.0000000E+00  0.0000000E+00
  0.0000000E+00  0.0000000E+00
  0.0000000E+00  0.0000000E+00
  0.0000000E+00  0.0000000E+00
  0.0000000E+00  0.0000000E+00
  0.0000000E+00  0.0000000E+00
  0.0000000E+00  0.0000000E+00
  0.0000000E+00  0.0000000E+00
  0.0000000E+00  0.0000000E+00
  0.0000000E+00  0.0000000E+00
  0.0000000E+00  0.0000000E+00
  0.0000000E+00  0.0000000E+00
  0.0000000E+00  0.0000000E+00
  0.0000000E+00  0.0000000E+00
  0.0000000E+00  0.0000000E+00
  0.0000000E+00  0.0000000E+00
  0.0000000E+00  0.0000000E+00
  0.0000000E+00  0.0000000E+00
  0.0000000E+00  0.0000000E+00
  0.0000000E+00  0.0000000E+00
  0.0000000E+00  0.0000000E+00
  0.0000000E+00  0.0000000E+00
  0.0000000E+00  0.0000000E+00
  0.0000000E+00  0.0000000E+00
  0.0000000E+00  0.0000000E+00
  0.0000000E+00  0.0000000E+00
  0.0000000E+00  0.0000000E+00
  0.0000000E+00  0.0000000E+00
  0.0000000E+00  0.0000000E+00
  0.0000000E+00  0.0000000E+00
  0.0000000E+00  0.0000000E+00
  0.0000000E+00  0.0000000E+00
  0.0000000E+00  0.0000000E+00
  0.0000000E+00  0.0000000E+00
  0.0000000E+00  0.0000000E+00
  0.0000000E+00  0.0000000E+00
  0.0000000E+00  0.0000000E+00
  0.0000000E+00  0.0000000E+00
  0.0000000E+00  0.0000000E+00
  0.0000000E+00  0.0000000E+00
  0.0000000E+00  0.0000000E+00
  0.0000000E+00  0.0000000E+00
  0.0000000E+00  0.0000000E+00
  0.0000000E+00  0.0000000E+00
  0.0000000E+00  0.0000000E+00
  0.0000000E+00  0.0000000E+00
  0.0000000E+00  0.0000000E+00
  0.0000000E+00  0.0000000E+00
  0.0000000E+00  0.0000000E+00
  0.0000000E+00  0.0000000E+00
  0.0000000E+00  0.0000000E+00
  0.0000000E+00  0.0000000E+00
  0.0000000E+00  0.0000000E+00
  0.0000000E+00  0.0000000E+00
  0.0000000E+00  0.0000000E+00
  0.0000000E+00  0.0000000E+00
  0.0000000E+00  0.0000000E+00
  0.0000000E+00  0.0000000E+00
  0.0000000E+00  0.0000000E+00
  0.0000000E+00  0.0000000E+00
  0.0000000E+00  0.0000000E+00
  0.0000000E+00  0.0000000E+00
  0.0000000E+00  0.0000000E+00
  0.0000000E+00  0.0000000E+00
  0.0000000E+00  0.0000000E+00
  0.0000000E+00  0.0000000E+00
  0.0000000E+00  0.0000000E+00
  0.0000000E+00  0.0000000E+00
  0.0000000E+00  0.0000000E+00
  0.0000000E+00  0.0000000E+00
  0.0000000E+00  0.0000000E+00
  0.0000000E+00  0.0000000E+00
  0.0000000E+00  0.0000000E+00
  0.0000000E+00  0.0000000E+00
  0.0000000E+00  0.0000000E+00
  0.0000000E+00  0.0000000E+00
  0.0000000E+00  0.0000000E+00
  0.0000000E+00  0.0000000E+00
  0.0000000E+00  0.0000000E+00
  0.0000000E+00  0.0000000E+00
  0.0000000E+00  0.0000000E+00
  0.0000000E+00  0.0000000E+00
  0.0000000E+00  0.0000000E+00
  0.0000000E+00  0.0000000E+00
  0.0000000E+00  0.0000000E+00
  0.0000000E+00  0.0000000E+00
  0.0000000E+00  0.0000000E+00
  0.0000000E+00  0.0000000E+00
  0.0000000E+00  0.0000000E+00
  0.0000000E+00  0.0000000E+00
  0.0000000E+00  0.0000000E+00
  0.0000000E+00  0.0000000E+00
  0.0000000E+00  0.0000000E+00
  0.0000000E+00  0.0000000E+00
  0.0000000E+00  0.0000000E+00
  0.0000000E+00  0.0000000E+00
  0.0000000E+00  0.0000000E+00
  0.0000000E+00  0.0000000E+00
  0.0000000E+00  0.0000000E+00
  0.0000000E+00  0.0000000E+00
  0.0000000E+00  0.0000000E+00
  0.0000000E+00  0.0000000E+00
  0.0000000E+00  0.0000000E+00
  0.0000000E+00  0.0000000E+00
  0.0000000E+00  0.0000000E+00
  0.0000000E+00  0.0000000E+00
  0.0000000E+00  0.0000000E+00
  0.0000000E+00  0.0000000E+00
  0.0000000E+00  0.0000000E+00
  0.0000000E+00  0.0000000E+00
  0.0000000E+00  0.0000000E+00
  0.0000000E+00  0.0000000E+00
  0.0000000E+00  0.0000000E+00
  0.0000000E+00  0.0000000E+00
  0.0000000E+00  0.0000000E+00
  0.0000000E+00  0.0000000E+00
  0.0000000E+00  0.0000000E+00
  0.0000000E+00  0.0000000E+00
  0.0000000E+00  0.0000000E+00
  0.0000000E+00  0.0000000E+00
  0.0000000E+00  0.0000000E+00
  0.0000000E+00  0.0000000E+00
  0.0000000E+00  0.0000000E+00
  0.0000000E+00  0.0000000E+00
  0.0000000E+00  0.0000000E+00
  0.0000000E+00  0.0000000E+00
  0.0000000E+00  0.0000000E+00
  0.0000000E+00  0.0000000E+00
  0.0000000E+00  0.0000000E+00
  0.0000000E+00  0.0000000E+00
  0.0000000E+00  0.0000000E+00
  0.0000000E+00  0.0000000E+00
  0.0000000E+00  0.0000000E+00
  0.0000000E+00  0.0000000E+00
  0.0000000E+00  0.0000000E+00
  0.0000000E+00  0.0000000E+00
  0.0000000E+00  0.0000000E+00
  0.0000000E+00  0.0000000E+00
  0.0000000E+00  0.0000000E+00
  0.0000000E+00  0.0000000E+00
  0.0000000E+00  0.0000000E+00
  0.0000000E+00  0.0000000E+00
  0.0000000E+00  0.0000000E+00
  0.0000000E+00  0.0000000E+00
  0.0000000E+00  0.0000000E+00
  0.0000000E+00  0.0000000E+00
  0.0000000E+00  0.0000000E+00
  0.0000000E+00  0.0000000E+00
  0.0000000E+00  0.0000000E+00
  0.0000000E+00  0.0000000E+00
  0.0000000E+00  0.0000000E+00
  0.0000000E+00  0.0000000E+00
  0.0000000E+00  0.0000000E+00
  0.0000000E+00  0.0000000E+00
  0.0000000E+00  0.0000000E+00
  0.0000000E+00  0.0000000E+00
  0.0000000E+00  0.0000000E+00
  0.0000000E+00  0.0000000E+00
  0.0000000E+00  0.0000000E+00
  0.0000000E+00  0.0000000E+00
  0.0000000E+00  0.0000000E+00
  0.0000000E+00  0.0000000E+00
  0.0000000E+00  0.0000000E+00
  0.0000000E+00  0.0000000E+00
  0.0000000E+00  0.0000000E+00
  0.0000000E+00  0.0000000E+00
  0.0000000E+00  0.0000000E+00
  0.0000000E+00  0.0000000E+00
  0.0000000E+00  0.0000000E+00
  0.0000000E+00  0.0000000E+00
  0.0000000E+00  0.0000000E+00
  0.0000000E+00  0.0000000E+00
  0.0000000E+00  0.0000000E+00
  0.0000000E+00  0.0000000E+00
  0.0000000E+00  0.0000000E+00
  0.0000000E+00  0.0000000E+00
  0.0000000E+00  0.0000000E+00
  0.0000000E+00  0.0000000E+00
  0.0000000E+00  0.0000000E+00
  0.0000000E+00  0.0000000E+00
  0.0000000E+00  0.0000000E+00
  0.0000000E+00  0.0000000E+00
  0.0000000E+00  0.0000000E+00
  0.0000000E+00  0.0000000E+00
  0.0000000E+00  0.0000000E+00
  0.0000000E+00  0.0000000E+00
  0.0000000E+00  0.0000000E+00
  0.0000000E+00  0.0000000E+00
  0.0000000E+00  0.0000000E+00
  0.0000000E+00  0.0000000E+00
  0.0000000E+00  0.0000000E+00
  0.0000000E+00  0.0000000E+00
  0.0000000E+00  0.0000000E+00
  0.0000000E+00  0.0000000E+00
  0.0000000E+00  0.0000000E+00
  0.0000000E+00  0.0000000E+00
  0.0000000E+00  0.0000000E+00
  0.0000000E+00  0.0000000E+00
  0.0000000E+00  0.0000000E+00
  0.0000000E+00  0.0000000E+00
  0.0000000E+00  0.0000000E+00
  0.0000000E+00  0.0000000E+00
  0.0000000E+00  0.0000000E+00
  0.0000000E+00  0.0000000E+00
  0.0000000E+00  0.0000000E+00
  0.0000000E+00  0.0000000E+00
  0.0000000E+00  0.0000000E+00
  0.0000000E+00  0.0000000E+00
  0.0000000E+00  0.0000000E+00
  0.0000000E+00  0.0000000E+00
  0.0000000E+00  0.0000000E+00
  0.0000000E+00  0.0000000E+00
  0.0000000E+00  0.0000000E+00
  0.0000000E+00  0.0000000E+00
  0.0000000E+00  0.0000000E+00
  0.0000000E+00  0.0000000E+00
  0.0000000E+00  0.0000000E+00
  0.0000000E+00  0.0000000E+00
  0.0000000E+00  0.0000000E+00
  0.0000000E+00  0.0000000E+00
  0.0000000E+00  0.0000000E+00
  0.0000000E+00  0.0000000E+00
  0.0000000E+00  0.0000000E+00
  0.0000000E+00  0.0000000E+00
  0.0000000E+00  0.0000000E+00
  0.0000000E+00  0.0000000E+00
  0.0000000E+00  0.0000000E+00
  0.0000000E+00  0.0000000E+00
  0.0000000E+00  0.0000000E+00
  0.0000000E+00  0.0000000E+00
  0.0000000E+00  0.0000000E+00
  0.0000000E+00  0.0000000E+00
  0.0000000E+00  0.0000000E+00
  0.0000000E+00  0.0000000E+00
  0.0000000E+00  0.0000000E+00
  0.0000000E+00  0.0000000E+00
  0.0000000E+00  0.0000000E+00
  0.0000000E+00  0.0000000E+00
  0.0000000E+00  0.0000000E+00
  0.0000000E+00  0.0000000E+00
  0.0000000E+00  0.0000000E+00
  0.0000000E+00  0.0000000E+00
  0.0000000E+00  0.0000000E+00
  0.0000000E+00  0.0000000E+00
  0.0000000E+00  0.0000000E+00
  0.0000000E+00  0.0000000E+00
  0.0000000E+00  0.0000000E+00
  0.0000000E+00  0.0000000E+00
  0.0000000E+00  0.0000000E+00
  0.0000000E+00  0.0000000E+00
  0.0000000E+00  0.0000000E+00
  0.0000000E+00  0.0000000E+00
  0.0000000E+00  0.0000000E+00
  0.0000000E+00  0.0000000E+00
  0.0000000E+00  0.0000000E+00
  0.0000000E+00  0.0000000E+00
  0.0000000E+00  0.0000000E+00
  0.0000000E+00  0.0000000E+00
  0.0000000E+00  0.0000000E+00
  0.0000000E+00  0.0000000E+00
  0.0000000E+00  0.0000000E+00
  0.0000000E+00  0.0000000E+00
  0.0000000E+00  0.0000000E+00
  0.0000000E+00  0.0000000E+00
  0.0000000E+00  0.0000000E+00
  0.0000000E+00  0.0000000E+00
  0.0000000E+00  0.0000000E+00
  0.0000000E+00  0.0000000E+00
  0.0000000E+00  0.0000000E+00
  0.0000000E+00  0.0000000E+00
  0.0000000E+00  0.0000000E+00
  0.0000000E+00  0.0000000E+00
  0.0000000E+00  0.0000000E+00
  0.0000000E+00  0.0000000E+00
  0.0000000E+00  0.0000000E+00
  0.0000000E+00  0.0000000E+00
  0.0000000E+00  0.0000000E+00
  0.0000000E+00  0.0000000E+00
  0.0000000E+00  0.0000000E+00
  0.0000000E+00  0.0000000E+00
  0.0000000E+00  0.0000000E+00
  0.0000000E+00  0.0000000E+00
  0.0000000E+00  0.0000000E+00
  0.0000000E+00  0.0000000E+00
  0.0000000E+00  0.0000000E+00
  0.0000000E+00  0.0000000E+00
  0.0000000E+00  0.0000000E+00
  0.0000000E+00  0.0000000E+00
  0.0000000E+00  0.0000000E+00
  0.0000000E+00  0.0000000E+00
  0.0000000E+00  0.0000000E+00
  0.0000000E+00  0.0000000E+00
  0.0000000E+00  0.0000000E+00
  0.0000000E+00  0.0000000E+00
  0.0000000E+00  0.0000000E+00
  0.0000000E+00  0.0000000E+00
  0.0000000E+00  0.0000000E+00
  0.0000000E+00  0.0000000E+00
  0.0000000E+00  0.0000000E+00
  0.0000000E+00  0.0000000E+00
  0.0000000E+00  0.0000000E+00
  0.0000000E+00  0.0000000E+00
  0.0000000E+00  0.0000000E+00
  0.0000000E+00  0.0000000E+00
  0.0000000E+00  0.0000000E+00
  0.0000000E+00  0.0000000E+00
  0.0000000E+00  0.0000000E+00
  0.0000000E+00  0.0000000E+00
  0.0000000E+00  0.0000000E+00
  0.0000000E+00  0.0000000E+00
  0.0000000E+00  0.0000000E+00
  0.0000000E+00  0.0000000E+00
  0.0000000E+00  0.0000000E+00
  0.0000000E+00  0.0000000E+00
  0.0000000E+00  0.0000000E+00
  0.0000000E+00  0.0000000E+00
  0.0000000E+00  0.0000000E+00
  0.0000000E+00  0.0000000E+00
  0.0000000E+00  0.0000000E+00
  0.0000000E+00  0.0000000E+00
  0.0000000E+00  0.0000000E+00
  0.0000000E+00  0.0000000E+00
  0.0000000E+00  0.0000000E+00
  0.0000000E+00  0.0000000E+00
  0.0000000E+00  0.0000000E+00
  0.0000000E+00  0.0000000E+00
  0.0000000E+00  0.0000000E+00
  0.0000000E+00  0.0000000E+00
  0.0000000E+00  0.0000000E+00
  0.0000000E+00  0.0000000E+00
  0.0000000E+00  0.0000000E+00
  0.0000000E+00  0.0000000E+00
  0.0000000E+00  0.0000000E+00
  0.0000000E+00  0.0000000E+00
  0.0000000E+00  0.0000000E+00
  0.0000000E+00  0.0000000E+00
  0.0000000E+00  0.0000000E+00
  0.0000000E+00  0.0000000E+00
  0.0000000E+00  0.0000000E+00
  0.0000000E+00  0.0000000E+00
  0.0000000E+00  0.0000000E+00
  0.0000000E+00  0.0000000E+00
  0.0000000E+00  0.0000000E+00
  0.0000000E+00  0.0000000E+00
  0.0000000E+00  0.0000000E+00
  0.0000000E+00  0.0000000E+00
  0.0000000E+00  0.0000000E+00
  0.0000000E+00  0.0000000E+00
  0.0000000E+00  0.0000000E+00
  0.0000000E+00  0.0000000E+00
  0.0000000E+00  0.0000000E+00
  0.0000000E+00  0.0000000E+00
  0.0000000E+00  0.0000000E+00
  0.0000000E+00  0.0000000E+00
  0.0000000E+00  0.0000000E+00
  0.0000000E+00  0.0000000E+00
  0.0000000E+00  0.0000000E+00
  0.0000000E+00  0.0000000E+00
  0.0000000E+00  0.0000000E+00
  0.0000000E+00  0.0000000E+00
  0.0000000E+00  0.0000000E+00
  0.0000000E+00  0.0000000E+00
  0.0000000E+00  0.0000000E+00
  0.0000000E+00  0.0000000E+00
  0.0000000E+00  0.0000000E+00
  0.0000000E+00  0.0000000E+00
  0.0000000E+00  0.0000000E+00
  0.0000000E+00  0.0000000E+00
  0.0000000E+00  0.0000000E+00
  0.0000000E+00  0.0000000E+00
  0.0000000E+00  0.0000000E+00
  0.0000000E+00  0.0000000E+00
  0.0000000E+00  0.0000000E+00
  0.0000000E+00  0.0000000E+00
  0.0000000E+00  0.0000000E+00
  0.0000000E+00  0.0000000E+00
  0.0000000E+00  0.0000000E+00
  0.0000000E+00  0.0000000E+00
  0.0000000E+00  0.0000000E+00
  0.0000000E+00  0.0000000E+00
  0.0000000E+00  0.0000000E+00
  0.0000000E+00  0.0000000E+00
  0.0000000E+00  0.0000000E+00
  0.0000000E+00  0.0000000E+00
  0.0000000E+00  0.0000000E+00
  0.0000000E+00  0.0000000E+00
  0.0000000E+00  0.0000000E+00
  0.0000000E+00  0.0000000E+00
  0.0000000E+00  0.0000000E+00
  0.0000000E+00  0.0000000E+00
  0.0000000E+00  0.0000000E+00
  0.0000000E+00  0.0000000E+00
  0.0000000E+00  0.0000000E+00
  0.0000000E+00  0.0000000E+00
  0.0000000E+00  0.0000000E+00
  0.0000000E+00  0.0000000E+00
  0.0000000E+00  0.0000000E+00
  0.0000000E+00  0.0000000E+00
  0.0000000E+00  0.0000000E+00
  0.0000000E+00  0.0000000E+00
  0.0000000E+00  0.0000000E+00
  0.0000000E+00  0.0000000E+00
  0.0000000E+00  0.0000000E+00
  0.0000000E+00  0.0000000E+00
  0.0000000E+00  0.0000000E+00
