 -0.8156555E-03  0.7600450E-06
  0.4161314E-03  0.7187883E-06
 -0.6327321E-03  0.7169763E-06
 -0.2370380E-03  0.7158760E-06
  0.4212371E-03  0.7185738E-06
  0.3273258E-02  0.7214527E-06
 -0.5787254E-03  0.6618226E-06
 -0.1349507E-02  0.7082494E-06
 -0.4871055E-03  0.7105748E-06
 -0.1460158E-03  0.7334778E-06
  0.1850260E-03  0.8675242E-06
 -0.2237829E-04  0.8653649E-06
  0.1308117E-03  0.8647856E-06
 -0.3203967E-03  0.8654886E-06
 -0.5393304E-03  0.8655063E-06
  0.4310378E-04  0.8651998E-06
 -0.2895705E-03  0.8652431E-06
 -0.4414238E-03  0.8635201E-06
  0.2146892E-04  0.8621636E-06
 -0.3205474E-03  0.8628398E-06
 -0.4460628E-03  0.8618640E-06
  0.2092199E-04  0.8609489E-06
 -0.3118611E-03  0.8618208E-06
 -0.4401116E-03  0.8609273E-06
  0.2101336E-04  0.8599875E-06
 -0.3056194E-03  0.8608904E-06
 -0.4413647E-03  0.8600435E-06
  0.1708972E-04  0.8590856E-06
 -0.3071993E-03  0.8600159E-06
 -0.4477056E-03  0.8592839E-06
  0.6860565E-05  0.8583795E-06
 -0.3137801E-03  0.8593840E-06
 -0.4565680E-03  0.8587294E-06
 -0.3462459E-05  0.8578644E-06
 -0.3228864E-03  0.8589623E-06
 -0.4651967E-03  0.8583663E-06
 -0.1009556E-04  0.8575640E-06
 -0.3300982E-03  0.8587710E-06
 -0.4716408E-03  0.8582976E-06
 -0.1345922E-04  0.8575614E-06
 -0.3388704E-03  0.8588905E-06
 -0.4746967E-03  0.8584943E-06
 -0.1541708E-04  0.8577863E-06
 -0.3452331E-03  0.8592381E-06
 -0.4757379E-03  0.8588804E-06
 -0.1500643E-04  0.8582007E-06
 -0.3497009E-03  0.8597208E-06
 -0.4754021E-03  0.8593951E-06
 -0.1008221E-04  0.8586794E-06
 -0.3522081E-03  0.8602148E-06
 -0.4723853E-03  0.8598524E-06
 -0.3622847E-05  0.8590941E-06
 -0.3526971E-03  0.8605877E-06
 -0.4646265E-03  0.8601535E-06
  0.2485192E-05  0.8593331E-06
 -0.3475943E-03  0.8607994E-06
 -0.4583250E-03  0.8602975E-06
  0.1256678E-04  0.8593850E-06
 -0.3387584E-03  0.8607772E-06
 -0.4490867E-03  0.8602220E-06
  0.2280027E-04  0.8591869E-06
 -0.3282854E-03  0.8604728E-06
 -0.4438922E-03  0.8598548E-06
  0.2879047E-04  0.8588277E-06
 -0.3167977E-03  0.8600662E-06
 -0.4377449E-03  0.8593703E-06
  0.2904366E-04  0.8582564E-06
 -0.3096469E-03  0.8594580E-06
 -0.4338295E-03  0.8587361E-06
  0.3158988E-04  0.8575381E-06
 -0.3050927E-03  0.8586806E-06
 -0.4338959E-03  0.8579735E-06
  0.2636529E-04  0.8568660E-06
 -0.3011879E-03  0.8580772E-06
 -0.4334601E-03  0.8574671E-06
  0.2913656E-04  0.8564933E-06
 -0.2838638E-03  0.8578151E-06
 -0.3983134E-03  0.8573800E-06
  0.1196735E-03  0.8564574E-06
 -0.2763170E-04  0.8574004E-06
  0.4394866E-03  0.8558442E-06
  0.1350717E-02  0.8585998E-06
  0.4425048E-03  0.8631845E-06
  0.1463514E-03  0.8640818E-06
  0.4420142E-04  0.8641868E-06
  0.5565272E-05  0.8643938E-06
 -0.8589545E-05  0.8646183E-06
 -0.1402134E-04  0.8648443E-06
 -0.1881046E-04  0.8649884E-06
 -0.2457212E-04  0.8651645E-06
 -0.2890660E-04  0.8653713E-06
 -0.3224979E-04  0.8656182E-06
 -0.3443179E-04  0.8659088E-06
 -0.3796917E-04  0.8661516E-06
 -0.4581079E-04  0.8663982E-06
 -0.6059977E-04  0.8667037E-06
 -0.8196462E-04  0.8670231E-06
 -0.1389295E-03  0.8672466E-06
 -0.3038131E-03  0.8675565E-06
 -0.8361969E-03  0.8684017E-06
 -0.1808607E-02  0.8662503E-06
 -0.9244467E-03  0.8625259E-06
 -0.2340078E-03  0.8625115E-06
 -0.8124780E-04  0.8647506E-06
 -0.1919730E-03  0.8691388E-06
  0.4086247E-04  0.7306323E-06
  0.5232962E-04  0.7067877E-06
  0.3780235E-04  0.7040848E-06
  0.2318854E-04  0.7048652E-06
  0.3473242E-04  0.7030764E-06
  0.1245364E-03  0.7025933E-06
  0.8658182E-03  0.7027525E-06
 -0.6210780E-03  0.7048459E-06
  0.8356908E-03  0.7063688E-06
  0.1093976E-02  0.7520023E-06
  0.3334987E-02  0.7497036E-06
 -0.3676887E-02  0.6682560E-06
  0.7535264E-03  0.6956715E-06
  0.4488862E-03  0.6749746E-06
  0.2264681E-03  0.6506144E-06
  0.1070000E-03  0.6247598E-06
  0.1764122E-04  0.5994182E-06
 -0.1323728E-03  0.5761332E-06
 -0.1457555E-03  0.5561649E-06
 -0.1804292E-04  0.5401919E-06
 -0.3192878E-04  0.5288641E-06
 -0.5546275E-04  0.5228096E-06
 -0.6343809E-04  0.5222547E-06
 -0.3785211E-04  0.5271362E-06
 -0.5317558E-05  0.5372486E-06
  0.2928077E-04  0.5520697E-06
  0.5785855E-04  0.5710928E-06
  0.7254769E-04  0.5935211E-06
  0.6855781E-04  0.6184154E-06
  0.5286379E-04  0.6447015E-06
 -0.5219818E-05  0.6711135E-06
 -0.9745656E-04  0.6962172E-06
 -0.1112733E-03  0.7189940E-06
  0.1712206E-04  0.7390622E-06
 -0.4217814E-04  0.7552015E-06
 -0.1807529E-03  0.7659025E-06
 -0.3847167E-03  0.7704411E-06
 -0.7546280E-03  0.7683824E-06
  0.1011635E-01  0.6801141E-06
 -0.8331970E-02  0.7097331E-06
 -0.5483565E-03  0.7088490E-06
 -0.7231059E-03  0.7160228E-06
 -0.2119466E-02  0.7193174E-06
 -0.9140997E-04  0.7085766E-06
 -0.5779712E-02  0.6758567E-06
  0.5843683E-04  0.7324293E-06
 -0.1038424E-03  0.7325492E-06
 -0.1612255E-03  0.7324036E-06
 -0.2516971E-03  0.7326441E-06
  0.1362690E-03  0.7328468E-06
 -0.6167004E-05  0.7322178E-06
 -0.7830754E-04  0.7314763E-06
 -0.7026275E-04  0.7307905E-06
 -0.1011349E-03  0.7302764E-06
 -0.8808763E-04  0.7297157E-06
 -0.7456997E-04  0.7290474E-06
 -0.9591120E-04  0.7284036E-06
 -0.8307159E-04  0.7276857E-06
 -0.7045475E-04  0.7268132E-06
 -0.8690502E-04  0.7259719E-06
 -0.7621665E-04  0.7250540E-06
 -0.6698296E-04  0.7240059E-06
 -0.9328339E-04  0.7230284E-06
 -0.7661460E-04  0.7219955E-06
 -0.7049996E-04  0.7208499E-06
 -0.1057809E-03  0.7197556E-06
 -0.9330995E-04  0.7186359E-06
 -0.8290519E-04  0.7173700E-06
 -0.1172804E-03  0.7161938E-06
 -0.9616447E-04  0.7149725E-06
 -0.8451174E-04  0.7136536E-06
 -0.1158096E-03  0.7124260E-06
 -0.9736060E-04  0.7112052E-06
 -0.8529522E-04  0.7098901E-06
 -0.1159773E-03  0.7086909E-06
 -0.9908486E-04  0.7075071E-06
 -0.8531063E-04  0.7062449E-06
 -0.1153571E-03  0.7051233E-06
 -0.9807126E-04  0.7040156E-06
 -0.8558564E-04  0.7028264E-06
 -0.1146882E-03  0.7018171E-06
 -0.9634742E-04  0.7008096E-06
 -0.8353195E-04  0.6997489E-06
 -0.1128488E-03  0.6988402E-06
 -0.9518251E-04  0.6979518E-06
 -0.8098197E-04  0.6969959E-06
 -0.1076035E-03  0.6961940E-06
 -0.9691202E-04  0.6954662E-06
 -0.8131107E-04  0.6947054E-06
 -0.1051280E-03  0.6941560E-06
 -0.9418127E-04  0.6936165E-06
 -0.7848887E-04  0.6930233E-06
 -0.1012300E-03  0.6926180E-06
 -0.8604699E-04  0.6922888E-06
 -0.6784192E-04  0.6918763E-06
 -0.1064455E-03  0.6916889E-06
 -0.9713584E-04  0.6916197E-06
 -0.5789717E-04  0.6915295E-06
 -0.8651351E-04  0.6915897E-06
 -0.8326638E-04  0.6916949E-06
 -0.5748210E-04  0.6917793E-06
 -0.7878939E-04  0.6920134E-06
 -0.6901553E-04  0.6922947E-06
 -0.5572406E-04  0.6925618E-06
 -0.8398001E-04  0.6930239E-06
 -0.7708686E-04  0.6935745E-06
 -0.6177233E-04  0.6941069E-06
 -0.8401522E-04  0.6948537E-06
 -0.7410562E-04  0.6956653E-06
 -0.5925378E-04  0.6964731E-06
 -0.7636996E-04  0.6975054E-06
 -0.4277072E-04  0.6985473E-06
  0.2790395E-06  0.6995626E-06
  0.3233014E-04  0.7007152E-06
  0.1261575E-03  0.7020713E-06
  0.1632523E-03  0.7039792E-06
  0.1000793E-03  0.7060501E-06
  0.4180520E-04  0.7077334E-06
  0.8153384E-05  0.7092211E-06
  0.3025106E-05  0.7106793E-06
  0.1563743E-04  0.7120272E-06
  0.1692751E-04  0.7133131E-06
  0.8457071E-05  0.7145990E-06
 -0.3627351E-05  0.7158966E-06
 -0.1367768E-04  0.7172250E-06
 -0.1435805E-04  0.7185568E-06
 -0.1240422E-04  0.7198627E-06
 -0.1838128E-04  0.7211102E-06
 -0.4126128E-04  0.7223612E-06
 -0.5885463E-04  0.7236026E-06
 -0.5009739E-04  0.7248238E-06
 -0.7096717E-04  0.7258824E-06
 -0.1426769E-03  0.7267731E-06
 -0.2461028E-03  0.7274178E-06
 -0.2679999E-03  0.7275755E-06
 -0.1853163E-03  0.7276777E-06
 -0.9086698E-04  0.7282375E-06
 -0.6202403E-04  0.7293583E-06
  0.1872962E-04  0.7067713E-06
  0.2851646E-02  0.6983661E-06
  0.1467573E-04  0.7044434E-06
  0.4841178E-05  0.7057878E-06
  0.4580686E-04  0.7063021E-06
  0.2051070E-03  0.7060325E-06
 -0.4660189E-04  0.7060193E-06
 -0.9033207E-04  0.6550545E-06
  0.3550600E-02  0.6998593E-06
  0.1704575E-03  0.6392268E-06
  0.6483710E-02  0.6898985E-06
  0.4025034E-03  0.6693339E-06
  0.7229285E-04  0.6218954E-06
  0.2028447E-04  0.6046282E-06
 -0.2234362E-03  0.5891844E-06
 -0.2284429E-03  0.5764567E-06
  0.1927680E-03  0.5659203E-06
  0.9661291E-04  0.5580454E-06
  0.1177077E-05  0.5539111E-06
 -0.6339262E-04  0.5535571E-06
 -0.3712021E-04  0.5568809E-06
 -0.1107246E-04  0.5637048E-06
  0.2216070E-04  0.5736952E-06
  0.6057802E-04  0.5864211E-06
  0.7640257E-04  0.6013107E-06
  0.7004986E-04  0.6178246E-06
  0.2365032E-04  0.6352713E-06
 -0.1018036E-03  0.6526814E-06
 -0.2169991E-03  0.6690849E-06
 -0.2460870E-03  0.6844730E-06
  0.1956417E-03  0.6986263E-06
  0.1584060E-04  0.7093181E-06
 -0.2028799E-03  0.7163642E-06
 -0.5337504E-03  0.7199364E-06
 -0.1570743E-02  0.7224013E-06
  0.1386336E-01  0.7035604E-06
  0.6418991E-02  0.7265893E-06
 -0.2257581E-03  0.7081933E-06
 -0.3418096E-02  0.7316567E-06
 -0.4753044E-02  0.7100339E-06
 -0.3260453E-03  0.7189988E-06
  0.1049555E-03  0.7091449E-06
  0.1937519E-02  0.7141744E-06
  0.1693097E-03  0.7108181E-06
 -0.4243208E-04  0.7101215E-06
  0.1713764E-04  0.7095838E-06
 -0.6780478E-05  0.7091149E-06
 -0.4021000E-04  0.7085075E-06
 -0.5076342E-04  0.7077639E-06
 -0.3615102E-04  0.7069673E-06
 -0.3811324E-04  0.7060657E-06
 -0.3525430E-04  0.7050835E-06
 -0.1305670E-04  0.7039608E-06
 -0.2935894E-04  0.7027751E-06
 -0.4149472E-04  0.7014988E-06
 -0.6554366E-05  0.7001813E-06
  0.3229748E-05  0.6988375E-06
 -0.2634385E-04  0.6974576E-06
 -0.4700874E-04  0.6959909E-06
 -0.4520001E-04  0.6944841E-06
 -0.6179167E-04  0.6929042E-06
 -0.6090156E-04  0.6912604E-06
 -0.3047255E-04  0.6895543E-06
 -0.4381692E-04  0.6878681E-06
 -0.4732198E-04  0.6861209E-06
 -0.2182108E-04  0.6843483E-06
 -0.3745725E-04  0.6826379E-06
 -0.4329954E-04  0.6808851E-06
 -0.1925443E-04  0.6791580E-06
 -0.3244981E-04  0.6774735E-06
 -0.4102434E-04  0.6757856E-06
 -0.1779494E-04  0.6741474E-06
 -0.2877914E-04  0.6725707E-06
 -0.3988756E-04  0.6710019E-06
 -0.1676816E-04  0.6694809E-06
 -0.2696681E-04  0.6680664E-06
 -0.3896633E-04  0.6666622E-06
 -0.1647693E-04  0.6653222E-06
 -0.1788285E-04  0.6640842E-06
 -0.3909088E-04  0.6628451E-06
 -0.5378266E-04  0.6617401E-06
  0.6881014E-05  0.6608832E-06
 -0.1703689E-04  0.6600816E-06
 -0.5033061E-04  0.6592860E-06
 -0.3427902E-04  0.6585869E-06
 -0.3015320E-04  0.6580147E-06
 -0.3745324E-04  0.6575419E-06
 -0.4279470E-04  0.6572141E-06
 -0.9516835E-04  0.6569369E-06
 -0.1087263E-03  0.6567864E-06
  0.2965796E-04  0.6569366E-06
 -0.1175785E-05  0.6571042E-06
 -0.3908720E-04  0.6572801E-06
  0.2853881E-04  0.6576219E-06
  0.1539290E-04  0.6580048E-06
 -0.1335050E-04  0.6584539E-06
 -0.5207784E-05  0.6590634E-06
 -0.2701792E-04  0.6597738E-06
 -0.3790794E-04  0.6605858E-06
 -0.7577271E-05  0.6615454E-06
 -0.9548422E-05  0.6625852E-06
 -0.3400968E-04  0.6637338E-06
 -0.2677822E-04  0.6650569E-06
 -0.8325147E-06  0.6664404E-06
  0.5280227E-05  0.6678720E-06
 -0.1067179E-04  0.6693643E-06
 -0.1178260E-04  0.6709292E-06
  0.1555363E-04  0.6726370E-06
  0.3571408E-05  0.6745486E-06
 -0.3730717E-04  0.6764751E-06
 -0.1354418E-04  0.6784140E-06
 -0.1547512E-04  0.6802809E-06
  0.2690276E-04  0.6821321E-06
  0.9287380E-04  0.6838286E-06
  0.8791202E-04  0.6855478E-06
  0.5055562E-04  0.6873209E-06
  0.2848604E-05  0.6890529E-06
 -0.1677922E-04  0.6907561E-06
  0.3592877E-05  0.6924396E-06
  0.5358794E-05  0.6941512E-06
 -0.2916619E-04  0.6957884E-06
 -0.9773583E-04  0.6973161E-06
 -0.1182935E-03  0.6987312E-06
  0.4145985E-04  0.7002208E-06
  0.4648494E-04  0.7016196E-06
 -0.5563894E-04  0.7028071E-06
 -0.7763835E-04  0.7038063E-06
  0.4083664E-04  0.7045865E-06
  0.4751225E-06  0.7054253E-06
 -0.7213638E-04  0.7063688E-06
 -0.2071282E-04  0.6484022E-06
  0.4139621E-03  0.6704816E-06
  0.5195460E-04  0.7057841E-06
  0.1112722E-03  0.7061400E-06
 -0.3540143E-04  0.7169903E-06
  0.7080469E-03  0.7047318E-06
  0.3212204E-02  0.7041731E-06
  0.1576159E-02  0.6874620E-06
 -0.1309456E-03  0.6348065E-06
  0.1547878E-03  0.6206578E-06
  0.3142649E-04  0.7040937E-06
 -0.4383761E-03  0.6083333E-06
 -0.5878738E-03  0.5991105E-06
  0.9623172E-03  0.5905088E-06
  0.4460529E-03  0.5832829E-06
  0.1459070E-03  0.5796155E-06
 -0.8578810E-04  0.5791493E-06
 -0.3392536E-04  0.5818045E-06
 -0.5794528E-04  0.5873825E-06
 -0.6628948E-04  0.5957652E-06
 -0.3314094E-05  0.6061951E-06
  0.1355374E-04  0.6182033E-06
 -0.3580188E-05  0.6314108E-06
 -0.8210214E-04  0.6453439E-06
 -0.2057362E-03  0.6590067E-06
 -0.3389939E-03  0.6718356E-06
 -0.7430348E-03  0.6846711E-06
  0.9331460E-03  0.6969914E-06
  0.2307891E-03  0.7050088E-06
 -0.1059588E-04  0.7105057E-06
 -0.3357305E-03  0.7147129E-06
 -0.7414949E-03  0.6586444E-06
 -0.1664999E-03  0.7102597E-06
  0.8465645E-03  0.7100581E-06
 -0.5785591E-03  0.7087481E-06
  0.5023890E-03  0.6802339E-06
  0.4288195E-03  0.7173605E-06
 -0.8106983E-03  0.7161468E-06
  0.3003729E-03  0.7103575E-06
 -0.1860275E-03  0.7085915E-06
 -0.6625651E-04  0.7066435E-06
 -0.1100496E-03  0.7055444E-06
  0.3358183E-05  0.7046416E-06
 -0.2307638E-04  0.7036793E-06
 -0.6123817E-04  0.7024236E-06
  0.3341387E-04  0.7011190E-06
 -0.4600917E-04  0.6997840E-06
 -0.7238817E-04  0.6980620E-06
  0.8651782E-04  0.6965454E-06
  0.1142234E-03  0.6951375E-06
  0.3469221E-04  0.6936443E-06
 -0.1017673E-03  0.6918990E-06
 -0.5183051E-04  0.6901751E-06
 -0.7867732E-04  0.6882801E-06
 -0.9773864E-04  0.6862201E-06
  0.1950210E-04  0.6842378E-06
 -0.1487534E-04  0.6823152E-06
 -0.6230650E-04  0.6801510E-06
  0.4259394E-04  0.6780609E-06
 -0.5212185E-05  0.6761315E-06
 -0.5572999E-04  0.6739231E-06
  0.5250915E-04  0.6718845E-06
 -0.2380216E-05  0.6699755E-06
 -0.5054026E-04  0.6678654E-06
  0.5675093E-04  0.6659178E-06
  0.7819323E-06  0.6641331E-06
 -0.4887508E-04  0.6621622E-06
  0.5788198E-04  0.6603560E-06
 -0.6281779E-06  0.6587242E-06
 -0.4803522E-04  0.6569618E-06
  0.6299929E-04  0.6553735E-06
 -0.7950682E-06  0.6539873E-06
 -0.9458132E-04  0.6523563E-06
 -0.1136165E-03  0.6508913E-06
  0.2417467E-03  0.6501052E-06
  0.6013423E-04  0.6494245E-06
 -0.1033822E-03  0.6484110E-06
  0.1318618E-04  0.6475321E-06
 -0.1937653E-04  0.6468705E-06
 -0.1091861E-03  0.6462855E-06
 -0.7550932E-04  0.6459657E-06
 -0.2275824E-03  0.6456989E-06
 -0.2999222E-03  0.6451390E-06
  0.3091056E-03  0.6454437E-06
  0.9258041E-04  0.6460421E-06
 -0.9009542E-04  0.6460210E-06
  0.2147822E-03  0.6465718E-06
  0.7749304E-04  0.6472184E-06
 -0.4450609E-04  0.6477221E-06
  0.2874745E-04  0.6484462E-06
 -0.3062252E-04  0.6493747E-06
 -0.5848543E-04  0.6503211E-06
  0.7713107E-04  0.6514204E-06
  0.3893205E-04  0.6527759E-06
 -0.8803717E-04  0.6541228E-06
  0.1186387E-04  0.6558100E-06
  0.5002222E-04  0.6575534E-06
 -0.4834123E-05  0.6592715E-06
 -0.1032106E-03  0.6610063E-06
 -0.1303749E-03  0.6626372E-06
 -0.7160063E-05  0.6646437E-06
 -0.5436682E-04  0.6668055E-06
 -0.1842276E-03  0.6686554E-06
  0.2749123E-04  0.6709722E-06
 -0.5042740E-04  0.6727696E-06
  0.8076374E-04  0.6751038E-06
  0.3010008E-03  0.6768004E-06
  0.2107382E-03  0.6791452E-06
  0.7612251E-04  0.6815447E-06
 -0.3670647E-04  0.6835595E-06
 -0.7815928E-04  0.6853814E-06
  0.4643831E-04  0.6873698E-06
  0.7363808E-05  0.6895226E-06
 -0.8648939E-04  0.6914990E-06
 -0.2847058E-03  0.6930420E-06
 -0.2863419E-03  0.6939464E-06
  0.3720240E-03  0.6954707E-06
  0.2759045E-03  0.6977431E-06
 -0.1921419E-03  0.6991880E-06
 -0.1897965E-03  0.7003296E-06
  0.3947197E-03  0.7010181E-06
  0.1723335E-03  0.7030584E-06
 -0.8961384E-03  0.6267762E-06
  0.9874098E-03  0.6380014E-06
  0.1150983E-01  0.7039881E-06
  0.9967186E-04  0.6801860E-06
 -0.5870026E-03  0.6600470E-06
  0.3367240E-03  0.7129366E-06
 -0.4433469E-03  0.7090382E-06
 -0.1738529E-03  0.7049530E-06
  0.9640426E-03  0.6421839E-06
 -0.2315297E-02  0.6216078E-06
  0.1882457E-03  0.7074520E-06
 -0.8781159E-03  0.6503269E-06
 -0.4368304E-02  0.7171818E-06
 -0.2093388E-03  0.7115188E-06
  0.9967355E-03  0.6052908E-06
  0.3676666E-03  0.6015812E-06
 -0.2544630E-03  0.6009724E-06
  0.3730919E-04  0.6033559E-06
 -0.1815335E-03  0.6081466E-06
 -0.3016402E-03  0.6159215E-06
 -0.1275057E-03  0.6251195E-06
 -0.9459708E-04  0.6353724E-06
 -0.1047381E-03  0.6465236E-06
 -0.1516083E-03  0.6581778E-06
 -0.1999706E-03  0.6694482E-06
 -0.1536971E-03  0.6799295E-06
 -0.2577510E-02  0.6919207E-06
  0.4617114E-02  0.7045851E-06
  0.5613609E-03  0.7084862E-06
  0.5338916E-03  0.7124863E-06
 -0.5241211E-02  0.6700701E-06
  0.5662761E-03  0.7061289E-06
  0.8611874E-04  0.7073895E-06
  0.9232775E-03  0.7000310E-06
 -0.2053102E-02  0.6338452E-06
  0.3936560E-02  0.6139090E-06
  0.1138384E-02  0.7019444E-06
 -0.2124021E-02  0.7170487E-06
 -0.1997987E-03  0.7125963E-06
  0.2120265E-02  0.7011573E-06
 -0.1436157E-02  0.7000492E-06
 -0.6277234E-02  0.7007176E-06
 -0.1026465E-02  0.7100468E-06
  0.2249841E-02  0.6677966E-06
 -0.1896635E-03  0.7086604E-06
 -0.4497858E-03  0.7065620E-06
 -0.2964271E-03  0.7028967E-06
  0.2691633E-03  0.7014729E-06
 -0.1255981E-03  0.7003741E-06
 -0.3169256E-03  0.6975022E-06
  0.3035580E-03  0.6958008E-06
  0.5077580E-03  0.6949729E-06
  0.1988411E-03  0.6936863E-06
 -0.5146493E-03  0.6912463E-06
  0.9040566E-04  0.6895257E-06
 -0.1674911E-03  0.6874848E-06
 -0.3365185E-03  0.6845277E-06
  0.2988456E-03  0.6824442E-06
  0.9157672E-05  0.6808264E-06
 -0.3118836E-03  0.6778001E-06
  0.3240167E-03  0.6755344E-06
  0.1980568E-04  0.6738722E-06
 -0.3077872E-03  0.6708360E-06
  0.3261211E-03  0.6685843E-06
  0.2098419E-04  0.6669303E-06
 -0.2959528E-03  0.6639889E-06
  0.3269198E-03  0.6618452E-06
  0.2376960E-04  0.6602891E-06
 -0.2867278E-03  0.6575741E-06
  0.3222950E-03  0.6555693E-06
  0.1822244E-04  0.6541413E-06
 -0.2783665E-03  0.6516673E-06
  0.3293879E-03  0.6499611E-06
 -0.6572380E-04  0.6490362E-06
 -0.3311205E-03  0.6464537E-06
 -0.4309874E-03  0.6437213E-06
  0.1080135E-02  0.6435884E-06
  0.2103261E-03  0.6442571E-06
 -0.4346239E-03  0.6421121E-06
  0.2867542E-03  0.6409842E-06
 -0.9770640E-04  0.6407592E-06
 -0.4325004E-03  0.6395442E-06
  0.1488906E-03  0.6395895E-06
 -0.5897776E-03  0.6401673E-06
 -0.1900884E-03  0.6365802E-06
  0.1037569E-02  0.6374011E-06
  0.2464508E-03  0.6408447E-06
 -0.5793702E-03  0.6388560E-06
  0.8821988E-03  0.6399994E-06
  0.5730674E-04  0.6417170E-06
 -0.3836325E-03  0.6415111E-06
  0.2448181E-03  0.6423292E-06
 -0.4864990E-04  0.6437654E-06
 -0.2502782E-03  0.6444102E-06
  0.3923675E-03  0.6454033E-06
  0.2171176E-03  0.6476171E-06
 -0.4190363E-03  0.6486608E-06
  0.1295742E-03  0.6508687E-06
  0.1470280E-03  0.6532841E-06
 -0.1950888E-04  0.6551691E-06
 -0.3339817E-03  0.6570454E-06
 -0.3412964E-03  0.6582484E-06
  0.2816501E-03  0.6606920E-06
  0.4611922E-04  0.6636810E-06
 -0.5375589E-03  0.6646010E-06
  0.6692201E-03  0.6681792E-06
 -0.2627556E-03  0.6688136E-06
  0.8993578E-04  0.6722954E-06
  0.4272371E-03  0.6726584E-06
  0.3459819E-03  0.6770409E-06
  0.9811610E-04  0.6803315E-06
 -0.2049209E-03  0.6822862E-06
 -0.3300735E-03  0.6836656E-06
  0.2851649E-03  0.6860494E-06
 -0.3442672E-04  0.6891474E-06
 -0.1113705E-03  0.6916800E-06
 -0.6597981E-03  0.6932376E-06
 -0.1374568E-03  0.6909856E-06
  0.6520509E-03  0.6922554E-06
  0.1488857E-02  0.6985749E-06
 -0.1063872E-02  0.6997194E-06
 -0.8486224E-03  0.6992649E-06
  0.2275095E-03  0.7094771E-06
  0.5693010E-03  0.7077972E-06
  0.3106238E-02  0.7134212E-06
  0.4161750E-03  0.6237463E-06
 -0.2953797E-02  0.6967623E-06
  0.1380352E-03  0.6748036E-06
 -0.5658104E-02  0.6419965E-06
  0.1223562E-02  0.7037302E-06
 -0.6878585E-02  0.7026304E-06
 -0.9881996E-03  0.6440209E-06
  0.3349718E-03  0.7142524E-06
  0.3827269E-02  0.7228732E-06
  0.5750310E-03  0.6258256E-06
  0.7545158E-03  0.6210230E-06
 -0.5016605E-03  0.6284467E-06
 -0.7546349E-03  0.6355043E-06
 -0.2021511E-03  0.6434939E-06
 -0.1402119E-03  0.6521748E-06
 -0.1303230E-03  0.6616548E-06
 -0.1379032E-03  0.6715121E-06
 -0.1160613E-03  0.6808485E-06
  0.1869625E-02  0.6885284E-06
 -0.6772852E-02  0.6966217E-06
 -0.2629943E-02  0.7219886E-06
 -0.1948508E-03  0.7160137E-06
  0.1590756E-02  0.7165963E-06
  0.7600670E-03  0.6902578E-06
  0.2375607E-03  0.7055806E-06
 -0.9633260E-03  0.6204854E-06
 -0.9743525E-05  0.7049984E-06
  0.3072541E-02  0.7236803E-06
  0.1766220E-02  0.7140594E-06
 -0.8839784E-04  0.6994630E-06
  0.4308462E-03  0.6966163E-06
 -0.7597515E-03  0.7113678E-06
  0.1152362E-02  0.6633063E-06
 -0.1176563E-01  0.7024769E-06
 -0.3882157E-02  0.6797600E-06
 -0.3110629E-02  0.6430910E-06
 -0.7421121E-03  0.7018284E-06
 -0.7773940E-03  0.7042829E-06
 -0.8546124E-03  0.7003969E-06
  0.1167122E-02  0.6993602E-06
 -0.2039271E-03  0.6924034E-06
  0.2014196E-02  0.6942630E-06
  0.1857783E-02  0.6929749E-06
 -0.2127988E-02  0.6874478E-06
  0.8808537E-03  0.6873506E-06
 -0.5714381E-03  0.6872046E-06
 -0.5627649E-03  0.6804215E-06
  0.1028798E-02  0.6786766E-06
  0.5960854E-04  0.6806555E-06
 -0.9247827E-03  0.6731416E-06
  0.9773880E-03  0.6708589E-06
  0.8536815E-04  0.6729973E-06
 -0.9668146E-03  0.6654437E-06
  0.9813975E-03  0.6632119E-06
  0.7312813E-04  0.6652751E-06
 -0.9617244E-03  0.6579166E-06
  0.9895141E-03  0.6557963E-06
  0.7143545E-04  0.6578762E-06
 -0.9536304E-03  0.6507799E-06
  0.9981644E-03  0.6488584E-06
  0.6871825E-04  0.6509835E-06
 -0.9548152E-03  0.6442443E-06
  0.1108536E-02  0.6426243E-06
 -0.3320751E-03  0.6460933E-06
 -0.1667080E-02  0.6399630E-06
  0.2077046E-02  0.6394571E-06
 -0.1231991E-02  0.6326989E-06
  0.1224405E-02  0.6320555E-06
 -0.3114434E-03  0.6359032E-06
 -0.7644247E-03  0.6302328E-06
  0.1516973E-02  0.6310730E-06
 -0.4228992E-02  0.6426910E-06
 -0.2211487E-04  0.6456036E-06
  0.3450883E-02  0.6381102E-06
 -0.3986937E-03  0.6381115E-06
 -0.1058454E-02  0.6329600E-06
  0.1008967E-02  0.6345022E-06
 -0.1228475E-03  0.6394235E-06
 -0.9247016E-03  0.6369572E-06
  0.7515104E-03  0.6365275E-06
  0.2420961E-02  0.6436601E-06
 -0.1283233E-02  0.6403399E-06
  0.4602037E-03  0.6441674E-06
  0.6028121E-03  0.6497066E-06
  0.2086822E-03  0.6506809E-06
 -0.1076742E-02  0.6540659E-06
 -0.9994779E-05  0.6516883E-06
  0.1235430E-02  0.6549673E-06
 -0.5621498E-03  0.6640450E-06
  0.2184698E-03  0.7129136E-06
  0.1983172E-02  0.6707593E-06
  0.1398330E-02  0.6758933E-06
  0.4274023E-03  0.6802393E-06
 -0.4549383E-03  0.6806731E-06
 -0.3761452E-03  0.6792993E-06
  0.1086894E-02  0.6823881E-06
 -0.2792982E-03  0.6888574E-06
  0.4833616E-03  0.6910806E-06
 -0.3371139E-02  0.6967761E-06
  0.6354970E-02  0.6396550E-06
  0.1153024E-02  0.7040704E-06
 -0.7402970E-03  0.6509720E-06
 -0.2018851E-02  0.7085542E-06
  0.8416491E-03  0.6921240E-06
 -0.1356572E-02  0.6453442E-06
 -0.4823315E-02  0.7204966E-06
  0.4126429E-02  0.6411425E-06
  0.9786724E-03  0.6619296E-06
  0.1729822E-02  0.7007536E-06
 -0.1776705E-03  0.7073491E-06
  0.2058140E-03  0.6656100E-06
  0.9165934E-04  0.6732229E-06
  0.1255934E-03  0.6812663E-06
  0.2889629E-03  0.6896650E-06
  0.2419469E-03  0.6965452E-06
 -0.3238132E-02  0.6947378E-06
 -0.4070894E-02  0.6919731E-06
 -0.8074643E-02  0.7257882E-06
 -0.1639897E-02  0.7263264E-06
  0.2146603E-02  0.7090038E-06
  0.6573913E-02  0.6545263E-06
 -0.4603490E-03  0.6935685E-06
 -0.3240299E-02  0.6586459E-06
 -0.6326424E-02  0.6585871E-06
  0.4912025E-03  0.6736244E-06
  0.4493986E-02  0.6614599E-06
 -0.4426929E-02  0.6458911E-06
  0.1005337E-02  0.6991252E-06
 -0.7377188E-03  0.6337507E-06
 -0.1520369E-02  0.7066122E-06
  0.2466380E-02  0.6935683E-06
  0.1052789E-02  0.6983054E-06
 -0.4093651E-02  0.7061456E-06
 -0.1044785E-01  0.7220977E-06
  0.1505015E-02  0.6943989E-06
  0.5004210E-03  0.7105240E-06
 -0.3982160E-02  0.6952793E-06
  0.5876638E-02  0.7019920E-06
  0.1803651E-03  0.7027270E-06
 -0.7709531E-03  0.6338379E-06
  0.1403492E-01  0.7042017E-06
  0.3708751E-02  0.6465314E-06
  0.2224826E-02  0.6513945E-06
 -0.4541083E-02  0.6277401E-06
 -0.5142301E-03  0.6558813E-06
  0.4213115E-03  0.6258390E-06
  0.8118191E-02  0.6552630E-06
  0.5099841E-03  0.7068833E-06
 -0.4934289E-02  0.6341248E-06
  0.7405900E-02  0.6930317E-06
 -0.6255260E-03  0.6246398E-06
  0.1694171E-02  0.7002079E-06
  0.4487305E-03  0.6383783E-06
  0.2069198E-02  0.6296990E-06
  0.2393844E-02  0.7060800E-06
  0.1931487E-02  0.6792279E-06
  0.4404247E-03  0.6456509E-06
  0.2814934E-03  0.6533237E-06
  0.1453845E-03  0.6614655E-06
  0.2458160E-04  0.6699533E-06
  0.9273193E-03  0.6788929E-06
  0.8113708E-02  0.6951314E-06
  0.1377426E-02  0.6670662E-06
 -0.1609419E-02  0.6944793E-06
  0.1813723E-02  0.6352373E-06
 -0.5692410E-02  0.6372929E-06
 -0.1327362E-01  0.6911639E-06
 -0.1215742E-02  0.6642629E-06
  0.6080906E-02  0.6190974E-06
  0.3407532E-03  0.3096808E-06
  0.1112155E-03  0.1357415E-06
  0.5661166E-04  0.8612307E-07
  0.3591182E-04  0.6850564E-07
  0.2595000E-04  0.6340875E-07
  0.2029389E-04  0.6364800E-07
  0.1678476E-04  0.6608742E-07
  0.1416776E-04  0.6931619E-07
  0.1221018E-04  0.7259526E-07
  0.1075517E-04  0.7556330E-07
  0.9469841E-05  0.7807736E-07
  0.8371298E-05  0.8013871E-07
  0.7482676E-05  0.8175518E-07
  0.8521077E-05  0.8297211E-07
  0.6864286E-05  0.8383041E-07
  0.6048142E-05  0.8441992E-07
  0.5606482E-05  0.8484694E-07
  0.5172284E-05  0.8533252E-07
  0.4748450E-05  0.8626282E-07
  0.4332438E-05  0.8853228E-07
  0.3794993E-05  0.7664869E-07
  0.2981100E-05  0.6140880E-07
  0.2268845E-05  0.4347709E-07
  0.7780826E-06  0.2363636E-07
 -0.3996485E-06  0.2770002E-08
  0.7303677E-06 -0.1820468E-07
  0.3130259E-05 -0.3835230E-07
 -0.1206006E-05 -0.5681043E-07
 -0.3891015E-05 -0.7276940E-07
 -0.4608192E-05 -0.8552713E-07
 -0.4504319E-05 -0.9453389E-07
 -0.4104427E-05 -0.9939504E-07
 -0.3607629E-05 -0.9990767E-07
 -0.3406785E-05 -0.9605410E-07
 -0.2802284E-05 -0.8800673E-07
 -0.2395332E-05 -0.7612120E-07
 -0.1791209E-05 -0.6091727E-07
 -0.1292262E-05 -0.4305836E-07
 -0.6948039E-06 -0.2332029E-07
 -0.1883979E-06 -0.2559866E-08
  0.5399509E-06  0.1832431E-07
  0.1237690E-05  0.3842553E-07
  0.1746007E-05  0.5687012E-07
  0.2049095E-05  0.7285158E-07
  0.2341671E-05  0.8566916E-07
  0.2919597E-05  0.9475791E-07
  0.3310261E-05  0.9971596E-07
  0.3884760E-05  0.1003219E-06
  0.3812569E-05  0.9654236E-07
  0.4303071E-05  0.9419850E-07
  0.5075504E-05  0.9332160E-07
  0.5797040E-05  0.9294993E-07
  0.6491186E-05  0.9265910E-07
  0.7134426E-05  0.9221602E-07
  0.7684299E-05  0.9150328E-07
  0.8299899E-05  0.9044462E-07
  0.8840201E-05  0.8898224E-07
  0.9661130E-05  0.8707466E-07
  0.1081816E-04  0.8471680E-07
  0.1214585E-04  0.8191147E-07
  0.1367250E-04  0.7880088E-07
  0.1548894E-04  0.7575156E-07
  0.1761513E-04  0.7351458E-07
  0.2027827E-04  0.7348979E-07
  0.2350339E-04  0.7890293E-07
  0.2828013E-04  0.9696799E-07
  0.3400719E-04  0.1473338E-06
  0.4593195E-05  0.3230799E-06
 -0.1096095E-03  0.3296888E-06
 -0.7287368E-04  0.3288610E-06
 -0.1257558E-04  0.3204996E-06
  0.3933297E-04  0.3050859E-06
  0.5047341E-04  0.2832971E-06
 -0.9699999E-06  0.2560896E-06
 -0.3138440E-04  0.2246544E-06
 -0.2609366E-04  0.1904127E-06
 -0.1569590E-04  0.1548959E-06
 -0.1227905E-04  0.1195973E-06
 -0.1602730E-04  0.8602294E-07
 -0.2549561E-04  0.5565244E-07
 -0.3591922E-04  0.2981915E-07
 -0.4144271E-04  0.9605451E-08
 -0.4168224E-04 -0.4093940E-08
 -0.3300439E-04 -0.1069086E-07
 -0.9456126E-05 -0.9853329E-08
  0.1460197E-04 -0.1591892E-08
  0.2463515E-06  0.1367686E-07
 -0.6389451E-04  0.3534750E-07
 -0.9122118E-04  0.6244959E-07
 -0.7238190E-04  0.9386412E-07
 -0.6560225E-04  0.1281696E-06
 -0.6762218E-04  0.1637857E-06
 -0.2199144E-04  0.1991224E-06
  0.1111129E-03  0.2325346E-06
  0.2861418E-03  0.2621837E-06
  0.5369699E-03  0.2888225E-06
  0.3893493E-04  0.5315661E-07
  0.2650820E-04  0.4845093E-07
  0.1994851E-04  0.4901398E-07
  0.1585464E-04  0.5175834E-07
  0.1309413E-04  0.5524764E-07
  0.1147148E-04  0.5877252E-07
  0.9858984E-05  0.6197745E-07
  0.8875428E-05  0.6472246E-07
  0.7212459E-05  0.6701300E-07
  0.1481380E-04  0.6887373E-07
  0.1542570E-04  0.7031700E-07
  0.3391455E-05  0.7137540E-07
 -0.4833250E-06  0.7217215E-07
  0.2745404E-06  0.7280408E-07
  0.2229867E-05  0.7346509E-07
  0.3340963E-05  0.7448610E-07
  0.2485845E-05  0.5938579E-07
 -0.5054965E-06  0.4160325E-07
 -0.6877156E-05  0.2189938E-07
 -0.1955880E-05  0.1218546E-08
  0.1620529E-04 -0.1956197E-07
  0.1864858E-04 -0.3944680E-07
  0.7532878E-06 -0.5770153E-07
 -0.1218939E-04 -0.7350622E-07
 -0.1135381E-04 -0.8615705E-07
 -0.7981322E-05 -0.9508735E-07
 -0.5671036E-05 -0.9990744E-07
 -0.4419431E-05 -0.1004135E-06
 -0.3710830E-05 -0.9659555E-07
 -0.2922843E-05 -0.8862396E-07
 -0.2538432E-05 -0.7684915E-07
 -0.1957575E-05 -0.6178691E-07
 -0.1325994E-05 -0.4409552E-07
 -0.7687250E-06 -0.2454298E-07
 -0.2681176E-06 -0.3975894E-08
  0.5523642E-06  0.1671341E-07
  0.8850698E-06  0.3662649E-07
  0.1284698E-05  0.5489829E-07
  0.1921561E-05  0.7072872E-07
  0.2358260E-05  0.8342673E-07
  0.3114262E-05  0.9243008E-07
  0.3718772E-05  0.9734163E-07
  0.4205916E-05  0.9794150E-07
  0.4685582E-05  0.9709238E-07
  0.5410049E-05  0.9677355E-07
  0.6254444E-05  0.9654914E-07
  0.6991333E-05  0.9617627E-07
  0.7396453E-05  0.9553652E-07
  0.7883301E-05  0.9455056E-07
  0.8501502E-05  0.9316064E-07
  0.9031859E-05  0.9132829E-07
  0.9584510E-05  0.8904574E-07
  0.1051984E-04  0.8632067E-07
  0.1155398E-04  0.8329292E-07
  0.1254464E-04  0.8032968E-07
  0.1316539E-04  0.7818480E-07
  0.1309352E-04  0.7828308E-07
  0.1202399E-04  0.8382686E-07
  0.7970107E-05  0.1020967E-06
 -0.7835383E-05  0.1528025E-06
 -0.9162987E-05  0.1519759E-06
  0.4573425E-05  0.1449440E-06
  0.1835760E-04  0.1319734E-06
  0.1978150E-04  0.1136662E-06
  0.5033313E-05  0.9084640E-07
 -0.8145645E-05  0.6447703E-07
 -0.1258069E-04  0.3576006E-07
 -0.1390017E-04  0.5939144E-08
 -0.1613287E-04 -0.2366957E-07
 -0.1993853E-04 -0.5184098E-07
 -0.2525944E-04 -0.7733421E-07
 -0.2943616E-04 -0.9901672E-07
 -0.3101072E-04 -0.1159709E-06
 -0.2958932E-04 -0.1274835E-06
 -0.2452025E-04 -0.1330107E-06
 -0.1565211E-04 -0.1323132E-06
 -0.9296607E-05 -0.1253907E-06
 -0.1763924E-04 -0.1125730E-06
 -0.3953261E-04 -0.9438746E-07
 -0.5345971E-04 -0.7162998E-07
 -0.5421838E-04 -0.4529155E-07
 -0.5604269E-04 -0.1651408E-07
 -0.5686161E-04  0.1341993E-07
 -0.3509088E-04  0.4310070E-07
  0.2290047E-04  0.7132667E-07
  0.9858247E-04  0.9678159E-07
  0.1474617E-03  0.1185890E-06
  0.6734228E-04  0.7016155E-07
  0.1951230E-04  0.2932626E-07
  0.1009507E-04  0.3721935E-07
  0.1022065E-04  0.4105155E-07
  0.1019440E-04  0.4455730E-07
  0.1597932E-04  0.4759544E-07
  0.2224620E-04  0.5020803E-07
  0.5267296E-04  0.5238123E-07
  0.3907227E-05  0.5406158E-07
 -0.1135193E-04  0.5540463E-07
 -0.2293204E-04  0.5642234E-07
 -0.1671977E-04  0.5731065E-07
 -0.6737356E-05  0.5821921E-07
 -0.1395432E-04  0.4025319E-07
  0.2070487E-04 -0.4240697E-09
 -0.1868665E-04  0.2035381E-07
  0.3289825E-04 -0.2136787E-07
  0.4549760E-04 -0.4133984E-07
  0.1557037E-04 -0.5965394E-07
 -0.2716693E-04 -0.7552297E-07
 -0.2608401E-04 -0.8827288E-07
 -0.1719523E-04 -0.9727830E-07
 -0.1081878E-04 -0.1021393E-06
 -0.6370816E-05 -0.1026535E-06
 -0.4464951E-05 -0.9880843E-07
 -0.3270166E-05 -0.9077939E-07
 -0.3019037E-05 -0.7892076E-07
 -0.2032086E-05 -0.6375312E-07
 -0.1646079E-05 -0.4593796E-07
 -0.8429460E-06 -0.2624700E-07
 -0.4215585E-06 -0.5535873E-08
  0.1290704E-06  0.1529722E-07
  0.4601417E-06  0.3534900E-07
  0.9814139E-06  0.5374774E-07
  0.1675084E-05  0.6968978E-07
  0.2689030E-05  0.8247660E-07
  0.3306451E-05  0.9154309E-07
  0.4201064E-05  0.9648744E-07
  0.4522776E-05  0.9616222E-07
  0.5862182E-05  0.9554500E-07
  0.5035272E-05  0.9592745E-07
  0.6775442E-05  0.9489521E-07
  0.7237536E-05  0.9389903E-07
  0.7697940E-05  0.9249961E-07
  0.8140833E-05  0.9065646E-07
  0.8645217E-05  0.8836687E-07
  0.9051667E-05  0.8563178E-07
  0.9308076E-05  0.8259784E-07
  0.9163439E-05  0.7962888E-07
  0.8606241E-05  0.7748451E-07
  0.7675621E-05  0.7756709E-07
  0.5474137E-05  0.8308810E-07
  0.1601356E-05  0.1013240E-06
  0.3690064E-05  0.9472301E-07
  0.6794713E-05  0.6542515E-07
  0.7128690E-05  0.8256131E-07
  0.1267945E-05  0.4406731E-07
 -0.4706812E-05  0.1939095E-07
 -0.8609145E-05 -0.7477635E-08
 -0.1118586E-04 -0.3539599E-07
 -0.1408536E-04 -0.6312825E-07
 -0.1722756E-04 -0.8950763E-07
 -0.2066045E-04 -0.1133902E-06
 -0.2344032E-04 -0.1337099E-06
 -0.2461606E-04 -0.1495742E-06
 -0.2401514E-04 -0.1603288E-06
 -0.2204327E-04 -0.1655007E-06
 -0.1920841E-04 -0.1648512E-06
 -0.1812836E-04 -0.1583929E-06
 -0.2289985E-04 -0.1463749E-06
 -0.3202433E-04 -0.1293708E-06
 -0.3842247E-04 -0.1080558E-06
 -0.4041070E-04 -0.8339074E-07
 -0.4060713E-04 -0.5645903E-07
 -0.3702809E-04 -0.2844251E-07
 -0.2124536E-04 -0.6070792E-09
  0.1051401E-04  0.2584477E-07
  0.4713803E-04  0.4978614E-07
  0.1518663E-04  0.3029059E-07
  0.1227103E-04  0.3339986E-07
  0.2816234E-04  0.3349322E-07
  0.1864628E-04  0.2406594E-07
  0.1346142E-04  0.2020502E-07
  0.6065586E-04  0.3043026E-07
  0.7174178E-05  0.3287566E-07
 -0.2402685E-04  0.3492454E-07
 -0.1843698E-04  0.3659014E-07
 -0.2945578E-04  0.3790690E-07
 -0.3689620E-04  0.3904101E-07
  0.7208823E-04 -0.4387416E-07
  0.3745305E-04 -0.6217953E-07
  0.1860005E-04 -0.2181602E-08
  0.4275240E-04 -0.2344414E-07
 -0.1389218E-04  0.1897026E-07
 -0.5494196E-05 -0.7834201E-07
 -0.4528364E-04 -0.9117800E-07
 -0.3309202E-04 -0.1002968E-06
 -0.2083001E-04 -0.1052259E-06
 -0.9296505E-05 -0.1057505E-06
 -0.5546775E-05 -0.1018529E-06
 -0.3809120E-05 -0.9371173E-07
 -0.3419125E-05 -0.8168868E-07
 -0.2248996E-05 -0.6630886E-07
 -0.1846344E-05 -0.4824514E-07
 -0.1143723E-05 -0.2827963E-07
 -0.8754383E-06 -0.7280684E-08
 -0.6448853E-06  0.1384303E-07
 -0.2086089E-06  0.3417446E-07
  0.8476144E-06  0.5282829E-07
  0.1722560E-05  0.6899143E-07
  0.3018706E-05  0.8195581E-07
  0.4139954E-05  0.9114865E-07
  0.6507740E-05  0.8852371E-07
  0.6740678E-05  0.8703379E-07
  0.4933575E-05  0.9035654E-07
  0.5650125E-05  0.8961543E-07
  0.4498200E-05  0.9082931E-07
  0.7110454E-05  0.8509738E-07
  0.7215988E-05  0.8271208E-07
  0.7062391E-05  0.7988321E-07
  0.6992293E-05  0.7675045E-07
  0.6247673E-05  0.7367395E-07
  0.5204547E-05  0.7141259E-07
  0.4113879E-05  0.7130442E-07
  0.3257162E-05  0.7670578E-07
 -0.4495353E-05  0.4138041E-08
 -0.7090724E-05 -0.2175500E-07
  0.1914944E-05  0.4849023E-07
 -0.9279910E-06  0.2789983E-07
  0.3309146E-05  0.6499648E-07
 -0.9589179E-05 -0.4862919E-07
 -0.1232338E-04 -0.7534325E-07
 -0.1489707E-04 -0.1007532E-06
 -0.1699083E-04 -0.1237335E-06
 -0.1914485E-04 -0.1433136E-06
 -0.2029044E-04 -0.1586019E-06
 -0.2044513E-04 -0.1689660E-06
 -0.1999433E-04 -0.1739480E-06
 -0.1951519E-04 -0.1733120E-06
 -0.1998800E-04 -0.1670890E-06
 -0.2294058E-04 -0.1555388E-06
 -0.2651171E-04 -0.1391396E-06
 -0.2945048E-04 -0.1185966E-06
 -0.3021577E-04 -0.9483782E-07
 -0.2863693E-04 -0.6890318E-07
 -0.2388276E-04 -0.4192225E-07
 -0.1152958E-04 -0.1508318E-07
  0.7725910E-05  0.1041516E-07
  0.6616155E-05  0.8276128E-08
  0.7722440E-05  0.1181242E-07
  0.5634726E-04  0.2745692E-07
  0.7377169E-05  0.6874894E-08
  0.8953830E-05  0.1601210E-07
  0.4579681E-04  0.8467306E-08
 -0.4162016E-04  0.1133992E-07
 -0.3324307E-05  0.1748858E-07
  0.3856598E-04 -0.8160185E-07
 -0.5909369E-04 -0.9460882E-07
  0.6352236E-04 -0.6542172E-07
  0.1849540E-04 -0.4637577E-07
  0.3373963E-04 -0.3910871E-08
  0.1283530E-04 -0.2558752E-07
  0.5706890E-05  0.6933092E-07
 -0.2403413E-04 -0.1088600E-06
 -0.8769041E-05 -0.1093702E-06
 -0.6194867E-05 -0.1054046E-06
 -0.4506144E-05 -0.9712557E-07
 -0.3381440E-05 -0.8490050E-07
 -0.2627944E-05 -0.6926368E-07
 -0.1758692E-05 -0.5089782E-07
 -0.1864806E-05 -0.3059850E-07
 -0.1672949E-05 -0.9248376E-08
 -0.1262589E-05  0.1222805E-07
 -0.5172902E-06  0.3289821E-07
  0.9097980E-06  0.5186466E-07
  0.2142316E-05  0.6829902E-07
  0.3430614E-05  0.8148013E-07
  0.6374963E-05  0.7489565E-07
  0.6247801E-05  0.7233576E-07
  0.6023809E-05  0.7700440E-07
  0.4759577E-05  0.7866987E-07
  0.3645502E-05  0.8084398E-07
  0.4009330E-05  0.7993181E-07
 -0.1328243E-04 -0.1014889E-06
  0.4747764E-05  0.6600941E-07
  0.3783143E-05  0.6274076E-07
  0.2773717E-05  0.6025820E-07
  0.2410186E-05  0.5992783E-07
 -0.8555387E-05 -0.5067816E-07
 -0.1111131E-04 -0.7674706E-07
 -0.6350235E-05 -0.2453142E-07
 -0.3388166E-05  0.6897908E-09
  0.7411715E-06  0.4384247E-07
 -0.1244020E-05  0.2381202E-07
 -0.1431211E-04 -0.1238702E-06
 -0.1607120E-04 -0.1429183E-06
 -0.1705016E-04 -0.1578113E-06
 -0.1771751E-04 -0.1679035E-06
 -0.1785492E-04 -0.1727376E-06
 -0.1827317E-04 -0.1721411E-06
 -0.1907444E-04 -0.1660572E-06
 -0.2017147E-04 -0.1548008E-06
 -0.2177721E-04 -0.1388436E-06
 -0.2306775E-04 -0.1188799E-06
 -0.2295567E-04 -0.9572305E-07
 -0.2070745E-04 -0.7045510E-07
 -0.1552241E-04 -0.4418010E-07
 -0.6057395E-05 -0.1803678E-07
  0.3820042E-05 -0.7431608E-08
  0.1564198E-04  0.5181806E-08
  0.7171104E-06 -0.1204996E-07
 -0.3215055E-04 -0.1038658E-06
 -0.1605139E-05 -0.1601711E-07
  0.1238824E-04 -0.2847936E-08
  0.2584343E-04  0.1583865E-07
 -0.2927081E-04  0.1373024E-07
  0.2239460E-04  0.1403942E-08
 -0.3891735E-04 -0.1450963E-07
 -0.2998764E-04 -0.1119867E-07
  0.5620996E-05 -0.2787444E-07
  0.1595835E-04 -0.8512439E-07
  0.1235391E-04 -0.9848973E-07
  0.9651646E-05 -0.6109748E-08
 -0.1629236E-04 -0.6846976E-07
 -0.2131463E-04 -0.4907627E-07
  0.1992459E-05  0.4731421E-07
 -0.8257806E-05 -0.1128894E-06
  0.4057747E-05  0.6286068E-07
 -0.6732405E-05 -0.1093568E-06
 -0.9800950E-05 -0.1134001E-06
 -0.2882148E-05 -0.8848464E-07
 -0.2529446E-05 -0.7257059E-07
 -0.1597124E-05 -0.5387680E-07
 -0.2479497E-05 -0.3321844E-07
 -0.1596058E-05 -0.1149154E-07
 -0.1410748E-05  0.1036411E-07
 -0.3088308E-06  0.3140019E-07
  0.1191190E-05  0.5070091E-07
  0.2805103E-05  0.6742705E-07
  0.2698414E-05  0.6627594E-07
 -0.1284115E-04 -0.9764810E-07
  0.5200548E-05  0.5769837E-07
  0.4296929E-05  0.6050822E-07
  0.2993005E-05  0.6477160E-07
 -0.1487302E-04 -0.1382242E-06
  0.1020304E-05  0.4452167E-07
 -0.4815168E-05 -0.2235289E-07
  0.3733612E-05  0.5085461E-07
 -0.4585683E-06  0.2491359E-07
 -0.1457907E-04 -0.1528059E-06
 -0.1005498E-04 -0.7343593E-07
 -0.6362705E-05 -0.4797030E-07
 -0.1942690E-05  0.2301488E-08
 -0.1263376E-04 -0.1195670E-06
 -0.1546709E-04 -0.1626763E-06
 -0.1566714E-04 -0.1674120E-06
 -0.1642718E-04 -0.1668021E-06
 -0.1676249E-04 -0.1608739E-06
 -0.1713571E-04 -0.1498529E-06
 -0.1804235E-04 -0.1342277E-06
 -0.1888751E-04 -0.1146576E-06
 -0.1847949E-04 -0.9201314E-07
 -0.1579946E-04 -0.6728892E-07
 -0.1029731E-04 -0.4158139E-07
 -0.4103673E-05 -0.2704514E-07
 -0.2139828E-04 -0.1818022E-07
 -0.7173780E-05 -0.1078328E-06
 -0.5620197E-05 -0.3714932E-07
  0.5079091E-05 -0.8395128E-08
 -0.7839827E-05 -0.2237595E-07
 -0.2209490E-05 -0.3208563E-07
 -0.4420631E-05 -0.1009264E-06
  0.4739702E-05  0.5444235E-07
 -0.1118636E-04 -0.3390983E-07
 -0.1937784E-04 -0.5215959E-07
  0.5218094E-04 -0.1024793E-06
  0.2501916E-05  0.4523068E-07
 -0.3260384E-05 -0.1050904E-06
 -0.3641984E-06 -0.1172627E-06
  0.6412445E-06  0.2807786E-07
 -0.2819567E-06 -0.5719770E-07
  0.2062125E-05  0.4744408E-07
  0.3859682E-05  0.3587363E-07
 -0.6419124E-05 -0.1177918E-06
 -0.1142975E-05 -0.7622457E-07
  0.1857446E-06 -0.1405521E-07
 -0.1566475E-05  0.8190998E-08
  0.7119996E-06  0.2960203E-07
  0.1873582E-05  0.4925061E-07
 -0.1417316E-04 -0.1559396E-06
  0.3267675E-05  0.3945109E-07
 -0.7029137E-05 -0.4343504E-07
 -0.1163159E-04 -0.9216140E-07
  0.3428619E-05  0.4256796E-07
 -0.1538919E-04 -0.1599894E-06
 -0.1389472E-04 -0.1462491E-06
 -0.1154025E-04 -0.1136487E-06
 -0.1249370E-04 -0.1605891E-06
 -0.2041351E-05 -0.1830866E-07
 -0.6703595E-05 -0.6841342E-07
  0.2527781E-05  0.3196432E-07
 -0.3156994E-05 -0.3616930E-07
 -0.5651558E-05 -0.9242388E-07
 -0.1403179E-04 -0.1541572E-06
 -0.1513621E-04 -0.1433392E-06
 -0.1565947E-04 -0.1280031E-06
 -0.1704688E-04 -0.1088153E-06
 -0.1673091E-04 -0.8661303E-07
 -0.1279543E-04 -0.6237105E-07
 -0.1111818E-04 -0.5684828E-07
 -0.4332759E-04 -0.4159716E-07
 -0.2420162E-04 -0.4623663E-07
 -0.7203758E-04 -0.3744842E-07
 -0.5543164E-05 -0.1136733E-06
 -0.1261558E-04 -0.1319419E-06
  0.2469490E-04 -0.3066933E-07
 -0.1596643E-05 -0.8882797E-07
 -0.1716289E-04 -0.5136249E-07
  0.4887058E-06  0.5878775E-08
  0.1500669E-05 -0.1121052E-06
 -0.4892269E-05 -0.1096338E-06
 -0.1446714E-04 -0.1363631E-06
 -0.1353471E-04 -0.1469922E-06
 -0.1479985E-04 -0.1212898E-06
 -0.1299548E-05 -0.6089090E-07
 -0.1277245E-04 -0.1487565E-06
  0.1905710E-05  0.1445272E-07
 -0.3458289E-05 -0.1225572E-06
 -0.2746934E-05 -0.8025503E-07
 -0.3277910E-04 -0.5563695E-07
 -0.4547557E-06 -0.1698500E-07
  0.7304762E-06  0.5653775E-08
 -0.8439698E-05 -0.8611874E-07
  0.1917547E-05  0.1839534E-07
 -0.1213032E-04 -0.1527254E-06
 -0.1137113E-04 -0.1072224E-06
 -0.3342715E-05 -0.3826282E-07
 -0.1152827E-04 -0.1533194E-06
  0.1133074E-05  0.2186686E-07
 -0.8854819E-05 -0.1251894E-06
 -0.2665834E-06 -0.1358509E-07
 -0.1984340E-04 -0.7567370E-07
  0.1728773E-05  0.2744850E-07
 -0.1225292E-04 -0.1392400E-06
 -0.7173799E-05 -0.6279589E-07
  0.9283886E-06  0.1017222E-07
 -0.1773082E-04 -0.1024427E-06
 -0.1679969E-04 -0.8065131E-07
 -0.4319143E-05 -0.1183657E-06
 -0.2687879E-04 -0.6921392E-07
 -0.4775919E-04 -0.5962956E-07
 -0.3899616E-04 -0.6412599E-07
  0.2322481E-04 -0.1068896E-06
  0.1713181E-05  0.2488567E-07
  0.1985806E-04 -0.1167137E-06
  0.4898109E-05 -0.1220021E-06
 -0.1018899E-05 -0.3949165E-07
 -0.2005833E-04 -0.7473432E-07
 -0.2495981E-04 -0.9306369E-07
 -0.3634389E-05 -0.9674222E-07
 -0.1951738E-04 -0.9617205E-07
 -0.1018010E-04 -0.1009112E-06
 -0.9776051E-05 -0.9766335E-07
 -0.3016944E-05 -0.6500115E-07
  0.1859353E-06 -0.4551076E-08
  0.2525125E-06 -0.4322716E-07
  0.2565369E-05 -0.1271733E-06
  0.1069712E-04 -0.1217791E-06
 -0.1898060E-05 -0.2032717E-07
  0.3129103E-05  0.2709997E-08
 -0.4982513E-05 -0.8016999E-07
 -0.1182581E-04 -0.1295113E-06
 -0.9445294E-05 -0.1185684E-06
 -0.8851207E-05 -0.1456192E-06
 -0.6864497E-05 -0.1234853E-06
 -0.1969615E-05 -0.3314336E-07
 -0.1239754E-04 -0.1462120E-06
 -0.3888620E-05 -0.5724998E-07
 -0.4947234E-06 -0.8892327E-08
 -0.3792785E-05 -0.1014812E-06
 -0.2812238E-04 -0.8001436E-07
 -0.7495092E-05 -0.1323753E-06
 -0.6944500E-06 -0.1118350E-06
 -0.9981750E-05 -0.1399757E-06
 -0.4098110E-05 -0.8470312E-07
 -0.6659237E-05 -0.1145978E-06
  0.4799218E-06 -0.6886428E-09
 -0.1002285E-04 -0.1417264E-06
 -0.2418372E-04 -0.8491543E-07
 -0.1242169E-05 -0.1277344E-06
 -0.1740265E-04 -0.1147036E-06
 -0.2277222E-04 -0.9024578E-07
 -0.5618993E-05 -0.9500834E-07
 -0.6564412E-05 -0.1333955E-06
 -0.1708199E-04 -0.1085202E-06
 -0.6217065E-05 -0.1066804E-06
 -0.6457828E-06 -0.4742098E-07
 -0.2730521E-06 -0.1328101E-06
 -0.5285268E-04 -0.7188891E-07
 -0.9423336E-05 -0.1231043E-06
 -0.8009073E-05 -0.1123670E-06
 -0.5840438E-05 -0.1389516E-06
  0.1288723E-05 -0.2412355E-07
 -0.1498662E-04 -0.1028672E-06
 -0.5959318E-05 -0.1333946E-06
 -0.7764033E-05 -0.1395365E-06
 -0.1729174E-05 -0.2839053E-07
 -0.5217467E-05 -0.6957047E-07
 -0.8013685E-05 -0.1259402E-06
 -0.6100039E-05 -0.1290616E-06
 -0.3630040E-05 -0.7461980E-07
 -0.2562505E-05 -0.5208986E-07
 -0.7303110E-05 -0.1351313E-06
 -0.8236211E-05 -0.1200281E-06
 -0.4855418E-05 -0.8961385E-07
 -0.5393858E-05 -0.1171961E-06
  0.6788991E-06 -0.1273424E-06
  0.1040451E-03 -0.8087517E-06
 -0.3298209E-01 -0.8687340E-06
  0.3333048E-01 -0.7826176E-06
  0.1550193E-03 -0.8183883E-06
  0.2670998E-03 -0.8441861E-06
  0.1133180E-03 -0.8495288E-06
  0.7119038E-04 -0.8541495E-06
  0.5411012E-04 -0.8591257E-06
  0.4999908E-04 -0.8643648E-06
  0.4857568E-04 -0.8698322E-06
  0.4443066E-04 -0.8754930E-06
  0.3957657E-04 -0.8813407E-06
  0.3301375E-04 -0.8873445E-06
  0.2426977E-04 -0.8934995E-06
  0.1618221E-04 -0.8997546E-06
  0.1131190E-04 -0.9060824E-06
  0.6956023E-05 -0.9124653E-06
  0.3961327E-05 -0.9189015E-06
  0.6619595E-05 -0.9253261E-06
  0.3642045E-05 -0.9317104E-06
 -0.9359429E-05 -0.9379959E-06
 -0.4255212E-04 -0.9441474E-06
 -0.1909123E-03 -0.9476170E-06
 -0.4671884E-04 -0.9349210E-06
  0.4477349E-04 -0.8038666E-06
  0.5012727E-04 -0.9508296E-06
 -0.3305471E-01 -0.8677847E-06
  0.6987677E-04 -0.9644191E-06
 -0.1886227E-04 -0.8016374E-06
  0.8216957E-04 -0.9753380E-06
 -0.3300571E-01 -0.8702590E-06
  0.8175385E-04 -0.9830550E-06
 -0.1603605E-05 -0.8029251E-06
  0.8223969E-04 -0.9873398E-06
 -0.3297619E-01 -0.8765584E-06
  0.8770054E-04 -0.9879262E-06
  0.3916512E-04 -0.8079970E-06
  0.8499329E-04 -0.9848217E-06
 -0.3295776E-01 -0.8861650E-06
  0.7741689E-04 -0.9782657E-06
  0.5723851E-04 -0.8165727E-06
  0.7726648E-04 -0.9684817E-06
 -0.3296448E-01 -0.8985489E-06
  0.7743714E-04 -0.9558116E-06
  0.5863998E-04 -0.8280959E-06
  0.7724429E-04 -0.9408031E-06
 -0.3297986E-01 -0.9132579E-06
  0.7995703E-04 -0.9240496E-06
  0.4406700E-04 -0.8420643E-06
  0.7642957E-04 -0.9061906E-06
 -0.3298297E-01 -0.9298735E-06
  0.6676784E-04 -0.8878807E-06
  0.3386739E-04 -0.8581870E-06
  0.6409756E-04 -0.8698046E-06
 -0.3298003E-01 -0.9476378E-06
  0.6794773E-04 -0.8526287E-06
  0.3394811E-04 -0.8757393E-06
  0.7436307E-04 -0.8371776E-06
 -0.3297782E-01 -0.9658659E-06
  0.8607355E-04 -0.8239545E-06
  0.3893778E-04 -0.8939752E-06
  0.8352679E-04 -0.8133688E-06
 -0.3297161E-01 -0.9838537E-06
  0.5602878E-04 -0.8059353E-06
  0.4187859E-04 -0.9122135E-06
  0.1114334E-04 -0.8021244E-06
 -0.3296723E-01 -0.1000917E-05
  0.3790997E-04 -0.8020672E-06
  0.4359513E-04 -0.9297587E-06
  0.9052482E-04 -0.8052414E-06
  0.9440972E-04 -0.8069109E-06
 -0.3333539E-01 -0.9902544E-06
 -0.3296712E-01 -0.1016432E-05
  0.3312573E-01 -0.9187499E-06
  0.4696447E-04 -0.9460082E-06
  0.3313396E-01 -0.9313956E-06
 -0.3296684E-01 -0.1029795E-05
  0.3314501E-01 -0.9411450E-06
  0.4706777E-04 -0.9602942E-06
  0.3314844E-01 -0.9475931E-06
 -0.3297168E-01 -0.1040458E-05
  0.3314986E-01 -0.9504985E-06
  0.4705375E-04 -0.9720832E-06
  0.3315335E-01 -0.9496640E-06
 -0.3296680E-01 -0.1047927E-05
  0.3314609E-01 -0.9452240E-06
  0.4850114E-04 -0.9808106E-06
  0.3313975E-01 -0.9374348E-06
 -0.3295947E-01 -0.1052009E-05
  0.3314292E-01 -0.9264919E-06
  0.5520538E-04 -0.9862197E-06
  0.3314282E-01 -0.9128956E-06
 -0.3296306E-01 -0.1052497E-05
  0.3314286E-01 -0.8971712E-06
  0.5724570E-04 -0.9881237E-06
  0.3313822E-01 -0.8799452E-06
 -0.3296633E-01 -0.1049294E-05
  0.3313312E-01 -0.8618352E-06
  0.5292739E-04 -0.9862971E-06
  0.3313115E-01 -0.8435072E-06
 -0.3296947E-01 -0.1042527E-05
  0.3312858E-01 -0.8256765E-06
  0.5698065E-04 -0.9808327E-06
  0.3313197E-01 -0.8090354E-06
 -0.3297964E-01 -0.1032536E-05
  0.3314700E-01 -0.7943457E-06
  0.4994631E-04 -0.9720027E-06
  0.3315608E-01 -0.7820092E-06
 -0.3299211E-01 -0.1019762E-05
  0.3313984E-01 -0.7724908E-06
  0.3373370E-04 -0.9601600E-06
  0.3311331E-01 -0.7662663E-06
 -0.3306169E-01 -0.1004547E-05
  0.3306643E-01 -0.7637509E-06
  0.9297849E-05 -0.9457655E-06
  0.3312424E-01 -0.7650369E-06
  0.1097395E-03 -0.8144078E-06
  0.3309859E-01 -0.9037259E-06
  0.9202728E-04 -0.8112773E-06
  0.0000000E+00  0.0000000E+00
  0.0000000E+00  0.0000000E+00
  0.0000000E+00  0.0000000E+00
  0.0000000E+00  0.0000000E+00
  0.0000000E+00  0.0000000E+00
  0.0000000E+00  0.0000000E+00
  0.0000000E+00  0.0000000E+00
  0.0000000E+00  0.0000000E+00
  0.0000000E+00  0.0000000E+00
  0.0000000E+00  0.0000000E+00
  0.0000000E+00  0.0000000E+00
  0.0000000E+00  0.0000000E+00
  0.0000000E+00  0.0000000E+00
  0.0000000E+00  0.0000000E+00
  0.0000000E+00  0.0000000E+00
  0.0000000E+00  0.0000000E+00
  0.0000000E+00  0.0000000E+00
  0.0000000E+00  0.0000000E+00
  0.0000000E+00  0.0000000E+00
  0.0000000E+00  0.0000000E+00
  0.0000000E+00  0.0000000E+00
  0.0000000E+00  0.0000000E+00
  0.0000000E+00  0.0000000E+00
  0.0000000E+00  0.0000000E+00
  0.0000000E+00  0.0000000E+00
  0.0000000E+00  0.0000000E+00
  0.0000000E+00  0.0000000E+00
  0.0000000E+00  0.0000000E+00
  0.0000000E+00  0.0000000E+00
  0.0000000E+00  0.0000000E+00
  0.0000000E+00  0.0000000E+00
  0.0000000E+00  0.0000000E+00
  0.0000000E+00  0.0000000E+00
  0.0000000E+00  0.0000000E+00
  0.0000000E+00  0.0000000E+00
  0.0000000E+00  0.0000000E+00
  0.0000000E+00  0.0000000E+00
  0.0000000E+00  0.0000000E+00
  0.0000000E+00  0.0000000E+00
  0.0000000E+00  0.0000000E+00
  0.0000000E+00  0.0000000E+00
  0.0000000E+00  0.0000000E+00
  0.0000000E+00  0.0000000E+00
  0.0000000E+00  0.0000000E+00
  0.0000000E+00  0.0000000E+00
  0.0000000E+00  0.0000000E+00
  0.0000000E+00  0.0000000E+00
  0.0000000E+00  0.0000000E+00
  0.0000000E+00  0.0000000E+00
  0.0000000E+00  0.0000000E+00
  0.0000000E+00  0.0000000E+00
  0.0000000E+00  0.0000000E+00
  0.0000000E+00  0.0000000E+00
  0.0000000E+00  0.0000000E+00
  0.0000000E+00  0.0000000E+00
  0.0000000E+00  0.0000000E+00
  0.0000000E+00  0.0000000E+00
  0.0000000E+00  0.0000000E+00
  0.0000000E+00  0.0000000E+00
  0.0000000E+00  0.0000000E+00
  0.0000000E+00  0.0000000E+00
  0.0000000E+00  0.0000000E+00
  0.0000000E+00  0.0000000E+00
  0.0000000E+00  0.0000000E+00
  0.0000000E+00  0.0000000E+00
  0.0000000E+00  0.0000000E+00
  0.0000000E+00  0.0000000E+00
  0.0000000E+00  0.0000000E+00
  0.0000000E+00  0.0000000E+00
  0.0000000E+00  0.0000000E+00
  0.0000000E+00  0.0000000E+00
  0.0000000E+00  0.0000000E+00
  0.0000000E+00  0.0000000E+00
  0.0000000E+00  0.0000000E+00
  0.0000000E+00  0.0000000E+00
  0.0000000E+00  0.0000000E+00
  0.0000000E+00  0.0000000E+00
  0.0000000E+00  0.0000000E+00
  0.0000000E+00  0.0000000E+00
  0.0000000E+00  0.0000000E+00
  0.0000000E+00  0.0000000E+00
  0.0000000E+00  0.0000000E+00
  0.0000000E+00  0.0000000E+00
  0.0000000E+00  0.0000000E+00
  0.0000000E+00  0.0000000E+00
  0.0000000E+00  0.0000000E+00
  0.0000000E+00  0.0000000E+00
  0.0000000E+00  0.0000000E+00
  0.0000000E+00  0.0000000E+00
  0.0000000E+00  0.0000000E+00
  0.0000000E+00  0.0000000E+00
  0.0000000E+00  0.0000000E+00
  0.0000000E+00  0.0000000E+00
  0.0000000E+00  0.0000000E+00
  0.0000000E+00  0.0000000E+00
  0.0000000E+00  0.0000000E+00
  0.0000000E+00  0.0000000E+00
  0.0000000E+00  0.0000000E+00
  0.0000000E+00  0.0000000E+00
  0.0000000E+00  0.0000000E+00
  0.0000000E+00  0.0000000E+00
  0.0000000E+00  0.0000000E+00
  0.0000000E+00  0.0000000E+00
  0.0000000E+00  0.0000000E+00
  0.0000000E+00  0.0000000E+00
  0.0000000E+00  0.0000000E+00
  0.0000000E+00  0.0000000E+00
  0.0000000E+00  0.0000000E+00
  0.0000000E+00  0.0000000E+00
  0.0000000E+00  0.0000000E+00
  0.0000000E+00  0.0000000E+00
  0.0000000E+00  0.0000000E+00
  0.0000000E+00  0.0000000E+00
  0.0000000E+00  0.0000000E+00
  0.0000000E+00  0.0000000E+00
  0.0000000E+00  0.0000000E+00
  0.0000000E+00  0.0000000E+00
  0.0000000E+00  0.0000000E+00
  0.0000000E+00  0.0000000E+00
  0.0000000E+00  0.0000000E+00
  0.0000000E+00  0.0000000E+00
  0.0000000E+00  0.0000000E+00
  0.0000000E+00  0.0000000E+00
  0.0000000E+00  0.0000000E+00
  0.0000000E+00  0.0000000E+00
  0.0000000E+00  0.0000000E+00
  0.0000000E+00  0.0000000E+00
  0.0000000E+00  0.0000000E+00
  0.0000000E+00  0.0000000E+00
  0.0000000E+00  0.0000000E+00
  0.0000000E+00  0.0000000E+00
  0.0000000E+00  0.0000000E+00
  0.0000000E+00  0.0000000E+00
  0.0000000E+00  0.0000000E+00
  0.0000000E+00  0.0000000E+00
  0.0000000E+00  0.0000000E+00
  0.0000000E+00  0.0000000E+00
  0.0000000E+00  0.0000000E+00
  0.0000000E+00  0.0000000E+00
  0.0000000E+00  0.0000000E+00
  0.0000000E+00  0.0000000E+00
  0.0000000E+00  0.0000000E+00
  0.0000000E+00  0.0000000E+00
  0.0000000E+00  0.0000000E+00
  0.0000000E+00  0.0000000E+00
  0.0000000E+00  0.0000000E+00
  0.0000000E+00  0.0000000E+00
  0.0000000E+00  0.0000000E+00
  0.0000000E+00  0.0000000E+00
  0.0000000E+00  0.0000000E+00
  0.0000000E+00  0.0000000E+00
  0.0000000E+00  0.0000000E+00
  0.0000000E+00  0.0000000E+00
  0.0000000E+00  0.0000000E+00
  0.0000000E+00  0.0000000E+00
  0.0000000E+00  0.0000000E+00
  0.0000000E+00  0.0000000E+00
  0.0000000E+00  0.0000000E+00
  0.0000000E+00  0.0000000E+00
  0.0000000E+00  0.0000000E+00
  0.0000000E+00  0.0000000E+00
  0.0000000E+00  0.0000000E+00
  0.0000000E+00  0.0000000E+00
  0.0000000E+00  0.0000000E+00
  0.0000000E+00  0.0000000E+00
  0.0000000E+00  0.0000000E+00
  0.0000000E+00  0.0000000E+00
  0.0000000E+00  0.0000000E+00
  0.0000000E+00  0.0000000E+00
  0.0000000E+00  0.0000000E+00
  0.0000000E+00  0.0000000E+00
  0.0000000E+00  0.0000000E+00
  0.0000000E+00  0.0000000E+00
  0.0000000E+00  0.0000000E+00
  0.0000000E+00  0.0000000E+00
  0.0000000E+00  0.0000000E+00
  0.0000000E+00  0.0000000E+00
  0.0000000E+00  0.0000000E+00
  0.0000000E+00  0.0000000E+00
  0.0000000E+00  0.0000000E+00
  0.0000000E+00  0.0000000E+00
  0.0000000E+00  0.0000000E+00
  0.0000000E+00  0.0000000E+00
  0.0000000E+00  0.0000000E+00
  0.0000000E+00  0.0000000E+00
  0.0000000E+00  0.0000000E+00
  0.0000000E+00  0.0000000E+00
  0.0000000E+00  0.0000000E+00
  0.0000000E+00  0.0000000E+00
  0.0000000E+00  0.0000000E+00
  0.0000000E+00  0.0000000E+00
  0.0000000E+00  0.0000000E+00
  0.0000000E+00  0.0000000E+00
  0.0000000E+00  0.0000000E+00
  0.0000000E+00  0.0000000E+00
  0.0000000E+00  0.0000000E+00
  0.0000000E+00  0.0000000E+00
  0.0000000E+00  0.0000000E+00
  0.0000000E+00  0.0000000E+00
  0.0000000E+00  0.0000000E+00
  0.0000000E+00  0.0000000E+00
  0.0000000E+00  0.0000000E+00
  0.0000000E+00  0.0000000E+00
  0.0000000E+00  0.0000000E+00
  0.0000000E+00  0.0000000E+00
  0.0000000E+00  0.0000000E+00
  0.0000000E+00  0.0000000E+00
  0.0000000E+00  0.0000000E+00
  0.0000000E+00  0.0000000E+00
  0.0000000E+00  0.0000000E+00
  0.0000000E+00  0.0000000E+00
  0.0000000E+00  0.0000000E+00
  0.0000000E+00  0.0000000E+00
  0.0000000E+00  0.0000000E+00
  0.0000000E+00  0.0000000E+00
  0.0000000E+00  0.0000000E+00
  0.0000000E+00  0.0000000E+00
  0.0000000E+00  0.0000000E+00
  0.0000000E+00  0.0000000E+00
  0.0000000E+00  0.0000000E+00
  0.0000000E+00  0.0000000E+00
  0.0000000E+00  0.0000000E+00
  0.0000000E+00  0.0000000E+00
  0.0000000E+00  0.0000000E+00
  0.0000000E+00  0.0000000E+00
  0.0000000E+00  0.0000000E+00
  0.0000000E+00  0.0000000E+00
  0.0000000E+00  0.0000000E+00
  0.0000000E+00  0.0000000E+00
  0.0000000E+00  0.0000000E+00
  0.0000000E+00  0.0000000E+00
  0.0000000E+00  0.0000000E+00
  0.0000000E+00  0.0000000E+00
  0.0000000E+00  0.0000000E+00
  0.0000000E+00  0.0000000E+00
  0.0000000E+00  0.0000000E+00
  0.0000000E+00  0.0000000E+00
  0.0000000E+00  0.0000000E+00
  0.0000000E+00  0.0000000E+00
  0.0000000E+00  0.0000000E+00
  0.0000000E+00  0.0000000E+00
  0.0000000E+00  0.0000000E+00
  0.0000000E+00  0.0000000E+00
  0.0000000E+00  0.0000000E+00
  0.0000000E+00  0.0000000E+00
  0.0000000E+00  0.0000000E+00
  0.0000000E+00  0.0000000E+00
  0.0000000E+00  0.0000000E+00
  0.0000000E+00  0.0000000E+00
  0.0000000E+00  0.0000000E+00
  0.0000000E+00  0.0000000E+00
  0.0000000E+00  0.0000000E+00
  0.0000000E+00  0.0000000E+00
  0.0000000E+00  0.0000000E+00
  0.0000000E+00  0.0000000E+00
  0.0000000E+00  0.0000000E+00
  0.0000000E+00  0.0000000E+00
  0.0000000E+00  0.0000000E+00
  0.0000000E+00  0.0000000E+00
  0.0000000E+00  0.0000000E+00
  0.0000000E+00  0.0000000E+00
  0.0000000E+00  0.0000000E+00
  0.0000000E+00  0.0000000E+00
  0.0000000E+00  0.0000000E+00
  0.0000000E+00  0.0000000E+00
  0.0000000E+00  0.0000000E+00
  0.0000000E+00  0.0000000E+00
  0.0000000E+00  0.0000000E+00
  0.0000000E+00  0.0000000E+00
  0.0000000E+00  0.0000000E+00
  0.0000000E+00  0.0000000E+00
  0.0000000E+00  0.0000000E+00
  0.0000000E+00  0.0000000E+00
  0.0000000E+00  0.0000000E+00
  0.0000000E+00  0.0000000E+00
  0.0000000E+00  0.0000000E+00
  0.0000000E+00  0.0000000E+00
  0.0000000E+00  0.0000000E+00
  0.0000000E+00  0.0000000E+00
  0.0000000E+00  0.0000000E+00
  0.0000000E+00  0.0000000E+00
  0.0000000E+00  0.0000000E+00
  0.0000000E+00  0.0000000E+00
  0.0000000E+00  0.0000000E+00
  0.0000000E+00  0.0000000E+00
  0.0000000E+00  0.0000000E+00
  0.0000000E+00  0.0000000E+00
  0.0000000E+00  0.0000000E+00
  0.0000000E+00  0.0000000E+00
  0.0000000E+00  0.0000000E+00
  0.0000000E+00  0.0000000E+00
  0.0000000E+00  0.0000000E+00
  0.0000000E+00  0.0000000E+00
  0.0000000E+00  0.0000000E+00
  0.0000000E+00  0.0000000E+00
  0.0000000E+00  0.0000000E+00
  0.0000000E+00  0.0000000E+00
  0.0000000E+00  0.0000000E+00
  0.0000000E+00  0.0000000E+00
  0.0000000E+00  0.0000000E+00
  0.0000000E+00  0.0000000E+00
  0.0000000E+00  0.0000000E+00
  0.0000000E+00  0.0000000E+00
  0.0000000E+00  0.0000000E+00
  0.0000000E+00  0.0000000E+00
  0.0000000E+00  0.0000000E+00
  0.0000000E+00  0.0000000E+00
  0.0000000E+00  0.0000000E+00
  0.0000000E+00  0.0000000E+00
  0.0000000E+00  0.0000000E+00
  0.0000000E+00  0.0000000E+00
  0.0000000E+00  0.0000000E+00
  0.0000000E+00  0.0000000E+00
  0.0000000E+00  0.0000000E+00
  0.0000000E+00  0.0000000E+00
  0.0000000E+00  0.0000000E+00
  0.0000000E+00  0.0000000E+00
  0.0000000E+00  0.0000000E+00
  0.0000000E+00  0.0000000E+00
  0.0000000E+00  0.0000000E+00
  0.0000000E+00  0.0000000E+00
  0.0000000E+00  0.0000000E+00
  0.0000000E+00  0.0000000E+00
  0.0000000E+00  0.0000000E+00
  0.0000000E+00  0.0000000E+00
  0.0000000E+00  0.0000000E+00
  0.0000000E+00  0.0000000E+00
  0.0000000E+00  0.0000000E+00
  0.0000000E+00  0.0000000E+00
  0.0000000E+00  0.0000000E+00
  0.0000000E+00  0.0000000E+00
  0.0000000E+00  0.0000000E+00
  0.0000000E+00  0.0000000E+00
  0.0000000E+00  0.0000000E+00
  0.0000000E+00  0.0000000E+00
  0.0000000E+00  0.0000000E+00
  0.0000000E+00  0.0000000E+00
  0.0000000E+00  0.0000000E+00
  0.0000000E+00  0.0000000E+00
  0.0000000E+00  0.0000000E+00
  0.0000000E+00  0.0000000E+00
  0.0000000E+00  0.0000000E+00
  0.0000000E+00  0.0000000E+00
  0.0000000E+00  0.0000000E+00
  0.0000000E+00  0.0000000E+00
  0.0000000E+00  0.0000000E+00
  0.0000000E+00  0.0000000E+00
  0.0000000E+00  0.0000000E+00
  0.0000000E+00  0.0000000E+00
  0.0000000E+00  0.0000000E+00
  0.0000000E+00  0.0000000E+00
  0.0000000E+00  0.0000000E+00
  0.0000000E+00  0.0000000E+00
  0.0000000E+00  0.0000000E+00
  0.0000000E+00  0.0000000E+00
  0.0000000E+00  0.0000000E+00
  0.0000000E+00  0.0000000E+00
  0.0000000E+00  0.0000000E+00
  0.0000000E+00  0.0000000E+00
  0.0000000E+00  0.0000000E+00
  0.0000000E+00  0.0000000E+00
  0.0000000E+00  0.0000000E+00
  0.0000000E+00  0.0000000E+00
  0.0000000E+00  0.0000000E+00
  0.0000000E+00  0.0000000E+00
  0.0000000E+00  0.0000000E+00
  0.0000000E+00  0.0000000E+00
  0.0000000E+00  0.0000000E+00
  0.0000000E+00  0.0000000E+00
  0.0000000E+00  0.0000000E+00
  0.0000000E+00  0.0000000E+00
  0.0000000E+00  0.0000000E+00
  0.0000000E+00  0.0000000E+00
  0.0000000E+00  0.0000000E+00
  0.0000000E+00  0.0000000E+00
  0.0000000E+00  0.0000000E+00
  0.0000000E+00  0.0000000E+00
  0.0000000E+00  0.0000000E+00
  0.0000000E+00  0.0000000E+00
  0.0000000E+00  0.0000000E+00
  0.0000000E+00  0.0000000E+00
  0.0000000E+00  0.0000000E+00
  0.0000000E+00  0.0000000E+00
  0.0000000E+00  0.0000000E+00
  0.0000000E+00  0.0000000E+00
  0.0000000E+00  0.0000000E+00
  0.0000000E+00  0.0000000E+00
  0.0000000E+00  0.0000000E+00
  0.0000000E+00  0.0000000E+00
  0.0000000E+00  0.0000000E+00
  0.0000000E+00  0.0000000E+00
  0.0000000E+00  0.0000000E+00
  0.0000000E+00  0.0000000E+00
  0.0000000E+00  0.0000000E+00
  0.0000000E+00  0.0000000E+00
  0.0000000E+00  0.0000000E+00
  0.0000000E+00  0.0000000E+00
  0.0000000E+00  0.0000000E+00
  0.0000000E+00  0.0000000E+00
  0.0000000E+00  0.0000000E+00
  0.0000000E+00  0.0000000E+00
  0.0000000E+00  0.0000000E+00
  0.0000000E+00  0.0000000E+00
  0.0000000E+00  0.0000000E+00
  0.0000000E+00  0.0000000E+00
  0.0000000E+00  0.0000000E+00
  0.0000000E+00  0.0000000E+00
  0.0000000E+00  0.0000000E+00
  0.0000000E+00  0.0000000E+00
  0.0000000E+00  0.0000000E+00
  0.0000000E+00  0.0000000E+00
  0.0000000E+00  0.0000000E+00
  0.0000000E+00  0.0000000E+00
  0.0000000E+00  0.0000000E+00
  0.0000000E+00  0.0000000E+00
  0.0000000E+00  0.0000000E+00
  0.0000000E+00  0.0000000E+00
  0.0000000E+00  0.0000000E+00
  0.0000000E+00  0.0000000E+00
  0.0000000E+00  0.0000000E+00
  0.0000000E+00  0.0000000E+00
  0.0000000E+00  0.0000000E+00
  0.0000000E+00  0.0000000E+00
  0.0000000E+00  0.0000000E+00
  0.0000000E+00  0.0000000E+00
  0.0000000E+00  0.0000000E+00
  0.0000000E+00  0.0000000E+00
  0.0000000E+00  0.0000000E+00
  0.0000000E+00  0.0000000E+00
  0.0000000E+00  0.0000000E+00
  0.0000000E+00  0.0000000E+00
  0.0000000E+00  0.0000000E+00
  0.0000000E+00  0.0000000E+00
  0.0000000E+00  0.0000000E+00
  0.0000000E+00  0.0000000E+00
  0.0000000E+00  0.0000000E+00
  0.0000000E+00  0.0000000E+00
  0.0000000E+00  0.0000000E+00
  0.0000000E+00  0.0000000E+00
  0.0000000E+00  0.0000000E+00
  0.0000000E+00  0.0000000E+00
  0.0000000E+00  0.0000000E+00
  0.0000000E+00  0.0000000E+00
  0.0000000E+00  0.0000000E+00
  0.0000000E+00  0.0000000E+00
  0.0000000E+00  0.0000000E+00
  0.0000000E+00  0.0000000E+00
  0.0000000E+00  0.0000000E+00
  0.0000000E+00  0.0000000E+00
  0.0000000E+00  0.0000000E+00
  0.0000000E+00  0.0000000E+00
  0.0000000E+00  0.0000000E+00
  0.0000000E+00  0.0000000E+00
  0.0000000E+00  0.0000000E+00
  0.0000000E+00  0.0000000E+00
  0.0000000E+00  0.0000000E+00
  0.0000000E+00  0.0000000E+00
  0.0000000E+00  0.0000000E+00
  0.0000000E+00  0.0000000E+00
  0.0000000E+00  0.0000000E+00
  0.0000000E+00  0.0000000E+00
  0.0000000E+00  0.0000000E+00
  0.0000000E+00  0.0000000E+00
  0.0000000E+00  0.0000000E+00
  0.0000000E+00  0.0000000E+00
  0.0000000E+00  0.0000000E+00
  0.0000000E+00  0.0000000E+00
  0.0000000E+00  0.0000000E+00
  0.0000000E+00  0.0000000E+00
  0.0000000E+00  0.0000000E+00
  0.0000000E+00  0.0000000E+00
  0.0000000E+00  0.0000000E+00
  0.0000000E+00  0.0000000E+00
  0.0000000E+00  0.0000000E+00
  0.0000000E+00  0.0000000E+00
  0.0000000E+00  0.0000000E+00
  0.0000000E+00  0.0000000E+00
  0.0000000E+00  0.0000000E+00
  0.0000000E+00  0.0000000E+00
  0.0000000E+00  0.0000000E+00
  0.0000000E+00  0.0000000E+00
  0.0000000E+00  0.0000000E+00
  0.0000000E+00  0.0000000E+00
  0.0000000E+00  0.0000000E+00
  0.0000000E+00  0.0000000E+00
  0.0000000E+00  0.0000000E+00
  0.0000000E+00  0.0000000E+00
  0.0000000E+00  0.0000000E+00
  0.0000000E+00  0.0000000E+00
  0.0000000E+00  0.0000000E+00
  0.0000000E+00  0.0000000E+00
  0.0000000E+00  0.0000000E+00
  0.0000000E+00  0.0000000E+00
  0.0000000E+00  0.0000000E+00
  0.0000000E+00  0.0000000E+00
  0.0000000E+00  0.0000000E+00
  0.0000000E+00  0.0000000E+00
  0.0000000E+00  0.0000000E+00
  0.0000000E+00  0.0000000E+00
  0.0000000E+00  0.0000000E+00
  0.0000000E+00  0.0000000E+00
  0.0000000E+00  0.0000000E+00
  0.0000000E+00  0.0000000E+00
  0.0000000E+00  0.0000000E+00
  0.0000000E+00  0.0000000E+00
  0.0000000E+00  0.0000000E+00
  0.0000000E+00  0.0000000E+00
  0.0000000E+00  0.0000000E+00
  0.0000000E+00  0.0000000E+00
  0.0000000E+00  0.0000000E+00
  0.0000000E+00  0.0000000E+00
  0.0000000E+00  0.0000000E+00
  0.0000000E+00  0.0000000E+00
  0.0000000E+00  0.0000000E+00
  0.0000000E+00  0.0000000E+00
  0.0000000E+00  0.0000000E+00
  0.0000000E+00  0.0000000E+00
  0.0000000E+00  0.0000000E+00
  0.0000000E+00  0.0000000E+00
  0.0000000E+00  0.0000000E+00
  0.0000000E+00  0.0000000E+00
  0.0000000E+00  0.0000000E+00
  0.0000000E+00  0.0000000E+00
  0.0000000E+00  0.0000000E+00
  0.0000000E+00  0.0000000E+00
  0.0000000E+00  0.0000000E+00
  0.0000000E+00  0.0000000E+00
  0.0000000E+00  0.0000000E+00
  0.0000000E+00  0.0000000E+00
  0.0000000E+00  0.0000000E+00
  0.0000000E+00  0.0000000E+00
  0.0000000E+00  0.0000000E+00
  0.0000000E+00  0.0000000E+00
  0.0000000E+00  0.0000000E+00
  0.0000000E+00  0.0000000E+00
  0.0000000E+00  0.0000000E+00
  0.0000000E+00  0.0000000E+00
  0.0000000E+00  0.0000000E+00
  0.0000000E+00  0.0000000E+00
  0.0000000E+00  0.0000000E+00
  0.0000000E+00  0.0000000E+00
  0.0000000E+00  0.0000000E+00
  0.0000000E+00  0.0000000E+00
  0.0000000E+00  0.0000000E+00
  0.0000000E+00  0.0000000E+00
  0.0000000E+00  0.0000000E+00
  0.0000000E+00  0.0000000E+00
  0.0000000E+00  0.0000000E+00
  0.0000000E+00  0.0000000E+00
  0.0000000E+00  0.0000000E+00
  0.0000000E+00  0.0000000E+00
  0.0000000E+00  0.0000000E+00
  0.0000000E+00  0.0000000E+00
  0.0000000E+00  0.0000000E+00
  0.0000000E+00  0.0000000E+00
  0.0000000E+00  0.0000000E+00
  0.0000000E+00  0.0000000E+00
  0.0000000E+00  0.0000000E+00
  0.0000000E+00  0.0000000E+00
  0.0000000E+00  0.0000000E+00
  0.0000000E+00  0.0000000E+00
  0.0000000E+00  0.0000000E+00
  0.0000000E+00  0.0000000E+00
  0.0000000E+00  0.0000000E+00
  0.0000000E+00  0.0000000E+00
  0.0000000E+00  0.0000000E+00
  0.0000000E+00  0.0000000E+00
  0.0000000E+00  0.0000000E+00
  0.0000000E+00  0.0000000E+00
  0.0000000E+00  0.0000000E+00
  0.0000000E+00  0.0000000E+00
  0.0000000E+00  0.0000000E+00
  0.0000000E+00  0.0000000E+00
  0.0000000E+00  0.0000000E+00
  0.0000000E+00  0.0000000E+00
  0.0000000E+00  0.0000000E+00
  0.0000000E+00  0.0000000E+00
  0.0000000E+00  0.0000000E+00
  0.0000000E+00  0.0000000E+00
  0.0000000E+00  0.0000000E+00
  0.0000000E+00  0.0000000E+00
  0.0000000E+00  0.0000000E+00
  0.0000000E+00  0.0000000E+00
  0.0000000E+00  0.0000000E+00
  0.0000000E+00  0.0000000E+00
  0.0000000E+00  0.0000000E+00
  0.0000000E+00  0.0000000E+00
  0.0000000E+00  0.0000000E+00
  0.0000000E+00  0.0000000E+00
  0.0000000E+00  0.0000000E+00
  0.0000000E+00  0.0000000E+00
  0.0000000E+00  0.0000000E+00
  0.0000000E+00  0.0000000E+00
  0.0000000E+00  0.0000000E+00
  0.0000000E+00  0.0000000E+00
  0.0000000E+00  0.0000000E+00
  0.0000000E+00  0.0000000E+00
  0.0000000E+00  0.0000000E+00
  0.0000000E+00  0.0000000E+00
  0.0000000E+00  0.0000000E+00
  0.0000000E+00  0.0000000E+00
  0.0000000E+00  0.0000000E+00
  0.0000000E+00  0.0000000E+00
  0.0000000E+00  0.0000000E+00
  0.0000000E+00  0.0000000E+00
  0.0000000E+00  0.0000000E+00
  0.0000000E+00  0.0000000E+00
  0.0000000E+00  0.0000000E+00
  0.0000000E+00  0.0000000E+00
  0.0000000E+00  0.0000000E+00
  0.0000000E+00  0.0000000E+00
  0.0000000E+00  0.0000000E+00
  0.0000000E+00  0.0000000E+00
  0.0000000E+00  0.0000000E+00
  0.0000000E+00  0.0000000E+00
  0.0000000E+00  0.0000000E+00
  0.0000000E+00  0.0000000E+00
  0.0000000E+00  0.0000000E+00
  0.0000000E+00  0.0000000E+00
  0.0000000E+00  0.0000000E+00
  0.0000000E+00  0.0000000E+00
  0.0000000E+00  0.0000000E+00
  0.0000000E+00  0.0000000E+00
  0.0000000E+00  0.0000000E+00
  0.0000000E+00  0.0000000E+00
  0.0000000E+00  0.0000000E+00
  0.0000000E+00  0.0000000E+00
  0.0000000E+00  0.0000000E+00
  0.0000000E+00  0.0000000E+00
  0.0000000E+00  0.0000000E+00
  0.0000000E+00  0.0000000E+00
  0.0000000E+00  0.0000000E+00
  0.0000000E+00  0.0000000E+00
  0.0000000E+00  0.0000000E+00
  0.0000000E+00  0.0000000E+00
  0.0000000E+00  0.0000000E+00
  0.0000000E+00  0.0000000E+00
  0.0000000E+00  0.0000000E+00
  0.0000000E+00  0.0000000E+00
  0.0000000E+00  0.0000000E+00
  0.0000000E+00  0.0000000E+00
  0.0000000E+00  0.0000000E+00
  0.0000000E+00  0.0000000E+00
  0.0000000E+00  0.0000000E+00
  0.0000000E+00  0.0000000E+00
  0.0000000E+00  0.0000000E+00
  0.0000000E+00  0.0000000E+00
  0.0000000E+00  0.0000000E+00
  0.0000000E+00  0.0000000E+00
  0.0000000E+00  0.0000000E+00
  0.0000000E+00  0.0000000E+00
  0.0000000E+00  0.0000000E+00
  0.0000000E+00  0.0000000E+00
  0.0000000E+00  0.0000000E+00
  0.0000000E+00  0.0000000E+00
  0.0000000E+00  0.0000000E+00
  0.0000000E+00  0.0000000E+00
  0.0000000E+00  0.0000000E+00
  0.0000000E+00  0.0000000E+00
  0.0000000E+00  0.0000000E+00
  0.0000000E+00  0.0000000E+00
  0.0000000E+00  0.0000000E+00
  0.0000000E+00  0.0000000E+00
  0.0000000E+00  0.0000000E+00
  0.0000000E+00  0.0000000E+00
  0.0000000E+00  0.0000000E+00
  0.0000000E+00  0.0000000E+00
  0.0000000E+00  0.0000000E+00
  0.0000000E+00  0.0000000E+00
  0.0000000E+00  0.0000000E+00
  0.0000000E+00  0.0000000E+00
  0.0000000E+00  0.0000000E+00
  0.0000000E+00  0.0000000E+00
  0.0000000E+00  0.0000000E+00
  0.0000000E+00  0.0000000E+00
  0.0000000E+00  0.0000000E+00
  0.0000000E+00  0.0000000E+00
  0.0000000E+00  0.0000000E+00
  0.0000000E+00  0.0000000E+00
  0.0000000E+00  0.0000000E+00
  0.0000000E+00  0.0000000E+00
  0.0000000E+00  0.0000000E+00
  0.0000000E+00  0.0000000E+00
  0.0000000E+00  0.0000000E+00
  0.0000000E+00  0.0000000E+00
  0.0000000E+00  0.0000000E+00
  0.0000000E+00  0.0000000E+00
  0.0000000E+00  0.0000000E+00
  0.0000000E+00  0.0000000E+00
  0.0000000E+00  0.0000000E+00
  0.0000000E+00  0.0000000E+00
  0.0000000E+00  0.0000000E+00
  0.0000000E+00  0.0000000E+00
  0.0000000E+00  0.0000000E+00
  0.0000000E+00  0.0000000E+00
  0.0000000E+00  0.0000000E+00
  0.0000000E+00  0.0000000E+00
  0.0000000E+00  0.0000000E+00
  0.0000000E+00  0.0000000E+00
  0.0000000E+00  0.0000000E+00
  0.0000000E+00  0.0000000E+00
  0.0000000E+00  0.0000000E+00
  0.0000000E+00  0.0000000E+00
  0.0000000E+00  0.0000000E+00
  0.0000000E+00  0.0000000E+00
  0.0000000E+00  0.0000000E+00
  0.0000000E+00  0.0000000E+00
  0.0000000E+00  0.0000000E+00
  0.0000000E+00  0.0000000E+00
  0.0000000E+00  0.0000000E+00
  0.0000000E+00  0.0000000E+00
  0.0000000E+00  0.0000000E+00
  0.0000000E+00  0.0000000E+00
  0.0000000E+00  0.0000000E+00
  0.0000000E+00  0.0000000E+00
  0.0000000E+00  0.0000000E+00
  0.0000000E+00  0.0000000E+00
  0.0000000E+00  0.0000000E+00
  0.0000000E+00  0.0000000E+00
  0.0000000E+00  0.0000000E+00
  0.0000000E+00  0.0000000E+00
  0.0000000E+00  0.0000000E+00
  0.0000000E+00  0.0000000E+00
  0.0000000E+00  0.0000000E+00
  0.0000000E+00  0.0000000E+00
  0.0000000E+00  0.0000000E+00
  0.0000000E+00  0.0000000E+00
  0.0000000E+00  0.0000000E+00
  0.0000000E+00  0.0000000E+00
  0.0000000E+00  0.0000000E+00
  0.0000000E+00  0.0000000E+00
  0.0000000E+00  0.0000000E+00
  0.0000000E+00  0.0000000E+00
  0.0000000E+00  0.0000000E+00
  0.0000000E+00  0.0000000E+00
  0.0000000E+00  0.0000000E+00
  0.0000000E+00  0.0000000E+00
  0.0000000E+00  0.0000000E+00
  0.0000000E+00  0.0000000E+00
  0.0000000E+00  0.0000000E+00
  0.0000000E+00  0.0000000E+00
  0.0000000E+00  0.0000000E+00
  0.0000000E+00  0.0000000E+00
  0.0000000E+00  0.0000000E+00
  0.0000000E+00  0.0000000E+00
  0.0000000E+00  0.0000000E+00
  0.0000000E+00  0.0000000E+00
  0.0000000E+00  0.0000000E+00
  0.0000000E+00  0.0000000E+00
  0.0000000E+00  0.0000000E+00
  0.0000000E+00  0.0000000E+00
  0.0000000E+00  0.0000000E+00
  0.0000000E+00  0.0000000E+00
  0.0000000E+00  0.0000000E+00
  0.0000000E+00  0.0000000E+00
  0.0000000E+00  0.0000000E+00
  0.0000000E+00  0.0000000E+00
  0.0000000E+00  0.0000000E+00
  0.0000000E+00  0.0000000E+00
  0.0000000E+00  0.0000000E+00
  0.0000000E+00  0.0000000E+00
  0.0000000E+00  0.0000000E+00
  0.0000000E+00  0.0000000E+00
  0.0000000E+00  0.0000000E+00
  0.0000000E+00  0.0000000E+00
  0.0000000E+00  0.0000000E+00
  0.0000000E+00  0.0000000E+00
  0.0000000E+00  0.0000000E+00
  0.0000000E+00  0.0000000E+00
  0.0000000E+00  0.0000000E+00
  0.0000000E+00  0.0000000E+00
  0.0000000E+00  0.0000000E+00
  0.0000000E+00  0.0000000E+00
  0.0000000E+00  0.0000000E+00
  0.0000000E+00  0.0000000E+00
  0.0000000E+00  0.0000000E+00
  0.0000000E+00  0.0000000E+00
  0.0000000E+00  0.0000000E+00
  0.0000000E+00  0.0000000E+00
  0.0000000E+00  0.0000000E+00
  0.0000000E+00  0.0000000E+00
  0.0000000E+00  0.0000000E+00
  0.0000000E+00  0.0000000E+00
  0.0000000E+00  0.0000000E+00
  0.0000000E+00  0.0000000E+00
  0.0000000E+00  0.0000000E+00
  0.0000000E+00  0.0000000E+00
  0.0000000E+00  0.0000000E+00
  0.0000000E+00  0.0000000E+00
  0.0000000E+00  0.0000000E+00
  0.0000000E+00  0.0000000E+00
  0.0000000E+00  0.0000000E+00
  0.0000000E+00  0.0000000E+00
  0.0000000E+00  0.0000000E+00
  0.0000000E+00  0.0000000E+00
  0.0000000E+00  0.0000000E+00
  0.0000000E+00  0.0000000E+00
  0.0000000E+00  0.0000000E+00
  0.0000000E+00  0.0000000E+00
  0.0000000E+00  0.0000000E+00
  0.0000000E+00  0.0000000E+00
  0.0000000E+00  0.0000000E+00
  0.0000000E+00  0.0000000E+00
  0.0000000E+00  0.0000000E+00
  0.0000000E+00  0.0000000E+00
  0.0000000E+00  0.0000000E+00
  0.0000000E+00  0.0000000E+00
  0.0000000E+00  0.0000000E+00
  0.0000000E+00  0.0000000E+00
  0.0000000E+00  0.0000000E+00
  0.0000000E+00  0.0000000E+00
  0.0000000E+00  0.0000000E+00
  0.0000000E+00  0.0000000E+00
  0.0000000E+00  0.0000000E+00
  0.0000000E+00  0.0000000E+00
  0.0000000E+00  0.0000000E+00
  0.0000000E+00  0.0000000E+00
  0.0000000E+00  0.0000000E+00
  0.0000000E+00  0.0000000E+00
  0.0000000E+00  0.0000000E+00
  0.0000000E+00  0.0000000E+00
  0.0000000E+00  0.0000000E+00
  0.0000000E+00  0.0000000E+00
  0.0000000E+00  0.0000000E+00
  0.0000000E+00  0.0000000E+00
  0.0000000E+00  0.0000000E+00
  0.0000000E+00  0.0000000E+00
  0.0000000E+00  0.0000000E+00
  0.0000000E+00  0.0000000E+00
  0.0000000E+00  0.0000000E+00
  0.0000000E+00  0.0000000E+00
  0.0000000E+00  0.0000000E+00
  0.0000000E+00  0.0000000E+00
  0.0000000E+00  0.0000000E+00
  0.0000000E+00  0.0000000E+00
  0.0000000E+00  0.0000000E+00
  0.0000000E+00  0.0000000E+00
  0.0000000E+00  0.0000000E+00
  0.0000000E+00  0.0000000E+00
  0.0000000E+00  0.0000000E+00
  0.0000000E+00  0.0000000E+00
  0.0000000E+00  0.0000000E+00
  0.0000000E+00  0.0000000E+00
  0.0000000E+00  0.0000000E+00
  0.0000000E+00  0.0000000E+00
  0.0000000E+00  0.0000000E+00
  0.0000000E+00  0.0000000E+00
  0.0000000E+00  0.0000000E+00
  0.0000000E+00  0.0000000E+00
  0.0000000E+00  0.0000000E+00
  0.0000000E+00  0.0000000E+00
  0.0000000E+00  0.0000000E+00
  0.0000000E+00  0.0000000E+00
  0.0000000E+00  0.0000000E+00
  0.0000000E+00  0.0000000E+00
  0.0000000E+00  0.0000000E+00
  0.0000000E+00  0.0000000E+00
  0.0000000E+00  0.0000000E+00
  0.0000000E+00  0.0000000E+00
  0.0000000E+00  0.0000000E+00
  0.0000000E+00  0.0000000E+00
  0.0000000E+00  0.0000000E+00
  0.0000000E+00  0.0000000E+00
  0.0000000E+00  0.0000000E+00
  0.0000000E+00  0.0000000E+00
  0.0000000E+00  0.0000000E+00
  0.0000000E+00  0.0000000E+00
  0.0000000E+00  0.0000000E+00
  0.0000000E+00  0.0000000E+00
  0.0000000E+00  0.0000000E+00
  0.0000000E+00  0.0000000E+00
  0.0000000E+00  0.0000000E+00
  0.0000000E+00  0.0000000E+00
  0.0000000E+00  0.0000000E+00
  0.0000000E+00  0.0000000E+00
  0.0000000E+00  0.0000000E+00
  0.0000000E+00  0.0000000E+00
  0.0000000E+00  0.0000000E+00
  0.0000000E+00  0.0000000E+00
  0.0000000E+00  0.0000000E+00
  0.0000000E+00  0.0000000E+00
  0.0000000E+00  0.0000000E+00
  0.0000000E+00  0.0000000E+00
  0.0000000E+00  0.0000000E+00
  0.0000000E+00  0.0000000E+00
  0.0000000E+00  0.0000000E+00
  0.0000000E+00  0.0000000E+00
  0.0000000E+00  0.0000000E+00
  0.0000000E+00  0.0000000E+00
  0.0000000E+00  0.0000000E+00
  0.0000000E+00  0.0000000E+00
  0.0000000E+00  0.0000000E+00
  0.0000000E+00  0.0000000E+00
  0.0000000E+00  0.0000000E+00
  0.0000000E+00  0.0000000E+00
  0.0000000E+00  0.0000000E+00
  0.0000000E+00  0.0000000E+00
  0.0000000E+00  0.0000000E+00
  0.0000000E+00  0.0000000E+00
  0.0000000E+00  0.0000000E+00
  0.0000000E+00  0.0000000E+00
  0.0000000E+00  0.0000000E+00
  0.0000000E+00  0.0000000E+00
  0.0000000E+00  0.0000000E+00
  0.0000000E+00  0.0000000E+00
  0.0000000E+00  0.0000000E+00
  0.0000000E+00  0.0000000E+00
  0.0000000E+00  0.0000000E+00
  0.0000000E+00  0.0000000E+00
  0.0000000E+00  0.0000000E+00
  0.0000000E+00  0.0000000E+00
  0.0000000E+00  0.0000000E+00
  0.0000000E+00  0.0000000E+00
  0.0000000E+00  0.0000000E+00
  0.0000000E+00  0.0000000E+00
  0.0000000E+00  0.0000000E+00
  0.0000000E+00  0.0000000E+00
  0.0000000E+00  0.0000000E+00
  0.0000000E+00  0.0000000E+00
  0.0000000E+00  0.0000000E+00
  0.0000000E+00  0.0000000E+00
  0.0000000E+00  0.0000000E+00
  0.0000000E+00  0.0000000E+00
  0.0000000E+00  0.0000000E+00
  0.0000000E+00  0.0000000E+00
  0.0000000E+00  0.0000000E+00
  0.0000000E+00  0.0000000E+00
  0.0000000E+00  0.0000000E+00
  0.0000000E+00  0.0000000E+00
  0.0000000E+00  0.0000000E+00
  0.0000000E+00  0.0000000E+00
  0.0000000E+00  0.0000000E+00
  0.0000000E+00  0.0000000E+00
  0.0000000E+00  0.0000000E+00
  0.0000000E+00  0.0000000E+00
  0.0000000E+00  0.0000000E+00
  0.0000000E+00  0.0000000E+00
  0.0000000E+00  0.0000000E+00
  0.0000000E+00  0.0000000E+00
  0.0000000E+00  0.0000000E+00
  0.0000000E+00  0.0000000E+00
  0.0000000E+00  0.0000000E+00
  0.0000000E+00  0.0000000E+00
  0.0000000E+00  0.0000000E+00
  0.0000000E+00  0.0000000E+00
  0.0000000E+00  0.0000000E+00
  0.0000000E+00  0.0000000E+00
  0.0000000E+00  0.0000000E+00
  0.0000000E+00  0.0000000E+00
  0.0000000E+00  0.0000000E+00
  0.0000000E+00  0.0000000E+00
  0.0000000E+00  0.0000000E+00
  0.0000000E+00  0.0000000E+00
  0.0000000E+00  0.0000000E+00
  0.0000000E+00  0.0000000E+00
  0.0000000E+00  0.0000000E+00
  0.0000000E+00  0.0000000E+00
  0.0000000E+00  0.0000000E+00
  0.0000000E+00  0.0000000E+00
  0.0000000E+00  0.0000000E+00
  0.0000000E+00  0.0000000E+00
  0.0000000E+00  0.0000000E+00
  0.0000000E+00  0.0000000E+00
  0.0000000E+00  0.0000000E+00
  0.0000000E+00  0.0000000E+00
  0.0000000E+00  0.0000000E+00
  0.0000000E+00  0.0000000E+00
  0.0000000E+00  0.0000000E+00
  0.0000000E+00  0.0000000E+00
  0.0000000E+00  0.0000000E+00
  0.0000000E+00  0.0000000E+00
  0.0000000E+00  0.0000000E+00
  0.0000000E+00  0.0000000E+00
  0.0000000E+00  0.0000000E+00
  0.0000000E+00  0.0000000E+00
  0.0000000E+00  0.0000000E+00
  0.0000000E+00  0.0000000E+00
  0.0000000E+00  0.0000000E+00
  0.0000000E+00  0.0000000E+00
  0.0000000E+00  0.0000000E+00
  0.0000000E+00  0.0000000E+00
  0.0000000E+00  0.0000000E+00
  0.0000000E+00  0.0000000E+00
  0.0000000E+00  0.0000000E+00
  0.0000000E+00  0.0000000E+00
  0.0000000E+00  0.0000000E+00
  0.0000000E+00  0.0000000E+00
  0.0000000E+00  0.0000000E+00
  0.0000000E+00  0.0000000E+00
  0.0000000E+00  0.0000000E+00
  0.0000000E+00  0.0000000E+00
  0.0000000E+00  0.0000000E+00
  0.0000000E+00  0.0000000E+00
  0.0000000E+00  0.0000000E+00
  0.0000000E+00  0.0000000E+00
  0.0000000E+00  0.0000000E+00
  0.0000000E+00  0.0000000E+00
  0.0000000E+00  0.0000000E+00
  0.0000000E+00  0.0000000E+00
  0.0000000E+00  0.0000000E+00
  0.0000000E+00  0.0000000E+00
  0.0000000E+00  0.0000000E+00
  0.0000000E+00  0.0000000E+00
  0.0000000E+00  0.0000000E+00
  0.0000000E+00  0.0000000E+00
  0.0000000E+00  0.0000000E+00
  0.0000000E+00  0.0000000E+00
  0.0000000E+00  0.0000000E+00
  0.0000000E+00  0.0000000E+00
  0.0000000E+00  0.0000000E+00
  0.0000000E+00  0.0000000E+00
  0.0000000E+00  0.0000000E+00
  0.0000000E+00  0.0000000E+00
  0.0000000E+00  0.0000000E+00
  0.0000000E+00  0.0000000E+00
  0.0000000E+00  0.0000000E+00
  0.0000000E+00  0.0000000E+00
  0.0000000E+00  0.0000000E+00
  0.0000000E+00  0.0000000E+00
  0.0000000E+00  0.0000000E+00
  0.0000000E+00  0.0000000E+00
  0.0000000E+00  0.0000000E+00
  0.0000000E+00  0.0000000E+00
  0.0000000E+00  0.0000000E+00
  0.0000000E+00  0.0000000E+00
  0.0000000E+00  0.0000000E+00
  0.0000000E+00  0.0000000E+00
  0.0000000E+00  0.0000000E+00
  0.0000000E+00  0.0000000E+00
  0.0000000E+00  0.0000000E+00
  0.0000000E+00  0.0000000E+00
  0.0000000E+00  0.0000000E+00
  0.0000000E+00  0.0000000E+00
  0.0000000E+00  0.0000000E+00
  0.0000000E+00  0.0000000E+00
  0.0000000E+00  0.0000000E+00
  0.0000000E+00  0.0000000E+00
  0.0000000E+00  0.0000000E+00
  0.0000000E+00  0.0000000E+00
  0.0000000E+00  0.0000000E+00
  0.0000000E+00  0.0000000E+00
  0.0000000E+00  0.0000000E+00
  0.0000000E+00  0.0000000E+00
  0.0000000E+00  0.0000000E+00
  0.0000000E+00  0.0000000E+00
  0.0000000E+00  0.0000000E+00
  0.0000000E+00  0.0000000E+00
  0.0000000E+00  0.0000000E+00
  0.0000000E+00  0.0000000E+00
  0.0000000E+00  0.0000000E+00
  0.0000000E+00  0.0000000E+00
  0.0000000E+00  0.0000000E+00
  0.0000000E+00  0.0000000E+00
  0.0000000E+00  0.0000000E+00
  0.0000000E+00  0.0000000E+00
  0.0000000E+00  0.0000000E+00
  0.0000000E+00  0.0000000E+00
  0.0000000E+00  0.0000000E+00
  0.0000000E+00  0.0000000E+00
  0.0000000E+00  0.0000000E+00
  0.0000000E+00  0.0000000E+00
  0.0000000E+00  0.0000000E+00
  0.0000000E+00  0.0000000E+00
  0.0000000E+00  0.0000000E+00
  0.0000000E+00  0.0000000E+00
  0.0000000E+00  0.0000000E+00
  0.0000000E+00  0.0000000E+00
  0.0000000E+00  0.0000000E+00
  0.0000000E+00  0.0000000E+00
  0.0000000E+00  0.0000000E+00
  0.0000000E+00  0.0000000E+00
  0.0000000E+00  0.0000000E+00
  0.0000000E+00  0.0000000E+00
  0.0000000E+00  0.0000000E+00
  0.0000000E+00  0.0000000E+00
  0.0000000E+00  0.0000000E+00
  0.0000000E+00  0.0000000E+00
  0.0000000E+00  0.0000000E+00
  0.0000000E+00  0.0000000E+00
  0.0000000E+00  0.0000000E+00
  0.0000000E+00  0.0000000E+00
  0.0000000E+00  0.0000000E+00
  0.0000000E+00  0.0000000E+00
  0.0000000E+00  0.0000000E+00
  0.0000000E+00  0.0000000E+00
  0.0000000E+00  0.0000000E+00
  0.0000000E+00  0.0000000E+00
  0.0000000E+00  0.0000000E+00
  0.0000000E+00  0.0000000E+00
  0.0000000E+00  0.0000000E+00
  0.0000000E+00  0.0000000E+00
  0.0000000E+00  0.0000000E+00
  0.0000000E+00  0.0000000E+00
  0.0000000E+00  0.0000000E+00
  0.0000000E+00  0.0000000E+00
  0.0000000E+00  0.0000000E+00
  0.0000000E+00  0.0000000E+00
  0.0000000E+00  0.0000000E+00
  0.0000000E+00  0.0000000E+00
  0.0000000E+00  0.0000000E+00
  0.0000000E+00  0.0000000E+00
  0.0000000E+00  0.0000000E+00
  0.0000000E+00  0.0000000E+00
  0.0000000E+00  0.0000000E+00
  0.0000000E+00  0.0000000E+00
  0.0000000E+00  0.0000000E+00
  0.0000000E+00  0.0000000E+00
  0.0000000E+00  0.0000000E+00
  0.0000000E+00  0.0000000E+00
  0.0000000E+00  0.0000000E+00
  0.0000000E+00  0.0000000E+00
  0.0000000E+00  0.0000000E+00
  0.0000000E+00  0.0000000E+00
  0.0000000E+00  0.0000000E+00
  0.0000000E+00  0.0000000E+00
  0.0000000E+00  0.0000000E+00
  0.0000000E+00  0.0000000E+00
  0.0000000E+00  0.0000000E+00
  0.0000000E+00  0.0000000E+00
  0.0000000E+00  0.0000000E+00
  0.0000000E+00  0.0000000E+00
  0.0000000E+00  0.0000000E+00
  0.0000000E+00  0.0000000E+00
  0.0000000E+00  0.0000000E+00
  0.0000000E+00  0.0000000E+00
  0.0000000E+00  0.0000000E+00
  0.0000000E+00  0.0000000E+00
  0.0000000E+00  0.0000000E+00
  0.0000000E+00  0.0000000E+00
  0.0000000E+00  0.0000000E+00
  0.0000000E+00  0.0000000E+00
  0.0000000E+00  0.0000000E+00
  0.0000000E+00  0.0000000E+00
  0.0000000E+00  0.0000000E+00
  0.0000000E+00  0.0000000E+00
  0.0000000E+00  0.0000000E+00
  0.0000000E+00  0.0000000E+00
  0.0000000E+00  0.0000000E+00
  0.0000000E+00  0.0000000E+00
  0.0000000E+00  0.0000000E+00
  0.0000000E+00  0.0000000E+00
  0.0000000E+00  0.0000000E+00
  0.0000000E+00  0.0000000E+00
  0.0000000E+00  0.0000000E+00
  0.0000000E+00  0.0000000E+00
  0.0000000E+00  0.0000000E+00
  0.0000000E+00  0.0000000E+00
  0.0000000E+00  0.0000000E+00
  0.0000000E+00  0.0000000E+00
  0.0000000E+00  0.0000000E+00
  0.0000000E+00  0.0000000E+00
  0.0000000E+00  0.0000000E+00
  0.0000000E+00  0.0000000E+00
  0.0000000E+00  0.0000000E+00
  0.0000000E+00  0.0000000E+00
  0.0000000E+00  0.0000000E+00
  0.0000000E+00  0.0000000E+00
  0.0000000E+00  0.0000000E+00
  0.0000000E+00  0.0000000E+00
  0.0000000E+00  0.0000000E+00
  0.0000000E+00  0.0000000E+00
  0.0000000E+00  0.0000000E+00
  0.0000000E+00  0.0000000E+00
  0.0000000E+00  0.0000000E+00
  0.0000000E+00  0.0000000E+00
  0.0000000E+00  0.0000000E+00
  0.0000000E+00  0.0000000E+00
  0.0000000E+00  0.0000000E+00
  0.0000000E+00  0.0000000E+00
  0.0000000E+00  0.0000000E+00
  0.0000000E+00  0.0000000E+00
  0.0000000E+00  0.0000000E+00
  0.0000000E+00  0.0000000E+00
  0.0000000E+00  0.0000000E+00
  0.0000000E+00  0.0000000E+00
  0.0000000E+00  0.0000000E+00
  0.0000000E+00  0.0000000E+00
  0.0000000E+00  0.0000000E+00
  0.0000000E+00  0.0000000E+00
  0.0000000E+00  0.0000000E+00
  0.0000000E+00  0.0000000E+00
  0.0000000E+00  0.0000000E+00
  0.0000000E+00  0.0000000E+00
  0.0000000E+00  0.0000000E+00
  0.0000000E+00  0.0000000E+00
  0.0000000E+00  0.0000000E+00
  0.0000000E+00  0.0000000E+00
  0.0000000E+00  0.0000000E+00
  0.0000000E+00  0.0000000E+00
  0.0000000E+00  0.0000000E+00
  0.0000000E+00  0.0000000E+00
  0.0000000E+00  0.0000000E+00
  0.0000000E+00  0.0000000E+00
  0.0000000E+00  0.0000000E+00
  0.0000000E+00  0.0000000E+00
  0.0000000E+00  0.0000000E+00
  0.0000000E+00  0.0000000E+00
  0.0000000E+00  0.0000000E+00
  0.0000000E+00  0.0000000E+00
  0.0000000E+00  0.0000000E+00
  0.0000000E+00  0.0000000E+00
  0.0000000E+00  0.0000000E+00
  0.0000000E+00  0.0000000E+00
  0.0000000E+00  0.0000000E+00
  0.0000000E+00  0.0000000E+00
  0.0000000E+00  0.0000000E+00
  0.0000000E+00  0.0000000E+00
  0.0000000E+00  0.0000000E+00
  0.0000000E+00  0.0000000E+00
  0.0000000E+00  0.0000000E+00
  0.0000000E+00  0.0000000E+00
  0.0000000E+00  0.0000000E+00
  0.0000000E+00  0.0000000E+00
  0.0000000E+00  0.0000000E+00
  0.0000000E+00  0.0000000E+00
  0.0000000E+00  0.0000000E+00
  0.0000000E+00  0.0000000E+00
  0.0000000E+00  0.0000000E+00
  0.0000000E+00  0.0000000E+00
  0.0000000E+00  0.0000000E+00
  0.0000000E+00  0.0000000E+00
  0.0000000E+00  0.0000000E+00
  0.0000000E+00  0.0000000E+00
  0.0000000E+00  0.0000000E+00
  0.0000000E+00  0.0000000E+00
  0.0000000E+00  0.0000000E+00
  0.0000000E+00  0.0000000E+00
  0.0000000E+00  0.0000000E+00
  0.0000000E+00  0.0000000E+00
  0.0000000E+00  0.0000000E+00
  0.0000000E+00  0.0000000E+00
  0.0000000E+00  0.0000000E+00
  0.0000000E+00  0.0000000E+00
  0.0000000E+00  0.0000000E+00
  0.0000000E+00  0.0000000E+00
  0.0000000E+00  0.0000000E+00
  0.0000000E+00  0.0000000E+00
  0.0000000E+00  0.0000000E+00
  0.0000000E+00  0.0000000E+00
  0.0000000E+00  0.0000000E+00
  0.0000000E+00  0.0000000E+00
  0.0000000E+00  0.0000000E+00
  0.0000000E+00  0.0000000E+00
  0.0000000E+00  0.0000000E+00
  0.0000000E+00  0.0000000E+00
  0.0000000E+00  0.0000000E+00
  0.0000000E+00  0.0000000E+00
  0.0000000E+00  0.0000000E+00
  0.0000000E+00  0.0000000E+00
  0.0000000E+00  0.0000000E+00
  0.0000000E+00  0.0000000E+00
  0.0000000E+00  0.0000000E+00
  0.0000000E+00  0.0000000E+00
  0.0000000E+00  0.0000000E+00
  0.0000000E+00  0.0000000E+00
  0.0000000E+00  0.0000000E+00
  0.0000000E+00  0.0000000E+00
  0.0000000E+00  0.0000000E+00
  0.0000000E+00  0.0000000E+00
  0.0000000E+00  0.0000000E+00
  0.0000000E+00  0.0000000E+00
  0.0000000E+00  0.0000000E+00
  0.0000000E+00  0.0000000E+00
  0.0000000E+00  0.0000000E+00
  0.0000000E+00  0.0000000E+00
  0.0000000E+00  0.0000000E+00
  0.0000000E+00  0.0000000E+00
  0.0000000E+00  0.0000000E+00
  0.0000000E+00  0.0000000E+00
  0.0000000E+00  0.0000000E+00
  0.0000000E+00  0.0000000E+00
  0.0000000E+00  0.0000000E+00
  0.0000000E+00  0.0000000E+00
  0.0000000E+00  0.0000000E+00
  0.0000000E+00  0.0000000E+00
  0.0000000E+00  0.0000000E+00
  0.0000000E+00  0.0000000E+00
  0.0000000E+00  0.0000000E+00
  0.0000000E+00  0.0000000E+00
  0.0000000E+00  0.0000000E+00
  0.0000000E+00  0.0000000E+00
  0.0000000E+00  0.0000000E+00
  0.0000000E+00  0.0000000E+00
  0.0000000E+00  0.0000000E+00
  0.0000000E+00  0.0000000E+00
  0.0000000E+00  0.0000000E+00
  0.0000000E+00  0.0000000E+00
  0.0000000E+00  0.0000000E+00
  0.0000000E+00  0.0000000E+00
  0.0000000E+00  0.0000000E+00
  0.0000000E+00  0.0000000E+00
  0.0000000E+00  0.0000000E+00
  0.0000000E+00  0.0000000E+00
  0.0000000E+00  0.0000000E+00
  0.0000000E+00  0.0000000E+00
  0.0000000E+00  0.0000000E+00
  0.0000000E+00  0.0000000E+00
  0.0000000E+00  0.0000000E+00
  0.0000000E+00  0.0000000E+00
  0.0000000E+00  0.0000000E+00
  0.0000000E+00  0.0000000E+00
  0.0000000E+00  0.0000000E+00
  0.0000000E+00  0.0000000E+00
  0.0000000E+00  0.0000000E+00
  0.0000000E+00  0.0000000E+00
  0.0000000E+00  0.0000000E+00
  0.0000000E+00  0.0000000E+00
  0.0000000E+00  0.0000000E+00
  0.0000000E+00  0.0000000E+00
  0.0000000E+00  0.0000000E+00
  0.0000000E+00  0.0000000E+00
  0.0000000E+00  0.0000000E+00
  0.0000000E+00  0.0000000E+00
  0.0000000E+00  0.0000000E+00
  0.0000000E+00  0.0000000E+00
  0.0000000E+00  0.0000000E+00
  0.0000000E+00  0.0000000E+00
  0.0000000E+00  0.0000000E+00
  0.0000000E+00  0.0000000E+00
  0.0000000E+00  0.0000000E+00
  0.0000000E+00  0.0000000E+00
  0.0000000E+00  0.0000000E+00
  0.0000000E+00  0.0000000E+00
  0.0000000E+00  0.0000000E+00
  0.0000000E+00  0.0000000E+00
  0.0000000E+00  0.0000000E+00
  0.0000000E+00  0.0000000E+00
  0.0000000E+00  0.0000000E+00
  0.0000000E+00  0.0000000E+00
  0.0000000E+00  0.0000000E+00
  0.0000000E+00  0.0000000E+00
  0.0000000E+00  0.0000000E+00
  0.0000000E+00  0.0000000E+00
  0.0000000E+00  0.0000000E+00
  0.0000000E+00  0.0000000E+00
  0.0000000E+00  0.0000000E+00
  0.0000000E+00  0.0000000E+00
  0.0000000E+00  0.0000000E+00
  0.0000000E+00  0.0000000E+00
  0.0000000E+00  0.0000000E+00
  0.0000000E+00  0.0000000E+00
  0.0000000E+00  0.0000000E+00
  0.0000000E+00  0.0000000E+00
  0.0000000E+00  0.0000000E+00
  0.0000000E+00  0.0000000E+00
  0.0000000E+00  0.0000000E+00
  0.0000000E+00  0.0000000E+00
  0.0000000E+00  0.0000000E+00
  0.0000000E+00  0.0000000E+00
  0.0000000E+00  0.0000000E+00
  0.0000000E+00  0.0000000E+00
  0.0000000E+00  0.0000000E+00
  0.0000000E+00  0.0000000E+00
  0.0000000E+00  0.0000000E+00
  0.0000000E+00  0.0000000E+00
  0.0000000E+00  0.0000000E+00
  0.0000000E+00  0.0000000E+00
  0.0000000E+00  0.0000000E+00
  0.0000000E+00  0.0000000E+00
  0.0000000E+00  0.0000000E+00
  0.0000000E+00  0.0000000E+00
  0.0000000E+00  0.0000000E+00
  0.0000000E+00  0.0000000E+00
  0.0000000E+00  0.0000000E+00
  0.0000000E+00  0.0000000E+00
  0.0000000E+00  0.0000000E+00
  0.0000000E+00  0.0000000E+00
  0.0000000E+00  0.0000000E+00
  0.0000000E+00  0.0000000E+00
  0.0000000E+00  0.0000000E+00
  0.0000000E+00  0.0000000E+00
  0.0000000E+00  0.0000000E+00
  0.0000000E+00  0.0000000E+00
  0.0000000E+00  0.0000000E+00
  0.0000000E+00  0.0000000E+00
  0.0000000E+00  0.0000000E+00
  0.0000000E+00  0.0000000E+00
  0.0000000E+00  0.0000000E+00
  0.0000000E+00  0.0000000E+00
  0.0000000E+00  0.0000000E+00
  0.0000000E+00  0.0000000E+00
  0.0000000E+00  0.0000000E+00
  0.0000000E+00  0.0000000E+00
  0.0000000E+00  0.0000000E+00
  0.0000000E+00  0.0000000E+00
  0.0000000E+00  0.0000000E+00
  0.0000000E+00  0.0000000E+00
  0.0000000E+00  0.0000000E+00
  0.0000000E+00  0.0000000E+00
  0.0000000E+00  0.0000000E+00
  0.0000000E+00  0.0000000E+00
  0.0000000E+00  0.0000000E+00
  0.0000000E+00  0.0000000E+00
  0.0000000E+00  0.0000000E+00
  0.0000000E+00  0.0000000E+00
  0.0000000E+00  0.0000000E+00
  0.0000000E+00  0.0000000E+00
  0.0000000E+00  0.0000000E+00
  0.0000000E+00  0.0000000E+00
  0.0000000E+00  0.0000000E+00
  0.0000000E+00  0.0000000E+00
  0.0000000E+00  0.0000000E+00
  0.0000000E+00  0.0000000E+00
  0.0000000E+00  0.0000000E+00
  0.0000000E+00  0.0000000E+00
  0.0000000E+00  0.0000000E+00
  0.0000000E+00  0.0000000E+00
  0.0000000E+00  0.0000000E+00
  0.0000000E+00  0.0000000E+00
  0.0000000E+00  0.0000000E+00
  0.0000000E+00  0.0000000E+00
  0.0000000E+00  0.0000000E+00
  0.0000000E+00  0.0000000E+00
  0.0000000E+00  0.0000000E+00
  0.0000000E+00  0.0000000E+00
  0.0000000E+00  0.0000000E+00
  0.0000000E+00  0.0000000E+00
  0.0000000E+00  0.0000000E+00
  0.0000000E+00  0.0000000E+00
  0.0000000E+00  0.0000000E+00
  0.0000000E+00  0.0000000E+00
  0.0000000E+00  0.0000000E+00
  0.0000000E+00  0.0000000E+00
  0.0000000E+00  0.0000000E+00
  0.0000000E+00  0.0000000E+00
  0.0000000E+00  0.0000000E+00
  0.0000000E+00  0.0000000E+00
  0.0000000E+00  0.0000000E+00
  0.0000000E+00  0.0000000E+00
  0.0000000E+00  0.0000000E+00
  0.0000000E+00  0.0000000E+00
  0.0000000E+00  0.0000000E+00
  0.0000000E+00  0.0000000E+00
  0.0000000E+00  0.0000000E+00
  0.0000000E+00  0.0000000E+00
  0.0000000E+00  0.0000000E+00
  0.0000000E+00  0.0000000E+00
  0.0000000E+00  0.0000000E+00
  0.0000000E+00  0.0000000E+00
  0.0000000E+00  0.0000000E+00
  0.0000000E+00  0.0000000E+00
  0.0000000E+00  0.0000000E+00
  0.0000000E+00  0.0000000E+00
  0.0000000E+00  0.0000000E+00
  0.0000000E+00  0.0000000E+00
  0.0000000E+00  0.0000000E+00
  0.0000000E+00  0.0000000E+00
  0.0000000E+00  0.0000000E+00
  0.0000000E+00  0.0000000E+00
  0.0000000E+00  0.0000000E+00
  0.0000000E+00  0.0000000E+00
  0.0000000E+00  0.0000000E+00
  0.0000000E+00  0.0000000E+00
  0.0000000E+00  0.0000000E+00
  0.0000000E+00  0.0000000E+00
  0.0000000E+00  0.0000000E+00
  0.0000000E+00  0.0000000E+00
  0.0000000E+00  0.0000000E+00
  0.0000000E+00  0.0000000E+00
  0.0000000E+00  0.0000000E+00
  0.0000000E+00  0.0000000E+00
  0.0000000E+00  0.0000000E+00
  0.0000000E+00  0.0000000E+00
  0.0000000E+00  0.0000000E+00
  0.0000000E+00  0.0000000E+00
  0.0000000E+00  0.0000000E+00
  0.0000000E+00  0.0000000E+00
  0.0000000E+00  0.0000000E+00
  0.0000000E+00  0.0000000E+00
  0.0000000E+00  0.0000000E+00
  0.0000000E+00  0.0000000E+00
  0.0000000E+00  0.0000000E+00
  0.0000000E+00  0.0000000E+00
  0.0000000E+00  0.0000000E+00
  0.0000000E+00  0.0000000E+00
  0.0000000E+00  0.0000000E+00
  0.0000000E+00  0.0000000E+00
  0.0000000E+00  0.0000000E+00
  0.0000000E+00  0.0000000E+00
  0.0000000E+00  0.0000000E+00
  0.0000000E+00  0.0000000E+00
  0.0000000E+00  0.0000000E+00
  0.0000000E+00  0.0000000E+00
  0.0000000E+00  0.0000000E+00
  0.0000000E+00  0.0000000E+00
  0.0000000E+00  0.0000000E+00
  0.0000000E+00  0.0000000E+00
  0.0000000E+00  0.0000000E+00
  0.0000000E+00  0.0000000E+00
  0.0000000E+00  0.0000000E+00
  0.0000000E+00  0.0000000E+00
  0.0000000E+00  0.0000000E+00
  0.0000000E+00  0.0000000E+00
  0.0000000E+00  0.0000000E+00
  0.0000000E+00  0.0000000E+00
  0.0000000E+00  0.0000000E+00
  0.0000000E+00  0.0000000E+00
  0.0000000E+00  0.0000000E+00
  0.0000000E+00  0.0000000E+00
  0.0000000E+00  0.0000000E+00
  0.0000000E+00  0.0000000E+00
  0.0000000E+00  0.0000000E+00
  0.0000000E+00  0.0000000E+00
  0.0000000E+00  0.0000000E+00
  0.0000000E+00  0.0000000E+00
  0.0000000E+00  0.0000000E+00
  0.0000000E+00  0.0000000E+00
  0.0000000E+00  0.0000000E+00
