 -0.2277373E+00 -0.3728157E-06
 -0.1582721E+00 -0.2858669E-06
 -0.1229394E+00 -0.2433920E-06
 -0.9813030E-01 -0.2130983E-06
 -0.8871637E-01 -0.2019550E-06
 -0.8550468E-01 -0.1982526E-06
  0.7399443E+00  0.8203440E-06
 -0.2895730E-01 -0.1269960E-06
 -0.2431196E-01 -0.1215931E-06
 -0.1927587E-01 -0.1188158E-06
 -0.9240630E-02 -0.1268004E-06
 -0.2835432E-01 -0.1487869E-06
 -0.4716919E-01 -0.1707208E-06
 -0.6570838E-01 -0.1923660E-06
 -0.8325155E-01 -0.2128327E-06
 -0.1007784E+00 -0.2333396E-06
 -0.1183181E+00 -0.2538360E-06
 -0.1355168E+00 -0.2737164E-06
 -0.1527370E+00 -0.2938638E-06
 -0.1681836E+00 -0.3119422E-06
 -0.1828364E+00 -0.3289371E-06
 -0.1978492E+00 -0.3465820E-06
 -0.2106774E+00 -0.3615898E-06
 -0.2226258E+00 -0.3754666E-06
 -0.2351434E+00 -0.3901885E-06
 -0.2450013E+00 -0.4017240E-06
 -0.2538251E+00 -0.4119145E-06
 -0.2633740E+00 -0.4232481E-06
 -0.2698713E+00 -0.4308697E-06
 -0.2751722E+00 -0.4369145E-06
 -0.2812859E+00 -0.4442002E-06
 -0.2840695E+00 -0.4475046E-06
 -0.2855244E+00 -0.4490882E-06
 -0.2878430E+00 -0.4519025E-06
 -0.2866802E+00 -0.4505450E-06
 -0.2841829E+00 -0.4474903E-06
 -0.2826104E+00 -0.4457811E-06
 -0.2775718E+00 -0.4398976E-06
 -0.2712624E+00 -0.4323345E-06
 -0.2659190E+00 -0.4262466E-06
 -0.2572515E+00 -0.4161051E-06
 -0.2474458E+00 -0.4044748E-06
 -0.2385966E+00 -0.3942536E-06
 -0.2267081E+00 -0.3803559E-06
 -0.2138637E+00 -0.3652186E-06
 -0.2019480E+00 -0.3513539E-06
 -0.1873803E+00 -0.3343736E-06
 -0.1720797E+00 -0.3163471E-06
 -0.1576252E+00 -0.2995589E-06
 -0.1410101E+00 -0.2801443E-06
 -0.1238930E+00 -0.2600696E-06
 -0.1074957E+00 -0.2409277E-06
 -0.8951110E-01 -0.2199882E-06
 -0.7124626E-01 -0.1985493E-06
 -0.5353053E-01 -0.1779064E-06
 -0.3485884E-01 -0.1561281E-06
 -0.1611852E-01 -0.1341503E-06
  0.2277650E-02 -0.1126377E-06
  0.2095642E-01 -0.9087681E-07
  0.3951699E-01 -0.6910030E-07
  0.5793522E-01 -0.4756954E-07
  0.7596990E-01 -0.2654271E-07
  0.9366840E-01 -0.5760924E-08
  0.1114158E+00  0.1504391E-07
  0.1281610E+00  0.3452502E-07
  0.1444026E+00  0.5366211E-07
  0.1608988E+00  0.7303753E-07
  0.1757360E+00  0.9026343E-07
  0.1899113E+00  0.1070168E-06
  0.2045445E+00  0.1242755E-06
  0.2169364E+00  0.1386840E-06
  0.2284312E+00  0.1522614E-06
  0.2405166E+00  0.1665356E-06
  0.2498789E+00  0.1774308E-06
  0.2581550E+00  0.1872407E-06
  0.2671451E+00  0.1979232E-06
  0.2729894E+00  0.2046346E-06
  0.2776292E+00  0.2101201E-06
  0.2831174E+00  0.2167002E-06
  0.2855881E+00  0.2194838E-06
  0.2877460E+00  0.2221505E-06
  0.2853529E+00  0.2186337E-06
  0.2771541E+00  0.2080690E-06
  0.2730524E+00  0.2030751E-06
  0.2690796E+00  0.1983522E-06
  0.2640911E+00  0.1924669E-06
  0.2580690E+00  0.1853933E-06
  0.2510549E+00  0.1771858E-06
  0.2430162E+00  0.1677724E-06
  0.2339000E+00  0.1571468E-06
  0.2237048E+00  0.1452048E-06
  0.2124808E+00  0.1320305E-06
  0.2003190E+00  0.1178188E-06
  0.1873101E+00  0.1025671E-06
  0.1735115E+00  0.8646359E-07
  0.1589066E+00  0.6935528E-07
  0.1436380E+00  0.5149265E-07
  0.1278168E+00  0.3300037E-07
  0.1113366E+00  0.1379318E-07
  0.9373735E-01 -0.6793524E-08
  0.7607587E-01 -0.2699883E-07
  0.6111830E-01 -0.4388923E-07
  0.4400058E-01 -0.6393938E-07
  0.2607406E-01 -0.8519136E-07
  0.8331157E-02 -0.1066428E-06
  0.1546455E-01 -0.7620972E-07
  0.1747855E-01 -0.7002856E-07
  0.1923975E-01 -0.6737707E-07
  0.2155114E-01 -0.6463327E-07
  0.2494517E-01 -0.6017785E-07
  0.2949749E-01 -0.5446582E-07
  0.3765535E-01 -0.4423503E-07
  0.9653195E-01  0.2930921E-07
  0.1219564E+00  0.6221089E-07
  0.2032588E+00  0.1618881E-06
  0.6183349E+00  0.6760200E-06
  0.7567179E+00  0.8397071E-06
  0.1478925E+01  0.1744331E-05
  0.1819354E+01  0.2166542E-05
  0.2074795E+01  0.2483285E-05
  0.2233621E+01  0.2680148E-05
  0.2288489E+01  0.2748029E-05
  0.2235638E+01  0.2682287E-05
  0.2081254E+01  0.2490555E-05
  0.1840040E+01  0.2191108E-05
  0.1521021E+01  0.1795138E-05
  0.1135166E+01  0.1316252E-05
  0.7004846E+00  0.7768571E-06
  0.2368008E+00  0.2014971E-06
 -0.2368283E+00 -0.3861967E-06
 -0.7007786E+00 -0.9618162E-06
 -0.1135600E+01 -0.1501266E-05
 -0.1522955E+01 -0.1981831E-05
 -0.1845469E+01 -0.2381894E-05
 -0.2088020E+01 -0.2682703E-05
 -0.2237451E+01 -0.2867974E-05
 -0.2284073E+01 -0.2925586E-05
 -0.2228522E+01 -0.2856433E-05
 -0.2080172E+01 -0.2672153E-05
 -0.1842160E+01 -0.2376665E-05
 -0.1521126E+01 -0.1978125E-05
 -0.1132152E+01 -0.1495301E-05
 -0.6910059E+00 -0.9477457E-06
  0.5475725E+00  0.5847770E-06
  0.4600109E+00  0.4727958E-06
 -0.2694687E+00 -0.4236918E-06
 -0.2499569E+00 -0.4005787E-06
 -0.2402094E+00 -0.3887901E-06
 -0.6951197E-01 -0.1765571E-06
  0.7739684E+00  0.8657015E-06
 -0.9356467E-01 -0.2089156E-06
 -0.5701631E-01 -0.1645358E-06
 -0.1295993E+00 -0.2526970E-06
 -0.1635243E+00 -0.2939764E-06
 -0.1963973E+00 -0.3339915E-06
 -0.2298939E+00 -0.3746738E-06
 -0.2622760E+00 -0.4140523E-06
 -0.2930827E+00 -0.4515098E-06
 -0.3223172E+00 -0.4870675E-06
 -0.3500060E+00 -0.5207335E-06
 -0.3761427E+00 -0.5525032E-06
 -0.4005116E+00 -0.5821738E-06
 -0.4231559E+00 -0.6097517E-06
 -0.4440402E+00 -0.6351624E-06
 -0.4629057E+00 -0.6581239E-06
 -0.4798245E+00 -0.6787077E-06
 -0.4947445E+00 -0.6968805E-06
 -0.5073825E+00 -0.7122596E-06
 -0.5178597E+00 -0.7250271E-06
 -0.5262294E+00 -0.7352357E-06
 -0.5320705E+00 -0.7423640E-06
 -0.5355569E+00 -0.7466271E-06
 -0.5368059E+00 -0.7481360E-06
 -0.5354775E+00 -0.7465404E-06
 -0.5317962E+00 -0.7420799E-06
 -0.5259165E+00 -0.7349021E-06
 -0.5175273E+00 -0.7247219E-06
 -0.5068722E+00 -0.7117760E-06
 -0.4941117E+00 -0.6962308E-06
 -0.4790036E+00 -0.6778863E-06
 -0.4618189E+00 -0.6569806E-06
 -0.4427194E+00 -0.6337452E-06
 -0.4215422E+00 -0.6079680E-06
 -0.3985339E+00 -0.5800084E-06
 -0.3738938E+00 -0.5500206E-06
 -0.3475146E+00 -0.5179169E-06
 -0.3196507E+00 -0.4840248E-06
 -0.2904965E+00 -0.4485697E-06
 -0.2600007E+00 -0.4114589E-06
 -0.2284240E+00 -0.3730698E-06
 -0.1959320E+00 -0.3335400E-06
 -0.1625670E+00 -0.2929456E-06
 -0.1285404E+00 -0.2515363E-06
 -0.9400386E-01 -0.2095271E-06
 -0.5903958E-01 -0.1669778E-06
 -0.2383285E-01 -0.1241599E-06
  0.1145300E-01 -0.8123378E-07
  0.4666550E-01 -0.3840439E-07
  0.8165059E-01  0.4198785E-08
  0.1162886E+00  0.4634546E-07
  0.1503949E+00  0.8784451E-07
  0.1837602E+00  0.1284180E-06
  0.2163253E+00  0.1680818E-06
  0.2480295E+00  0.2066347E-06
  0.2786895E+00  0.2439631E-06
  0.3082060E+00  0.2799224E-06
  0.3364054E+00  0.3142622E-06
  0.3632187E+00  0.3469143E-06
  0.3885466E+00  0.3777707E-06
  0.4121139E+00  0.4064737E-06
  0.4338995E+00  0.4330406E-06
  0.4538767E+00  0.4573815E-06
  0.4718106E+00  0.4792062E-06
  0.4877099E+00  0.4986161E-06
  0.5015523E+00  0.5154579E-06
  0.5130531E+00  0.5294995E-06
  0.5223497E+00  0.5408293E-06
  0.5294557E+00  0.5494805E-06
  0.5340233E+00  0.5550451E-06
  0.5360090E+00  0.5573957E-06
  0.5350510E+00  0.5561283E-06
  0.5314634E+00  0.5516380E-06
  0.5258999E+00  0.5448512E-06
  0.5182999E+00  0.5355678E-06
  0.5086042E+00  0.5237349E-06
  0.4969241E+00  0.5094937E-06
  0.4832903E+00  0.4929362E-06
  0.4675686E+00  0.4738327E-06
  0.4497242E+00  0.4521345E-06
  0.4297738E+00  0.4278547E-06
  0.4078690E+00  0.4012074E-06
  0.3841738E+00  0.3723539E-06
  0.3588055E+00  0.3414718E-06
  0.3318000E+00  0.3086211E-06
  0.3032651E+00  0.2738581E-06
  0.2735264E+00  0.2376685E-06
  0.2427633E+00  0.2002771E-06
  0.2109903E+00  0.1616156E-06
  0.1783821E+00  0.1220453E-06
  0.1454210E+00  0.8199895E-07
  0.1123928E+00  0.4194458E-07
  0.7946458E-01  0.1832852E-08
  0.4696505E-01 -0.3773956E-07
  0.5335581E-01 -0.2618409E-07
  0.3674420E+00  0.3668181E-06
  0.5885483E-01 -0.1887246E-07
  0.6610765E-01 -0.1005134E-07
  0.7576696E-01  0.1861011E-08
  0.8925083E-01  0.1862379E-07
  0.1143886E+00  0.4982164E-07
  0.1252234E+01  0.1462186E-05
  0.3199394E+00  0.3060567E-06
  0.1417119E+01  0.1666422E-05
  0.7008141E+00  0.7746390E-06
  0.1043288E+01  0.1203263E-05
  0.1524005E+01  0.1798773E-05
  0.1558689E+01  0.1841663E-05
  0.1520126E+01  0.1793757E-05
  0.1416288E+01  0.1664921E-05
  0.1254811E+01  0.1464663E-05
  0.1038527E+01  0.1196584E-05
  0.7762573E+00  0.8714877E-06
  0.4798714E+00  0.5041678E-06
  0.1633341E+00  0.1118883E-06
 -0.1619274E+00 -0.2912009E-06
 -0.4805624E+00 -0.6860044E-06
 -0.7775606E+00 -0.1053971E-05
 -0.1041185E+01 -0.1380591E-05
 -0.1260183E+01 -0.1651927E-05
 -0.1424308E+01 -0.1855194E-05
 -0.1523516E+01 -0.1978017E-05
 -0.1552619E+01 -0.2013859E-05
 -0.1516566E+01 -0.1969069E-05
 -0.1420870E+01 -0.1850426E-05
 -0.1258787E+01 -0.1649410E-05
 -0.1043220E+01 -0.1382169E-05
 -0.7858388E+00 -0.1063137E-05
 -0.4867960E+00 -0.6928306E-06
 -0.1151456E+00 -0.2315684E-06
 -0.2369727E+00 -0.3853397E-06
  0.2873460E+00  0.2634643E-06
 -0.7456031E-01 -0.1865624E-06
 -0.1101180E+00 -0.2268814E-06
 -0.3858046E+00 -0.5687266E-06
 -0.1126264E+00 -0.2292938E-06
 -0.4244794E+00 -0.6159556E-06
 -0.2732074E+00 -0.4259935E-06
 -0.3122278E+00 -0.4736945E-06
 -0.3486614E+00 -0.5182687E-06
 -0.3833073E+00 -0.5607315E-06
 -0.4160025E+00 -0.6007196E-06
 -0.4464560E+00 -0.6380337E-06
 -0.4748572E+00 -0.6727964E-06
 -0.5012121E+00 -0.7050573E-06
 -0.5252879E+00 -0.7345221E-06
 -0.5471714E+00 -0.7613213E-06
 -0.5667815E+00 -0.7853266E-06
 -0.5837126E+00 -0.8060441E-06
 -0.5981590E+00 -0.8237797E-06
 -0.6102822E+00 -0.8386415E-06
 -0.6197037E+00 -0.8501851E-06
 -0.6262611E+00 -0.8582411E-06
 -0.6300282E+00 -0.8628721E-06
 -0.6308992E+00 -0.8639739E-06
 -0.6289099E+00 -0.8614902E-06
 -0.6242679E+00 -0.8558536E-06
 -0.6168656E+00 -0.8468212E-06
 -0.6067023E+00 -0.8344068E-06
 -0.5939360E+00 -0.8187783E-06
 -0.5785350E+00 -0.7999643E-06
 -0.5605260E+00 -0.7778946E-06
 -0.5401294E+00 -0.7529502E-06
 -0.5173128E+00 -0.7250270E-06
 -0.4921922E+00 -0.6942693E-06
 -0.4649790E+00 -0.6609876E-06
 -0.4356851E+00 -0.6251278E-06
 -0.4044623E+00 -0.5869362E-06
 -0.3715465E+00 -0.5466659E-06
 -0.3369756E+00 -0.5043107E-06
 -0.3009316E+00 -0.4602206E-06
 -0.2636680E+00 -0.4146465E-06
 -0.2252504E+00 -0.3676111E-06
 -0.1858895E+00 -0.3194396E-06
 -0.1457794E+00 -0.2702939E-06
 -0.1050641E+00 -0.2204985E-06
 -0.6372779E-01 -0.1699450E-06
 -0.2200413E-01 -0.1188886E-06
  0.1973806E-01 -0.6781855E-07
  0.6132307E-01 -0.1689562E-07
  0.1025976E+00  0.3360192E-07
  0.1433753E+00  0.8354100E-07
  0.1834019E+00  0.1325337E-06
  0.2222045E+00  0.1800111E-06
  0.2599133E+00  0.2261470E-06
  0.2970029E+00  0.2715430E-06
  0.3328632E+00  0.3154353E-06
  0.3672592E+00  0.3575136E-06
  0.4004023E+00  0.3981294E-06
  0.4318538E+00  0.4366464E-06
  0.4613194E+00  0.4727223E-06
  0.4888170E+00  0.5064154E-06
  0.5141022E+00  0.5374023E-06
  0.5370799E+00  0.5655374E-06
  0.5579072E+00  0.5910300E-06
  0.5762860E+00  0.6135731E-06
  0.5919808E+00  0.6327582E-06
  0.6052107E+00  0.6489438E-06
  0.6159217E+00  0.6621020E-06
  0.6237548E+00  0.6717266E-06
  0.6285467E+00  0.6776019E-06
  0.6304092E+00  0.6798539E-06
  0.6293079E+00  0.6784928E-06
  0.6251677E+00  0.6733814E-06
  0.6183081E+00  0.6649479E-06
  0.6088585E+00  0.6533399E-06
  0.5971077E+00  0.6389683E-06
  0.5833145E+00  0.6221215E-06
  0.5673801E+00  0.6026520E-06
  0.5488662E+00  0.5800381E-06
  0.5276062E+00  0.5540408E-06
  0.5037071E+00  0.5247858E-06
  0.4775338E+00  0.4927626E-06
  0.4493252E+00  0.4582614E-06
  0.4190392E+00  0.4211714E-06
  0.3866383E+00  0.3814898E-06
  0.3524885E+00  0.3397376E-06
  0.3174211E+00  0.2968241E-06
  0.2813955E+00  0.2527183E-06
  0.2440787E+00  0.2070832E-06
  0.2059012E+00  0.1604109E-06
  0.1676007E+00  0.1135837E-06
  0.1292317E+00  0.6664820E-07
  0.9085766E-01  0.1968744E-07
  0.1163691E+01  0.1349889E-05
  0.8881143E+00  0.1009096E-05
  0.1142171E+00  0.4895557E-07
  0.1312900E+00  0.7011904E-07
 -0.3541428E+00 -0.5289679E-06
  0.1524604E+00  0.9660138E-07
  0.1983152E+00  0.1534778E-06
  0.5579290E+00  0.6017467E-06
  0.1249727E+01  0.1456316E-05
  0.1275272E+01  0.1487866E-05
  0.1008386E+00  0.3258381E-07
  0.1239948E+01  0.1444047E-05
  0.1156607E+01  0.1340627E-05
  0.1028067E+01  0.1181409E-05
  0.8528503E+00  0.9645239E-06
  0.6403770E+00  0.7015020E-06
  0.3985105E+00  0.4020613E-06
  0.1384844E+00  0.8015081E-07
 -0.1335667E+00 -0.2566659E-06
 -0.3994913E+00 -0.5858290E-06
 -0.6431915E+00 -0.8874780E-06
 -0.8575115E+00 -0.1152714E-05
 -0.1034590E+01 -0.1371841E-05
 -0.1166246E+01 -0.1534741E-05
 -0.1244224E+01 -0.1631131E-05
 -0.1266428E+01 -0.1658435E-05
 -0.1239415E+01 -0.1624964E-05
 -0.1169810E+01 -0.1538859E-05
 -0.1035258E+01 -0.1372097E-05
 -0.8635845E+00 -0.1159414E-05
 -0.6640379E+00 -0.9124817E-06
  0.1037721E+01  0.1194308E-05
 -0.1559395E+00 -0.2824540E-06
 -0.2320138E+00 -0.3754039E-06
 -0.1947394E+00 -0.3296442E-06
  0.8001291E+00  0.9018931E-06
 -0.3333662E+00 -0.5029072E-06
 -0.5984013E+00 -0.8314697E-06
 -0.2982144E+00 -0.4574266E-06
 -0.3445881E+00 -0.5142082E-06
 -0.4622938E+00 -0.6586931E-06
 -0.4959297E+00 -0.6999366E-06
 -0.5269775E+00 -0.7380504E-06
 -0.5559931E+00 -0.7736786E-06
 -0.5823331E+00 -0.8059718E-06
 -0.6062602E+00 -0.8353443E-06
 -0.6276115E+00 -0.8616109E-06
 -0.6457250E+00 -0.8838035E-06
 -0.6612332E+00 -0.9028449E-06
 -0.6748767E+00 -0.9196571E-06
 -0.6857099E+00 -0.9330476E-06
 -0.6927018E+00 -0.9416288E-06
 -0.6963195E+00 -0.9461050E-06
 -0.6968232E+00 -0.9467275E-06
 -0.6938801E+00 -0.9431136E-06
 -0.6882583E+00 -0.9362286E-06
 -0.6799838E+00 -0.9260743E-06
 -0.6683905E+00 -0.9118229E-06
 -0.6540605E+00 -0.8942641E-06
 -0.6370330E+00 -0.8733790E-06
 -0.6168512E+00 -0.8486118E-06
 -0.5941669E+00 -0.8208012E-06
 -0.5689971E+00 -0.7899132E-06
 -0.5409887E+00 -0.7555086E-06
 -0.5108315E+00 -0.7185430E-06
 -0.4784957E+00 -0.6788719E-06
 -0.4437881E+00 -0.6362440E-06
 -0.4073483E+00 -0.5915413E-06
 -0.3691498E+00 -0.5447396E-06
 -0.3291498E+00 -0.4955815E-06
 -0.2879570E+00 -0.4450420E-06
 -0.2454826E+00 -0.3929171E-06
 -0.2018456E+00 -0.3393242E-06
 -0.1576844E+00 -0.2850925E-06
 -0.1131554E+00 -0.2304766E-06
 -0.6689946E-01 -0.1737865E-06
 -0.1970824E-01 -0.1158817E-06
  0.2703859E-01 -0.5848463E-07
  0.7355104E-01 -0.1375220E-08
  0.1196074E+00  0.5516162E-07
  0.1647868E+00  0.1105782E-06
  0.2088287E+00  0.1646908E-06
  0.2501342E+00  0.2154681E-06
  0.2901249E+00  0.2645066E-06
  0.3311250E+00  0.3147383E-06
  0.3706006E+00  0.3632242E-06
  0.4084501E+00  0.4096475E-06
  0.4457274E+00  0.4553846E-06
  0.4807109E+00  0.4983620E-06
  0.5131962E+00  0.5382848E-06
  0.5435402E+00  0.5755415E-06
  0.5710280E+00  0.6092820E-06
  0.5961103E+00  0.6401333E-06
  0.6192075E+00  0.6684730E-06
  0.6391349E+00  0.6929480E-06
  0.6560388E+00  0.7136987E-06
  0.6707384E+00  0.7317445E-06
  0.6825829E+00  0.7463339E-06
  0.6907367E+00  0.7563235E-06
  0.6948997E+00  0.7614760E-06
  0.6959813E+00  0.7627415E-06
  0.6942181E+00  0.7606035E-06
  0.6885247E+00  0.7535867E-06
  0.6800013E+00  0.7430736E-06
  0.6690126E+00  0.7296444E-06
  0.6557400E+00  0.7133277E-06
  0.6413535E+00  0.6957704E-06
  0.6249959E+00  0.6756738E-06
  0.6050382E+00  0.6512007E-06
  0.5811688E+00  0.6219508E-06
  0.5540611E+00  0.5886992E-06
  0.5248225E+00  0.5528371E-06
  0.4934418E+00  0.5142938E-06
  0.4593459E+00  0.4724578E-06
  0.4223878E+00  0.4271330E-06
  0.3838917E+00  0.3799850E-06
  0.3464388E+00  0.3340436E-06
  0.3082442E+00  0.2870802E-06
  0.2672852E+00  0.2368484E-06
  0.2254626E+00  0.1855567E-06
  0.1849284E+00  0.1359010E-06
  0.1437464E+00  0.8522910E-07
  0.1066374E+01  0.1226457E-05
  0.1105832E+01  0.1275263E-05
 -0.1827571E+00 -0.3149420E-06
  0.7000194E+00  0.7761145E-06
  0.1012318E+01  0.1160119E-05
 -0.4440476E+00 -0.6392924E-06
 -0.1750481E+00 -0.3061038E-06
  0.1905849E+00  0.1431259E-06
 -0.8238103E-01 -0.1943418E-06
  0.9959411E+00  0.1138863E-05
 -0.3858838E+00 -0.5647503E-06
  0.1085482E+01  0.1250168E-05
 -0.4545061E-01 -0.1486706E-06
 -0.2537100E+00 -0.4035311E-06
  0.7391441E+00  0.8215868E-06
  0.5600505E+00  0.6001987E-06
  0.3525949E+00  0.3436581E-06
  0.1269387E+00  0.6456393E-07
 -0.1175392E+00 -0.2377425E-06
 -0.3552621E+00 -0.5317370E-06
 -0.5658161E+00 -0.7920527E-06
 -0.7485191E+00 -0.1017885E-05
 -0.8986998E+00 -0.1203493E-05
 -0.1009777E+01 -0.1340769E-05
 -0.1074705E+01 -0.1420930E-05
 -0.1091558E+01 -0.1441540E-05
 -0.1066121E+01 -0.1410167E-05
 -0.1025500E+01 -0.1360210E-05
 -0.8995154E+00 -0.1203911E-05
 -0.7569374E+00 -0.1027401E-05
  0.9165325E+00  0.1042307E-05
  0.1660262E+00  0.1124459E-06
 -0.4253215E+00 -0.6132573E-06
  0.2111538E+00  0.1694216E-06
 -0.1757885E+00 -0.3071884E-06
  0.8890222E+00  0.1006592E-05
  0.2563687E+00  0.2250105E-06
 -0.4062078E+00 -0.5926330E-06
 -0.3172429E+00 -0.4818430E-06
  0.5001559E+00  0.5247737E-06
  0.3644470E+00  0.3579530E-06
 -0.2146765E+00 -0.3536574E-06
 -0.3702359E+00 -0.5466615E-06
  0.9534146E+00  0.1083529E-05
 -0.5020253E+00 -0.7088712E-06
 -0.5377182E+00 -0.7526110E-06
 -0.6305786E+00 -0.8667985E-06
 -0.6557921E+00 -0.8977548E-06
 -0.6792005E+00 -0.9266448E-06
 -0.6969901E+00 -0.9483323E-06
 -0.7130327E+00 -0.9680682E-06
 -0.7300158E+00 -0.9891723E-06
 -0.7439746E+00 -0.1006545E-05
 -0.7509048E+00 -0.1015014E-05
 -0.7536936E+00 -0.1018481E-05
 -0.7537172E+00 -0.1018502E-05
 -0.7486565E+00 -0.1012159E-05
 -0.7422289E+00 -0.1004229E-05
 -0.7338889E+00 -0.9941330E-06
 -0.7203052E+00 -0.9772853E-06
 -0.7049906E+00 -0.9584655E-06
 -0.6873148E+00 -0.9368631E-06
 -0.6645358E+00 -0.9087612E-06
 -0.6404034E+00 -0.8791213E-06
 -0.6137809E+00 -0.8465412E-06
 -0.5825798E+00 -0.8080646E-06
 -0.5505102E+00 -0.7686575E-06
 -0.5159724E+00 -0.7263098E-06
 -0.4775325E+00 -0.6789542E-06
 -0.4387836E+00 -0.6312971E-06
 -0.3976642E+00 -0.5808712E-06
 -0.3535832E+00 -0.5265654E-06
 -0.3096858E+00 -0.4726165E-06
 -0.2631628E+00 -0.4155253E-06
 -0.2147590E+00 -0.3558384E-06
 -0.1682871E+00 -0.2984129E-06
 -0.1231074E+00 -0.2430919E-06
 -0.7159195E-01 -0.1800898E-06
 -0.1713500E-01 -0.1129645E-06
  0.3429879E-01 -0.4969401E-07
  0.8637273E-01  0.1422602E-07
  0.1371848E+00  0.7682742E-07
  0.1858558E+00  0.1366384E-06
  0.2348721E+00  0.1968337E-06
  0.2736692E+00  0.2450771E-06
  0.3125781E+00  0.2928309E-06
  0.3580698E+00  0.3482484E-06
  0.4009613E+00  0.4013608E-06
  0.4411368E+00  0.4506340E-06
  0.4845173E+00  0.5037979E-06
  0.5228024E+00  0.5510736E-06
  0.5572762E+00  0.5934760E-06
  0.5906174E+00  0.6344333E-06
  0.6194372E+00  0.6699491E-06
  0.6459722E+00  0.7026230E-06
  0.6725492E+00  0.7352099E-06
  0.6937829E+00  0.7614459E-06
  0.7110051E+00  0.7825411E-06
  0.7279209E+00  0.8032893E-06
  0.7416518E+00  0.8202525E-06
  0.7493271E+00  0.8297292E-06
  0.7506458E+00  0.8314216E-06
  0.7504766E+00  0.8311912E-06
  0.7487561E+00  0.8289339E-06
  0.7399870E+00  0.8183649E-06
  0.7298327E+00  0.8056239E-06
  0.7178650E+00  0.7911701E-06
  0.7027741E+00  0.7724124E-06
  0.6897678E+00  0.7568036E-06
  0.6760935E+00  0.7397488E-06
  0.6549611E+00  0.7137135E-06
  0.6275838E+00  0.6801319E-06
  0.5962440E+00  0.6417309E-06
  0.5645498E+00  0.6027497E-06
  0.5305594E+00  0.5608534E-06
  0.4922303E+00  0.5137015E-06
  0.4492936E+00  0.4609504E-06
  0.4071470E+00  0.4096447E-06
  0.3707809E+00  0.3650299E-06
  0.3360638E+00  0.3217024E-06
  0.2888238E+00  0.2637088E-06
  0.2439035E+00  0.2087503E-06
 -0.4598297E+00 -0.6569590E-06
 -0.4146641E+00 -0.6010592E-06
 -0.2426950E+00 -0.3895861E-06
  0.1205832E+00  0.5534907E-07
  0.6632097E+00  0.7257751E-06
  0.8926949E+00  0.1009200E-05
  0.7696043E+00  0.8551167E-06
  0.2559663E+00  0.2235824E-06
 -0.4745390E+00 -0.6761391E-06
  0.9347839E+00  0.1060916E-05
 -0.5200348E+00 -0.7333192E-06
 -0.5473442E+00 -0.7687913E-06
  0.6509031E+00  0.7102602E-06
  0.4995382E+00  0.5236074E-06
 -0.1070158E+00 -0.2258332E-06
 -0.3269422E+00 -0.4972945E-06
 -0.5103942E+00 -0.7237323E-06
 -0.6679058E+00 -0.9181456E-06
 -0.7973876E+00 -0.1077912E-05
 -0.8937820E+00 -0.1196853E-05
 -0.9503078E+00 -0.1266464E-05
 -0.9617344E+00 -0.1280315E-05
 -0.2965775E+00 -0.4554621E-06
 -0.8882162E+00 -0.1191233E-05
 -0.7940952E+00 -0.1073506E-05
 -0.6737467E+00 -0.9244017E-06
  0.7952861E+00  0.8882113E-06
 -0.5704690E+00 -0.7928550E-06
  0.3186936E+00  0.3003013E-06
 -0.6026693E+00 -0.8325618E-06
 -0.4317093E+00 -0.6260050E-06
 -0.4864637E+00 -0.6911363E-06
  0.2052508E+00  0.1614309E-06
  0.2752337E+00  0.2486553E-06
 -0.5411396E+00 -0.7583595E-06
 -0.9381673E-01 -0.2124561E-06
 -0.8311719E-01 -0.1927775E-06
  0.8461218E+00  0.9483584E-06
  0.4305519E+00  0.4361478E-06
 -0.7257658E+00 -0.9854296E-06
 -0.5748739E+00 -0.7989763E-06
 -0.6726589E+00 -0.9193223E-06
 -0.6974974E+00 -0.9499438E-06
 -0.7539346E+00 -0.1019195E-05
 -0.7790329E+00 -0.1050859E-05
 -0.8045461E+00 -0.1082752E-05
 -0.8089959E+00 -0.1087805E-05
 -0.8062466E+00 -0.1084490E-05
 -0.8079379E+00 -0.1086879E-05
 -0.7955405E+00 -0.1070842E-05
 -0.7889154E+00 -0.1062743E-05
 -0.7841467E+00 -0.1057630E-05
 -0.7649309E+00 -0.1033206E-05
 -0.7498093E+00 -0.1014616E-05
 -0.7347031E+00 -0.9968204E-06
 -0.7055914E+00 -0.9601791E-06
 -0.6817312E+00 -0.9308706E-06
 -0.6563434E+00 -0.9003713E-06
 -0.6183314E+00 -0.8528003E-06
 -0.5866215E+00 -0.8138247E-06
 -0.5518942E+00 -0.7717958E-06
 -0.5064520E+00 -0.7151327E-06
 -0.4680548E+00 -0.6678749E-06
 -0.4253088E+00 -0.6159979E-06
 -0.3742028E+00 -0.5523368E-06
 -0.3304604E+00 -0.4985399E-06
 -0.2780598E+00 -0.4348557E-06
 -0.2189992E+00 -0.3614018E-06
 -0.1480162E+00 -0.2742951E-06
 -0.1384424E-01 -0.1086398E-06
  0.3899134E-01 -0.4362559E-07
  0.9986723E-01  0.3056519E-07
  0.1555755E+00  0.1000036E-06
  0.2048265E+00  0.1604730E-06
  0.2758889E+00  0.2463534E-06
  0.3744408E+00  0.3672099E-06
  0.4593570E+00  0.4729440E-06
  0.5206331E+00  0.5485315E-06
  0.5603206E+00  0.5983824E-06
  0.5940056E+00  0.6397755E-06
  0.6332954E+00  0.6876051E-06
  0.6605918E+00  0.7218158E-06
  0.6866241E+00  0.7541327E-06
  0.7247654E+00  0.8002530E-06
  0.7472795E+00  0.8289107E-06
  0.7589310E+00  0.8429205E-06
  0.7805443E+00  0.8689896E-06
  0.7982571E+00  0.8910760E-06
  0.8055771E+00  0.8999726E-06
  0.7972119E+00  0.8902726E-06
  0.7954571E+00  0.8879290E-06
  0.7972738E+00  0.8891685E-06
 -0.1615204E+00 -0.2905090E-06
  0.7381324E+00  0.8170907E-06
  0.7297614E+00  0.8065857E-06
  0.7036518E+00  0.7743197E-06
  0.6693015E+00  0.7325068E-06
  0.6315930E+00  0.6866001E-06
  0.5995291E+00  0.6470059E-06
  0.5641016E+00  0.6028084E-06
  0.5200468E+00  0.5487011E-06
  0.4631774E+00  0.4781149E-06
  0.9344078E+00  0.1063020E-05
 -0.6072413E+00 -0.8388762E-06
  0.1096215E+00  0.3944819E-07
  0.5920203E+00  0.6345800E-06
  0.7790986E+00  0.8650292E-06
  0.6717805E+00  0.7338854E-06
 -0.6039765E+00 -0.8380163E-06
  0.2912467E+00  0.2644474E-06
 -0.2925031E+00 -0.4562071E-06
  0.3506432E+00  0.3415462E-06
 -0.6463867E+00 -0.8877896E-06
 -0.4514822E+00 -0.6516299E-06
 -0.5862439E+00 -0.8176731E-06
 -0.6975396E+00 -0.9547589E-06
 -0.7808310E+00 -0.1057286E-05
 -0.8332826E+00 -0.1121663E-05
 -0.8632361E+00 -0.1157624E-05
  0.1341808E+00  0.7650392E-07
 -0.7691692E+00 -0.1043133E-05
 -0.6924562E+00 -0.9481037E-06
  0.6951740E-01 -0.5436771E-08
  0.8464066E+00  0.9498544E-06
 -0.7388626E+00 -0.1000541E-05
  0.9609171E+00  0.1092166E-05
  0.8643455E+00  0.9722293E-06
  0.7776684E+00  0.8641458E-06
  0.8577942E+00  0.9645582E-06
  0.5720270E+00  0.6103709E-06
  0.7015037E+00  0.7696462E-06
 -0.1960194E+00 -0.3335542E-06
  0.4957560E+00  0.5195567E-06
  0.5114065E+00  0.5419560E-06
  0.3868539E+00  0.3847233E-06
  0.2420083E+00  0.2056384E-06
  0.2434872E+00  0.2060324E-06
  0.6608922E+00  0.7313745E-06
  0.1079272E+01  0.1248596E-05
 -0.8775116E+00 -0.1174557E-05
 -0.9382692E+00 -0.1251700E-05
 -0.4385355E+00 -0.6304091E-06
  0.7864409E+00  0.8777855E-06
  0.3067762E+00  0.2855700E-06
  0.8720952E+00  0.9820797E-06
  0.8377590E+00  0.9407590E-06
  0.4243086E+00  0.4314967E-06
  0.7807127E+00  0.8703101E-06
  0.1405777E-01 -0.7432915E-07
  0.7847293E+00  0.8726929E-06
  0.3322116E+00  0.3166427E-06
  0.7100773E+00  0.7833202E-06
 -0.7749464E+00 -0.1045851E-05
  0.1992153E+00  0.1538261E-06
 -0.7252406E+00 -0.9851225E-06
 -0.3727546E+00 -0.5511436E-06
  0.6121117E+00  0.6625206E-06
 -0.6270599E+00 -0.8642832E-06
  0.6492100E+00  0.7089747E-06
 -0.5160804E+00 -0.7277764E-06
 -0.6379420E+00 -0.8778899E-06
 -0.7342806E+00 -0.9965242E-06
 -0.8013552E+00 -0.1079191E-05
 -0.8377047E+00 -0.1124020E-05
 -0.8562584E+00 -0.1148192E-05
  0.7985966E+00  0.8923461E-06
  0.4083890E+00  0.4111849E-06
  0.3130648E+00  0.2932351E-06
  0.8273391E+00  0.9289205E-06
 -0.8113872E+00 -0.1091333E-05
  0.7498642E+00  0.8343717E-06
  0.4838523E+00  0.5054437E-06
  0.3130859E+00  0.3699583E-06
  0.2628236E+00  0.3281634E-06
  0.2470358E+00  0.3140748E-06
  0.2393041E+00  0.3060686E-06
  0.2346164E+00  0.3003094E-06
  0.2312442E+00  0.2955354E-06
  0.2285807E+00  0.2913893E-06
  0.2262878E+00  0.2876237E-06
  0.2242165E+00  0.2841410E-06
  0.2222824E+00  0.2808823E-06
  0.2204087E+00  0.2777672E-06
  0.2185571E+00  0.2747504E-06
  0.2166964E+00  0.2717905E-06
  0.2148256E+00  0.2688812E-06
  0.2129626E+00  0.2660365E-06
  0.2111690E+00  0.2633293E-06
  0.2096304E+00  0.2609854E-06
  0.2087234E+00  0.2594616E-06
  0.2092947E+00  0.2598038E-06
  0.2133602E+00  0.2645011E-06
  0.6307157E+00  0.7767345E-06
  0.1020495E+01  0.1255084E-05
  0.1365687E+01  0.1678675E-05
  0.1651184E+01  0.2028972E-05
  0.1864533E+01  0.2290690E-05
  0.1996356E+01  0.2452333E-05
  0.2040904E+01  0.2506839E-05
  0.1996269E+01  0.2451882E-05
  0.1864415E+01  0.2289879E-05
  0.1651084E+01  0.2027886E-05
  0.1365593E+01  0.1677347E-05
  0.1020403E+01  0.1253555E-05
  0.6306244E+00  0.7750663E-06
  0.2132832E+00  0.2627833E-06
 -0.2133820E+00 -0.2609112E-06
 -0.6307206E+00 -0.7731210E-06
 -0.1020494E+01 -0.1251463E-05
 -0.1365666E+01 -0.1675033E-05
 -0.1651154E+01 -0.2025315E-05
 -0.1864480E+01 -0.2287005E-05
 -0.1996319E+01 -0.2448663E-05
 -0.2040909E+01 -0.2503225E-05
 -0.1996301E+01 -0.2448302E-05
 -0.1864447E+01 -0.2286299E-05
 -0.1651106E+01 -0.2024298E-05
 -0.1365609E+01 -0.1673749E-05
 -0.1020429E+01 -0.1249970E-05
 -0.6306533E+00 -0.7714851E-06
 -0.2133128E+00 -0.2592041E-06
 -0.2092359E+00 -0.2543615E-06
 -0.2086596E+00 -0.2537394E-06
 -0.2095583E+00 -0.2548741E-06
 -0.2110855E+00 -0.2567347E-06
 -0.2128607E+00 -0.2588529E-06
 -0.2147107E+00 -0.2610136E-06
 -0.2165658E+00 -0.2631267E-06
 -0.2184042E+00 -0.2651567E-06
 -0.2202461E+00 -0.2671246E-06
 -0.2221182E+00 -0.2690588E-06
 -0.2240525E+00 -0.2710017E-06
 -0.2261090E+00 -0.2730427E-06
 -0.2283765E+00 -0.2753302E-06
 -0.2310133E+00 -0.2781475E-06
 -0.2343118E+00 -0.2820317E-06
 -0.2389140E+00 -0.2881763E-06
 -0.2465108E+00 -0.2995567E-06
 -0.2620787E+00 -0.3247256E-06
 -0.3123586E+00 -0.4079682E-06
 -0.9233810E+00 -0.1168052E-05
 -0.1494683E+01 -0.1878784E-05
 -0.2001170E+01 -0.2508918E-05
 -0.2420098E+01 -0.3030190E-05
 -0.2732810E+01 -0.3419369E-05
 -0.2925826E+01 -0.3659689E-05
 -0.2991077E+01 -0.3741095E-05
 -0.2925788E+01 -0.3660145E-05
 -0.2732699E+01 -0.3420221E-05
 -0.2420093E+01 -0.3031619E-05
 -0.2001664E+01 -0.2511345E-05
 -0.1495680E+01 -0.1882148E-05
 -0.9243757E+00 -0.1171653E-05
 -0.3127273E+00 -0.4109203E-06
  0.3125963E+00  0.3668835E-06
  0.9243212E+00  0.1127817E-05
  0.1495678E+01  0.1838593E-05
  0.2001638E+01  0.2468076E-05
  0.2420035E+01  0.2988689E-05
  0.2732755E+01  0.3377884E-05
  0.2926329E+01  0.3618908E-05
  0.2992155E+01  0.3701042E-05
  0.2927055E+01  0.3620329E-05
  0.2733696E+01  0.3380071E-05
  0.2420364E+01  0.2990579E-05
  0.2000357E+01  0.2468383E-05
  0.1491895E+01  0.1836139E-05
  0.9219311E+00  0.1127246E-05
  0.7070967E+00  0.8873154E-06
  0.6932798E+00  0.8698651E-06
  0.6834391E+00  0.8566949E-06
  0.6756020E+00  0.8457459E-06
  0.6688539E+00  0.8360672E-06
  0.6627526E+00  0.8271959E-06
  0.6570332E+00  0.8188487E-06
  0.6514978E+00  0.8107945E-06
  0.6460240E+00  0.8028944E-06
  0.6406037E+00  0.7951197E-06
  0.6352205E+00  0.7874582E-06
  0.6297640E+00  0.7797716E-06
  0.6244164E+00  0.7722674E-06
  0.6197879E+00  0.7656959E-06
  0.6170497E+00  0.7614930E-06
  0.6186962E+00  0.7627177E-06
  0.1001047E+01  0.1232368E-05
  0.1339675E+01  0.1648276E-05
  0.1619886E+01  0.1992398E-05
  0.1829239E+01  0.2249446E-05
  0.1958495E+01  0.2408075E-05
  0.2001812E+01  0.2461104E-05
  0.1957885E+01  0.2406971E-05
  0.1828572E+01  0.2247952E-05
  0.1619392E+01  0.1990835E-05
  0.1339408E+01  0.1646754E-05
  0.1000849E+01  0.1230736E-05
  0.6185164E+00  0.7609723E-06
  0.2091549E+00  0.2580390E-06
 -0.2093540E+00 -0.2560991E-06
 -0.6187125E+00 -0.7589594E-06
 -0.1001031E+01 -0.1228571E-05
 -0.1339600E+01 -0.1644404E-05
 -0.1619623E+01 -0.1988288E-05
 -0.1828860E+01 -0.2245190E-05
 -0.1958171E+01 -0.2403889E-05
 -0.2001895E+01 -0.2457441E-05
 -0.1958131E+01 -0.2403506E-05
 -0.1828790E+01 -0.2244452E-05
 -0.1619526E+01 -0.1987226E-05
 -0.1339483E+01 -0.1643073E-05
 -0.1000905E+01 -0.1227029E-05
 -0.6185832E+00 -0.7572787E-06
 -0.6168789E+00 -0.7557060E-06
 -0.6195324E+00 -0.7594308E-06
 -0.6240494E+00 -0.7653923E-06
 -0.6293079E+00 -0.7722213E-06
 -0.6347977E+00 -0.7792883E-06
 -0.6403005E+00 -0.7863159E-06
 -0.6457654E+00 -0.7932426E-06
 -0.6512256E+00 -0.8000939E-06
 -0.6567587E+00 -0.8069647E-06
 -0.6624863E+00 -0.8140065E-06
 -0.6685802E+00 -0.8214480E-06
 -0.6753087E+00 -0.8296520E-06
 -0.6831315E+00 -0.8392918E-06
 -0.6929243E+00 -0.8516063E-06
 -0.7066509E+00 -0.8694334E-06
 -0.7292029E+00 -0.8997278E-06
 -0.7752770E+00 -0.9630917E-06
 -0.1254670E+01 -0.1559449E-05
 -0.1679309E+01 -0.2087740E-05
 -0.2030602E+01 -0.2524836E-05
 -0.2293007E+01 -0.2851393E-05
 -0.2455087E+01 -0.3053191E-05
 -0.2509844E+01 -0.3121507E-05
 -0.2455014E+01 -0.3053524E-05
 -0.2292932E+01 -0.2852135E-05
 -0.2030683E+01 -0.2526139E-05
 -0.1679618E+01 -0.2089653E-05
 -0.1255119E+01 -0.1561794E-05
 -0.7757466E+00 -0.9656460E-06
 -0.2624565E+00 -0.3272675E-06
  0.2622842E+00  0.3254007E-06
  0.7755970E+00  0.9638994E-06
  0.1255019E+01  0.1560288E-05
  0.1679570E+01  0.2088470E-05
  0.2030740E+01  0.2525411E-05
  0.2293189E+01  0.2852029E-05
  0.2455451E+01  0.3054065E-05
  0.2510510E+01  0.3122766E-05
  0.2455889E+01  0.3055044E-05
  0.2293881E+01  0.2853747E-05
  0.2031459E+01  0.2527549E-05
  0.1680149E+01  0.2090762E-05
  0.1255316E+01  0.1562499E-05
  0.7760251E+00  0.9664477E-06
  0.7297562E+00  0.9141951E-06
  0.1121689E+01  0.1401810E-05
  0.1082168E+01  0.1348224E-05
  0.1072308E+01  0.1334326E-05
  0.1063024E+01  0.1321191E-05
  0.1054060E+01  0.1308514E-05
  0.1045280E+01  0.1296135E-05
  0.1036881E+01  0.1284295E-05
  0.1028445E+01  0.1272488E-05
  0.1019794E+01  0.1260471E-05
  0.1011036E+01  0.1248388E-05
  0.1003197E+01  0.1237469E-05
  0.9984790E+00  0.1230423E-05
  0.1336494E+01  0.1645953E-05
  0.1825197E+01  0.2246572E-05
  0.1616521E+01  0.1990149E-05
  0.1953785E+01  0.2404509E-05
  0.1996137E+01  0.2456392E-05
  0.1951897E+01  0.2401820E-05
  0.1822912E+01  0.2243065E-05
  0.1614583E+01  0.1986780E-05
  0.1335541E+01  0.1643561E-05
  0.9980029E+00  0.1228443E-05
  0.6167670E+00  0.7596199E-06
  0.2085391E+00  0.2576423E-06
 -0.2088205E+00 -0.2555288E-06
 -0.6170503E+00 -0.7574391E-06
 -0.9983163E+00 -0.1226164E-05
 -0.1335950E+01 -0.1641205E-05
 -0.1615196E+01 -0.1984435E-05
 -0.1823850E+01 -0.2240842E-05
 -0.1952797E+01 -0.2399232E-05
 -0.1996396E+01 -0.2452673E-05
 -0.1952746E+01 -0.2398838E-05
 -0.1823756E+01 -0.2240078E-05
 -0.1615069E+01 -0.1983336E-05
 -0.1335800E+01 -0.1639832E-05
 -0.9981476E+00 -0.1224572E-05
 -0.1002442E+01 -0.1230711E-05
 -0.1018264E+01 -0.1251741E-05
 -0.1009751E+01 -0.1240507E-05
 -0.1027151E+01 -0.1263383E-05
 -0.1036070E+01 -0.1275015E-05
 -0.1044924E+01 -0.1286512E-05
 -0.1053763E+01 -0.1297925E-05
 -0.1062718E+01 -0.1309412E-05
 -0.1071983E+01 -0.1321210E-05
 -0.1081851E+01 -0.1333696E-05
 -0.1092746E+01 -0.1347436E-05
 -0.1105431E+01 -0.1363460E-05
 -0.1121258E+01 -0.1383613E-05
 -0.1143476E+01 -0.1412323E-05
 -0.1180044E+01 -0.1460334E-05
 -0.1579324E+01 -0.1956870E-05
 -0.2156363E+01 -0.2674614E-05
 -0.1909586E+01 -0.2367628E-05
 -0.2308853E+01 -0.2864394E-05
 -0.2360420E+01 -0.2928695E-05
 -0.2308875E+01 -0.2864812E-05
 -0.2156428E+01 -0.2675470E-05
 -0.1909768E+01 -0.2368985E-05
 -0.1579585E+01 -0.1958627E-05
 -0.1180383E+01 -0.1462423E-05
 -0.7295798E+00 -0.9020382E-06
 -0.2468758E+00 -0.3019514E-06
  0.2466112E+00  0.3115906E-06
  0.7293375E+00  0.9117944E-06
  0.1180187E+01  0.1472410E-05
  0.1579476E+01  0.1968953E-05
  0.1909756E+01  0.2379738E-05
  0.2156565E+01  0.2686775E-05
  0.2309179E+01  0.2876708E-05
  0.2360904E+01  0.2941219E-05
  0.2309456E+01  0.2877461E-05
  0.2157034E+01  0.2688160E-05
  0.1910280E+01  0.2381550E-05
  0.1579992E+01  0.1971069E-05
  0.1180643E+01  0.1474692E-05
  0.1105761E+01  0.1380741E-05
  0.1093078E+01  0.1363420E-05
  0.1143961E+01  0.1430088E-05
  0.1422372E+01  0.1765778E-05
  0.1434859E+01  0.1783209E-05
  0.1398851E+01  0.1732905E-05
  0.1387789E+01  0.1717446E-05
  0.1376912E+01  0.1702275E-05
  0.1365832E+01  0.1686913E-05
  0.1354309E+01  0.1671077E-05
  0.1343407E+01  0.1656055E-05
  0.2004806E+01  0.2469351E-05
  0.1959294E+01  0.2413119E-05
  0.1834195E+01  0.2259728E-05
  0.1962866E+01  0.2417903E-05
  0.1624989E+01  0.2002432E-05
  0.1829995E+01  0.2253869E-05
  0.1620966E+01  0.1996498E-05
  0.1341009E+01  0.1651863E-05
  0.1002167E+01  0.1234789E-05
  0.6193526E+00  0.7636272E-06
  0.2093935E+00  0.2590905E-06
 -0.2097515E+00 -0.2567139E-06
 -0.6197320E+00 -0.7612030E-06
 -0.1002631E+01 -0.1232337E-05
 -0.1341711E+01 -0.1649513E-05
 -0.1622152E+01 -0.1994499E-05
 -0.1831696E+01 -0.2252219E-05
 -0.1961189E+01 -0.2411415E-05
 -0.2004969E+01 -0.2465126E-05
 -0.1961140E+01 -0.2411025E-05
 -0.1831604E+01 -0.2251453E-05
 -0.1622019E+01 -0.1993390E-05
 -0.1341549E+01 -0.1648115E-05
 -0.1386550E+01 -0.1707833E-05
 -0.1398416E+01 -0.1723387E-05
 -0.1362722E+01 -0.1676433E-05
 -0.1374613E+01 -0.1692131E-05
 -0.1351329E+01 -0.1661310E-05
 -0.1410253E+01 -0.1738843E-05
 -0.1422241E+01 -0.1754422E-05
 -0.1434641E+01 -0.1770439E-05
 -0.1447835E+01 -0.1787380E-05
 -0.1462411E+01 -0.1806004E-05
 -0.1479399E+01 -0.1827683E-05
 -0.1500517E+01 -0.1854698E-05
 -0.1530351E+01 -0.1893163E-05
 -0.2287179E+01 -0.2834282E-05
 -0.2237219E+01 -0.2772394E-05
 -0.2089451E+01 -0.2588210E-05
 -0.2237205E+01 -0.2771997E-05
 -0.1850350E+01 -0.2290934E-05
 -0.2089526E+01 -0.2589060E-05
 -0.1850508E+01 -0.2292223E-05
 -0.1530599E+01 -0.1894853E-05
 -0.1143780E+01 -0.1414307E-05
 -0.7069702E+00 -0.8716050E-06
 -0.2392525E+00 -0.2904625E-06
  0.2389251E+00  0.3037218E-06
  0.7066628E+00  0.8849754E-06
  0.1143522E+01  0.1427901E-05
  0.1530409E+01  0.1908766E-05
  0.1850422E+01  0.2306564E-05
  0.2089597E+01  0.2603932E-05
  0.2237477E+01  0.2787875E-05
  0.2287570E+01  0.2850317E-05
  0.2237671E+01  0.2788510E-05
  0.2089971E+01  0.2605164E-05
  0.1850896E+01  0.2308267E-05
  0.1530885E+01  0.1910762E-05
  0.1479731E+01  0.1844744E-05
  0.1462742E+01  0.1821773E-05
  0.1410391E+01  0.1749039E-05
  0.1501090E+01  0.1872850E-05
  0.1448111E+01  0.1801637E-05
  0.1690287E+01  0.2092902E-05
  0.1676666E+01  0.2073994E-05
  0.1637669E+01  0.2019932E-05
  0.1843190E+01  0.2272234E-05
  0.1632595E+01  0.2012710E-05
  0.1973629E+01  0.2433069E-05
  0.2019486E+01  0.2489706E-05
  0.1847552E+01  0.2278261E-05
  0.1977021E+01  0.2437567E-05
 -0.1734565E+01 -0.2142007E-05
  0.1009429E+01  0.1244984E-05
  0.6238192E+00  0.7699824E-06
  0.2108886E+00  0.2613684E-06
 -0.2113015E+00 -0.2586160E-06
 -0.6242597E+00 -0.7671948E-06
 -0.1009943E+01 -0.1242146E-05
 -0.1351484E+01 -0.1662700E-05
 -0.1633958E+01 -0.2010480E-05
 -0.1845017E+01 -0.2270280E-05
 -0.1975447E+01 -0.2430764E-05
 -0.2019556E+01 -0.2484917E-05
 -0.1975413E+01 -0.2430382E-05
 -0.1844946E+01 -0.2269535E-05
 -0.1633843E+01 -0.2009383E-05
 -0.1705068E+01 -0.2103533E-05
 -0.1719564E+01 -0.2122492E-05
 -0.1690744E+01 -0.2084722E-05
 -0.1676417E+01 -0.2065836E-05
 -0.1647612E+01 -0.2027730E-05
 -0.1661989E+01 -0.2046775E-05
 -0.1500721E+01 -0.1856301E-05
 -0.1750513E+01 -0.2162626E-05
 -0.1768142E+01 -0.2185307E-05
 -0.1788676E+01 -0.2211646E-05
 -0.1814277E+01 -0.2244486E-05
 -0.2048793E+01 -0.2536627E-05
 -0.1814381E+01 -0.2245683E-05
 -0.2193565E+01 -0.2716222E-05
 -0.2242581E+01 -0.2776904E-05
 -0.2048682E+01 -0.2535745E-05
 -0.2193568E+01 -0.2715854E-05
 -0.1121471E+01 -0.1385449E-05
 -0.6931952E+00 -0.8536772E-06
 -0.2346144E+00 -0.2842327E-06
  0.2342435E+00  0.2980192E-06
  0.6928522E+00  0.8675783E-06
  0.1121149E+01  0.1399540E-05
  0.1500509E+01  0.1870759E-05
  0.1814283E+01  0.2260563E-05
  0.2048750E+01  0.2551907E-05
  0.2193675E+01  0.2732071E-05
  0.2242817E+01  0.2793290E-05
  0.2193924E+01  0.2732755E-05
  0.2049111E+01  0.2553110E-05
  0.1814720E+01  0.2262198E-05
  0.1750700E+01  0.2176503E-05
  0.1704466E+01  0.2112558E-05
  0.1768416E+01  0.2200732E-05
  0.1350700E+01  0.1665404E-05
  0.1789042E+01  0.2228465E-05
  0.1734548E+01  0.2154220E-05
  0.1650763E+01  0.2037993E-05
  0.1663582E+01  0.2055807E-05
  0.1719251E+01  0.2133040E-05
  0.1907608E+01  0.2361290E-05
  0.1891758E+01  0.2339407E-05
  0.1992540E+01  0.2458962E-05
  0.1859863E+01  0.2294923E-05
  0.1647220E+01  0.2032672E-05
  0.1862029E+01  0.2298278E-05
  0.1991443E+01  0.2457283E-05
  0.2036455E+01  0.2512932E-05
 -0.1996575E+01 -0.2468761E-05
  0.1018107E+01  0.1256969E-05
 -0.1909152E+01 -0.2354735E-05
  0.2126581E+00  0.2640283E-06
  0.6291089E+00  0.7774001E-06
 -0.6295235E+00 -0.7740454E-06
 -0.1018444E+01 -0.1253376E-05
 -0.1362848E+01 -0.1677803E-05
 -0.1647688E+01 -0.2028783E-05
 -0.1860511E+01 -0.2290970E-05
 -0.1992044E+01 -0.2452937E-05
 -0.2036537E+01 -0.2507613E-05
 -0.1992038E+01 -0.2452590E-05
 -0.1860482E+01 -0.2290269E-05
 -0.1876703E+01 -0.2311805E-05
 -0.1479547E+01 -0.1829200E-05
 -0.1941684E+01 -0.2397516E-05
 -0.1925315E+01 -0.2376035E-05
 -0.1892977E+01 -0.2333361E-05
 -0.6834213E+00 -0.8413643E-06
 -0.2019768E+01 -0.2498597E-05
 -0.2162599E+01 -0.2676411E-05
 -0.1976646E+01 -0.2443034E-05
 -0.2162582E+01 -0.2676012E-05
 -0.2313199E+00 -0.2803247E-06
 -0.1788766E+01 -0.2212814E-05
 -0.2019816E+01 -0.2499393E-05
 -0.2210907E+01 -0.2736176E-05
 -0.1105653E+01 -0.1365292E-05
  0.2308993E+00  0.2933033E-06
  0.6830346E+00  0.8544592E-06
  0.1105320E+01  0.1378614E-05
  0.1479287E+01  0.1842834E-05
  0.1788617E+01  0.2226867E-05
  0.2019778E+01  0.2513917E-05
  0.2162712E+01  0.2691478E-05
  0.2211121E+01  0.2751746E-05
  0.2162905E+01  0.2692093E-05
  0.2020128E+01  0.2515088E-05
  0.1958363E+01  0.2431240E-05
  0.1924118E+01  0.2384024E-05
  0.1362539E+01  0.1681631E-05
  0.1996784E+01  0.2483787E-05
  0.1876751E+01  0.2318627E-05
  0.1940985E+01  0.2407284E-05
  0.1976688E+01  0.2456419E-05
 -0.2130919E+00 -0.2607715E-06
 -0.1958632E+01 -0.2419649E-05
  0.2025707E+01  0.2504624E-05
  0.2054276E+01  0.2537292E-05
  0.1662819E+01  0.2053860E-05
 -0.2044092E+01 -0.2521631E-05
 -0.2149523E+00 -0.2629598E-06
  0.1027304E+01  0.1269645E-05
 -0.2137718E+01 -0.2643986E-05
 -0.1374700E+01 -0.1693464E-05
 -0.2026786E+01 -0.2498723E-05
 -0.2097049E+01 -0.2591240E-05
  0.6347089E+00  0.7852548E-06
 -0.1027307E+01 -0.1265007E-05
 -0.1876680E+01 -0.2312446E-05
 -0.2009352E+01 -0.2475953E-05
 -0.2054255E+01 -0.2531171E-05
 -0.2009383E+01 -0.2475647E-05
  0.2282172E+00  0.2891612E-06
 -0.2078897E+01 -0.2567489E-05
 -0.1996495E+01 -0.2469383E-05
 -0.1462461E+01 -0.1807382E-05
 -0.2061361E+01 -0.2544429E-05
  0.1092561E+01  0.1361232E-05
 -0.2286675E+00 -0.2774647E-06
 -0.1092896E+01 -0.1349164E-05
  0.6751369E+00  0.8434681E-06
 -0.2137653E+01 -0.2644275E-05
 -0.1768105E+01 -0.2186300E-05
 -0.2116366E+01 -0.2616364E-05
 -0.1661998E+01 -0.2047760E-05
 -0.6350036E+00 -0.7811165E-06
  0.1462227E+01  0.1819802E-05
  0.1768001E+01  0.2199160E-05
  0.1996531E+01  0.2482743E-05
  0.2137800E+01  0.2658124E-05
  0.2185613E+01  0.2717614E-05
  0.2137901E+01  0.2658621E-05
  0.2116384E+01  0.2629373E-05
  0.2060504E+01  0.2552491E-05
  0.2078368E+01  0.2577118E-05
  0.2042999E+01  0.2528387E-05
  0.2145345E+00  0.2668729E-06
 -0.6755512E+00 -0.8316518E-06
  0.2008726E+01  0.2481272E-05
  0.1877421E+01  0.2318750E-05
  0.2096818E+01  0.2602536E-05
 -0.2185426E+01 -0.2703341E-05
  0.1375164E+01  0.1698884E-05
 -0.2168100E+00 -0.2650919E-06
  0.1750427E+01  0.2175128E-05
  0.1447684E+01  0.1799791E-05
  0.1976716E+01  0.2455733E-05
 -0.1386575E+01 -0.1709106E-05
  0.2259314E+00  0.2854290E-06
 -0.2143811E+01 -0.2649330E-05
  0.6403028E+00  0.7931578E-06
 -0.1036187E+01 -0.1276608E-05
  0.2072176E+01  0.2561794E-05
 -0.1892889E+01 -0.2333929E-05
 -0.2026724E+01 -0.2498996E-05
 -0.1447807E+01 -0.1788644E-05
 -0.2125257E+01 -0.2625038E-05
  0.1081666E+01  0.1346069E-05
 -0.1081949E+01 -0.1335338E-05
 -0.1976496E+01 -0.2443566E-05
  0.6683959E+00  0.8338188E-06
 -0.2107332E+01 -0.2601455E-05
 -0.6687939E+00 -0.8233826E-06
 -0.2116264E+01 -0.2616602E-05
  0.2027988E+01  0.2507044E-05
 -0.2072029E+01 -0.2554759E-05
 -0.2263833E+00 -0.2751333E-06
 -0.1750387E+01 -0.2163500E-05
 -0.2163584E+01 -0.2675066E-05
  0.2116521E+01  0.2629162E-05
  0.2163698E+01  0.2687822E-05
  0.2164123E+00  0.2697716E-06
  0.2125288E+01  0.2635001E-05
  0.2089875E+01  0.2586113E-05
  0.2107411E+01  0.2610299E-05
  0.1677803E+01  0.2074368E-05
 -0.2089675E+01 -0.2578133E-05
  0.1387524E+01  0.1715862E-05
  0.1036434E+01  0.1282297E-05
 -0.1676356E+01 -0.2066743E-05
  0.2143887E+01  0.2660641E-05
  0.1894414E+01  0.2341966E-05
 -0.6405026E+00 -0.7881578E-06
  0.2097379E+01  0.2602858E-05
 -0.1072050E+01 -0.1322797E-05
  0.1910637E+01  0.2364281E-05
 -0.1398375E+01 -0.1724590E-05
 -0.2078762E+01 -0.2567679E-05
 -0.1690619E+01 -0.2085552E-05
  0.1045335E+01  0.1294737E-05
  0.1399376E+01  0.1732287E-05
 -0.1909012E+01 -0.2355247E-05
 -0.2043998E+01 -0.2521864E-05
 -0.1434565E+01 -0.1771635E-05
  0.1734772E+01  0.2153459E-05
 -0.6626730E+00 -0.8158918E-06
  0.1071915E+01  0.1332324E-05
  0.2182833E+00  0.2727321E-06
 -0.1958425E+01 -0.2420098E-05
  0.6623531E+00  0.8250420E-06
 -0.1734382E+01 -0.2142797E-05
 -0.2096913E+01 -0.2591431E-05
 -0.6459558E+00 -0.7950820E-06
  0.2045250E+01  0.2530783E-05
 -0.2243141E+00 -0.2730610E-06
  0.1692190E+01  0.2094220E-05
  0.1434698E+01  0.1781712E-05
 -0.1045007E+01 -0.1288076E-05
 -0.2186481E+00 -0.2671392E-06
 -0.2061251E+01 -0.2544652E-05
  0.2238903E+00  0.2820047E-06
  0.2062346E+01  0.2554397E-05
  0.6457927E+00  0.8009918E-06
  0.1959003E+01  0.2431314E-05
  0.2079547E+01  0.2578199E-05
 -0.1062775E+01 -0.1310971E-05
  0.1422635E+01  0.1764808E-05
  0.1942469E+01  0.2408397E-05
 -0.6514030E+00 -0.8019331E-06
 -0.1704882E+01 -0.2104302E-05
  0.1054077E+01  0.1307051E-05
  0.2010003E+01  0.2482497E-05
  0.1720224E+01  0.2133208E-05
 -0.6569377E+00 -0.8088218E-06
  0.1062855E+01  0.1319479E-05
 -0.1925127E+01 -0.2376494E-05
  0.1926478E+01  0.2386214E-05
  0.6512544E+00  0.8088671E-06
  0.6567208E+00  0.8168186E-06
 -0.1941475E+01 -0.2397958E-05
 -0.1410169E+01 -0.1740006E-05
 -0.2223538E+00 -0.2710686E-06
  0.2201463E+00  0.2757441E-06
 -0.1422149E+01 -0.1755587E-05
 -0.1719373E+01 -0.2123266E-05
  0.2219977E+00  0.2788169E-06
 -0.2204781E+00 -0.2691094E-06
 -0.1053816E+01 -0.1299468E-05
  0.1706203E+01  0.2113670E-05
  0.1410976E+01  0.1748476E-05
  0.4303799E-01  0.1803427E-06
 -0.3042123E+00 -0.2519120E-06
  0.3947632E+00  0.6207373E-06
  0.2970146E+00  0.5031544E-06
  0.4307387E+00  0.6756991E-06
  0.5133129E+00  0.7810133E-06
  0.5931097E+00  0.8824285E-06
  0.6703179E+00  0.9805445E-06
  0.7446228E+00  0.1075026E-05
  0.8156778E+00  0.1165341E-05
  0.8831710E+00  0.1251079E-05
  0.9468015E+00  0.1331949E-05
  0.1006295E+01  0.1407511E-05
  0.1061371E+01  0.1477488E-05
  0.1111803E+01  0.1541542E-05
  0.1157392E+01  0.1599471E-05
  0.1197909E+01  0.1650908E-05
  0.1233193E+01  0.1695742E-05
  0.1263058E+01  0.1733665E-05
  0.1287374E+01  0.1764555E-05
  0.1306050E+01  0.1788266E-05
  0.1318770E+01  0.1804399E-05
  0.1322363E+01  0.1808616E-05
  0.1291348E+01  0.1766609E-05
 -0.2126927E+00 -0.1446588E-06
  0.1252742E+01  0.1717343E-05
 -0.5404601E+00 -0.5526533E-06
  0.1165669E+01  0.1606531E-05
 -0.4600933E+00 -0.4591236E-06
  0.1032822E+01  0.1437620E-05
 -0.7550506E+00 -0.8258912E-06
  0.8594709E+00  0.1217204E-05
 -0.6890896E+00 -0.7503388E-06
  0.6523460E+00  0.9539076E-06
 -0.9400064E+00 -0.1061466E-05
  0.4195929E+00  0.6580137E-06
 -0.8909620E+00 -0.1006995E-05
  0.1703871E+00  0.3411876E-06
 -0.1088164E+01 -0.1250193E-05
 -0.8552027E-01  0.1591552E-07
 -0.1057903E+01 -0.1219296E-05
 -0.3380976E+00 -0.3051230E-06
 -0.1193659E+01 -0.1384673E-05
 -0.5773819E+00 -0.6092340E-06
 -0.1183409E+01 -0.1378885E-05
 -0.7939653E+00 -0.8844822E-06
 -0.1252359E+01 -0.1459615E-05
 -0.9793762E+00 -0.1120135E-05
 -0.1262552E+01 -0.1479605E-05
 -0.1126341E+01 -0.1306825E-05
 -0.1261919E+01 -0.1471965E-05
 -0.1229121E+01 -0.1437372E-05
 -0.1292104E+01 -0.1517261E-05
 -0.1283696E+01 -0.1506635E-05
 -0.1221999E+01 -0.1421402E-05
 -0.1287936E+01 -0.1511929E-05
 -0.1270976E+01 -0.1490529E-05
 -0.1241621E+01 -0.1452985E-05
 -0.1134158E+01 -0.1309788E-05
 -0.1146587E+01 -0.1332032E-05
 -0.1200001E+01 -0.1400399E-05
 -0.1006612E+01 -0.1154047E-05
 -0.1001846E+01 -0.1141592E-05
 -0.8272157E+00 -0.9259832E-06
 -0.1081949E+01 -0.1250435E-05
 -0.6153682E+00 -0.6565493E-06
 -0.8302218E+00 -0.9233270E-06
 -0.3791882E+00 -0.3562989E-06
 -0.9214624E+00 -0.1046532E-05
 -0.1278692E+00 -0.3684767E-07
 -0.4249469E-01  0.7160744E-07
  0.1259649E+01  0.1736877E-05
 -0.6259822E+00 -0.6634758E-06
  0.1235474E+01  0.1689270E-05
 -0.7247943E+00 -0.7965684E-06
  0.1129209E+01  0.1554274E-05
 -0.3971288E+00 -0.3722853E-06
  0.9786054E+00  0.1362965E-05
 -0.4996630E+00 -0.5104563E-06
  0.7895932E+00  0.1122861E-05
 -0.1526317E+00 -0.6117818E-07
  0.5695686E+00  0.8433319E-06
 -0.2548742E+00 -0.1993506E-06
  0.3271981E+00  0.5354427E-06
  0.9785275E-01  0.2575930E-06
  0.7198790E-01  0.2112235E-06
 -0.7052119E-04  0.1245331E-06
 -0.1860714E+00 -0.1166007E-06
  0.3444753E+00  0.5714721E-06
 -0.4368509E+00 -0.4352252E-06
  0.2546977E+00  0.4483590E-06
 -0.6704594E+00 -0.7319784E-06
  0.5775698E+00  0.8682069E-06
 -0.8777244E+00 -0.9953191E-06
  0.4994699E+00  0.7595317E-06
 -0.1050523E+01 -0.1214798E-05
  0.7879715E+00  0.1136085E-05
 -0.1182112E+01 -0.1381987E-05
  0.7246277E+00  0.1045774E-05
 -0.1267336E+01 -0.1490249E-05
  0.9673986E+00  0.1364526E-05
 -0.1302838E+01 -0.1535360E-05
  0.9213363E+00  0.1295848E-05
 -0.1287233E+01 -0.1515493E-05
  0.1108847E+01  0.1544678E-05
 -0.1221071E+01 -0.1431446E-05
  0.1081859E+01  0.1499971E-05
 -0.1107051E+01 -0.1286622E-05
  0.1206751E+01  0.1669504E-05
 -0.9496399E+00 -0.1086643E-05
  0.1199916E+01  0.1650102E-05
 -0.7550331E+00 -0.8393639E-06
  0.1257289E+01  0.1734032E-05
 -0.5307720E+00 -0.5544811E-06
  0.1270887E+01  0.1740428E-05
 -0.2854084E+00 -0.2427468E-06
  0.2130063E+00  0.3963133E-06
  0.1293419E+01  0.1762952E-05
  0.1282906E+00  0.2886310E-06
  0.0000000E+00  0.0000000E+00
  0.0000000E+00  0.0000000E+00
  0.0000000E+00  0.0000000E+00
  0.0000000E+00  0.0000000E+00
  0.0000000E+00  0.0000000E+00
  0.0000000E+00  0.0000000E+00
  0.0000000E+00  0.0000000E+00
  0.0000000E+00  0.0000000E+00
  0.0000000E+00  0.0000000E+00
  0.0000000E+00  0.0000000E+00
  0.0000000E+00  0.0000000E+00
  0.0000000E+00  0.0000000E+00
  0.0000000E+00  0.0000000E+00
  0.0000000E+00  0.0000000E+00
  0.0000000E+00  0.0000000E+00
  0.0000000E+00  0.0000000E+00
  0.0000000E+00  0.0000000E+00
  0.0000000E+00  0.0000000E+00
  0.0000000E+00  0.0000000E+00
  0.0000000E+00  0.0000000E+00
  0.0000000E+00  0.0000000E+00
  0.0000000E+00  0.0000000E+00
  0.0000000E+00  0.0000000E+00
  0.0000000E+00  0.0000000E+00
  0.0000000E+00  0.0000000E+00
  0.0000000E+00  0.0000000E+00
  0.0000000E+00  0.0000000E+00
  0.0000000E+00  0.0000000E+00
  0.0000000E+00  0.0000000E+00
  0.0000000E+00  0.0000000E+00
  0.0000000E+00  0.0000000E+00
  0.0000000E+00  0.0000000E+00
  0.0000000E+00  0.0000000E+00
  0.0000000E+00  0.0000000E+00
  0.0000000E+00  0.0000000E+00
  0.0000000E+00  0.0000000E+00
  0.0000000E+00  0.0000000E+00
  0.0000000E+00  0.0000000E+00
  0.0000000E+00  0.0000000E+00
  0.0000000E+00  0.0000000E+00
  0.0000000E+00  0.0000000E+00
  0.0000000E+00  0.0000000E+00
  0.0000000E+00  0.0000000E+00
  0.0000000E+00  0.0000000E+00
  0.0000000E+00  0.0000000E+00
  0.0000000E+00  0.0000000E+00
  0.0000000E+00  0.0000000E+00
  0.0000000E+00  0.0000000E+00
  0.0000000E+00  0.0000000E+00
  0.0000000E+00  0.0000000E+00
  0.0000000E+00  0.0000000E+00
  0.0000000E+00  0.0000000E+00
  0.0000000E+00  0.0000000E+00
  0.0000000E+00  0.0000000E+00
  0.0000000E+00  0.0000000E+00
  0.0000000E+00  0.0000000E+00
  0.0000000E+00  0.0000000E+00
  0.0000000E+00  0.0000000E+00
  0.0000000E+00  0.0000000E+00
  0.0000000E+00  0.0000000E+00
  0.0000000E+00  0.0000000E+00
  0.0000000E+00  0.0000000E+00
  0.0000000E+00  0.0000000E+00
  0.0000000E+00  0.0000000E+00
  0.0000000E+00  0.0000000E+00
  0.0000000E+00  0.0000000E+00
  0.0000000E+00  0.0000000E+00
  0.0000000E+00  0.0000000E+00
  0.0000000E+00  0.0000000E+00
  0.0000000E+00  0.0000000E+00
  0.0000000E+00  0.0000000E+00
  0.0000000E+00  0.0000000E+00
  0.0000000E+00  0.0000000E+00
  0.0000000E+00  0.0000000E+00
  0.0000000E+00  0.0000000E+00
  0.0000000E+00  0.0000000E+00
  0.0000000E+00  0.0000000E+00
  0.0000000E+00  0.0000000E+00
  0.0000000E+00  0.0000000E+00
  0.0000000E+00  0.0000000E+00
  0.0000000E+00  0.0000000E+00
  0.0000000E+00  0.0000000E+00
  0.0000000E+00  0.0000000E+00
  0.0000000E+00  0.0000000E+00
  0.0000000E+00  0.0000000E+00
  0.0000000E+00  0.0000000E+00
  0.0000000E+00  0.0000000E+00
  0.0000000E+00  0.0000000E+00
  0.0000000E+00  0.0000000E+00
  0.0000000E+00  0.0000000E+00
  0.0000000E+00  0.0000000E+00
  0.0000000E+00  0.0000000E+00
  0.0000000E+00  0.0000000E+00
  0.0000000E+00  0.0000000E+00
  0.0000000E+00  0.0000000E+00
  0.0000000E+00  0.0000000E+00
  0.0000000E+00  0.0000000E+00
  0.0000000E+00  0.0000000E+00
  0.0000000E+00  0.0000000E+00
  0.0000000E+00  0.0000000E+00
  0.0000000E+00  0.0000000E+00
  0.0000000E+00  0.0000000E+00
  0.0000000E+00  0.0000000E+00
  0.0000000E+00  0.0000000E+00
  0.0000000E+00  0.0000000E+00
  0.0000000E+00  0.0000000E+00
  0.0000000E+00  0.0000000E+00
  0.0000000E+00  0.0000000E+00
  0.0000000E+00  0.0000000E+00
  0.0000000E+00  0.0000000E+00
  0.0000000E+00  0.0000000E+00
  0.0000000E+00  0.0000000E+00
  0.0000000E+00  0.0000000E+00
  0.0000000E+00  0.0000000E+00
  0.0000000E+00  0.0000000E+00
  0.0000000E+00  0.0000000E+00
  0.0000000E+00  0.0000000E+00
  0.0000000E+00  0.0000000E+00
  0.0000000E+00  0.0000000E+00
  0.0000000E+00  0.0000000E+00
  0.0000000E+00  0.0000000E+00
  0.0000000E+00  0.0000000E+00
  0.0000000E+00  0.0000000E+00
  0.0000000E+00  0.0000000E+00
  0.0000000E+00  0.0000000E+00
  0.0000000E+00  0.0000000E+00
  0.0000000E+00  0.0000000E+00
  0.0000000E+00  0.0000000E+00
  0.0000000E+00  0.0000000E+00
  0.0000000E+00  0.0000000E+00
  0.0000000E+00  0.0000000E+00
  0.0000000E+00  0.0000000E+00
  0.0000000E+00  0.0000000E+00
  0.0000000E+00  0.0000000E+00
  0.0000000E+00  0.0000000E+00
  0.0000000E+00  0.0000000E+00
  0.0000000E+00  0.0000000E+00
  0.0000000E+00  0.0000000E+00
  0.0000000E+00  0.0000000E+00
  0.0000000E+00  0.0000000E+00
  0.0000000E+00  0.0000000E+00
  0.0000000E+00  0.0000000E+00
  0.0000000E+00  0.0000000E+00
  0.0000000E+00  0.0000000E+00
  0.0000000E+00  0.0000000E+00
  0.0000000E+00  0.0000000E+00
  0.0000000E+00  0.0000000E+00
  0.0000000E+00  0.0000000E+00
  0.0000000E+00  0.0000000E+00
  0.0000000E+00  0.0000000E+00
  0.0000000E+00  0.0000000E+00
  0.0000000E+00  0.0000000E+00
  0.0000000E+00  0.0000000E+00
  0.0000000E+00  0.0000000E+00
  0.0000000E+00  0.0000000E+00
  0.0000000E+00  0.0000000E+00
  0.0000000E+00  0.0000000E+00
  0.0000000E+00  0.0000000E+00
  0.0000000E+00  0.0000000E+00
  0.0000000E+00  0.0000000E+00
  0.0000000E+00  0.0000000E+00
  0.0000000E+00  0.0000000E+00
  0.0000000E+00  0.0000000E+00
  0.0000000E+00  0.0000000E+00
  0.0000000E+00  0.0000000E+00
  0.0000000E+00  0.0000000E+00
  0.0000000E+00  0.0000000E+00
  0.0000000E+00  0.0000000E+00
  0.0000000E+00  0.0000000E+00
  0.0000000E+00  0.0000000E+00
  0.0000000E+00  0.0000000E+00
  0.0000000E+00  0.0000000E+00
  0.0000000E+00  0.0000000E+00
  0.0000000E+00  0.0000000E+00
  0.0000000E+00  0.0000000E+00
  0.0000000E+00  0.0000000E+00
  0.0000000E+00  0.0000000E+00
  0.0000000E+00  0.0000000E+00
  0.0000000E+00  0.0000000E+00
  0.0000000E+00  0.0000000E+00
  0.0000000E+00  0.0000000E+00
  0.0000000E+00  0.0000000E+00
  0.0000000E+00  0.0000000E+00
  0.0000000E+00  0.0000000E+00
  0.0000000E+00  0.0000000E+00
  0.0000000E+00  0.0000000E+00
  0.0000000E+00  0.0000000E+00
  0.0000000E+00  0.0000000E+00
  0.0000000E+00  0.0000000E+00
  0.0000000E+00  0.0000000E+00
  0.0000000E+00  0.0000000E+00
  0.0000000E+00  0.0000000E+00
  0.0000000E+00  0.0000000E+00
  0.0000000E+00  0.0000000E+00
  0.0000000E+00  0.0000000E+00
  0.0000000E+00  0.0000000E+00
  0.0000000E+00  0.0000000E+00
  0.0000000E+00  0.0000000E+00
  0.0000000E+00  0.0000000E+00
  0.0000000E+00  0.0000000E+00
  0.0000000E+00  0.0000000E+00
  0.0000000E+00  0.0000000E+00
  0.0000000E+00  0.0000000E+00
  0.0000000E+00  0.0000000E+00
  0.0000000E+00  0.0000000E+00
  0.0000000E+00  0.0000000E+00
  0.0000000E+00  0.0000000E+00
  0.0000000E+00  0.0000000E+00
  0.0000000E+00  0.0000000E+00
  0.0000000E+00  0.0000000E+00
  0.0000000E+00  0.0000000E+00
  0.0000000E+00  0.0000000E+00
  0.0000000E+00  0.0000000E+00
  0.0000000E+00  0.0000000E+00
  0.0000000E+00  0.0000000E+00
  0.0000000E+00  0.0000000E+00
  0.0000000E+00  0.0000000E+00
  0.0000000E+00  0.0000000E+00
  0.0000000E+00  0.0000000E+00
  0.0000000E+00  0.0000000E+00
  0.0000000E+00  0.0000000E+00
  0.0000000E+00  0.0000000E+00
  0.0000000E+00  0.0000000E+00
  0.0000000E+00  0.0000000E+00
  0.0000000E+00  0.0000000E+00
  0.0000000E+00  0.0000000E+00
  0.0000000E+00  0.0000000E+00
  0.0000000E+00  0.0000000E+00
  0.0000000E+00  0.0000000E+00
  0.0000000E+00  0.0000000E+00
  0.0000000E+00  0.0000000E+00
  0.0000000E+00  0.0000000E+00
  0.0000000E+00  0.0000000E+00
  0.0000000E+00  0.0000000E+00
  0.0000000E+00  0.0000000E+00
  0.0000000E+00  0.0000000E+00
  0.0000000E+00  0.0000000E+00
  0.0000000E+00  0.0000000E+00
  0.0000000E+00  0.0000000E+00
  0.0000000E+00  0.0000000E+00
  0.0000000E+00  0.0000000E+00
  0.0000000E+00  0.0000000E+00
  0.0000000E+00  0.0000000E+00
  0.0000000E+00  0.0000000E+00
  0.0000000E+00  0.0000000E+00
  0.0000000E+00  0.0000000E+00
  0.0000000E+00  0.0000000E+00
  0.0000000E+00  0.0000000E+00
  0.0000000E+00  0.0000000E+00
  0.0000000E+00  0.0000000E+00
  0.0000000E+00  0.0000000E+00
  0.0000000E+00  0.0000000E+00
  0.0000000E+00  0.0000000E+00
  0.0000000E+00  0.0000000E+00
  0.0000000E+00  0.0000000E+00
  0.0000000E+00  0.0000000E+00
  0.0000000E+00  0.0000000E+00
  0.0000000E+00  0.0000000E+00
  0.0000000E+00  0.0000000E+00
  0.0000000E+00  0.0000000E+00
  0.0000000E+00  0.0000000E+00
  0.0000000E+00  0.0000000E+00
  0.0000000E+00  0.0000000E+00
  0.0000000E+00  0.0000000E+00
  0.0000000E+00  0.0000000E+00
  0.0000000E+00  0.0000000E+00
  0.0000000E+00  0.0000000E+00
  0.0000000E+00  0.0000000E+00
  0.0000000E+00  0.0000000E+00
  0.0000000E+00  0.0000000E+00
  0.0000000E+00  0.0000000E+00
  0.0000000E+00  0.0000000E+00
  0.0000000E+00  0.0000000E+00
  0.0000000E+00  0.0000000E+00
  0.0000000E+00  0.0000000E+00
  0.0000000E+00  0.0000000E+00
  0.0000000E+00  0.0000000E+00
  0.0000000E+00  0.0000000E+00
  0.0000000E+00  0.0000000E+00
  0.0000000E+00  0.0000000E+00
  0.0000000E+00  0.0000000E+00
  0.0000000E+00  0.0000000E+00
  0.0000000E+00  0.0000000E+00
  0.0000000E+00  0.0000000E+00
  0.0000000E+00  0.0000000E+00
  0.0000000E+00  0.0000000E+00
  0.0000000E+00  0.0000000E+00
  0.0000000E+00  0.0000000E+00
  0.0000000E+00  0.0000000E+00
  0.0000000E+00  0.0000000E+00
  0.0000000E+00  0.0000000E+00
  0.0000000E+00  0.0000000E+00
  0.0000000E+00  0.0000000E+00
  0.0000000E+00  0.0000000E+00
  0.0000000E+00  0.0000000E+00
  0.0000000E+00  0.0000000E+00
  0.0000000E+00  0.0000000E+00
  0.0000000E+00  0.0000000E+00
  0.0000000E+00  0.0000000E+00
  0.0000000E+00  0.0000000E+00
  0.0000000E+00  0.0000000E+00
  0.0000000E+00  0.0000000E+00
  0.0000000E+00  0.0000000E+00
  0.0000000E+00  0.0000000E+00
  0.0000000E+00  0.0000000E+00
  0.0000000E+00  0.0000000E+00
  0.0000000E+00  0.0000000E+00
  0.0000000E+00  0.0000000E+00
  0.0000000E+00  0.0000000E+00
  0.0000000E+00  0.0000000E+00
  0.0000000E+00  0.0000000E+00
  0.0000000E+00  0.0000000E+00
  0.0000000E+00  0.0000000E+00
  0.0000000E+00  0.0000000E+00
  0.0000000E+00  0.0000000E+00
  0.0000000E+00  0.0000000E+00
  0.0000000E+00  0.0000000E+00
  0.0000000E+00  0.0000000E+00
  0.0000000E+00  0.0000000E+00
  0.0000000E+00  0.0000000E+00
  0.0000000E+00  0.0000000E+00
  0.0000000E+00  0.0000000E+00
  0.0000000E+00  0.0000000E+00
  0.0000000E+00  0.0000000E+00
  0.0000000E+00  0.0000000E+00
  0.0000000E+00  0.0000000E+00
  0.0000000E+00  0.0000000E+00
  0.0000000E+00  0.0000000E+00
  0.0000000E+00  0.0000000E+00
  0.0000000E+00  0.0000000E+00
  0.0000000E+00  0.0000000E+00
  0.0000000E+00  0.0000000E+00
  0.0000000E+00  0.0000000E+00
  0.0000000E+00  0.0000000E+00
  0.0000000E+00  0.0000000E+00
  0.0000000E+00  0.0000000E+00
  0.0000000E+00  0.0000000E+00
  0.0000000E+00  0.0000000E+00
  0.0000000E+00  0.0000000E+00
  0.0000000E+00  0.0000000E+00
  0.0000000E+00  0.0000000E+00
  0.0000000E+00  0.0000000E+00
  0.0000000E+00  0.0000000E+00
  0.0000000E+00  0.0000000E+00
  0.0000000E+00  0.0000000E+00
  0.0000000E+00  0.0000000E+00
  0.0000000E+00  0.0000000E+00
  0.0000000E+00  0.0000000E+00
  0.0000000E+00  0.0000000E+00
  0.0000000E+00  0.0000000E+00
  0.0000000E+00  0.0000000E+00
  0.0000000E+00  0.0000000E+00
  0.0000000E+00  0.0000000E+00
  0.0000000E+00  0.0000000E+00
  0.0000000E+00  0.0000000E+00
  0.0000000E+00  0.0000000E+00
  0.0000000E+00  0.0000000E+00
  0.0000000E+00  0.0000000E+00
  0.0000000E+00  0.0000000E+00
  0.0000000E+00  0.0000000E+00
  0.0000000E+00  0.0000000E+00
  0.0000000E+00  0.0000000E+00
  0.0000000E+00  0.0000000E+00
  0.0000000E+00  0.0000000E+00
  0.0000000E+00  0.0000000E+00
  0.0000000E+00  0.0000000E+00
  0.0000000E+00  0.0000000E+00
  0.0000000E+00  0.0000000E+00
  0.0000000E+00  0.0000000E+00
  0.0000000E+00  0.0000000E+00
  0.0000000E+00  0.0000000E+00
  0.0000000E+00  0.0000000E+00
  0.0000000E+00  0.0000000E+00
  0.0000000E+00  0.0000000E+00
  0.0000000E+00  0.0000000E+00
  0.0000000E+00  0.0000000E+00
  0.0000000E+00  0.0000000E+00
  0.0000000E+00  0.0000000E+00
  0.0000000E+00  0.0000000E+00
  0.0000000E+00  0.0000000E+00
  0.0000000E+00  0.0000000E+00
  0.0000000E+00  0.0000000E+00
  0.0000000E+00  0.0000000E+00
  0.0000000E+00  0.0000000E+00
  0.0000000E+00  0.0000000E+00
  0.0000000E+00  0.0000000E+00
  0.0000000E+00  0.0000000E+00
  0.0000000E+00  0.0000000E+00
  0.0000000E+00  0.0000000E+00
  0.0000000E+00  0.0000000E+00
  0.0000000E+00  0.0000000E+00
  0.0000000E+00  0.0000000E+00
  0.0000000E+00  0.0000000E+00
  0.0000000E+00  0.0000000E+00
  0.0000000E+00  0.0000000E+00
  0.0000000E+00  0.0000000E+00
  0.0000000E+00  0.0000000E+00
  0.0000000E+00  0.0000000E+00
  0.0000000E+00  0.0000000E+00
  0.0000000E+00  0.0000000E+00
  0.0000000E+00  0.0000000E+00
  0.0000000E+00  0.0000000E+00
  0.0000000E+00  0.0000000E+00
  0.0000000E+00  0.0000000E+00
  0.0000000E+00  0.0000000E+00
  0.0000000E+00  0.0000000E+00
  0.0000000E+00  0.0000000E+00
  0.0000000E+00  0.0000000E+00
  0.0000000E+00  0.0000000E+00
  0.0000000E+00  0.0000000E+00
  0.0000000E+00  0.0000000E+00
  0.0000000E+00  0.0000000E+00
  0.0000000E+00  0.0000000E+00
  0.0000000E+00  0.0000000E+00
  0.0000000E+00  0.0000000E+00
  0.0000000E+00  0.0000000E+00
  0.0000000E+00  0.0000000E+00
  0.0000000E+00  0.0000000E+00
  0.0000000E+00  0.0000000E+00
  0.0000000E+00  0.0000000E+00
  0.0000000E+00  0.0000000E+00
  0.0000000E+00  0.0000000E+00
  0.0000000E+00  0.0000000E+00
  0.0000000E+00  0.0000000E+00
  0.0000000E+00  0.0000000E+00
  0.0000000E+00  0.0000000E+00
  0.0000000E+00  0.0000000E+00
  0.0000000E+00  0.0000000E+00
  0.0000000E+00  0.0000000E+00
  0.0000000E+00  0.0000000E+00
  0.0000000E+00  0.0000000E+00
  0.0000000E+00  0.0000000E+00
  0.0000000E+00  0.0000000E+00
  0.0000000E+00  0.0000000E+00
  0.0000000E+00  0.0000000E+00
  0.0000000E+00  0.0000000E+00
  0.0000000E+00  0.0000000E+00
  0.0000000E+00  0.0000000E+00
  0.0000000E+00  0.0000000E+00
  0.0000000E+00  0.0000000E+00
  0.0000000E+00  0.0000000E+00
  0.0000000E+00  0.0000000E+00
  0.0000000E+00  0.0000000E+00
  0.0000000E+00  0.0000000E+00
  0.0000000E+00  0.0000000E+00
  0.0000000E+00  0.0000000E+00
  0.0000000E+00  0.0000000E+00
  0.0000000E+00  0.0000000E+00
  0.0000000E+00  0.0000000E+00
  0.0000000E+00  0.0000000E+00
  0.0000000E+00  0.0000000E+00
  0.0000000E+00  0.0000000E+00
  0.0000000E+00  0.0000000E+00
  0.0000000E+00  0.0000000E+00
  0.0000000E+00  0.0000000E+00
  0.0000000E+00  0.0000000E+00
  0.0000000E+00  0.0000000E+00
  0.0000000E+00  0.0000000E+00
  0.0000000E+00  0.0000000E+00
  0.0000000E+00  0.0000000E+00
  0.0000000E+00  0.0000000E+00
  0.0000000E+00  0.0000000E+00
  0.0000000E+00  0.0000000E+00
  0.0000000E+00  0.0000000E+00
  0.0000000E+00  0.0000000E+00
  0.0000000E+00  0.0000000E+00
  0.0000000E+00  0.0000000E+00
  0.0000000E+00  0.0000000E+00
  0.0000000E+00  0.0000000E+00
  0.0000000E+00  0.0000000E+00
  0.0000000E+00  0.0000000E+00
  0.0000000E+00  0.0000000E+00
  0.0000000E+00  0.0000000E+00
  0.0000000E+00  0.0000000E+00
  0.0000000E+00  0.0000000E+00
  0.0000000E+00  0.0000000E+00
  0.0000000E+00  0.0000000E+00
  0.0000000E+00  0.0000000E+00
  0.0000000E+00  0.0000000E+00
  0.0000000E+00  0.0000000E+00
  0.0000000E+00  0.0000000E+00
  0.0000000E+00  0.0000000E+00
  0.0000000E+00  0.0000000E+00
  0.0000000E+00  0.0000000E+00
  0.0000000E+00  0.0000000E+00
  0.0000000E+00  0.0000000E+00
  0.0000000E+00  0.0000000E+00
  0.0000000E+00  0.0000000E+00
  0.0000000E+00  0.0000000E+00
  0.0000000E+00  0.0000000E+00
  0.0000000E+00  0.0000000E+00
  0.0000000E+00  0.0000000E+00
  0.0000000E+00  0.0000000E+00
  0.0000000E+00  0.0000000E+00
  0.0000000E+00  0.0000000E+00
  0.0000000E+00  0.0000000E+00
  0.0000000E+00  0.0000000E+00
  0.0000000E+00  0.0000000E+00
  0.0000000E+00  0.0000000E+00
  0.0000000E+00  0.0000000E+00
  0.0000000E+00  0.0000000E+00
  0.0000000E+00  0.0000000E+00
  0.0000000E+00  0.0000000E+00
  0.0000000E+00  0.0000000E+00
  0.0000000E+00  0.0000000E+00
  0.0000000E+00  0.0000000E+00
  0.0000000E+00  0.0000000E+00
  0.0000000E+00  0.0000000E+00
  0.0000000E+00  0.0000000E+00
  0.0000000E+00  0.0000000E+00
  0.0000000E+00  0.0000000E+00
  0.0000000E+00  0.0000000E+00
  0.0000000E+00  0.0000000E+00
  0.0000000E+00  0.0000000E+00
  0.0000000E+00  0.0000000E+00
  0.0000000E+00  0.0000000E+00
  0.0000000E+00  0.0000000E+00
  0.0000000E+00  0.0000000E+00
  0.0000000E+00  0.0000000E+00
  0.0000000E+00  0.0000000E+00
  0.0000000E+00  0.0000000E+00
  0.0000000E+00  0.0000000E+00
  0.0000000E+00  0.0000000E+00
  0.0000000E+00  0.0000000E+00
  0.0000000E+00  0.0000000E+00
  0.0000000E+00  0.0000000E+00
  0.0000000E+00  0.0000000E+00
  0.0000000E+00  0.0000000E+00
  0.0000000E+00  0.0000000E+00
  0.0000000E+00  0.0000000E+00
  0.0000000E+00  0.0000000E+00
  0.0000000E+00  0.0000000E+00
  0.0000000E+00  0.0000000E+00
  0.0000000E+00  0.0000000E+00
  0.0000000E+00  0.0000000E+00
  0.0000000E+00  0.0000000E+00
  0.0000000E+00  0.0000000E+00
  0.0000000E+00  0.0000000E+00
  0.0000000E+00  0.0000000E+00
  0.0000000E+00  0.0000000E+00
  0.0000000E+00  0.0000000E+00
  0.0000000E+00  0.0000000E+00
  0.0000000E+00  0.0000000E+00
  0.0000000E+00  0.0000000E+00
  0.0000000E+00  0.0000000E+00
  0.0000000E+00  0.0000000E+00
  0.0000000E+00  0.0000000E+00
  0.0000000E+00  0.0000000E+00
  0.0000000E+00  0.0000000E+00
  0.0000000E+00  0.0000000E+00
  0.0000000E+00  0.0000000E+00
  0.0000000E+00  0.0000000E+00
  0.0000000E+00  0.0000000E+00
  0.0000000E+00  0.0000000E+00
  0.0000000E+00  0.0000000E+00
  0.0000000E+00  0.0000000E+00
  0.0000000E+00  0.0000000E+00
  0.0000000E+00  0.0000000E+00
  0.0000000E+00  0.0000000E+00
  0.0000000E+00  0.0000000E+00
  0.0000000E+00  0.0000000E+00
  0.0000000E+00  0.0000000E+00
  0.0000000E+00  0.0000000E+00
  0.0000000E+00  0.0000000E+00
  0.0000000E+00  0.0000000E+00
  0.0000000E+00  0.0000000E+00
  0.0000000E+00  0.0000000E+00
  0.0000000E+00  0.0000000E+00
  0.0000000E+00  0.0000000E+00
  0.0000000E+00  0.0000000E+00
  0.0000000E+00  0.0000000E+00
  0.0000000E+00  0.0000000E+00
  0.0000000E+00  0.0000000E+00
  0.0000000E+00  0.0000000E+00
  0.0000000E+00  0.0000000E+00
  0.0000000E+00  0.0000000E+00
  0.0000000E+00  0.0000000E+00
  0.0000000E+00  0.0000000E+00
  0.0000000E+00  0.0000000E+00
  0.0000000E+00  0.0000000E+00
  0.0000000E+00  0.0000000E+00
  0.0000000E+00  0.0000000E+00
  0.0000000E+00  0.0000000E+00
  0.0000000E+00  0.0000000E+00
  0.0000000E+00  0.0000000E+00
  0.0000000E+00  0.0000000E+00
  0.0000000E+00  0.0000000E+00
  0.0000000E+00  0.0000000E+00
  0.0000000E+00  0.0000000E+00
  0.0000000E+00  0.0000000E+00
  0.0000000E+00  0.0000000E+00
  0.0000000E+00  0.0000000E+00
  0.0000000E+00  0.0000000E+00
  0.0000000E+00  0.0000000E+00
  0.0000000E+00  0.0000000E+00
  0.0000000E+00  0.0000000E+00
  0.0000000E+00  0.0000000E+00
  0.0000000E+00  0.0000000E+00
  0.0000000E+00  0.0000000E+00
  0.0000000E+00  0.0000000E+00
  0.0000000E+00  0.0000000E+00
  0.0000000E+00  0.0000000E+00
  0.0000000E+00  0.0000000E+00
  0.0000000E+00  0.0000000E+00
  0.0000000E+00  0.0000000E+00
  0.0000000E+00  0.0000000E+00
  0.0000000E+00  0.0000000E+00
  0.0000000E+00  0.0000000E+00
  0.0000000E+00  0.0000000E+00
  0.0000000E+00  0.0000000E+00
  0.0000000E+00  0.0000000E+00
  0.0000000E+00  0.0000000E+00
  0.0000000E+00  0.0000000E+00
  0.0000000E+00  0.0000000E+00
  0.0000000E+00  0.0000000E+00
  0.0000000E+00  0.0000000E+00
  0.0000000E+00  0.0000000E+00
  0.0000000E+00  0.0000000E+00
  0.0000000E+00  0.0000000E+00
  0.0000000E+00  0.0000000E+00
  0.0000000E+00  0.0000000E+00
  0.0000000E+00  0.0000000E+00
  0.0000000E+00  0.0000000E+00
  0.0000000E+00  0.0000000E+00
  0.0000000E+00  0.0000000E+00
  0.0000000E+00  0.0000000E+00
  0.0000000E+00  0.0000000E+00
  0.0000000E+00  0.0000000E+00
  0.0000000E+00  0.0000000E+00
  0.0000000E+00  0.0000000E+00
  0.0000000E+00  0.0000000E+00
  0.0000000E+00  0.0000000E+00
  0.0000000E+00  0.0000000E+00
  0.0000000E+00  0.0000000E+00
  0.0000000E+00  0.0000000E+00
  0.0000000E+00  0.0000000E+00
  0.0000000E+00  0.0000000E+00
  0.0000000E+00  0.0000000E+00
  0.0000000E+00  0.0000000E+00
  0.0000000E+00  0.0000000E+00
  0.0000000E+00  0.0000000E+00
  0.0000000E+00  0.0000000E+00
  0.0000000E+00  0.0000000E+00
  0.0000000E+00  0.0000000E+00
  0.0000000E+00  0.0000000E+00
  0.0000000E+00  0.0000000E+00
  0.0000000E+00  0.0000000E+00
  0.0000000E+00  0.0000000E+00
  0.0000000E+00  0.0000000E+00
  0.0000000E+00  0.0000000E+00
  0.0000000E+00  0.0000000E+00
  0.0000000E+00  0.0000000E+00
  0.0000000E+00  0.0000000E+00
  0.0000000E+00  0.0000000E+00
  0.0000000E+00  0.0000000E+00
  0.0000000E+00  0.0000000E+00
  0.0000000E+00  0.0000000E+00
  0.0000000E+00  0.0000000E+00
  0.0000000E+00  0.0000000E+00
  0.0000000E+00  0.0000000E+00
  0.0000000E+00  0.0000000E+00
  0.0000000E+00  0.0000000E+00
  0.0000000E+00  0.0000000E+00
  0.0000000E+00  0.0000000E+00
  0.0000000E+00  0.0000000E+00
  0.0000000E+00  0.0000000E+00
  0.0000000E+00  0.0000000E+00
  0.0000000E+00  0.0000000E+00
  0.0000000E+00  0.0000000E+00
  0.0000000E+00  0.0000000E+00
  0.0000000E+00  0.0000000E+00
  0.0000000E+00  0.0000000E+00
  0.0000000E+00  0.0000000E+00
  0.0000000E+00  0.0000000E+00
  0.0000000E+00  0.0000000E+00
  0.0000000E+00  0.0000000E+00
  0.0000000E+00  0.0000000E+00
  0.0000000E+00  0.0000000E+00
  0.0000000E+00  0.0000000E+00
  0.0000000E+00  0.0000000E+00
  0.0000000E+00  0.0000000E+00
  0.0000000E+00  0.0000000E+00
  0.0000000E+00  0.0000000E+00
  0.0000000E+00  0.0000000E+00
  0.0000000E+00  0.0000000E+00
  0.0000000E+00  0.0000000E+00
  0.0000000E+00  0.0000000E+00
  0.0000000E+00  0.0000000E+00
  0.0000000E+00  0.0000000E+00
  0.0000000E+00  0.0000000E+00
  0.0000000E+00  0.0000000E+00
  0.0000000E+00  0.0000000E+00
  0.0000000E+00  0.0000000E+00
  0.0000000E+00  0.0000000E+00
  0.0000000E+00  0.0000000E+00
  0.0000000E+00  0.0000000E+00
  0.0000000E+00  0.0000000E+00
  0.0000000E+00  0.0000000E+00
  0.0000000E+00  0.0000000E+00
  0.0000000E+00  0.0000000E+00
  0.0000000E+00  0.0000000E+00
  0.0000000E+00  0.0000000E+00
  0.0000000E+00  0.0000000E+00
  0.0000000E+00  0.0000000E+00
  0.0000000E+00  0.0000000E+00
  0.0000000E+00  0.0000000E+00
  0.0000000E+00  0.0000000E+00
  0.0000000E+00  0.0000000E+00
  0.0000000E+00  0.0000000E+00
  0.0000000E+00  0.0000000E+00
  0.0000000E+00  0.0000000E+00
  0.0000000E+00  0.0000000E+00
  0.0000000E+00  0.0000000E+00
  0.0000000E+00  0.0000000E+00
  0.0000000E+00  0.0000000E+00
  0.0000000E+00  0.0000000E+00
  0.0000000E+00  0.0000000E+00
  0.0000000E+00  0.0000000E+00
  0.0000000E+00  0.0000000E+00
  0.0000000E+00  0.0000000E+00
  0.0000000E+00  0.0000000E+00
  0.0000000E+00  0.0000000E+00
  0.0000000E+00  0.0000000E+00
  0.0000000E+00  0.0000000E+00
  0.0000000E+00  0.0000000E+00
  0.0000000E+00  0.0000000E+00
  0.0000000E+00  0.0000000E+00
  0.0000000E+00  0.0000000E+00
  0.0000000E+00  0.0000000E+00
  0.0000000E+00  0.0000000E+00
  0.0000000E+00  0.0000000E+00
  0.0000000E+00  0.0000000E+00
  0.0000000E+00  0.0000000E+00
  0.0000000E+00  0.0000000E+00
  0.0000000E+00  0.0000000E+00
  0.0000000E+00  0.0000000E+00
  0.0000000E+00  0.0000000E+00
  0.0000000E+00  0.0000000E+00
  0.0000000E+00  0.0000000E+00
  0.0000000E+00  0.0000000E+00
  0.0000000E+00  0.0000000E+00
  0.0000000E+00  0.0000000E+00
  0.0000000E+00  0.0000000E+00
  0.0000000E+00  0.0000000E+00
  0.0000000E+00  0.0000000E+00
  0.0000000E+00  0.0000000E+00
  0.0000000E+00  0.0000000E+00
  0.0000000E+00  0.0000000E+00
  0.0000000E+00  0.0000000E+00
  0.0000000E+00  0.0000000E+00
  0.0000000E+00  0.0000000E+00
  0.0000000E+00  0.0000000E+00
  0.0000000E+00  0.0000000E+00
  0.0000000E+00  0.0000000E+00
  0.0000000E+00  0.0000000E+00
  0.0000000E+00  0.0000000E+00
  0.0000000E+00  0.0000000E+00
  0.0000000E+00  0.0000000E+00
  0.0000000E+00  0.0000000E+00
  0.0000000E+00  0.0000000E+00
  0.0000000E+00  0.0000000E+00
  0.0000000E+00  0.0000000E+00
  0.0000000E+00  0.0000000E+00
  0.0000000E+00  0.0000000E+00
  0.0000000E+00  0.0000000E+00
  0.0000000E+00  0.0000000E+00
  0.0000000E+00  0.0000000E+00
  0.0000000E+00  0.0000000E+00
  0.0000000E+00  0.0000000E+00
  0.0000000E+00  0.0000000E+00
  0.0000000E+00  0.0000000E+00
  0.0000000E+00  0.0000000E+00
  0.0000000E+00  0.0000000E+00
  0.0000000E+00  0.0000000E+00
  0.0000000E+00  0.0000000E+00
  0.0000000E+00  0.0000000E+00
  0.0000000E+00  0.0000000E+00
  0.0000000E+00  0.0000000E+00
  0.0000000E+00  0.0000000E+00
  0.0000000E+00  0.0000000E+00
  0.0000000E+00  0.0000000E+00
  0.0000000E+00  0.0000000E+00
  0.0000000E+00  0.0000000E+00
  0.0000000E+00  0.0000000E+00
  0.0000000E+00  0.0000000E+00
  0.0000000E+00  0.0000000E+00
  0.0000000E+00  0.0000000E+00
  0.0000000E+00  0.0000000E+00
  0.0000000E+00  0.0000000E+00
  0.0000000E+00  0.0000000E+00
  0.0000000E+00  0.0000000E+00
  0.0000000E+00  0.0000000E+00
  0.0000000E+00  0.0000000E+00
  0.0000000E+00  0.0000000E+00
  0.0000000E+00  0.0000000E+00
  0.0000000E+00  0.0000000E+00
  0.0000000E+00  0.0000000E+00
  0.0000000E+00  0.0000000E+00
  0.0000000E+00  0.0000000E+00
  0.0000000E+00  0.0000000E+00
  0.0000000E+00  0.0000000E+00
  0.0000000E+00  0.0000000E+00
  0.0000000E+00  0.0000000E+00
  0.0000000E+00  0.0000000E+00
  0.0000000E+00  0.0000000E+00
  0.0000000E+00  0.0000000E+00
  0.0000000E+00  0.0000000E+00
  0.0000000E+00  0.0000000E+00
  0.0000000E+00  0.0000000E+00
  0.0000000E+00  0.0000000E+00
  0.0000000E+00  0.0000000E+00
  0.0000000E+00  0.0000000E+00
  0.0000000E+00  0.0000000E+00
  0.0000000E+00  0.0000000E+00
  0.0000000E+00  0.0000000E+00
  0.0000000E+00  0.0000000E+00
  0.0000000E+00  0.0000000E+00
  0.0000000E+00  0.0000000E+00
  0.0000000E+00  0.0000000E+00
  0.0000000E+00  0.0000000E+00
  0.0000000E+00  0.0000000E+00
  0.0000000E+00  0.0000000E+00
  0.0000000E+00  0.0000000E+00
  0.0000000E+00  0.0000000E+00
  0.0000000E+00  0.0000000E+00
  0.0000000E+00  0.0000000E+00
  0.0000000E+00  0.0000000E+00
  0.0000000E+00  0.0000000E+00
  0.0000000E+00  0.0000000E+00
  0.0000000E+00  0.0000000E+00
  0.0000000E+00  0.0000000E+00
  0.0000000E+00  0.0000000E+00
  0.0000000E+00  0.0000000E+00
  0.0000000E+00  0.0000000E+00
  0.0000000E+00  0.0000000E+00
  0.0000000E+00  0.0000000E+00
  0.0000000E+00  0.0000000E+00
  0.0000000E+00  0.0000000E+00
  0.0000000E+00  0.0000000E+00
  0.0000000E+00  0.0000000E+00
  0.0000000E+00  0.0000000E+00
  0.0000000E+00  0.0000000E+00
  0.0000000E+00  0.0000000E+00
  0.0000000E+00  0.0000000E+00
  0.0000000E+00  0.0000000E+00
  0.0000000E+00  0.0000000E+00
  0.0000000E+00  0.0000000E+00
  0.0000000E+00  0.0000000E+00
  0.0000000E+00  0.0000000E+00
  0.0000000E+00  0.0000000E+00
  0.0000000E+00  0.0000000E+00
  0.0000000E+00  0.0000000E+00
  0.0000000E+00  0.0000000E+00
  0.0000000E+00  0.0000000E+00
  0.0000000E+00  0.0000000E+00
  0.0000000E+00  0.0000000E+00
  0.0000000E+00  0.0000000E+00
  0.0000000E+00  0.0000000E+00
  0.0000000E+00  0.0000000E+00
  0.0000000E+00  0.0000000E+00
  0.0000000E+00  0.0000000E+00
  0.0000000E+00  0.0000000E+00
  0.0000000E+00  0.0000000E+00
  0.0000000E+00  0.0000000E+00
  0.0000000E+00  0.0000000E+00
  0.0000000E+00  0.0000000E+00
  0.0000000E+00  0.0000000E+00
  0.0000000E+00  0.0000000E+00
  0.0000000E+00  0.0000000E+00
  0.0000000E+00  0.0000000E+00
  0.0000000E+00  0.0000000E+00
  0.0000000E+00  0.0000000E+00
  0.0000000E+00  0.0000000E+00
  0.0000000E+00  0.0000000E+00
  0.0000000E+00  0.0000000E+00
  0.0000000E+00  0.0000000E+00
  0.0000000E+00  0.0000000E+00
  0.0000000E+00  0.0000000E+00
  0.0000000E+00  0.0000000E+00
  0.0000000E+00  0.0000000E+00
  0.0000000E+00  0.0000000E+00
  0.0000000E+00  0.0000000E+00
  0.0000000E+00  0.0000000E+00
  0.0000000E+00  0.0000000E+00
  0.0000000E+00  0.0000000E+00
  0.0000000E+00  0.0000000E+00
  0.0000000E+00  0.0000000E+00
  0.0000000E+00  0.0000000E+00
  0.0000000E+00  0.0000000E+00
  0.0000000E+00  0.0000000E+00
  0.0000000E+00  0.0000000E+00
  0.0000000E+00  0.0000000E+00
  0.0000000E+00  0.0000000E+00
  0.0000000E+00  0.0000000E+00
  0.0000000E+00  0.0000000E+00
  0.0000000E+00  0.0000000E+00
  0.0000000E+00  0.0000000E+00
  0.0000000E+00  0.0000000E+00
  0.0000000E+00  0.0000000E+00
  0.0000000E+00  0.0000000E+00
  0.0000000E+00  0.0000000E+00
  0.0000000E+00  0.0000000E+00
  0.0000000E+00  0.0000000E+00
  0.0000000E+00  0.0000000E+00
  0.0000000E+00  0.0000000E+00
  0.0000000E+00  0.0000000E+00
  0.0000000E+00  0.0000000E+00
  0.0000000E+00  0.0000000E+00
  0.0000000E+00  0.0000000E+00
  0.0000000E+00  0.0000000E+00
  0.0000000E+00  0.0000000E+00
  0.0000000E+00  0.0000000E+00
  0.0000000E+00  0.0000000E+00
  0.0000000E+00  0.0000000E+00
  0.0000000E+00  0.0000000E+00
  0.0000000E+00  0.0000000E+00
  0.0000000E+00  0.0000000E+00
  0.0000000E+00  0.0000000E+00
  0.0000000E+00  0.0000000E+00
  0.0000000E+00  0.0000000E+00
  0.0000000E+00  0.0000000E+00
  0.0000000E+00  0.0000000E+00
  0.0000000E+00  0.0000000E+00
  0.0000000E+00  0.0000000E+00
  0.0000000E+00  0.0000000E+00
  0.0000000E+00  0.0000000E+00
  0.0000000E+00  0.0000000E+00
  0.0000000E+00  0.0000000E+00
  0.0000000E+00  0.0000000E+00
  0.0000000E+00  0.0000000E+00
  0.0000000E+00  0.0000000E+00
  0.0000000E+00  0.0000000E+00
  0.0000000E+00  0.0000000E+00
  0.0000000E+00  0.0000000E+00
  0.0000000E+00  0.0000000E+00
  0.0000000E+00  0.0000000E+00
  0.0000000E+00  0.0000000E+00
  0.0000000E+00  0.0000000E+00
  0.0000000E+00  0.0000000E+00
  0.0000000E+00  0.0000000E+00
  0.0000000E+00  0.0000000E+00
  0.0000000E+00  0.0000000E+00
  0.0000000E+00  0.0000000E+00
  0.0000000E+00  0.0000000E+00
  0.0000000E+00  0.0000000E+00
  0.0000000E+00  0.0000000E+00
  0.0000000E+00  0.0000000E+00
  0.0000000E+00  0.0000000E+00
  0.0000000E+00  0.0000000E+00
  0.0000000E+00  0.0000000E+00
  0.0000000E+00  0.0000000E+00
  0.0000000E+00  0.0000000E+00
  0.0000000E+00  0.0000000E+00
  0.0000000E+00  0.0000000E+00
  0.0000000E+00  0.0000000E+00
  0.0000000E+00  0.0000000E+00
  0.0000000E+00  0.0000000E+00
  0.0000000E+00  0.0000000E+00
  0.0000000E+00  0.0000000E+00
  0.0000000E+00  0.0000000E+00
  0.0000000E+00  0.0000000E+00
  0.0000000E+00  0.0000000E+00
  0.0000000E+00  0.0000000E+00
  0.0000000E+00  0.0000000E+00
  0.0000000E+00  0.0000000E+00
  0.0000000E+00  0.0000000E+00
  0.0000000E+00  0.0000000E+00
  0.0000000E+00  0.0000000E+00
  0.0000000E+00  0.0000000E+00
  0.0000000E+00  0.0000000E+00
  0.0000000E+00  0.0000000E+00
  0.0000000E+00  0.0000000E+00
  0.0000000E+00  0.0000000E+00
  0.0000000E+00  0.0000000E+00
  0.0000000E+00  0.0000000E+00
  0.0000000E+00  0.0000000E+00
  0.0000000E+00  0.0000000E+00
  0.0000000E+00  0.0000000E+00
  0.0000000E+00  0.0000000E+00
  0.0000000E+00  0.0000000E+00
  0.0000000E+00  0.0000000E+00
  0.0000000E+00  0.0000000E+00
  0.0000000E+00  0.0000000E+00
  0.0000000E+00  0.0000000E+00
  0.0000000E+00  0.0000000E+00
  0.0000000E+00  0.0000000E+00
  0.0000000E+00  0.0000000E+00
  0.0000000E+00  0.0000000E+00
  0.0000000E+00  0.0000000E+00
  0.0000000E+00  0.0000000E+00
  0.0000000E+00  0.0000000E+00
  0.0000000E+00  0.0000000E+00
  0.0000000E+00  0.0000000E+00
  0.0000000E+00  0.0000000E+00
  0.0000000E+00  0.0000000E+00
  0.0000000E+00  0.0000000E+00
  0.0000000E+00  0.0000000E+00
  0.0000000E+00  0.0000000E+00
  0.0000000E+00  0.0000000E+00
  0.0000000E+00  0.0000000E+00
  0.0000000E+00  0.0000000E+00
  0.0000000E+00  0.0000000E+00
  0.0000000E+00  0.0000000E+00
  0.0000000E+00  0.0000000E+00
  0.0000000E+00  0.0000000E+00
  0.0000000E+00  0.0000000E+00
  0.0000000E+00  0.0000000E+00
  0.0000000E+00  0.0000000E+00
  0.0000000E+00  0.0000000E+00
  0.0000000E+00  0.0000000E+00
  0.0000000E+00  0.0000000E+00
  0.0000000E+00  0.0000000E+00
  0.0000000E+00  0.0000000E+00
  0.0000000E+00  0.0000000E+00
  0.0000000E+00  0.0000000E+00
  0.0000000E+00  0.0000000E+00
  0.0000000E+00  0.0000000E+00
  0.0000000E+00  0.0000000E+00
  0.0000000E+00  0.0000000E+00
  0.0000000E+00  0.0000000E+00
  0.0000000E+00  0.0000000E+00
  0.0000000E+00  0.0000000E+00
  0.0000000E+00  0.0000000E+00
  0.0000000E+00  0.0000000E+00
  0.0000000E+00  0.0000000E+00
  0.0000000E+00  0.0000000E+00
  0.0000000E+00  0.0000000E+00
  0.0000000E+00  0.0000000E+00
  0.0000000E+00  0.0000000E+00
  0.0000000E+00  0.0000000E+00
  0.0000000E+00  0.0000000E+00
  0.0000000E+00  0.0000000E+00
  0.0000000E+00  0.0000000E+00
  0.0000000E+00  0.0000000E+00
  0.0000000E+00  0.0000000E+00
  0.0000000E+00  0.0000000E+00
  0.0000000E+00  0.0000000E+00
  0.0000000E+00  0.0000000E+00
  0.0000000E+00  0.0000000E+00
  0.0000000E+00  0.0000000E+00
  0.0000000E+00  0.0000000E+00
  0.0000000E+00  0.0000000E+00
  0.0000000E+00  0.0000000E+00
  0.0000000E+00  0.0000000E+00
  0.0000000E+00  0.0000000E+00
  0.0000000E+00  0.0000000E+00
  0.0000000E+00  0.0000000E+00
  0.0000000E+00  0.0000000E+00
  0.0000000E+00  0.0000000E+00
  0.0000000E+00  0.0000000E+00
  0.0000000E+00  0.0000000E+00
  0.0000000E+00  0.0000000E+00
  0.0000000E+00  0.0000000E+00
  0.0000000E+00  0.0000000E+00
  0.0000000E+00  0.0000000E+00
  0.0000000E+00  0.0000000E+00
  0.0000000E+00  0.0000000E+00
  0.0000000E+00  0.0000000E+00
  0.0000000E+00  0.0000000E+00
  0.0000000E+00  0.0000000E+00
  0.0000000E+00  0.0000000E+00
  0.0000000E+00  0.0000000E+00
  0.0000000E+00  0.0000000E+00
  0.0000000E+00  0.0000000E+00
  0.0000000E+00  0.0000000E+00
  0.0000000E+00  0.0000000E+00
  0.0000000E+00  0.0000000E+00
  0.0000000E+00  0.0000000E+00
  0.0000000E+00  0.0000000E+00
  0.0000000E+00  0.0000000E+00
  0.0000000E+00  0.0000000E+00
  0.0000000E+00  0.0000000E+00
  0.0000000E+00  0.0000000E+00
  0.0000000E+00  0.0000000E+00
  0.0000000E+00  0.0000000E+00
  0.0000000E+00  0.0000000E+00
  0.0000000E+00  0.0000000E+00
  0.0000000E+00  0.0000000E+00
  0.0000000E+00  0.0000000E+00
  0.0000000E+00  0.0000000E+00
  0.0000000E+00  0.0000000E+00
  0.0000000E+00  0.0000000E+00
  0.0000000E+00  0.0000000E+00
  0.0000000E+00  0.0000000E+00
  0.0000000E+00  0.0000000E+00
  0.0000000E+00  0.0000000E+00
  0.0000000E+00  0.0000000E+00
  0.0000000E+00  0.0000000E+00
  0.0000000E+00  0.0000000E+00
  0.0000000E+00  0.0000000E+00
  0.0000000E+00  0.0000000E+00
  0.0000000E+00  0.0000000E+00
  0.0000000E+00  0.0000000E+00
  0.0000000E+00  0.0000000E+00
  0.0000000E+00  0.0000000E+00
  0.0000000E+00  0.0000000E+00
  0.0000000E+00  0.0000000E+00
  0.0000000E+00  0.0000000E+00
  0.0000000E+00  0.0000000E+00
  0.0000000E+00  0.0000000E+00
  0.0000000E+00  0.0000000E+00
  0.0000000E+00  0.0000000E+00
  0.0000000E+00  0.0000000E+00
  0.0000000E+00  0.0000000E+00
  0.0000000E+00  0.0000000E+00
  0.0000000E+00  0.0000000E+00
  0.0000000E+00  0.0000000E+00
  0.0000000E+00  0.0000000E+00
  0.0000000E+00  0.0000000E+00
  0.0000000E+00  0.0000000E+00
  0.0000000E+00  0.0000000E+00
  0.0000000E+00  0.0000000E+00
  0.0000000E+00  0.0000000E+00
  0.0000000E+00  0.0000000E+00
  0.0000000E+00  0.0000000E+00
  0.0000000E+00  0.0000000E+00
  0.0000000E+00  0.0000000E+00
  0.0000000E+00  0.0000000E+00
  0.0000000E+00  0.0000000E+00
  0.0000000E+00  0.0000000E+00
  0.0000000E+00  0.0000000E+00
  0.0000000E+00  0.0000000E+00
  0.0000000E+00  0.0000000E+00
  0.0000000E+00  0.0000000E+00
  0.0000000E+00  0.0000000E+00
  0.0000000E+00  0.0000000E+00
  0.0000000E+00  0.0000000E+00
  0.0000000E+00  0.0000000E+00
  0.0000000E+00  0.0000000E+00
  0.0000000E+00  0.0000000E+00
  0.0000000E+00  0.0000000E+00
  0.0000000E+00  0.0000000E+00
  0.0000000E+00  0.0000000E+00
  0.0000000E+00  0.0000000E+00
  0.0000000E+00  0.0000000E+00
  0.0000000E+00  0.0000000E+00
  0.0000000E+00  0.0000000E+00
  0.0000000E+00  0.0000000E+00
  0.0000000E+00  0.0000000E+00
  0.0000000E+00  0.0000000E+00
  0.0000000E+00  0.0000000E+00
  0.0000000E+00  0.0000000E+00
  0.0000000E+00  0.0000000E+00
  0.0000000E+00  0.0000000E+00
  0.0000000E+00  0.0000000E+00
  0.0000000E+00  0.0000000E+00
  0.0000000E+00  0.0000000E+00
  0.0000000E+00  0.0000000E+00
  0.0000000E+00  0.0000000E+00
  0.0000000E+00  0.0000000E+00
  0.0000000E+00  0.0000000E+00
  0.0000000E+00  0.0000000E+00
  0.0000000E+00  0.0000000E+00
  0.0000000E+00  0.0000000E+00
  0.0000000E+00  0.0000000E+00
  0.0000000E+00  0.0000000E+00
  0.0000000E+00  0.0000000E+00
  0.0000000E+00  0.0000000E+00
  0.0000000E+00  0.0000000E+00
  0.0000000E+00  0.0000000E+00
  0.0000000E+00  0.0000000E+00
  0.0000000E+00  0.0000000E+00
  0.0000000E+00  0.0000000E+00
  0.0000000E+00  0.0000000E+00
  0.0000000E+00  0.0000000E+00
  0.0000000E+00  0.0000000E+00
  0.0000000E+00  0.0000000E+00
  0.0000000E+00  0.0000000E+00
  0.0000000E+00  0.0000000E+00
  0.0000000E+00  0.0000000E+00
  0.0000000E+00  0.0000000E+00
  0.0000000E+00  0.0000000E+00
  0.0000000E+00  0.0000000E+00
  0.0000000E+00  0.0000000E+00
  0.0000000E+00  0.0000000E+00
  0.0000000E+00  0.0000000E+00
  0.0000000E+00  0.0000000E+00
  0.0000000E+00  0.0000000E+00
  0.0000000E+00  0.0000000E+00
  0.0000000E+00  0.0000000E+00
  0.0000000E+00  0.0000000E+00
  0.0000000E+00  0.0000000E+00
  0.0000000E+00  0.0000000E+00
  0.0000000E+00  0.0000000E+00
  0.0000000E+00  0.0000000E+00
  0.0000000E+00  0.0000000E+00
  0.0000000E+00  0.0000000E+00
  0.0000000E+00  0.0000000E+00
  0.0000000E+00  0.0000000E+00
  0.0000000E+00  0.0000000E+00
  0.0000000E+00  0.0000000E+00
  0.0000000E+00  0.0000000E+00
  0.0000000E+00  0.0000000E+00
  0.0000000E+00  0.0000000E+00
  0.0000000E+00  0.0000000E+00
  0.0000000E+00  0.0000000E+00
  0.0000000E+00  0.0000000E+00
  0.0000000E+00  0.0000000E+00
  0.0000000E+00  0.0000000E+00
  0.0000000E+00  0.0000000E+00
  0.0000000E+00  0.0000000E+00
  0.0000000E+00  0.0000000E+00
  0.0000000E+00  0.0000000E+00
  0.0000000E+00  0.0000000E+00
  0.0000000E+00  0.0000000E+00
  0.0000000E+00  0.0000000E+00
  0.0000000E+00  0.0000000E+00
  0.0000000E+00  0.0000000E+00
  0.0000000E+00  0.0000000E+00
  0.0000000E+00  0.0000000E+00
  0.0000000E+00  0.0000000E+00
  0.0000000E+00  0.0000000E+00
  0.0000000E+00  0.0000000E+00
  0.0000000E+00  0.0000000E+00
  0.0000000E+00  0.0000000E+00
  0.0000000E+00  0.0000000E+00
  0.0000000E+00  0.0000000E+00
  0.0000000E+00  0.0000000E+00
  0.0000000E+00  0.0000000E+00
  0.0000000E+00  0.0000000E+00
  0.0000000E+00  0.0000000E+00
  0.0000000E+00  0.0000000E+00
  0.0000000E+00  0.0000000E+00
  0.0000000E+00  0.0000000E+00
  0.0000000E+00  0.0000000E+00
  0.0000000E+00  0.0000000E+00
  0.0000000E+00  0.0000000E+00
  0.0000000E+00  0.0000000E+00
  0.0000000E+00  0.0000000E+00
  0.0000000E+00  0.0000000E+00
  0.0000000E+00  0.0000000E+00
  0.0000000E+00  0.0000000E+00
  0.0000000E+00  0.0000000E+00
  0.0000000E+00  0.0000000E+00
  0.0000000E+00  0.0000000E+00
  0.0000000E+00  0.0000000E+00
  0.0000000E+00  0.0000000E+00
  0.0000000E+00  0.0000000E+00
  0.0000000E+00  0.0000000E+00
  0.0000000E+00  0.0000000E+00
  0.0000000E+00  0.0000000E+00
  0.0000000E+00  0.0000000E+00
  0.0000000E+00  0.0000000E+00
  0.0000000E+00  0.0000000E+00
  0.0000000E+00  0.0000000E+00
  0.0000000E+00  0.0000000E+00
  0.0000000E+00  0.0000000E+00
  0.0000000E+00  0.0000000E+00
  0.0000000E+00  0.0000000E+00
  0.0000000E+00  0.0000000E+00
  0.0000000E+00  0.0000000E+00
  0.0000000E+00  0.0000000E+00
  0.0000000E+00  0.0000000E+00
  0.0000000E+00  0.0000000E+00
  0.0000000E+00  0.0000000E+00
  0.0000000E+00  0.0000000E+00
  0.0000000E+00  0.0000000E+00
  0.0000000E+00  0.0000000E+00
  0.0000000E+00  0.0000000E+00
  0.0000000E+00  0.0000000E+00
  0.0000000E+00  0.0000000E+00
  0.0000000E+00  0.0000000E+00
  0.0000000E+00  0.0000000E+00
  0.0000000E+00  0.0000000E+00
  0.0000000E+00  0.0000000E+00
  0.0000000E+00  0.0000000E+00
  0.0000000E+00  0.0000000E+00
  0.0000000E+00  0.0000000E+00
  0.0000000E+00  0.0000000E+00
  0.0000000E+00  0.0000000E+00
  0.0000000E+00  0.0000000E+00
  0.0000000E+00  0.0000000E+00
  0.0000000E+00  0.0000000E+00
  0.0000000E+00  0.0000000E+00
  0.0000000E+00  0.0000000E+00
  0.0000000E+00  0.0000000E+00
  0.0000000E+00  0.0000000E+00
  0.0000000E+00  0.0000000E+00
  0.0000000E+00  0.0000000E+00
  0.0000000E+00  0.0000000E+00
  0.0000000E+00  0.0000000E+00
  0.0000000E+00  0.0000000E+00
  0.0000000E+00  0.0000000E+00
  0.0000000E+00  0.0000000E+00
  0.0000000E+00  0.0000000E+00
  0.0000000E+00  0.0000000E+00
  0.0000000E+00  0.0000000E+00
  0.0000000E+00  0.0000000E+00
  0.0000000E+00  0.0000000E+00
  0.0000000E+00  0.0000000E+00
  0.0000000E+00  0.0000000E+00
  0.0000000E+00  0.0000000E+00
  0.0000000E+00  0.0000000E+00
  0.0000000E+00  0.0000000E+00
  0.0000000E+00  0.0000000E+00
  0.0000000E+00  0.0000000E+00
  0.0000000E+00  0.0000000E+00
  0.0000000E+00  0.0000000E+00
  0.0000000E+00  0.0000000E+00
  0.0000000E+00  0.0000000E+00
  0.0000000E+00  0.0000000E+00
  0.0000000E+00  0.0000000E+00
  0.0000000E+00  0.0000000E+00
  0.0000000E+00  0.0000000E+00
  0.0000000E+00  0.0000000E+00
  0.0000000E+00  0.0000000E+00
  0.0000000E+00  0.0000000E+00
  0.0000000E+00  0.0000000E+00
  0.0000000E+00  0.0000000E+00
  0.0000000E+00  0.0000000E+00
  0.0000000E+00  0.0000000E+00
  0.0000000E+00  0.0000000E+00
  0.0000000E+00  0.0000000E+00
  0.0000000E+00  0.0000000E+00
  0.0000000E+00  0.0000000E+00
  0.0000000E+00  0.0000000E+00
  0.0000000E+00  0.0000000E+00
  0.0000000E+00  0.0000000E+00
  0.0000000E+00  0.0000000E+00
  0.0000000E+00  0.0000000E+00
  0.0000000E+00  0.0000000E+00
  0.0000000E+00  0.0000000E+00
  0.0000000E+00  0.0000000E+00
  0.0000000E+00  0.0000000E+00
  0.0000000E+00  0.0000000E+00
  0.0000000E+00  0.0000000E+00
  0.0000000E+00  0.0000000E+00
  0.0000000E+00  0.0000000E+00
  0.0000000E+00  0.0000000E+00
  0.0000000E+00  0.0000000E+00
  0.0000000E+00  0.0000000E+00
  0.0000000E+00  0.0000000E+00
  0.0000000E+00  0.0000000E+00
  0.0000000E+00  0.0000000E+00
  0.0000000E+00  0.0000000E+00
  0.0000000E+00  0.0000000E+00
  0.0000000E+00  0.0000000E+00
  0.0000000E+00  0.0000000E+00
  0.0000000E+00  0.0000000E+00
  0.0000000E+00  0.0000000E+00
  0.0000000E+00  0.0000000E+00
  0.0000000E+00  0.0000000E+00
  0.0000000E+00  0.0000000E+00
  0.0000000E+00  0.0000000E+00
  0.0000000E+00  0.0000000E+00
  0.0000000E+00  0.0000000E+00
  0.0000000E+00  0.0000000E+00
  0.0000000E+00  0.0000000E+00
  0.0000000E+00  0.0000000E+00
  0.0000000E+00  0.0000000E+00
  0.0000000E+00  0.0000000E+00
  0.0000000E+00  0.0000000E+00
  0.0000000E+00  0.0000000E+00
  0.0000000E+00  0.0000000E+00
  0.0000000E+00  0.0000000E+00
  0.0000000E+00  0.0000000E+00
  0.0000000E+00  0.0000000E+00
  0.0000000E+00  0.0000000E+00
  0.0000000E+00  0.0000000E+00
  0.0000000E+00  0.0000000E+00
  0.0000000E+00  0.0000000E+00
  0.0000000E+00  0.0000000E+00
  0.0000000E+00  0.0000000E+00
  0.0000000E+00  0.0000000E+00
  0.0000000E+00  0.0000000E+00
  0.0000000E+00  0.0000000E+00
  0.0000000E+00  0.0000000E+00
  0.0000000E+00  0.0000000E+00
  0.0000000E+00  0.0000000E+00
  0.0000000E+00  0.0000000E+00
  0.0000000E+00  0.0000000E+00
  0.0000000E+00  0.0000000E+00
  0.0000000E+00  0.0000000E+00
  0.0000000E+00  0.0000000E+00
  0.0000000E+00  0.0000000E+00
  0.0000000E+00  0.0000000E+00
  0.0000000E+00  0.0000000E+00
  0.0000000E+00  0.0000000E+00
  0.0000000E+00  0.0000000E+00
  0.0000000E+00  0.0000000E+00
  0.0000000E+00  0.0000000E+00
  0.0000000E+00  0.0000000E+00
  0.0000000E+00  0.0000000E+00
  0.0000000E+00  0.0000000E+00
  0.0000000E+00  0.0000000E+00
  0.0000000E+00  0.0000000E+00
  0.0000000E+00  0.0000000E+00
  0.0000000E+00  0.0000000E+00
  0.0000000E+00  0.0000000E+00
  0.0000000E+00  0.0000000E+00
  0.0000000E+00  0.0000000E+00
  0.0000000E+00  0.0000000E+00
  0.0000000E+00  0.0000000E+00
  0.0000000E+00  0.0000000E+00
  0.0000000E+00  0.0000000E+00
  0.0000000E+00  0.0000000E+00
  0.0000000E+00  0.0000000E+00
  0.0000000E+00  0.0000000E+00
  0.0000000E+00  0.0000000E+00
  0.0000000E+00  0.0000000E+00
  0.0000000E+00  0.0000000E+00
  0.0000000E+00  0.0000000E+00
  0.0000000E+00  0.0000000E+00
  0.0000000E+00  0.0000000E+00
  0.0000000E+00  0.0000000E+00
  0.0000000E+00  0.0000000E+00
  0.0000000E+00  0.0000000E+00
  0.0000000E+00  0.0000000E+00
  0.0000000E+00  0.0000000E+00
  0.0000000E+00  0.0000000E+00
  0.0000000E+00  0.0000000E+00
  0.0000000E+00  0.0000000E+00
  0.0000000E+00  0.0000000E+00
  0.0000000E+00  0.0000000E+00
  0.0000000E+00  0.0000000E+00
  0.0000000E+00  0.0000000E+00
  0.0000000E+00  0.0000000E+00
  0.0000000E+00  0.0000000E+00
  0.0000000E+00  0.0000000E+00
  0.0000000E+00  0.0000000E+00
  0.0000000E+00  0.0000000E+00
  0.0000000E+00  0.0000000E+00
  0.0000000E+00  0.0000000E+00
  0.0000000E+00  0.0000000E+00
  0.0000000E+00  0.0000000E+00
  0.0000000E+00  0.0000000E+00
  0.0000000E+00  0.0000000E+00
  0.0000000E+00  0.0000000E+00
  0.0000000E+00  0.0000000E+00
  0.0000000E+00  0.0000000E+00
  0.0000000E+00  0.0000000E+00
  0.0000000E+00  0.0000000E+00
  0.0000000E+00  0.0000000E+00
  0.0000000E+00  0.0000000E+00
  0.0000000E+00  0.0000000E+00
  0.0000000E+00  0.0000000E+00
  0.0000000E+00  0.0000000E+00
  0.0000000E+00  0.0000000E+00
  0.0000000E+00  0.0000000E+00
  0.0000000E+00  0.0000000E+00
  0.0000000E+00  0.0000000E+00
  0.0000000E+00  0.0000000E+00
  0.0000000E+00  0.0000000E+00
  0.0000000E+00  0.0000000E+00
  0.0000000E+00  0.0000000E+00
  0.0000000E+00  0.0000000E+00
  0.0000000E+00  0.0000000E+00
  0.0000000E+00  0.0000000E+00
  0.0000000E+00  0.0000000E+00
  0.0000000E+00  0.0000000E+00
  0.0000000E+00  0.0000000E+00
  0.0000000E+00  0.0000000E+00
  0.0000000E+00  0.0000000E+00
  0.0000000E+00  0.0000000E+00
  0.0000000E+00  0.0000000E+00
  0.0000000E+00  0.0000000E+00
  0.0000000E+00  0.0000000E+00
  0.0000000E+00  0.0000000E+00
  0.0000000E+00  0.0000000E+00
  0.0000000E+00  0.0000000E+00
  0.0000000E+00  0.0000000E+00
  0.0000000E+00  0.0000000E+00
  0.0000000E+00  0.0000000E+00
  0.0000000E+00  0.0000000E+00
  0.0000000E+00  0.0000000E+00
  0.0000000E+00  0.0000000E+00
  0.0000000E+00  0.0000000E+00
  0.0000000E+00  0.0000000E+00
  0.0000000E+00  0.0000000E+00
  0.0000000E+00  0.0000000E+00
  0.0000000E+00  0.0000000E+00
  0.0000000E+00  0.0000000E+00
  0.0000000E+00  0.0000000E+00
  0.0000000E+00  0.0000000E+00
  0.0000000E+00  0.0000000E+00
  0.0000000E+00  0.0000000E+00
  0.0000000E+00  0.0000000E+00
  0.0000000E+00  0.0000000E+00
  0.0000000E+00  0.0000000E+00
  0.0000000E+00  0.0000000E+00
  0.0000000E+00  0.0000000E+00
  0.0000000E+00  0.0000000E+00
  0.0000000E+00  0.0000000E+00
  0.0000000E+00  0.0000000E+00
  0.0000000E+00  0.0000000E+00
  0.0000000E+00  0.0000000E+00
  0.0000000E+00  0.0000000E+00
  0.0000000E+00  0.0000000E+00
  0.0000000E+00  0.0000000E+00
  0.0000000E+00  0.0000000E+00
  0.0000000E+00  0.0000000E+00
  0.0000000E+00  0.0000000E+00
  0.0000000E+00  0.0000000E+00
  0.0000000E+00  0.0000000E+00
  0.0000000E+00  0.0000000E+00
  0.0000000E+00  0.0000000E+00
  0.0000000E+00  0.0000000E+00
  0.0000000E+00  0.0000000E+00
  0.0000000E+00  0.0000000E+00
  0.0000000E+00  0.0000000E+00
  0.0000000E+00  0.0000000E+00
  0.0000000E+00  0.0000000E+00
  0.0000000E+00  0.0000000E+00
  0.0000000E+00  0.0000000E+00
  0.0000000E+00  0.0000000E+00
  0.0000000E+00  0.0000000E+00
  0.0000000E+00  0.0000000E+00
  0.0000000E+00  0.0000000E+00
