 -0.2276608E+00 -0.5269936E-08
 -0.1582624E+00 -0.4362085E-08
 -0.1229680E+00 -0.3945021E-08
 -0.9818680E-01 -0.3639305E-08
 -0.8880555E-01 -0.3534212E-08
 -0.8564407E-01 -0.3505205E-08
  0.7417593E+00  0.7160843E-08
 -0.2905228E-01 -0.2739299E-08
 -0.2441803E-01 -0.2688784E-08
 -0.1939123E-01 -0.2714132E-08
 -0.9373121E-02 -0.3116987E-08
 -0.2875190E-01 -0.3355087E-08
 -0.4782836E-01 -0.3596812E-08
 -0.6662473E-01 -0.3835114E-08
 -0.8441806E-01 -0.4062894E-08
 -0.1021909E+00 -0.4289909E-08
 -0.1199670E+00 -0.4513559E-08
 -0.1373945E+00 -0.4729078E-08
 -0.1548349E+00 -0.4948810E-08
 -0.1704940E+00 -0.5147501E-08
 -0.1853475E+00 -0.5333749E-08
 -0.2005506E+00 -0.5526763E-08
 -0.2135571E+00 -0.5692753E-08
 -0.2256722E+00 -0.5845462E-08
 -0.2383422E+00 -0.6004826E-08
 -0.2483364E+00 -0.6132737E-08
 -0.2572847E+00 -0.6244610E-08
 -0.2669432E+00 -0.6366755E-08
 -0.2735331E+00 -0.6452406E-08
 -0.2789096E+00 -0.6517774E-08
 -0.2850875E+00 -0.6595560E-08
 -0.2879143E+00 -0.6633748E-08
 -0.2893957E+00 -0.6650880E-08
 -0.2917261E+00 -0.6680094E-08
 -0.2905596E+00 -0.6667232E-08
 -0.2880362E+00 -0.6632604E-08
 -0.2864289E+00 -0.6612431E-08
 -0.2813332E+00 -0.6549699E-08
 -0.2749479E+00 -0.6466220E-08
 -0.2695194E+00 -0.6398478E-08
 -0.2607490E+00 -0.6289464E-08
 -0.2508199E+00 -0.6160335E-08
 -0.2418378E+00 -0.6047475E-08
 -0.2298021E+00 -0.5896702E-08
 -0.2167920E+00 -0.5729288E-08
 -0.2047018E+00 -0.5575568E-08
 -0.1899487E+00 -0.5392006E-08
 -0.1744486E+00 -0.5191915E-08
 -0.1597838E+00 -0.5007826E-08
 -0.1429519E+00 -0.4795257E-08
 -0.1256058E+00 -0.4573149E-08
 -0.1089734E+00 -0.4362028E-08
 -0.9074847E-01 -0.4133061E-08
 -0.7223620E-01 -0.3894288E-08
 -0.5426898E-01 -0.3666598E-08
 -0.3534332E-01 -0.3428505E-08
 -0.1634593E-01 -0.3183806E-08
  0.2308301E-02 -0.2946398E-08
  0.2124430E-01 -0.2708247E-08
  0.4006130E-01 -0.2465395E-08
  0.5873362E-01 -0.2227769E-08
  0.7701821E-01 -0.1996714E-08
  0.9496065E-01 -0.1764695E-08
  0.1129499E+00 -0.1535690E-08
  0.1299280E+00 -0.1321715E-08
  0.1463934E+00 -0.1108533E-08
  0.1631067E+00 -0.8960073E-09
  0.1781517E+00 -0.7048230E-09
  0.1925207E+00 -0.5190782E-09
  0.2073393E+00 -0.3284982E-09
  0.2199056E+00 -0.1697147E-09
  0.2315586E+00 -0.1855982E-10
  0.2437884E+00  0.1375672E-09
  0.2532823E+00  0.2574588E-09
  0.2616783E+00  0.3671733E-09
  0.2707663E+00  0.4829883E-09
  0.2766950E+00  0.5569762E-09
  0.2814071E+00  0.6205735E-09
  0.2869480E+00  0.6907878E-09
  0.2894566E+00  0.7201686E-09
  0.2916378E+00  0.7499602E-09
  0.2892607E+00  0.7082677E-09
  0.2810470E+00  0.5951732E-09
  0.2769164E+00  0.5396952E-09
  0.2728981E+00  0.4883982E-09
  0.2678446E+00  0.4237056E-09
  0.2617421E+00  0.3448049E-09
  0.2546317E+00  0.2544147E-09
  0.2464782E+00  0.1489396E-09
  0.2372349E+00  0.3180789E-10
  0.2268970E+00 -0.1005825E-09
  0.2155161E+00 -0.2471707E-09
  0.2031847E+00 -0.4038672E-09
  0.1899941E+00 -0.5737055E-09
  0.1760008E+00 -0.7532830E-09
  0.1611894E+00 -0.9419533E-09
  0.1457065E+00 -0.1139293E-08
  0.1296620E+00 -0.1344458E-08
  0.1129481E+00 -0.1558231E-08
  0.9510949E-01 -0.1783983E-08
  0.7720099E-01 -0.2001441E-08
  0.6199223E-01 -0.2185331E-08
  0.4462506E-01 -0.2410812E-08
  0.2645006E-01 -0.2650180E-08
  0.8459597E-02 -0.2896052E-08
  0.1556196E-01 -0.2257591E-08
  0.1755970E-01 -0.2139392E-08
  0.1930944E-01 -0.2107647E-08
  0.2161256E-01 -0.2083387E-08
  0.2499908E-01 -0.2036220E-08
  0.2954380E-01 -0.1976390E-08
  0.3769351E-01 -0.1871049E-08
  0.9655859E-01 -0.1105236E-08
  0.1219481E+00 -0.7500519E-09
  0.2031911E+00  0.2518475E-09
  0.6181214E+00  0.5546748E-08
  0.7584991E+00  0.7341576E-08
  0.1478436E+01  0.1659477E-07
  0.1818735E+01  0.2095128E-07
  0.2074077E+01  0.2421861E-07
  0.2232840E+01  0.2625108E-07
  0.2287689E+01  0.2695131E-07
  0.2234857E+01  0.2627220E-07
  0.2080537E+01  0.2429357E-07
  0.1839402E+01  0.2120161E-07
  0.1520494E+01  0.1711316E-07
  0.1134775E+01  0.1216843E-07
  0.7002427E+00  0.6597885E-08
  0.2367210E+00  0.6563927E-09
 -0.2367449E+00 -0.5412528E-08
 -0.7005339E+00 -0.1135592E-07
 -0.1135203E+01 -0.1692686E-07
 -0.1522423E+01 -0.2188927E-07
 -0.1844828E+01 -0.2602056E-07
 -0.2087288E+01 -0.2912722E-07
 -0.2236671E+01 -0.3104062E-07
 -0.2283272E+01 -0.3163503E-07
 -0.2227747E+01 -0.3092061E-07
 -0.2079448E+01 -0.2901798E-07
 -0.1841519E+01 -0.2596716E-07
 -0.1520597E+01 -0.2185178E-07
 -0.1131763E+01 -0.1686427E-07
 -0.6907719E+00 -0.1120878E-07
  0.5484746E+00  0.4681551E-08
  0.4608446E+00  0.3468046E-08
 -0.2696281E+00 -0.5804718E-08
 -0.2502048E+00 -0.5588376E-08
 -0.2405683E+00 -0.5479521E-08
 -0.6982687E-01 -0.3261304E-08
  0.7743701E+00  0.7554960E-08
 -0.9413493E-01 -0.3663635E-08
 -0.5736351E-01 -0.3194564E-08
 -0.1303869E+00 -0.4126065E-08
 -0.1645220E+00 -0.4562588E-08
 -0.1975977E+00 -0.4986875E-08
 -0.2312862E+00 -0.5415640E-08
 -0.2638562E+00 -0.5829236E-08
 -0.2948433E+00 -0.6224648E-08
 -0.3242492E+00 -0.6600392E-08
 -0.3521005E+00 -0.6955682E-08
 -0.3783917E+00 -0.7291529E-08
 -0.4029046E+00 -0.7605333E-08
 -0.4256832E+00 -0.7896020E-08
 -0.4466904E+00 -0.8164140E-08
 -0.4656688E+00 -0.8406390E-08
 -0.4826867E+00 -0.8624756E-08
 -0.4976911E+00 -0.8816254E-08
 -0.5104023E+00 -0.8978416E-08
 -0.5209404E+00 -0.9113145E-08
 -0.5293589E+00 -0.9220630E-08
 -0.5352357E+00 -0.9296127E-08
 -0.5387396E+00 -0.9341259E-08
 -0.5399964E+00 -0.9357116E-08
 -0.5386603E+00 -0.9340369E-08
 -0.5349565E+00 -0.9293494E-08
 -0.5290437E+00 -0.9217386E-08
 -0.5206065E+00 -0.9109701E-08
 -0.5098894E+00 -0.8973279E-08
 -0.4970535E+00 -0.8808532E-08
 -0.4818586E+00 -0.8614017E-08
 -0.4645721E+00 -0.8394232E-08
 -0.4453612E+00 -0.8147736E-08
 -0.4240582E+00 -0.7876128E-08
 -0.4009148E+00 -0.7580538E-08
 -0.3761281E+00 -0.7264160E-08
 -0.3495941E+00 -0.6924016E-08
 -0.3215648E+00 -0.6566506E-08
 -0.2922366E+00 -0.6191686E-08
 -0.2615580E+00 -0.5799349E-08
 -0.2297934E+00 -0.5392736E-08
 -0.1971079E+00 -0.4974806E-08
 -0.1635431E+00 -0.4545376E-08
 -0.1293118E+00 -0.4107696E-08
 -0.9456852E-01 -0.3664188E-08
 -0.5939402E-01 -0.3213766E-08
 -0.2397525E-01 -0.2760902E-08
  0.1152255E-01 -0.2307200E-08
  0.4694682E-01 -0.1853455E-08
  0.8214283E-01 -0.1403287E-08
  0.1169886E+00 -0.9571903E-09
  0.1513002E+00 -0.5171222E-09
  0.1848664E+00 -0.8860257E-10
  0.2176264E+00  0.3304902E-09
  0.2495219E+00  0.7390284E-09
  0.2803645E+00  0.1133490E-08
  0.3100571E+00  0.1513432E-08
  0.3384238E+00  0.1877285E-08
  0.3653958E+00  0.2221837E-08
  0.3908724E+00  0.2549419E-08
  0.4145798E+00  0.2852848E-08
  0.4364941E+00  0.3134006E-08
  0.4565865E+00  0.3390514E-08
  0.4746273E+00  0.3621535E-08
  0.4906194E+00  0.3827262E-08
  0.5045422E+00  0.4005922E-08
  0.5161120E+00  0.4154400E-08
  0.5254622E+00  0.4272820E-08
  0.5326098E+00  0.4364679E-08
  0.5372084E+00  0.4423773E-08
  0.5392078E+00  0.4448459E-08
  0.5382512E+00  0.4433917E-08
  0.5346533E+00  0.4386260E-08
  0.5290657E+00  0.4313703E-08
  0.5214227E+00  0.4215840E-08
  0.5116728E+00  0.4091070E-08
  0.4999252E+00  0.3939942E-08
  0.4862085E+00  0.3764892E-08
  0.4703898E+00  0.3562485E-08
  0.4524378E+00  0.3332796E-08
  0.4323679E+00  0.3075590E-08
  0.4103315E+00  0.2793824E-08
  0.3864959E+00  0.2489188E-08
  0.3609756E+00  0.2162018E-08
  0.3338090E+00  0.1813819E-08
  0.3051046E+00  0.1447030E-08
  0.2751880E+00  0.1063375E-08
  0.2442381E+00  0.6678914E-09
  0.2122732E+00  0.2597271E-09
  0.1794680E+00 -0.1590431E-09
  0.1463045E+00 -0.5809837E-09
  0.1130752E+00 -0.1004419E-08
  0.7994845E-01 -0.1428380E-08
  0.4725346E-01 -0.1849214E-08
  0.5359752E-01 -0.1679999E-08
  0.3674028E+00  0.2406719E-08
  0.5906285E-01 -0.1601705E-08
  0.6628966E-01 -0.1517004E-08
  0.7592402E-01 -0.1398380E-08
  0.8938442E-01 -0.1226256E-08
  0.1145063E+00 -0.9039038E-09
  0.1252109E+01  0.1372206E-07
  0.3199891E+00  0.1761374E-08
  0.1416961E+01  0.1583261E-07
  0.7012143E+00  0.6598099E-08
  0.1043208E+01  0.1104625E-07
  0.1523832E+01  0.1719949E-07
  0.1558506E+01  0.1764344E-07
  0.1519948E+01  0.1714938E-07
  0.1416133E+01  0.1581601E-07
  0.1254676E+01  0.1374494E-07
  0.1038413E+01  0.1097330E-07
  0.7761722E+00  0.7613085E-08
  0.4798197E+00  0.3815239E-08
  0.1633181E+00 -0.2412558E-09
 -0.1619085E+00 -0.4409378E-08
 -0.4805080E+00 -0.8491801E-08
 -0.7774720E+00 -0.1229662E-07
 -0.1041065E+01 -0.1567266E-07
 -0.1260036E+01 -0.1847853E-07
 -0.1424136E+01 -0.2058075E-07
 -0.1523332E+01 -0.2184999E-07
 -0.1552435E+01 -0.2222088E-07
 -0.1516395E+01 -0.2175901E-07
 -0.1420710E+01 -0.2053201E-07
 -0.1258644E+01 -0.1845366E-07
 -0.1043102E+01 -0.1568896E-07
 -0.7857577E+00 -0.1239246E-07
 -0.4867528E+00 -0.8568947E-08
 -0.1156484E+00 -0.3827530E-08
 -0.2375156E+00 -0.5468408E-08
  0.2874956E+00  0.1299378E-08
 -0.7471094E-01 -0.3409068E-08
 -0.1104563E+00 -0.3784502E-08
 -0.3861973E+00 -0.7342360E-08
 -0.1131394E+00 -0.3815762E-08
 -0.4247406E+00 -0.7809087E-08
 -0.2744384E+00 -0.5884025E-08
 -0.3136222E+00 -0.6383918E-08
 -0.3502126E+00 -0.6851623E-08
 -0.3850060E+00 -0.7296608E-08
 -0.4178432E+00 -0.7717440E-08
 -0.4484307E+00 -0.8108387E-08
 -0.4769542E+00 -0.8473238E-08
 -0.5034270E+00 -0.8812233E-08
 -0.5276086E+00 -0.9121848E-08
 -0.5495855E+00 -0.9403584E-08
 -0.5692815E+00 -0.9655075E-08
 -0.5862855E+00 -0.9872250E-08
 -0.6007956E+00 -0.1005810E-07
 -0.6129687E+00 -0.1021508E-07
 -0.6224280E+00 -0.1033654E-07
 -0.6290148E+00 -0.1042083E-07
 -0.6327984E+00 -0.1046913E-07
 -0.6336738E+00 -0.1048091E-07
 -0.6316765E+00 -0.1045576E-07
 -0.6270162E+00 -0.1039533E-07
 -0.6195826E+00 -0.1030107E-07
 -0.6093745E+00 -0.1017023E-07
 -0.5965524E+00 -0.1000643E-07
 -0.5810850E+00 -0.9807387E-08
 -0.5629994E+00 -0.9578051E-08
 -0.5425138E+00 -0.9315063E-08
 -0.5195968E+00 -0.9021756E-08
 -0.4943659E+00 -0.8699213E-08
 -0.4670355E+00 -0.8349323E-08
 -0.4376118E+00 -0.7972821E-08
 -0.4062525E+00 -0.7570321E-08
 -0.3731922E+00 -0.7147649E-08
 -0.3384692E+00 -0.6702974E-08
 -0.3022656E+00 -0.6239375E-08
 -0.2648365E+00 -0.5760447E-08
 -0.2262489E+00 -0.5266994E-08
 -0.1867145E+00 -0.4761285E-08
 -0.1464265E+00 -0.4244869E-08
 -0.1055299E+00 -0.3721343E-08
 -0.6401000E-01 -0.3190479E-08
 -0.2210121E-01 -0.2653640E-08
  0.1982721E-01 -0.2117438E-08
  0.6159684E-01 -0.1582658E-08
  0.1030543E+00 -0.1052273E-08
  0.1440142E+00 -0.5280805E-09
  0.1842181E+00 -0.1296563E-10
  0.2231950E+00  0.4871515E-09
  0.2610734E+00  0.9718207E-09
  0.2983282E+00  0.1447535E-08
  0.3343469E+00  0.1908922E-08
  0.3688950E+00  0.2351379E-08
  0.4021813E+00  0.2777268E-08
  0.4337693E+00  0.3182174E-08
  0.4633631E+00  0.3560633E-08
  0.4909815E+00  0.3913990E-08
  0.5163749E+00  0.4240365E-08
  0.5394529E+00  0.4535500E-08
  0.5603714E+00  0.4803416E-08
  0.5788293E+00  0.5039451E-08
  0.5945913E+00  0.5241393E-08
  0.6078799E+00  0.5410735E-08
  0.6186348E+00  0.5549035E-08
  0.6264987E+00  0.5649914E-08
  0.6313168E+00  0.5711208E-08
  0.6331892E+00  0.5734551E-08
  0.6320868E+00  0.5720985E-08
  0.6279388E+00  0.5666407E-08
  0.6210567E+00  0.5579181E-08
  0.6115717E+00  0.5457477E-08
  0.5997720E+00  0.5306110E-08
  0.5859156E+00  0.5128184E-08
  0.5699081E+00  0.4924114E-08
  0.5513051E+00  0.4686530E-08
  0.5299494E+00  0.4412739E-08
  0.5059438E+00  0.4106709E-08
  0.4796560E+00  0.3769776E-08
  0.4513214E+00  0.3407758E-08
  0.4209034E+00  0.3017206E-08
  0.3883621E+00  0.2601062E-08
  0.3540666E+00  0.2162519E-08
  0.3188457E+00  0.1712038E-08
  0.2826578E+00  0.1248541E-08
  0.2451736E+00  0.7690004E-09
  0.2068246E+00  0.2785884E-09
  0.1683511E+00 -0.2124515E-09
  0.1298095E+00 -0.7056206E-09
  0.9126571E-01 -0.1198769E-08
  0.1163901E+01  0.1256262E-07
  0.8882980E+00  0.9041594E-08
  0.1145271E+00 -0.9034954E-09
  0.1315570E+00 -0.6894149E-09
 -0.3546788E+00 -0.6934033E-08
  0.1526837E+00 -0.4159550E-09
  0.1985098E+00  0.1702640E-09
  0.5579649E+00  0.4831956E-08
  0.1249946E+01  0.1366266E-07
  0.1275492E+01  0.1399080E-07
  0.1011917E+00 -0.1064584E-08
  0.1240168E+01  0.1353913E-07
  0.1156825E+01  0.1246738E-07
  0.1028262E+01  0.1081809E-07
  0.8530048E+00  0.8573624E-08
  0.6404886E+00  0.5850657E-08
  0.3985808E+00  0.2750230E-08
  0.1385102E+00 -0.5805182E-09
 -0.1335881E+00 -0.4068051E-08
 -0.3995601E+00 -0.7476165E-08
 -0.6433022E+00 -0.1059832E-07
 -0.8576571E+00 -0.1334345E-07
 -0.1034764E+01 -0.1561216E-07
 -0.1166439E+01 -0.1729843E-07
 -0.1244437E+01 -0.1829648E-07
 -0.1266652E+01 -0.1857903E-07
 -0.1239651E+01 -0.1823467E-07
 -0.1170022E+01 -0.1734308E-07
 -0.1035440E+01 -0.1561529E-07
 -0.8637385E+00 -0.1341438E-07
 -0.6641703E+00 -0.1086111E-07
  0.1037918E+01  0.1095851E-07
 -0.1566469E+00 -0.4375524E-08
 -0.2330824E+00 -0.5352163E-08
 -0.1956309E+00 -0.4868626E-08
  0.8001104E+00  0.7932970E-08
 -0.3340737E+00 -0.6672034E-08
 -0.5987386E+00 -0.1004664E-07
 -0.2992741E+00 -0.6198160E-08
 -0.3458014E+00 -0.6790134E-08
 -0.4638975E+00 -0.8301196E-08
 -0.4976492E+00 -0.8731698E-08
 -0.5288069E+00 -0.9130813E-08
 -0.5579244E+00 -0.9503570E-08
 -0.5843549E+00 -0.9841317E-08
 -0.6083634E+00 -0.1014903E-07
 -0.6297872E+00 -0.1042315E-07
 -0.6479667E+00 -0.1065557E-07
 -0.6635259E+00 -0.1085463E-07
 -0.6772103E+00 -0.1103139E-07
 -0.6880742E+00 -0.1117057E-07
 -0.6950909E+00 -0.1126100E-07
 -0.6987233E+00 -0.1130767E-07
 -0.6992318E+00 -0.1131451E-07
 -0.6962821E+00 -0.1127579E-07
 -0.6906456E+00 -0.1120475E-07
 -0.6823416E+00 -0.1109825E-07
 -0.6707081E+00 -0.1094855E-07
 -0.6563300E+00 -0.1076518E-07
 -0.6392451E+00 -0.1054722E-07
 -0.6189934E+00 -0.1028817E-07
 -0.5962322E+00 -0.9996360E-08
 -0.5709730E+00 -0.9673036E-08
 -0.5428702E+00 -0.9312979E-08
 -0.5126079E+00 -0.8925922E-08
 -0.4801603E+00 -0.8510652E-08
 -0.4453339E+00 -0.8064149E-08
 -0.4087665E+00 -0.7596956E-08
 -0.3704344E+00 -0.7105410E-08
 -0.3302967E+00 -0.6591673E-08
 -0.2889597E+00 -0.6062493E-08
 -0.2463373E+00 -0.5517339E-08
 -0.2025492E+00 -0.4955457E-08
 -0.1582347E+00 -0.4387180E-08
 -0.1135491E+00 -0.3816306E-08
 -0.6713097E-01 -0.3222935E-08
 -0.1977604E-01 -0.2618089E-08
  0.2713394E-01 -0.2016405E-08
  0.7380791E-01 -0.1419455E-08
  0.1200248E+00 -0.8272192E-09
  0.1653619E+00 -0.2462491E-09
  0.2095594E+00  0.3191558E-09
  0.2510175E+00  0.8544742E-09
  0.2911552E+00  0.1366774E-08
  0.3322943E+00  0.1890734E-08
  0.3719073E+00  0.2399239E-08
  0.4098890E+00  0.2884134E-08
  0.4472873E+00  0.3362406E-08
  0.4823886E+00  0.3812447E-08
  0.5149841E+00  0.4229600E-08
  0.5454311E+00  0.4619083E-08
  0.5730135E+00  0.4972548E-08
  0.5981801E+00  0.5295455E-08
  0.6213531E+00  0.5591074E-08
  0.6413463E+00  0.5847784E-08
  0.6583079E+00  0.6064320E-08
  0.6730543E+00  0.6252910E-08
  0.6849374E+00  0.6405178E-08
  0.6931202E+00  0.6509871E-08
  0.6973028E+00  0.6564217E-08
  0.6983959E+00  0.6578907E-08
  0.6966366E+00  0.6555542E-08
  0.6909385E+00  0.6483934E-08
  0.6823992E+00  0.6373972E-08
  0.6713846E+00  0.6234794E-08
  0.6580700E+00  0.6063895E-08
  0.6436216E+00  0.5879142E-08
  0.6271875E+00  0.5667964E-08
  0.6071461E+00  0.5409996E-08
  0.5831901E+00  0.5103477E-08
  0.5559891E+00  0.4756290E-08
  0.5266492E+00  0.4381046E-08
  0.4951590E+00  0.3977241E-08
  0.4609476E+00  0.3539485E-08
  0.4238696E+00  0.3065435E-08
  0.3852559E+00  0.2575240E-08
  0.3476724E+00  0.2093345E-08
  0.3093338E+00  0.1600591E-08
  0.2682304E+00  0.1074535E-08
  0.2262631E+00  0.5378366E-09
  0.1855783E+00  0.1943401E-10
  0.1442483E+00 -0.5135458E-09
  0.1066978E+01  0.1128931E-07
  0.1106441E+01  0.1178913E-07
 -0.1833570E+00 -0.4693481E-08
  0.7002106E+00  0.6630827E-08
  0.1012871E+01  0.1060097E-07
 -0.4447439E+00 -0.8073279E-08
 -0.1756826E+00 -0.4613773E-08
  0.1909688E+00  0.7066103E-10
 -0.8254989E-01 -0.3453183E-08
  0.9965486E+00  0.1037819E-07
 -0.3872357E+00 -0.7317977E-08
  0.1086079E+01  0.1152944E-07
 -0.4555931E-01 -0.2984818E-08
 -0.2544324E+00 -0.5629276E-08
  0.7395480E+00  0.7089965E-08
  0.5603464E+00  0.4794946E-08
  0.3527810E+00  0.2136356E-08
  0.1270067E+00 -0.7581449E-09
 -0.1175990E+00 -0.3892203E-08
 -0.3554494E+00 -0.6939328E-08
 -0.5661172E+00 -0.9637704E-08
 -0.7489182E+00 -0.1197874E-07
 -0.8991827E+00 -0.1390240E-07
 -0.1010318E+01 -0.1532586E-07
 -0.1075287E+01 -0.1615673E-07
 -0.1092175E+01 -0.1637130E-07
 -0.1066775E+01 -0.1605255E-07
 -0.1026101E+01 -0.1553475E-07
 -0.9000092E+00 -0.1390697E-07
 -0.7573516E+00 -0.1207671E-07
  0.9170095E+00  0.9384242E-08
  0.1664725E+00 -0.2435798E-09
 -0.4268016E+00 -0.7825768E-08
  0.2114668E+00  0.3476189E-09
 -0.1762117E+00 -0.4600277E-08
  0.8895574E+00  0.9005615E-08
  0.2566630E+00  0.9165627E-09
 -0.4070848E+00 -0.7608074E-08
 -0.3181254E+00 -0.6448259E-08
  0.5007432E+00  0.4014124E-08
  0.3649360E+00  0.2297356E-08
 -0.2154584E+00 -0.5092379E-08
 -0.3712706E+00 -0.7122795E-08
  0.9544322E+00  0.9803214E-08
 -0.5033992E+00 -0.8815489E-08
 -0.5392001E+00 -0.9270084E-08
 -0.6323256E+00 -0.1046197E-07
 -0.6576108E+00 -0.1078543E-07
 -0.6810763E+00 -0.1108789E-07
 -0.6989297E+00 -0.1131255E-07
 -0.7150176E+00 -0.1151775E-07
 -0.7320169E+00 -0.1173992E-07
 -0.7459925E+00 -0.1192125E-07
 -0.7529458E+00 -0.1200907E-07
 -0.7557585E+00 -0.1204580E-07
 -0.7557868E+00 -0.1204779E-07
 -0.7507279E+00 -0.1197980E-07
 -0.7442915E+00 -0.1189743E-07
 -0.7359175E+00 -0.1179355E-07
 -0.7223077E+00 -0.1161631E-07
 -0.7069505E+00 -0.1141917E-07
 -0.6892173E+00 -0.1119598E-07
 -0.6663815E+00 -0.1090036E-07
 -0.6421813E+00 -0.1059043E-07
 -0.6154796E+00 -0.1025134E-07
 -0.5841982E+00 -0.9848452E-08
 -0.5520374E+00 -0.9436685E-08
 -0.5173973E+00 -0.8996342E-08
 -0.4788570E+00 -0.8498988E-08
 -0.4400002E+00 -0.8003115E-08
 -0.3987619E+00 -0.7476573E-08
 -0.3545633E+00 -0.6908423E-08
 -0.3105415E+00 -0.6345405E-08
 -0.2638891E+00 -0.5750504E-08
 -0.2153553E+00 -0.5125631E-08
 -0.1687620E+00 -0.4521998E-08
 -0.1234454E+00 -0.3946483E-08
 -0.7178573E-01 -0.3294384E-08
 -0.1718253E-01 -0.2591005E-08
  0.3439538E-01 -0.1928703E-08
  0.8660989E-01 -0.1263539E-08
  0.1375612E+00 -0.6077451E-09
  0.1863708E+00  0.1488576E-10
  0.2355257E+00  0.6428198E-09
  0.2744572E+00  0.1157840E-08
  0.3134895E+00  0.1656126E-08
  0.3590866E+00  0.2224838E-08
  0.4021005E+00  0.2785207E-08
  0.4423891E+00  0.3297593E-08
  0.4858633E+00  0.3848967E-08
  0.5242525E+00  0.4343344E-08
  0.5588234E+00  0.4787060E-08
  0.5922493E+00  0.5213201E-08
  0.6211532E+00  0.5586159E-08
  0.6477605E+00  0.5927827E-08
  0.6743901E+00  0.6265004E-08
  0.6956789E+00  0.6539839E-08
  0.7129608E+00  0.6759584E-08
  0.7299111E+00  0.6973212E-08
  0.7436682E+00  0.7150264E-08
  0.7513708E+00  0.7250249E-08
  0.7527217E+00  0.7271972E-08
  0.7525659E+00  0.7268949E-08
  0.7508469E+00  0.7243389E-08
  0.7420850E+00  0.7138849E-08
  0.7319266E+00  0.7003552E-08
  0.7199304E+00  0.6857466E-08
  0.7048084E+00  0.6660142E-08
  0.6917319E+00  0.6498337E-08
  0.6779764E+00  0.6313003E-08
  0.6567617E+00  0.6037599E-08
  0.6293021E+00  0.5688884E-08
  0.5978879E+00  0.5289962E-08
  0.5661103E+00  0.4881645E-08
  0.5320196E+00  0.4442302E-08
  0.4935866E+00  0.3950240E-08
  0.4505537E+00  0.3401889E-08
  0.4083299E+00  0.2876022E-08
  0.3718593E+00  0.2410530E-08
  0.3370019E+00  0.1946737E-08
  0.2896369E+00  0.1342634E-08
  0.2446088E+00  0.7730486E-09
 -0.4610926E+00 -0.8274130E-08
 -0.4158260E+00 -0.7686349E-08
 -0.2435938E+00 -0.5497737E-08
  0.1207058E+00 -0.8675668E-09
  0.6639048E+00  0.6090619E-08
  0.8936477E+00  0.9037906E-08
  0.7704703E+00  0.7419747E-08
  0.2564574E+00  0.9061147E-09
 -0.4750471E+00 -0.8423524E-08
  0.9358111E+00  0.9582502E-08
 -0.5208538E+00 -0.9057661E-08
 -0.5479241E+00 -0.9433126E-08
  0.6515788E+00  0.5932599E-08
  0.5000343E+00  0.3996139E-08
 -0.1071208E+00 -0.3789624E-08
 -0.3272736E+00 -0.6607610E-08
 -0.5109220E+00 -0.8958038E-08
 -0.6686016E+00 -0.1097691E-07
 -0.7982184E+00 -0.1263622E-07
 -0.8947207E+00 -0.1387117E-07
 -0.9513196E+00 -0.1459371E-07
 -0.9627718E+00 -0.1473816E-07
 -0.2966509E+00 -0.6095497E-08
 -0.8892407E+00 -0.1384881E-07
 -0.7949309E+00 -0.1259097E-07
 -0.6744417E+00 -0.1103849E-07
  0.7961128E+00  0.7768618E-08
 -0.5720497E+00 -0.9690261E-08
  0.3190075E+00  0.1678723E-08
 -0.6043320E+00 -0.1010618E-07
 -0.4318202E+00 -0.7915311E-08
 -0.4875057E+00 -0.8629448E-08
  0.2058268E+00  0.2806488E-09
  0.2756303E+00  0.1176083E-08
 -0.5422817E+00 -0.9325229E-08
 -0.9396530E-01 -0.3703600E-08
 -0.8336829E-01 -0.3410756E-08
  0.8475674E+00  0.8412586E-08
  0.4312468E+00  0.3079830E-08
 -0.7273595E+00 -0.1169176E-07
 -0.5761347E+00 -0.9736405E-08
 -0.6741550E+00 -0.1099203E-07
 -0.6990505E+00 -0.1131213E-07
 -0.7556497E+00 -0.1203135E-07
 -0.7807109E+00 -0.1236597E-07
 -0.8061804E+00 -0.1269872E-07
 -0.8106740E+00 -0.1274583E-07
 -0.8079913E+00 -0.1271734E-07
 -0.8096828E+00 -0.1274711E-07
 -0.7973167E+00 -0.1257246E-07
 -0.7906825E+00 -0.1248802E-07
 -0.7858676E+00 -0.1244572E-07
 -0.7666444E+00 -0.1217984E-07
 -0.7514863E+00 -0.1198578E-07
 -0.7363123E+00 -0.1181163E-07
 -0.7071688E+00 -0.1141872E-07
 -0.6832530E+00 -0.1111239E-07
 -0.6577737E+00 -0.1080609E-07
 -0.6197084E+00 -0.1029898E-07
 -0.5879229E+00 -0.9891965E-08
 -0.5530934E+00 -0.9465484E-08
 -0.5075783E+00 -0.8863164E-08
 -0.4690877E+00 -0.8370804E-08
 -0.4262286E+00 -0.7841214E-08
 -0.3750333E+00 -0.7165926E-08
 -0.3311851E+00 -0.6605359E-08
 -0.2786610E+00 -0.5955336E-08
 -0.2194908E+00 -0.5179596E-08
 -0.1483344E+00 -0.4273359E-08
 -0.1387767E-01 -0.2542045E-08
  0.3908201E-01 -0.1864521E-08
  0.1000778E+00 -0.1103518E-08
  0.1559103E+00 -0.3661913E-09
  0.2052848E+00  0.2633037E-09
  0.2764837E+00  0.1131082E-08
  0.3753001E+00  0.2390303E-08
  0.4603928E+00  0.3506414E-08
  0.5217608E+00  0.4293480E-08
  0.5615590E+00  0.4828609E-08
  0.5953294E+00  0.5258576E-08
  0.6346771E+00  0.5747869E-08
  0.6620606E+00  0.6114820E-08
  0.6881401E+00  0.6454132E-08
  0.7262819E+00  0.6916621E-08
  0.7488587E+00  0.7228116E-08
  0.7606013E+00  0.7374357E-08
  0.7822258E+00  0.7636265E-08
  0.7999449E+00  0.7866421E-08
  0.8072935E+00  0.7958720E-08
  0.7989898E+00  0.7872280E-08
  0.7972624E+00  0.7846652E-08
  0.7990602E+00  0.7845161E-08
 -0.1619339E+00 -0.4452263E-08
  0.7398413E+00  0.7106469E-08
  0.7313577E+00  0.6986121E-08
  0.7051544E+00  0.6645394E-08
  0.6707277E+00  0.6214274E-08
  0.6329785E+00  0.5746895E-08
  0.6008503E+00  0.5332543E-08
  0.5653257E+00  0.4861842E-08
  0.5211660E+00  0.4299382E-08
  0.4642175E+00  0.3560783E-08
  0.9355097E+00  0.9642419E-08
 -0.6085903E+00 -0.1015545E-07
  0.1097973E+00 -0.1062956E-08
  0.5930228E+00  0.5136264E-08
  0.7804379E+00  0.7537625E-08
  0.6729179E+00  0.6189886E-08
 -0.6049185E+00 -0.1016421E-07
  0.2917314E+00  0.1297539E-08
 -0.2929861E+00 -0.6223209E-08
  0.3509609E+00  0.2120450E-08
 -0.6477937E+00 -0.1067570E-07
 -0.4522384E+00 -0.8250754E-08
 -0.5872335E+00 -0.9981232E-08
 -0.6987215E+00 -0.1140806E-07
 -0.7821612E+00 -0.1247659E-07
 -0.8347073E+00 -0.1314330E-07
 -0.8646678E+00 -0.1349455E-07
  0.1342832E+00 -0.5973072E-09
 -0.7705298E+00 -0.1234391E-07
 -0.6936215E+00 -0.1133819E-07
  0.6955613E-01 -0.1481467E-08
  0.8478017E+00  0.8443116E-08
 -0.7405354E+00 -0.1183620E-07
  0.9619733E+00  0.9891300E-08
  0.8657713E+00  0.8677381E-08
  0.7794608E+00  0.7576162E-08
  0.8592539E+00  0.8605929E-08
  0.5729513E+00  0.4891503E-08
  0.7026789E+00  0.6544193E-08
 -0.1963623E+00 -0.4888065E-08
  0.4961291E+00  0.3941522E-08
  0.5115918E+00  0.4198296E-08
  0.3876696E+00  0.2587769E-08
  0.2426129E+00  0.7216620E-09
  0.2437286E+00  0.6725914E-09
  0.6607514E+00  0.6178391E-08
  0.1078941E+01  0.1148236E-07
 -0.8787580E+00 -0.1363929E-07
 -0.9393803E+00 -0.1445744E-07
 -0.4395305E+00 -0.7972176E-08
  0.7875721E+00  0.7702630E-08
  0.3074581E+00  0.1548365E-08
  0.8731683E+00  0.8752570E-08
  0.8393137E+00  0.8381697E-08
  0.4252911E+00  0.3100661E-08
  0.7825368E+00  0.7675334E-08
  0.1408465E-01 -0.2184715E-08
  0.7861759E+00  0.7640137E-08
  0.3328533E+00  0.1862070E-08
  0.7113534E+00  0.6739647E-08
 -0.7764258E+00 -0.1230136E-07
  0.1995568E+00  0.1878362E-09
 -0.7265375E+00 -0.1166824E-07
 -0.3734068E+00 -0.7148071E-08
  0.6132019E+00  0.5481104E-08
 -0.6281720E+00 -0.1041350E-07
  0.6503486E+00  0.5966628E-08
 -0.5169909E+00 -0.8988762E-08
 -0.6390761E+00 -0.1055173E-07
 -0.7355914E+00 -0.1178733E-07
 -0.8027973E+00 -0.1264766E-07
 -0.8392154E+00 -0.1311689E-07
 -0.8577221E+00 -0.1338708E-07
  0.8000880E+00  0.7873131E-08
  0.4093978E+00  0.2876688E-08
  0.3138246E+00  0.1645329E-08
  0.8287720E+00  0.8262371E-08
 -0.8128266E+00 -0.1277337E-07
  0.7511137E+00  0.7284644E-08
  0.4846904E+00  0.3860199E-08
  0.3128982E+00  0.3491271E-08
  0.2626574E+00  0.3386942E-08
  0.2468817E+00  0.3332399E-08
  0.2391589E+00  0.3279450E-08
  0.2344792E+00  0.3225813E-08
  0.2311137E+00  0.3172383E-08
  0.2284571E+00  0.3121565E-08
  0.2261706E+00  0.3073557E-08
  0.2241059E+00  0.3028601E-08
  0.2221775E+00  0.2986796E-08
  0.2203096E+00  0.2947529E-08
  0.2184625E+00  0.2910377E-08
  0.2166065E+00  0.2874890E-08
  0.2147410E+00  0.2840844E-08
  0.2128821E+00  0.2808362E-08
  0.2110926E+00  0.2778095E-08
  0.2095577E+00  0.2752312E-08
  0.2086542E+00  0.2735805E-08
  0.2092282E+00  0.2739548E-08
  0.2132960E+00  0.2789693E-08
  0.6305269E+00  0.8131596E-08
  0.1020187E+01  0.1312010E-07
  0.1365275E+01  0.1753761E-07
  0.1650689E+01  0.2119076E-07
  0.1863969E+01  0.2392009E-07
  0.1995758E+01  0.2560585E-07
  0.2040291E+01  0.2617419E-07
  0.1995669E+01  0.2560110E-07
  0.1863854E+01  0.2391167E-07
  0.1650588E+01  0.2117942E-07
  0.1365181E+01  0.1752379E-07
  0.1020097E+01  0.1310424E-07
  0.6304348E+00  0.8114236E-08
  0.2132193E+00  0.2771829E-08
 -0.2133175E+00 -0.2689561E-08
 -0.6305301E+00 -0.8031209E-08
 -0.1020185E+01 -0.1301967E-07
 -0.1365256E+01 -0.1743696E-07
 -0.1650656E+01 -0.2108992E-07
 -0.1863919E+01 -0.2381898E-07
 -0.1995719E+01 -0.2550485E-07
 -0.2040293E+01 -0.2607385E-07
 -0.1995699E+01 -0.2550111E-07
 -0.1863887E+01 -0.2381168E-07
 -0.1650610E+01 -0.2107932E-07
 -0.1365197E+01 -0.1742360E-07
 -0.1020121E+01 -0.1300417E-07
 -0.6304634E+00 -0.8014231E-08
 -0.2132488E+00 -0.2671841E-08
 -0.2091703E+00 -0.2618216E-08
 -0.2085911E+00 -0.2607697E-08
 -0.2094859E+00 -0.2614741E-08
 -0.2110097E+00 -0.2628625E-08
 -0.2127809E+00 -0.2644469E-08
 -0.2146269E+00 -0.2659915E-08
 -0.2164772E+00 -0.2673996E-08
 -0.2183107E+00 -0.2686210E-08
 -0.2201476E+00 -0.2696796E-08
 -0.2220144E+00 -0.2705853E-08
 -0.2239431E+00 -0.2713994E-08
 -0.2259935E+00 -0.2722265E-08
 -0.2282544E+00 -0.2732965E-08
 -0.2308842E+00 -0.2750421E-08
 -0.2341760E+00 -0.2782734E-08
 -0.2387705E+00 -0.2848557E-08
 -0.2463586E+00 -0.2992488E-08
 -0.2619149E+00 -0.3339979E-08
 -0.3121740E+00 -0.4523383E-08
 -0.9228321E+00 -0.1235447E-07
 -0.1493792E+01 -0.1967707E-07
 -0.1999978E+01 -0.2616918E-07
 -0.2418650E+01 -0.3153971E-07
 -0.2731184E+01 -0.3554927E-07
 -0.2924084E+01 -0.3802505E-07
 -0.2989290E+01 -0.3886392E-07
 -0.2924042E+01 -0.3802970E-07
 -0.2731079E+01 -0.3555792E-07
 -0.2418648E+01 -0.3155417E-07
 -0.2000469E+01 -0.2619426E-07
 -0.1494787E+01 -0.1971197E-07
 -0.9238223E+00 -0.1239208E-07
 -0.3125395E+00 -0.4554623E-08
  0.3124111E+00  0.3458843E-08
  0.9237719E+00  0.1129853E-07
  0.1494788E+01  0.1862160E-07
  0.2000448E+01  0.2510700E-07
  0.2418600E+01  0.3047066E-07
  0.2731126E+01  0.3448052E-07
  0.2924587E+01  0.3696386E-07
  0.2990371E+01  0.3781021E-07
  0.2925313E+01  0.3697866E-07
  0.2732068E+01  0.3450342E-07
  0.2418921E+01  0.3049103E-07
  0.1999166E+01  0.2511149E-07
  0.1491005E+01  0.1859849E-07
  0.9213806E+00  0.1129405E-07
  0.7066697E+00  0.9273363E-08
  0.6928744E+00  0.9102597E-08
  0.6830551E+00  0.8966007E-08
  0.6752392E+00  0.8848532E-08
  0.6685095E+00  0.8743001E-08
  0.6624262E+00  0.8646138E-08
  0.6567249E+00  0.8555541E-08
  0.6512052E+00  0.8468997E-08
  0.6457461E+00  0.8385087E-08
  0.6403407E+00  0.8303508E-08
  0.6349710E+00  0.8224098E-08
  0.6295257E+00  0.8145304E-08
  0.6241910E+00  0.8069153E-08
  0.6195742E+00  0.8003385E-08
  0.6168473E+00  0.7963043E-08
  0.6185007E+00  0.7980061E-08
  0.1000731E+01  0.1287395E-07
  0.1339251E+01  0.1720789E-07
  0.1619373E+01  0.2079384E-07
  0.1828662E+01  0.2347237E-07
  0.1957877E+01  0.2512526E-07
  0.2001181E+01  0.2567766E-07
  0.1957267E+01  0.2511357E-07
  0.1827994E+01  0.2345658E-07
  0.1618880E+01  0.2077739E-07
  0.1338986E+01  0.1719200E-07
  0.1000533E+01  0.1285700E-07
  0.6183218E+00  0.7961917E-08
  0.2090891E+00  0.2721208E-08
 -0.2092874E+00 -0.2636256E-08
 -0.6185163E+00 -0.7876197E-08
 -0.1000715E+01 -0.1276970E-07
 -0.1339177E+01 -0.1710278E-07
 -0.1619113E+01 -0.2068617E-07
 -0.1828284E+01 -0.2336316E-07
 -0.1957552E+01 -0.2501685E-07
 -0.2001264E+01 -0.2557487E-07
 -0.1957513E+01 -0.2501291E-07
 -0.1828210E+01 -0.2335550E-07
 -0.1619015E+01 -0.2067514E-07
 -0.1339060E+01 -0.1708899E-07
 -0.1000589E+01 -0.1275370E-07
 -0.6183882E+00 -0.7858759E-08
 -0.6166755E+00 -0.7834218E-08
 -0.6193197E+00 -0.7864155E-08
 -0.6238251E+00 -0.7916752E-08
 -0.6290703E+00 -0.7977570E-08
 -0.6345481E+00 -0.8040055E-08
 -0.6400374E+00 -0.8101231E-08
 -0.6454883E+00 -0.8160296E-08
 -0.6509338E+00 -0.8217592E-08
 -0.6564506E+00 -0.8274016E-08
 -0.6621615E+00 -0.8331030E-08
 -0.6682363E+00 -0.8391378E-08
 -0.6749457E+00 -0.8459549E-08
 -0.6827500E+00 -0.8543736E-08
 -0.6925219E+00 -0.8659665E-08
 -0.7062255E+00 -0.8842648E-08
 -0.7287505E+00 -0.9178522E-08
 -0.7747915E+00 -0.9917185E-08
 -0.1253883E+01 -0.1606151E-07
 -0.1678257E+01 -0.2150455E-07
 -0.2029328E+01 -0.2600787E-07
 -0.2291570E+01 -0.2937240E-07
 -0.2453545E+01 -0.3145144E-07
 -0.2508272E+01 -0.3215526E-07
 -0.2453475E+01 -0.3145478E-07
 -0.2291493E+01 -0.2937990E-07
 -0.2029408E+01 -0.2602131E-07
 -0.1678567E+01 -0.2152432E-07
 -0.1254335E+01 -0.1608585E-07
 -0.7752588E+00 -0.9943914E-08
 -0.2622901E+00 -0.3366814E-08
  0.2621205E+00  0.3357591E-08
  0.7751105E+00  0.9936019E-08
  0.1254235E+01  0.1608070E-07
  0.1678519E+01  0.2152249E-07
  0.2029469E+01  0.2602441E-07
  0.2291746E+01  0.2938957E-07
  0.2453914E+01  0.3147125E-07
  0.2508937E+01  0.3217912E-07
  0.2454353E+01  0.3148142E-07
  0.2292440E+01  0.2940751E-07
  0.2030185E+01  0.2604700E-07
  0.1679093E+01  0.2154696E-07
  0.1254527E+01  0.1610455E-07
  0.7755369E+00  0.9963466E-08
  0.7293020E+00  0.9517859E-08
  0.1121035E+01  0.1459111E-07
  0.1081611E+01  0.1403733E-07
  0.1071780E+01  0.1389206E-07
  0.1062526E+01  0.1375547E-07
  0.1053587E+01  0.1362465E-07
  0.1044831E+01  0.1349797E-07
  0.1036455E+01  0.1337775E-07
  0.1028041E+01  0.1325907E-07
  0.1019411E+01  0.1313897E-07
  0.1010671E+01  0.1301914E-07
  0.1002852E+01  0.1291190E-07
  0.9981500E+00  0.1284566E-07
  0.1336053E+01  0.1717232E-07
  0.1824594E+01  0.2342589E-07
  0.1615986E+01  0.2075632E-07
  0.1953139E+01  0.2507035E-07
  0.1995478E+01  0.2561030E-07
  0.1951252E+01  0.2504207E-07
  0.1822310E+01  0.2338911E-07
  0.1614049E+01  0.2072071E-07
  0.1335102E+01  0.1714719E-07
  0.9976739E+00  0.1282497E-07
  0.6165636E+00  0.7943546E-08
  0.2084706E+00  0.2716895E-08
 -0.2087512E+00 -0.2626262E-08
 -0.6168461E+00 -0.7852197E-08
 -0.9979861E+00 -0.1273259E-07
 -0.1335508E+01 -0.1705406E-07
 -0.1614665E+01 -0.2062781E-07
 -0.1823248E+01 -0.2329756E-07
 -0.1952151E+01 -0.2494673E-07
 -0.1995738E+01 -0.2550315E-07
 -0.1952101E+01 -0.2494265E-07
 -0.1823156E+01 -0.2328963E-07
 -0.1614535E+01 -0.2061645E-07
 -0.1335358E+01 -0.1703981E-07
 -0.9978199E+00 -0.1271606E-07
 -0.1002096E+01 -0.1276741E-07
 -0.1017883E+01 -0.1295904E-07
 -0.1009387E+01 -0.1285611E-07
 -0.1026749E+01 -0.1306533E-07
 -0.1035644E+01 -0.1317067E-07
 -0.1044475E+01 -0.1327354E-07
 -0.1053291E+01 -0.1337442E-07
 -0.1062220E+01 -0.1347498E-07
 -0.1071459E+01 -0.1357769E-07
 -0.1081295E+01 -0.1368672E-07
 -0.1092160E+01 -0.1380860E-07
 -0.1104812E+01 -0.1395536E-07
 -0.1120605E+01 -0.1414894E-07
 -0.1142786E+01 -0.1444101E-07
 -0.1179312E+01 -0.1495665E-07
 -0.1578338E+01 -0.2007440E-07
 -0.2155016E+01 -0.2747194E-07
 -0.1908392E+01 -0.2430789E-07
 -0.2307417E+01 -0.2942803E-07
 -0.2358950E+01 -0.3009072E-07
 -0.2307437E+01 -0.2943232E-07
 -0.2155084E+01 -0.2748087E-07
 -0.1908579E+01 -0.2432201E-07
 -0.1578605E+01 -0.2009251E-07
 -0.1179648E+01 -0.1497832E-07
 -0.7291251E+00 -0.9202523E-08
 -0.2467214E+00 -0.3017554E-08
  0.2464588E+00  0.3306043E-08
  0.7288857E+00  0.9492340E-08
  0.1179454E+01  0.1527055E-07
  0.1578493E+01  0.2038853E-07
  0.1908567E+01  0.2462239E-07
  0.2155226E+01  0.2778702E-07
  0.2307743E+01  0.2974470E-07
  0.2359433E+01  0.3040964E-07
  0.2308020E+01  0.2975253E-07
  0.2155694E+01  0.2780148E-07
  0.1909090E+01  0.2464144E-07
  0.1578999E+01  0.2041074E-07
  0.1179906E+01  0.1529469E-07
  0.1105143E+01  0.1437632E-07
  0.1092490E+01  0.1419641E-07
  0.1143269E+01  0.1487055E-07
  0.1421705E+01  0.1835749E-07
  0.1434153E+01  0.1853544E-07
  0.1398249E+01  0.1802535E-07
  0.1387219E+01  0.1787100E-07
  0.1376370E+01  0.1772040E-07
  0.1365315E+01  0.1756891E-07
  0.1353819E+01  0.1741337E-07
  0.1342943E+01  0.1726711E-07
  0.2004113E+01  0.2572854E-07
  0.1958618E+01  0.2514307E-07
  0.1833564E+01  0.2354731E-07
  0.1962189E+01  0.2519304E-07
  0.1624428E+01  0.2087049E-07
  0.1829363E+01  0.2348650E-07
  0.1620408E+01  0.2080869E-07
  0.1340546E+01  0.1722311E-07
  0.1001821E+01  0.1288385E-07
  0.6191407E+00  0.7981877E-08
  0.2093215E+00  0.2732613E-08
 -0.2096788E+00 -0.2633842E-08
 -0.6195171E+00 -0.7882566E-08
 -0.1002285E+01 -0.1278430E-07
 -0.1341248E+01 -0.1712462E-07
 -0.1621591E+01 -0.2071388E-07
 -0.1831065E+01 -0.2339522E-07
 -0.1960512E+01 -0.2505155E-07
 -0.2004279E+01 -0.2561034E-07
 -0.1960462E+01 -0.2504741E-07
 -0.1830972E+01 -0.2338725E-07
 -0.1621459E+01 -0.2070236E-07
 -0.1341087E+01 -0.1711009E-07
 -0.1385983E+01 -0.1766041E-07
 -0.1397815E+01 -0.1780213E-07
 -0.1362209E+01 -0.1737091E-07
 -0.1374074E+01 -0.1751613E-07
 -0.1350843E+01 -0.1723085E-07
 -0.1409620E+01 -0.1794169E-07
 -0.1421575E+01 -0.1808147E-07
 -0.1433937E+01 -0.1822457E-07
 -0.1447093E+01 -0.1837661E-07
 -0.1461627E+01 -0.1854593E-07
 -0.1478570E+01 -0.1874804E-07
 -0.1499643E+01 -0.1900940E-07
 -0.1529427E+01 -0.1939947E-07
 -0.2285797E+01 -0.2910422E-07
 -0.2235869E+01 -0.2846604E-07
 -0.2088188E+01 -0.2656673E-07
 -0.2235854E+01 -0.2846186E-07
 -0.1849235E+01 -0.2350134E-07
 -0.2088264E+01 -0.2657544E-07
 -0.1849392E+01 -0.2351455E-07
 -0.1529672E+01 -0.1941676E-07
 -0.1143088E+01 -0.1446147E-07
 -0.7065427E+00 -0.8865074E-08
 -0.2391074E+00 -0.2872403E-08
  0.2387816E+00  0.3254910E-08
  0.7062361E+00  0.9248738E-08
  0.1142830E+01  0.1484748E-07
  0.1529485E+01  0.1980616E-07
  0.1849307E+01  0.2390849E-07
  0.2088336E+01  0.2697500E-07
  0.2236124E+01  0.2887178E-07
  0.2286190E+01  0.2951573E-07
  0.2236319E+01  0.2887843E-07
  0.2088707E+01  0.2698786E-07
  0.1849778E+01  0.2392624E-07
  0.1529961E+01  0.1982728E-07
  0.1478901E+01  0.1916678E-07
  0.1461957E+01  0.1893149E-07
  0.1409759E+01  0.1818785E-07
  0.1500213E+01  0.1945119E-07
  0.1447365E+01  0.1872448E-07
  0.1689563E+01  0.2175726E-07
  0.1675978E+01  0.2156950E-07
  0.1637079E+01  0.2103979E-07
  0.1842527E+01  0.2366346E-07
  0.1632010E+01  0.2096520E-07
  0.1972918E+01  0.2533580E-07
  0.2018759E+01  0.2592401E-07
  0.1846886E+01  0.2372512E-07
  0.1976308E+01  0.2538163E-07
 -0.1733710E+01 -0.2206812E-07
  0.1009065E+01  0.1298364E-07
  0.6235934E+00  0.8045379E-08
  0.2108128E+00  0.2757689E-08
 -0.2112248E+00 -0.2648164E-08
 -0.6240352E+00 -0.7935452E-08
 -0.1009578E+01 -0.1287316E-07
 -0.1350996E+01 -0.1724532E-07
 -0.1633370E+01 -0.2086091E-07
 -0.1844352E+01 -0.2356182E-07
 -0.1974736E+01 -0.2523027E-07
 -0.2018829E+01 -0.2579329E-07
 -0.1974702E+01 -0.2522630E-07
 -0.1844281E+01 -0.2355410E-07
 -0.1633254E+01 -0.2084954E-07
 -0.1704302E+01 -0.2171938E-07
 -0.1718759E+01 -0.2189149E-07
 -0.1690020E+01 -0.2154766E-07
 -0.1675729E+01 -0.2137409E-07
 -0.1646994E+01 -0.2102039E-07
 -0.1661336E+01 -0.2119763E-07
 -0.1499846E+01 -0.1902589E-07
 -0.1749617E+01 -0.2225564E-07
 -0.1767194E+01 -0.2246431E-07
 -0.1787674E+01 -0.2271219E-07
 -0.1813221E+01 -0.2303121E-07
 -0.2047601E+01 -0.2604543E-07
 -0.1813325E+01 -0.2304336E-07
 -0.2192289E+01 -0.2789839E-07
 -0.2241272E+01 -0.2852461E-07
 -0.2047487E+01 -0.2603635E-07
 -0.2192292E+01 -0.2789468E-07
 -0.1120817E+01 -0.1416766E-07
 -0.6927915E+00 -0.8680953E-08
 -0.2344771E+00 -0.2805525E-08
  0.2341077E+00  0.3201970E-08
  0.6924488E+00  0.9078553E-08
  0.1120497E+01  0.1456743E-07
  0.1499634E+01  0.1942945E-07
  0.1813226E+01  0.2345129E-07
  0.2047558E+01  0.2645748E-07
  0.2192395E+01  0.2831642E-07
  0.2241512E+01  0.2894816E-07
  0.2192642E+01  0.2832361E-07
  0.2047916E+01  0.2646995E-07
  0.1813660E+01  0.2346852E-07
  0.1749801E+01  0.2259961E-07
  0.1703702E+01  0.2195341E-07
  0.1767468E+01  0.2284630E-07
  0.1350216E+01  0.1735448E-07
  0.1788042E+01  0.2312824E-07
  0.1733695E+01  0.2237328E-07
  0.1650141E+01  0.2121563E-07
  0.1662928E+01  0.2139039E-07
  0.1718443E+01  0.2215928E-07
  0.1906788E+01  0.2453940E-07
  0.1890981E+01  0.2432281E-07
  0.1991789E+01  0.2558905E-07
  0.1859164E+01  0.2388599E-07
  0.1646601E+01  0.2116161E-07
  0.1861326E+01  0.2391993E-07
  0.1990692E+01  0.2557259E-07
  0.2035687E+01  0.2615024E-07
 -0.1995503E+01 -0.2539263E-07
  0.1017724E+01  0.1310280E-07
 -0.1908334E+01 -0.2434661E-07
  0.2125784E+00  0.2787540E-08
  0.6288723E+00  0.8120714E-08
 -0.6292866E+00 -0.7996544E-08
 -0.1018061E+01 -0.1297604E-07
 -0.1362334E+01 -0.1738516E-07
 -0.1647068E+01 -0.2103134E-07
 -0.1859810E+01 -0.2375505E-07
 -0.1991294E+01 -0.2543766E-07
 -0.2035768E+01 -0.2600565E-07
 -0.1991288E+01 -0.2543402E-07
 -0.1859783E+01 -0.2374778E-07
 -0.1875967E+01 -0.2394887E-07
 -0.1478716E+01 -0.1876375E-07
 -0.1940770E+01 -0.2473828E-07
 -0.1924450E+01 -0.2454208E-07
 -0.1892198E+01 -0.2414919E-07
 -0.6830380E+00 -0.8565284E-08
 -0.2018636E+01 -0.2567456E-07
 -0.2161389E+01 -0.2751043E-07
 -0.1975631E+01 -0.2515432E-07
 -0.2161371E+01 -0.2750630E-07
 -0.2311893E+00 -0.2773037E-08
 -0.1787765E+01 -0.2272411E-07
 -0.2018682E+01 -0.2568282E-07
 -0.2209667E+01 -0.2812738E-07
 -0.1105033E+01 -0.1397430E-07
  0.2307704E+00  0.3149128E-08
  0.6826524E+00  0.8942513E-08
  0.1104700E+01  0.1435390E-07
  0.1478457E+01  0.1914658E-07
  0.1787616E+01  0.2311148E-07
  0.2018646E+01  0.2607495E-07
  0.2161499E+01  0.2790828E-07
  0.2209881E+01  0.2853037E-07
  0.2161695E+01  0.2791470E-07
  0.2018996E+01  0.2608722E-07
  0.1957398E+01  0.2523883E-07
  0.1923254E+01  0.2476547E-07
  0.1362026E+01  0.1751452E-07
  0.1995712E+01  0.2577044E-07
  0.1876013E+01  0.2411860E-07
  0.1940074E+01  0.2499810E-07
  0.1975672E+01  0.2549317E-07
 -0.2130114E+00 -0.2664350E-08
 -0.1957668E+01 -0.2494022E-07
  0.2024870E+01  0.2603698E-07
  0.2053472E+01  0.2638903E-07
  0.1662167E+01  0.2137080E-07
 -0.2043215E+01 -0.2607669E-07
 -0.2148674E+00 -0.2680132E-08
  0.1026901E+01  0.1322974E-07
 -0.2136568E+01 -0.2720270E-07
 -0.1374160E+01 -0.1753000E-07
 -0.2025954E+01 -0.2586465E-07
 -0.2096020E+01 -0.2671518E-07
  0.6344598E+00  0.8201293E-08
 -0.1026901E+01 -0.1308220E-07
 -0.1875942E+01 -0.2395555E-07
 -0.2008565E+01 -0.2565290E-07
 -0.2053448E+01 -0.2622612E-07
 -0.2008595E+01 -0.2564975E-07
  0.2280955E+00  0.3098376E-08
 -0.2077922E+01 -0.2649783E-07
 -0.1995421E+01 -0.2539900E-07
 -0.1461675E+01 -0.1856006E-07
 -0.2060437E+01 -0.2628646E-07
  0.1091973E+01  0.1417350E-07
 -0.2285441E+00 -0.2755084E-08
 -0.1092310E+01 -0.1382640E-07
  0.6747753E+00  0.8824738E-08
 -0.2136506E+01 -0.2720565E-07
 -0.1767155E+01 -0.2247460E-07
 -0.2115279E+01 -0.2694608E-07
 -0.1661345E+01 -0.2120787E-07
 -0.6347535E+00 -0.8059022E-08
  0.1461444E+01  0.1891088E-07
  0.1767053E+01  0.2282986E-07
  0.1995456E+01  0.2575940E-07
  0.2136651E+01  0.2757121E-07
  0.2184439E+01  0.2818580E-07
  0.2136753E+01  0.2757660E-07
  0.2115293E+01  0.2728095E-07
  0.2059579E+01  0.2651044E-07
  0.2077394E+01  0.2675599E-07
  0.2042124E+01  0.2627139E-07
  0.2144507E+00  0.2820014E-08
 -0.6751885E+00 -0.8480262E-08
  0.2007937E+01  0.2580721E-07
  0.1876683E+01  0.2412056E-07
  0.2095789E+01  0.2701068E-07
 -0.2184254E+01 -0.2781590E-07
  0.1374626E+01  0.1768576E-07
 -0.2167207E+00 -0.2694403E-08
  0.1749529E+01  0.2258517E-07
  0.1446941E+01  0.1870512E-07
  0.1975701E+01  0.2548587E-07
 -0.1386006E+01 -0.1767362E-07
  0.2258158E+00  0.3050743E-08
 -0.2142755E+01 -0.2731611E-07
  0.6400406E+00  0.8283187E-08
 -0.1035761E+01 -0.1318720E-07
  0.2071328E+01  0.2662996E-07
 -0.1892114E+01 -0.2415515E-07
 -0.2025893E+01 -0.2586746E-07
 -0.1447062E+01 -0.1838970E-07
 -0.2124253E+01 -0.2709343E-07
  0.1081110E+01  0.1401488E-07
 -0.1081393E+01 -0.1370366E-07
 -0.1975480E+01 -0.2515976E-07
  0.6680529E+00  0.8719622E-08
 -0.2106389E+01 -0.2687714E-07
 -0.6684501E+00 -0.8411393E-08
 -0.2115177E+01 -0.2694851E-07
  0.2027153E+01  0.2606201E-07
 -0.2071175E+01 -0.2644588E-07
 -0.2262667E+00 -0.2744014E-08
 -0.1749488E+01 -0.2226465E-07
 -0.2162474E+01 -0.2755288E-07
  0.2115430E+01  0.2727879E-07
  0.2162588E+01  0.2788522E-07
  0.2163238E+00  0.2853958E-08
  0.2124295E+01  0.2735516E-07
  0.2088979E+01  0.2686976E-07
  0.2106468E+01  0.2710916E-07
  0.1677116E+01  0.2157370E-07
 -0.2088780E+01 -0.2666238E-07
  0.1386954E+01  0.1785475E-07
  0.1036009E+01  0.1335720E-07
 -0.1675666E+01 -0.2138353E-07
  0.2142836E+01  0.2761173E-07
  0.1893637E+01  0.2434975E-07
 -0.6402392E+00 -0.8120339E-08
  0.2096349E+01  0.2701401E-07
 -0.1071524E+01 -0.1359412E-07
  0.1909816E+01  0.2457022E-07
 -0.1397775E+01 -0.1781468E-07
 -0.2077781E+01 -0.2649964E-07
 -0.1689893E+01 -0.2155628E-07
  0.1044885E+01  0.1348342E-07
  0.1398773E+01  0.1801899E-07
 -0.1908190E+01 -0.2435193E-07
 -0.2043119E+01 -0.2607909E-07
 -0.1433859E+01 -0.1823695E-07
  0.1733921E+01  0.2236516E-07
 -0.6623475E+00 -0.8350530E-08
  0.1071387E+01  0.1387111E-07
  0.2181901E+00  0.2889413E-08
 -0.1957461E+01 -0.2494479E-07
  0.6620287E+00  0.8623700E-08
 -0.1733531E+01 -0.2207645E-07
 -0.2095879E+01 -0.2671709E-07
 -0.6456779E+00 -0.8179422E-08
  0.2044373E+01  0.2629614E-07
 -0.2242035E+00 -0.2735347E-08
  0.1691465E+01  0.2177090E-07
  0.1433994E+01  0.1851967E-07
 -0.1044558E+01 -0.1328977E-07
 -0.2185538E+00 -0.2706853E-08
 -0.2060329E+01 -0.2628873E-07
  0.2237808E+00  0.3006341E-08
  0.2061422E+01  0.2653015E-07
  0.6455156E+00  0.8365283E-08
  0.1958040E+01  0.2523941E-07
  0.2078569E+01  0.2676695E-07
 -0.1062276E+01 -0.1349112E-07
  0.1421966E+01  0.1834730E-07
  0.1941556E+01  0.2500937E-07
 -0.6511103E+00 -0.8236710E-08
 -0.1704117E+01 -0.2172736E-07
  0.1053603E+01  0.1360932E-07
  0.2009214E+01  0.2582048E-07
  0.1719415E+01  0.2216078E-07
 -0.6566288E+00 -0.8293195E-08
  0.1062357E+01  0.1373757E-07
 -0.1924263E+01 -0.2454685E-07
  0.1925613E+01  0.2478801E-07
  0.6509628E+00  0.8448915E-08
  0.6564126E+00  0.8534287E-08
 -0.1940563E+01 -0.2474288E-07
 -0.1409535E+01 -0.1795379E-07
 -0.2222488E+00 -0.2726705E-08
  0.2200480E+00  0.2926505E-08
 -0.1421481E+01 -0.1809346E-07
 -0.1718561E+01 -0.2189937E-07
  0.2218940E+00  0.2965307E-08
 -0.2203787E+00 -0.2717379E-08
 -0.1053343E+01 -0.1339040E-07
  0.1705439E+01  0.2196474E-07
  0.1410341E+01  0.1818187E-07
  0.4297158E-01  0.3792529E-08
 -0.3036735E+00 -0.4283091E-09
  0.3942479E+00  0.8156698E-08
  0.2965637E+00  0.7053963E-08
  0.4300885E+00  0.8838230E-08
  0.5125392E+00  0.9906925E-08
  0.5922138E+00  0.1093215E-07
  0.6693081E+00  0.1192297E-07
  0.7434990E+00  0.1287650E-07
  0.8144488E+00  0.1378880E-07
  0.8818405E+00  0.1465483E-07
  0.9453750E+00  0.1547096E-07
  0.1004779E+01  0.1623477E-07
  0.1059772E+01  0.1694086E-07
  0.1110128E+01  0.1758805E-07
  0.1155647E+01  0.1817351E-07
  0.1196104E+01  0.1869286E-07
  0.1231335E+01  0.1914505E-07
  0.1261154E+01  0.1952917E-07
  0.1285436E+01  0.1984093E-07
  0.1304083E+01  0.2007968E-07
  0.1316784E+01  0.2024215E-07
  0.1320371E+01  0.2028034E-07
  0.1289399E+01  0.1981413E-07
 -0.2123738E+00  0.5136633E-09
  0.1250851E+01  0.1931519E-07
 -0.5394858E+00 -0.3460413E-08
  0.1163909E+01  0.1819604E-07
 -0.4594017E+00 -0.2663031E-08
  0.1031265E+01  0.1649048E-07
 -0.7536806E+00 -0.6215824E-08
  0.8581738E+00  0.1426493E-07
 -0.6880524E+00 -0.5603541E-08
  0.6513628E+00  0.1160665E-07
 -0.9382932E+00 -0.8591043E-08
  0.4189599E+00  0.8618528E-08
 -0.8896191E+00 -0.8195458E-08
  0.1701299E+00  0.5419604E-08
 -0.1086174E+01 -0.1049391E-07
 -0.8539183E-01  0.2133672E-08
 -0.1056309E+01 -0.1033865E-07
 -0.3375880E+00 -0.1107234E-08
 -0.1191474E+01 -0.1184838E-07
 -0.5765119E+00 -0.4178940E-08
 -0.1181626E+01 -0.1195180E-07
 -0.7927701E+00 -0.6958425E-08
 -0.1250062E+01 -0.1260384E-07
 -0.9779015E+00 -0.9337806E-08
 -0.1260649E+01 -0.1296902E-07
 -0.1124644E+01 -0.1122356E-07
 -0.1259601E+01 -0.1272746E-07
 -0.1227270E+01 -0.1254208E-07
 -0.1290157E+01 -0.1334879E-07
 -0.1281762E+01 -0.1324244E-07
 -0.1219750E+01 -0.1221587E-07
 -0.1285995E+01 -0.1329439E-07
 -0.1269064E+01 -0.1307933E-07
 -0.1239751E+01 -0.1269982E-07
 -0.1132068E+01 -0.1108970E-07
 -0.1144858E+01 -0.1147830E-07
 -0.1198193E+01 -0.1216891E-07
 -0.1005096E+01 -0.9680856E-08
 -0.9999948E+00 -0.9392151E-08
 -0.8259702E+00 -0.7378314E-08
 -0.1080318E+01 -0.1065384E-07
 -0.6144429E+00 -0.4656875E-08
 -0.8286840E+00 -0.7189958E-08
 -0.3786182E+00 -0.1623667E-08
 -0.9200744E+00 -0.8595528E-08
 -0.1276781E+00  0.1600133E-08
 -0.4243181E-01  0.2697084E-08
  0.1257327E+01  0.1962525E-07
 -0.6248171E+00 -0.4568500E-08
  0.1233861E+01  0.1895671E-07
 -0.7237023E+00 -0.6070439E-08
  0.1127733E+01  0.1759097E-07
 -0.3963829E+00 -0.1632036E-08
  0.9773251E+00  0.1565751E-07
 -0.4989106E+00 -0.3181831E-08
  0.7885599E+00  0.1323158E-07
 -0.1523337E+00  0.1505504E-08
  0.5688218E+00  0.1040635E-07
 -0.2544906E+00 -0.4006662E-10
  0.3267675E+00  0.7294582E-08
  0.9769067E-01  0.4719790E-08
  0.7189046E-01  0.4018351E-08
 -0.7097510E-04  0.3231044E-08
 -0.1858317E+00  0.7052450E-09
  0.3438597E+00  0.7884817E-08
 -0.4362837E+00 -0.2514164E-08
  0.2543132E+00  0.6501828E-08
 -0.6695867E+00 -0.5512634E-08
  0.5765248E+00  0.1087731E-07
 -0.8765808E+00 -0.8172593E-08
  0.4987161E+00  0.9644456E-08
 -0.1049154E+01 -0.1039071E-07
  0.7865377E+00  0.1357845E-07
 -0.1180570E+01 -0.1207914E-07
  0.7235347E+00  0.1253431E-07
 -0.1265683E+01 -0.1317273E-07
  0.9656334E+00  0.1587987E-07
 -0.1301140E+01 -0.1362727E-07
  0.9199467E+00  0.1505943E-07
 -0.1285554E+01 -0.1342629E-07
  0.1106818E+01  0.1769548E-07
 -0.1219478E+01 -0.1257636E-07
  0.1080225E+01  0.1712026E-07
 -0.1105604E+01 -0.1111101E-07
  0.1204537E+01  0.1895294E-07
 -0.9483991E+00 -0.9090048E-08
  0.1198107E+01  0.1863618E-07
 -0.7540466E+00 -0.6591368E-08
  0.1254977E+01  0.1960288E-07
 -0.5300778E+00 -0.3711323E-08
  0.1268968E+01  0.1954889E-07
 -0.2850345E+00 -0.5604306E-09
  0.2126826E+00  0.5974111E-08
  0.1291730E+01  0.1970212E-07
  0.1280953E+00  0.4886611E-08
  0.0000000E+00  0.0000000E+00
  0.0000000E+00  0.0000000E+00
  0.0000000E+00  0.0000000E+00
  0.0000000E+00  0.0000000E+00
  0.0000000E+00  0.0000000E+00
  0.0000000E+00  0.0000000E+00
  0.0000000E+00  0.0000000E+00
  0.0000000E+00  0.0000000E+00
  0.0000000E+00  0.0000000E+00
  0.0000000E+00  0.0000000E+00
  0.0000000E+00  0.0000000E+00
  0.0000000E+00  0.0000000E+00
  0.0000000E+00  0.0000000E+00
  0.0000000E+00  0.0000000E+00
  0.0000000E+00  0.0000000E+00
  0.0000000E+00  0.0000000E+00
  0.0000000E+00  0.0000000E+00
  0.0000000E+00  0.0000000E+00
  0.0000000E+00  0.0000000E+00
  0.0000000E+00  0.0000000E+00
  0.0000000E+00  0.0000000E+00
  0.0000000E+00  0.0000000E+00
  0.0000000E+00  0.0000000E+00
  0.0000000E+00  0.0000000E+00
  0.0000000E+00  0.0000000E+00
  0.0000000E+00  0.0000000E+00
  0.0000000E+00  0.0000000E+00
  0.0000000E+00  0.0000000E+00
  0.0000000E+00  0.0000000E+00
  0.0000000E+00  0.0000000E+00
  0.0000000E+00  0.0000000E+00
  0.0000000E+00  0.0000000E+00
  0.0000000E+00  0.0000000E+00
  0.0000000E+00  0.0000000E+00
  0.0000000E+00  0.0000000E+00
  0.0000000E+00  0.0000000E+00
  0.0000000E+00  0.0000000E+00
  0.0000000E+00  0.0000000E+00
  0.0000000E+00  0.0000000E+00
  0.0000000E+00  0.0000000E+00
  0.0000000E+00  0.0000000E+00
  0.0000000E+00  0.0000000E+00
  0.0000000E+00  0.0000000E+00
  0.0000000E+00  0.0000000E+00
  0.0000000E+00  0.0000000E+00
  0.0000000E+00  0.0000000E+00
  0.0000000E+00  0.0000000E+00
  0.0000000E+00  0.0000000E+00
  0.0000000E+00  0.0000000E+00
  0.0000000E+00  0.0000000E+00
  0.0000000E+00  0.0000000E+00
  0.0000000E+00  0.0000000E+00
  0.0000000E+00  0.0000000E+00
  0.0000000E+00  0.0000000E+00
  0.0000000E+00  0.0000000E+00
  0.0000000E+00  0.0000000E+00
  0.0000000E+00  0.0000000E+00
  0.0000000E+00  0.0000000E+00
  0.0000000E+00  0.0000000E+00
  0.0000000E+00  0.0000000E+00
  0.0000000E+00  0.0000000E+00
  0.0000000E+00  0.0000000E+00
  0.0000000E+00  0.0000000E+00
  0.0000000E+00  0.0000000E+00
  0.0000000E+00  0.0000000E+00
  0.0000000E+00  0.0000000E+00
  0.0000000E+00  0.0000000E+00
  0.0000000E+00  0.0000000E+00
  0.0000000E+00  0.0000000E+00
  0.0000000E+00  0.0000000E+00
  0.0000000E+00  0.0000000E+00
  0.0000000E+00  0.0000000E+00
  0.0000000E+00  0.0000000E+00
  0.0000000E+00  0.0000000E+00
  0.0000000E+00  0.0000000E+00
  0.0000000E+00  0.0000000E+00
  0.0000000E+00  0.0000000E+00
  0.0000000E+00  0.0000000E+00
  0.0000000E+00  0.0000000E+00
  0.0000000E+00  0.0000000E+00
  0.0000000E+00  0.0000000E+00
  0.0000000E+00  0.0000000E+00
  0.0000000E+00  0.0000000E+00
  0.0000000E+00  0.0000000E+00
  0.0000000E+00  0.0000000E+00
  0.0000000E+00  0.0000000E+00
  0.0000000E+00  0.0000000E+00
  0.0000000E+00  0.0000000E+00
  0.0000000E+00  0.0000000E+00
  0.0000000E+00  0.0000000E+00
  0.0000000E+00  0.0000000E+00
  0.0000000E+00  0.0000000E+00
  0.0000000E+00  0.0000000E+00
  0.0000000E+00  0.0000000E+00
  0.0000000E+00  0.0000000E+00
  0.0000000E+00  0.0000000E+00
  0.0000000E+00  0.0000000E+00
  0.0000000E+00  0.0000000E+00
  0.0000000E+00  0.0000000E+00
  0.0000000E+00  0.0000000E+00
  0.0000000E+00  0.0000000E+00
  0.0000000E+00  0.0000000E+00
  0.0000000E+00  0.0000000E+00
  0.0000000E+00  0.0000000E+00
  0.0000000E+00  0.0000000E+00
  0.0000000E+00  0.0000000E+00
  0.0000000E+00  0.0000000E+00
  0.0000000E+00  0.0000000E+00
  0.0000000E+00  0.0000000E+00
  0.0000000E+00  0.0000000E+00
  0.0000000E+00  0.0000000E+00
  0.0000000E+00  0.0000000E+00
  0.0000000E+00  0.0000000E+00
  0.0000000E+00  0.0000000E+00
  0.0000000E+00  0.0000000E+00
  0.0000000E+00  0.0000000E+00
  0.0000000E+00  0.0000000E+00
  0.0000000E+00  0.0000000E+00
  0.0000000E+00  0.0000000E+00
  0.0000000E+00  0.0000000E+00
  0.0000000E+00  0.0000000E+00
  0.0000000E+00  0.0000000E+00
  0.0000000E+00  0.0000000E+00
  0.0000000E+00  0.0000000E+00
  0.0000000E+00  0.0000000E+00
  0.0000000E+00  0.0000000E+00
  0.0000000E+00  0.0000000E+00
  0.0000000E+00  0.0000000E+00
  0.0000000E+00  0.0000000E+00
  0.0000000E+00  0.0000000E+00
  0.0000000E+00  0.0000000E+00
  0.0000000E+00  0.0000000E+00
  0.0000000E+00  0.0000000E+00
  0.0000000E+00  0.0000000E+00
  0.0000000E+00  0.0000000E+00
  0.0000000E+00  0.0000000E+00
  0.0000000E+00  0.0000000E+00
  0.0000000E+00  0.0000000E+00
  0.0000000E+00  0.0000000E+00
  0.0000000E+00  0.0000000E+00
  0.0000000E+00  0.0000000E+00
  0.0000000E+00  0.0000000E+00
  0.0000000E+00  0.0000000E+00
  0.0000000E+00  0.0000000E+00
  0.0000000E+00  0.0000000E+00
  0.0000000E+00  0.0000000E+00
  0.0000000E+00  0.0000000E+00
  0.0000000E+00  0.0000000E+00
  0.0000000E+00  0.0000000E+00
  0.0000000E+00  0.0000000E+00
  0.0000000E+00  0.0000000E+00
  0.0000000E+00  0.0000000E+00
  0.0000000E+00  0.0000000E+00
  0.0000000E+00  0.0000000E+00
  0.0000000E+00  0.0000000E+00
  0.0000000E+00  0.0000000E+00
  0.0000000E+00  0.0000000E+00
  0.0000000E+00  0.0000000E+00
  0.0000000E+00  0.0000000E+00
  0.0000000E+00  0.0000000E+00
  0.0000000E+00  0.0000000E+00
  0.0000000E+00  0.0000000E+00
  0.0000000E+00  0.0000000E+00
  0.0000000E+00  0.0000000E+00
  0.0000000E+00  0.0000000E+00
  0.0000000E+00  0.0000000E+00
  0.0000000E+00  0.0000000E+00
  0.0000000E+00  0.0000000E+00
  0.0000000E+00  0.0000000E+00
  0.0000000E+00  0.0000000E+00
  0.0000000E+00  0.0000000E+00
  0.0000000E+00  0.0000000E+00
  0.0000000E+00  0.0000000E+00
  0.0000000E+00  0.0000000E+00
  0.0000000E+00  0.0000000E+00
  0.0000000E+00  0.0000000E+00
  0.0000000E+00  0.0000000E+00
  0.0000000E+00  0.0000000E+00
  0.0000000E+00  0.0000000E+00
  0.0000000E+00  0.0000000E+00
  0.0000000E+00  0.0000000E+00
  0.0000000E+00  0.0000000E+00
  0.0000000E+00  0.0000000E+00
  0.0000000E+00  0.0000000E+00
  0.0000000E+00  0.0000000E+00
  0.0000000E+00  0.0000000E+00
  0.0000000E+00  0.0000000E+00
  0.0000000E+00  0.0000000E+00
  0.0000000E+00  0.0000000E+00
  0.0000000E+00  0.0000000E+00
  0.0000000E+00  0.0000000E+00
  0.0000000E+00  0.0000000E+00
  0.0000000E+00  0.0000000E+00
  0.0000000E+00  0.0000000E+00
  0.0000000E+00  0.0000000E+00
  0.0000000E+00  0.0000000E+00
  0.0000000E+00  0.0000000E+00
  0.0000000E+00  0.0000000E+00
  0.0000000E+00  0.0000000E+00
  0.0000000E+00  0.0000000E+00
  0.0000000E+00  0.0000000E+00
  0.0000000E+00  0.0000000E+00
  0.0000000E+00  0.0000000E+00
  0.0000000E+00  0.0000000E+00
  0.0000000E+00  0.0000000E+00
  0.0000000E+00  0.0000000E+00
  0.0000000E+00  0.0000000E+00
  0.0000000E+00  0.0000000E+00
  0.0000000E+00  0.0000000E+00
  0.0000000E+00  0.0000000E+00
  0.0000000E+00  0.0000000E+00
  0.0000000E+00  0.0000000E+00
  0.0000000E+00  0.0000000E+00
  0.0000000E+00  0.0000000E+00
  0.0000000E+00  0.0000000E+00
  0.0000000E+00  0.0000000E+00
  0.0000000E+00  0.0000000E+00
  0.0000000E+00  0.0000000E+00
  0.0000000E+00  0.0000000E+00
  0.0000000E+00  0.0000000E+00
  0.0000000E+00  0.0000000E+00
  0.0000000E+00  0.0000000E+00
  0.0000000E+00  0.0000000E+00
  0.0000000E+00  0.0000000E+00
  0.0000000E+00  0.0000000E+00
  0.0000000E+00  0.0000000E+00
  0.0000000E+00  0.0000000E+00
  0.0000000E+00  0.0000000E+00
  0.0000000E+00  0.0000000E+00
  0.0000000E+00  0.0000000E+00
  0.0000000E+00  0.0000000E+00
  0.0000000E+00  0.0000000E+00
  0.0000000E+00  0.0000000E+00
  0.0000000E+00  0.0000000E+00
  0.0000000E+00  0.0000000E+00
  0.0000000E+00  0.0000000E+00
  0.0000000E+00  0.0000000E+00
  0.0000000E+00  0.0000000E+00
  0.0000000E+00  0.0000000E+00
  0.0000000E+00  0.0000000E+00
  0.0000000E+00  0.0000000E+00
  0.0000000E+00  0.0000000E+00
  0.0000000E+00  0.0000000E+00
  0.0000000E+00  0.0000000E+00
  0.0000000E+00  0.0000000E+00
  0.0000000E+00  0.0000000E+00
  0.0000000E+00  0.0000000E+00
  0.0000000E+00  0.0000000E+00
  0.0000000E+00  0.0000000E+00
  0.0000000E+00  0.0000000E+00
  0.0000000E+00  0.0000000E+00
  0.0000000E+00  0.0000000E+00
  0.0000000E+00  0.0000000E+00
  0.0000000E+00  0.0000000E+00
  0.0000000E+00  0.0000000E+00
  0.0000000E+00  0.0000000E+00
  0.0000000E+00  0.0000000E+00
  0.0000000E+00  0.0000000E+00
  0.0000000E+00  0.0000000E+00
  0.0000000E+00  0.0000000E+00
  0.0000000E+00  0.0000000E+00
  0.0000000E+00  0.0000000E+00
  0.0000000E+00  0.0000000E+00
  0.0000000E+00  0.0000000E+00
  0.0000000E+00  0.0000000E+00
  0.0000000E+00  0.0000000E+00
  0.0000000E+00  0.0000000E+00
  0.0000000E+00  0.0000000E+00
  0.0000000E+00  0.0000000E+00
  0.0000000E+00  0.0000000E+00
  0.0000000E+00  0.0000000E+00
  0.0000000E+00  0.0000000E+00
  0.0000000E+00  0.0000000E+00
  0.0000000E+00  0.0000000E+00
  0.0000000E+00  0.0000000E+00
  0.0000000E+00  0.0000000E+00
  0.0000000E+00  0.0000000E+00
  0.0000000E+00  0.0000000E+00
  0.0000000E+00  0.0000000E+00
  0.0000000E+00  0.0000000E+00
  0.0000000E+00  0.0000000E+00
  0.0000000E+00  0.0000000E+00
  0.0000000E+00  0.0000000E+00
  0.0000000E+00  0.0000000E+00
  0.0000000E+00  0.0000000E+00
  0.0000000E+00  0.0000000E+00
  0.0000000E+00  0.0000000E+00
  0.0000000E+00  0.0000000E+00
  0.0000000E+00  0.0000000E+00
  0.0000000E+00  0.0000000E+00
  0.0000000E+00  0.0000000E+00
  0.0000000E+00  0.0000000E+00
  0.0000000E+00  0.0000000E+00
  0.0000000E+00  0.0000000E+00
  0.0000000E+00  0.0000000E+00
  0.0000000E+00  0.0000000E+00
  0.0000000E+00  0.0000000E+00
  0.0000000E+00  0.0000000E+00
  0.0000000E+00  0.0000000E+00
  0.0000000E+00  0.0000000E+00
  0.0000000E+00  0.0000000E+00
  0.0000000E+00  0.0000000E+00
  0.0000000E+00  0.0000000E+00
  0.0000000E+00  0.0000000E+00
  0.0000000E+00  0.0000000E+00
  0.0000000E+00  0.0000000E+00
  0.0000000E+00  0.0000000E+00
  0.0000000E+00  0.0000000E+00
  0.0000000E+00  0.0000000E+00
  0.0000000E+00  0.0000000E+00
  0.0000000E+00  0.0000000E+00
  0.0000000E+00  0.0000000E+00
  0.0000000E+00  0.0000000E+00
  0.0000000E+00  0.0000000E+00
  0.0000000E+00  0.0000000E+00
  0.0000000E+00  0.0000000E+00
  0.0000000E+00  0.0000000E+00
  0.0000000E+00  0.0000000E+00
  0.0000000E+00  0.0000000E+00
  0.0000000E+00  0.0000000E+00
  0.0000000E+00  0.0000000E+00
  0.0000000E+00  0.0000000E+00
  0.0000000E+00  0.0000000E+00
  0.0000000E+00  0.0000000E+00
  0.0000000E+00  0.0000000E+00
  0.0000000E+00  0.0000000E+00
  0.0000000E+00  0.0000000E+00
  0.0000000E+00  0.0000000E+00
  0.0000000E+00  0.0000000E+00
  0.0000000E+00  0.0000000E+00
  0.0000000E+00  0.0000000E+00
  0.0000000E+00  0.0000000E+00
  0.0000000E+00  0.0000000E+00
  0.0000000E+00  0.0000000E+00
  0.0000000E+00  0.0000000E+00
  0.0000000E+00  0.0000000E+00
  0.0000000E+00  0.0000000E+00
  0.0000000E+00  0.0000000E+00
  0.0000000E+00  0.0000000E+00
  0.0000000E+00  0.0000000E+00
  0.0000000E+00  0.0000000E+00
  0.0000000E+00  0.0000000E+00
  0.0000000E+00  0.0000000E+00
  0.0000000E+00  0.0000000E+00
  0.0000000E+00  0.0000000E+00
  0.0000000E+00  0.0000000E+00
  0.0000000E+00  0.0000000E+00
  0.0000000E+00  0.0000000E+00
  0.0000000E+00  0.0000000E+00
  0.0000000E+00  0.0000000E+00
  0.0000000E+00  0.0000000E+00
  0.0000000E+00  0.0000000E+00
  0.0000000E+00  0.0000000E+00
  0.0000000E+00  0.0000000E+00
  0.0000000E+00  0.0000000E+00
  0.0000000E+00  0.0000000E+00
  0.0000000E+00  0.0000000E+00
  0.0000000E+00  0.0000000E+00
  0.0000000E+00  0.0000000E+00
  0.0000000E+00  0.0000000E+00
  0.0000000E+00  0.0000000E+00
  0.0000000E+00  0.0000000E+00
  0.0000000E+00  0.0000000E+00
  0.0000000E+00  0.0000000E+00
  0.0000000E+00  0.0000000E+00
  0.0000000E+00  0.0000000E+00
  0.0000000E+00  0.0000000E+00
  0.0000000E+00  0.0000000E+00
  0.0000000E+00  0.0000000E+00
  0.0000000E+00  0.0000000E+00
  0.0000000E+00  0.0000000E+00
  0.0000000E+00  0.0000000E+00
  0.0000000E+00  0.0000000E+00
  0.0000000E+00  0.0000000E+00
  0.0000000E+00  0.0000000E+00
  0.0000000E+00  0.0000000E+00
  0.0000000E+00  0.0000000E+00
  0.0000000E+00  0.0000000E+00
  0.0000000E+00  0.0000000E+00
  0.0000000E+00  0.0000000E+00
  0.0000000E+00  0.0000000E+00
  0.0000000E+00  0.0000000E+00
  0.0000000E+00  0.0000000E+00
  0.0000000E+00  0.0000000E+00
  0.0000000E+00  0.0000000E+00
  0.0000000E+00  0.0000000E+00
  0.0000000E+00  0.0000000E+00
  0.0000000E+00  0.0000000E+00
  0.0000000E+00  0.0000000E+00
  0.0000000E+00  0.0000000E+00
  0.0000000E+00  0.0000000E+00
  0.0000000E+00  0.0000000E+00
  0.0000000E+00  0.0000000E+00
  0.0000000E+00  0.0000000E+00
  0.0000000E+00  0.0000000E+00
  0.0000000E+00  0.0000000E+00
  0.0000000E+00  0.0000000E+00
  0.0000000E+00  0.0000000E+00
  0.0000000E+00  0.0000000E+00
  0.0000000E+00  0.0000000E+00
  0.0000000E+00  0.0000000E+00
  0.0000000E+00  0.0000000E+00
  0.0000000E+00  0.0000000E+00
  0.0000000E+00  0.0000000E+00
  0.0000000E+00  0.0000000E+00
  0.0000000E+00  0.0000000E+00
  0.0000000E+00  0.0000000E+00
  0.0000000E+00  0.0000000E+00
  0.0000000E+00  0.0000000E+00
  0.0000000E+00  0.0000000E+00
  0.0000000E+00  0.0000000E+00
  0.0000000E+00  0.0000000E+00
  0.0000000E+00  0.0000000E+00
  0.0000000E+00  0.0000000E+00
  0.0000000E+00  0.0000000E+00
  0.0000000E+00  0.0000000E+00
  0.0000000E+00  0.0000000E+00
  0.0000000E+00  0.0000000E+00
  0.0000000E+00  0.0000000E+00
  0.0000000E+00  0.0000000E+00
  0.0000000E+00  0.0000000E+00
  0.0000000E+00  0.0000000E+00
  0.0000000E+00  0.0000000E+00
  0.0000000E+00  0.0000000E+00
  0.0000000E+00  0.0000000E+00
  0.0000000E+00  0.0000000E+00
  0.0000000E+00  0.0000000E+00
  0.0000000E+00  0.0000000E+00
  0.0000000E+00  0.0000000E+00
  0.0000000E+00  0.0000000E+00
  0.0000000E+00  0.0000000E+00
  0.0000000E+00  0.0000000E+00
  0.0000000E+00  0.0000000E+00
  0.0000000E+00  0.0000000E+00
  0.0000000E+00  0.0000000E+00
  0.0000000E+00  0.0000000E+00
  0.0000000E+00  0.0000000E+00
  0.0000000E+00  0.0000000E+00
  0.0000000E+00  0.0000000E+00
  0.0000000E+00  0.0000000E+00
  0.0000000E+00  0.0000000E+00
  0.0000000E+00  0.0000000E+00
  0.0000000E+00  0.0000000E+00
  0.0000000E+00  0.0000000E+00
  0.0000000E+00  0.0000000E+00
  0.0000000E+00  0.0000000E+00
  0.0000000E+00  0.0000000E+00
  0.0000000E+00  0.0000000E+00
  0.0000000E+00  0.0000000E+00
  0.0000000E+00  0.0000000E+00
  0.0000000E+00  0.0000000E+00
  0.0000000E+00  0.0000000E+00
  0.0000000E+00  0.0000000E+00
  0.0000000E+00  0.0000000E+00
  0.0000000E+00  0.0000000E+00
  0.0000000E+00  0.0000000E+00
  0.0000000E+00  0.0000000E+00
  0.0000000E+00  0.0000000E+00
  0.0000000E+00  0.0000000E+00
  0.0000000E+00  0.0000000E+00
  0.0000000E+00  0.0000000E+00
  0.0000000E+00  0.0000000E+00
  0.0000000E+00  0.0000000E+00
  0.0000000E+00  0.0000000E+00
  0.0000000E+00  0.0000000E+00
  0.0000000E+00  0.0000000E+00
  0.0000000E+00  0.0000000E+00
  0.0000000E+00  0.0000000E+00
  0.0000000E+00  0.0000000E+00
  0.0000000E+00  0.0000000E+00
  0.0000000E+00  0.0000000E+00
  0.0000000E+00  0.0000000E+00
  0.0000000E+00  0.0000000E+00
  0.0000000E+00  0.0000000E+00
  0.0000000E+00  0.0000000E+00
  0.0000000E+00  0.0000000E+00
  0.0000000E+00  0.0000000E+00
  0.0000000E+00  0.0000000E+00
  0.0000000E+00  0.0000000E+00
  0.0000000E+00  0.0000000E+00
  0.0000000E+00  0.0000000E+00
  0.0000000E+00  0.0000000E+00
  0.0000000E+00  0.0000000E+00
  0.0000000E+00  0.0000000E+00
  0.0000000E+00  0.0000000E+00
  0.0000000E+00  0.0000000E+00
  0.0000000E+00  0.0000000E+00
  0.0000000E+00  0.0000000E+00
  0.0000000E+00  0.0000000E+00
  0.0000000E+00  0.0000000E+00
  0.0000000E+00  0.0000000E+00
  0.0000000E+00  0.0000000E+00
  0.0000000E+00  0.0000000E+00
  0.0000000E+00  0.0000000E+00
  0.0000000E+00  0.0000000E+00
  0.0000000E+00  0.0000000E+00
  0.0000000E+00  0.0000000E+00
  0.0000000E+00  0.0000000E+00
  0.0000000E+00  0.0000000E+00
  0.0000000E+00  0.0000000E+00
  0.0000000E+00  0.0000000E+00
  0.0000000E+00  0.0000000E+00
  0.0000000E+00  0.0000000E+00
  0.0000000E+00  0.0000000E+00
  0.0000000E+00  0.0000000E+00
  0.0000000E+00  0.0000000E+00
  0.0000000E+00  0.0000000E+00
  0.0000000E+00  0.0000000E+00
  0.0000000E+00  0.0000000E+00
  0.0000000E+00  0.0000000E+00
  0.0000000E+00  0.0000000E+00
  0.0000000E+00  0.0000000E+00
  0.0000000E+00  0.0000000E+00
  0.0000000E+00  0.0000000E+00
  0.0000000E+00  0.0000000E+00
  0.0000000E+00  0.0000000E+00
  0.0000000E+00  0.0000000E+00
  0.0000000E+00  0.0000000E+00
  0.0000000E+00  0.0000000E+00
  0.0000000E+00  0.0000000E+00
  0.0000000E+00  0.0000000E+00
  0.0000000E+00  0.0000000E+00
  0.0000000E+00  0.0000000E+00
  0.0000000E+00  0.0000000E+00
  0.0000000E+00  0.0000000E+00
  0.0000000E+00  0.0000000E+00
  0.0000000E+00  0.0000000E+00
  0.0000000E+00  0.0000000E+00
  0.0000000E+00  0.0000000E+00
  0.0000000E+00  0.0000000E+00
  0.0000000E+00  0.0000000E+00
  0.0000000E+00  0.0000000E+00
  0.0000000E+00  0.0000000E+00
  0.0000000E+00  0.0000000E+00
  0.0000000E+00  0.0000000E+00
  0.0000000E+00  0.0000000E+00
  0.0000000E+00  0.0000000E+00
  0.0000000E+00  0.0000000E+00
  0.0000000E+00  0.0000000E+00
  0.0000000E+00  0.0000000E+00
  0.0000000E+00  0.0000000E+00
  0.0000000E+00  0.0000000E+00
  0.0000000E+00  0.0000000E+00
  0.0000000E+00  0.0000000E+00
  0.0000000E+00  0.0000000E+00
  0.0000000E+00  0.0000000E+00
  0.0000000E+00  0.0000000E+00
  0.0000000E+00  0.0000000E+00
  0.0000000E+00  0.0000000E+00
  0.0000000E+00  0.0000000E+00
  0.0000000E+00  0.0000000E+00
  0.0000000E+00  0.0000000E+00
  0.0000000E+00  0.0000000E+00
  0.0000000E+00  0.0000000E+00
  0.0000000E+00  0.0000000E+00
  0.0000000E+00  0.0000000E+00
  0.0000000E+00  0.0000000E+00
  0.0000000E+00  0.0000000E+00
  0.0000000E+00  0.0000000E+00
  0.0000000E+00  0.0000000E+00
  0.0000000E+00  0.0000000E+00
  0.0000000E+00  0.0000000E+00
  0.0000000E+00  0.0000000E+00
  0.0000000E+00  0.0000000E+00
  0.0000000E+00  0.0000000E+00
  0.0000000E+00  0.0000000E+00
  0.0000000E+00  0.0000000E+00
  0.0000000E+00  0.0000000E+00
  0.0000000E+00  0.0000000E+00
  0.0000000E+00  0.0000000E+00
  0.0000000E+00  0.0000000E+00
  0.0000000E+00  0.0000000E+00
  0.0000000E+00  0.0000000E+00
  0.0000000E+00  0.0000000E+00
  0.0000000E+00  0.0000000E+00
  0.0000000E+00  0.0000000E+00
  0.0000000E+00  0.0000000E+00
  0.0000000E+00  0.0000000E+00
  0.0000000E+00  0.0000000E+00
  0.0000000E+00  0.0000000E+00
  0.0000000E+00  0.0000000E+00
  0.0000000E+00  0.0000000E+00
  0.0000000E+00  0.0000000E+00
  0.0000000E+00  0.0000000E+00
  0.0000000E+00  0.0000000E+00
  0.0000000E+00  0.0000000E+00
  0.0000000E+00  0.0000000E+00
  0.0000000E+00  0.0000000E+00
  0.0000000E+00  0.0000000E+00
  0.0000000E+00  0.0000000E+00
  0.0000000E+00  0.0000000E+00
  0.0000000E+00  0.0000000E+00
  0.0000000E+00  0.0000000E+00
  0.0000000E+00  0.0000000E+00
  0.0000000E+00  0.0000000E+00
  0.0000000E+00  0.0000000E+00
  0.0000000E+00  0.0000000E+00
  0.0000000E+00  0.0000000E+00
  0.0000000E+00  0.0000000E+00
  0.0000000E+00  0.0000000E+00
  0.0000000E+00  0.0000000E+00
  0.0000000E+00  0.0000000E+00
  0.0000000E+00  0.0000000E+00
  0.0000000E+00  0.0000000E+00
  0.0000000E+00  0.0000000E+00
  0.0000000E+00  0.0000000E+00
  0.0000000E+00  0.0000000E+00
  0.0000000E+00  0.0000000E+00
  0.0000000E+00  0.0000000E+00
  0.0000000E+00  0.0000000E+00
  0.0000000E+00  0.0000000E+00
  0.0000000E+00  0.0000000E+00
  0.0000000E+00  0.0000000E+00
  0.0000000E+00  0.0000000E+00
  0.0000000E+00  0.0000000E+00
  0.0000000E+00  0.0000000E+00
  0.0000000E+00  0.0000000E+00
  0.0000000E+00  0.0000000E+00
  0.0000000E+00  0.0000000E+00
  0.0000000E+00  0.0000000E+00
  0.0000000E+00  0.0000000E+00
  0.0000000E+00  0.0000000E+00
  0.0000000E+00  0.0000000E+00
  0.0000000E+00  0.0000000E+00
  0.0000000E+00  0.0000000E+00
  0.0000000E+00  0.0000000E+00
  0.0000000E+00  0.0000000E+00
  0.0000000E+00  0.0000000E+00
  0.0000000E+00  0.0000000E+00
  0.0000000E+00  0.0000000E+00
  0.0000000E+00  0.0000000E+00
  0.0000000E+00  0.0000000E+00
  0.0000000E+00  0.0000000E+00
  0.0000000E+00  0.0000000E+00
  0.0000000E+00  0.0000000E+00
  0.0000000E+00  0.0000000E+00
  0.0000000E+00  0.0000000E+00
  0.0000000E+00  0.0000000E+00
  0.0000000E+00  0.0000000E+00
  0.0000000E+00  0.0000000E+00
  0.0000000E+00  0.0000000E+00
  0.0000000E+00  0.0000000E+00
  0.0000000E+00  0.0000000E+00
  0.0000000E+00  0.0000000E+00
  0.0000000E+00  0.0000000E+00
  0.0000000E+00  0.0000000E+00
  0.0000000E+00  0.0000000E+00
  0.0000000E+00  0.0000000E+00
  0.0000000E+00  0.0000000E+00
  0.0000000E+00  0.0000000E+00
  0.0000000E+00  0.0000000E+00
  0.0000000E+00  0.0000000E+00
  0.0000000E+00  0.0000000E+00
  0.0000000E+00  0.0000000E+00
  0.0000000E+00  0.0000000E+00
  0.0000000E+00  0.0000000E+00
  0.0000000E+00  0.0000000E+00
  0.0000000E+00  0.0000000E+00
  0.0000000E+00  0.0000000E+00
  0.0000000E+00  0.0000000E+00
  0.0000000E+00  0.0000000E+00
  0.0000000E+00  0.0000000E+00
  0.0000000E+00  0.0000000E+00
  0.0000000E+00  0.0000000E+00
  0.0000000E+00  0.0000000E+00
  0.0000000E+00  0.0000000E+00
  0.0000000E+00  0.0000000E+00
  0.0000000E+00  0.0000000E+00
  0.0000000E+00  0.0000000E+00
  0.0000000E+00  0.0000000E+00
  0.0000000E+00  0.0000000E+00
  0.0000000E+00  0.0000000E+00
  0.0000000E+00  0.0000000E+00
  0.0000000E+00  0.0000000E+00
  0.0000000E+00  0.0000000E+00
  0.0000000E+00  0.0000000E+00
  0.0000000E+00  0.0000000E+00
  0.0000000E+00  0.0000000E+00
  0.0000000E+00  0.0000000E+00
  0.0000000E+00  0.0000000E+00
  0.0000000E+00  0.0000000E+00
  0.0000000E+00  0.0000000E+00
  0.0000000E+00  0.0000000E+00
  0.0000000E+00  0.0000000E+00
  0.0000000E+00  0.0000000E+00
  0.0000000E+00  0.0000000E+00
  0.0000000E+00  0.0000000E+00
  0.0000000E+00  0.0000000E+00
  0.0000000E+00  0.0000000E+00
  0.0000000E+00  0.0000000E+00
  0.0000000E+00  0.0000000E+00
  0.0000000E+00  0.0000000E+00
  0.0000000E+00  0.0000000E+00
  0.0000000E+00  0.0000000E+00
  0.0000000E+00  0.0000000E+00
  0.0000000E+00  0.0000000E+00
  0.0000000E+00  0.0000000E+00
  0.0000000E+00  0.0000000E+00
  0.0000000E+00  0.0000000E+00
  0.0000000E+00  0.0000000E+00
  0.0000000E+00  0.0000000E+00
  0.0000000E+00  0.0000000E+00
  0.0000000E+00  0.0000000E+00
  0.0000000E+00  0.0000000E+00
  0.0000000E+00  0.0000000E+00
  0.0000000E+00  0.0000000E+00
  0.0000000E+00  0.0000000E+00
  0.0000000E+00  0.0000000E+00
  0.0000000E+00  0.0000000E+00
  0.0000000E+00  0.0000000E+00
  0.0000000E+00  0.0000000E+00
  0.0000000E+00  0.0000000E+00
  0.0000000E+00  0.0000000E+00
  0.0000000E+00  0.0000000E+00
  0.0000000E+00  0.0000000E+00
  0.0000000E+00  0.0000000E+00
  0.0000000E+00  0.0000000E+00
  0.0000000E+00  0.0000000E+00
  0.0000000E+00  0.0000000E+00
  0.0000000E+00  0.0000000E+00
  0.0000000E+00  0.0000000E+00
  0.0000000E+00  0.0000000E+00
  0.0000000E+00  0.0000000E+00
  0.0000000E+00  0.0000000E+00
  0.0000000E+00  0.0000000E+00
  0.0000000E+00  0.0000000E+00
  0.0000000E+00  0.0000000E+00
  0.0000000E+00  0.0000000E+00
  0.0000000E+00  0.0000000E+00
  0.0000000E+00  0.0000000E+00
  0.0000000E+00  0.0000000E+00
  0.0000000E+00  0.0000000E+00
  0.0000000E+00  0.0000000E+00
  0.0000000E+00  0.0000000E+00
  0.0000000E+00  0.0000000E+00
  0.0000000E+00  0.0000000E+00
  0.0000000E+00  0.0000000E+00
  0.0000000E+00  0.0000000E+00
  0.0000000E+00  0.0000000E+00
  0.0000000E+00  0.0000000E+00
  0.0000000E+00  0.0000000E+00
  0.0000000E+00  0.0000000E+00
  0.0000000E+00  0.0000000E+00
  0.0000000E+00  0.0000000E+00
  0.0000000E+00  0.0000000E+00
  0.0000000E+00  0.0000000E+00
  0.0000000E+00  0.0000000E+00
  0.0000000E+00  0.0000000E+00
  0.0000000E+00  0.0000000E+00
  0.0000000E+00  0.0000000E+00
  0.0000000E+00  0.0000000E+00
  0.0000000E+00  0.0000000E+00
  0.0000000E+00  0.0000000E+00
  0.0000000E+00  0.0000000E+00
  0.0000000E+00  0.0000000E+00
  0.0000000E+00  0.0000000E+00
  0.0000000E+00  0.0000000E+00
  0.0000000E+00  0.0000000E+00
  0.0000000E+00  0.0000000E+00
  0.0000000E+00  0.0000000E+00
  0.0000000E+00  0.0000000E+00
  0.0000000E+00  0.0000000E+00
  0.0000000E+00  0.0000000E+00
  0.0000000E+00  0.0000000E+00
  0.0000000E+00  0.0000000E+00
  0.0000000E+00  0.0000000E+00
  0.0000000E+00  0.0000000E+00
  0.0000000E+00  0.0000000E+00
  0.0000000E+00  0.0000000E+00
  0.0000000E+00  0.0000000E+00
  0.0000000E+00  0.0000000E+00
  0.0000000E+00  0.0000000E+00
  0.0000000E+00  0.0000000E+00
  0.0000000E+00  0.0000000E+00
  0.0000000E+00  0.0000000E+00
  0.0000000E+00  0.0000000E+00
  0.0000000E+00  0.0000000E+00
  0.0000000E+00  0.0000000E+00
  0.0000000E+00  0.0000000E+00
  0.0000000E+00  0.0000000E+00
  0.0000000E+00  0.0000000E+00
  0.0000000E+00  0.0000000E+00
  0.0000000E+00  0.0000000E+00
  0.0000000E+00  0.0000000E+00
  0.0000000E+00  0.0000000E+00
  0.0000000E+00  0.0000000E+00
  0.0000000E+00  0.0000000E+00
  0.0000000E+00  0.0000000E+00
  0.0000000E+00  0.0000000E+00
  0.0000000E+00  0.0000000E+00
  0.0000000E+00  0.0000000E+00
  0.0000000E+00  0.0000000E+00
  0.0000000E+00  0.0000000E+00
  0.0000000E+00  0.0000000E+00
  0.0000000E+00  0.0000000E+00
  0.0000000E+00  0.0000000E+00
  0.0000000E+00  0.0000000E+00
  0.0000000E+00  0.0000000E+00
  0.0000000E+00  0.0000000E+00
  0.0000000E+00  0.0000000E+00
  0.0000000E+00  0.0000000E+00
  0.0000000E+00  0.0000000E+00
  0.0000000E+00  0.0000000E+00
  0.0000000E+00  0.0000000E+00
  0.0000000E+00  0.0000000E+00
  0.0000000E+00  0.0000000E+00
  0.0000000E+00  0.0000000E+00
  0.0000000E+00  0.0000000E+00
  0.0000000E+00  0.0000000E+00
  0.0000000E+00  0.0000000E+00
  0.0000000E+00  0.0000000E+00
  0.0000000E+00  0.0000000E+00
  0.0000000E+00  0.0000000E+00
  0.0000000E+00  0.0000000E+00
  0.0000000E+00  0.0000000E+00
  0.0000000E+00  0.0000000E+00
  0.0000000E+00  0.0000000E+00
  0.0000000E+00  0.0000000E+00
  0.0000000E+00  0.0000000E+00
  0.0000000E+00  0.0000000E+00
  0.0000000E+00  0.0000000E+00
  0.0000000E+00  0.0000000E+00
  0.0000000E+00  0.0000000E+00
  0.0000000E+00  0.0000000E+00
  0.0000000E+00  0.0000000E+00
  0.0000000E+00  0.0000000E+00
  0.0000000E+00  0.0000000E+00
  0.0000000E+00  0.0000000E+00
  0.0000000E+00  0.0000000E+00
  0.0000000E+00  0.0000000E+00
  0.0000000E+00  0.0000000E+00
  0.0000000E+00  0.0000000E+00
  0.0000000E+00  0.0000000E+00
  0.0000000E+00  0.0000000E+00
  0.0000000E+00  0.0000000E+00
  0.0000000E+00  0.0000000E+00
  0.0000000E+00  0.0000000E+00
  0.0000000E+00  0.0000000E+00
  0.0000000E+00  0.0000000E+00
  0.0000000E+00  0.0000000E+00
  0.0000000E+00  0.0000000E+00
  0.0000000E+00  0.0000000E+00
  0.0000000E+00  0.0000000E+00
  0.0000000E+00  0.0000000E+00
  0.0000000E+00  0.0000000E+00
  0.0000000E+00  0.0000000E+00
  0.0000000E+00  0.0000000E+00
  0.0000000E+00  0.0000000E+00
  0.0000000E+00  0.0000000E+00
  0.0000000E+00  0.0000000E+00
  0.0000000E+00  0.0000000E+00
  0.0000000E+00  0.0000000E+00
  0.0000000E+00  0.0000000E+00
  0.0000000E+00  0.0000000E+00
  0.0000000E+00  0.0000000E+00
  0.0000000E+00  0.0000000E+00
  0.0000000E+00  0.0000000E+00
  0.0000000E+00  0.0000000E+00
  0.0000000E+00  0.0000000E+00
  0.0000000E+00  0.0000000E+00
  0.0000000E+00  0.0000000E+00
  0.0000000E+00  0.0000000E+00
  0.0000000E+00  0.0000000E+00
  0.0000000E+00  0.0000000E+00
  0.0000000E+00  0.0000000E+00
  0.0000000E+00  0.0000000E+00
  0.0000000E+00  0.0000000E+00
  0.0000000E+00  0.0000000E+00
  0.0000000E+00  0.0000000E+00
  0.0000000E+00  0.0000000E+00
  0.0000000E+00  0.0000000E+00
  0.0000000E+00  0.0000000E+00
  0.0000000E+00  0.0000000E+00
  0.0000000E+00  0.0000000E+00
  0.0000000E+00  0.0000000E+00
  0.0000000E+00  0.0000000E+00
  0.0000000E+00  0.0000000E+00
  0.0000000E+00  0.0000000E+00
  0.0000000E+00  0.0000000E+00
  0.0000000E+00  0.0000000E+00
  0.0000000E+00  0.0000000E+00
  0.0000000E+00  0.0000000E+00
  0.0000000E+00  0.0000000E+00
  0.0000000E+00  0.0000000E+00
  0.0000000E+00  0.0000000E+00
  0.0000000E+00  0.0000000E+00
  0.0000000E+00  0.0000000E+00
  0.0000000E+00  0.0000000E+00
  0.0000000E+00  0.0000000E+00
  0.0000000E+00  0.0000000E+00
  0.0000000E+00  0.0000000E+00
  0.0000000E+00  0.0000000E+00
  0.0000000E+00  0.0000000E+00
  0.0000000E+00  0.0000000E+00
  0.0000000E+00  0.0000000E+00
  0.0000000E+00  0.0000000E+00
  0.0000000E+00  0.0000000E+00
  0.0000000E+00  0.0000000E+00
  0.0000000E+00  0.0000000E+00
  0.0000000E+00  0.0000000E+00
  0.0000000E+00  0.0000000E+00
  0.0000000E+00  0.0000000E+00
  0.0000000E+00  0.0000000E+00
  0.0000000E+00  0.0000000E+00
  0.0000000E+00  0.0000000E+00
  0.0000000E+00  0.0000000E+00
  0.0000000E+00  0.0000000E+00
  0.0000000E+00  0.0000000E+00
  0.0000000E+00  0.0000000E+00
  0.0000000E+00  0.0000000E+00
  0.0000000E+00  0.0000000E+00
  0.0000000E+00  0.0000000E+00
  0.0000000E+00  0.0000000E+00
  0.0000000E+00  0.0000000E+00
  0.0000000E+00  0.0000000E+00
  0.0000000E+00  0.0000000E+00
  0.0000000E+00  0.0000000E+00
  0.0000000E+00  0.0000000E+00
  0.0000000E+00  0.0000000E+00
  0.0000000E+00  0.0000000E+00
  0.0000000E+00  0.0000000E+00
  0.0000000E+00  0.0000000E+00
  0.0000000E+00  0.0000000E+00
  0.0000000E+00  0.0000000E+00
  0.0000000E+00  0.0000000E+00
  0.0000000E+00  0.0000000E+00
  0.0000000E+00  0.0000000E+00
  0.0000000E+00  0.0000000E+00
  0.0000000E+00  0.0000000E+00
  0.0000000E+00  0.0000000E+00
  0.0000000E+00  0.0000000E+00
  0.0000000E+00  0.0000000E+00
  0.0000000E+00  0.0000000E+00
  0.0000000E+00  0.0000000E+00
  0.0000000E+00  0.0000000E+00
  0.0000000E+00  0.0000000E+00
  0.0000000E+00  0.0000000E+00
  0.0000000E+00  0.0000000E+00
  0.0000000E+00  0.0000000E+00
  0.0000000E+00  0.0000000E+00
  0.0000000E+00  0.0000000E+00
  0.0000000E+00  0.0000000E+00
  0.0000000E+00  0.0000000E+00
  0.0000000E+00  0.0000000E+00
  0.0000000E+00  0.0000000E+00
  0.0000000E+00  0.0000000E+00
  0.0000000E+00  0.0000000E+00
  0.0000000E+00  0.0000000E+00
  0.0000000E+00  0.0000000E+00
  0.0000000E+00  0.0000000E+00
  0.0000000E+00  0.0000000E+00
  0.0000000E+00  0.0000000E+00
  0.0000000E+00  0.0000000E+00
  0.0000000E+00  0.0000000E+00
  0.0000000E+00  0.0000000E+00
  0.0000000E+00  0.0000000E+00
  0.0000000E+00  0.0000000E+00
  0.0000000E+00  0.0000000E+00
  0.0000000E+00  0.0000000E+00
  0.0000000E+00  0.0000000E+00
  0.0000000E+00  0.0000000E+00
  0.0000000E+00  0.0000000E+00
  0.0000000E+00  0.0000000E+00
  0.0000000E+00  0.0000000E+00
  0.0000000E+00  0.0000000E+00
  0.0000000E+00  0.0000000E+00
  0.0000000E+00  0.0000000E+00
  0.0000000E+00  0.0000000E+00
  0.0000000E+00  0.0000000E+00
  0.0000000E+00  0.0000000E+00
  0.0000000E+00  0.0000000E+00
  0.0000000E+00  0.0000000E+00
  0.0000000E+00  0.0000000E+00
  0.0000000E+00  0.0000000E+00
  0.0000000E+00  0.0000000E+00
  0.0000000E+00  0.0000000E+00
  0.0000000E+00  0.0000000E+00
  0.0000000E+00  0.0000000E+00
  0.0000000E+00  0.0000000E+00
  0.0000000E+00  0.0000000E+00
  0.0000000E+00  0.0000000E+00
  0.0000000E+00  0.0000000E+00
  0.0000000E+00  0.0000000E+00
  0.0000000E+00  0.0000000E+00
  0.0000000E+00  0.0000000E+00
  0.0000000E+00  0.0000000E+00
  0.0000000E+00  0.0000000E+00
  0.0000000E+00  0.0000000E+00
  0.0000000E+00  0.0000000E+00
  0.0000000E+00  0.0000000E+00
  0.0000000E+00  0.0000000E+00
  0.0000000E+00  0.0000000E+00
  0.0000000E+00  0.0000000E+00
  0.0000000E+00  0.0000000E+00
  0.0000000E+00  0.0000000E+00
  0.0000000E+00  0.0000000E+00
  0.0000000E+00  0.0000000E+00
  0.0000000E+00  0.0000000E+00
  0.0000000E+00  0.0000000E+00
  0.0000000E+00  0.0000000E+00
  0.0000000E+00  0.0000000E+00
  0.0000000E+00  0.0000000E+00
  0.0000000E+00  0.0000000E+00
  0.0000000E+00  0.0000000E+00
  0.0000000E+00  0.0000000E+00
  0.0000000E+00  0.0000000E+00
  0.0000000E+00  0.0000000E+00
  0.0000000E+00  0.0000000E+00
  0.0000000E+00  0.0000000E+00
  0.0000000E+00  0.0000000E+00
  0.0000000E+00  0.0000000E+00
  0.0000000E+00  0.0000000E+00
  0.0000000E+00  0.0000000E+00
  0.0000000E+00  0.0000000E+00
  0.0000000E+00  0.0000000E+00
  0.0000000E+00  0.0000000E+00
  0.0000000E+00  0.0000000E+00
  0.0000000E+00  0.0000000E+00
  0.0000000E+00  0.0000000E+00
  0.0000000E+00  0.0000000E+00
  0.0000000E+00  0.0000000E+00
  0.0000000E+00  0.0000000E+00
  0.0000000E+00  0.0000000E+00
  0.0000000E+00  0.0000000E+00
  0.0000000E+00  0.0000000E+00
  0.0000000E+00  0.0000000E+00
  0.0000000E+00  0.0000000E+00
  0.0000000E+00  0.0000000E+00
  0.0000000E+00  0.0000000E+00
  0.0000000E+00  0.0000000E+00
  0.0000000E+00  0.0000000E+00
  0.0000000E+00  0.0000000E+00
  0.0000000E+00  0.0000000E+00
  0.0000000E+00  0.0000000E+00
  0.0000000E+00  0.0000000E+00
  0.0000000E+00  0.0000000E+00
  0.0000000E+00  0.0000000E+00
  0.0000000E+00  0.0000000E+00
  0.0000000E+00  0.0000000E+00
  0.0000000E+00  0.0000000E+00
  0.0000000E+00  0.0000000E+00
  0.0000000E+00  0.0000000E+00
  0.0000000E+00  0.0000000E+00
  0.0000000E+00  0.0000000E+00
  0.0000000E+00  0.0000000E+00
  0.0000000E+00  0.0000000E+00
  0.0000000E+00  0.0000000E+00
  0.0000000E+00  0.0000000E+00
  0.0000000E+00  0.0000000E+00
  0.0000000E+00  0.0000000E+00
  0.0000000E+00  0.0000000E+00
  0.0000000E+00  0.0000000E+00
  0.0000000E+00  0.0000000E+00
  0.0000000E+00  0.0000000E+00
  0.0000000E+00  0.0000000E+00
  0.0000000E+00  0.0000000E+00
  0.0000000E+00  0.0000000E+00
  0.0000000E+00  0.0000000E+00
  0.0000000E+00  0.0000000E+00
  0.0000000E+00  0.0000000E+00
  0.0000000E+00  0.0000000E+00
  0.0000000E+00  0.0000000E+00
  0.0000000E+00  0.0000000E+00
  0.0000000E+00  0.0000000E+00
  0.0000000E+00  0.0000000E+00
  0.0000000E+00  0.0000000E+00
  0.0000000E+00  0.0000000E+00
  0.0000000E+00  0.0000000E+00
  0.0000000E+00  0.0000000E+00
  0.0000000E+00  0.0000000E+00
  0.0000000E+00  0.0000000E+00
  0.0000000E+00  0.0000000E+00
  0.0000000E+00  0.0000000E+00
  0.0000000E+00  0.0000000E+00
  0.0000000E+00  0.0000000E+00
  0.0000000E+00  0.0000000E+00
  0.0000000E+00  0.0000000E+00
  0.0000000E+00  0.0000000E+00
  0.0000000E+00  0.0000000E+00
  0.0000000E+00  0.0000000E+00
  0.0000000E+00  0.0000000E+00
  0.0000000E+00  0.0000000E+00
  0.0000000E+00  0.0000000E+00
  0.0000000E+00  0.0000000E+00
  0.0000000E+00  0.0000000E+00
  0.0000000E+00  0.0000000E+00
  0.0000000E+00  0.0000000E+00
  0.0000000E+00  0.0000000E+00
  0.0000000E+00  0.0000000E+00
  0.0000000E+00  0.0000000E+00
  0.0000000E+00  0.0000000E+00
  0.0000000E+00  0.0000000E+00
  0.0000000E+00  0.0000000E+00
  0.0000000E+00  0.0000000E+00
  0.0000000E+00  0.0000000E+00
  0.0000000E+00  0.0000000E+00
  0.0000000E+00  0.0000000E+00
  0.0000000E+00  0.0000000E+00
  0.0000000E+00  0.0000000E+00
  0.0000000E+00  0.0000000E+00
  0.0000000E+00  0.0000000E+00
  0.0000000E+00  0.0000000E+00
  0.0000000E+00  0.0000000E+00
  0.0000000E+00  0.0000000E+00
  0.0000000E+00  0.0000000E+00
  0.0000000E+00  0.0000000E+00
  0.0000000E+00  0.0000000E+00
  0.0000000E+00  0.0000000E+00
  0.0000000E+00  0.0000000E+00
  0.0000000E+00  0.0000000E+00
  0.0000000E+00  0.0000000E+00
  0.0000000E+00  0.0000000E+00
  0.0000000E+00  0.0000000E+00
  0.0000000E+00  0.0000000E+00
  0.0000000E+00  0.0000000E+00
  0.0000000E+00  0.0000000E+00
  0.0000000E+00  0.0000000E+00
  0.0000000E+00  0.0000000E+00
  0.0000000E+00  0.0000000E+00
  0.0000000E+00  0.0000000E+00
  0.0000000E+00  0.0000000E+00
  0.0000000E+00  0.0000000E+00
  0.0000000E+00  0.0000000E+00
  0.0000000E+00  0.0000000E+00
  0.0000000E+00  0.0000000E+00
  0.0000000E+00  0.0000000E+00
  0.0000000E+00  0.0000000E+00
  0.0000000E+00  0.0000000E+00
  0.0000000E+00  0.0000000E+00
  0.0000000E+00  0.0000000E+00
  0.0000000E+00  0.0000000E+00
  0.0000000E+00  0.0000000E+00
  0.0000000E+00  0.0000000E+00
  0.0000000E+00  0.0000000E+00
  0.0000000E+00  0.0000000E+00
  0.0000000E+00  0.0000000E+00
  0.0000000E+00  0.0000000E+00
  0.0000000E+00  0.0000000E+00
  0.0000000E+00  0.0000000E+00
  0.0000000E+00  0.0000000E+00
  0.0000000E+00  0.0000000E+00
  0.0000000E+00  0.0000000E+00
  0.0000000E+00  0.0000000E+00
  0.0000000E+00  0.0000000E+00
  0.0000000E+00  0.0000000E+00
  0.0000000E+00  0.0000000E+00
  0.0000000E+00  0.0000000E+00
  0.0000000E+00  0.0000000E+00
  0.0000000E+00  0.0000000E+00
  0.0000000E+00  0.0000000E+00
  0.0000000E+00  0.0000000E+00
  0.0000000E+00  0.0000000E+00
  0.0000000E+00  0.0000000E+00
  0.0000000E+00  0.0000000E+00
  0.0000000E+00  0.0000000E+00
  0.0000000E+00  0.0000000E+00
  0.0000000E+00  0.0000000E+00
  0.0000000E+00  0.0000000E+00
  0.0000000E+00  0.0000000E+00
  0.0000000E+00  0.0000000E+00
  0.0000000E+00  0.0000000E+00
  0.0000000E+00  0.0000000E+00
  0.0000000E+00  0.0000000E+00
  0.0000000E+00  0.0000000E+00
  0.0000000E+00  0.0000000E+00
  0.0000000E+00  0.0000000E+00
  0.0000000E+00  0.0000000E+00
  0.0000000E+00  0.0000000E+00
  0.0000000E+00  0.0000000E+00
  0.0000000E+00  0.0000000E+00
  0.0000000E+00  0.0000000E+00
  0.0000000E+00  0.0000000E+00
  0.0000000E+00  0.0000000E+00
  0.0000000E+00  0.0000000E+00
  0.0000000E+00  0.0000000E+00
  0.0000000E+00  0.0000000E+00
  0.0000000E+00  0.0000000E+00
  0.0000000E+00  0.0000000E+00
  0.0000000E+00  0.0000000E+00
  0.0000000E+00  0.0000000E+00
  0.0000000E+00  0.0000000E+00
  0.0000000E+00  0.0000000E+00
  0.0000000E+00  0.0000000E+00
  0.0000000E+00  0.0000000E+00
  0.0000000E+00  0.0000000E+00
  0.0000000E+00  0.0000000E+00
  0.0000000E+00  0.0000000E+00
  0.0000000E+00  0.0000000E+00
  0.0000000E+00  0.0000000E+00
  0.0000000E+00  0.0000000E+00
  0.0000000E+00  0.0000000E+00
  0.0000000E+00  0.0000000E+00
  0.0000000E+00  0.0000000E+00
  0.0000000E+00  0.0000000E+00
  0.0000000E+00  0.0000000E+00
  0.0000000E+00  0.0000000E+00
  0.0000000E+00  0.0000000E+00
  0.0000000E+00  0.0000000E+00
  0.0000000E+00  0.0000000E+00
  0.0000000E+00  0.0000000E+00
  0.0000000E+00  0.0000000E+00
  0.0000000E+00  0.0000000E+00
  0.0000000E+00  0.0000000E+00
  0.0000000E+00  0.0000000E+00
  0.0000000E+00  0.0000000E+00
  0.0000000E+00  0.0000000E+00
  0.0000000E+00  0.0000000E+00
  0.0000000E+00  0.0000000E+00
  0.0000000E+00  0.0000000E+00
  0.0000000E+00  0.0000000E+00
  0.0000000E+00  0.0000000E+00
  0.0000000E+00  0.0000000E+00
  0.0000000E+00  0.0000000E+00
  0.0000000E+00  0.0000000E+00
  0.0000000E+00  0.0000000E+00
  0.0000000E+00  0.0000000E+00
  0.0000000E+00  0.0000000E+00
  0.0000000E+00  0.0000000E+00
  0.0000000E+00  0.0000000E+00
  0.0000000E+00  0.0000000E+00
  0.0000000E+00  0.0000000E+00
  0.0000000E+00  0.0000000E+00
  0.0000000E+00  0.0000000E+00
  0.0000000E+00  0.0000000E+00
  0.0000000E+00  0.0000000E+00
  0.0000000E+00  0.0000000E+00
  0.0000000E+00  0.0000000E+00
  0.0000000E+00  0.0000000E+00
  0.0000000E+00  0.0000000E+00
  0.0000000E+00  0.0000000E+00
  0.0000000E+00  0.0000000E+00
  0.0000000E+00  0.0000000E+00
  0.0000000E+00  0.0000000E+00
  0.0000000E+00  0.0000000E+00
  0.0000000E+00  0.0000000E+00
  0.0000000E+00  0.0000000E+00
  0.0000000E+00  0.0000000E+00
  0.0000000E+00  0.0000000E+00
  0.0000000E+00  0.0000000E+00
  0.0000000E+00  0.0000000E+00
  0.0000000E+00  0.0000000E+00
  0.0000000E+00  0.0000000E+00
  0.0000000E+00  0.0000000E+00
  0.0000000E+00  0.0000000E+00
  0.0000000E+00  0.0000000E+00
  0.0000000E+00  0.0000000E+00
  0.0000000E+00  0.0000000E+00
  0.0000000E+00  0.0000000E+00
  0.0000000E+00  0.0000000E+00
  0.0000000E+00  0.0000000E+00
  0.0000000E+00  0.0000000E+00
  0.0000000E+00  0.0000000E+00
  0.0000000E+00  0.0000000E+00
  0.0000000E+00  0.0000000E+00
  0.0000000E+00  0.0000000E+00
  0.0000000E+00  0.0000000E+00
  0.0000000E+00  0.0000000E+00
  0.0000000E+00  0.0000000E+00
  0.0000000E+00  0.0000000E+00
  0.0000000E+00  0.0000000E+00
  0.0000000E+00  0.0000000E+00
  0.0000000E+00  0.0000000E+00
  0.0000000E+00  0.0000000E+00
  0.0000000E+00  0.0000000E+00
  0.0000000E+00  0.0000000E+00
  0.0000000E+00  0.0000000E+00
  0.0000000E+00  0.0000000E+00
  0.0000000E+00  0.0000000E+00
  0.0000000E+00  0.0000000E+00
  0.0000000E+00  0.0000000E+00
  0.0000000E+00  0.0000000E+00
  0.0000000E+00  0.0000000E+00
  0.0000000E+00  0.0000000E+00
  0.0000000E+00  0.0000000E+00
  0.0000000E+00  0.0000000E+00
  0.0000000E+00  0.0000000E+00
  0.0000000E+00  0.0000000E+00
  0.0000000E+00  0.0000000E+00
  0.0000000E+00  0.0000000E+00
  0.0000000E+00  0.0000000E+00
  0.0000000E+00  0.0000000E+00
  0.0000000E+00  0.0000000E+00
  0.0000000E+00  0.0000000E+00
  0.0000000E+00  0.0000000E+00
  0.0000000E+00  0.0000000E+00
  0.0000000E+00  0.0000000E+00
  0.0000000E+00  0.0000000E+00
  0.0000000E+00  0.0000000E+00
  0.0000000E+00  0.0000000E+00
  0.0000000E+00  0.0000000E+00
  0.0000000E+00  0.0000000E+00
  0.0000000E+00  0.0000000E+00
  0.0000000E+00  0.0000000E+00
  0.0000000E+00  0.0000000E+00
  0.0000000E+00  0.0000000E+00
  0.0000000E+00  0.0000000E+00
  0.0000000E+00  0.0000000E+00
  0.0000000E+00  0.0000000E+00
  0.0000000E+00  0.0000000E+00
  0.0000000E+00  0.0000000E+00
  0.0000000E+00  0.0000000E+00
  0.0000000E+00  0.0000000E+00
  0.0000000E+00  0.0000000E+00
  0.0000000E+00  0.0000000E+00
  0.0000000E+00  0.0000000E+00
  0.0000000E+00  0.0000000E+00
  0.0000000E+00  0.0000000E+00
  0.0000000E+00  0.0000000E+00
  0.0000000E+00  0.0000000E+00
  0.0000000E+00  0.0000000E+00
  0.0000000E+00  0.0000000E+00
  0.0000000E+00  0.0000000E+00
  0.0000000E+00  0.0000000E+00
  0.0000000E+00  0.0000000E+00
  0.0000000E+00  0.0000000E+00
  0.0000000E+00  0.0000000E+00
  0.0000000E+00  0.0000000E+00
  0.0000000E+00  0.0000000E+00
  0.0000000E+00  0.0000000E+00
  0.0000000E+00  0.0000000E+00
  0.0000000E+00  0.0000000E+00
  0.0000000E+00  0.0000000E+00
  0.0000000E+00  0.0000000E+00
  0.0000000E+00  0.0000000E+00
  0.0000000E+00  0.0000000E+00
  0.0000000E+00  0.0000000E+00
  0.0000000E+00  0.0000000E+00
  0.0000000E+00  0.0000000E+00
  0.0000000E+00  0.0000000E+00
  0.0000000E+00  0.0000000E+00
  0.0000000E+00  0.0000000E+00
  0.0000000E+00  0.0000000E+00
  0.0000000E+00  0.0000000E+00
  0.0000000E+00  0.0000000E+00
  0.0000000E+00  0.0000000E+00
  0.0000000E+00  0.0000000E+00
  0.0000000E+00  0.0000000E+00
  0.0000000E+00  0.0000000E+00
  0.0000000E+00  0.0000000E+00
  0.0000000E+00  0.0000000E+00
  0.0000000E+00  0.0000000E+00
  0.0000000E+00  0.0000000E+00
  0.0000000E+00  0.0000000E+00
  0.0000000E+00  0.0000000E+00
  0.0000000E+00  0.0000000E+00
  0.0000000E+00  0.0000000E+00
  0.0000000E+00  0.0000000E+00
  0.0000000E+00  0.0000000E+00
  0.0000000E+00  0.0000000E+00
  0.0000000E+00  0.0000000E+00
  0.0000000E+00  0.0000000E+00
  0.0000000E+00  0.0000000E+00
  0.0000000E+00  0.0000000E+00
  0.0000000E+00  0.0000000E+00
  0.0000000E+00  0.0000000E+00
  0.0000000E+00  0.0000000E+00
  0.0000000E+00  0.0000000E+00
  0.0000000E+00  0.0000000E+00
  0.0000000E+00  0.0000000E+00
  0.0000000E+00  0.0000000E+00
  0.0000000E+00  0.0000000E+00
  0.0000000E+00  0.0000000E+00
  0.0000000E+00  0.0000000E+00
  0.0000000E+00  0.0000000E+00
  0.0000000E+00  0.0000000E+00
  0.0000000E+00  0.0000000E+00
  0.0000000E+00  0.0000000E+00
  0.0000000E+00  0.0000000E+00
  0.0000000E+00  0.0000000E+00
  0.0000000E+00  0.0000000E+00
  0.0000000E+00  0.0000000E+00
  0.0000000E+00  0.0000000E+00
  0.0000000E+00  0.0000000E+00
  0.0000000E+00  0.0000000E+00
  0.0000000E+00  0.0000000E+00
  0.0000000E+00  0.0000000E+00
  0.0000000E+00  0.0000000E+00
  0.0000000E+00  0.0000000E+00
  0.0000000E+00  0.0000000E+00
  0.0000000E+00  0.0000000E+00
  0.0000000E+00  0.0000000E+00
  0.0000000E+00  0.0000000E+00
  0.0000000E+00  0.0000000E+00
  0.0000000E+00  0.0000000E+00
  0.0000000E+00  0.0000000E+00
  0.0000000E+00  0.0000000E+00
  0.0000000E+00  0.0000000E+00
  0.0000000E+00  0.0000000E+00
  0.0000000E+00  0.0000000E+00
  0.0000000E+00  0.0000000E+00
  0.0000000E+00  0.0000000E+00
  0.0000000E+00  0.0000000E+00
  0.0000000E+00  0.0000000E+00
  0.0000000E+00  0.0000000E+00
  0.0000000E+00  0.0000000E+00
  0.0000000E+00  0.0000000E+00
  0.0000000E+00  0.0000000E+00
  0.0000000E+00  0.0000000E+00
  0.0000000E+00  0.0000000E+00
  0.0000000E+00  0.0000000E+00
  0.0000000E+00  0.0000000E+00
  0.0000000E+00  0.0000000E+00
  0.0000000E+00  0.0000000E+00
  0.0000000E+00  0.0000000E+00
  0.0000000E+00  0.0000000E+00
  0.0000000E+00  0.0000000E+00
  0.0000000E+00  0.0000000E+00
  0.0000000E+00  0.0000000E+00
  0.0000000E+00  0.0000000E+00
  0.0000000E+00  0.0000000E+00
  0.0000000E+00  0.0000000E+00
  0.0000000E+00  0.0000000E+00
  0.0000000E+00  0.0000000E+00
  0.0000000E+00  0.0000000E+00
  0.0000000E+00  0.0000000E+00
  0.0000000E+00  0.0000000E+00
  0.0000000E+00  0.0000000E+00
  0.0000000E+00  0.0000000E+00
  0.0000000E+00  0.0000000E+00
  0.0000000E+00  0.0000000E+00
  0.0000000E+00  0.0000000E+00
  0.0000000E+00  0.0000000E+00
  0.0000000E+00  0.0000000E+00
  0.0000000E+00  0.0000000E+00
  0.0000000E+00  0.0000000E+00
  0.0000000E+00  0.0000000E+00
  0.0000000E+00  0.0000000E+00
  0.0000000E+00  0.0000000E+00
  0.0000000E+00  0.0000000E+00
  0.0000000E+00  0.0000000E+00
  0.0000000E+00  0.0000000E+00
  0.0000000E+00  0.0000000E+00
  0.0000000E+00  0.0000000E+00
  0.0000000E+00  0.0000000E+00
  0.0000000E+00  0.0000000E+00
  0.0000000E+00  0.0000000E+00
  0.0000000E+00  0.0000000E+00
  0.0000000E+00  0.0000000E+00
  0.0000000E+00  0.0000000E+00
  0.0000000E+00  0.0000000E+00
  0.0000000E+00  0.0000000E+00
  0.0000000E+00  0.0000000E+00
  0.0000000E+00  0.0000000E+00
  0.0000000E+00  0.0000000E+00
  0.0000000E+00  0.0000000E+00
  0.0000000E+00  0.0000000E+00
  0.0000000E+00  0.0000000E+00
  0.0000000E+00  0.0000000E+00
  0.0000000E+00  0.0000000E+00
  0.0000000E+00  0.0000000E+00
  0.0000000E+00  0.0000000E+00
  0.0000000E+00  0.0000000E+00
  0.0000000E+00  0.0000000E+00
  0.0000000E+00  0.0000000E+00
  0.0000000E+00  0.0000000E+00
  0.0000000E+00  0.0000000E+00
  0.0000000E+00  0.0000000E+00
  0.0000000E+00  0.0000000E+00
  0.0000000E+00  0.0000000E+00
  0.0000000E+00  0.0000000E+00
  0.0000000E+00  0.0000000E+00
  0.0000000E+00  0.0000000E+00
  0.0000000E+00  0.0000000E+00
  0.0000000E+00  0.0000000E+00
  0.0000000E+00  0.0000000E+00
  0.0000000E+00  0.0000000E+00
  0.0000000E+00  0.0000000E+00
  0.0000000E+00  0.0000000E+00
  0.0000000E+00  0.0000000E+00
  0.0000000E+00  0.0000000E+00
  0.0000000E+00  0.0000000E+00
  0.0000000E+00  0.0000000E+00
  0.0000000E+00  0.0000000E+00
  0.0000000E+00  0.0000000E+00
  0.0000000E+00  0.0000000E+00
  0.0000000E+00  0.0000000E+00
  0.0000000E+00  0.0000000E+00
  0.0000000E+00  0.0000000E+00
  0.0000000E+00  0.0000000E+00
  0.0000000E+00  0.0000000E+00
  0.0000000E+00  0.0000000E+00
  0.0000000E+00  0.0000000E+00
  0.0000000E+00  0.0000000E+00
  0.0000000E+00  0.0000000E+00
  0.0000000E+00  0.0000000E+00
  0.0000000E+00  0.0000000E+00
  0.0000000E+00  0.0000000E+00
  0.0000000E+00  0.0000000E+00
  0.0000000E+00  0.0000000E+00
  0.0000000E+00  0.0000000E+00
  0.0000000E+00  0.0000000E+00
  0.0000000E+00  0.0000000E+00
  0.0000000E+00  0.0000000E+00
  0.0000000E+00  0.0000000E+00
  0.0000000E+00  0.0000000E+00
  0.0000000E+00  0.0000000E+00
  0.0000000E+00  0.0000000E+00
  0.0000000E+00  0.0000000E+00
  0.0000000E+00  0.0000000E+00
  0.0000000E+00  0.0000000E+00
  0.0000000E+00  0.0000000E+00
  0.0000000E+00  0.0000000E+00
  0.0000000E+00  0.0000000E+00
  0.0000000E+00  0.0000000E+00
  0.0000000E+00  0.0000000E+00
  0.0000000E+00  0.0000000E+00
  0.0000000E+00  0.0000000E+00
  0.0000000E+00  0.0000000E+00
