 -0.8174466E-03  0.2194704E-07
  0.4147390E-03  0.2160209E-07
 -0.6339762E-03  0.2185952E-07
 -0.2381604E-03  0.2194024E-07
  0.4202595E-03  0.2206895E-07
  0.3272278E-02  0.2216140E-07
 -0.5808950E-03  0.2128465E-07
 -0.1350335E-02  0.2177737E-07
 -0.4878741E-03  0.2186310E-07
 -0.1463122E-03  0.2266762E-07
  0.1853807E-03  0.2745057E-07
 -0.2182392E-04  0.2737582E-07
  0.1304448E-03  0.2736200E-07
 -0.3201900E-03  0.2736157E-07
 -0.5352462E-03  0.2735966E-07
  0.4386907E-04  0.2737109E-07
 -0.2888453E-03  0.2735115E-07
 -0.4373293E-03  0.2728789E-07
  0.2161464E-04  0.2726242E-07
 -0.3204108E-03  0.2726605E-07
 -0.4424601E-03  0.2723138E-07
  0.2066075E-04  0.2722013E-07
 -0.3120553E-03  0.2722972E-07
 -0.4369964E-03  0.2719728E-07
  0.2032036E-04  0.2718790E-07
 -0.3062525E-03  0.2719836E-07
 -0.4385932E-03  0.2716595E-07
  0.1617798E-04  0.2715643E-07
 -0.3079725E-03  0.2716826E-07
 -0.4449563E-03  0.2713837E-07
  0.6080746E-05  0.2713076E-07
 -0.3144126E-03  0.2714515E-07
 -0.4536645E-03  0.2711822E-07
 -0.3973325E-05  0.2711334E-07
 -0.3233321E-03  0.2712908E-07
 -0.4621946E-03  0.2710524E-07
 -0.1071620E-04  0.2710300E-07
 -0.3306950E-03  0.2712195E-07
 -0.4688362E-03  0.2710057E-07
 -0.1429326E-04  0.2710135E-07
 -0.3396607E-03  0.2712372E-07
 -0.4720998E-03  0.2710475E-07
 -0.1651350E-04  0.2710716E-07
 -0.3462556E-03  0.2713135E-07
 -0.4733806E-03  0.2711450E-07
 -0.1635706E-04  0.2711900E-07
 -0.3509372E-03  0.2714415E-07
 -0.4732508E-03  0.2712686E-07
 -0.1166294E-04  0.2713094E-07
 -0.3536131E-03  0.2715644E-07
 -0.4703669E-03  0.2713817E-07
 -0.5338117E-05  0.2714136E-07
 -0.3541341E-03  0.2716505E-07
 -0.4626090E-03  0.2714479E-07
  0.7701557E-06  0.2714716E-07
 -0.3490866E-03  0.2716948E-07
 -0.4564288E-03  0.2714781E-07
  0.1065829E-04  0.2714796E-07
 -0.3404668E-03  0.2716703E-07
 -0.4473707E-03  0.2714347E-07
  0.2071725E-04  0.2714001E-07
 -0.3301659E-03  0.2715726E-07
 -0.4423982E-03  0.2713197E-07
  0.2650009E-04  0.2713021E-07
 -0.3189306E-03  0.2714593E-07
 -0.4363846E-03  0.2711849E-07
  0.2675494E-04  0.2711429E-07
 -0.3117624E-03  0.2712965E-07
 -0.4325004E-03  0.2710073E-07
  0.2914860E-04  0.2709347E-07
 -0.3074744E-03  0.2710762E-07
 -0.4328689E-03  0.2708019E-07
  0.2361300E-04  0.2707475E-07
 -0.3038898E-03  0.2709136E-07
 -0.4329910E-03  0.2706616E-07
  0.2560046E-04  0.2706379E-07
 -0.2879896E-03  0.2708470E-07
 -0.3997500E-03  0.2706430E-07
  0.1136486E-03  0.2706649E-07
 -0.3208374E-04  0.2709019E-07
  0.4447425E-03  0.2708074E-07
  0.1339357E-02  0.2718435E-07
  0.4263116E-03  0.2726205E-07
  0.1369445E-03  0.2728057E-07
  0.3772506E-04  0.2728823E-07
  0.4577315E-06  0.2729900E-07
 -0.1275238E-04  0.2730974E-07
 -0.1749301E-04  0.2731857E-07
 -0.2165593E-04  0.2732573E-07
 -0.2690541E-04  0.2733400E-07
 -0.3079121E-04  0.2734257E-07
 -0.3407211E-04  0.2735329E-07
 -0.3585553E-04  0.2736418E-07
 -0.3880828E-04  0.2737472E-07
 -0.4606233E-04  0.2738565E-07
 -0.6001176E-04  0.2739748E-07
 -0.8010700E-04  0.2741012E-07
 -0.1360573E-03  0.2741839E-07
 -0.3016902E-03  0.2742027E-07
 -0.8423033E-03  0.2741332E-07
 -0.1798735E-02  0.2731901E-07
 -0.9082717E-03  0.2724794E-07
 -0.2269867E-03  0.2727441E-07
 -0.7840635E-04  0.2735538E-07
 -0.1906402E-03  0.2751165E-07
  0.4140357E-04  0.2258605E-07
  0.5221157E-04  0.2175550E-07
  0.3715933E-04  0.2166654E-07
  0.2266107E-04  0.2170947E-07
  0.3403789E-04  0.2167245E-07
  0.1236137E-03  0.2166602E-07
  0.8648576E-03  0.2166379E-07
 -0.6223226E-03  0.2158682E-07
  0.8343158E-03  0.2136974E-07
  0.1092222E-02  0.2192334E-07
  0.3333277E-02  0.2209162E-07
 -0.3679120E-02  0.2158011E-07
  0.7522013E-03  0.2164840E-07
  0.4477386E-03  0.2158962E-07
  0.2255323E-03  0.2149748E-07
  0.1062549E-03  0.2138583E-07
  0.1705985E-04  0.2126860E-07
 -0.1328316E-03  0.2115365E-07
 -0.1461520E-03  0.2105073E-07
 -0.1843541E-04  0.2096998E-07
 -0.3234421E-04  0.2091361E-07
 -0.5592464E-04  0.2088046E-07
 -0.6396208E-04  0.2087314E-07
 -0.3844421E-04  0.2089299E-07
 -0.5980862E-05  0.2093964E-07
  0.2855270E-04  0.2100996E-07
  0.5706885E-04  0.2110273E-07
  0.7165893E-04  0.2121314E-07
  0.6755478E-04  0.2133635E-07
  0.5175002E-04  0.2146518E-07
 -0.6455914E-05  0.2159289E-07
 -0.9881165E-04  0.2171001E-07
 -0.1127200E-03  0.2181418E-07
  0.1558549E-04  0.2191121E-07
 -0.4381706E-04  0.2198973E-07
 -0.1824801E-03  0.2203477E-07
 -0.3864987E-03  0.2204243E-07
 -0.7564386E-03  0.2201164E-07
  0.1011519E-01  0.2144841E-07
 -0.8332941E-02  0.2229703E-07
 -0.5494556E-03  0.2166342E-07
 -0.7240736E-03  0.2195241E-07
 -0.2120398E-02  0.2207895E-07
 -0.9215160E-04  0.2178408E-07
 -0.5780948E-02  0.2160183E-07
  0.5882812E-04  0.2261477E-07
 -0.1042835E-03  0.2262716E-07
 -0.1596473E-03  0.2260465E-07
 -0.2503073E-03  0.2260899E-07
  0.1377367E-03  0.2261520E-07
 -0.4233935E-05  0.2259082E-07
 -0.7707227E-04  0.2256841E-07
 -0.6943810E-04  0.2255267E-07
 -0.9998113E-04  0.2254215E-07
 -0.8742083E-04  0.2253366E-07
 -0.7421307E-04  0.2252476E-07
 -0.9518257E-04  0.2251667E-07
 -0.8291695E-04  0.2250959E-07
 -0.7051834E-04  0.2250125E-07
 -0.8663119E-04  0.2249243E-07
 -0.7641780E-04  0.2248331E-07
 -0.6722812E-04  0.2247363E-07
 -0.9304321E-04  0.2246508E-07
 -0.7676006E-04  0.2245715E-07
 -0.7065763E-04  0.2244792E-07
 -0.1054578E-03  0.2244010E-07
 -0.9326727E-04  0.2243307E-07
 -0.8286060E-04  0.2242401E-07
 -0.1166562E-03  0.2241660E-07
 -0.9598400E-04  0.2240920E-07
 -0.8441682E-04  0.2240003E-07
 -0.1153010E-03  0.2239236E-07
 -0.9731969E-04  0.2238559E-07
 -0.8537926E-04  0.2237754E-07
 -0.1156257E-03  0.2237030E-07
 -0.9920981E-04  0.2236433E-07
 -0.8556645E-04  0.2235772E-07
 -0.1151946E-03  0.2235208E-07
 -0.9840073E-04  0.2234678E-07
 -0.8603246E-04  0.2234091E-07
 -0.1146949E-03  0.2233606E-07
 -0.9685446E-04  0.2233146E-07
 -0.8415220E-04  0.2232549E-07
 -0.1129961E-03  0.2232104E-07
 -0.9579715E-04  0.2231719E-07
 -0.8164699E-04  0.2231154E-07
 -0.1077405E-03  0.2230676E-07
 -0.9751950E-04  0.2230294E-07
 -0.8199535E-04  0.2229936E-07
 -0.1053233E-03  0.2229666E-07
 -0.9474601E-04  0.2229440E-07
 -0.7933973E-04  0.2229029E-07
 -0.1016176E-03  0.2228739E-07
 -0.8677562E-04  0.2228475E-07
 -0.6886720E-04  0.2228105E-07
 -0.1070137E-03  0.2227868E-07
 -0.9826284E-04  0.2227894E-07
 -0.5915804E-04  0.2227859E-07
 -0.8723852E-04  0.2227806E-07
 -0.8447025E-04  0.2227790E-07
 -0.5876877E-04  0.2227744E-07
 -0.7953431E-04  0.2227678E-07
 -0.7032692E-04  0.2227683E-07
 -0.5719552E-04  0.2227582E-07
 -0.8505090E-04  0.2227628E-07
 -0.7861878E-04  0.2227866E-07
 -0.6342994E-04  0.2228026E-07
 -0.8529638E-04  0.2228349E-07
 -0.7605639E-04  0.2228780E-07
 -0.6145719E-04  0.2229250E-07
 -0.7857487E-04  0.2229940E-07
 -0.4581042E-04  0.2230682E-07
 -0.3783669E-05  0.2231400E-07
  0.2789088E-04  0.2232374E-07
  0.1199416E-03  0.2233976E-07
  0.1546958E-03  0.2236469E-07
  0.9204365E-04  0.2239013E-07
  0.3573962E-04  0.2240758E-07
  0.3371117E-05  0.2242202E-07
 -0.8943616E-06  0.2243589E-07
  0.1243987E-04  0.2244592E-07
  0.1418985E-04  0.2245444E-07
  0.6193329E-05  0.2246312E-07
 -0.5563483E-05  0.2247154E-07
 -0.1538371E-04  0.2248174E-07
 -0.1597281E-04  0.2249262E-07
 -0.1371535E-04  0.2250315E-07
 -0.1928447E-04  0.2251317E-07
 -0.4175505E-04  0.2252354E-07
 -0.5880541E-04  0.2253597E-07
 -0.4900762E-04  0.2254709E-07
 -0.6892779E-04  0.2255439E-07
 -0.1393865E-03  0.2255602E-07
 -0.2405672E-03  0.2255028E-07
 -0.2599818E-03  0.2253523E-07
 -0.1787680E-03  0.2252468E-07
 -0.8722441E-04  0.2252898E-07
 -0.6044694E-04  0.2255326E-07
  0.1925001E-04  0.2176934E-07
  0.2850281E-02  0.2125086E-07
  0.1474977E-04  0.2169326E-07
  0.4378917E-05  0.2176166E-07
  0.4510579E-04  0.2179965E-07
  0.2041738E-03  0.2180579E-07
 -0.4759655E-04  0.2181145E-07
 -0.9144907E-04  0.2119041E-07
  0.3549339E-02  0.2154232E-07
  0.1694361E-03  0.2112907E-07
  0.6482476E-02  0.2183662E-07
  0.4013103E-03  0.2125603E-07
  0.7136350E-04  0.2104880E-07
  0.1943402E-04  0.2095833E-07
 -0.2242252E-03  0.2087707E-07
 -0.2292269E-03  0.2082087E-07
  0.1919692E-03  0.2077396E-07
  0.9579575E-04  0.2073073E-07
  0.3385261E-06  0.2070879E-07
 -0.6426874E-04  0.2070478E-07
 -0.3802577E-04  0.2072007E-07
 -0.1200213E-04  0.2075299E-07
  0.2121743E-04  0.2079988E-07
  0.5964138E-04  0.2086048E-07
  0.7542384E-04  0.2093130E-07
  0.6901564E-04  0.2101119E-07
  0.2257432E-04  0.2109647E-07
 -0.1029415E-03  0.2117885E-07
 -0.2181959E-03  0.2125336E-07
 -0.2473193E-03  0.2133291E-07
  0.1943835E-03  0.2141294E-07
  0.1452524E-04  0.2146101E-07
 -0.2042292E-03  0.2149081E-07
 -0.5351286E-03  0.2151204E-07
 -0.1572148E-02  0.2159126E-07
  0.1386280E-01  0.2160583E-07
  0.6418377E-02  0.2234299E-07
 -0.2269537E-03  0.2192583E-07
 -0.3418687E-02  0.2256814E-07
 -0.4753761E-02  0.2181218E-07
 -0.3269707E-03  0.2205765E-07
  0.1045338E-03  0.2179309E-07
  0.1936431E-02  0.2182204E-07
  0.1697601E-03  0.2182856E-07
 -0.4218068E-04  0.2180939E-07
  0.1691028E-04  0.2179991E-07
 -0.7083574E-05  0.2179558E-07
 -0.4058823E-04  0.2178900E-07
 -0.5150026E-04  0.2178196E-07
 -0.3686527E-04  0.2177614E-07
 -0.3893325E-04  0.2176948E-07
 -0.3636631E-04  0.2176339E-07
 -0.1415466E-04  0.2175520E-07
 -0.3046253E-04  0.2174587E-07
 -0.4275119E-04  0.2173677E-07
 -0.7673436E-05  0.2172761E-07
  0.2208641E-05  0.2171963E-07
 -0.2745196E-04  0.2171332E-07
 -0.4796641E-04  0.2170486E-07
 -0.4609623E-04  0.2169646E-07
 -0.6274671E-04  0.2168848E-07
 -0.6168003E-04  0.2167815E-07
 -0.3121445E-04  0.2166695E-07
 -0.4470618E-04  0.2165804E-07
 -0.4811032E-04  0.2164682E-07
 -0.2262119E-04  0.2163479E-07
 -0.3847483E-04  0.2162586E-07
 -0.4425343E-04  0.2161438E-07
 -0.2023296E-04  0.2160311E-07
 -0.3363864E-04  0.2159418E-07
 -0.4214620E-04  0.2158334E-07
 -0.1895868E-04  0.2157300E-07
 -0.3016174E-04  0.2156448E-07
 -0.4119373E-04  0.2155502E-07
 -0.1810815E-04  0.2154517E-07
 -0.2848845E-04  0.2153788E-07
 -0.4038191E-04  0.2152881E-07
 -0.1788315E-04  0.2151934E-07
 -0.1945083E-04  0.2151218E-07
 -0.4055418E-04  0.2150309E-07
 -0.5524668E-04  0.2149450E-07
  0.5245894E-05  0.2149314E-07
 -0.1858384E-04  0.2149075E-07
 -0.5204567E-04  0.2148606E-07
 -0.3607724E-04  0.2148260E-07
 -0.3185452E-04  0.2147879E-07
 -0.3933663E-04  0.2147484E-07
 -0.4475192E-04  0.2147395E-07
 -0.9707181E-04  0.2147145E-07
 -0.1108262E-03  0.2146731E-07
  0.2752355E-04  0.2147136E-07
 -0.3216301E-05  0.2147547E-07
 -0.4113346E-04  0.2147612E-07
  0.2632927E-04  0.2147963E-07
  0.1324600E-04  0.2148303E-07
 -0.1569328E-04  0.2148490E-07
 -0.7636789E-05  0.2148845E-07
 -0.2938582E-04  0.2149265E-07
 -0.4039381E-04  0.2149599E-07
 -0.1007970E-04  0.2150263E-07
 -0.1203217E-04  0.2150965E-07
 -0.3677931E-04  0.2151627E-07
 -0.2960371E-04  0.2152728E-07
 -0.3725000E-05  0.2153665E-07
  0.1700140E-05  0.2154576E-07
 -0.1471428E-04  0.2155614E-07
 -0.1623834E-04  0.2156558E-07
  0.1043795E-04  0.2157735E-07
 -0.1801568E-05  0.2159361E-07
 -0.4226129E-04  0.2160853E-07
 -0.1786891E-04  0.2162329E-07
 -0.1928492E-04  0.2163612E-07
  0.2379071E-04  0.2164913E-07
  0.9014160E-04  0.2165787E-07
  0.8554175E-04  0.2166809E-07
  0.4850242E-04  0.2167952E-07
  0.1042439E-05  0.2168952E-07
 -0.1843657E-04  0.2169891E-07
  0.2036099E-05  0.2170872E-07
  0.4039196E-05  0.2172003E-07
 -0.3014502E-04  0.2173008E-07
 -0.9841159E-04  0.2173780E-07
 -0.1186033E-03  0.2174412E-07
  0.4195908E-04  0.2175353E-07
  0.4769968E-04  0.2176325E-07
 -0.5372486E-04  0.2176734E-07
 -0.7495465E-04  0.2176860E-07
  0.4380240E-04  0.2176377E-07
  0.2853904E-05  0.2176628E-07
 -0.7060236E-04  0.2177362E-07
 -0.2185633E-04  0.2134736E-07
  0.4127616E-03  0.2139548E-07
  0.5157024E-04  0.2179085E-07
  0.1105182E-03  0.2182851E-07
 -0.3627216E-04  0.2201257E-07
  0.7071245E-03  0.2180383E-07
  0.3211200E-02  0.2181242E-07
  0.1574882E-02  0.2131685E-07
 -0.1320493E-03  0.2129179E-07
  0.1537106E-03  0.2121078E-07
  0.3183472E-04  0.2170674E-07
 -0.4394360E-03  0.2113826E-07
 -0.5889845E-03  0.2111472E-07
  0.9611795E-03  0.2108011E-07
  0.4449181E-03  0.2102709E-07
  0.1447657E-03  0.2100482E-07
 -0.8694537E-04  0.2099738E-07
 -0.3508558E-04  0.2101146E-07
 -0.5910224E-04  0.2104056E-07
 -0.6742754E-04  0.2108090E-07
 -0.4421285E-05  0.2113162E-07
  0.1244959E-04  0.2118917E-07
 -0.4704479E-05  0.2125326E-07
 -0.8323183E-04  0.2132284E-07
 -0.2068954E-03  0.2138617E-07
 -0.3401810E-03  0.2144450E-07
 -0.7442424E-03  0.2152846E-07
  0.9319481E-03  0.2160425E-07
  0.2295540E-03  0.2162307E-07
 -0.1183740E-04  0.2164431E-07
 -0.3369581E-03  0.2170301E-07
 -0.7426708E-03  0.2133114E-07
 -0.1664360E-03  0.2181811E-07
  0.8469649E-03  0.2180485E-07
 -0.5782448E-03  0.2176365E-07
  0.5011282E-03  0.2129841E-07
  0.4281756E-03  0.2203937E-07
 -0.8118349E-03  0.2189727E-07
  0.3004509E-03  0.2180165E-07
 -0.1864084E-03  0.2175023E-07
 -0.6726858E-04  0.2172585E-07
 -0.1112191E-03  0.2170922E-07
  0.2106262E-05  0.2170398E-07
 -0.2446968E-04  0.2170149E-07
 -0.6272416E-04  0.2169017E-07
  0.3183166E-04  0.2168019E-07
 -0.4765447E-04  0.2167425E-07
 -0.7402446E-04  0.2165546E-07
  0.8491139E-04  0.2164596E-07
  0.1127180E-03  0.2164515E-07
  0.3357224E-04  0.2164170E-07
 -0.1031123E-03  0.2163210E-07
 -0.5316369E-04  0.2162570E-07
 -0.7968149E-04  0.2161432E-07
 -0.9899160E-04  0.2159771E-07
  0.1822866E-04  0.2158702E-07
 -0.1614453E-04  0.2157804E-07
 -0.6358061E-04  0.2156119E-07
  0.4127562E-04  0.2154911E-07
 -0.6568996E-05  0.2154081E-07
 -0.5712597E-04  0.2152338E-07
  0.5104302E-04  0.2151191E-07
 -0.3894546E-05  0.2150384E-07
 -0.5210334E-04  0.2148724E-07
  0.5511528E-04  0.2147618E-07
 -0.9073236E-06  0.2146889E-07
 -0.5060955E-04  0.2145351E-07
  0.5609525E-04  0.2144336E-07
 -0.2409740E-05  0.2143659E-07
 -0.4984422E-04  0.2142195E-07
  0.6114106E-04  0.2141245E-07
 -0.2647799E-05  0.2140733E-07
 -0.9646473E-04  0.2138933E-07
 -0.1155504E-03  0.2137313E-07
  0.2398028E-03  0.2137810E-07
  0.5814839E-04  0.2138874E-07
 -0.1054414E-03  0.2138169E-07
  0.1135381E-04  0.2137344E-07
 -0.2149826E-04  0.2137179E-07
 -0.1113887E-03  0.2136717E-07
 -0.7747955E-04  0.2136503E-07
 -0.2298952E-03  0.2135916E-07
 -0.3023115E-03  0.2133407E-07
  0.3067171E-03  0.2134037E-07
  0.9013595E-04  0.2136320E-07
 -0.9259998E-04  0.2135686E-07
  0.2122059E-03  0.2136564E-07
  0.7483802E-04  0.2137815E-07
 -0.4723537E-04  0.2138034E-07
  0.2625552E-04  0.2138374E-07
 -0.3337141E-04  0.2138982E-07
 -0.6125403E-04  0.2139392E-07
  0.7468203E-04  0.2139956E-07
  0.3619589E-04  0.2141184E-07
 -0.9087290E-04  0.2142060E-07
  0.9290737E-05  0.2143406E-07
  0.4710358E-04  0.2144940E-07
 -0.7918944E-05  0.2146219E-07
 -0.1064481E-03  0.2146923E-07
 -0.1341064E-03  0.2147131E-07
 -0.1106229E-04  0.2148361E-07
 -0.5794842E-04  0.2149936E-07
 -0.1879441E-03  0.2150266E-07
  0.2400161E-04  0.2151986E-07
 -0.5339134E-04  0.2152090E-07
  0.7812158E-04  0.2154044E-07
  0.2985596E-03  0.2154319E-07
  0.2085944E-03  0.2156889E-07
  0.7424051E-04  0.2159289E-07
 -0.3841662E-04  0.2160343E-07
 -0.7975800E-04  0.2160729E-07
  0.4490222E-04  0.2161782E-07
  0.6020518E-05  0.2163523E-07
 -0.8757928E-04  0.2164858E-07
 -0.2855423E-03  0.2164663E-07
 -0.2869214E-03  0.2162706E-07
  0.3717488E-03  0.2163388E-07
  0.2762977E-03  0.2166813E-07
 -0.1914890E-03  0.2167540E-07
 -0.1889242E-03  0.2167473E-07
  0.3956454E-03  0.2166490E-07
  0.1730317E-03  0.2170207E-07
 -0.8975104E-03  0.2144377E-07
  0.9860749E-03  0.2154567E-07
  0.1150960E-01  0.2159950E-07
  0.9843124E-04  0.2144641E-07
 -0.5882939E-03  0.2159964E-07
  0.3358576E-03  0.2188384E-07
 -0.4437473E-03  0.2176916E-07
 -0.1745740E-03  0.2183028E-07
  0.9621850E-03  0.2160112E-07
 -0.2316777E-02  0.2148036E-07
  0.1875848E-03  0.2171993E-07
 -0.8794395E-03  0.2161648E-07
 -0.4368969E-02  0.2208887E-07
 -0.2098118E-03  0.2183191E-07
  0.9952661E-03  0.2135517E-07
  0.3662152E-03  0.2132767E-07
 -0.2558993E-03  0.2131623E-07
  0.3589202E-04  0.2133569E-07
 -0.1829122E-03  0.2136201E-07
 -0.3029676E-03  0.2140223E-07
 -0.1288054E-03  0.2144981E-07
 -0.9586876E-04  0.2150020E-07
 -0.1059956E-03  0.2155503E-07
 -0.1528349E-03  0.2161326E-07
 -0.2011909E-03  0.2166494E-07
 -0.1549191E-03  0.2171608E-07
 -0.2578747E-02  0.2183273E-07
  0.4615902E-02  0.2192204E-07
  0.5601436E-03  0.2186021E-07
  0.5326953E-03  0.2186087E-07
 -0.5242471E-02  0.2157183E-07
  0.5659659E-03  0.2183791E-07
  0.8528351E-04  0.2173169E-07
  0.9224284E-03  0.2169367E-07
 -0.2054879E-02  0.2115604E-07
  0.3935035E-02  0.2145677E-07
  0.1137413E-02  0.2179243E-07
 -0.2124712E-02  0.2204319E-07
 -0.2003034E-03  0.2187391E-07
  0.2119167E-02  0.2200896E-07
 -0.1437110E-02  0.2182476E-07
 -0.6277402E-02  0.2149113E-07
 -0.1027109E-02  0.2179837E-07
  0.2248255E-02  0.2199067E-07
 -0.1907848E-03  0.2180125E-07
 -0.4510435E-03  0.2175587E-07
 -0.2978614E-03  0.2172902E-07
  0.2675204E-03  0.2172014E-07
 -0.1272952E-03  0.2172734E-07
 -0.3186154E-03  0.2167500E-07
  0.3018871E-03  0.2166327E-07
  0.5062300E-03  0.2168769E-07
  0.1974542E-03  0.2170219E-07
 -0.5160166E-03  0.2167808E-07
  0.8906474E-04  0.2167582E-07
 -0.1688637E-03  0.2166733E-07
 -0.3378836E-03  0.2162684E-07
  0.2974853E-03  0.2161617E-07
  0.7804809E-05  0.2162763E-07
 -0.3132677E-03  0.2158854E-07
  0.3226151E-03  0.2157532E-07
  0.1838968E-04  0.2158757E-07
 -0.3092611E-03  0.2154883E-07
  0.3246159E-03  0.2153574E-07
  0.1946342E-04  0.2154719E-07
 -0.2975493E-03  0.2150956E-07
  0.3252867E-03  0.2149754E-07
  0.2211027E-04  0.2150951E-07
 -0.2884470E-03  0.2147478E-07
  0.3205442E-03  0.2146260E-07
  0.1646162E-04  0.2147334E-07
 -0.2801724E-03  0.2143996E-07
  0.3275664E-03  0.2143114E-07
 -0.6755510E-04  0.2145183E-07
 -0.3329989E-03  0.2140371E-07
 -0.4328878E-03  0.2133637E-07
  0.1078208E-02  0.2137218E-07
  0.2083585E-03  0.2144695E-07
 -0.4366401E-03  0.2140571E-07
  0.2846894E-03  0.2139159E-07
 -0.9986125E-04  0.2141074E-07
 -0.4346361E-03  0.2138216E-07
  0.1466920E-03  0.2138975E-07
 -0.5920578E-03  0.2140881E-07
 -0.1924269E-03  0.2126077E-07
  0.1035508E-02  0.2128193E-07
  0.2440005E-03  0.2141448E-07
 -0.5818668E-03  0.2133615E-07
  0.8795530E-03  0.2136749E-07
  0.5463264E-04  0.2142433E-07
 -0.3863309E-03  0.2139615E-07
  0.2420838E-03  0.2139894E-07
 -0.5137471E-04  0.2142183E-07
 -0.2529019E-03  0.2140653E-07
  0.3897737E-03  0.2140642E-07
  0.2145627E-03  0.2144960E-07
 -0.4216068E-03  0.2143853E-07
  0.1270312E-03  0.2146199E-07
  0.1444081E-03  0.2149670E-07
 -0.2216420E-04  0.2150881E-07
 -0.3366913E-03  0.2151152E-07
 -0.3441573E-03  0.2148464E-07
  0.2787700E-03  0.2150257E-07
  0.4326857E-04  0.2153994E-07
 -0.5404220E-03  0.2149765E-07
  0.6664476E-03  0.2154906E-07
 -0.2653215E-03  0.2150534E-07
  0.8753913E-04  0.2155679E-07
  0.4250571E-03  0.2151418E-07
  0.3440220E-03  0.2160941E-07
  0.9639299E-04  0.2165632E-07
 -0.2064689E-03  0.2165327E-07
 -0.3316161E-03  0.2163166E-07
  0.2836658E-03  0.2164875E-07
 -0.3574170E-04  0.2169135E-07
 -0.1125214E-03  0.2171265E-07
 -0.6607691E-03  0.2170101E-07
 -0.1382010E-03  0.2157012E-07
  0.6514692E-03  0.2156855E-07
  0.1488418E-02  0.2174249E-07
 -0.1064155E-02  0.2172828E-07
 -0.8485468E-03  0.2166729E-07
  0.2265493E-03  0.2180665E-07
  0.5685246E-03  0.2173517E-07
  0.3106022E-02  0.2190551E-07
  0.4145517E-03  0.2165688E-07
 -0.2955097E-02  0.2208620E-07
  0.1365561E-03  0.2192927E-07
 -0.5659944E-02  0.2203612E-07
  0.1222798E-02  0.2185023E-07
 -0.6879483E-02  0.2153874E-07
 -0.9898950E-03  0.2172319E-07
  0.3340046E-03  0.2196747E-07
  0.3826279E-02  0.2222056E-07
  0.5732927E-03  0.2167377E-07
  0.7528200E-03  0.2161110E-07
 -0.5032161E-03  0.2170150E-07
 -0.7561127E-03  0.2172224E-07
 -0.2035759E-03  0.2175397E-07
 -0.1415718E-03  0.2179343E-07
 -0.1316455E-03  0.2183988E-07
 -0.1391778E-03  0.2188727E-07
 -0.1172989E-03  0.2192384E-07
  0.1868393E-02  0.2195105E-07
 -0.6774026E-02  0.2118244E-07
 -0.2631227E-02  0.2254047E-07
 -0.1960735E-03  0.2214107E-07
  0.1589685E-02  0.2206787E-07
  0.7587291E-03  0.2216752E-07
  0.2362184E-03  0.2175010E-07
 -0.9649860E-03  0.2159678E-07
 -0.1115643E-04  0.2176419E-07
  0.3071324E-02  0.2200136E-07
  0.1765253E-02  0.2196445E-07
 -0.8866093E-04  0.2164681E-07
  0.4299609E-03  0.2163824E-07
 -0.7608552E-03  0.2190516E-07
  0.1150604E-02  0.2251196E-07
 -0.1176656E-01  0.2157369E-07
 -0.3884083E-02  0.2220108E-07
 -0.3112752E-02  0.2198036E-07
 -0.7435169E-03  0.2181530E-07
 -0.7786013E-03  0.2169673E-07
 -0.8559086E-03  0.2167268E-07
  0.1165732E-02  0.2167652E-07
 -0.2053668E-03  0.2158431E-07
  0.2012755E-02  0.2170561E-07
  0.1856377E-02  0.2174339E-07
 -0.2129389E-02  0.2162698E-07
  0.8794639E-03  0.2167091E-07
 -0.5728117E-03  0.2173917E-07
 -0.5641204E-03  0.2156838E-07
  0.1027466E-02  0.2156975E-07
  0.5826769E-04  0.2171699E-07
 -0.9261493E-03  0.2153001E-07
  0.9760157E-03  0.2151758E-07
  0.8396872E-04  0.2167480E-07
 -0.9682528E-03  0.2148607E-07
  0.9799439E-03  0.2147491E-07
  0.7166126E-04  0.2163084E-07
 -0.9632229E-03  0.2144453E-07
  0.9879947E-03  0.2143448E-07
  0.6988985E-04  0.2158960E-07
 -0.9552323E-03  0.2140557E-07
  0.9965433E-03  0.2139688E-07
  0.6706661E-04  0.2154898E-07
 -0.9565060E-03  0.2136687E-07
  0.1106814E-02  0.2136237E-07
 -0.3338205E-03  0.2155407E-07
 -0.1668864E-02  0.2138130E-07
  0.2075267E-02  0.2142196E-07
 -0.1233840E-02  0.2130924E-07
  0.1222473E-02  0.2130906E-07
 -0.3134526E-03  0.2148595E-07
 -0.7664729E-03  0.2128960E-07
  0.1514898E-02  0.2131706E-07
 -0.4231137E-02  0.2171404E-07
 -0.2446800E-04  0.2177780E-07
  0.3448518E-02  0.2153080E-07
 -0.4010560E-03  0.2153113E-07
 -0.1060901E-02  0.2131108E-07
  0.1006469E-02  0.2133314E-07
 -0.1253065E-03  0.2148000E-07
 -0.9271332E-03  0.2134209E-07
  0.7491828E-03  0.2129945E-07
  0.2418667E-02  0.2153845E-07
 -0.1285387E-02  0.2135734E-07
  0.4579648E-03  0.2140815E-07
  0.6005554E-03  0.2155269E-07
  0.2064118E-03  0.2153250E-07
 -0.1079103E-02  0.2156940E-07
 -0.1239445E-04  0.2140093E-07
  0.1232991E-02  0.2144225E-07
 -0.5645953E-03  0.2168045E-07
  0.2179588E-03  0.2189780E-07
  0.1981169E-02  0.2157610E-07
  0.1396591E-02  0.2169829E-07
  0.4258215E-03  0.2176274E-07
 -0.4563689E-03  0.2168725E-07
 -0.3775554E-03  0.2156127E-07
  0.1085452E-02  0.2159993E-07
 -0.2806121E-03  0.2175145E-07
  0.4821726E-03  0.2174908E-07
 -0.3372074E-02  0.2185105E-07
  0.6353300E-02  0.2121457E-07
  0.1151700E-02  0.2171588E-07
 -0.7421815E-03  0.2221588E-07
 -0.2020138E-02  0.2248231E-07
  0.8399871E-03  0.2238145E-07
 -0.1358687E-02  0.2188236E-07
 -0.4824379E-02  0.2222495E-07
  0.4124384E-02  0.2193141E-07
  0.9770201E-03  0.2228771E-07
  0.1728751E-02  0.2181994E-07
 -0.1789627E-03  0.2186662E-07
  0.2042354E-03  0.2222144E-07
  0.9014911E-04  0.2226799E-07
  0.1241541E-03  0.2231122E-07
  0.2875802E-03  0.2235707E-07
  0.2406000E-03  0.2235502E-07
 -0.3239460E-02  0.2209723E-07
 -0.4071984E-02  0.2133151E-07
 -0.8075909E-02  0.2269949E-07
 -0.1641164E-02  0.2254560E-07
  0.2145495E-02  0.2184648E-07
  0.6571857E-02  0.2184836E-07
 -0.4617564E-03  0.2158167E-07
 -0.3241967E-02  0.2200514E-07
 -0.6328424E-02  0.2184144E-07
  0.4888670E-03  0.2187015E-07
  0.4491994E-02  0.2176422E-07
 -0.4429038E-02  0.2201900E-07
  0.1003953E-02  0.2240072E-07
 -0.7393832E-03  0.2138737E-07
 -0.1521554E-02  0.2214466E-07
  0.2465168E-02  0.2163971E-07
  0.1052007E-02  0.2180231E-07
 -0.4094173E-02  0.2191050E-07
 -0.1044889E-01  0.2249736E-07
  0.1503619E-02  0.2114771E-07
  0.4989607E-03  0.2167212E-07
 -0.3983497E-02  0.2182868E-07
  0.5875314E-02  0.2217443E-07
  0.1795327E-03  0.2157486E-07
 -0.7728929E-03  0.2149750E-07
  0.1403441E-01  0.2193263E-07
  0.3706932E-02  0.2193046E-07
  0.2222734E-02  0.2146938E-07
 -0.4543416E-02  0.2113963E-07
 -0.5166955E-03  0.2132266E-07
  0.4195349E-03  0.2128724E-07
  0.8116014E-02  0.2194131E-07
  0.5092247E-03  0.2203288E-07
 -0.4936517E-02  0.2138863E-07
  0.7404486E-02  0.2161837E-07
 -0.6275300E-03  0.2130257E-07
  0.1692903E-02  0.2170688E-07
  0.4471113E-03  0.2135696E-07
  0.2067097E-02  0.2136908E-07
  0.2392594E-02  0.2177834E-07
  0.1930137E-02  0.2159364E-07
  0.4388721E-03  0.2140544E-07
  0.2800111E-03  0.2144744E-07
  0.1439624E-03  0.2149235E-07
  0.2319436E-04  0.2154371E-07
  0.9259519E-03  0.2161699E-07
  0.8112290E-02  0.2195807E-07
  0.1375565E-02  0.2160706E-07
 -0.1610177E-02  0.2169999E-07
  0.1811515E-02  0.2139059E-07
 -0.5694482E-02  0.2126842E-07
 -0.1327493E-01  0.2165408E-07
 -0.1217197E-02  0.2130579E-07
  0.6078774E-02  0.2112215E-07
  0.3389714E-03  0.5591006E-08
  0.1099240E-03  0.5583106E-09
  0.5550779E-04 -0.8266818E-09
  0.3493022E-04 -0.1267973E-08
  0.2505141E-04 -0.1340580E-08
  0.1945936E-04 -0.1258301E-08
  0.1599456E-04 -0.1115043E-08
  0.1343612E-04 -0.9527171E-09
  0.1152160E-04 -0.7923680E-09
  0.1009962E-04 -0.6440382E-09
  0.8839160E-05 -0.5115862E-09
  0.7778689E-05 -0.3957970E-09
  0.6926783E-05 -0.2959121E-09
  0.7996823E-05 -0.2102807E-09
  0.6363331E-05 -0.1379460E-09
  0.5563220E-05 -0.7692786E-10
  0.5148158E-05 -0.2600117E-10
  0.4737341E-05  0.1615391E-10
  0.4333138E-05  0.5106936E-10
  0.3926029E-05  0.8120735E-10
  0.3447598E-05  0.1984427E-10
  0.2710226E-05 -0.5926566E-10
  0.2088301E-05 -0.1526814E-09
  0.6964805E-06 -0.2565418E-09
 -0.3798990E-06 -0.3660145E-09
  0.8481309E-06 -0.4762751E-09
  0.3337389E-05 -0.5820191E-09
 -0.9228597E-06 -0.6795770E-09
 -0.3548460E-05 -0.7645507E-09
 -0.4224543E-05 -0.8330334E-09
 -0.4098451E-05 -0.8819616E-09
 -0.3695214E-05 -0.9091849E-09
 -0.3212834E-05 -0.9135802E-09
 -0.3042534E-05 -0.8949358E-09
 -0.2482922E-05 -0.8540408E-09
 -0.2133122E-05 -0.7927268E-09
 -0.1595899E-05 -0.7136895E-09
 -0.1171191E-05 -0.6203344E-09
 -0.6531026E-06 -0.5167453E-09
 -0.2286454E-06 -0.4074782E-09
  0.4175133E-06 -0.2972805E-09
  0.1035473E-05 -0.1909195E-09
  0.1469299E-05 -0.9310384E-10
  0.1706488E-05 -0.8084532E-11
  0.1944542E-05  0.6039701E-10
  0.2482539E-05  0.1093401E-09
  0.2850693E-05  0.1366057E-09
  0.3421902E-05  0.1409865E-09
  0.3367336E-05  0.1223035E-09
  0.3847843E-05  0.9145859E-10
  0.4599764E-05  0.5647923E-10
  0.5296357E-05  0.1458404E-10
  0.5966047E-05 -0.3597236E-10
  0.6588958E-05 -0.9657606E-10
  0.7111712E-05 -0.1686697E-09
  0.7692885E-05 -0.2536575E-09
  0.8192569E-05 -0.3530648E-09
  0.8975454E-05 -0.4683930E-09
  0.1011024E-04 -0.6003389E-09
  0.1139953E-04 -0.7480986E-09
  0.1287959E-04 -0.9078203E-09
  0.1463542E-04 -0.1069448E-08
  0.1672037E-04 -0.1211673E-08
  0.1931732E-04 -0.1293253E-08
  0.2245665E-04 -0.1218310E-08
  0.2711047E-04 -0.7738674E-09
  0.3264954E-04  0.6148863E-09
  0.2741134E-05  0.5647276E-08
 -0.1114466E-03  0.5680113E-08
 -0.7462806E-04  0.5678732E-08
 -0.1419802E-04  0.5639415E-08
  0.3787545E-04  0.5567301E-08
  0.4919649E-04  0.5465007E-08
 -0.2058115E-05  0.5337290E-08
 -0.3227349E-04  0.5189686E-08
 -0.2677371E-04  0.5029465E-08
 -0.1616540E-04  0.4864866E-08
 -0.1254317E-04  0.4701958E-08
 -0.1609430E-04  0.4547013E-08
 -0.2538041E-04  0.4407790E-08
 -0.3564304E-04  0.4290643E-08
 -0.4101725E-04  0.4199184E-08
 -0.4111823E-04  0.4137663E-08
 -0.3231512E-04  0.4108381E-08
 -0.8657504E-05  0.4113758E-08
  0.1548391E-04  0.4154165E-08
  0.1168549E-05  0.4225498E-08
 -0.6299544E-04  0.4326598E-08
 -0.9042544E-04  0.4451699E-08
 -0.7178613E-04  0.4597607E-08
 -0.6531021E-04  0.4756524E-08
 -0.6771347E-04  0.4919355E-08
 -0.2251043E-04  0.5078724E-08
  0.1101744E-03  0.5226879E-08
  0.2848353E-03  0.5352089E-08
  0.5353729E-03  0.5486169E-08
  0.3808875E-04 -0.1339623E-08
  0.2573666E-04 -0.1411130E-08
  0.1923447E-04 -0.1327618E-08
  0.1518220E-04 -0.1182712E-08
  0.1247180E-04 -0.1019504E-08
  0.1088443E-04 -0.8583675E-09
  0.9297355E-05 -0.7092854E-09
  0.8338686E-05 -0.5761867E-09
  0.6710035E-05 -0.4596788E-09
  0.1434113E-04 -0.3584148E-09
  0.1497886E-04 -0.2720824E-09
  0.2962149E-05 -0.1999856E-09
 -0.9017829E-06 -0.1388044E-09
 -0.1169024E-06 -0.8724495E-10
  0.1858596E-05 -0.4440711E-10
  0.2986797E-05 -0.9337435E-11
  0.2211351E-05 -0.8706093E-10
 -0.6856359E-06 -0.1794101E-09
 -0.6954023E-05 -0.2830574E-09
 -0.1927238E-05 -0.3903227E-09
  0.1633546E-04 -0.4981536E-09
  0.1887033E-04 -0.5993297E-09
  0.1052090E-05 -0.6945469E-09
 -0.1183112E-04 -0.7783172E-09
 -0.1095521E-04 -0.8462728E-09
 -0.7561693E-05 -0.8947811E-09
 -0.5249578E-05 -0.9217241E-09
 -0.4013999E-05 -0.9260542E-09
 -0.3337399E-05 -0.9077438E-09
 -0.2595729E-05 -0.8676116E-09
 -0.2269788E-05 -0.8074093E-09
 -0.1756952E-05 -0.7297359E-09
 -0.1200769E-05 -0.6380204E-09
 -0.7239004E-06 -0.5362762E-09
 -0.3064676E-06 -0.4288900E-09
  0.4304674E-06 -0.3205819E-09
  0.6817589E-06 -0.2161066E-09
  0.1005155E-05 -0.1200141E-09
  0.1574272E-05 -0.3652497E-10
  0.1954621E-05  0.3069902E-10
  0.2669053E-05  0.7875033E-10
  0.3249786E-05  0.1055137E-09
  0.3732977E-05  0.1097994E-09
  0.4192554E-05  0.7484752E-10
  0.4892106E-05  0.3308342E-10
  0.5715406E-05 -0.1726284E-10
  0.6429015E-05 -0.7764061E-10
  0.6805057E-05 -0.1495032E-09
  0.7257199E-05 -0.2342287E-09
  0.7833576E-05 -0.3334119E-09
  0.8328583E-05 -0.4484506E-09
  0.8863391E-05 -0.5801204E-09
  0.9757167E-05 -0.7275475E-09
  0.1074455E-04 -0.8868698E-09
  0.1167738E-04 -0.1048055E-08
  0.1226310E-04 -0.1189955E-08
  0.1212621E-04 -0.1270522E-08
  0.1097195E-04 -0.1195000E-08
  0.6802078E-05 -0.7492266E-09
 -0.9185536E-05  0.6409905E-09
 -0.1044502E-04  0.6371953E-09
  0.3401943E-05  0.6046165E-09
  0.1732453E-04  0.5433319E-09
  0.1889957E-04  0.4570709E-09
  0.4311607E-05  0.3502899E-09
 -0.8696287E-05  0.2264559E-09
 -0.1295155E-04  0.9244289E-10
 -0.1408838E-04 -0.4616205E-10
 -0.1614039E-04 -0.1824483E-09
 -0.1977230E-04 -0.3123301E-09
 -0.2493080E-04 -0.4294216E-09
 -0.2896063E-04 -0.5278387E-09
 -0.3039874E-04 -0.6042603E-09
 -0.2885359E-04 -0.6563715E-09
 -0.2367506E-04 -0.6806182E-09
 -0.1471260E-04 -0.6761989E-09
 -0.8289828E-05 -0.6426477E-09
 -0.1660675E-04 -0.5825497E-09
 -0.3853268E-04 -0.4977835E-09
 -0.5255975E-04 -0.3923040E-09
 -0.5349610E-04 -0.2706364E-09
 -0.5558206E-04 -0.1375604E-09
 -0.5672562E-04  0.4177678E-12
 -0.3531277E-04  0.1344682E-09
  0.2232584E-04  0.2623349E-09
  0.9769475E-04  0.3762365E-09
  0.1463273E-03  0.4766032E-09
  0.6638454E-04 -0.9013025E-09
  0.1893038E-04 -0.1500267E-08
  0.9626413E-05 -0.1105157E-08
  0.9775765E-05 -0.9431995E-09
  0.9765379E-05 -0.7933276E-09
  0.1557212E-04 -0.6593869E-09
  0.2186560E-04 -0.5409289E-09
  0.5231204E-04 -0.4377402E-09
  0.3563856E-05 -0.3522037E-09
 -0.1168512E-04 -0.2791200E-09
 -0.2326007E-04 -0.2195489E-09
 -0.1702239E-04 -0.1677672E-09
 -0.7024839E-05 -0.1234005E-09
 -0.1414187E-04 -0.2173734E-09
  0.2073922E-04 -0.4253936E-09
 -0.1876434E-04 -0.3217401E-09
  0.3304016E-04 -0.5330594E-09
  0.4573581E-04 -0.6326283E-09
  0.1588865E-04 -0.7265918E-09
 -0.2678749E-04 -0.8098888E-09
 -0.2566363E-04 -0.8787384E-09
 -0.1675446E-04 -0.9278452E-09
 -0.1037753E-04 -0.9550778E-09
 -0.5947564E-05 -0.9595782E-09
 -0.4075940E-05 -0.9413273E-09
 -0.2929836E-05 -0.9012174E-09
 -0.2739691E-05 -0.8410516E-09
 -0.1823431E-05 -0.7635045E-09
 -0.1515332E-05 -0.6719325E-09
 -0.7952056E-06 -0.5702686E-09
 -0.4595675E-06 -0.4630371E-09
  0.4819121E-08 -0.3548926E-09
  0.2516847E-06 -0.2505639E-09
  0.6938358E-06 -0.1546244E-09
  0.1316871E-05 -0.7125335E-10
  0.2271619E-05 -0.4090381E-11
  0.2844885E-05  0.4387150E-10
  0.3713483E-05  0.7055337E-10
  0.4011530E-05  0.2882693E-10
  0.5309420E-05 -0.8189948E-10
  0.4507308E-05 -0.2150843E-10
  0.6193402E-05 -0.1537594E-09
  0.6622795E-05 -0.2384897E-09
  0.7042300E-05 -0.3376786E-09
  0.7454400E-05 -0.4526907E-09
  0.7946805E-05 -0.5843025E-09
  0.8310978E-05 -0.7316449E-09
  0.8523136E-05 -0.8908879E-09
  0.8326653E-05 -0.1051917E-08
  0.7742445E-05 -0.1193361E-08
  0.6750967E-05 -0.1273944E-08
  0.4469570E-05 -0.1198576E-08
  0.4921484E-06 -0.7529589E-09
  0.2680643E-05 -0.7841451E-09
  0.6052487E-05 -0.9231607E-09
  0.6246157E-05 -0.8422661E-09
  0.6742404E-06 -0.1023383E-08
 -0.5142411E-05 -0.1139563E-08
 -0.8880167E-05 -0.1265127E-08
 -0.1129027E-04 -0.1395392E-08
 -0.1402470E-04 -0.1523942E-08
 -0.1700708E-04 -0.1646143E-08
 -0.2028868E-04 -0.1756815E-08
 -0.2292957E-04 -0.1850085E-08
 -0.2397584E-04 -0.1921634E-08
 -0.2325869E-04 -0.1969815E-08
 -0.2118553E-04 -0.1992508E-08
 -0.1826679E-04 -0.1988376E-08
 -0.1713044E-04 -0.1957509E-08
 -0.2188605E-04 -0.1900312E-08
 -0.3104731E-04 -0.1821291E-08
 -0.3754173E-04 -0.1721674E-08
 -0.3969392E-04 -0.1607021E-08
 -0.4012734E-04 -0.1482127E-08
 -0.3684057E-04 -0.1352653E-08
 -0.2137907E-04 -0.1225066E-08
  0.1006310E-04 -0.1104350E-08
  0.4640428E-04 -0.9946506E-09
  0.1465108E-04 -0.1415673E-08
  0.1176695E-04 -0.1269380E-08
  0.2752011E-04 -0.1431365E-08
  0.1838153E-04 -0.8925702E-09
  0.1319138E-04 -0.1043435E-08
  0.6042191E-04 -0.6371042E-09
  0.6947840E-05 -0.5348287E-09
 -0.2424572E-04 -0.4459851E-09
 -0.1865378E-04 -0.3715618E-09
 -0.2967357E-04 -0.3122672E-09
 -0.3709234E-04 -0.2631498E-09
  0.7234569E-04 -0.6845551E-09
  0.3779374E-04 -0.7711394E-09
  0.1864103E-04 -0.4682954E-09
  0.4290775E-04 -0.5773785E-09
 -0.1397094E-04 -0.3619969E-09
 -0.5090168E-05 -0.8591469E-09
 -0.4483809E-04 -0.9258785E-09
 -0.3262646E-04 -0.9750888E-09
 -0.2036565E-04 -0.1002533E-08
 -0.8852257E-05 -0.1007141E-08
 -0.5139422E-05 -0.9887978E-09
 -0.3453420E-05 -0.9484603E-09
 -0.3127660E-05 -0.8879791E-09
 -0.2031444E-05 -0.8099483E-09
 -0.1710087E-05 -0.7178174E-09
 -0.1093860E-05 -0.6155961E-09
 -0.9147869E-06 -0.5077392E-09
 -0.7739631E-06 -0.3989515E-09
 -0.4254483E-06 -0.2940072E-09
  0.5480629E-06 -0.1975423E-09
  0.1349030E-05 -0.1137314E-09
  0.2582792E-05 -0.4622478E-10
  0.3656955E-05  0.1984495E-11
  0.5930476E-05 -0.2662937E-09
  0.6125271E-05 -0.3656593E-09
  0.4413730E-05 -0.1091783E-09
  0.5102168E-05 -0.1812455E-09
  0.4003376E-05 -0.4854364E-10
  0.6469943E-05 -0.4809243E-09
  0.6569901E-05 -0.6127012E-09
  0.6375155E-05 -0.7602569E-09
  0.6265080E-05 -0.9197135E-09
  0.5476091E-05 -0.1081086E-08
  0.4414226E-05 -0.1222932E-08
  0.3269139E-05 -0.1305772E-08
  0.2339229E-05 -0.1229596E-08
 -0.4869224E-05 -0.1574284E-08
 -0.7305604E-05 -0.1696430E-08
  0.1244685E-05 -0.1364142E-08
 -0.1455628E-05 -0.1461814E-08
  0.2506603E-05 -0.1285719E-08
 -0.9644841E-05 -0.1822188E-08
 -0.1222222E-04 -0.1946808E-08
 -0.1464391E-04 -0.2065284E-08
 -0.1659382E-04 -0.2171738E-08
 -0.1861502E-04 -0.2262417E-08
 -0.1963792E-04 -0.2332017E-08
 -0.1968425E-04 -0.2378886E-08
 -0.1914142E-04 -0.2400813E-08
 -0.1858845E-04 -0.2396519E-08
 -0.1901413E-04 -0.2366448E-08
 -0.2195796E-04 -0.2311904E-08
 -0.2556927E-04 -0.2234444E-08
 -0.2860316E-04 -0.2137508E-08
 -0.2952485E-04 -0.2026239E-08
 -0.2816746E-04 -0.1905367E-08
 -0.2368332E-04 -0.1779950E-08
 -0.1162436E-04 -0.1655470E-08
  0.7341292E-05 -0.1538042E-08
  0.6305437E-05 -0.1519131E-08
  0.7425846E-05 -0.1371348E-08
  0.5609812E-04 -0.7574164E-09
  0.7034843E-05 -0.1604003E-08
  0.8674187E-05 -0.1206185E-08
  0.4572430E-04 -0.7483583E-09
 -0.4169870E-04 -0.6423593E-09
 -0.3418990E-05 -0.4114848E-09
  0.3899507E-04 -0.9211416E-09
 -0.5861714E-04 -0.9870407E-09
  0.6388076E-04 -0.8417754E-09
  0.1876118E-04 -0.7385325E-09
  0.3377178E-04 -0.5157094E-09
  0.1299028E-04 -0.6295607E-09
  0.5099085E-05 -0.8121717E-09
 -0.2353247E-04 -0.1062809E-08
 -0.8287318E-05 -0.1066578E-08
 -0.5750991E-05 -0.1047922E-08
 -0.4116003E-05 -0.1007189E-08
 -0.3058241E-05 -0.9461462E-09
 -0.2381880E-05 -0.8674489E-09
 -0.1597519E-05 -0.7745143E-09
 -0.1793876E-05 -0.6713783E-09
 -0.1695374E-05 -0.5625729E-09
 -0.1378980E-05 -0.4528755E-09
 -0.7259645E-06 -0.3470867E-09
  0.6137016E-06 -0.2497705E-09
  0.1767252E-05 -0.1652378E-09
  0.2988029E-05 -0.9718305E-10
  0.5804601E-05 -0.5318957E-09
  0.5678359E-05 -0.6641632E-09
  0.5472505E-05 -0.4161845E-09
  0.4242133E-05 -0.3162771E-09
  0.3178948E-05 -0.1582472E-09
  0.3516903E-05 -0.2307993E-09
 -0.1300548E-04 -0.2124338E-08
  0.4104808E-05 -0.9722622E-09
  0.3103468E-05 -0.1134157E-08
  0.2084071E-05 -0.1276958E-08
  0.1673548E-05 -0.1359992E-08
 -0.8574747E-05 -0.1884303E-08
 -0.1097995E-04 -0.2008300E-08
 -0.6522791E-05 -0.1761840E-08
 -0.3713923E-05 -0.1641875E-08
  0.1300569E-06 -0.1437171E-08
 -0.1717884E-05 -0.1532272E-08
 -0.1389716E-04 -0.2228767E-08
 -0.1552916E-04 -0.2316944E-08
 -0.1639130E-04 -0.2385337E-08
 -0.1695655E-04 -0.2431246E-08
 -0.1700910E-04 -0.2452159E-08
 -0.1736111E-04 -0.2448679E-08
 -0.1812312E-04 -0.2418369E-08
 -0.1921743E-04 -0.2364592E-08
 -0.2086665E-04 -0.2289170E-08
 -0.2225210E-04 -0.2195452E-08
 -0.2229194E-04 -0.2085711E-08
 -0.2025350E-04 -0.1966794E-08
 -0.1532109E-04 -0.1843808E-08
 -0.6130190E-05 -0.1721615E-08
  0.3749790E-05 -0.1317984E-08
  0.1556730E-04 -0.8674753E-09
  0.6500327E-06 -0.1484095E-08
 -0.3165005E-04 -0.1035926E-08
 -0.1663645E-05 -0.1632273E-08
  0.1231297E-04 -0.1154842E-08
  0.2575518E-04 -0.4717888E-09
 -0.2935290E-04 -0.5520724E-09
  0.2231405E-04 -0.1003269E-08
 -0.3882654E-04 -0.8638408E-09
 -0.2991652E-04 -0.7550666E-09
  0.5790963E-05 -0.6923433E-09
  0.1640949E-04 -0.9924389E-09
  0.1285300E-04 -0.1062120E-08
  0.9695163E-05 -0.5861936E-09
 -0.1591325E-04 -0.9075263E-09
 -0.2103058E-04 -0.8048841E-09
  0.1421674E-05 -0.1208741E-08
 -0.7736118E-05 -0.1134041E-08
  0.3588813E-05 -0.4869611E-09
 -0.6274015E-05 -0.1118434E-08
 -0.9301686E-05 -0.1137517E-08
 -0.2551634E-05 -0.1015488E-08
 -0.2280046E-05 -0.9359935E-09
 -0.1436607E-05 -0.8421100E-09
 -0.2413238E-05 -0.7379732E-09
 -0.1627088E-05 -0.6281342E-09
 -0.1539670E-05 -0.5173754E-09
 -0.5336073E-06 -0.4105578E-09
  0.8758106E-06 -0.3123329E-09
  0.2408045E-05 -0.2269809E-09
  0.2278505E-05 -0.3001833E-09
 -0.1255911E-04 -0.2027651E-08
  0.4725691E-05 -0.7363959E-09
  0.3815189E-05 -0.6032915E-09
  0.2552360E-05 -0.3863549E-09
 -0.1433495E-04 -0.2218446E-08
  0.4486965E-06 -0.1352756E-08
 -0.4967862E-05 -0.1671291E-08
  0.3193528E-05 -0.1046060E-08
 -0.8997309E-06 -0.1446570E-08
 -0.1392891E-04 -0.2286071E-08
 -0.9913982E-05 -0.1913440E-08
 -0.6367321E-05 -0.1792891E-08
 -0.2242155E-05 -0.1554055E-08
 -0.1221841E-04 -0.2131094E-08
 -0.1471963E-04 -0.2331028E-08
 -0.1483985E-04 -0.2351807E-08
 -0.1553909E-04 -0.2347474E-08
 -0.1584025E-04 -0.2318559E-08
 -0.1621509E-04 -0.2265432E-08
 -0.1716674E-04 -0.2190738E-08
 -0.1810544E-04 -0.2097308E-08
 -0.1784412E-04 -0.1989750E-08
 -0.1536343E-04 -0.1872828E-08
 -0.1009929E-04 -0.1751959E-08
 -0.3980359E-05 -0.1271029E-08
 -0.2129573E-04 -0.9823611E-09
 -0.6651423E-05 -0.1108093E-08
 -0.5455821E-05 -0.1603147E-08
  0.5136035E-05 -0.6616405E-09
 -0.7731806E-05 -0.1118928E-08
 -0.2067129E-05 -0.1436049E-08
 -0.4019420E-05 -0.1077124E-08
  0.4229929E-05 -0.8850422E-09
 -0.1097312E-04 -0.8711517E-09
 -0.1906874E-04 -0.8853627E-09
  0.5271029E-04 -0.1139879E-08
  0.2128895E-05 -0.5748441E-09
 -0.2843816E-05 -0.1158918E-08
  0.1840565E-06 -0.1216133E-08
  0.1911059E-06 -0.1301435E-08
 -0.1195102E-06 -0.9214968E-09
  0.1710986E-05 -0.4733809E-09
  0.3461247E-05 -0.9757845E-09
 -0.5896531E-05 -0.1219973E-08
 -0.8869602E-06 -0.1016294E-08
  0.1475760E-06 -0.7053855E-09
 -0.1706861E-05 -0.5935173E-09
  0.4716628E-06 -0.4856454E-09
  0.1538735E-05 -0.3863968E-09
 -0.1349858E-04 -0.2175430E-08
  0.2900018E-05 -0.8260319E-09
 -0.7072666E-05 -0.1644187E-08
 -0.1140349E-04 -0.1876075E-08
  0.3048617E-05 -0.6921422E-09
 -0.1458271E-04 -0.2191717E-08
 -0.1331335E-04 -0.2130699E-08
 -0.1118469E-04 -0.1977758E-08
 -0.1174311E-04 -0.2196048E-08
 -0.2223569E-05 -0.1524074E-08
 -0.6609454E-05 -0.1763243E-08
  0.2103185E-05 -0.1137652E-08
 -0.3093380E-05 -0.8162777E-09
 -0.5310099E-05 -0.1096564E-08
 -0.1319635E-04 -0.2162546E-08
 -0.1430639E-04 -0.2109816E-08
 -0.1487569E-04 -0.2035750E-08
 -0.1635229E-04 -0.1943814E-08
 -0.1617162E-04 -0.1837983E-08
 -0.1241684E-04 -0.1722780E-08
 -0.1077695E-04 -0.1554436E-08
 -0.4305873E-04 -0.1095372E-08
 -0.2391407E-04 -0.1233732E-08
 -0.7179305E-04 -0.9738790E-09
 -0.5065217E-05 -0.1200633E-08
 -0.1214215E-04 -0.2063818E-08
  0.2488479E-04 -0.7748790E-09
 -0.1115254E-05 -0.1069708E-08
 -0.1685209E-04 -0.1387996E-08
  0.1697365E-06 -0.1408162E-08
  0.2052084E-05 -0.1189754E-08
 -0.4455049E-05 -0.1253624E-08
 -0.1368671E-04 -0.1936559E-08
 -0.1274287E-04 -0.1988776E-08
 -0.1406856E-04 -0.1863118E-08
 -0.1130041E-05 -0.1013829E-08
 -0.1212129E-04 -0.2001933E-08
  0.1628782E-05 -0.1080093E-08
 -0.2906725E-05 -0.1315164E-08
 -0.2479267E-05 -0.1109583E-08
 -0.3243965E-04 -0.9764138E-09
 -0.4952872E-06 -0.7955991E-09
  0.5830582E-06 -0.6826333E-09
 -0.8213528E-05 -0.1705868E-08
  0.1667010E-05 -0.9292451E-09
 -0.1136055E-04 -0.2017807E-08
 -0.1102293E-04 -0.1806474E-08
 -0.3376798E-05 -0.1476420E-08
 -0.1080760E-04 -0.2022220E-08
  0.8650543E-06 -0.7944390E-09
 -0.8393658E-05 -0.1891625E-08
 -0.4338862E-06 -0.1357622E-08
 -0.1940085E-04 -0.1075557E-08
  0.1476644E-05 -0.5735846E-09
 -0.1168929E-04 -0.1957740E-08
 -0.7075925E-05 -0.1594233E-08
  0.6296477E-06 -0.1242897E-08
 -0.1708875E-04 -0.1772337E-08
 -0.1628834E-04 -0.1668315E-08
 -0.3816345E-05 -0.1295696E-08
 -0.2643437E-04 -0.1345039E-08
 -0.4738032E-04 -0.1081961E-08
 -0.3858291E-04 -0.1203342E-08
  0.2379141E-04 -0.1231858E-08
  0.1446437E-05 -0.6759719E-09
  0.2044503E-04 -0.1282661E-08
  0.5478978E-05 -0.1310691E-08
 -0.9529103E-06 -0.9076268E-09
 -0.1958517E-04 -0.1500173E-08
 -0.2444098E-04 -0.1163933E-08
 -0.3276752E-05 -0.1190691E-08
 -0.1891724E-04 -0.1603781E-08
 -0.9835255E-05 -0.1637754E-08
 -0.9212857E-05 -0.1269279E-08
 -0.2835699E-05 -0.1120598E-08
  0.5730660E-07 -0.1041541E-08
  0.3244371E-06 -0.1013367E-08
  0.3182862E-05 -0.1420067E-08
  0.1132446E-04 -0.1391282E-08
 -0.1938992E-05 -0.9002337E-09
  0.2974254E-05 -0.7860872E-09
 -0.4754380E-05 -0.1538135E-08
 -0.1108568E-04 -0.1765605E-08
 -0.8992716E-05 -0.1722070E-08
 -0.8112521E-05 -0.1846614E-08
 -0.6332140E-05 -0.1405334E-08
 -0.1991371E-05 -0.1311142E-08
 -0.1170205E-04 -0.1851260E-08
 -0.3783587E-05 -0.1427648E-08
 -0.6447362E-06 -0.1193548E-08
 -0.3413556E-05 -0.1299317E-08
 -0.2763610E-04 -0.1181934E-08
 -0.6945403E-05 -0.1787466E-08
 -0.8445963E-07 -0.1341722E-08
 -0.9226223E-05 -0.1817699E-08
 -0.3813515E-05 -0.1217332E-08
 -0.6196327E-05 -0.1362823E-08
  0.3289968E-06 -0.9055280E-09
 -0.9391231E-05 -0.1831164E-08
 -0.2365674E-04 -0.1306582E-08
 -0.6575088E-06 -0.1424464E-08
 -0.1671382E-04 -0.1693496E-08
 -0.2220310E-04 -0.1445668E-08
 -0.5273271E-05 -0.1481345E-08
 -0.5835744E-05 -0.1659221E-08
 -0.1642449E-04 -0.1536020E-08
 -0.5813587E-05 -0.1423728E-08
 -0.5610830E-06 -0.1135054E-08
  0.3836097E-06 -0.1545362E-08
 -0.5244494E-04 -0.9865507E-09
 -0.8713077E-05 -0.1607840E-08
 -0.7560398E-05 -0.1564868E-08
 -0.5124547E-05 -0.1687954E-08
  0.1256330E-05 -0.1020732E-08
 -0.1437983E-04 -0.1395118E-08
 -0.5339127E-05 -0.1550336E-08
 -0.7086875E-05 -0.1692630E-08
 -0.1734624E-05 -0.1157926E-08
 -0.5019432E-05 -0.1243350E-08
 -0.7472843E-05 -0.1629636E-08
 -0.5535737E-05 -0.1530664E-08
 -0.3395978E-05 -0.1382722E-08
 -0.2446292E-05 -0.1273338E-08
 -0.6685155E-05 -0.1672842E-08
 -0.7744995E-05 -0.1488004E-08
 -0.4550275E-05 -0.1340978E-08
 -0.4740056E-05 -0.1465380E-08
  0.1348339E-05 -0.1516891E-08
  0.1016250E-03 -0.2906876E-07
 -0.3298353E-01 -0.3119172E-07
  0.3331701E-01 -0.2774203E-07
  0.1493407E-03 -0.2911007E-07
  0.2714903E-03 -0.2974072E-07
  0.1076387E-03 -0.2983379E-07
  0.6711520E-04 -0.2985959E-07
  0.5136895E-04 -0.2988169E-07
  0.4816082E-04 -0.2990249E-07
  0.4742926E-04 -0.2992380E-07
  0.4382954E-04 -0.2994533E-07
  0.3942799E-04 -0.2996773E-07
  0.3332223E-04 -0.2999017E-07
  0.2502944E-04 -0.3001330E-07
  0.1734335E-04 -0.3003734E-07
  0.1284489E-04 -0.3006157E-07
  0.8922955E-05 -0.3008601E-07
  0.6405441E-05 -0.3011037E-07
  0.9571761E-05 -0.3013525E-07
  0.7455975E-05 -0.3015910E-07
 -0.4205844E-05 -0.3018183E-07
 -0.3548055E-04 -0.3020133E-07
 -0.1794048E-03 -0.3015415E-07
 -0.3948188E-04 -0.2957110E-07
  0.4195424E-04 -0.2906608E-07
  0.5488491E-04 -0.2960741E-07
 -0.3305586E-01 -0.3118661E-07
  0.7332858E-04 -0.2965922E-07
 -0.2153932E-04 -0.2905913E-07
  0.8515874E-04 -0.2970551E-07
 -0.3300691E-01 -0.3118279E-07
  0.8461165E-04 -0.2974027E-07
 -0.4101664E-05 -0.2905516E-07
  0.8482313E-04 -0.2976207E-07
 -0.3297714E-01 -0.3120439E-07
  0.9018189E-04 -0.2976755E-07
  0.3670250E-04 -0.2907172E-07
  0.8739728E-04 -0.2975642E-07
 -0.3295865E-01 -0.3124045E-07
  0.7968943E-04 -0.2973242E-07
  0.5487906E-04 -0.2910628E-07
  0.7940603E-04 -0.2969549E-07
 -0.3296523E-01 -0.3128527E-07
  0.7945739E-04 -0.2964642E-07
  0.5636626E-04 -0.2915016E-07
  0.7916170E-04 -0.2958721E-07
 -0.3298039E-01 -0.3133844E-07
  0.8172845E-04 -0.2952148E-07
  0.4199348E-04 -0.2920097E-07
  0.7813571E-04 -0.2945164E-07
 -0.3298344E-01 -0.3140180E-07
  0.6842503E-04 -0.2937936E-07
  0.3192733E-04 -0.2926292E-07
  0.6563598E-04 -0.2930792E-07
 -0.3298037E-01 -0.3147154E-07
  0.6939594E-04 -0.2924053E-07
  0.3209054E-04 -0.2933195E-07
  0.7564799E-04 -0.2918262E-07
 -0.3297803E-01 -0.3154345E-07
  0.8717110E-04 -0.2913347E-07
  0.3719833E-04 -0.2940403E-07
  0.8460336E-04 -0.2909307E-07
 -0.3297177E-01 -0.3161417E-07
  0.5693983E-04 -0.2906367E-07
  0.4016734E-04 -0.2947608E-07
  0.1214668E-04 -0.2905523E-07
 -0.3296721E-01 -0.3168156E-07
  0.3856006E-04 -0.2906129E-07
  0.4199625E-04 -0.2954482E-07
  0.8918953E-04 -0.2906740E-07
  0.9292314E-04 -0.2906948E-07
 -0.3332576E-01 -0.3155509E-07
 -0.3296699E-01 -0.3174290E-07
  0.3312660E-01 -0.2837390E-07
  0.4550084E-04 -0.2960893E-07
  0.3313395E-01 -0.2842351E-07
 -0.3296661E-01 -0.3179554E-07
  0.3314466E-01 -0.2846477E-07
  0.4571166E-04 -0.2966471E-07
  0.3314796E-01 -0.2849463E-07
 -0.3297129E-01 -0.3183625E-07
  0.3314907E-01 -0.2851010E-07
  0.4584241E-04 -0.2971026E-07
  0.3315253E-01 -0.2850860E-07
 -0.3296633E-01 -0.3186350E-07
  0.3314513E-01 -0.2849221E-07
  0.4742170E-04 -0.2974312E-07
  0.3313870E-01 -0.2846298E-07
 -0.3295885E-01 -0.3187755E-07
  0.3314169E-01 -0.2842118E-07
  0.5425515E-04 -0.2976206E-07
  0.3314147E-01 -0.2836830E-07
 -0.3296229E-01 -0.3187622E-07
  0.3314139E-01 -0.2830645E-07
  0.5635778E-04 -0.2976784E-07
  0.3313667E-01 -0.2823904E-07
 -0.3296540E-01 -0.3185918E-07
  0.3313157E-01 -0.2816845E-07
  0.5215599E-04 -0.2975741E-07
  0.3312954E-01 -0.2809542E-07
 -0.3296836E-01 -0.3182603E-07
  0.3312684E-01 -0.2802503E-07
  0.5646996E-04 -0.2973078E-07
  0.3313009E-01 -0.2796007E-07
 -0.3297822E-01 -0.3178174E-07
  0.3314500E-01 -0.2790482E-07
  0.4961479E-04 -0.2969152E-07
  0.3315393E-01 -0.2785803E-07
 -0.3298977E-01 -0.3173171E-07
  0.3313767E-01 -0.2782007E-07
  0.3404433E-04 -0.2964378E-07
  0.3311094E-01 -0.2779501E-07
 -0.3305684E-01 -0.3167860E-07
  0.3306441E-01 -0.2779128E-07
  0.1154212E-04 -0.2959077E-07
  0.3312184E-01 -0.2779944E-07
  0.1048821E-03 -0.2908232E-07
  0.3310353E-01 -0.2832374E-07
  0.8860990E-04 -0.2907192E-07
  0.0000000E+00  0.0000000E+00
  0.0000000E+00  0.0000000E+00
  0.0000000E+00  0.0000000E+00
  0.0000000E+00  0.0000000E+00
  0.0000000E+00  0.0000000E+00
  0.0000000E+00  0.0000000E+00
  0.0000000E+00  0.0000000E+00
  0.0000000E+00  0.0000000E+00
  0.0000000E+00  0.0000000E+00
  0.0000000E+00  0.0000000E+00
  0.0000000E+00  0.0000000E+00
  0.0000000E+00  0.0000000E+00
  0.0000000E+00  0.0000000E+00
  0.0000000E+00  0.0000000E+00
  0.0000000E+00  0.0000000E+00
  0.0000000E+00  0.0000000E+00
  0.0000000E+00  0.0000000E+00
  0.0000000E+00  0.0000000E+00
  0.0000000E+00  0.0000000E+00
  0.0000000E+00  0.0000000E+00
  0.0000000E+00  0.0000000E+00
  0.0000000E+00  0.0000000E+00
  0.0000000E+00  0.0000000E+00
  0.0000000E+00  0.0000000E+00
  0.0000000E+00  0.0000000E+00
  0.0000000E+00  0.0000000E+00
  0.0000000E+00  0.0000000E+00
  0.0000000E+00  0.0000000E+00
  0.0000000E+00  0.0000000E+00
  0.0000000E+00  0.0000000E+00
  0.0000000E+00  0.0000000E+00
  0.0000000E+00  0.0000000E+00
  0.0000000E+00  0.0000000E+00
  0.0000000E+00  0.0000000E+00
  0.0000000E+00  0.0000000E+00
  0.0000000E+00  0.0000000E+00
  0.0000000E+00  0.0000000E+00
  0.0000000E+00  0.0000000E+00
  0.0000000E+00  0.0000000E+00
  0.0000000E+00  0.0000000E+00
  0.0000000E+00  0.0000000E+00
  0.0000000E+00  0.0000000E+00
  0.0000000E+00  0.0000000E+00
  0.0000000E+00  0.0000000E+00
  0.0000000E+00  0.0000000E+00
  0.0000000E+00  0.0000000E+00
  0.0000000E+00  0.0000000E+00
  0.0000000E+00  0.0000000E+00
  0.0000000E+00  0.0000000E+00
  0.0000000E+00  0.0000000E+00
  0.0000000E+00  0.0000000E+00
  0.0000000E+00  0.0000000E+00
  0.0000000E+00  0.0000000E+00
  0.0000000E+00  0.0000000E+00
  0.0000000E+00  0.0000000E+00
  0.0000000E+00  0.0000000E+00
  0.0000000E+00  0.0000000E+00
  0.0000000E+00  0.0000000E+00
  0.0000000E+00  0.0000000E+00
  0.0000000E+00  0.0000000E+00
  0.0000000E+00  0.0000000E+00
  0.0000000E+00  0.0000000E+00
  0.0000000E+00  0.0000000E+00
  0.0000000E+00  0.0000000E+00
  0.0000000E+00  0.0000000E+00
  0.0000000E+00  0.0000000E+00
  0.0000000E+00  0.0000000E+00
  0.0000000E+00  0.0000000E+00
  0.0000000E+00  0.0000000E+00
  0.0000000E+00  0.0000000E+00
  0.0000000E+00  0.0000000E+00
  0.0000000E+00  0.0000000E+00
  0.0000000E+00  0.0000000E+00
  0.0000000E+00  0.0000000E+00
  0.0000000E+00  0.0000000E+00
  0.0000000E+00  0.0000000E+00
  0.0000000E+00  0.0000000E+00
  0.0000000E+00  0.0000000E+00
  0.0000000E+00  0.0000000E+00
  0.0000000E+00  0.0000000E+00
  0.0000000E+00  0.0000000E+00
  0.0000000E+00  0.0000000E+00
  0.0000000E+00  0.0000000E+00
  0.0000000E+00  0.0000000E+00
  0.0000000E+00  0.0000000E+00
  0.0000000E+00  0.0000000E+00
  0.0000000E+00  0.0000000E+00
  0.0000000E+00  0.0000000E+00
  0.0000000E+00  0.0000000E+00
  0.0000000E+00  0.0000000E+00
  0.0000000E+00  0.0000000E+00
  0.0000000E+00  0.0000000E+00
  0.0000000E+00  0.0000000E+00
  0.0000000E+00  0.0000000E+00
  0.0000000E+00  0.0000000E+00
  0.0000000E+00  0.0000000E+00
  0.0000000E+00  0.0000000E+00
  0.0000000E+00  0.0000000E+00
  0.0000000E+00  0.0000000E+00
  0.0000000E+00  0.0000000E+00
  0.0000000E+00  0.0000000E+00
  0.0000000E+00  0.0000000E+00
  0.0000000E+00  0.0000000E+00
  0.0000000E+00  0.0000000E+00
  0.0000000E+00  0.0000000E+00
  0.0000000E+00  0.0000000E+00
  0.0000000E+00  0.0000000E+00
  0.0000000E+00  0.0000000E+00
  0.0000000E+00  0.0000000E+00
  0.0000000E+00  0.0000000E+00
  0.0000000E+00  0.0000000E+00
  0.0000000E+00  0.0000000E+00
  0.0000000E+00  0.0000000E+00
  0.0000000E+00  0.0000000E+00
  0.0000000E+00  0.0000000E+00
  0.0000000E+00  0.0000000E+00
  0.0000000E+00  0.0000000E+00
  0.0000000E+00  0.0000000E+00
  0.0000000E+00  0.0000000E+00
  0.0000000E+00  0.0000000E+00
  0.0000000E+00  0.0000000E+00
  0.0000000E+00  0.0000000E+00
  0.0000000E+00  0.0000000E+00
  0.0000000E+00  0.0000000E+00
  0.0000000E+00  0.0000000E+00
  0.0000000E+00  0.0000000E+00
  0.0000000E+00  0.0000000E+00
  0.0000000E+00  0.0000000E+00
  0.0000000E+00  0.0000000E+00
  0.0000000E+00  0.0000000E+00
  0.0000000E+00  0.0000000E+00
  0.0000000E+00  0.0000000E+00
  0.0000000E+00  0.0000000E+00
  0.0000000E+00  0.0000000E+00
  0.0000000E+00  0.0000000E+00
  0.0000000E+00  0.0000000E+00
  0.0000000E+00  0.0000000E+00
  0.0000000E+00  0.0000000E+00
  0.0000000E+00  0.0000000E+00
  0.0000000E+00  0.0000000E+00
  0.0000000E+00  0.0000000E+00
  0.0000000E+00  0.0000000E+00
  0.0000000E+00  0.0000000E+00
  0.0000000E+00  0.0000000E+00
  0.0000000E+00  0.0000000E+00
  0.0000000E+00  0.0000000E+00
  0.0000000E+00  0.0000000E+00
  0.0000000E+00  0.0000000E+00
  0.0000000E+00  0.0000000E+00
  0.0000000E+00  0.0000000E+00
  0.0000000E+00  0.0000000E+00
  0.0000000E+00  0.0000000E+00
  0.0000000E+00  0.0000000E+00
  0.0000000E+00  0.0000000E+00
  0.0000000E+00  0.0000000E+00
  0.0000000E+00  0.0000000E+00
  0.0000000E+00  0.0000000E+00
  0.0000000E+00  0.0000000E+00
  0.0000000E+00  0.0000000E+00
  0.0000000E+00  0.0000000E+00
  0.0000000E+00  0.0000000E+00
  0.0000000E+00  0.0000000E+00
  0.0000000E+00  0.0000000E+00
  0.0000000E+00  0.0000000E+00
  0.0000000E+00  0.0000000E+00
  0.0000000E+00  0.0000000E+00
  0.0000000E+00  0.0000000E+00
  0.0000000E+00  0.0000000E+00
  0.0000000E+00  0.0000000E+00
  0.0000000E+00  0.0000000E+00
  0.0000000E+00  0.0000000E+00
  0.0000000E+00  0.0000000E+00
  0.0000000E+00  0.0000000E+00
  0.0000000E+00  0.0000000E+00
  0.0000000E+00  0.0000000E+00
  0.0000000E+00  0.0000000E+00
  0.0000000E+00  0.0000000E+00
  0.0000000E+00  0.0000000E+00
  0.0000000E+00  0.0000000E+00
  0.0000000E+00  0.0000000E+00
  0.0000000E+00  0.0000000E+00
  0.0000000E+00  0.0000000E+00
  0.0000000E+00  0.0000000E+00
  0.0000000E+00  0.0000000E+00
  0.0000000E+00  0.0000000E+00
  0.0000000E+00  0.0000000E+00
  0.0000000E+00  0.0000000E+00
  0.0000000E+00  0.0000000E+00
  0.0000000E+00  0.0000000E+00
  0.0000000E+00  0.0000000E+00
  0.0000000E+00  0.0000000E+00
  0.0000000E+00  0.0000000E+00
  0.0000000E+00  0.0000000E+00
  0.0000000E+00  0.0000000E+00
  0.0000000E+00  0.0000000E+00
  0.0000000E+00  0.0000000E+00
  0.0000000E+00  0.0000000E+00
  0.0000000E+00  0.0000000E+00
  0.0000000E+00  0.0000000E+00
  0.0000000E+00  0.0000000E+00
  0.0000000E+00  0.0000000E+00
  0.0000000E+00  0.0000000E+00
  0.0000000E+00  0.0000000E+00
  0.0000000E+00  0.0000000E+00
  0.0000000E+00  0.0000000E+00
  0.0000000E+00  0.0000000E+00
  0.0000000E+00  0.0000000E+00
  0.0000000E+00  0.0000000E+00
  0.0000000E+00  0.0000000E+00
  0.0000000E+00  0.0000000E+00
  0.0000000E+00  0.0000000E+00
  0.0000000E+00  0.0000000E+00
  0.0000000E+00  0.0000000E+00
  0.0000000E+00  0.0000000E+00
  0.0000000E+00  0.0000000E+00
  0.0000000E+00  0.0000000E+00
  0.0000000E+00  0.0000000E+00
  0.0000000E+00  0.0000000E+00
  0.0000000E+00  0.0000000E+00
  0.0000000E+00  0.0000000E+00
  0.0000000E+00  0.0000000E+00
  0.0000000E+00  0.0000000E+00
  0.0000000E+00  0.0000000E+00
  0.0000000E+00  0.0000000E+00
  0.0000000E+00  0.0000000E+00
  0.0000000E+00  0.0000000E+00
  0.0000000E+00  0.0000000E+00
  0.0000000E+00  0.0000000E+00
  0.0000000E+00  0.0000000E+00
  0.0000000E+00  0.0000000E+00
  0.0000000E+00  0.0000000E+00
  0.0000000E+00  0.0000000E+00
  0.0000000E+00  0.0000000E+00
  0.0000000E+00  0.0000000E+00
  0.0000000E+00  0.0000000E+00
  0.0000000E+00  0.0000000E+00
  0.0000000E+00  0.0000000E+00
  0.0000000E+00  0.0000000E+00
  0.0000000E+00  0.0000000E+00
  0.0000000E+00  0.0000000E+00
  0.0000000E+00  0.0000000E+00
  0.0000000E+00  0.0000000E+00
  0.0000000E+00  0.0000000E+00
  0.0000000E+00  0.0000000E+00
  0.0000000E+00  0.0000000E+00
  0.0000000E+00  0.0000000E+00
  0.0000000E+00  0.0000000E+00
  0.0000000E+00  0.0000000E+00
  0.0000000E+00  0.0000000E+00
  0.0000000E+00  0.0000000E+00
  0.0000000E+00  0.0000000E+00
  0.0000000E+00  0.0000000E+00
  0.0000000E+00  0.0000000E+00
  0.0000000E+00  0.0000000E+00
  0.0000000E+00  0.0000000E+00
  0.0000000E+00  0.0000000E+00
  0.0000000E+00  0.0000000E+00
  0.0000000E+00  0.0000000E+00
  0.0000000E+00  0.0000000E+00
  0.0000000E+00  0.0000000E+00
  0.0000000E+00  0.0000000E+00
  0.0000000E+00  0.0000000E+00
  0.0000000E+00  0.0000000E+00
  0.0000000E+00  0.0000000E+00
  0.0000000E+00  0.0000000E+00
  0.0000000E+00  0.0000000E+00
  0.0000000E+00  0.0000000E+00
  0.0000000E+00  0.0000000E+00
  0.0000000E+00  0.0000000E+00
  0.0000000E+00  0.0000000E+00
  0.0000000E+00  0.0000000E+00
  0.0000000E+00  0.0000000E+00
  0.0000000E+00  0.0000000E+00
  0.0000000E+00  0.0000000E+00
  0.0000000E+00  0.0000000E+00
  0.0000000E+00  0.0000000E+00
  0.0000000E+00  0.0000000E+00
  0.0000000E+00  0.0000000E+00
  0.0000000E+00  0.0000000E+00
  0.0000000E+00  0.0000000E+00
  0.0000000E+00  0.0000000E+00
  0.0000000E+00  0.0000000E+00
  0.0000000E+00  0.0000000E+00
  0.0000000E+00  0.0000000E+00
  0.0000000E+00  0.0000000E+00
  0.0000000E+00  0.0000000E+00
  0.0000000E+00  0.0000000E+00
  0.0000000E+00  0.0000000E+00
  0.0000000E+00  0.0000000E+00
  0.0000000E+00  0.0000000E+00
  0.0000000E+00  0.0000000E+00
  0.0000000E+00  0.0000000E+00
  0.0000000E+00  0.0000000E+00
  0.0000000E+00  0.0000000E+00
  0.0000000E+00  0.0000000E+00
  0.0000000E+00  0.0000000E+00
  0.0000000E+00  0.0000000E+00
  0.0000000E+00  0.0000000E+00
  0.0000000E+00  0.0000000E+00
  0.0000000E+00  0.0000000E+00
  0.0000000E+00  0.0000000E+00
  0.0000000E+00  0.0000000E+00
  0.0000000E+00  0.0000000E+00
  0.0000000E+00  0.0000000E+00
  0.0000000E+00  0.0000000E+00
  0.0000000E+00  0.0000000E+00
  0.0000000E+00  0.0000000E+00
  0.0000000E+00  0.0000000E+00
  0.0000000E+00  0.0000000E+00
  0.0000000E+00  0.0000000E+00
  0.0000000E+00  0.0000000E+00
  0.0000000E+00  0.0000000E+00
  0.0000000E+00  0.0000000E+00
  0.0000000E+00  0.0000000E+00
  0.0000000E+00  0.0000000E+00
  0.0000000E+00  0.0000000E+00
  0.0000000E+00  0.0000000E+00
  0.0000000E+00  0.0000000E+00
  0.0000000E+00  0.0000000E+00
  0.0000000E+00  0.0000000E+00
  0.0000000E+00  0.0000000E+00
  0.0000000E+00  0.0000000E+00
  0.0000000E+00  0.0000000E+00
  0.0000000E+00  0.0000000E+00
  0.0000000E+00  0.0000000E+00
  0.0000000E+00  0.0000000E+00
  0.0000000E+00  0.0000000E+00
  0.0000000E+00  0.0000000E+00
  0.0000000E+00  0.0000000E+00
  0.0000000E+00  0.0000000E+00
  0.0000000E+00  0.0000000E+00
  0.0000000E+00  0.0000000E+00
  0.0000000E+00  0.0000000E+00
  0.0000000E+00  0.0000000E+00
  0.0000000E+00  0.0000000E+00
  0.0000000E+00  0.0000000E+00
  0.0000000E+00  0.0000000E+00
  0.0000000E+00  0.0000000E+00
  0.0000000E+00  0.0000000E+00
  0.0000000E+00  0.0000000E+00
  0.0000000E+00  0.0000000E+00
  0.0000000E+00  0.0000000E+00
  0.0000000E+00  0.0000000E+00
  0.0000000E+00  0.0000000E+00
  0.0000000E+00  0.0000000E+00
  0.0000000E+00  0.0000000E+00
  0.0000000E+00  0.0000000E+00
  0.0000000E+00  0.0000000E+00
  0.0000000E+00  0.0000000E+00
  0.0000000E+00  0.0000000E+00
  0.0000000E+00  0.0000000E+00
  0.0000000E+00  0.0000000E+00
  0.0000000E+00  0.0000000E+00
  0.0000000E+00  0.0000000E+00
  0.0000000E+00  0.0000000E+00
  0.0000000E+00  0.0000000E+00
  0.0000000E+00  0.0000000E+00
  0.0000000E+00  0.0000000E+00
  0.0000000E+00  0.0000000E+00
  0.0000000E+00  0.0000000E+00
  0.0000000E+00  0.0000000E+00
  0.0000000E+00  0.0000000E+00
  0.0000000E+00  0.0000000E+00
  0.0000000E+00  0.0000000E+00
  0.0000000E+00  0.0000000E+00
  0.0000000E+00  0.0000000E+00
  0.0000000E+00  0.0000000E+00
  0.0000000E+00  0.0000000E+00
  0.0000000E+00  0.0000000E+00
  0.0000000E+00  0.0000000E+00
  0.0000000E+00  0.0000000E+00
  0.0000000E+00  0.0000000E+00
  0.0000000E+00  0.0000000E+00
  0.0000000E+00  0.0000000E+00
  0.0000000E+00  0.0000000E+00
  0.0000000E+00  0.0000000E+00
  0.0000000E+00  0.0000000E+00
  0.0000000E+00  0.0000000E+00
  0.0000000E+00  0.0000000E+00
  0.0000000E+00  0.0000000E+00
  0.0000000E+00  0.0000000E+00
  0.0000000E+00  0.0000000E+00
  0.0000000E+00  0.0000000E+00
  0.0000000E+00  0.0000000E+00
  0.0000000E+00  0.0000000E+00
  0.0000000E+00  0.0000000E+00
  0.0000000E+00  0.0000000E+00
  0.0000000E+00  0.0000000E+00
  0.0000000E+00  0.0000000E+00
  0.0000000E+00  0.0000000E+00
  0.0000000E+00  0.0000000E+00
  0.0000000E+00  0.0000000E+00
  0.0000000E+00  0.0000000E+00
  0.0000000E+00  0.0000000E+00
  0.0000000E+00  0.0000000E+00
  0.0000000E+00  0.0000000E+00
  0.0000000E+00  0.0000000E+00
  0.0000000E+00  0.0000000E+00
  0.0000000E+00  0.0000000E+00
  0.0000000E+00  0.0000000E+00
  0.0000000E+00  0.0000000E+00
  0.0000000E+00  0.0000000E+00
  0.0000000E+00  0.0000000E+00
  0.0000000E+00  0.0000000E+00
  0.0000000E+00  0.0000000E+00
  0.0000000E+00  0.0000000E+00
  0.0000000E+00  0.0000000E+00
  0.0000000E+00  0.0000000E+00
  0.0000000E+00  0.0000000E+00
  0.0000000E+00  0.0000000E+00
  0.0000000E+00  0.0000000E+00
  0.0000000E+00  0.0000000E+00
  0.0000000E+00  0.0000000E+00
  0.0000000E+00  0.0000000E+00
  0.0000000E+00  0.0000000E+00
  0.0000000E+00  0.0000000E+00
  0.0000000E+00  0.0000000E+00
  0.0000000E+00  0.0000000E+00
  0.0000000E+00  0.0000000E+00
  0.0000000E+00  0.0000000E+00
  0.0000000E+00  0.0000000E+00
  0.0000000E+00  0.0000000E+00
  0.0000000E+00  0.0000000E+00
  0.0000000E+00  0.0000000E+00
  0.0000000E+00  0.0000000E+00
  0.0000000E+00  0.0000000E+00
  0.0000000E+00  0.0000000E+00
  0.0000000E+00  0.0000000E+00
  0.0000000E+00  0.0000000E+00
  0.0000000E+00  0.0000000E+00
  0.0000000E+00  0.0000000E+00
  0.0000000E+00  0.0000000E+00
  0.0000000E+00  0.0000000E+00
  0.0000000E+00  0.0000000E+00
  0.0000000E+00  0.0000000E+00
  0.0000000E+00  0.0000000E+00
  0.0000000E+00  0.0000000E+00
  0.0000000E+00  0.0000000E+00
  0.0000000E+00  0.0000000E+00
  0.0000000E+00  0.0000000E+00
  0.0000000E+00  0.0000000E+00
  0.0000000E+00  0.0000000E+00
  0.0000000E+00  0.0000000E+00
  0.0000000E+00  0.0000000E+00
  0.0000000E+00  0.0000000E+00
  0.0000000E+00  0.0000000E+00
  0.0000000E+00  0.0000000E+00
  0.0000000E+00  0.0000000E+00
  0.0000000E+00  0.0000000E+00
  0.0000000E+00  0.0000000E+00
  0.0000000E+00  0.0000000E+00
  0.0000000E+00  0.0000000E+00
  0.0000000E+00  0.0000000E+00
  0.0000000E+00  0.0000000E+00
  0.0000000E+00  0.0000000E+00
  0.0000000E+00  0.0000000E+00
  0.0000000E+00  0.0000000E+00
  0.0000000E+00  0.0000000E+00
  0.0000000E+00  0.0000000E+00
  0.0000000E+00  0.0000000E+00
  0.0000000E+00  0.0000000E+00
  0.0000000E+00  0.0000000E+00
  0.0000000E+00  0.0000000E+00
  0.0000000E+00  0.0000000E+00
  0.0000000E+00  0.0000000E+00
  0.0000000E+00  0.0000000E+00
  0.0000000E+00  0.0000000E+00
  0.0000000E+00  0.0000000E+00
  0.0000000E+00  0.0000000E+00
  0.0000000E+00  0.0000000E+00
  0.0000000E+00  0.0000000E+00
  0.0000000E+00  0.0000000E+00
  0.0000000E+00  0.0000000E+00
  0.0000000E+00  0.0000000E+00
  0.0000000E+00  0.0000000E+00
  0.0000000E+00  0.0000000E+00
  0.0000000E+00  0.0000000E+00
  0.0000000E+00  0.0000000E+00
  0.0000000E+00  0.0000000E+00
  0.0000000E+00  0.0000000E+00
  0.0000000E+00  0.0000000E+00
  0.0000000E+00  0.0000000E+00
  0.0000000E+00  0.0000000E+00
  0.0000000E+00  0.0000000E+00
  0.0000000E+00  0.0000000E+00
  0.0000000E+00  0.0000000E+00
  0.0000000E+00  0.0000000E+00
  0.0000000E+00  0.0000000E+00
  0.0000000E+00  0.0000000E+00
  0.0000000E+00  0.0000000E+00
  0.0000000E+00  0.0000000E+00
  0.0000000E+00  0.0000000E+00
  0.0000000E+00  0.0000000E+00
  0.0000000E+00  0.0000000E+00
  0.0000000E+00  0.0000000E+00
  0.0000000E+00  0.0000000E+00
  0.0000000E+00  0.0000000E+00
  0.0000000E+00  0.0000000E+00
  0.0000000E+00  0.0000000E+00
  0.0000000E+00  0.0000000E+00
  0.0000000E+00  0.0000000E+00
  0.0000000E+00  0.0000000E+00
  0.0000000E+00  0.0000000E+00
  0.0000000E+00  0.0000000E+00
  0.0000000E+00  0.0000000E+00
  0.0000000E+00  0.0000000E+00
  0.0000000E+00  0.0000000E+00
  0.0000000E+00  0.0000000E+00
  0.0000000E+00  0.0000000E+00
  0.0000000E+00  0.0000000E+00
  0.0000000E+00  0.0000000E+00
  0.0000000E+00  0.0000000E+00
  0.0000000E+00  0.0000000E+00
  0.0000000E+00  0.0000000E+00
  0.0000000E+00  0.0000000E+00
  0.0000000E+00  0.0000000E+00
  0.0000000E+00  0.0000000E+00
  0.0000000E+00  0.0000000E+00
  0.0000000E+00  0.0000000E+00
  0.0000000E+00  0.0000000E+00
  0.0000000E+00  0.0000000E+00
  0.0000000E+00  0.0000000E+00
  0.0000000E+00  0.0000000E+00
  0.0000000E+00  0.0000000E+00
  0.0000000E+00  0.0000000E+00
  0.0000000E+00  0.0000000E+00
  0.0000000E+00  0.0000000E+00
  0.0000000E+00  0.0000000E+00
  0.0000000E+00  0.0000000E+00
  0.0000000E+00  0.0000000E+00
  0.0000000E+00  0.0000000E+00
  0.0000000E+00  0.0000000E+00
  0.0000000E+00  0.0000000E+00
  0.0000000E+00  0.0000000E+00
  0.0000000E+00  0.0000000E+00
  0.0000000E+00  0.0000000E+00
  0.0000000E+00  0.0000000E+00
  0.0000000E+00  0.0000000E+00
  0.0000000E+00  0.0000000E+00
  0.0000000E+00  0.0000000E+00
  0.0000000E+00  0.0000000E+00
  0.0000000E+00  0.0000000E+00
  0.0000000E+00  0.0000000E+00
  0.0000000E+00  0.0000000E+00
  0.0000000E+00  0.0000000E+00
  0.0000000E+00  0.0000000E+00
  0.0000000E+00  0.0000000E+00
  0.0000000E+00  0.0000000E+00
  0.0000000E+00  0.0000000E+00
  0.0000000E+00  0.0000000E+00
  0.0000000E+00  0.0000000E+00
  0.0000000E+00  0.0000000E+00
  0.0000000E+00  0.0000000E+00
  0.0000000E+00  0.0000000E+00
  0.0000000E+00  0.0000000E+00
  0.0000000E+00  0.0000000E+00
  0.0000000E+00  0.0000000E+00
  0.0000000E+00  0.0000000E+00
  0.0000000E+00  0.0000000E+00
  0.0000000E+00  0.0000000E+00
  0.0000000E+00  0.0000000E+00
  0.0000000E+00  0.0000000E+00
  0.0000000E+00  0.0000000E+00
  0.0000000E+00  0.0000000E+00
  0.0000000E+00  0.0000000E+00
  0.0000000E+00  0.0000000E+00
  0.0000000E+00  0.0000000E+00
  0.0000000E+00  0.0000000E+00
  0.0000000E+00  0.0000000E+00
  0.0000000E+00  0.0000000E+00
  0.0000000E+00  0.0000000E+00
  0.0000000E+00  0.0000000E+00
  0.0000000E+00  0.0000000E+00
  0.0000000E+00  0.0000000E+00
  0.0000000E+00  0.0000000E+00
  0.0000000E+00  0.0000000E+00
  0.0000000E+00  0.0000000E+00
  0.0000000E+00  0.0000000E+00
  0.0000000E+00  0.0000000E+00
  0.0000000E+00  0.0000000E+00
  0.0000000E+00  0.0000000E+00
  0.0000000E+00  0.0000000E+00
  0.0000000E+00  0.0000000E+00
  0.0000000E+00  0.0000000E+00
  0.0000000E+00  0.0000000E+00
  0.0000000E+00  0.0000000E+00
  0.0000000E+00  0.0000000E+00
  0.0000000E+00  0.0000000E+00
  0.0000000E+00  0.0000000E+00
  0.0000000E+00  0.0000000E+00
  0.0000000E+00  0.0000000E+00
  0.0000000E+00  0.0000000E+00
  0.0000000E+00  0.0000000E+00
  0.0000000E+00  0.0000000E+00
  0.0000000E+00  0.0000000E+00
  0.0000000E+00  0.0000000E+00
  0.0000000E+00  0.0000000E+00
  0.0000000E+00  0.0000000E+00
  0.0000000E+00  0.0000000E+00
  0.0000000E+00  0.0000000E+00
  0.0000000E+00  0.0000000E+00
  0.0000000E+00  0.0000000E+00
  0.0000000E+00  0.0000000E+00
  0.0000000E+00  0.0000000E+00
  0.0000000E+00  0.0000000E+00
  0.0000000E+00  0.0000000E+00
  0.0000000E+00  0.0000000E+00
  0.0000000E+00  0.0000000E+00
  0.0000000E+00  0.0000000E+00
  0.0000000E+00  0.0000000E+00
  0.0000000E+00  0.0000000E+00
  0.0000000E+00  0.0000000E+00
  0.0000000E+00  0.0000000E+00
  0.0000000E+00  0.0000000E+00
  0.0000000E+00  0.0000000E+00
  0.0000000E+00  0.0000000E+00
  0.0000000E+00  0.0000000E+00
  0.0000000E+00  0.0000000E+00
  0.0000000E+00  0.0000000E+00
  0.0000000E+00  0.0000000E+00
  0.0000000E+00  0.0000000E+00
  0.0000000E+00  0.0000000E+00
  0.0000000E+00  0.0000000E+00
  0.0000000E+00  0.0000000E+00
  0.0000000E+00  0.0000000E+00
  0.0000000E+00  0.0000000E+00
  0.0000000E+00  0.0000000E+00
  0.0000000E+00  0.0000000E+00
  0.0000000E+00  0.0000000E+00
  0.0000000E+00  0.0000000E+00
  0.0000000E+00  0.0000000E+00
  0.0000000E+00  0.0000000E+00
  0.0000000E+00  0.0000000E+00
  0.0000000E+00  0.0000000E+00
  0.0000000E+00  0.0000000E+00
  0.0000000E+00  0.0000000E+00
  0.0000000E+00  0.0000000E+00
  0.0000000E+00  0.0000000E+00
  0.0000000E+00  0.0000000E+00
  0.0000000E+00  0.0000000E+00
  0.0000000E+00  0.0000000E+00
  0.0000000E+00  0.0000000E+00
  0.0000000E+00  0.0000000E+00
  0.0000000E+00  0.0000000E+00
  0.0000000E+00  0.0000000E+00
  0.0000000E+00  0.0000000E+00
  0.0000000E+00  0.0000000E+00
  0.0000000E+00  0.0000000E+00
  0.0000000E+00  0.0000000E+00
  0.0000000E+00  0.0000000E+00
  0.0000000E+00  0.0000000E+00
  0.0000000E+00  0.0000000E+00
  0.0000000E+00  0.0000000E+00
  0.0000000E+00  0.0000000E+00
  0.0000000E+00  0.0000000E+00
  0.0000000E+00  0.0000000E+00
  0.0000000E+00  0.0000000E+00
  0.0000000E+00  0.0000000E+00
  0.0000000E+00  0.0000000E+00
  0.0000000E+00  0.0000000E+00
  0.0000000E+00  0.0000000E+00
  0.0000000E+00  0.0000000E+00
  0.0000000E+00  0.0000000E+00
  0.0000000E+00  0.0000000E+00
  0.0000000E+00  0.0000000E+00
  0.0000000E+00  0.0000000E+00
  0.0000000E+00  0.0000000E+00
  0.0000000E+00  0.0000000E+00
  0.0000000E+00  0.0000000E+00
  0.0000000E+00  0.0000000E+00
  0.0000000E+00  0.0000000E+00
  0.0000000E+00  0.0000000E+00
  0.0000000E+00  0.0000000E+00
  0.0000000E+00  0.0000000E+00
  0.0000000E+00  0.0000000E+00
  0.0000000E+00  0.0000000E+00
  0.0000000E+00  0.0000000E+00
  0.0000000E+00  0.0000000E+00
  0.0000000E+00  0.0000000E+00
  0.0000000E+00  0.0000000E+00
  0.0000000E+00  0.0000000E+00
  0.0000000E+00  0.0000000E+00
  0.0000000E+00  0.0000000E+00
  0.0000000E+00  0.0000000E+00
  0.0000000E+00  0.0000000E+00
  0.0000000E+00  0.0000000E+00
  0.0000000E+00  0.0000000E+00
  0.0000000E+00  0.0000000E+00
  0.0000000E+00  0.0000000E+00
  0.0000000E+00  0.0000000E+00
  0.0000000E+00  0.0000000E+00
  0.0000000E+00  0.0000000E+00
  0.0000000E+00  0.0000000E+00
  0.0000000E+00  0.0000000E+00
  0.0000000E+00  0.0000000E+00
  0.0000000E+00  0.0000000E+00
  0.0000000E+00  0.0000000E+00
  0.0000000E+00  0.0000000E+00
  0.0000000E+00  0.0000000E+00
  0.0000000E+00  0.0000000E+00
  0.0000000E+00  0.0000000E+00
  0.0000000E+00  0.0000000E+00
  0.0000000E+00  0.0000000E+00
  0.0000000E+00  0.0000000E+00
  0.0000000E+00  0.0000000E+00
  0.0000000E+00  0.0000000E+00
  0.0000000E+00  0.0000000E+00
  0.0000000E+00  0.0000000E+00
  0.0000000E+00  0.0000000E+00
  0.0000000E+00  0.0000000E+00
  0.0000000E+00  0.0000000E+00
  0.0000000E+00  0.0000000E+00
  0.0000000E+00  0.0000000E+00
  0.0000000E+00  0.0000000E+00
  0.0000000E+00  0.0000000E+00
  0.0000000E+00  0.0000000E+00
  0.0000000E+00  0.0000000E+00
  0.0000000E+00  0.0000000E+00
  0.0000000E+00  0.0000000E+00
  0.0000000E+00  0.0000000E+00
  0.0000000E+00  0.0000000E+00
  0.0000000E+00  0.0000000E+00
  0.0000000E+00  0.0000000E+00
  0.0000000E+00  0.0000000E+00
  0.0000000E+00  0.0000000E+00
  0.0000000E+00  0.0000000E+00
  0.0000000E+00  0.0000000E+00
  0.0000000E+00  0.0000000E+00
  0.0000000E+00  0.0000000E+00
  0.0000000E+00  0.0000000E+00
  0.0000000E+00  0.0000000E+00
  0.0000000E+00  0.0000000E+00
  0.0000000E+00  0.0000000E+00
  0.0000000E+00  0.0000000E+00
  0.0000000E+00  0.0000000E+00
  0.0000000E+00  0.0000000E+00
  0.0000000E+00  0.0000000E+00
  0.0000000E+00  0.0000000E+00
  0.0000000E+00  0.0000000E+00
  0.0000000E+00  0.0000000E+00
  0.0000000E+00  0.0000000E+00
  0.0000000E+00  0.0000000E+00
  0.0000000E+00  0.0000000E+00
  0.0000000E+00  0.0000000E+00
  0.0000000E+00  0.0000000E+00
  0.0000000E+00  0.0000000E+00
  0.0000000E+00  0.0000000E+00
  0.0000000E+00  0.0000000E+00
  0.0000000E+00  0.0000000E+00
  0.0000000E+00  0.0000000E+00
  0.0000000E+00  0.0000000E+00
  0.0000000E+00  0.0000000E+00
  0.0000000E+00  0.0000000E+00
  0.0000000E+00  0.0000000E+00
  0.0000000E+00  0.0000000E+00
  0.0000000E+00  0.0000000E+00
  0.0000000E+00  0.0000000E+00
  0.0000000E+00  0.0000000E+00
  0.0000000E+00  0.0000000E+00
  0.0000000E+00  0.0000000E+00
  0.0000000E+00  0.0000000E+00
  0.0000000E+00  0.0000000E+00
  0.0000000E+00  0.0000000E+00
  0.0000000E+00  0.0000000E+00
  0.0000000E+00  0.0000000E+00
  0.0000000E+00  0.0000000E+00
  0.0000000E+00  0.0000000E+00
  0.0000000E+00  0.0000000E+00
  0.0000000E+00  0.0000000E+00
  0.0000000E+00  0.0000000E+00
  0.0000000E+00  0.0000000E+00
  0.0000000E+00  0.0000000E+00
  0.0000000E+00  0.0000000E+00
  0.0000000E+00  0.0000000E+00
  0.0000000E+00  0.0000000E+00
  0.0000000E+00  0.0000000E+00
  0.0000000E+00  0.0000000E+00
  0.0000000E+00  0.0000000E+00
  0.0000000E+00  0.0000000E+00
  0.0000000E+00  0.0000000E+00
  0.0000000E+00  0.0000000E+00
  0.0000000E+00  0.0000000E+00
  0.0000000E+00  0.0000000E+00
  0.0000000E+00  0.0000000E+00
  0.0000000E+00  0.0000000E+00
  0.0000000E+00  0.0000000E+00
  0.0000000E+00  0.0000000E+00
  0.0000000E+00  0.0000000E+00
  0.0000000E+00  0.0000000E+00
  0.0000000E+00  0.0000000E+00
  0.0000000E+00  0.0000000E+00
  0.0000000E+00  0.0000000E+00
  0.0000000E+00  0.0000000E+00
  0.0000000E+00  0.0000000E+00
  0.0000000E+00  0.0000000E+00
  0.0000000E+00  0.0000000E+00
  0.0000000E+00  0.0000000E+00
  0.0000000E+00  0.0000000E+00
  0.0000000E+00  0.0000000E+00
  0.0000000E+00  0.0000000E+00
  0.0000000E+00  0.0000000E+00
  0.0000000E+00  0.0000000E+00
  0.0000000E+00  0.0000000E+00
  0.0000000E+00  0.0000000E+00
  0.0000000E+00  0.0000000E+00
  0.0000000E+00  0.0000000E+00
  0.0000000E+00  0.0000000E+00
  0.0000000E+00  0.0000000E+00
  0.0000000E+00  0.0000000E+00
  0.0000000E+00  0.0000000E+00
  0.0000000E+00  0.0000000E+00
  0.0000000E+00  0.0000000E+00
  0.0000000E+00  0.0000000E+00
  0.0000000E+00  0.0000000E+00
  0.0000000E+00  0.0000000E+00
  0.0000000E+00  0.0000000E+00
  0.0000000E+00  0.0000000E+00
  0.0000000E+00  0.0000000E+00
  0.0000000E+00  0.0000000E+00
  0.0000000E+00  0.0000000E+00
  0.0000000E+00  0.0000000E+00
  0.0000000E+00  0.0000000E+00
  0.0000000E+00  0.0000000E+00
  0.0000000E+00  0.0000000E+00
  0.0000000E+00  0.0000000E+00
  0.0000000E+00  0.0000000E+00
  0.0000000E+00  0.0000000E+00
  0.0000000E+00  0.0000000E+00
  0.0000000E+00  0.0000000E+00
  0.0000000E+00  0.0000000E+00
  0.0000000E+00  0.0000000E+00
  0.0000000E+00  0.0000000E+00
  0.0000000E+00  0.0000000E+00
  0.0000000E+00  0.0000000E+00
  0.0000000E+00  0.0000000E+00
  0.0000000E+00  0.0000000E+00
  0.0000000E+00  0.0000000E+00
  0.0000000E+00  0.0000000E+00
  0.0000000E+00  0.0000000E+00
  0.0000000E+00  0.0000000E+00
  0.0000000E+00  0.0000000E+00
  0.0000000E+00  0.0000000E+00
  0.0000000E+00  0.0000000E+00
  0.0000000E+00  0.0000000E+00
  0.0000000E+00  0.0000000E+00
  0.0000000E+00  0.0000000E+00
  0.0000000E+00  0.0000000E+00
  0.0000000E+00  0.0000000E+00
  0.0000000E+00  0.0000000E+00
  0.0000000E+00  0.0000000E+00
  0.0000000E+00  0.0000000E+00
  0.0000000E+00  0.0000000E+00
  0.0000000E+00  0.0000000E+00
  0.0000000E+00  0.0000000E+00
  0.0000000E+00  0.0000000E+00
  0.0000000E+00  0.0000000E+00
  0.0000000E+00  0.0000000E+00
  0.0000000E+00  0.0000000E+00
  0.0000000E+00  0.0000000E+00
  0.0000000E+00  0.0000000E+00
  0.0000000E+00  0.0000000E+00
  0.0000000E+00  0.0000000E+00
  0.0000000E+00  0.0000000E+00
  0.0000000E+00  0.0000000E+00
  0.0000000E+00  0.0000000E+00
  0.0000000E+00  0.0000000E+00
  0.0000000E+00  0.0000000E+00
  0.0000000E+00  0.0000000E+00
  0.0000000E+00  0.0000000E+00
  0.0000000E+00  0.0000000E+00
  0.0000000E+00  0.0000000E+00
  0.0000000E+00  0.0000000E+00
  0.0000000E+00  0.0000000E+00
  0.0000000E+00  0.0000000E+00
  0.0000000E+00  0.0000000E+00
  0.0000000E+00  0.0000000E+00
  0.0000000E+00  0.0000000E+00
  0.0000000E+00  0.0000000E+00
  0.0000000E+00  0.0000000E+00
  0.0000000E+00  0.0000000E+00
  0.0000000E+00  0.0000000E+00
  0.0000000E+00  0.0000000E+00
  0.0000000E+00  0.0000000E+00
  0.0000000E+00  0.0000000E+00
  0.0000000E+00  0.0000000E+00
  0.0000000E+00  0.0000000E+00
  0.0000000E+00  0.0000000E+00
  0.0000000E+00  0.0000000E+00
  0.0000000E+00  0.0000000E+00
  0.0000000E+00  0.0000000E+00
  0.0000000E+00  0.0000000E+00
  0.0000000E+00  0.0000000E+00
  0.0000000E+00  0.0000000E+00
  0.0000000E+00  0.0000000E+00
  0.0000000E+00  0.0000000E+00
  0.0000000E+00  0.0000000E+00
  0.0000000E+00  0.0000000E+00
  0.0000000E+00  0.0000000E+00
  0.0000000E+00  0.0000000E+00
  0.0000000E+00  0.0000000E+00
  0.0000000E+00  0.0000000E+00
  0.0000000E+00  0.0000000E+00
  0.0000000E+00  0.0000000E+00
  0.0000000E+00  0.0000000E+00
  0.0000000E+00  0.0000000E+00
  0.0000000E+00  0.0000000E+00
  0.0000000E+00  0.0000000E+00
  0.0000000E+00  0.0000000E+00
  0.0000000E+00  0.0000000E+00
  0.0000000E+00  0.0000000E+00
  0.0000000E+00  0.0000000E+00
  0.0000000E+00  0.0000000E+00
  0.0000000E+00  0.0000000E+00
  0.0000000E+00  0.0000000E+00
  0.0000000E+00  0.0000000E+00
  0.0000000E+00  0.0000000E+00
  0.0000000E+00  0.0000000E+00
  0.0000000E+00  0.0000000E+00
  0.0000000E+00  0.0000000E+00
  0.0000000E+00  0.0000000E+00
  0.0000000E+00  0.0000000E+00
  0.0000000E+00  0.0000000E+00
  0.0000000E+00  0.0000000E+00
  0.0000000E+00  0.0000000E+00
  0.0000000E+00  0.0000000E+00
  0.0000000E+00  0.0000000E+00
  0.0000000E+00  0.0000000E+00
  0.0000000E+00  0.0000000E+00
  0.0000000E+00  0.0000000E+00
  0.0000000E+00  0.0000000E+00
  0.0000000E+00  0.0000000E+00
  0.0000000E+00  0.0000000E+00
  0.0000000E+00  0.0000000E+00
  0.0000000E+00  0.0000000E+00
  0.0000000E+00  0.0000000E+00
  0.0000000E+00  0.0000000E+00
  0.0000000E+00  0.0000000E+00
  0.0000000E+00  0.0000000E+00
  0.0000000E+00  0.0000000E+00
  0.0000000E+00  0.0000000E+00
  0.0000000E+00  0.0000000E+00
  0.0000000E+00  0.0000000E+00
  0.0000000E+00  0.0000000E+00
  0.0000000E+00  0.0000000E+00
  0.0000000E+00  0.0000000E+00
  0.0000000E+00  0.0000000E+00
  0.0000000E+00  0.0000000E+00
  0.0000000E+00  0.0000000E+00
  0.0000000E+00  0.0000000E+00
  0.0000000E+00  0.0000000E+00
  0.0000000E+00  0.0000000E+00
  0.0000000E+00  0.0000000E+00
  0.0000000E+00  0.0000000E+00
  0.0000000E+00  0.0000000E+00
  0.0000000E+00  0.0000000E+00
  0.0000000E+00  0.0000000E+00
  0.0000000E+00  0.0000000E+00
  0.0000000E+00  0.0000000E+00
  0.0000000E+00  0.0000000E+00
  0.0000000E+00  0.0000000E+00
  0.0000000E+00  0.0000000E+00
  0.0000000E+00  0.0000000E+00
  0.0000000E+00  0.0000000E+00
  0.0000000E+00  0.0000000E+00
  0.0000000E+00  0.0000000E+00
  0.0000000E+00  0.0000000E+00
  0.0000000E+00  0.0000000E+00
  0.0000000E+00  0.0000000E+00
  0.0000000E+00  0.0000000E+00
  0.0000000E+00  0.0000000E+00
  0.0000000E+00  0.0000000E+00
  0.0000000E+00  0.0000000E+00
  0.0000000E+00  0.0000000E+00
  0.0000000E+00  0.0000000E+00
  0.0000000E+00  0.0000000E+00
  0.0000000E+00  0.0000000E+00
  0.0000000E+00  0.0000000E+00
  0.0000000E+00  0.0000000E+00
  0.0000000E+00  0.0000000E+00
  0.0000000E+00  0.0000000E+00
  0.0000000E+00  0.0000000E+00
  0.0000000E+00  0.0000000E+00
  0.0000000E+00  0.0000000E+00
  0.0000000E+00  0.0000000E+00
  0.0000000E+00  0.0000000E+00
  0.0000000E+00  0.0000000E+00
  0.0000000E+00  0.0000000E+00
  0.0000000E+00  0.0000000E+00
  0.0000000E+00  0.0000000E+00
  0.0000000E+00  0.0000000E+00
  0.0000000E+00  0.0000000E+00
  0.0000000E+00  0.0000000E+00
  0.0000000E+00  0.0000000E+00
  0.0000000E+00  0.0000000E+00
  0.0000000E+00  0.0000000E+00
  0.0000000E+00  0.0000000E+00
  0.0000000E+00  0.0000000E+00
  0.0000000E+00  0.0000000E+00
  0.0000000E+00  0.0000000E+00
  0.0000000E+00  0.0000000E+00
  0.0000000E+00  0.0000000E+00
  0.0000000E+00  0.0000000E+00
  0.0000000E+00  0.0000000E+00
  0.0000000E+00  0.0000000E+00
  0.0000000E+00  0.0000000E+00
  0.0000000E+00  0.0000000E+00
  0.0000000E+00  0.0000000E+00
  0.0000000E+00  0.0000000E+00
  0.0000000E+00  0.0000000E+00
  0.0000000E+00  0.0000000E+00
  0.0000000E+00  0.0000000E+00
  0.0000000E+00  0.0000000E+00
  0.0000000E+00  0.0000000E+00
  0.0000000E+00  0.0000000E+00
  0.0000000E+00  0.0000000E+00
  0.0000000E+00  0.0000000E+00
  0.0000000E+00  0.0000000E+00
  0.0000000E+00  0.0000000E+00
  0.0000000E+00  0.0000000E+00
  0.0000000E+00  0.0000000E+00
  0.0000000E+00  0.0000000E+00
  0.0000000E+00  0.0000000E+00
  0.0000000E+00  0.0000000E+00
  0.0000000E+00  0.0000000E+00
  0.0000000E+00  0.0000000E+00
  0.0000000E+00  0.0000000E+00
  0.0000000E+00  0.0000000E+00
  0.0000000E+00  0.0000000E+00
  0.0000000E+00  0.0000000E+00
  0.0000000E+00  0.0000000E+00
  0.0000000E+00  0.0000000E+00
  0.0000000E+00  0.0000000E+00
  0.0000000E+00  0.0000000E+00
  0.0000000E+00  0.0000000E+00
  0.0000000E+00  0.0000000E+00
  0.0000000E+00  0.0000000E+00
  0.0000000E+00  0.0000000E+00
  0.0000000E+00  0.0000000E+00
  0.0000000E+00  0.0000000E+00
  0.0000000E+00  0.0000000E+00
  0.0000000E+00  0.0000000E+00
  0.0000000E+00  0.0000000E+00
  0.0000000E+00  0.0000000E+00
  0.0000000E+00  0.0000000E+00
  0.0000000E+00  0.0000000E+00
  0.0000000E+00  0.0000000E+00
  0.0000000E+00  0.0000000E+00
  0.0000000E+00  0.0000000E+00
  0.0000000E+00  0.0000000E+00
  0.0000000E+00  0.0000000E+00
  0.0000000E+00  0.0000000E+00
  0.0000000E+00  0.0000000E+00
  0.0000000E+00  0.0000000E+00
  0.0000000E+00  0.0000000E+00
  0.0000000E+00  0.0000000E+00
  0.0000000E+00  0.0000000E+00
  0.0000000E+00  0.0000000E+00
  0.0000000E+00  0.0000000E+00
  0.0000000E+00  0.0000000E+00
  0.0000000E+00  0.0000000E+00
  0.0000000E+00  0.0000000E+00
  0.0000000E+00  0.0000000E+00
  0.0000000E+00  0.0000000E+00
  0.0000000E+00  0.0000000E+00
  0.0000000E+00  0.0000000E+00
  0.0000000E+00  0.0000000E+00
  0.0000000E+00  0.0000000E+00
  0.0000000E+00  0.0000000E+00
  0.0000000E+00  0.0000000E+00
  0.0000000E+00  0.0000000E+00
  0.0000000E+00  0.0000000E+00
  0.0000000E+00  0.0000000E+00
  0.0000000E+00  0.0000000E+00
  0.0000000E+00  0.0000000E+00
  0.0000000E+00  0.0000000E+00
  0.0000000E+00  0.0000000E+00
  0.0000000E+00  0.0000000E+00
  0.0000000E+00  0.0000000E+00
  0.0000000E+00  0.0000000E+00
  0.0000000E+00  0.0000000E+00
  0.0000000E+00  0.0000000E+00
  0.0000000E+00  0.0000000E+00
  0.0000000E+00  0.0000000E+00
  0.0000000E+00  0.0000000E+00
  0.0000000E+00  0.0000000E+00
  0.0000000E+00  0.0000000E+00
  0.0000000E+00  0.0000000E+00
  0.0000000E+00  0.0000000E+00
  0.0000000E+00  0.0000000E+00
  0.0000000E+00  0.0000000E+00
  0.0000000E+00  0.0000000E+00
  0.0000000E+00  0.0000000E+00
  0.0000000E+00  0.0000000E+00
  0.0000000E+00  0.0000000E+00
  0.0000000E+00  0.0000000E+00
  0.0000000E+00  0.0000000E+00
  0.0000000E+00  0.0000000E+00
  0.0000000E+00  0.0000000E+00
  0.0000000E+00  0.0000000E+00
  0.0000000E+00  0.0000000E+00
  0.0000000E+00  0.0000000E+00
  0.0000000E+00  0.0000000E+00
  0.0000000E+00  0.0000000E+00
  0.0000000E+00  0.0000000E+00
  0.0000000E+00  0.0000000E+00
  0.0000000E+00  0.0000000E+00
  0.0000000E+00  0.0000000E+00
  0.0000000E+00  0.0000000E+00
  0.0000000E+00  0.0000000E+00
  0.0000000E+00  0.0000000E+00
  0.0000000E+00  0.0000000E+00
  0.0000000E+00  0.0000000E+00
  0.0000000E+00  0.0000000E+00
  0.0000000E+00  0.0000000E+00
  0.0000000E+00  0.0000000E+00
  0.0000000E+00  0.0000000E+00
  0.0000000E+00  0.0000000E+00
  0.0000000E+00  0.0000000E+00
  0.0000000E+00  0.0000000E+00
  0.0000000E+00  0.0000000E+00
  0.0000000E+00  0.0000000E+00
  0.0000000E+00  0.0000000E+00
  0.0000000E+00  0.0000000E+00
  0.0000000E+00  0.0000000E+00
  0.0000000E+00  0.0000000E+00
  0.0000000E+00  0.0000000E+00
  0.0000000E+00  0.0000000E+00
  0.0000000E+00  0.0000000E+00
  0.0000000E+00  0.0000000E+00
  0.0000000E+00  0.0000000E+00
  0.0000000E+00  0.0000000E+00
  0.0000000E+00  0.0000000E+00
  0.0000000E+00  0.0000000E+00
  0.0000000E+00  0.0000000E+00
  0.0000000E+00  0.0000000E+00
  0.0000000E+00  0.0000000E+00
  0.0000000E+00  0.0000000E+00
  0.0000000E+00  0.0000000E+00
  0.0000000E+00  0.0000000E+00
  0.0000000E+00  0.0000000E+00
  0.0000000E+00  0.0000000E+00
  0.0000000E+00  0.0000000E+00
  0.0000000E+00  0.0000000E+00
  0.0000000E+00  0.0000000E+00
  0.0000000E+00  0.0000000E+00
  0.0000000E+00  0.0000000E+00
  0.0000000E+00  0.0000000E+00
  0.0000000E+00  0.0000000E+00
  0.0000000E+00  0.0000000E+00
  0.0000000E+00  0.0000000E+00
  0.0000000E+00  0.0000000E+00
  0.0000000E+00  0.0000000E+00
  0.0000000E+00  0.0000000E+00
  0.0000000E+00  0.0000000E+00
  0.0000000E+00  0.0000000E+00
  0.0000000E+00  0.0000000E+00
  0.0000000E+00  0.0000000E+00
  0.0000000E+00  0.0000000E+00
  0.0000000E+00  0.0000000E+00
  0.0000000E+00  0.0000000E+00
  0.0000000E+00  0.0000000E+00
  0.0000000E+00  0.0000000E+00
  0.0000000E+00  0.0000000E+00
  0.0000000E+00  0.0000000E+00
  0.0000000E+00  0.0000000E+00
  0.0000000E+00  0.0000000E+00
  0.0000000E+00  0.0000000E+00
  0.0000000E+00  0.0000000E+00
  0.0000000E+00  0.0000000E+00
  0.0000000E+00  0.0000000E+00
  0.0000000E+00  0.0000000E+00
  0.0000000E+00  0.0000000E+00
  0.0000000E+00  0.0000000E+00
  0.0000000E+00  0.0000000E+00
  0.0000000E+00  0.0000000E+00
  0.0000000E+00  0.0000000E+00
  0.0000000E+00  0.0000000E+00
  0.0000000E+00  0.0000000E+00
  0.0000000E+00  0.0000000E+00
  0.0000000E+00  0.0000000E+00
  0.0000000E+00  0.0000000E+00
  0.0000000E+00  0.0000000E+00
  0.0000000E+00  0.0000000E+00
  0.0000000E+00  0.0000000E+00
  0.0000000E+00  0.0000000E+00
  0.0000000E+00  0.0000000E+00
  0.0000000E+00  0.0000000E+00
  0.0000000E+00  0.0000000E+00
  0.0000000E+00  0.0000000E+00
  0.0000000E+00  0.0000000E+00
  0.0000000E+00  0.0000000E+00
  0.0000000E+00  0.0000000E+00
  0.0000000E+00  0.0000000E+00
  0.0000000E+00  0.0000000E+00
  0.0000000E+00  0.0000000E+00
  0.0000000E+00  0.0000000E+00
  0.0000000E+00  0.0000000E+00
  0.0000000E+00  0.0000000E+00
  0.0000000E+00  0.0000000E+00
  0.0000000E+00  0.0000000E+00
  0.0000000E+00  0.0000000E+00
  0.0000000E+00  0.0000000E+00
  0.0000000E+00  0.0000000E+00
  0.0000000E+00  0.0000000E+00
  0.0000000E+00  0.0000000E+00
  0.0000000E+00  0.0000000E+00
  0.0000000E+00  0.0000000E+00
  0.0000000E+00  0.0000000E+00
  0.0000000E+00  0.0000000E+00
  0.0000000E+00  0.0000000E+00
  0.0000000E+00  0.0000000E+00
  0.0000000E+00  0.0000000E+00
  0.0000000E+00  0.0000000E+00
  0.0000000E+00  0.0000000E+00
  0.0000000E+00  0.0000000E+00
  0.0000000E+00  0.0000000E+00
  0.0000000E+00  0.0000000E+00
  0.0000000E+00  0.0000000E+00
  0.0000000E+00  0.0000000E+00
  0.0000000E+00  0.0000000E+00
  0.0000000E+00  0.0000000E+00
  0.0000000E+00  0.0000000E+00
  0.0000000E+00  0.0000000E+00
  0.0000000E+00  0.0000000E+00
  0.0000000E+00  0.0000000E+00
  0.0000000E+00  0.0000000E+00
  0.0000000E+00  0.0000000E+00
  0.0000000E+00  0.0000000E+00
  0.0000000E+00  0.0000000E+00
  0.0000000E+00  0.0000000E+00
  0.0000000E+00  0.0000000E+00
  0.0000000E+00  0.0000000E+00
  0.0000000E+00  0.0000000E+00
  0.0000000E+00  0.0000000E+00
  0.0000000E+00  0.0000000E+00
  0.0000000E+00  0.0000000E+00
  0.0000000E+00  0.0000000E+00
  0.0000000E+00  0.0000000E+00
  0.0000000E+00  0.0000000E+00
  0.0000000E+00  0.0000000E+00
  0.0000000E+00  0.0000000E+00
  0.0000000E+00  0.0000000E+00
  0.0000000E+00  0.0000000E+00
  0.0000000E+00  0.0000000E+00
  0.0000000E+00  0.0000000E+00
  0.0000000E+00  0.0000000E+00
  0.0000000E+00  0.0000000E+00
  0.0000000E+00  0.0000000E+00
  0.0000000E+00  0.0000000E+00
  0.0000000E+00  0.0000000E+00
  0.0000000E+00  0.0000000E+00
  0.0000000E+00  0.0000000E+00
  0.0000000E+00  0.0000000E+00
  0.0000000E+00  0.0000000E+00
  0.0000000E+00  0.0000000E+00
  0.0000000E+00  0.0000000E+00
  0.0000000E+00  0.0000000E+00
  0.0000000E+00  0.0000000E+00
  0.0000000E+00  0.0000000E+00
  0.0000000E+00  0.0000000E+00
  0.0000000E+00  0.0000000E+00
  0.0000000E+00  0.0000000E+00
  0.0000000E+00  0.0000000E+00
  0.0000000E+00  0.0000000E+00
  0.0000000E+00  0.0000000E+00
  0.0000000E+00  0.0000000E+00
  0.0000000E+00  0.0000000E+00
  0.0000000E+00  0.0000000E+00
  0.0000000E+00  0.0000000E+00
  0.0000000E+00  0.0000000E+00
  0.0000000E+00  0.0000000E+00
  0.0000000E+00  0.0000000E+00
  0.0000000E+00  0.0000000E+00
  0.0000000E+00  0.0000000E+00
  0.0000000E+00  0.0000000E+00
  0.0000000E+00  0.0000000E+00
  0.0000000E+00  0.0000000E+00
  0.0000000E+00  0.0000000E+00
  0.0000000E+00  0.0000000E+00
  0.0000000E+00  0.0000000E+00
  0.0000000E+00  0.0000000E+00
  0.0000000E+00  0.0000000E+00
  0.0000000E+00  0.0000000E+00
  0.0000000E+00  0.0000000E+00
  0.0000000E+00  0.0000000E+00
  0.0000000E+00  0.0000000E+00
  0.0000000E+00  0.0000000E+00
  0.0000000E+00  0.0000000E+00
  0.0000000E+00  0.0000000E+00
  0.0000000E+00  0.0000000E+00
  0.0000000E+00  0.0000000E+00
  0.0000000E+00  0.0000000E+00
  0.0000000E+00  0.0000000E+00
  0.0000000E+00  0.0000000E+00
  0.0000000E+00  0.0000000E+00
  0.0000000E+00  0.0000000E+00
  0.0000000E+00  0.0000000E+00
  0.0000000E+00  0.0000000E+00
  0.0000000E+00  0.0000000E+00
  0.0000000E+00  0.0000000E+00
  0.0000000E+00  0.0000000E+00
  0.0000000E+00  0.0000000E+00
  0.0000000E+00  0.0000000E+00
  0.0000000E+00  0.0000000E+00
  0.0000000E+00  0.0000000E+00
  0.0000000E+00  0.0000000E+00
  0.0000000E+00  0.0000000E+00
  0.0000000E+00  0.0000000E+00
  0.0000000E+00  0.0000000E+00
  0.0000000E+00  0.0000000E+00
  0.0000000E+00  0.0000000E+00
  0.0000000E+00  0.0000000E+00
  0.0000000E+00  0.0000000E+00
  0.0000000E+00  0.0000000E+00
  0.0000000E+00  0.0000000E+00
  0.0000000E+00  0.0000000E+00
  0.0000000E+00  0.0000000E+00
  0.0000000E+00  0.0000000E+00
  0.0000000E+00  0.0000000E+00
  0.0000000E+00  0.0000000E+00
  0.0000000E+00  0.0000000E+00
  0.0000000E+00  0.0000000E+00
  0.0000000E+00  0.0000000E+00
  0.0000000E+00  0.0000000E+00
  0.0000000E+00  0.0000000E+00
  0.0000000E+00  0.0000000E+00
  0.0000000E+00  0.0000000E+00
  0.0000000E+00  0.0000000E+00
  0.0000000E+00  0.0000000E+00
  0.0000000E+00  0.0000000E+00
  0.0000000E+00  0.0000000E+00
  0.0000000E+00  0.0000000E+00
  0.0000000E+00  0.0000000E+00
  0.0000000E+00  0.0000000E+00
  0.0000000E+00  0.0000000E+00
  0.0000000E+00  0.0000000E+00
  0.0000000E+00  0.0000000E+00
  0.0000000E+00  0.0000000E+00
  0.0000000E+00  0.0000000E+00
  0.0000000E+00  0.0000000E+00
  0.0000000E+00  0.0000000E+00
  0.0000000E+00  0.0000000E+00
  0.0000000E+00  0.0000000E+00
  0.0000000E+00  0.0000000E+00
  0.0000000E+00  0.0000000E+00
  0.0000000E+00  0.0000000E+00
  0.0000000E+00  0.0000000E+00
  0.0000000E+00  0.0000000E+00
  0.0000000E+00  0.0000000E+00
  0.0000000E+00  0.0000000E+00
  0.0000000E+00  0.0000000E+00
  0.0000000E+00  0.0000000E+00
  0.0000000E+00  0.0000000E+00
  0.0000000E+00  0.0000000E+00
  0.0000000E+00  0.0000000E+00
  0.0000000E+00  0.0000000E+00
  0.0000000E+00  0.0000000E+00
  0.0000000E+00  0.0000000E+00
  0.0000000E+00  0.0000000E+00
  0.0000000E+00  0.0000000E+00
  0.0000000E+00  0.0000000E+00
  0.0000000E+00  0.0000000E+00
  0.0000000E+00  0.0000000E+00
  0.0000000E+00  0.0000000E+00
  0.0000000E+00  0.0000000E+00
  0.0000000E+00  0.0000000E+00
  0.0000000E+00  0.0000000E+00
  0.0000000E+00  0.0000000E+00
  0.0000000E+00  0.0000000E+00
  0.0000000E+00  0.0000000E+00
  0.0000000E+00  0.0000000E+00
  0.0000000E+00  0.0000000E+00
  0.0000000E+00  0.0000000E+00
  0.0000000E+00  0.0000000E+00
  0.0000000E+00  0.0000000E+00
  0.0000000E+00  0.0000000E+00
  0.0000000E+00  0.0000000E+00
  0.0000000E+00  0.0000000E+00
  0.0000000E+00  0.0000000E+00
  0.0000000E+00  0.0000000E+00
  0.0000000E+00  0.0000000E+00
  0.0000000E+00  0.0000000E+00
  0.0000000E+00  0.0000000E+00
  0.0000000E+00  0.0000000E+00
  0.0000000E+00  0.0000000E+00
  0.0000000E+00  0.0000000E+00
  0.0000000E+00  0.0000000E+00
  0.0000000E+00  0.0000000E+00
  0.0000000E+00  0.0000000E+00
  0.0000000E+00  0.0000000E+00
  0.0000000E+00  0.0000000E+00
  0.0000000E+00  0.0000000E+00
  0.0000000E+00  0.0000000E+00
  0.0000000E+00  0.0000000E+00
  0.0000000E+00  0.0000000E+00
  0.0000000E+00  0.0000000E+00
  0.0000000E+00  0.0000000E+00
  0.0000000E+00  0.0000000E+00
  0.0000000E+00  0.0000000E+00
  0.0000000E+00  0.0000000E+00
  0.0000000E+00  0.0000000E+00
  0.0000000E+00  0.0000000E+00
  0.0000000E+00  0.0000000E+00
  0.0000000E+00  0.0000000E+00
  0.0000000E+00  0.0000000E+00
  0.0000000E+00  0.0000000E+00
  0.0000000E+00  0.0000000E+00
  0.0000000E+00  0.0000000E+00
  0.0000000E+00  0.0000000E+00
  0.0000000E+00  0.0000000E+00
  0.0000000E+00  0.0000000E+00
  0.0000000E+00  0.0000000E+00
  0.0000000E+00  0.0000000E+00
  0.0000000E+00  0.0000000E+00
  0.0000000E+00  0.0000000E+00
  0.0000000E+00  0.0000000E+00
  0.0000000E+00  0.0000000E+00
  0.0000000E+00  0.0000000E+00
  0.0000000E+00  0.0000000E+00
  0.0000000E+00  0.0000000E+00
  0.0000000E+00  0.0000000E+00
  0.0000000E+00  0.0000000E+00
  0.0000000E+00  0.0000000E+00
  0.0000000E+00  0.0000000E+00
  0.0000000E+00  0.0000000E+00
  0.0000000E+00  0.0000000E+00
  0.0000000E+00  0.0000000E+00
  0.0000000E+00  0.0000000E+00
  0.0000000E+00  0.0000000E+00
  0.0000000E+00  0.0000000E+00
  0.0000000E+00  0.0000000E+00
  0.0000000E+00  0.0000000E+00
  0.0000000E+00  0.0000000E+00
  0.0000000E+00  0.0000000E+00
  0.0000000E+00  0.0000000E+00
  0.0000000E+00  0.0000000E+00
  0.0000000E+00  0.0000000E+00
  0.0000000E+00  0.0000000E+00
  0.0000000E+00  0.0000000E+00
  0.0000000E+00  0.0000000E+00
  0.0000000E+00  0.0000000E+00
  0.0000000E+00  0.0000000E+00
  0.0000000E+00  0.0000000E+00
  0.0000000E+00  0.0000000E+00
  0.0000000E+00  0.0000000E+00
  0.0000000E+00  0.0000000E+00
  0.0000000E+00  0.0000000E+00
  0.0000000E+00  0.0000000E+00
  0.0000000E+00  0.0000000E+00
  0.0000000E+00  0.0000000E+00
  0.0000000E+00  0.0000000E+00
  0.0000000E+00  0.0000000E+00
  0.0000000E+00  0.0000000E+00
  0.0000000E+00  0.0000000E+00
  0.0000000E+00  0.0000000E+00
  0.0000000E+00  0.0000000E+00
  0.0000000E+00  0.0000000E+00
  0.0000000E+00  0.0000000E+00
  0.0000000E+00  0.0000000E+00
  0.0000000E+00  0.0000000E+00
  0.0000000E+00  0.0000000E+00
  0.0000000E+00  0.0000000E+00
  0.0000000E+00  0.0000000E+00
  0.0000000E+00  0.0000000E+00
  0.0000000E+00  0.0000000E+00
  0.0000000E+00  0.0000000E+00
  0.0000000E+00  0.0000000E+00
  0.0000000E+00  0.0000000E+00
  0.0000000E+00  0.0000000E+00
  0.0000000E+00  0.0000000E+00
  0.0000000E+00  0.0000000E+00
  0.0000000E+00  0.0000000E+00
  0.0000000E+00  0.0000000E+00
  0.0000000E+00  0.0000000E+00
  0.0000000E+00  0.0000000E+00
  0.0000000E+00  0.0000000E+00
  0.0000000E+00  0.0000000E+00
  0.0000000E+00  0.0000000E+00
  0.0000000E+00  0.0000000E+00
  0.0000000E+00  0.0000000E+00
  0.0000000E+00  0.0000000E+00
  0.0000000E+00  0.0000000E+00
  0.0000000E+00  0.0000000E+00
  0.0000000E+00  0.0000000E+00
  0.0000000E+00  0.0000000E+00
  0.0000000E+00  0.0000000E+00
  0.0000000E+00  0.0000000E+00
  0.0000000E+00  0.0000000E+00
  0.0000000E+00  0.0000000E+00
  0.0000000E+00  0.0000000E+00
  0.0000000E+00  0.0000000E+00
  0.0000000E+00  0.0000000E+00
  0.0000000E+00  0.0000000E+00
  0.0000000E+00  0.0000000E+00
  0.0000000E+00  0.0000000E+00
  0.0000000E+00  0.0000000E+00
  0.0000000E+00  0.0000000E+00
  0.0000000E+00  0.0000000E+00
  0.0000000E+00  0.0000000E+00
  0.0000000E+00  0.0000000E+00
  0.0000000E+00  0.0000000E+00
  0.0000000E+00  0.0000000E+00
  0.0000000E+00  0.0000000E+00
  0.0000000E+00  0.0000000E+00
  0.0000000E+00  0.0000000E+00
  0.0000000E+00  0.0000000E+00
  0.0000000E+00  0.0000000E+00
  0.0000000E+00  0.0000000E+00
