 -0.6816365E-01 -0.8168496E-08
 -0.1284740E-01 -0.8050022E-08
  0.1797283E-01 -0.8135858E-08
  0.3865346E-01 -0.8163788E-08
  0.5892691E-01 -0.8205374E-08
  0.8621489E-01 -0.8235581E-08
 -0.1053295E+01 -0.7256382E-08
  0.5422590E-01 -0.8039353E-08
  0.5774899E-01 -0.8074263E-08
  0.6140673E-01 -0.8373175E-08
  0.7058928E-01 -0.1016755E-07
  0.2096438E+00 -0.1015488E-07
  0.3468476E+00 -0.1017143E-07
  0.4813679E+00 -0.1019616E-07
  0.6127300E+00 -0.1020061E-07
  0.7413685E+00 -0.1021922E-07
  0.8654633E+00 -0.1023908E-07
  0.9842705E+00 -0.1022758E-07
  0.1100047E+01 -0.1023903E-07
  0.1211082E+01 -0.1025139E-07
  0.1315295E+01 -0.1025281E-07
  0.1415502E+01 -0.1026722E-07
  0.1509399E+01 -0.1028364E-07
  0.1594733E+01 -0.1028466E-07
  0.1675320E+01 -0.1030378E-07
  0.1748420E+01 -0.1030985E-07
  0.1811585E+01 -0.1030638E-07
  0.1869450E+01 -0.1031697E-07
  0.1918943E+01 -0.1033719E-07
  0.1957576E+01 -0.1033451E-07
  0.1990582E+01 -0.1033548E-07
  0.2014615E+01 -0.1034982E-07
  0.2027268E+01 -0.1034926E-07
  0.2034197E+01 -0.1034705E-07
  0.2031847E+01 -0.1035635E-07
  0.2018008E+01 -0.1035460E-07
  0.1998535E+01 -0.1035489E-07
  0.1969872E+01 -0.1036430E-07
  0.1930040E+01 -0.1033857E-07
  0.1884866E+01 -0.1035272E-07
  0.1830922E+01 -0.1036054E-07
  0.1766554E+01 -0.1033998E-07
  0.1697350E+01 -0.1035215E-07
  0.1620109E+01 -0.1034177E-07
  0.1533579E+01 -0.1032543E-07
  0.1442942E+01 -0.1031106E-07
  0.1345332E+01 -0.1031580E-07
  0.1239967E+01 -0.1030084E-07
  0.1131368E+01 -0.1029861E-07
  0.1017159E+01 -0.1030488E-07
  0.8970723E+00 -0.1027440E-07
  0.7747793E+00 -0.1026894E-07
  0.6484942E+00 -0.1024536E-07
  0.5184552E+00 -0.1022798E-07
  0.3873462E+00 -0.1021832E-07
  0.2540335E+00 -0.1021422E-07
  0.1192238E+00 -0.1018973E-07
 -0.1550064E-01 -0.1016538E-07
 -0.1504917E+00 -0.1016441E-07
 -0.2846346E+00 -0.1013483E-07
 -0.4175234E+00 -0.1012016E-07
 -0.5487609E+00 -0.1010972E-07
 -0.6769007E+00 -0.1007895E-07
 -0.8027232E+00 -0.1007206E-07
 -0.9250446E+00 -0.1005517E-07
 -0.1042112E+01 -0.1003379E-07
 -0.1155884E+01 -0.1001650E-07
 -0.1264515E+01 -0.1000815E-07
 -0.1365921E+01 -0.9976504E-08
 -0.1463116E+01 -0.9958987E-08
 -0.1553765E+01 -0.9953718E-08
 -0.1635619E+01 -0.9932348E-08
 -0.1712619E+01 -0.9916203E-08
 -0.1781937E+01 -0.9912331E-08
 -0.1841182E+01 -0.9887119E-08
 -0.1895089E+01 -0.9874366E-08
 -0.1940519E+01 -0.9877960E-08
 -0.1975009E+01 -0.9858674E-08
 -0.2003967E+01 -0.9850760E-08
 -0.2024111E+01 -0.9851457E-08
 -0.2034220E+01 -0.9847348E-08
 -0.2041811E+01 -0.9893075E-08
 -0.2034594E+01 -0.9904286E-08
 -0.2017851E+01 -0.9921766E-08
 -0.1992463E+01 -0.9935104E-08
 -0.1958678E+01 -0.9931949E-08
 -0.1916350E+01 -0.9938542E-08
 -0.1865535E+01 -0.9933727E-08
 -0.1806482E+01 -0.9942757E-08
 -0.1739525E+01 -0.9948224E-08
 -0.1664989E+01 -0.9963278E-08
 -0.1583197E+01 -0.9974724E-08
 -0.1494466E+01 -0.9979307E-08
 -0.1399131E+01 -0.1000688E-07
 -0.1297619E+01 -0.1001303E-07
 -0.1190462E+01 -0.1002709E-07
 -0.1078070E+01 -0.1004411E-07
 -0.9607860E+00 -0.1005086E-07
 -0.8391445E+00 -0.1007342E-07
 -0.7137969E+00 -0.1007250E-07
 -0.5844752E+00 -0.1005970E-07
 -0.4540369E+00 -0.1004766E-07
 -0.3244973E+00 -0.1006441E-07
 -0.1949700E+00 -0.1010458E-07
 -0.6549713E-01 -0.1019597E-07
 -0.4949098E-01 -0.8324532E-08
 -0.4214022E-01 -0.8005975E-08
 -0.3747382E-01 -0.7973847E-08
 -0.3401213E-01 -0.7988160E-08
 -0.3112327E-01 -0.7974465E-08
 -0.2781232E-01 -0.7959265E-08
 -0.2418392E-01 -0.7949965E-08
 -0.1486151E-01 -0.7855031E-08
  0.1154214E-01 -0.7730261E-08
  0.6185670E-01 -0.7791568E-08
  0.1929370E+00 -0.7488944E-08
 -0.1042399E+01 -0.7367207E-08
  0.4462861E+00 -0.6635081E-08
  0.5626129E+00 -0.6348618E-08
  0.6478302E+00 -0.6134386E-08
  0.7004910E+00 -0.5988141E-08
  0.7193744E+00 -0.5960086E-08
  0.7024100E+00 -0.5998876E-08
  0.6518778E+00 -0.6146105E-08
  0.5751956E+00 -0.6367831E-08
  0.4753580E+00 -0.6657203E-08
  0.3544882E+00 -0.7014574E-08
  0.2185109E+00 -0.7406539E-08
  0.7379368E-01 -0.7834357E-08
 -0.7379890E-01 -0.8258402E-08
 -0.2185209E+00 -0.8681734E-08
 -0.3546211E+00 -0.9080094E-08
 -0.4764814E+00 -0.9423510E-08
 -0.5785610E+00 -0.9720826E-08
 -0.6557188E+00 -0.9935875E-08
 -0.7032986E+00 -0.1007045E-07
 -0.7173993E+00 -0.1010695E-07
 -0.6981170E+00 -0.1005225E-07
 -0.6505713E+00 -0.9908868E-08
 -0.5762872E+00 -0.9681218E-08
 -0.4748956E+00 -0.9388041E-08
 -0.3509099E+00 -0.9025737E-08
 -0.2108034E+00 -0.8615108E-08
 -0.5582583E+00 -0.7450889E-08
 -0.5049762E+00 -0.7832600E-08
  0.1072934E+00 -0.8211852E-08
  0.1628495E+00 -0.8306081E-08
  0.2260796E+00 -0.8347108E-08
  0.1691096E+00 -0.8094247E-08
 -0.2515455E+00 -0.7291205E-08
  0.2988174E+00 -0.8436785E-08
  0.1821153E+00 -0.8402406E-08
  0.4120033E+00 -0.8449529E-08
  0.5215123E+00 -0.8482927E-08
  0.6271132E+00 -0.8517045E-08
  0.7279259E+00 -0.8537758E-08
  0.8256719E+00 -0.8560742E-08
  0.9197249E+00 -0.8583497E-08
  0.1009567E+01 -0.8598716E-08
  0.1094962E+01 -0.8629264E-08
  0.1175511E+01 -0.8653119E-08
  0.1250871E+01 -0.8670765E-08
  0.1320820E+01 -0.8680694E-08
  0.1385040E+01 -0.8706178E-08
  0.1443172E+01 -0.8724351E-08
  0.1495009E+01 -0.8740979E-08
  0.1540356E+01 -0.8753130E-08
  0.1579032E+01 -0.8772700E-08
  0.1610887E+01 -0.8772456E-08
  0.1635717E+01 -0.8782924E-08
  0.1653510E+01 -0.8782783E-08
  0.1664263E+01 -0.8798930E-08
  0.1667738E+01 -0.8797477E-08
  0.1663964E+01 -0.8801067E-08
  0.1653023E+01 -0.8800900E-08
  0.1634792E+01 -0.8796717E-08
  0.1609414E+01 -0.8778391E-08
  0.1577092E+01 -0.8788595E-08
  0.1537811E+01 -0.8776039E-08
  0.1491746E+01 -0.8762164E-08
  0.1439217E+01 -0.8747709E-08
  0.1380309E+01 -0.8730389E-08
  0.1315265E+01 -0.8718708E-08
  0.1244470E+01 -0.8700121E-08
  0.1168140E+01 -0.8680410E-08
  0.1086582E+01 -0.8661393E-08
  0.1000249E+01 -0.8634460E-08
  0.9094631E+00 -0.8626794E-08
  0.8145852E+00 -0.8585899E-08
  0.7161428E+00 -0.8559446E-08
  0.6145144E+00 -0.8540600E-08
  0.5101436E+00 -0.8504442E-08
  0.4036061E+00 -0.8471042E-08
  0.2952820E+00 -0.8442839E-08
  0.1855522E+00 -0.8418815E-08
  0.7499982E-01 -0.8387691E-08
 -0.3582493E-01 -0.8356971E-08
 -0.1464289E+00 -0.8333346E-08
 -0.2563003E+00 -0.8296508E-08
 -0.3649524E+00 -0.8265233E-08
 -0.4719324E+00 -0.8237215E-08
 -0.5768054E+00 -0.8197643E-08
 -0.6790626E+00 -0.8168170E-08
 -0.7782099E+00 -0.8139953E-08
 -0.8740125E+00 -0.8105880E-08
 -0.9660051E+00 -0.8083511E-08
 -0.1053608E+01 -0.8060320E-08
 -0.1136551E+01 -0.8035366E-08
 -0.1214494E+01 -0.8017098E-08
 -0.1287089E+01 -0.7987174E-08
 -0.1354146E+01 -0.7967794E-08
 -0.1415330E+01 -0.7941297E-08
 -0.1470285E+01 -0.7923831E-08
 -0.1518911E+01 -0.7911583E-08
 -0.1560989E+01 -0.7894424E-08
 -0.1596300E+01 -0.7885280E-08
 -0.1624718E+01 -0.7883357E-08
 -0.1646111E+01 -0.7874726E-08
 -0.1660484E+01 -0.7871012E-08
 -0.1667984E+01 -0.7858249E-08
 -0.1668533E+01 -0.7869923E-08
 -0.1661748E+01 -0.7874740E-08
 -0.1647517E+01 -0.7886665E-08
 -0.1626033E+01 -0.7892009E-08
 -0.1597348E+01 -0.7900023E-08
 -0.1561337E+01 -0.7910685E-08
 -0.1518197E+01 -0.7931852E-08
 -0.1468343E+01 -0.7931447E-08
 -0.1412107E+01 -0.7951390E-08
 -0.1349817E+01 -0.7963753E-08
 -0.1281684E+01 -0.7977376E-08
 -0.1207897E+01 -0.7996310E-08
 -0.1128734E+01 -0.8024093E-08
 -0.1044656E+01 -0.8044954E-08
 -0.9562053E+00 -0.8073565E-08
 -0.8634993E+00 -0.8098099E-08
 -0.7667066E+00 -0.8129726E-08
 -0.6664487E+00 -0.8159474E-08
 -0.5635177E+00 -0.8172720E-08
 -0.4588890E+00 -0.8204475E-08
 -0.3541111E+00 -0.8217888E-08
 -0.2506344E+00 -0.8249211E-08
 -0.1490294E+00 -0.8283649E-08
 -0.1277547E+00 -0.7991209E-08
  0.4319748E-01 -0.7466666E-08
 -0.1137254E+00 -0.7948950E-08
 -0.1031102E+00 -0.7965623E-08
 -0.9302472E-01 -0.7971808E-08
 -0.8269542E-01 -0.7962420E-08
 -0.7546284E-01 -0.7937468E-08
  0.1496099E+00 -0.6720309E-08
 -0.2799046E-01 -0.7639576E-08
  0.1803471E+00 -0.6585246E-08
 -0.2681878E+00 -0.7435549E-08
  0.1046616E+00 -0.6915026E-08
  0.2004725E+00 -0.6485558E-08
  0.2077504E+00 -0.6461293E-08
  0.2005846E+00 -0.6495676E-08
  0.1814963E+00 -0.6594418E-08
  0.1593824E+00 -0.6754561E-08
  0.1332958E+00 -0.6952790E-08
  0.9969894E-01 -0.7194516E-08
  0.6123806E-01 -0.7464960E-08
  0.2067915E-01 -0.7754000E-08
 -0.2046537E-01 -0.8060187E-08
 -0.6098885E-01 -0.8346417E-08
 -0.9964566E-01 -0.8617037E-08
 -0.1352480E+00 -0.8858462E-08
 -0.1660474E+00 -0.9068120E-08
 -0.1898072E+00 -0.9202108E-08
 -0.2033749E+00 -0.9299115E-08
 -0.2040185E+00 -0.9308633E-08
 -0.1939600E+00 -0.9287223E-08
 -0.1808670E+00 -0.9197848E-08
 -0.1619242E+00 -0.9039475E-08
 -0.1318057E+00 -0.8832560E-08
 -0.9311245E-01 -0.8601744E-08
 -0.4962874E-01 -0.8353958E-08
  0.2680308E+00 -0.8061900E-08
  0.3186077E+00 -0.8447242E-08
 -0.9629712E-01 -0.7820217E-08
  0.9181023E-01 -0.8382510E-08
  0.1918253E+00 -0.8143156E-08
  0.2563494E+00 -0.8483947E-08
  0.2743995E+00 -0.8135640E-08
  0.1722628E+00 -0.8431122E-08
  0.6580294E+00 -0.8293994E-08
  0.7460058E+00 -0.8315610E-08
  0.8302001E+00 -0.8351521E-08
  0.9100363E+00 -0.8378828E-08
  0.9858056E+00 -0.8401738E-08
  0.1057242E+01 -0.8425083E-08
  0.1123949E+01 -0.8452989E-08
  0.1185694E+01 -0.8475792E-08
  0.1242381E+01 -0.8504010E-08
  0.1293430E+01 -0.8517621E-08
  0.1338665E+01 -0.8528143E-08
  0.1378309E+01 -0.8561738E-08
  0.1411911E+01 -0.8564639E-08
  0.1439075E+01 -0.8575384E-08
  0.1460150E+01 -0.8593024E-08
  0.1475258E+01 -0.8588089E-08
  0.1484091E+01 -0.8597632E-08
  0.1486569E+01 -0.8602296E-08
  0.1482674E+01 -0.8598530E-08
  0.1472145E+01 -0.8585424E-08
  0.1455086E+01 -0.8600892E-08
  0.1431740E+01 -0.8581195E-08
  0.1402014E+01 -0.8570121E-08
  0.1366139E+01 -0.8558630E-08
  0.1324344E+01 -0.8545382E-08
  0.1276654E+01 -0.8533620E-08
  0.1223305E+01 -0.8515380E-08
  0.1164621E+01 -0.8483720E-08
  0.1100733E+01 -0.8462028E-08
  0.1031939E+01 -0.8441013E-08
  0.9586151E+00 -0.8415194E-08
  0.8809909E+00 -0.8389433E-08
  0.7994326E+00 -0.8363252E-08
  0.7143540E+00 -0.8328326E-08
  0.6260962E+00 -0.8297727E-08
  0.5350534E+00 -0.8263989E-08
  0.4417526E+00 -0.8231474E-08
  0.3466986E+00 -0.8192504E-08
  0.2498735E+00 -0.8152342E-08
  0.1515440E+00 -0.8121118E-08
  0.5238145E-01 -0.8087890E-08
 -0.4690004E-01 -0.8047973E-08
 -0.1457659E+00 -0.8022073E-08
 -0.2438213E+00 -0.7980751E-08
 -0.3407029E+00 -0.7937818E-08
 -0.4359562E+00 -0.7902794E-08
 -0.5291668E+00 -0.7869102E-08
 -0.6198996E+00 -0.7842017E-08
 -0.7075775E+00 -0.7808815E-08
 -0.7925195E+00 -0.7772766E-08
 -0.8740747E+00 -0.7748559E-08
 -0.9513434E+00 -0.7709552E-08
 -0.1024423E+01 -0.7685261E-08
 -0.1093125E+01 -0.7661422E-08
 -0.1156976E+01 -0.7632342E-08
 -0.1215935E+01 -0.7601649E-08
 -0.1269650E+01 -0.7588255E-08
 -0.1317551E+01 -0.7570582E-08
 -0.1359823E+01 -0.7553031E-08
 -0.1396539E+01 -0.7543496E-08
 -0.1427004E+01 -0.7526308E-08
 -0.1451065E+01 -0.7521266E-08
 -0.1468960E+01 -0.7514140E-08
 -0.1480895E+01 -0.7509039E-08
 -0.1486692E+01 -0.7504670E-08
 -0.1486321E+01 -0.7511239E-08
 -0.1480035E+01 -0.7515655E-08
 -0.1467459E+01 -0.7520870E-08
 -0.1448168E+01 -0.7525501E-08
 -0.1421998E+01 -0.7541544E-08
 -0.1388373E+01 -0.7541693E-08
 -0.1348029E+01 -0.7560525E-08
 -0.1301803E+01 -0.7564675E-08
 -0.1250232E+01 -0.7594125E-08
 -0.1193722E+01 -0.7610011E-08
 -0.1132227E+01 -0.7625145E-08
 -0.1065661E+01 -0.7653528E-08
 -0.9943542E+00 -0.7690043E-08
 -0.9191826E+00 -0.7714659E-08
 -0.8408938E+00 -0.7739739E-08
 -0.7585358E+00 -0.7771239E-08
 -0.6719141E+00 -0.7794011E-08
 -0.5824867E+00 -0.7832580E-08
 -0.4913250E+00 -0.7860161E-08
 -0.3991115E+00 -0.7891829E-08
 -0.3073312E+00 -0.7922099E-08
 -0.2166124E+00 -0.7958188E-08
 -0.1133181E+00 -0.6893538E-08
 -0.1051290E+00 -0.7119725E-08
 -0.1765053E+00 -0.7943545E-08
 -0.1589726E+00 -0.7933806E-08
  0.3356738E+00 -0.8434958E-08
 -0.1394179E+00 -0.7907945E-08
 -0.1272881E+00 -0.7863624E-08
 -0.6820891E-02 -0.7353477E-08
 -0.1162188E+00 -0.6817410E-08
 -0.1166567E+00 -0.6792876E-08
 -0.1937120E+00 -0.7922008E-08
 -0.1183644E+00 -0.6820481E-08
 -0.1219152E+00 -0.6906797E-08
 -0.1077560E+00 -0.7036460E-08
 -0.8148346E-01 -0.7195389E-08
 -0.5877770E-01 -0.7391129E-08
 -0.3662694E-01 -0.7619676E-08
 -0.1291083E-01 -0.7858788E-08
  0.1252249E-01 -0.8119344E-08
  0.3763312E-01 -0.8354740E-08
  0.6016689E-01 -0.8576718E-08
  0.7874076E-01 -0.8772003E-08
  0.9292272E-01 -0.8937184E-08
  0.1034473E+00 -0.9058397E-08
  0.1125514E+00 -0.9124207E-08
  0.1223485E+00 -0.9138089E-08
  0.1317980E+00 -0.9125084E-08
  0.1221901E+00 -0.9061585E-08
  0.1003177E+00 -0.8930329E-08
  0.8543704E-01 -0.8764449E-08
  0.7476968E-01 -0.8588111E-08
 -0.1057397E+00 -0.6973855E-08
  0.3782067E+00 -0.8180996E-08
  0.5696272E+00 -0.8237405E-08
  0.4759095E+00 -0.8190243E-08
  0.4732884E-01 -0.7137023E-08
  0.4220897E+00 -0.8408816E-08
  0.2241443E+00 -0.8615926E-08
  0.5843381E+00 -0.8298495E-08
  0.6698530E+00 -0.8322686E-08
  0.8872426E+00 -0.8426416E-08
  0.9519935E+00 -0.8441295E-08
  0.1012115E+01 -0.8474437E-08
  0.1067440E+01 -0.8498229E-08
  0.1118308E+01 -0.8516756E-08
  0.1163685E+01 -0.8546505E-08
  0.1203705E+01 -0.8566655E-08
  0.1239126E+01 -0.8568663E-08
  0.1268540E+01 -0.8589478E-08
  0.1290902E+01 -0.8609179E-08
  0.1308121E+01 -0.8615919E-08
  0.1321452E+01 -0.8628373E-08
  0.1329881E+01 -0.8632719E-08
  0.1332265E+01 -0.8627230E-08
  0.1329364E+01 -0.8641460E-08
  0.1319945E+01 -0.8626840E-08
  0.1303912E+01 -0.8620050E-08
  0.1282742E+01 -0.8605621E-08
  0.1255646E+01 -0.8594588E-08
  0.1222573E+01 -0.8583294E-08
  0.1184766E+01 -0.8569716E-08
  0.1141545E+01 -0.8545125E-08
  0.1092854E+01 -0.8522913E-08
  0.1039920E+01 -0.8508865E-08
  0.9822515E+00 -0.8468334E-08
  0.9198508E+00 -0.8452198E-08
  0.8538606E+00 -0.8414876E-08
  0.7839543E+00 -0.8390197E-08
  0.7102779E+00 -0.8351178E-08
  0.6338564E+00 -0.8309319E-08
  0.5545521E+00 -0.8281368E-08
  0.4725701E+00 -0.8246198E-08
  0.3890823E+00 -0.8204951E-08
  0.3049152E+00 -0.8163134E-08
  0.2179790E+00 -0.8135078E-08
  0.1285980E+00 -0.8098480E-08
  0.3813758E-01 -0.8049331E-08
 -0.5206760E-01 -0.8009613E-08
 -0.1413914E+00 -0.7969472E-08
 -0.2297671E+00 -0.7938064E-08
 -0.3170641E+00 -0.7891548E-08
 -0.4028837E+00 -0.7852785E-08
 -0.4865019E+00 -0.7796910E-08
 -0.5671654E+00 -0.7771757E-08
 -0.6440583E+00 -0.7733322E-08
 -0.7200499E+00 -0.7694222E-08
 -0.7927905E+00 -0.7678557E-08
 -0.8606889E+00 -0.7636612E-08
 -0.9257057E+00 -0.7612172E-08
 -0.9868150E+00 -0.7587501E-08
 -0.1043372E+01 -0.7554616E-08
 -0.1096045E+01 -0.7533477E-08
 -0.1143330E+01 -0.7509530E-08
 -0.1184625E+01 -0.7489452E-08
 -0.1221889E+01 -0.7471147E-08
 -0.1254654E+01 -0.7452565E-08
 -0.1280777E+01 -0.7447309E-08
 -0.1300863E+01 -0.7429046E-08
 -0.1316291E+01 -0.7423195E-08
 -0.1327713E+01 -0.7416410E-08
 -0.1333773E+01 -0.7412258E-08
 -0.1333817E+01 -0.7423066E-08
 -0.1329999E+01 -0.7422477E-08
 -0.1320593E+01 -0.7424525E-08
 -0.1303681E+01 -0.7433829E-08
 -0.1280132E+01 -0.7449113E-08
 -0.1246728E+01 -0.7458169E-08
 -0.1206641E+01 -0.7461970E-08
 -0.1161979E+01 -0.7498857E-08
 -0.1113698E+01 -0.7515582E-08
 -0.1062521E+01 -0.7533596E-08
 -0.1007067E+01 -0.7560020E-08
 -0.9464840E+00 -0.7590113E-08
 -0.8818362E+00 -0.7626096E-08
 -0.8154984E+00 -0.7652504E-08
 -0.7491360E+00 -0.7666984E-08
 -0.6772194E+00 -0.7707312E-08
 -0.5987483E+00 -0.7730151E-08
 -0.5189250E+00 -0.7776520E-08
 -0.4390743E+00 -0.7806586E-08
 -0.3572487E+00 -0.7841387E-08
 -0.2757828E+00 -0.7881950E-08
 -0.3965338E+00 -0.7081767E-08
 -0.4017770E+00 -0.7066703E-08
  0.3327329E+00 -0.8118993E-08
 -0.1163978E+00 -0.7298293E-08
 -0.3651205E+00 -0.7119338E-08
  0.4337002E+00 -0.8473680E-08
  0.3496645E+00 -0.8180490E-08
 -0.2296361E+00 -0.7897883E-08
  0.1020241E+00 -0.8196623E-08
 -0.4011804E+00 -0.7174476E-08
  0.7473742E+00 -0.8354212E-08
 -0.3949624E+00 -0.7087986E-08
  0.6545313E-01 -0.8190271E-08
  0.4108258E+00 -0.8271122E-08
 -0.2652619E+00 -0.7402915E-08
 -0.1932714E+00 -0.7561925E-08
 -0.1209451E+00 -0.7748215E-08
 -0.4383025E-01 -0.7969662E-08
  0.4058329E-01 -0.8194802E-08
  0.1244225E+00 -0.8416370E-08
  0.1999019E+00 -0.8617363E-08
  0.2647540E+00 -0.8782621E-08
  0.3176093E+00 -0.8920138E-08
  0.3578945E+00 -0.9022557E-08
  0.3865280E+00 -0.9072624E-08
  0.4056816E+00 -0.9084092E-08
  0.4319370E+00 -0.9095332E-08
  0.4034595E+00 -0.9058506E-08
  0.3272660E+00 -0.8898134E-08
  0.2728670E+00 -0.8757829E-08
 -0.3183920E+00 -0.7169464E-08
 -0.2550303E+00 -0.7927517E-08
  0.8186789E+00 -0.8393974E-08
 -0.1958038E+00 -0.7824841E-08
  0.2470824E+00 -0.8102742E-08
 -0.3529103E+00 -0.7284214E-08
 -0.1890794E+00 -0.7817360E-08
  0.5212550E+00 -0.8485745E-08
  0.5046585E+00 -0.8345518E-08
 -0.3774250E+00 -0.7690197E-08
 -0.3085048E+00 -0.7738495E-08
  0.4309024E+00 -0.8110493E-08
  0.5914916E+00 -0.8359226E-08
 -0.6560642E+00 -0.7332084E-08
  0.7859886E+00 -0.8482845E-08
  0.8474981E+00 -0.8509771E-08
  0.9983347E+00 -0.8583226E-08
  0.1038834E+01 -0.8611601E-08
  0.1073261E+01 -0.8634803E-08
  0.1107237E+01 -0.8634947E-08
  0.1132481E+01 -0.8644694E-08
  0.1145424E+01 -0.8671791E-08
  0.1155706E+01 -0.8703632E-08
  0.1169744E+01 -0.8701271E-08
  0.1180955E+01 -0.8705580E-08
  0.1183864E+01 -0.8712885E-08
  0.1184947E+01 -0.8695811E-08
  0.1177418E+01 -0.8688122E-08
  0.1160911E+01 -0.8693839E-08
  0.1143557E+01 -0.8675930E-08
  0.1119193E+01 -0.8659468E-08
  0.1087167E+01 -0.8654777E-08
  0.1054748E+01 -0.8619406E-08
  0.1015950E+01 -0.8605674E-08
  0.9702089E+00 -0.8589197E-08
  0.9241675E+00 -0.8544811E-08
  0.8725471E+00 -0.8527826E-08
  0.8149624E+00 -0.8513999E-08
  0.7571524E+00 -0.8473387E-08
  0.6947227E+00 -0.8433309E-08
  0.6275974E+00 -0.8396922E-08
  0.5603936E+00 -0.8346952E-08
  0.4896441E+00 -0.8318229E-08
  0.4151098E+00 -0.8289602E-08
  0.3408923E+00 -0.8221668E-08
  0.2708730E+00 -0.8163740E-08
  0.1940771E+00 -0.8142683E-08
  0.1118609E+00 -0.8124928E-08
  0.2774555E-01 -0.8067826E-08
 -0.5447842E-01 -0.8013573E-08
 -0.1349363E+00 -0.7975893E-08
 -0.2146751E+00 -0.7935332E-08
 -0.2937640E+00 -0.7889001E-08
 -0.3724151E+00 -0.7853427E-08
 -0.4467263E+00 -0.7756877E-08
 -0.5151976E+00 -0.7736456E-08
 -0.5780111E+00 -0.7739055E-08
 -0.6474072E+00 -0.7672697E-08
 -0.7114276E+00 -0.7651455E-08
 -0.7683814E+00 -0.7634628E-08
 -0.8276181E+00 -0.7583914E-08
 -0.8825751E+00 -0.7564099E-08
 -0.9314709E+00 -0.7529710E-08
 -0.9794691E+00 -0.7496654E-08
 -0.1019809E+01 -0.7466720E-08
 -0.1051811E+01 -0.7461437E-08
 -0.1085558E+01 -0.7433674E-08
 -0.1117100E+01 -0.7422496E-08
 -0.1137793E+01 -0.7408607E-08
 -0.1153064E+01 -0.7396614E-08
 -0.1167891E+01 -0.7396757E-08
 -0.1183360E+01 -0.7372159E-08
 -0.1191611E+01 -0.7381419E-08
 -0.1190318E+01 -0.7391082E-08
 -0.1191889E+01 -0.7378095E-08
 -0.1187164E+01 -0.7406346E-08
 -0.1170938E+01 -0.7377694E-08
 -0.1152504E+01 -0.7421022E-08
 -0.1115373E+01 -0.7400240E-08
 -0.1072475E+01 -0.7436803E-08
 -0.1026830E+01 -0.7475652E-08
 -0.9810205E+00 -0.7487420E-08
 -0.9376630E+00 -0.7505649E-08
 -0.8891559E+00 -0.7538902E-08
 -0.8329403E+00 -0.7572399E-08
 -0.7733710E+00 -0.7615121E-08
 -0.7161812E+00 -0.7646247E-08
 -0.6687298E+00 -0.7626746E-08
 -0.6096694E+00 -0.7650938E-08
 -0.5338126E+00 -0.7746632E-08
 -0.4617397E+00 -0.7774545E-08
 -0.3989293E+00 -0.7786308E-08
  0.7227343E+00 -0.8445991E-08
  0.6627964E+00 -0.8384934E-08
  0.4926998E+00 -0.8297453E-08
 -0.7848510E-01 -0.8066152E-08
 -0.4484080E+00 -0.7578132E-08
 -0.6144161E+00 -0.7348606E-08
 -0.5557874E+00 -0.7595512E-08
 -0.2961434E+00 -0.7843244E-08
  0.3343562E+00 -0.8368961E-08
 -0.6620823E+00 -0.7300587E-08
  0.5102549E+00 -0.8569729E-08
  0.3734227E+00 -0.8690020E-08
 -0.4378127E+00 -0.7584840E-08
 -0.3215806E+00 -0.7693722E-08
  0.6903321E-01 -0.8289970E-08
  0.2162583E+00 -0.8488099E-08
  0.3436134E+00 -0.8668430E-08
  0.4522198E+00 -0.8796033E-08
  0.5419869E+00 -0.8910410E-08
  0.6107479E+00 -0.8998534E-08
  0.6571559E+00 -0.9038811E-08
  0.6722429E+00 -0.9044216E-08
  0.5073515E-01 -0.8061734E-08
  0.6569745E+00 -0.9153296E-08
  0.5440966E+00 -0.8912975E-08
  0.4519271E+00 -0.8764595E-08
 -0.5325290E+00 -0.7505620E-08
  0.9028432E+00 -0.8537120E-08
 -0.2038217E+00 -0.7874803E-08
  0.9513718E+00 -0.8576418E-08
  0.6330673E-01 -0.8490581E-08
  0.6206598E+00 -0.8542249E-08
 -0.3268416E+00 -0.7819173E-08
 -0.2487234E+00 -0.7747524E-08
  0.6830408E+00 -0.8575712E-08
  0.9275014E-01 -0.8569246E-08
  0.1447079E+00 -0.8034875E-08
 -0.8838497E+00 -0.7526875E-08
 -0.4295183E+00 -0.7899197E-08
  0.9452409E+00 -0.8717089E-08
  0.7479705E+00 -0.8520555E-08
  0.8847246E+00 -0.8601363E-08
  0.9198714E+00 -0.8637418E-08
  0.1010027E+01 -0.8658438E-08
  0.9974064E+00 -0.8726855E-08
  0.9814427E+00 -0.8787027E-08
  0.1004045E+01 -0.8744339E-08
  0.1036974E+01 -0.8764265E-08
  0.1036819E+01 -0.8796606E-08
  0.1049638E+01 -0.8731753E-08
  0.1044469E+01 -0.8729800E-08
  0.1020339E+01 -0.8784357E-08
  0.1012520E+01 -0.8700124E-08
  0.9914487E+00 -0.8690463E-08
  0.9536699E+00 -0.8731857E-08
  0.9320294E+00 -0.8646623E-08
  0.8987051E+00 -0.8625722E-08
  0.8495067E+00 -0.8665629E-08
  0.8149962E+00 -0.8567055E-08
  0.7706931E+00 -0.8544971E-08
  0.7120383E+00 -0.8589191E-08
  0.6659697E+00 -0.8473237E-08
  0.6125084E+00 -0.8444469E-08
  0.5468695E+00 -0.8462313E-08
  0.4911840E+00 -0.8352040E-08
  0.4302122E+00 -0.8320259E-08
  0.3577290E+00 -0.8359854E-08
  0.2902733E+00 -0.8236170E-08
  0.1901903E+00 -0.8194813E-08
  0.1995938E-01 -0.8049620E-08
 -0.5228968E-01 -0.7982733E-08
 -0.1249622E+00 -0.8010437E-08
 -0.1985648E+00 -0.7884867E-08
 -0.2694986E+00 -0.7852506E-08
 -0.3535278E+00 -0.7935864E-08
 -0.5048617E+00 -0.7878180E-08
 -0.6099306E+00 -0.7705241E-08
 -0.6678706E+00 -0.7643907E-08
 -0.7312728E+00 -0.7520293E-08
 -0.7813643E+00 -0.7511803E-08
 -0.8188063E+00 -0.7524916E-08
 -0.8679607E+00 -0.7446654E-08
 -0.8967890E+00 -0.7401256E-08
 -0.9044663E+00 -0.7448826E-08
 -0.9402624E+00 -0.7355984E-08
 -0.9881879E+00 -0.7370975E-08
 -0.9985302E+00 -0.7391439E-08
 -0.1004764E+01 -0.7357253E-08
 -0.1021406E+01 -0.7361044E-08
 -0.1049947E+01 -0.7303729E-08
 -0.1062045E+01 -0.7316530E-08
 -0.1054492E+01 -0.7391598E-08
  0.2394697E+00 -0.8213258E-08
 -0.1001963E+01 -0.7387275E-08
 -0.9448312E+00 -0.7429319E-08
 -0.8931333E+00 -0.7473227E-08
 -0.8463699E+00 -0.7465297E-08
 -0.8195557E+00 -0.7443143E-08
 -0.7812598E+00 -0.7489279E-08
 -0.7250623E+00 -0.7565660E-08
 -0.6640766E+00 -0.7600830E-08
 -0.6120452E+00 -0.7673631E-08
 -0.7094631E+00 -0.7086321E-08
  0.7983068E+00 -0.8562191E-08
 -0.1080182E+00 -0.8285096E-08
 -0.6130486E+00 -0.7806978E-08
 -0.8184088E+00 -0.7643099E-08
 -0.6985995E+00 -0.7641736E-08
  0.5876191E+00 -0.8752123E-08
 -0.2967970E+00 -0.8008580E-08
  0.2977203E+00 -0.8645956E-08
 -0.2075559E+00 -0.7731113E-08
  0.8356184E+00 -0.8649794E-08
  0.4649490E+00 -0.8750038E-08
  0.6077904E+00 -0.8873954E-08
  0.7265810E+00 -0.8977739E-08
  0.8172603E+00 -0.9057247E-08
  0.8757305E+00 -0.9083811E-08
  0.8833312E+00 -0.8990820E-08
 -0.6447955E-01 -0.7741815E-08
  0.8312689E+00 -0.9095966E-08
  0.7177472E+00 -0.8969340E-08
 -0.2541404E-01 -0.7991534E-08
 -0.8612568E+00 -0.7437047E-08
  0.9862005E+00 -0.8651217E-08
 -0.6773039E+00 -0.7376271E-08
 -0.8786708E+00 -0.7397724E-08
 -0.1052477E+01 -0.7475590E-08
 -0.8971020E+00 -0.7365360E-08
 -0.5708359E+00 -0.7780146E-08
 -0.7201175E+00 -0.7697138E-08
  0.2107421E+00 -0.8234579E-08
 -0.2419135E+00 -0.7728870E-08
 -0.1210429E+00 -0.7530233E-08
 -0.4847399E+00 -0.7729379E-08
 -0.3486929E+00 -0.7889879E-08
 -0.1468565E+00 -0.8083896E-08
  0.1381639E+00 -0.7169410E-08
  0.3074696E+00 -0.6988256E-08
  0.7867365E+00 -0.8893830E-08
  0.7110355E+00 -0.9090218E-08
  0.5868879E+00 -0.8348201E-08
 -0.7111653E+00 -0.7385269E-08
 -0.4045439E+00 -0.7847770E-08
 -0.6828761E+00 -0.7450893E-08
 -0.9439834E+00 -0.7288893E-08
 -0.5770540E+00 -0.7591855E-08
 -0.1068521E+01 -0.7277539E-08
 -0.1536963E-01 -0.8010392E-08
 -0.8773133E+00 -0.7529126E-08
 -0.3864943E+00 -0.7848050E-08
 -0.7789140E+00 -0.7405581E-08
  0.8959480E+00 -0.8695261E-08
 -0.2094707E+00 -0.7855859E-08
  0.7943673E+00 -0.8674587E-08
  0.4010026E+00 -0.8355396E-08
 -0.6664444E+00 -0.7501610E-08
  0.6812397E+00 -0.8601504E-08
 -0.6961643E+00 -0.7440352E-08
  0.5588306E+00 -0.8499017E-08
  0.6944356E+00 -0.8609855E-08
  0.8028738E+00 -0.8684529E-08
  0.8805341E+00 -0.8753826E-08
  0.9235002E+00 -0.8794085E-08
  0.8989520E+00 -0.8921785E-08
 -0.9041549E+00 -0.7336971E-08
 -0.5842951E+00 -0.7672645E-08
 -0.4416239E+00 -0.7771034E-08
 -0.8797896E+00 -0.7235270E-08
  0.8822740E+00 -0.8749984E-08
 -0.7710895E+00 -0.7249257E-08
 -0.5127167E+00 -0.7533597E-08
  0.1259943E+00 -0.1501774E-08
  0.1426303E+00  0.2861351E-09
  0.1659018E+00  0.7741887E-09
  0.1894452E+00  0.9240697E-09
  0.2125117E+00  0.9423331E-09
  0.2350039E+00  0.9047658E-09
  0.2569371E+00  0.8460937E-09
  0.2783310E+00  0.7810795E-09
  0.2992049E+00  0.7176266E-09
  0.3195784E+00  0.6589083E-09
  0.3394218E+00  0.6058523E-09
  0.3587333E+00  0.5591614E-09
  0.3775067E+00  0.5183819E-09
  0.3957815E+00  0.4831122E-09
  0.4136493E+00  0.4528362E-09
  0.4313059E+00  0.4271639E-09
  0.4492505E+00  0.4055832E-09
  0.4684953E+00  0.3886858E-09
  0.4912821E+00  0.3775918E-09
  0.5229350E+00  0.3749759E-09
  0.1545925E+01  0.7386989E-09
  0.2501327E+01  0.1077647E-08
  0.3347436E+01  0.1376586E-08
  0.4047240E+01  0.1622654E-08
  0.4570182E+01  0.1805252E-08
  0.4893323E+01  0.1916191E-08
  0.5002545E+01  0.1950253E-08
  0.4893171E+01  0.1907306E-08
  0.4569991E+01  0.1787669E-08
  0.4047083E+01  0.1597201E-08
  0.3347310E+01  0.1344356E-08
  0.2501204E+01  0.1040564E-08
  0.1545807E+01  0.6981277E-09
  0.5228398E+00  0.3323090E-09
 -0.5229813E+00 -0.4059205E-10
 -0.1545945E+01 -0.4042049E-09
 -0.2501342E+01 -0.7429916E-09
 -0.3347423E+01 -0.1041976E-08
 -0.4047190E+01 -0.1288015E-08
 -0.4570104E+01 -0.1470471E-08
 -0.4893263E+01 -0.1581420E-08
 -0.5002556E+01 -0.1615916E-08
 -0.4893220E+01 -0.1572521E-08
 -0.4570040E+01 -0.1452951E-08
 -0.4047105E+01 -0.1262942E-08
 -0.3347310E+01 -0.1010088E-08
 -0.2501233E+01 -0.7055776E-09
 -0.1545841E+01 -0.3631624E-09
 -0.5228913E+00  0.2299955E-11
 -0.4912176E+00  0.1182217E-10
 -0.4684247E+00  0.2382957E-10
 -0.4491728E+00  0.3909004E-10
 -0.4312171E+00  0.5749277E-10
 -0.4135399E+00  0.8010459E-10
 -0.3956616E+00  0.1070195E-09
 -0.3773678E+00  0.1389725E-09
 -0.3585675E+00  0.1761250E-09
 -0.3392555E+00  0.2193732E-09
 -0.3194303E+00  0.2688899E-09
 -0.2990813E+00  0.3235822E-09
 -0.2782153E+00  0.3841259E-09
 -0.2568239E+00  0.4442626E-09
 -0.2348868E+00  0.4977490E-09
 -0.2123633E+00  0.5291840E-09
 -0.1892325E+00  0.5019974E-09
 -0.1655767E+00  0.3368702E-09
 -0.1420040E+00 -0.1798465E-09
 -0.1247648E+00 -0.2055808E-08
 -0.3699298E+00 -0.2603666E-08
 -0.5991378E+00 -0.3113679E-08
 -0.8021233E+00 -0.3568587E-08
 -0.9697891E+00 -0.3948058E-08
 -0.1095046E+01 -0.4231645E-08
 -0.1172699E+01 -0.4409941E-08
 -0.1199153E+01 -0.4471147E-08
 -0.1173084E+01 -0.4420851E-08
 -0.1095640E+01 -0.4255928E-08
 -0.9702640E+00 -0.3983357E-08
 -0.8024693E+00 -0.3615503E-08
 -0.5996319E+00 -0.3172469E-08
 -0.3705918E+00 -0.2666144E-08
 -0.1253513E+00 -0.2126330E-08
  0.1253678E+00 -0.1571100E-08
  0.3705989E+00 -0.1023778E-08
  0.5995709E+00 -0.5128836E-09
  0.8022838E+00 -0.5907785E-10
  0.9699543E+00  0.3179919E-09
  0.1095419E+01  0.6015896E-09
  0.1173093E+01  0.7808186E-09
  0.1199396E+01  0.8467295E-09
  0.1173211E+01  0.7954838E-09
  0.1095834E+01  0.6297823E-09
  0.9704592E+00  0.3588096E-09
  0.8020501E+00 -0.5488533E-11
  0.5972802E+00 -0.4487020E-09
  0.3692709E+00 -0.9563502E-09
  0.5598691E+00  0.1336046E-08
  0.6281304E+00  0.1346384E-08
  0.6946548E+00  0.1302805E-08
  0.7595139E+00  0.1239838E-08
  0.8227751E+00  0.1170180E-08
  0.8844928E+00  0.1102656E-08
  0.9447058E+00  0.1039863E-08
  0.1003362E+01  0.9836911E-09
  0.1060444E+01  0.9334397E-09
  0.1116072E+01  0.8891944E-09
  0.1170357E+01  0.8504304E-09
  0.1223277E+01  0.8172294E-09
  0.1275405E+01  0.7884718E-09
  0.1328307E+01  0.7640577E-09
  0.1385086E+01  0.7452708E-09
  0.1452358E+01  0.7347980E-09
  0.2349932E+01  0.1067466E-08
  0.3144865E+01  0.1360914E-08
  0.3802646E+01  0.1603409E-08
  0.4294073E+01  0.1782500E-08
  0.4597554E+01  0.1891051E-08
  0.4699427E+01  0.1923441E-08
  0.4596422E+01  0.1880536E-08
  0.4292838E+01  0.1763360E-08
  0.3801725E+01  0.1577057E-08
  0.3144410E+01  0.1328862E-08
  0.2349608E+01  0.1030689E-08
  0.1452061E+01  0.6945435E-09
  0.4910563E+00  0.3356805E-09
 -0.4914227E+00 -0.2995668E-10
 -0.1452426E+01 -0.3869280E-09
 -0.2349950E+01 -0.7195142E-09
 -0.3144767E+01 -0.1012899E-08
 -0.3802148E+01 -0.1254446E-08
 -0.4293355E+01 -0.1433501E-08
 -0.4596921E+01 -0.1542232E-08
 -0.4699579E+01 -0.1576258E-08
 -0.4596842E+01 -0.1533741E-08
 -0.4293194E+01 -0.1416380E-08
 -0.3801927E+01 -0.1229648E-08
 -0.3144509E+01 -0.9814298E-09
 -0.2349677E+01 -0.6829383E-09
 -0.1452167E+01 -0.3469051E-09
 -0.1384781E+01 -0.3341533E-09
 -0.1327853E+01 -0.3209064E-09
 -0.1274771E+01 -0.3052275E-09
 -0.1222524E+01 -0.2860871E-09
 -0.1169700E+01 -0.2619094E-09
 -0.1115646E+01 -0.2336316E-09
 -0.1060114E+01 -0.2003167E-09
 -0.1003034E+01 -0.1601578E-09
 -0.9444047E+00 -0.1140535E-09
 -0.8842417E+00 -0.6263224E-10
 -0.8225533E+00 -0.6760946E-11
 -0.7593163E+00  0.4970665E-10
 -0.6944681E+00  0.9866025E-10
 -0.6279176E+00  0.1232994E-09
 -0.5596356E+00  0.8698324E-10
 -0.4898185E+00 -0.9122376E-10
 -0.4204305E+00 -0.6354400E-09
 -0.6804530E+00 -0.1063199E-08
 -0.9107006E+00 -0.1442485E-08
 -0.1101092E+01 -0.1757415E-08
 -0.1243377E+01 -0.1994208E-08
 -0.1331369E+01 -0.2143165E-08
 -0.1361186E+01 -0.2197021E-08
 -0.1331486E+01 -0.2153738E-08
 -0.1243578E+01 -0.2016034E-08
 -0.1101299E+01 -0.1789030E-08
 -0.9108889E+00 -0.1482986E-08
 -0.6806759E+00 -0.1110698E-08
 -0.4207089E+00 -0.6895957E-09
 -0.1423442E+00 -0.2367933E-09
  0.1422514E+00  0.2272745E-09
  0.4206147E+00  0.6831634E-09
  0.6805712E+00  0.1109784E-08
  0.9107914E+00  0.1488912E-08
  0.1101206E+01  0.1804285E-08
  0.1243527E+01  0.2041220E-08
  0.1331532E+01  0.2191076E-08
  0.1361329E+01  0.2246000E-08
  0.1331645E+01  0.2203446E-08
  0.1243792E+01  0.2065565E-08
  0.1101593E+01  0.1839644E-08
  0.9111182E+00  0.1534160E-08
  0.6807274E+00  0.1162768E-08
  0.4208155E+00  0.7408206E-09
  0.4901203E+00  0.1199662E-08
  0.1016270E+01  0.1722063E-08
  0.1331212E+01  0.1531655E-08
  0.1431087E+01  0.1460487E-08
  0.1528461E+01  0.1394394E-08
  0.1623327E+01  0.1335030E-08
  0.1715773E+01  0.1281875E-08
  0.1806320E+01  0.1233715E-08
  0.1894598E+01  0.1193365E-08
  0.1980657E+01  0.1156927E-08
  0.2064945E+01  0.1125830E-08
  0.2149960E+01  0.1098516E-08
  0.2241279E+01  0.1077748E-08
  0.2999962E+01  0.1371554E-08
  0.4096742E+01  0.1791486E-08
  0.3628387E+01  0.1614548E-08
  0.4385636E+01  0.1899291E-08
  0.4481271E+01  0.1930519E-08
  0.4382351E+01  0.1886702E-08
  0.4092737E+01  0.1769732E-08
  0.3624812E+01  0.1583980E-08
  0.2998236E+01  0.1337412E-08
  0.2240445E+01  0.1039730E-08
  0.1384601E+01  0.7046392E-09
  0.4681883E+00  0.3470333E-09
 -0.4687220E+00 -0.1837372E-10
 -0.1385141E+01 -0.3741546E-09
 -0.2241031E+01 -0.7060243E-09
 -0.2998972E+01 -0.9984743E-09
 -0.3625848E+01 -0.1239682E-08
 -0.4094248E+01 -0.1418473E-08
 -0.4383713E+01 -0.1526780E-08
 -0.4481586E+01 -0.1561006E-08
 -0.4383586E+01 -0.1518078E-08
 -0.4094016E+01 -0.1400912E-08
 -0.3625531E+01 -0.1214786E-08
 -0.2998611E+01 -0.9673249E-09
 -0.2240646E+01 -0.6693596E-09
 -0.2148543E+01 -0.6577305E-09
 -0.1978123E+01 -0.6283887E-09
 -0.2062651E+01 -0.6444433E-09
 -0.1892654E+01 -0.6077009E-09
 -0.1805207E+01 -0.5826975E-09
 -0.1715366E+01 -0.5522568E-09
 -0.1623007E+01 -0.5157207E-09
 -0.1528137E+01 -0.4727063E-09
 -0.1430785E+01 -0.4243308E-09
 -0.1330963E+01 -0.3731638E-09
 -0.1228635E+01 -0.3199211E-09
 -0.1123714E+01 -0.2761825E-09
 -0.1016042E+01 -0.2569478E-09
 -0.9055939E+00 -0.3007640E-09
 -0.7926700E+00 -0.4922789E-09
 -0.1060851E+01 -0.8482856E-09
 -0.1448390E+01 -0.1366138E-08
 -0.1282662E+01 -0.1143464E-08
 -0.1550825E+01 -0.1505203E-08
 -0.1585495E+01 -0.1556024E-08
 -0.1550862E+01 -0.1515520E-08
 -0.1448452E+01 -0.1386214E-08
 -0.1282736E+01 -0.1173575E-08
 -0.1060974E+01 -0.8856619E-09
 -0.7928346E+00 -0.5366583E-09
 -0.4900389E+00 -0.1413380E-09
 -0.1658267E+00  0.2843374E-09
  0.1656388E+00  0.7190146E-09
  0.4898559E+00  0.1147202E-08
  0.7926692E+00  0.1547349E-08
  0.1060836E+01  0.1903866E-08
  0.1282650E+01  0.2199649E-08
  0.1448429E+01  0.2422999E-08
  0.1550910E+01  0.2562762E-08
  0.1585598E+01  0.2614093E-08
  0.1551000E+01  0.2573825E-08
  0.1448628E+01  0.2444439E-08
  0.1282924E+01  0.2232140E-08
  0.1061115E+01  0.1945112E-08
  0.7929187E+00  0.1596258E-08
  0.1123911E+01  0.1673384E-08
  0.1228850E+01  0.1604334E-08
  0.9058108E+00  0.1719508E-08
  0.2045022E+01  0.1707846E-08
  0.1914877E+01  0.1776051E-08
  0.2295593E+01  0.1589064E-08
  0.2416818E+01  0.1539295E-08
  0.2535718E+01  0.1494964E-08
  0.2652060E+01  0.1457080E-08
  0.2765570E+01  0.1423631E-08
  0.2878820E+01  0.1395060E-08
  0.4297547E+01  0.1956526E-08
  0.4200981E+01  0.1908832E-08
  0.3930150E+01  0.1814875E-08
  0.4206497E+01  0.1922975E-08
  0.3481892E+01  0.1636637E-08
  0.3923827E+01  0.1793306E-08
  0.3475232E+01  0.1606059E-08
  0.2874695E+01  0.1358540E-08
  0.2148193E+01  0.1059739E-08
  0.1327589E+01  0.7232319E-09
  0.4488650E+00  0.3635769E-09
 -0.4495309E+00 -0.3246480E-11
 -0.1328283E+01 -0.3608568E-09
 -0.2148997E+01 -0.6944333E-09
 -0.2875778E+01 -0.9886588E-09
 -0.3476881E+01 -0.1230673E-08
 -0.3926018E+01 -0.1410045E-08
 -0.4203568E+01 -0.1519182E-08
 -0.4297395E+01 -0.1553438E-08
 -0.4203430E+01 -0.1510442E-08
 -0.3925757E+01 -0.1392852E-08
 -0.3476516E+01 -0.1205728E-08
 -0.2875356E+01 -0.9569934E-09
 -0.2415885E+01 -0.8924218E-09
 -0.2295668E+01 -0.8649582E-09
 -0.2647292E+01 -0.9327895E-09
 -0.2532910E+01 -0.9151200E-09
 -0.2760422E+01 -0.9459457E-09
 -0.2172067E+01 -0.8313533E-09
 -0.2045098E+01 -0.7914303E-09
 -0.1914799E+01 -0.7458081E-09
 -0.1781192E+01 -0.6965197E-09
 -0.1644238E+01 -0.6478552E-09
 -0.1503832E+01 -0.6080553E-09
 -0.1359769E+01 -0.5933364E-09
 -0.1211966E+01 -0.6440258E-09
 -0.1811222E+01 -0.1329167E-08
 -0.1771644E+01 -0.1290074E-08
 -0.1654654E+01 -0.1144578E-08
 -0.1771650E+01 -0.1280877E-08
 -0.1465337E+01 -0.9304799E-09
 -0.1654633E+01 -0.1164285E-08
 -0.1465328E+01 -0.9598760E-09
 -0.1212004E+01 -0.6805206E-09
 -0.9056996E+00 -0.3421060E-09
 -0.5598124E+00  0.4025820E-10
 -0.1894569E+00  0.4508398E-09
  0.1891773E+00  0.8730216E-09
  0.5595477E+00  0.1286164E-08
  0.9054624E+00  0.1674455E-08
  0.1211809E+01  0.2018677E-08
  0.1465209E+01  0.2304411E-08
  0.1654583E+01  0.2521393E-08
  0.1771630E+01  0.2656826E-08
  0.1811278E+01  0.2705987E-08
  0.1771755E+01  0.2667860E-08
  0.1654805E+01  0.2541791E-08
  0.1465520E+01  0.2335799E-08
  0.1212166E+01  0.2058752E-08
  0.1504008E+01  0.2000050E-08
  0.1644394E+01  0.1927016E-08
  0.2171824E+01  0.1645212E-08
  0.1359960E+01  0.2052850E-08
  0.1781332E+01  0.1850307E-08
  0.2772867E+01  0.1842605E-08
  0.2918805E+01  0.1789583E-08
  0.3343640E+01  0.1666391E-08
  0.3767831E+01  0.1826427E-08
  0.3336814E+01  0.1637697E-08
  0.4033882E+01  0.1946939E-08
  0.4125993E+01  0.1989239E-08
  0.3772273E+01  0.1844164E-08
  0.4037593E+01  0.1954821E-08
 -0.2315075E+01 -0.1013516E-08
  0.2062386E+01  0.1086033E-08
  0.1274473E+01  0.7467650E-09
  0.4308737E+00  0.3840036E-09
 -0.4316115E+00  0.1449529E-10
 -0.1275237E+01 -0.3459670E-09
 -0.2063140E+01 -0.6816570E-09
 -0.2760871E+01 -0.9781460E-09
 -0.3337932E+01 -0.1222282E-08
 -0.3769097E+01 -0.1402814E-08
 -0.4035528E+01 -0.1512798E-08
 -0.4125602E+01 -0.1547038E-08
 -0.4035387E+01 -0.1504095E-08
 -0.3768821E+01 -0.1385419E-08
 -0.3337546E+01 -0.1197153E-08
 -0.2626149E+01 -0.1092997E-08
 -0.2472626E+01 -0.1056322E-08
 -0.2775581E+01 -0.1124753E-08
 -0.2920966E+01 -0.1150261E-08
 -0.3200768E+01 -0.1185637E-08
 -0.3062466E+01 -0.1170653E-08
 -0.1359713E+01 -0.6289975E-09
 -0.2153537E+01 -0.9663853E-09
 -0.1987938E+01 -0.9203552E-09
 -0.1818190E+01 -0.8845313E-09
 -0.1644037E+01 -0.8739086E-09
 -0.1856269E+01 -0.1103749E-08
 -0.1643928E+01 -0.9012380E-09
 -0.1987556E+01 -0.1227188E-08
 -0.2031982E+01 -0.1265305E-08
 -0.1856424E+01 -0.1083752E-08
 -0.1987645E+01 -0.1216749E-08
 -0.1016089E+01 -0.2973924E-09
 -0.6280500E+00  0.7797821E-10
 -0.2125658E+00  0.4794311E-09
  0.2122003E+00  0.8936065E-09
  0.6276974E+00  0.1298619E-08
  0.1015778E+01  0.1678279E-08
  0.1359459E+01  0.2016063E-08
  0.1643739E+01  0.2296466E-08
  0.1856189E+01  0.2506549E-08
  0.1987525E+01  0.2640061E-08
  0.2032012E+01  0.2688282E-08
  0.1987707E+01  0.2650053E-08
  0.1856526E+01  0.2527806E-08
  0.1644184E+01  0.2326173E-08
  0.2153470E+01  0.2113105E-08
  0.2624110E+01  0.1900718E-08
  0.1987970E+01  0.2192698E-08
  0.2760023E+01  0.1387877E-08
  0.1818297E+01  0.2267893E-08
  0.2314662E+01  0.2037013E-08
  0.3204684E+01  0.1700729E-08
  0.3062829E+01  0.1743221E-08
  0.2471559E+01  0.1966010E-08
  0.3129123E+01  0.2030330E-08
  0.3293211E+01  0.1974902E-08
  0.3869675E+01  0.1992161E-08
  0.3616134E+01  0.1866960E-08
  0.3202256E+01  0.1677325E-08
  0.3615060E+01  0.1883828E-08
  0.3871017E+01  0.1986373E-08
  0.3956689E+01  0.2028919E-08
 -0.2244720E+01 -0.1125274E-08
  0.1978323E+01  0.1118411E-08
 -0.3134175E+01 -0.1320587E-08
  0.4132155E+00  0.4092407E-09
  0.1222354E+01  0.7755050E-09
 -0.1223003E+01 -0.3271369E-09
 -0.1978614E+01 -0.6659694E-09
 -0.2647739E+01 -0.9651271E-09
 -0.3201137E+01 -0.1210888E-08
 -0.3614599E+01 -0.1393128E-08
 -0.3870103E+01 -0.1504519E-08
 -0.3956485E+01 -0.1539091E-08
 -0.3869978E+01 -0.1495526E-08
 -0.3614351E+01 -0.1375848E-08
 -0.3458167E+01 -0.1362675E-08
 -0.1503628E+01 -0.6434260E-09
 -0.2792019E+01 -0.1255125E-08
 -0.2965403E+01 -0.1290743E-08
 -0.3298353E+01 -0.1344605E-08
 -0.6945381E+00  0.5341930E-10
 -0.2053055E+01 -0.1091517E-08
 -0.2197987E+01 -0.1231477E-08
 -0.2431690E+01 -0.1169029E-08
 -0.2198159E+01 -0.1221205E-08
 -0.2350827E+00  0.4489893E-09
 -0.1817925E+01 -0.9122221E-09
 -0.2052800E+01 -0.1111360E-08
 -0.2247173E+01 -0.1269015E-08
 -0.1123641E+01 -0.3177240E-09
  0.2346522E+00  0.8561663E-09
  0.6941278E+00  0.1255600E-08
  0.1123276E+01  0.1629082E-08
  0.1503338E+01  0.1962074E-08
  0.1817707E+01  0.2238189E-08
  0.2052651E+01  0.2446162E-08
  0.2197910E+01  0.2576889E-08
  0.2247113E+01  0.2624566E-08
  0.2198132E+01  0.2586453E-08
  0.2053082E+01  0.2465937E-08
  0.2613190E+01  0.2229612E-08
  0.2962030E+01  0.2089661E-08
  0.2648071E+01  0.1423149E-08
  0.2244619E+01  0.2388490E-08
  0.3455591E+01  0.1925769E-08
  0.2790096E+01  0.2156730E-08
  0.2431343E+01  0.2307831E-08
 -0.4139482E+00  0.3693717E-10
 -0.2614116E+01 -0.1213532E-08
  0.3527701E+01  0.2089383E-08
  0.3785589E+01  0.2074123E-08
  0.3066027E+01  0.1718022E-08
 -0.3355765E+01 -0.1443188E-08
 -0.3960654E+00  0.6271655E-10
  0.1893454E+01  0.1154615E-08
 -0.2403349E+01 -0.1254458E-08
 -0.2533305E+01 -0.9476382E-09
 -0.3531574E+01 -0.1465830E-08
 -0.2798847E+01 -0.1340618E-08
  0.1169757E+01  0.8086600E-09
 -0.1893097E+01 -0.6458766E-09
 -0.3458354E+01 -0.1380523E-08
 -0.3702802E+01 -0.1492250E-08
 -0.3785473E+01 -0.1527493E-08
 -0.3702719E+01 -0.1483331E-08
  0.2565372E+00  0.7992949E-09
 -0.2989352E+01 -0.1380435E-08
 -0.2244396E+01 -0.1145122E-08
 -0.1643945E+01 -0.6829540E-09
 -0.3174995E+01 -0.1414475E-08
  0.1228081E+01  0.1561811E-08
 -0.2570193E+00  0.3965001E-09
 -0.1228488E+01 -0.3597667E-09
  0.7588876E+00  0.1192882E-08
 -0.2403162E+01 -0.1262760E-08
 -0.1987590E+01 -0.9480751E-09
 -0.2603540E+01 -0.1296884E-08
 -0.3062752E+01 -0.1195737E-08
 -0.1170144E+01 -0.3042893E-09
  0.1643602E+01  0.1891210E-08
  0.1987321E+01  0.2163518E-08
  0.2244229E+01  0.2368227E-08
  0.2403054E+01  0.2497276E-08
  0.2456825E+01  0.2545006E-08
  0.2403207E+01  0.2509104E-08
  0.2603110E+01  0.2425902E-08
  0.3172355E+01  0.2204887E-08
  0.2987689E+01  0.2272109E-08
  0.3352137E+01  0.2143753E-08
  0.3954037E+00  0.4398182E-09
 -0.7593459E+00  0.4604955E-11
  0.3699932E+01  0.2037972E-08
  0.3461925E+01  0.1909783E-08
  0.2797925E+01  0.2345490E-08
 -0.2456936E+01 -0.1301298E-08
  0.2535045E+01  0.1462820E-08
 -0.3777457E+00  0.9407903E-10
  0.2152988E+01  0.2084799E-08
  0.1780605E+01  0.1815066E-08
  0.2431349E+01  0.2288189E-08
 -0.2416150E+01 -0.9256870E-09
  0.2779042E+00  0.7348295E-09
 -0.2861258E+01 -0.1386718E-08
  0.1115823E+01  0.8468490E-09
 -0.1805544E+01 -0.6212442E-09
  0.3610363E+01  0.2124179E-08
 -0.3298440E+01 -0.1361852E-08
 -0.3531607E+01 -0.1474819E-08
 -0.1780858E+01 -0.7310980E-09
 -0.3056047E+01 -0.1424967E-08
  0.1330415E+01  0.1489946E-08
 -0.1330787E+01 -0.4112866E-09
 -0.2431340E+01 -0.1187956E-08
  0.8221111E+00  0.1124481E-08
 -0.3245851E+01 -0.1459853E-08
 -0.8225869E+00 -0.5124204E-10
 -0.2603330E+01 -0.1306742E-08
  0.3534591E+01  0.2080559E-08
 -0.3610478E+01 -0.1510267E-08
 -0.2784232E+00  0.3371057E-09
 -0.2153129E+01 -0.9932656E-09
 -0.2661579E+01 -0.1343177E-08
  0.2603315E+01  0.2415231E-08
  0.2661314E+01  0.2461731E-08
  0.3771515E+00  0.4739681E-09
  0.3055431E+01  0.2308512E-08
  0.3430290E+01  0.2179108E-08
  0.3245252E+01  0.2239880E-08
  0.2924802E+01  0.1764874E-08
 -0.3430664E+01 -0.1487472E-08
  0.2418457E+01  0.1506796E-08
  0.1806259E+01  0.1196102E-08
 -0.2921129E+01 -0.1176477E-08
  0.2860838E+01  0.2382317E-08
  0.3302362E+01  0.1958892E-08
 -0.1116039E+01 -0.2761888E-09
  0.2798882E+01  0.2336315E-08
 -0.1430643E+01 -0.4642498E-09
  0.3137364E+01  0.2011640E-08
 -0.2295755E+01 -0.8979350E-09
 -0.2989202E+01 -0.1389558E-08
 -0.2775585E+01 -0.1150996E-08
  0.1716276E+01  0.1243206E-08
  0.2297743E+01  0.1555484E-08
 -0.3134135E+01 -0.1339032E-08
 -0.3355722E+01 -0.1452631E-08
 -0.1914496E+01 -0.7794929E-09
  0.2315049E+01  0.2008296E-08
 -0.8843000E+00 -0.1061276E-09
  0.1430444E+01  0.1419572E-08
  0.3583952E+00  0.5145653E-09
 -0.2613780E+01 -0.1231766E-08
  0.8838995E+00  0.1057937E-08
 -0.2314710E+01 -0.1039863E-08
 -0.2798654E+01 -0.1349583E-08
 -0.1060418E+01 -0.2429131E-09
  0.3357941E+01  0.2134819E-08
 -0.2993114E+00  0.2775805E-09
  0.2778706E+01  0.1816350E-08
  0.1914583E+01  0.1741122E-08
 -0.1715567E+01 -0.5910464E-09
 -0.3589058E+00  0.1314557E-09
 -0.3174907E+01 -0.1424134E-08
  0.2987968E+00  0.6716179E-09
  0.3176365E+01  0.2196194E-08
  0.1060250E+01  0.8903509E-09
  0.2614276E+01  0.2209842E-08
  0.2989965E+01  0.2262181E-08
 -0.1528091E+01 -0.5123904E-09
  0.2045564E+01  0.1673409E-08
  0.2793013E+01  0.2137402E-08
 -0.1003239E+01 -0.2033084E-09
 -0.2625970E+01 -0.1119413E-08
  0.1623544E+01  0.1295168E-08
  0.3705517E+01  0.2031720E-08
  0.2473489E+01  0.1938133E-08
 -0.9445271E+00 -0.1574914E-09
  0.1528226E+01  0.1354381E-08
 -0.2965234E+01 -0.1309107E-08
  0.2967390E+01  0.2072091E-08
  0.1003081E+01  0.9400910E-09
  0.9442629E+00  0.9955695E-09
 -0.2791764E+01 -0.1273961E-08
 -0.2171983E+01 -0.8644421E-09
 -0.3196678E+00  0.2229493E-09
  0.3390987E+00  0.5606763E-09
 -0.2044889E+01 -0.8250330E-09
 -0.2472340E+01 -0.1082227E-08
  0.3192206E+00  0.6129495E-09
 -0.3395324E+00  0.1740984E-09
 -0.1623064E+01 -0.5542061E-09
  0.2628172E+01  0.1874227E-08
  0.2173348E+01  0.1611327E-08
  0.4446037E-01  0.1104451E-07
 -0.3369350E+00  0.1153647E-07
  0.3439232E+00  0.1083156E-07
  0.3112237E+00  0.1126366E-07
  0.4489726E+00  0.1160932E-07
  0.5355042E+00  0.1171055E-07
  0.6188979E+00  0.1177973E-07
  0.6995276E+00  0.1183904E-07
  0.7770561E+00  0.1191648E-07
  0.8511596E+00  0.1198165E-07
  0.9215270E+00  0.1204011E-07
  0.9878712E+00  0.1208871E-07
  0.1049898E+01  0.1215654E-07
  0.1107342E+01  0.1220411E-07
  0.1159978E+01  0.1223754E-07
  0.1207546E+01  0.1227564E-07
  0.1249852E+01  0.1231200E-07
  0.1286711E+01  0.1234123E-07
  0.1317946E+01  0.1237398E-07
  0.1343396E+01  0.1238850E-07
  0.1362947E+01  0.1239775E-07
  0.1376457E+01  0.1240724E-07
  0.1381253E+01  0.1238860E-07
  0.1355889E+01  0.1212868E-07
 -0.2234076E+00  0.1081837E-07
  0.1314655E+01  0.1208216E-07
 -0.6281508E+00  0.1131094E-07
  0.1223125E+01  0.1200272E-07
 -0.4826453E+00  0.1059379E-07
  0.1083795E+01  0.1188911E-07
 -0.8944888E+00  0.1112641E-07
  0.9019338E+00  0.1173829E-07
 -0.7229366E+00  0.1039504E-07
  0.6846580E+00  0.1155006E-07
 -0.1125937E+01  0.1096905E-07
  0.4404331E+00  0.1135132E-07
 -0.9349978E+00  0.1021891E-07
  0.1788696E+00  0.1112857E-07
 -0.1313153E+01  0.1083492E-07
 -0.8968609E-01  0.1089480E-07
 -0.1110440E+01  0.1006575E-07
 -0.3547023E+00  0.1067901E-07
 -0.1448741E+01  0.1074046E-07
 -0.6057842E+00  0.1047711E-07
 -0.1242166E+01  0.9940228E-08
 -0.8331066E+00  0.1028513E-07
 -0.1527414E+01  0.1068000E-07
 -0.1027728E+01  0.1011797E-07
 -0.1325018E+01  0.9881008E-08
 -0.1182020E+01  0.9991819E-08
 -0.1546365E+01  0.1065736E-07
 -0.1289906E+01  0.9911277E-08
 -0.1356053E+01  0.9861306E-08
 -0.1347124E+01  0.9859051E-08
 -0.1504724E+01  0.1070652E-07
 -0.1351463E+01  0.9848248E-08
 -0.1333973E+01  0.9872812E-08
 -0.1302964E+01  0.9910068E-08
 -0.1404016E+01  0.1077368E-07
 -0.1203356E+01  0.9988535E-08
 -0.1259505E+01  0.9929175E-08
 -0.1056424E+01  0.1012225E-07
 -0.1248194E+01  0.1089120E-07
 -0.8679390E+00  0.1027197E-07
 -0.1135585E+01  0.1003405E-07
 -0.6455101E+00  0.1046902E-07
 -0.1043375E+01  0.1103925E-07
 -0.3978004E+00  0.1068369E-07
 -0.9670773E+00  0.1016963E-07
 -0.1345733E+00  0.1089667E-07
 -0.4525064E-01  0.1095614E-07
  0.1544626E+01  0.1284729E-07
 -0.7975675E+00  0.1121930E-07
  0.1176994E+01  0.1159314E-07
 -0.7606243E+00  0.1034554E-07
  0.1081832E+01  0.1149843E-07
 -0.5204448E+00  0.1143074E-07
  0.9443431E+00  0.1136796E-07
 -0.5243107E+00  0.1054057E-07
  0.7698036E+00  0.1119633E-07
 -0.2228642E+00  0.1164292E-07
  0.5650343E+00  0.1100310E-07
 -0.2674422E+00  0.1075866E-07
  0.3380014E+00  0.1079147E-07
  0.8349997E-01  0.1184991E-07
  0.9771259E-01  0.1056794E-07
 -0.6098322E-04  0.1098355E-07
 -0.1463823E+00  0.1035121E-07
  0.3865968E+00  0.1206517E-07
 -0.3847171E+00  0.1012875E-07
  0.2673525E+00  0.1119731E-07
 -0.6079711E+00  0.9920864E-08
  0.6745141E+00  0.1228979E-07
 -0.8073940E+00  0.9731926E-08
  0.5242856E+00  0.1142010E-07
 -0.9751500E+00  0.9585476E-08
  0.9358432E+00  0.1246860E-07
 -0.1104633E+01  0.9476587E-08
  0.7605856E+00  0.1161170E-07
 -0.1190724E+01  0.9396821E-08
  0.1160340E+01  0.1261748E-07
 -0.1230055E+01  0.9368867E-08
  0.9669417E+00  0.1178723E-07
 -0.1221115E+01  0.9389940E-08
  0.1339275E+01  0.1273760E-07
 -0.1164423E+01  0.9450728E-08
  0.1135341E+01  0.1193226E-07
 -0.1061988E+01  0.9550901E-08
  0.1465826E+01  0.1283100E-07
 -0.9177657E+00  0.9693459E-08
  0.1259272E+01  0.1204314E-07
 -0.7374861E+00  0.9862176E-08
  0.1535270E+01  0.1288641E-07
 -0.5284169E+00  0.1006999E-07
  0.1334042E+01  0.1209631E-07
 -0.2987030E+00  0.1028237E-07
  0.2230709E+00  0.1118099E-07
  0.1226415E+01  0.1165291E-07
  0.1340922E+00  0.1110475E-07
  0.0000000E+00  0.0000000E+00
  0.0000000E+00  0.0000000E+00
  0.0000000E+00  0.0000000E+00
  0.0000000E+00  0.0000000E+00
  0.0000000E+00  0.0000000E+00
  0.0000000E+00  0.0000000E+00
  0.0000000E+00  0.0000000E+00
  0.0000000E+00  0.0000000E+00
  0.0000000E+00  0.0000000E+00
  0.0000000E+00  0.0000000E+00
  0.0000000E+00  0.0000000E+00
  0.0000000E+00  0.0000000E+00
  0.0000000E+00  0.0000000E+00
  0.0000000E+00  0.0000000E+00
  0.0000000E+00  0.0000000E+00
  0.0000000E+00  0.0000000E+00
  0.0000000E+00  0.0000000E+00
  0.0000000E+00  0.0000000E+00
  0.0000000E+00  0.0000000E+00
  0.0000000E+00  0.0000000E+00
  0.0000000E+00  0.0000000E+00
  0.0000000E+00  0.0000000E+00
  0.0000000E+00  0.0000000E+00
  0.0000000E+00  0.0000000E+00
  0.0000000E+00  0.0000000E+00
  0.0000000E+00  0.0000000E+00
  0.0000000E+00  0.0000000E+00
  0.0000000E+00  0.0000000E+00
  0.0000000E+00  0.0000000E+00
  0.0000000E+00  0.0000000E+00
  0.0000000E+00  0.0000000E+00
  0.0000000E+00  0.0000000E+00
  0.0000000E+00  0.0000000E+00
  0.0000000E+00  0.0000000E+00
  0.0000000E+00  0.0000000E+00
  0.0000000E+00  0.0000000E+00
  0.0000000E+00  0.0000000E+00
  0.0000000E+00  0.0000000E+00
  0.0000000E+00  0.0000000E+00
  0.0000000E+00  0.0000000E+00
  0.0000000E+00  0.0000000E+00
  0.0000000E+00  0.0000000E+00
  0.0000000E+00  0.0000000E+00
  0.0000000E+00  0.0000000E+00
  0.0000000E+00  0.0000000E+00
  0.0000000E+00  0.0000000E+00
  0.0000000E+00  0.0000000E+00
  0.0000000E+00  0.0000000E+00
  0.0000000E+00  0.0000000E+00
  0.0000000E+00  0.0000000E+00
  0.0000000E+00  0.0000000E+00
  0.0000000E+00  0.0000000E+00
  0.0000000E+00  0.0000000E+00
  0.0000000E+00  0.0000000E+00
  0.0000000E+00  0.0000000E+00
  0.0000000E+00  0.0000000E+00
  0.0000000E+00  0.0000000E+00
  0.0000000E+00  0.0000000E+00
  0.0000000E+00  0.0000000E+00
  0.0000000E+00  0.0000000E+00
  0.0000000E+00  0.0000000E+00
  0.0000000E+00  0.0000000E+00
  0.0000000E+00  0.0000000E+00
  0.0000000E+00  0.0000000E+00
  0.0000000E+00  0.0000000E+00
  0.0000000E+00  0.0000000E+00
  0.0000000E+00  0.0000000E+00
  0.0000000E+00  0.0000000E+00
  0.0000000E+00  0.0000000E+00
  0.0000000E+00  0.0000000E+00
  0.0000000E+00  0.0000000E+00
  0.0000000E+00  0.0000000E+00
  0.0000000E+00  0.0000000E+00
  0.0000000E+00  0.0000000E+00
  0.0000000E+00  0.0000000E+00
  0.0000000E+00  0.0000000E+00
  0.0000000E+00  0.0000000E+00
  0.0000000E+00  0.0000000E+00
  0.0000000E+00  0.0000000E+00
  0.0000000E+00  0.0000000E+00
  0.0000000E+00  0.0000000E+00
  0.0000000E+00  0.0000000E+00
  0.0000000E+00  0.0000000E+00
  0.0000000E+00  0.0000000E+00
  0.0000000E+00  0.0000000E+00
  0.0000000E+00  0.0000000E+00
  0.0000000E+00  0.0000000E+00
  0.0000000E+00  0.0000000E+00
  0.0000000E+00  0.0000000E+00
  0.0000000E+00  0.0000000E+00
  0.0000000E+00  0.0000000E+00
  0.0000000E+00  0.0000000E+00
  0.0000000E+00  0.0000000E+00
  0.0000000E+00  0.0000000E+00
  0.0000000E+00  0.0000000E+00
  0.0000000E+00  0.0000000E+00
  0.0000000E+00  0.0000000E+00
  0.0000000E+00  0.0000000E+00
  0.0000000E+00  0.0000000E+00
  0.0000000E+00  0.0000000E+00
  0.0000000E+00  0.0000000E+00
  0.0000000E+00  0.0000000E+00
  0.0000000E+00  0.0000000E+00
  0.0000000E+00  0.0000000E+00
  0.0000000E+00  0.0000000E+00
  0.0000000E+00  0.0000000E+00
  0.0000000E+00  0.0000000E+00
  0.0000000E+00  0.0000000E+00
  0.0000000E+00  0.0000000E+00
  0.0000000E+00  0.0000000E+00
  0.0000000E+00  0.0000000E+00
  0.0000000E+00  0.0000000E+00
  0.0000000E+00  0.0000000E+00
  0.0000000E+00  0.0000000E+00
  0.0000000E+00  0.0000000E+00
  0.0000000E+00  0.0000000E+00
  0.0000000E+00  0.0000000E+00
  0.0000000E+00  0.0000000E+00
  0.0000000E+00  0.0000000E+00
  0.0000000E+00  0.0000000E+00
  0.0000000E+00  0.0000000E+00
  0.0000000E+00  0.0000000E+00
  0.0000000E+00  0.0000000E+00
  0.0000000E+00  0.0000000E+00
  0.0000000E+00  0.0000000E+00
  0.0000000E+00  0.0000000E+00
  0.0000000E+00  0.0000000E+00
  0.0000000E+00  0.0000000E+00
  0.0000000E+00  0.0000000E+00
  0.0000000E+00  0.0000000E+00
  0.0000000E+00  0.0000000E+00
  0.0000000E+00  0.0000000E+00
  0.0000000E+00  0.0000000E+00
  0.0000000E+00  0.0000000E+00
  0.0000000E+00  0.0000000E+00
  0.0000000E+00  0.0000000E+00
  0.0000000E+00  0.0000000E+00
  0.0000000E+00  0.0000000E+00
  0.0000000E+00  0.0000000E+00
  0.0000000E+00  0.0000000E+00
  0.0000000E+00  0.0000000E+00
  0.0000000E+00  0.0000000E+00
  0.0000000E+00  0.0000000E+00
  0.0000000E+00  0.0000000E+00
  0.0000000E+00  0.0000000E+00
  0.0000000E+00  0.0000000E+00
  0.0000000E+00  0.0000000E+00
  0.0000000E+00  0.0000000E+00
  0.0000000E+00  0.0000000E+00
  0.0000000E+00  0.0000000E+00
  0.0000000E+00  0.0000000E+00
  0.0000000E+00  0.0000000E+00
  0.0000000E+00  0.0000000E+00
  0.0000000E+00  0.0000000E+00
  0.0000000E+00  0.0000000E+00
  0.0000000E+00  0.0000000E+00
  0.0000000E+00  0.0000000E+00
  0.0000000E+00  0.0000000E+00
  0.0000000E+00  0.0000000E+00
  0.0000000E+00  0.0000000E+00
  0.0000000E+00  0.0000000E+00
  0.0000000E+00  0.0000000E+00
  0.0000000E+00  0.0000000E+00
  0.0000000E+00  0.0000000E+00
  0.0000000E+00  0.0000000E+00
  0.0000000E+00  0.0000000E+00
  0.0000000E+00  0.0000000E+00
  0.0000000E+00  0.0000000E+00
  0.0000000E+00  0.0000000E+00
  0.0000000E+00  0.0000000E+00
  0.0000000E+00  0.0000000E+00
  0.0000000E+00  0.0000000E+00
  0.0000000E+00  0.0000000E+00
  0.0000000E+00  0.0000000E+00
  0.0000000E+00  0.0000000E+00
  0.0000000E+00  0.0000000E+00
  0.0000000E+00  0.0000000E+00
  0.0000000E+00  0.0000000E+00
  0.0000000E+00  0.0000000E+00
  0.0000000E+00  0.0000000E+00
  0.0000000E+00  0.0000000E+00
  0.0000000E+00  0.0000000E+00
  0.0000000E+00  0.0000000E+00
  0.0000000E+00  0.0000000E+00
  0.0000000E+00  0.0000000E+00
  0.0000000E+00  0.0000000E+00
  0.0000000E+00  0.0000000E+00
  0.0000000E+00  0.0000000E+00
  0.0000000E+00  0.0000000E+00
  0.0000000E+00  0.0000000E+00
  0.0000000E+00  0.0000000E+00
  0.0000000E+00  0.0000000E+00
  0.0000000E+00  0.0000000E+00
  0.0000000E+00  0.0000000E+00
  0.0000000E+00  0.0000000E+00
  0.0000000E+00  0.0000000E+00
  0.0000000E+00  0.0000000E+00
  0.0000000E+00  0.0000000E+00
  0.0000000E+00  0.0000000E+00
  0.0000000E+00  0.0000000E+00
  0.0000000E+00  0.0000000E+00
  0.0000000E+00  0.0000000E+00
  0.0000000E+00  0.0000000E+00
  0.0000000E+00  0.0000000E+00
  0.0000000E+00  0.0000000E+00
  0.0000000E+00  0.0000000E+00
  0.0000000E+00  0.0000000E+00
  0.0000000E+00  0.0000000E+00
  0.0000000E+00  0.0000000E+00
  0.0000000E+00  0.0000000E+00
  0.0000000E+00  0.0000000E+00
  0.0000000E+00  0.0000000E+00
  0.0000000E+00  0.0000000E+00
  0.0000000E+00  0.0000000E+00
  0.0000000E+00  0.0000000E+00
  0.0000000E+00  0.0000000E+00
  0.0000000E+00  0.0000000E+00
  0.0000000E+00  0.0000000E+00
  0.0000000E+00  0.0000000E+00
  0.0000000E+00  0.0000000E+00
  0.0000000E+00  0.0000000E+00
  0.0000000E+00  0.0000000E+00
  0.0000000E+00  0.0000000E+00
  0.0000000E+00  0.0000000E+00
  0.0000000E+00  0.0000000E+00
  0.0000000E+00  0.0000000E+00
  0.0000000E+00  0.0000000E+00
  0.0000000E+00  0.0000000E+00
  0.0000000E+00  0.0000000E+00
  0.0000000E+00  0.0000000E+00
  0.0000000E+00  0.0000000E+00
  0.0000000E+00  0.0000000E+00
  0.0000000E+00  0.0000000E+00
  0.0000000E+00  0.0000000E+00
  0.0000000E+00  0.0000000E+00
  0.0000000E+00  0.0000000E+00
  0.0000000E+00  0.0000000E+00
  0.0000000E+00  0.0000000E+00
  0.0000000E+00  0.0000000E+00
  0.0000000E+00  0.0000000E+00
  0.0000000E+00  0.0000000E+00
  0.0000000E+00  0.0000000E+00
  0.0000000E+00  0.0000000E+00
  0.0000000E+00  0.0000000E+00
  0.0000000E+00  0.0000000E+00
  0.0000000E+00  0.0000000E+00
  0.0000000E+00  0.0000000E+00
  0.0000000E+00  0.0000000E+00
  0.0000000E+00  0.0000000E+00
  0.0000000E+00  0.0000000E+00
  0.0000000E+00  0.0000000E+00
  0.0000000E+00  0.0000000E+00
  0.0000000E+00  0.0000000E+00
  0.0000000E+00  0.0000000E+00
  0.0000000E+00  0.0000000E+00
  0.0000000E+00  0.0000000E+00
  0.0000000E+00  0.0000000E+00
  0.0000000E+00  0.0000000E+00
  0.0000000E+00  0.0000000E+00
  0.0000000E+00  0.0000000E+00
  0.0000000E+00  0.0000000E+00
  0.0000000E+00  0.0000000E+00
  0.0000000E+00  0.0000000E+00
  0.0000000E+00  0.0000000E+00
  0.0000000E+00  0.0000000E+00
  0.0000000E+00  0.0000000E+00
  0.0000000E+00  0.0000000E+00
  0.0000000E+00  0.0000000E+00
  0.0000000E+00  0.0000000E+00
  0.0000000E+00  0.0000000E+00
  0.0000000E+00  0.0000000E+00
  0.0000000E+00  0.0000000E+00
  0.0000000E+00  0.0000000E+00
  0.0000000E+00  0.0000000E+00
  0.0000000E+00  0.0000000E+00
  0.0000000E+00  0.0000000E+00
  0.0000000E+00  0.0000000E+00
  0.0000000E+00  0.0000000E+00
  0.0000000E+00  0.0000000E+00
  0.0000000E+00  0.0000000E+00
  0.0000000E+00  0.0000000E+00
  0.0000000E+00  0.0000000E+00
  0.0000000E+00  0.0000000E+00
  0.0000000E+00  0.0000000E+00
  0.0000000E+00  0.0000000E+00
  0.0000000E+00  0.0000000E+00
  0.0000000E+00  0.0000000E+00
  0.0000000E+00  0.0000000E+00
  0.0000000E+00  0.0000000E+00
  0.0000000E+00  0.0000000E+00
  0.0000000E+00  0.0000000E+00
  0.0000000E+00  0.0000000E+00
  0.0000000E+00  0.0000000E+00
  0.0000000E+00  0.0000000E+00
  0.0000000E+00  0.0000000E+00
  0.0000000E+00  0.0000000E+00
  0.0000000E+00  0.0000000E+00
  0.0000000E+00  0.0000000E+00
  0.0000000E+00  0.0000000E+00
  0.0000000E+00  0.0000000E+00
  0.0000000E+00  0.0000000E+00
  0.0000000E+00  0.0000000E+00
  0.0000000E+00  0.0000000E+00
  0.0000000E+00  0.0000000E+00
  0.0000000E+00  0.0000000E+00
  0.0000000E+00  0.0000000E+00
  0.0000000E+00  0.0000000E+00
  0.0000000E+00  0.0000000E+00
  0.0000000E+00  0.0000000E+00
  0.0000000E+00  0.0000000E+00
  0.0000000E+00  0.0000000E+00
  0.0000000E+00  0.0000000E+00
  0.0000000E+00  0.0000000E+00
  0.0000000E+00  0.0000000E+00
  0.0000000E+00  0.0000000E+00
  0.0000000E+00  0.0000000E+00
  0.0000000E+00  0.0000000E+00
  0.0000000E+00  0.0000000E+00
  0.0000000E+00  0.0000000E+00
  0.0000000E+00  0.0000000E+00
  0.0000000E+00  0.0000000E+00
  0.0000000E+00  0.0000000E+00
  0.0000000E+00  0.0000000E+00
  0.0000000E+00  0.0000000E+00
  0.0000000E+00  0.0000000E+00
  0.0000000E+00  0.0000000E+00
  0.0000000E+00  0.0000000E+00
  0.0000000E+00  0.0000000E+00
  0.0000000E+00  0.0000000E+00
  0.0000000E+00  0.0000000E+00
  0.0000000E+00  0.0000000E+00
  0.0000000E+00  0.0000000E+00
  0.0000000E+00  0.0000000E+00
  0.0000000E+00  0.0000000E+00
  0.0000000E+00  0.0000000E+00
  0.0000000E+00  0.0000000E+00
  0.0000000E+00  0.0000000E+00
  0.0000000E+00  0.0000000E+00
  0.0000000E+00  0.0000000E+00
  0.0000000E+00  0.0000000E+00
  0.0000000E+00  0.0000000E+00
  0.0000000E+00  0.0000000E+00
  0.0000000E+00  0.0000000E+00
  0.0000000E+00  0.0000000E+00
  0.0000000E+00  0.0000000E+00
  0.0000000E+00  0.0000000E+00
  0.0000000E+00  0.0000000E+00
  0.0000000E+00  0.0000000E+00
  0.0000000E+00  0.0000000E+00
  0.0000000E+00  0.0000000E+00
  0.0000000E+00  0.0000000E+00
  0.0000000E+00  0.0000000E+00
  0.0000000E+00  0.0000000E+00
  0.0000000E+00  0.0000000E+00
  0.0000000E+00  0.0000000E+00
  0.0000000E+00  0.0000000E+00
  0.0000000E+00  0.0000000E+00
  0.0000000E+00  0.0000000E+00
  0.0000000E+00  0.0000000E+00
  0.0000000E+00  0.0000000E+00
  0.0000000E+00  0.0000000E+00
  0.0000000E+00  0.0000000E+00
  0.0000000E+00  0.0000000E+00
  0.0000000E+00  0.0000000E+00
  0.0000000E+00  0.0000000E+00
  0.0000000E+00  0.0000000E+00
  0.0000000E+00  0.0000000E+00
  0.0000000E+00  0.0000000E+00
  0.0000000E+00  0.0000000E+00
  0.0000000E+00  0.0000000E+00
  0.0000000E+00  0.0000000E+00
  0.0000000E+00  0.0000000E+00
  0.0000000E+00  0.0000000E+00
  0.0000000E+00  0.0000000E+00
  0.0000000E+00  0.0000000E+00
  0.0000000E+00  0.0000000E+00
  0.0000000E+00  0.0000000E+00
  0.0000000E+00  0.0000000E+00
  0.0000000E+00  0.0000000E+00
  0.0000000E+00  0.0000000E+00
  0.0000000E+00  0.0000000E+00
  0.0000000E+00  0.0000000E+00
  0.0000000E+00  0.0000000E+00
  0.0000000E+00  0.0000000E+00
  0.0000000E+00  0.0000000E+00
  0.0000000E+00  0.0000000E+00
  0.0000000E+00  0.0000000E+00
  0.0000000E+00  0.0000000E+00
  0.0000000E+00  0.0000000E+00
  0.0000000E+00  0.0000000E+00
  0.0000000E+00  0.0000000E+00
  0.0000000E+00  0.0000000E+00
  0.0000000E+00  0.0000000E+00
  0.0000000E+00  0.0000000E+00
  0.0000000E+00  0.0000000E+00
  0.0000000E+00  0.0000000E+00
  0.0000000E+00  0.0000000E+00
  0.0000000E+00  0.0000000E+00
  0.0000000E+00  0.0000000E+00
  0.0000000E+00  0.0000000E+00
  0.0000000E+00  0.0000000E+00
  0.0000000E+00  0.0000000E+00
  0.0000000E+00  0.0000000E+00
  0.0000000E+00  0.0000000E+00
  0.0000000E+00  0.0000000E+00
  0.0000000E+00  0.0000000E+00
  0.0000000E+00  0.0000000E+00
  0.0000000E+00  0.0000000E+00
  0.0000000E+00  0.0000000E+00
  0.0000000E+00  0.0000000E+00
  0.0000000E+00  0.0000000E+00
  0.0000000E+00  0.0000000E+00
  0.0000000E+00  0.0000000E+00
  0.0000000E+00  0.0000000E+00
  0.0000000E+00  0.0000000E+00
  0.0000000E+00  0.0000000E+00
  0.0000000E+00  0.0000000E+00
  0.0000000E+00  0.0000000E+00
  0.0000000E+00  0.0000000E+00
  0.0000000E+00  0.0000000E+00
  0.0000000E+00  0.0000000E+00
  0.0000000E+00  0.0000000E+00
  0.0000000E+00  0.0000000E+00
  0.0000000E+00  0.0000000E+00
  0.0000000E+00  0.0000000E+00
  0.0000000E+00  0.0000000E+00
  0.0000000E+00  0.0000000E+00
  0.0000000E+00  0.0000000E+00
  0.0000000E+00  0.0000000E+00
  0.0000000E+00  0.0000000E+00
  0.0000000E+00  0.0000000E+00
  0.0000000E+00  0.0000000E+00
  0.0000000E+00  0.0000000E+00
  0.0000000E+00  0.0000000E+00
  0.0000000E+00  0.0000000E+00
  0.0000000E+00  0.0000000E+00
  0.0000000E+00  0.0000000E+00
  0.0000000E+00  0.0000000E+00
  0.0000000E+00  0.0000000E+00
  0.0000000E+00  0.0000000E+00
  0.0000000E+00  0.0000000E+00
  0.0000000E+00  0.0000000E+00
  0.0000000E+00  0.0000000E+00
  0.0000000E+00  0.0000000E+00
  0.0000000E+00  0.0000000E+00
  0.0000000E+00  0.0000000E+00
  0.0000000E+00  0.0000000E+00
  0.0000000E+00  0.0000000E+00
  0.0000000E+00  0.0000000E+00
  0.0000000E+00  0.0000000E+00
  0.0000000E+00  0.0000000E+00
  0.0000000E+00  0.0000000E+00
  0.0000000E+00  0.0000000E+00
  0.0000000E+00  0.0000000E+00
  0.0000000E+00  0.0000000E+00
  0.0000000E+00  0.0000000E+00
  0.0000000E+00  0.0000000E+00
  0.0000000E+00  0.0000000E+00
  0.0000000E+00  0.0000000E+00
  0.0000000E+00  0.0000000E+00
  0.0000000E+00  0.0000000E+00
  0.0000000E+00  0.0000000E+00
  0.0000000E+00  0.0000000E+00
  0.0000000E+00  0.0000000E+00
  0.0000000E+00  0.0000000E+00
  0.0000000E+00  0.0000000E+00
  0.0000000E+00  0.0000000E+00
  0.0000000E+00  0.0000000E+00
  0.0000000E+00  0.0000000E+00
  0.0000000E+00  0.0000000E+00
  0.0000000E+00  0.0000000E+00
  0.0000000E+00  0.0000000E+00
  0.0000000E+00  0.0000000E+00
  0.0000000E+00  0.0000000E+00
  0.0000000E+00  0.0000000E+00
  0.0000000E+00  0.0000000E+00
  0.0000000E+00  0.0000000E+00
  0.0000000E+00  0.0000000E+00
  0.0000000E+00  0.0000000E+00
  0.0000000E+00  0.0000000E+00
  0.0000000E+00  0.0000000E+00
  0.0000000E+00  0.0000000E+00
  0.0000000E+00  0.0000000E+00
  0.0000000E+00  0.0000000E+00
  0.0000000E+00  0.0000000E+00
  0.0000000E+00  0.0000000E+00
  0.0000000E+00  0.0000000E+00
  0.0000000E+00  0.0000000E+00
  0.0000000E+00  0.0000000E+00
  0.0000000E+00  0.0000000E+00
  0.0000000E+00  0.0000000E+00
  0.0000000E+00  0.0000000E+00
  0.0000000E+00  0.0000000E+00
  0.0000000E+00  0.0000000E+00
  0.0000000E+00  0.0000000E+00
  0.0000000E+00  0.0000000E+00
  0.0000000E+00  0.0000000E+00
  0.0000000E+00  0.0000000E+00
  0.0000000E+00  0.0000000E+00
  0.0000000E+00  0.0000000E+00
  0.0000000E+00  0.0000000E+00
  0.0000000E+00  0.0000000E+00
  0.0000000E+00  0.0000000E+00
  0.0000000E+00  0.0000000E+00
  0.0000000E+00  0.0000000E+00
  0.0000000E+00  0.0000000E+00
  0.0000000E+00  0.0000000E+00
  0.0000000E+00  0.0000000E+00
  0.0000000E+00  0.0000000E+00
  0.0000000E+00  0.0000000E+00
  0.0000000E+00  0.0000000E+00
  0.0000000E+00  0.0000000E+00
  0.0000000E+00  0.0000000E+00
  0.0000000E+00  0.0000000E+00
  0.0000000E+00  0.0000000E+00
  0.0000000E+00  0.0000000E+00
  0.0000000E+00  0.0000000E+00
  0.0000000E+00  0.0000000E+00
  0.0000000E+00  0.0000000E+00
  0.0000000E+00  0.0000000E+00
  0.0000000E+00  0.0000000E+00
  0.0000000E+00  0.0000000E+00
  0.0000000E+00  0.0000000E+00
  0.0000000E+00  0.0000000E+00
  0.0000000E+00  0.0000000E+00
  0.0000000E+00  0.0000000E+00
  0.0000000E+00  0.0000000E+00
  0.0000000E+00  0.0000000E+00
  0.0000000E+00  0.0000000E+00
  0.0000000E+00  0.0000000E+00
  0.0000000E+00  0.0000000E+00
  0.0000000E+00  0.0000000E+00
  0.0000000E+00  0.0000000E+00
  0.0000000E+00  0.0000000E+00
  0.0000000E+00  0.0000000E+00
  0.0000000E+00  0.0000000E+00
  0.0000000E+00  0.0000000E+00
  0.0000000E+00  0.0000000E+00
  0.0000000E+00  0.0000000E+00
  0.0000000E+00  0.0000000E+00
  0.0000000E+00  0.0000000E+00
  0.0000000E+00  0.0000000E+00
  0.0000000E+00  0.0000000E+00
  0.0000000E+00  0.0000000E+00
  0.0000000E+00  0.0000000E+00
  0.0000000E+00  0.0000000E+00
  0.0000000E+00  0.0000000E+00
  0.0000000E+00  0.0000000E+00
  0.0000000E+00  0.0000000E+00
  0.0000000E+00  0.0000000E+00
  0.0000000E+00  0.0000000E+00
  0.0000000E+00  0.0000000E+00
  0.0000000E+00  0.0000000E+00
  0.0000000E+00  0.0000000E+00
  0.0000000E+00  0.0000000E+00
  0.0000000E+00  0.0000000E+00
  0.0000000E+00  0.0000000E+00
  0.0000000E+00  0.0000000E+00
  0.0000000E+00  0.0000000E+00
  0.0000000E+00  0.0000000E+00
  0.0000000E+00  0.0000000E+00
  0.0000000E+00  0.0000000E+00
  0.0000000E+00  0.0000000E+00
  0.0000000E+00  0.0000000E+00
  0.0000000E+00  0.0000000E+00
  0.0000000E+00  0.0000000E+00
  0.0000000E+00  0.0000000E+00
  0.0000000E+00  0.0000000E+00
  0.0000000E+00  0.0000000E+00
  0.0000000E+00  0.0000000E+00
  0.0000000E+00  0.0000000E+00
  0.0000000E+00  0.0000000E+00
  0.0000000E+00  0.0000000E+00
  0.0000000E+00  0.0000000E+00
  0.0000000E+00  0.0000000E+00
  0.0000000E+00  0.0000000E+00
  0.0000000E+00  0.0000000E+00
  0.0000000E+00  0.0000000E+00
  0.0000000E+00  0.0000000E+00
  0.0000000E+00  0.0000000E+00
  0.0000000E+00  0.0000000E+00
  0.0000000E+00  0.0000000E+00
  0.0000000E+00  0.0000000E+00
  0.0000000E+00  0.0000000E+00
  0.0000000E+00  0.0000000E+00
  0.0000000E+00  0.0000000E+00
  0.0000000E+00  0.0000000E+00
  0.0000000E+00  0.0000000E+00
  0.0000000E+00  0.0000000E+00
  0.0000000E+00  0.0000000E+00
  0.0000000E+00  0.0000000E+00
  0.0000000E+00  0.0000000E+00
  0.0000000E+00  0.0000000E+00
  0.0000000E+00  0.0000000E+00
  0.0000000E+00  0.0000000E+00
  0.0000000E+00  0.0000000E+00
  0.0000000E+00  0.0000000E+00
  0.0000000E+00  0.0000000E+00
  0.0000000E+00  0.0000000E+00
  0.0000000E+00  0.0000000E+00
  0.0000000E+00  0.0000000E+00
  0.0000000E+00  0.0000000E+00
  0.0000000E+00  0.0000000E+00
  0.0000000E+00  0.0000000E+00
  0.0000000E+00  0.0000000E+00
  0.0000000E+00  0.0000000E+00
  0.0000000E+00  0.0000000E+00
  0.0000000E+00  0.0000000E+00
  0.0000000E+00  0.0000000E+00
  0.0000000E+00  0.0000000E+00
  0.0000000E+00  0.0000000E+00
  0.0000000E+00  0.0000000E+00
  0.0000000E+00  0.0000000E+00
  0.0000000E+00  0.0000000E+00
  0.0000000E+00  0.0000000E+00
  0.0000000E+00  0.0000000E+00
  0.0000000E+00  0.0000000E+00
  0.0000000E+00  0.0000000E+00
  0.0000000E+00  0.0000000E+00
  0.0000000E+00  0.0000000E+00
  0.0000000E+00  0.0000000E+00
  0.0000000E+00  0.0000000E+00
  0.0000000E+00  0.0000000E+00
  0.0000000E+00  0.0000000E+00
  0.0000000E+00  0.0000000E+00
  0.0000000E+00  0.0000000E+00
  0.0000000E+00  0.0000000E+00
  0.0000000E+00  0.0000000E+00
  0.0000000E+00  0.0000000E+00
  0.0000000E+00  0.0000000E+00
  0.0000000E+00  0.0000000E+00
  0.0000000E+00  0.0000000E+00
  0.0000000E+00  0.0000000E+00
  0.0000000E+00  0.0000000E+00
  0.0000000E+00  0.0000000E+00
  0.0000000E+00  0.0000000E+00
  0.0000000E+00  0.0000000E+00
  0.0000000E+00  0.0000000E+00
  0.0000000E+00  0.0000000E+00
  0.0000000E+00  0.0000000E+00
  0.0000000E+00  0.0000000E+00
  0.0000000E+00  0.0000000E+00
  0.0000000E+00  0.0000000E+00
  0.0000000E+00  0.0000000E+00
  0.0000000E+00  0.0000000E+00
  0.0000000E+00  0.0000000E+00
  0.0000000E+00  0.0000000E+00
  0.0000000E+00  0.0000000E+00
  0.0000000E+00  0.0000000E+00
  0.0000000E+00  0.0000000E+00
  0.0000000E+00  0.0000000E+00
  0.0000000E+00  0.0000000E+00
  0.0000000E+00  0.0000000E+00
  0.0000000E+00  0.0000000E+00
  0.0000000E+00  0.0000000E+00
  0.0000000E+00  0.0000000E+00
  0.0000000E+00  0.0000000E+00
  0.0000000E+00  0.0000000E+00
  0.0000000E+00  0.0000000E+00
  0.0000000E+00  0.0000000E+00
  0.0000000E+00  0.0000000E+00
  0.0000000E+00  0.0000000E+00
  0.0000000E+00  0.0000000E+00
  0.0000000E+00  0.0000000E+00
  0.0000000E+00  0.0000000E+00
  0.0000000E+00  0.0000000E+00
  0.0000000E+00  0.0000000E+00
  0.0000000E+00  0.0000000E+00
  0.0000000E+00  0.0000000E+00
  0.0000000E+00  0.0000000E+00
  0.0000000E+00  0.0000000E+00
  0.0000000E+00  0.0000000E+00
  0.0000000E+00  0.0000000E+00
  0.0000000E+00  0.0000000E+00
  0.0000000E+00  0.0000000E+00
  0.0000000E+00  0.0000000E+00
  0.0000000E+00  0.0000000E+00
  0.0000000E+00  0.0000000E+00
  0.0000000E+00  0.0000000E+00
  0.0000000E+00  0.0000000E+00
  0.0000000E+00  0.0000000E+00
  0.0000000E+00  0.0000000E+00
  0.0000000E+00  0.0000000E+00
  0.0000000E+00  0.0000000E+00
  0.0000000E+00  0.0000000E+00
  0.0000000E+00  0.0000000E+00
  0.0000000E+00  0.0000000E+00
  0.0000000E+00  0.0000000E+00
  0.0000000E+00  0.0000000E+00
  0.0000000E+00  0.0000000E+00
  0.0000000E+00  0.0000000E+00
  0.0000000E+00  0.0000000E+00
  0.0000000E+00  0.0000000E+00
  0.0000000E+00  0.0000000E+00
  0.0000000E+00  0.0000000E+00
  0.0000000E+00  0.0000000E+00
  0.0000000E+00  0.0000000E+00
  0.0000000E+00  0.0000000E+00
  0.0000000E+00  0.0000000E+00
  0.0000000E+00  0.0000000E+00
  0.0000000E+00  0.0000000E+00
  0.0000000E+00  0.0000000E+00
  0.0000000E+00  0.0000000E+00
  0.0000000E+00  0.0000000E+00
  0.0000000E+00  0.0000000E+00
  0.0000000E+00  0.0000000E+00
  0.0000000E+00  0.0000000E+00
  0.0000000E+00  0.0000000E+00
  0.0000000E+00  0.0000000E+00
  0.0000000E+00  0.0000000E+00
  0.0000000E+00  0.0000000E+00
  0.0000000E+00  0.0000000E+00
  0.0000000E+00  0.0000000E+00
  0.0000000E+00  0.0000000E+00
  0.0000000E+00  0.0000000E+00
  0.0000000E+00  0.0000000E+00
  0.0000000E+00  0.0000000E+00
  0.0000000E+00  0.0000000E+00
  0.0000000E+00  0.0000000E+00
  0.0000000E+00  0.0000000E+00
  0.0000000E+00  0.0000000E+00
  0.0000000E+00  0.0000000E+00
  0.0000000E+00  0.0000000E+00
  0.0000000E+00  0.0000000E+00
  0.0000000E+00  0.0000000E+00
  0.0000000E+00  0.0000000E+00
  0.0000000E+00  0.0000000E+00
  0.0000000E+00  0.0000000E+00
  0.0000000E+00  0.0000000E+00
  0.0000000E+00  0.0000000E+00
  0.0000000E+00  0.0000000E+00
  0.0000000E+00  0.0000000E+00
  0.0000000E+00  0.0000000E+00
  0.0000000E+00  0.0000000E+00
  0.0000000E+00  0.0000000E+00
  0.0000000E+00  0.0000000E+00
  0.0000000E+00  0.0000000E+00
  0.0000000E+00  0.0000000E+00
  0.0000000E+00  0.0000000E+00
  0.0000000E+00  0.0000000E+00
  0.0000000E+00  0.0000000E+00
  0.0000000E+00  0.0000000E+00
  0.0000000E+00  0.0000000E+00
  0.0000000E+00  0.0000000E+00
  0.0000000E+00  0.0000000E+00
  0.0000000E+00  0.0000000E+00
  0.0000000E+00  0.0000000E+00
  0.0000000E+00  0.0000000E+00
  0.0000000E+00  0.0000000E+00
  0.0000000E+00  0.0000000E+00
  0.0000000E+00  0.0000000E+00
  0.0000000E+00  0.0000000E+00
  0.0000000E+00  0.0000000E+00
  0.0000000E+00  0.0000000E+00
  0.0000000E+00  0.0000000E+00
  0.0000000E+00  0.0000000E+00
  0.0000000E+00  0.0000000E+00
  0.0000000E+00  0.0000000E+00
  0.0000000E+00  0.0000000E+00
  0.0000000E+00  0.0000000E+00
  0.0000000E+00  0.0000000E+00
  0.0000000E+00  0.0000000E+00
  0.0000000E+00  0.0000000E+00
  0.0000000E+00  0.0000000E+00
  0.0000000E+00  0.0000000E+00
  0.0000000E+00  0.0000000E+00
  0.0000000E+00  0.0000000E+00
  0.0000000E+00  0.0000000E+00
  0.0000000E+00  0.0000000E+00
  0.0000000E+00  0.0000000E+00
  0.0000000E+00  0.0000000E+00
  0.0000000E+00  0.0000000E+00
  0.0000000E+00  0.0000000E+00
  0.0000000E+00  0.0000000E+00
  0.0000000E+00  0.0000000E+00
  0.0000000E+00  0.0000000E+00
  0.0000000E+00  0.0000000E+00
  0.0000000E+00  0.0000000E+00
  0.0000000E+00  0.0000000E+00
  0.0000000E+00  0.0000000E+00
  0.0000000E+00  0.0000000E+00
  0.0000000E+00  0.0000000E+00
  0.0000000E+00  0.0000000E+00
  0.0000000E+00  0.0000000E+00
  0.0000000E+00  0.0000000E+00
  0.0000000E+00  0.0000000E+00
  0.0000000E+00  0.0000000E+00
  0.0000000E+00  0.0000000E+00
  0.0000000E+00  0.0000000E+00
  0.0000000E+00  0.0000000E+00
  0.0000000E+00  0.0000000E+00
  0.0000000E+00  0.0000000E+00
  0.0000000E+00  0.0000000E+00
  0.0000000E+00  0.0000000E+00
  0.0000000E+00  0.0000000E+00
  0.0000000E+00  0.0000000E+00
  0.0000000E+00  0.0000000E+00
  0.0000000E+00  0.0000000E+00
  0.0000000E+00  0.0000000E+00
  0.0000000E+00  0.0000000E+00
  0.0000000E+00  0.0000000E+00
  0.0000000E+00  0.0000000E+00
  0.0000000E+00  0.0000000E+00
  0.0000000E+00  0.0000000E+00
  0.0000000E+00  0.0000000E+00
  0.0000000E+00  0.0000000E+00
  0.0000000E+00  0.0000000E+00
  0.0000000E+00  0.0000000E+00
  0.0000000E+00  0.0000000E+00
  0.0000000E+00  0.0000000E+00
  0.0000000E+00  0.0000000E+00
  0.0000000E+00  0.0000000E+00
  0.0000000E+00  0.0000000E+00
  0.0000000E+00  0.0000000E+00
  0.0000000E+00  0.0000000E+00
  0.0000000E+00  0.0000000E+00
  0.0000000E+00  0.0000000E+00
  0.0000000E+00  0.0000000E+00
  0.0000000E+00  0.0000000E+00
  0.0000000E+00  0.0000000E+00
  0.0000000E+00  0.0000000E+00
  0.0000000E+00  0.0000000E+00
  0.0000000E+00  0.0000000E+00
  0.0000000E+00  0.0000000E+00
  0.0000000E+00  0.0000000E+00
  0.0000000E+00  0.0000000E+00
  0.0000000E+00  0.0000000E+00
  0.0000000E+00  0.0000000E+00
  0.0000000E+00  0.0000000E+00
  0.0000000E+00  0.0000000E+00
  0.0000000E+00  0.0000000E+00
  0.0000000E+00  0.0000000E+00
  0.0000000E+00  0.0000000E+00
  0.0000000E+00  0.0000000E+00
  0.0000000E+00  0.0000000E+00
  0.0000000E+00  0.0000000E+00
  0.0000000E+00  0.0000000E+00
  0.0000000E+00  0.0000000E+00
  0.0000000E+00  0.0000000E+00
  0.0000000E+00  0.0000000E+00
  0.0000000E+00  0.0000000E+00
  0.0000000E+00  0.0000000E+00
  0.0000000E+00  0.0000000E+00
  0.0000000E+00  0.0000000E+00
  0.0000000E+00  0.0000000E+00
  0.0000000E+00  0.0000000E+00
  0.0000000E+00  0.0000000E+00
  0.0000000E+00  0.0000000E+00
  0.0000000E+00  0.0000000E+00
  0.0000000E+00  0.0000000E+00
  0.0000000E+00  0.0000000E+00
  0.0000000E+00  0.0000000E+00
  0.0000000E+00  0.0000000E+00
  0.0000000E+00  0.0000000E+00
  0.0000000E+00  0.0000000E+00
  0.0000000E+00  0.0000000E+00
  0.0000000E+00  0.0000000E+00
  0.0000000E+00  0.0000000E+00
  0.0000000E+00  0.0000000E+00
  0.0000000E+00  0.0000000E+00
  0.0000000E+00  0.0000000E+00
  0.0000000E+00  0.0000000E+00
  0.0000000E+00  0.0000000E+00
  0.0000000E+00  0.0000000E+00
  0.0000000E+00  0.0000000E+00
  0.0000000E+00  0.0000000E+00
  0.0000000E+00  0.0000000E+00
  0.0000000E+00  0.0000000E+00
  0.0000000E+00  0.0000000E+00
  0.0000000E+00  0.0000000E+00
  0.0000000E+00  0.0000000E+00
  0.0000000E+00  0.0000000E+00
  0.0000000E+00  0.0000000E+00
  0.0000000E+00  0.0000000E+00
  0.0000000E+00  0.0000000E+00
  0.0000000E+00  0.0000000E+00
  0.0000000E+00  0.0000000E+00
  0.0000000E+00  0.0000000E+00
  0.0000000E+00  0.0000000E+00
  0.0000000E+00  0.0000000E+00
  0.0000000E+00  0.0000000E+00
  0.0000000E+00  0.0000000E+00
  0.0000000E+00  0.0000000E+00
  0.0000000E+00  0.0000000E+00
  0.0000000E+00  0.0000000E+00
  0.0000000E+00  0.0000000E+00
  0.0000000E+00  0.0000000E+00
  0.0000000E+00  0.0000000E+00
  0.0000000E+00  0.0000000E+00
  0.0000000E+00  0.0000000E+00
  0.0000000E+00  0.0000000E+00
  0.0000000E+00  0.0000000E+00
  0.0000000E+00  0.0000000E+00
  0.0000000E+00  0.0000000E+00
  0.0000000E+00  0.0000000E+00
  0.0000000E+00  0.0000000E+00
  0.0000000E+00  0.0000000E+00
  0.0000000E+00  0.0000000E+00
  0.0000000E+00  0.0000000E+00
  0.0000000E+00  0.0000000E+00
  0.0000000E+00  0.0000000E+00
  0.0000000E+00  0.0000000E+00
  0.0000000E+00  0.0000000E+00
  0.0000000E+00  0.0000000E+00
  0.0000000E+00  0.0000000E+00
  0.0000000E+00  0.0000000E+00
  0.0000000E+00  0.0000000E+00
  0.0000000E+00  0.0000000E+00
  0.0000000E+00  0.0000000E+00
  0.0000000E+00  0.0000000E+00
  0.0000000E+00  0.0000000E+00
  0.0000000E+00  0.0000000E+00
  0.0000000E+00  0.0000000E+00
  0.0000000E+00  0.0000000E+00
  0.0000000E+00  0.0000000E+00
  0.0000000E+00  0.0000000E+00
  0.0000000E+00  0.0000000E+00
  0.0000000E+00  0.0000000E+00
  0.0000000E+00  0.0000000E+00
  0.0000000E+00  0.0000000E+00
  0.0000000E+00  0.0000000E+00
  0.0000000E+00  0.0000000E+00
  0.0000000E+00  0.0000000E+00
  0.0000000E+00  0.0000000E+00
  0.0000000E+00  0.0000000E+00
  0.0000000E+00  0.0000000E+00
  0.0000000E+00  0.0000000E+00
  0.0000000E+00  0.0000000E+00
  0.0000000E+00  0.0000000E+00
  0.0000000E+00  0.0000000E+00
  0.0000000E+00  0.0000000E+00
  0.0000000E+00  0.0000000E+00
  0.0000000E+00  0.0000000E+00
  0.0000000E+00  0.0000000E+00
  0.0000000E+00  0.0000000E+00
  0.0000000E+00  0.0000000E+00
  0.0000000E+00  0.0000000E+00
  0.0000000E+00  0.0000000E+00
  0.0000000E+00  0.0000000E+00
  0.0000000E+00  0.0000000E+00
  0.0000000E+00  0.0000000E+00
  0.0000000E+00  0.0000000E+00
  0.0000000E+00  0.0000000E+00
  0.0000000E+00  0.0000000E+00
  0.0000000E+00  0.0000000E+00
  0.0000000E+00  0.0000000E+00
  0.0000000E+00  0.0000000E+00
  0.0000000E+00  0.0000000E+00
  0.0000000E+00  0.0000000E+00
  0.0000000E+00  0.0000000E+00
  0.0000000E+00  0.0000000E+00
  0.0000000E+00  0.0000000E+00
  0.0000000E+00  0.0000000E+00
  0.0000000E+00  0.0000000E+00
  0.0000000E+00  0.0000000E+00
  0.0000000E+00  0.0000000E+00
  0.0000000E+00  0.0000000E+00
  0.0000000E+00  0.0000000E+00
  0.0000000E+00  0.0000000E+00
  0.0000000E+00  0.0000000E+00
  0.0000000E+00  0.0000000E+00
  0.0000000E+00  0.0000000E+00
  0.0000000E+00  0.0000000E+00
  0.0000000E+00  0.0000000E+00
  0.0000000E+00  0.0000000E+00
  0.0000000E+00  0.0000000E+00
  0.0000000E+00  0.0000000E+00
  0.0000000E+00  0.0000000E+00
  0.0000000E+00  0.0000000E+00
  0.0000000E+00  0.0000000E+00
  0.0000000E+00  0.0000000E+00
  0.0000000E+00  0.0000000E+00
  0.0000000E+00  0.0000000E+00
  0.0000000E+00  0.0000000E+00
  0.0000000E+00  0.0000000E+00
  0.0000000E+00  0.0000000E+00
  0.0000000E+00  0.0000000E+00
  0.0000000E+00  0.0000000E+00
  0.0000000E+00  0.0000000E+00
  0.0000000E+00  0.0000000E+00
  0.0000000E+00  0.0000000E+00
  0.0000000E+00  0.0000000E+00
  0.0000000E+00  0.0000000E+00
  0.0000000E+00  0.0000000E+00
  0.0000000E+00  0.0000000E+00
  0.0000000E+00  0.0000000E+00
  0.0000000E+00  0.0000000E+00
  0.0000000E+00  0.0000000E+00
  0.0000000E+00  0.0000000E+00
  0.0000000E+00  0.0000000E+00
  0.0000000E+00  0.0000000E+00
  0.0000000E+00  0.0000000E+00
  0.0000000E+00  0.0000000E+00
  0.0000000E+00  0.0000000E+00
  0.0000000E+00  0.0000000E+00
  0.0000000E+00  0.0000000E+00
  0.0000000E+00  0.0000000E+00
  0.0000000E+00  0.0000000E+00
  0.0000000E+00  0.0000000E+00
  0.0000000E+00  0.0000000E+00
  0.0000000E+00  0.0000000E+00
  0.0000000E+00  0.0000000E+00
  0.0000000E+00  0.0000000E+00
  0.0000000E+00  0.0000000E+00
  0.0000000E+00  0.0000000E+00
  0.0000000E+00  0.0000000E+00
  0.0000000E+00  0.0000000E+00
  0.0000000E+00  0.0000000E+00
  0.0000000E+00  0.0000000E+00
  0.0000000E+00  0.0000000E+00
  0.0000000E+00  0.0000000E+00
  0.0000000E+00  0.0000000E+00
  0.0000000E+00  0.0000000E+00
  0.0000000E+00  0.0000000E+00
  0.0000000E+00  0.0000000E+00
  0.0000000E+00  0.0000000E+00
  0.0000000E+00  0.0000000E+00
  0.0000000E+00  0.0000000E+00
  0.0000000E+00  0.0000000E+00
  0.0000000E+00  0.0000000E+00
  0.0000000E+00  0.0000000E+00
  0.0000000E+00  0.0000000E+00
  0.0000000E+00  0.0000000E+00
  0.0000000E+00  0.0000000E+00
  0.0000000E+00  0.0000000E+00
  0.0000000E+00  0.0000000E+00
  0.0000000E+00  0.0000000E+00
  0.0000000E+00  0.0000000E+00
  0.0000000E+00  0.0000000E+00
  0.0000000E+00  0.0000000E+00
  0.0000000E+00  0.0000000E+00
  0.0000000E+00  0.0000000E+00
  0.0000000E+00  0.0000000E+00
  0.0000000E+00  0.0000000E+00
  0.0000000E+00  0.0000000E+00
  0.0000000E+00  0.0000000E+00
  0.0000000E+00  0.0000000E+00
  0.0000000E+00  0.0000000E+00
  0.0000000E+00  0.0000000E+00
  0.0000000E+00  0.0000000E+00
  0.0000000E+00  0.0000000E+00
  0.0000000E+00  0.0000000E+00
  0.0000000E+00  0.0000000E+00
  0.0000000E+00  0.0000000E+00
  0.0000000E+00  0.0000000E+00
  0.0000000E+00  0.0000000E+00
  0.0000000E+00  0.0000000E+00
  0.0000000E+00  0.0000000E+00
  0.0000000E+00  0.0000000E+00
  0.0000000E+00  0.0000000E+00
  0.0000000E+00  0.0000000E+00
  0.0000000E+00  0.0000000E+00
  0.0000000E+00  0.0000000E+00
  0.0000000E+00  0.0000000E+00
  0.0000000E+00  0.0000000E+00
  0.0000000E+00  0.0000000E+00
  0.0000000E+00  0.0000000E+00
  0.0000000E+00  0.0000000E+00
  0.0000000E+00  0.0000000E+00
  0.0000000E+00  0.0000000E+00
  0.0000000E+00  0.0000000E+00
  0.0000000E+00  0.0000000E+00
  0.0000000E+00  0.0000000E+00
  0.0000000E+00  0.0000000E+00
  0.0000000E+00  0.0000000E+00
  0.0000000E+00  0.0000000E+00
  0.0000000E+00  0.0000000E+00
  0.0000000E+00  0.0000000E+00
  0.0000000E+00  0.0000000E+00
  0.0000000E+00  0.0000000E+00
  0.0000000E+00  0.0000000E+00
  0.0000000E+00  0.0000000E+00
  0.0000000E+00  0.0000000E+00
  0.0000000E+00  0.0000000E+00
  0.0000000E+00  0.0000000E+00
  0.0000000E+00  0.0000000E+00
  0.0000000E+00  0.0000000E+00
  0.0000000E+00  0.0000000E+00
  0.0000000E+00  0.0000000E+00
  0.0000000E+00  0.0000000E+00
  0.0000000E+00  0.0000000E+00
  0.0000000E+00  0.0000000E+00
  0.0000000E+00  0.0000000E+00
  0.0000000E+00  0.0000000E+00
  0.0000000E+00  0.0000000E+00
  0.0000000E+00  0.0000000E+00
  0.0000000E+00  0.0000000E+00
  0.0000000E+00  0.0000000E+00
  0.0000000E+00  0.0000000E+00
  0.0000000E+00  0.0000000E+00
  0.0000000E+00  0.0000000E+00
  0.0000000E+00  0.0000000E+00
  0.0000000E+00  0.0000000E+00
  0.0000000E+00  0.0000000E+00
  0.0000000E+00  0.0000000E+00
  0.0000000E+00  0.0000000E+00
  0.0000000E+00  0.0000000E+00
  0.0000000E+00  0.0000000E+00
  0.0000000E+00  0.0000000E+00
  0.0000000E+00  0.0000000E+00
  0.0000000E+00  0.0000000E+00
  0.0000000E+00  0.0000000E+00
  0.0000000E+00  0.0000000E+00
  0.0000000E+00  0.0000000E+00
  0.0000000E+00  0.0000000E+00
  0.0000000E+00  0.0000000E+00
  0.0000000E+00  0.0000000E+00
  0.0000000E+00  0.0000000E+00
  0.0000000E+00  0.0000000E+00
  0.0000000E+00  0.0000000E+00
  0.0000000E+00  0.0000000E+00
  0.0000000E+00  0.0000000E+00
  0.0000000E+00  0.0000000E+00
  0.0000000E+00  0.0000000E+00
  0.0000000E+00  0.0000000E+00
  0.0000000E+00  0.0000000E+00
  0.0000000E+00  0.0000000E+00
  0.0000000E+00  0.0000000E+00
  0.0000000E+00  0.0000000E+00
  0.0000000E+00  0.0000000E+00
  0.0000000E+00  0.0000000E+00
  0.0000000E+00  0.0000000E+00
  0.0000000E+00  0.0000000E+00
  0.0000000E+00  0.0000000E+00
  0.0000000E+00  0.0000000E+00
  0.0000000E+00  0.0000000E+00
  0.0000000E+00  0.0000000E+00
  0.0000000E+00  0.0000000E+00
  0.0000000E+00  0.0000000E+00
  0.0000000E+00  0.0000000E+00
  0.0000000E+00  0.0000000E+00
  0.0000000E+00  0.0000000E+00
  0.0000000E+00  0.0000000E+00
  0.0000000E+00  0.0000000E+00
  0.0000000E+00  0.0000000E+00
  0.0000000E+00  0.0000000E+00
  0.0000000E+00  0.0000000E+00
  0.0000000E+00  0.0000000E+00
  0.0000000E+00  0.0000000E+00
  0.0000000E+00  0.0000000E+00
  0.0000000E+00  0.0000000E+00
  0.0000000E+00  0.0000000E+00
  0.0000000E+00  0.0000000E+00
  0.0000000E+00  0.0000000E+00
  0.0000000E+00  0.0000000E+00
  0.0000000E+00  0.0000000E+00
  0.0000000E+00  0.0000000E+00
  0.0000000E+00  0.0000000E+00
  0.0000000E+00  0.0000000E+00
  0.0000000E+00  0.0000000E+00
  0.0000000E+00  0.0000000E+00
  0.0000000E+00  0.0000000E+00
  0.0000000E+00  0.0000000E+00
  0.0000000E+00  0.0000000E+00
  0.0000000E+00  0.0000000E+00
  0.0000000E+00  0.0000000E+00
  0.0000000E+00  0.0000000E+00
  0.0000000E+00  0.0000000E+00
  0.0000000E+00  0.0000000E+00
  0.0000000E+00  0.0000000E+00
  0.0000000E+00  0.0000000E+00
  0.0000000E+00  0.0000000E+00
  0.0000000E+00  0.0000000E+00
  0.0000000E+00  0.0000000E+00
  0.0000000E+00  0.0000000E+00
  0.0000000E+00  0.0000000E+00
  0.0000000E+00  0.0000000E+00
  0.0000000E+00  0.0000000E+00
  0.0000000E+00  0.0000000E+00
  0.0000000E+00  0.0000000E+00
  0.0000000E+00  0.0000000E+00
  0.0000000E+00  0.0000000E+00
  0.0000000E+00  0.0000000E+00
  0.0000000E+00  0.0000000E+00
  0.0000000E+00  0.0000000E+00
  0.0000000E+00  0.0000000E+00
  0.0000000E+00  0.0000000E+00
  0.0000000E+00  0.0000000E+00
  0.0000000E+00  0.0000000E+00
  0.0000000E+00  0.0000000E+00
  0.0000000E+00  0.0000000E+00
  0.0000000E+00  0.0000000E+00
  0.0000000E+00  0.0000000E+00
  0.0000000E+00  0.0000000E+00
  0.0000000E+00  0.0000000E+00
  0.0000000E+00  0.0000000E+00
  0.0000000E+00  0.0000000E+00
  0.0000000E+00  0.0000000E+00
  0.0000000E+00  0.0000000E+00
  0.0000000E+00  0.0000000E+00
  0.0000000E+00  0.0000000E+00
  0.0000000E+00  0.0000000E+00
  0.0000000E+00  0.0000000E+00
  0.0000000E+00  0.0000000E+00
  0.0000000E+00  0.0000000E+00
  0.0000000E+00  0.0000000E+00
  0.0000000E+00  0.0000000E+00
  0.0000000E+00  0.0000000E+00
  0.0000000E+00  0.0000000E+00
  0.0000000E+00  0.0000000E+00
  0.0000000E+00  0.0000000E+00
  0.0000000E+00  0.0000000E+00
  0.0000000E+00  0.0000000E+00
  0.0000000E+00  0.0000000E+00
  0.0000000E+00  0.0000000E+00
  0.0000000E+00  0.0000000E+00
  0.0000000E+00  0.0000000E+00
  0.0000000E+00  0.0000000E+00
  0.0000000E+00  0.0000000E+00
  0.0000000E+00  0.0000000E+00
  0.0000000E+00  0.0000000E+00
  0.0000000E+00  0.0000000E+00
  0.0000000E+00  0.0000000E+00
  0.0000000E+00  0.0000000E+00
  0.0000000E+00  0.0000000E+00
  0.0000000E+00  0.0000000E+00
  0.0000000E+00  0.0000000E+00
  0.0000000E+00  0.0000000E+00
  0.0000000E+00  0.0000000E+00
  0.0000000E+00  0.0000000E+00
  0.0000000E+00  0.0000000E+00
  0.0000000E+00  0.0000000E+00
  0.0000000E+00  0.0000000E+00
  0.0000000E+00  0.0000000E+00
  0.0000000E+00  0.0000000E+00
  0.0000000E+00  0.0000000E+00
  0.0000000E+00  0.0000000E+00
  0.0000000E+00  0.0000000E+00
  0.0000000E+00  0.0000000E+00
  0.0000000E+00  0.0000000E+00
  0.0000000E+00  0.0000000E+00
  0.0000000E+00  0.0000000E+00
  0.0000000E+00  0.0000000E+00
  0.0000000E+00  0.0000000E+00
  0.0000000E+00  0.0000000E+00
  0.0000000E+00  0.0000000E+00
  0.0000000E+00  0.0000000E+00
  0.0000000E+00  0.0000000E+00
  0.0000000E+00  0.0000000E+00
  0.0000000E+00  0.0000000E+00
  0.0000000E+00  0.0000000E+00
  0.0000000E+00  0.0000000E+00
  0.0000000E+00  0.0000000E+00
  0.0000000E+00  0.0000000E+00
  0.0000000E+00  0.0000000E+00
  0.0000000E+00  0.0000000E+00
  0.0000000E+00  0.0000000E+00
  0.0000000E+00  0.0000000E+00
  0.0000000E+00  0.0000000E+00
  0.0000000E+00  0.0000000E+00
  0.0000000E+00  0.0000000E+00
  0.0000000E+00  0.0000000E+00
  0.0000000E+00  0.0000000E+00
  0.0000000E+00  0.0000000E+00
  0.0000000E+00  0.0000000E+00
  0.0000000E+00  0.0000000E+00
  0.0000000E+00  0.0000000E+00
  0.0000000E+00  0.0000000E+00
  0.0000000E+00  0.0000000E+00
  0.0000000E+00  0.0000000E+00
  0.0000000E+00  0.0000000E+00
  0.0000000E+00  0.0000000E+00
  0.0000000E+00  0.0000000E+00
  0.0000000E+00  0.0000000E+00
  0.0000000E+00  0.0000000E+00
  0.0000000E+00  0.0000000E+00
  0.0000000E+00  0.0000000E+00
  0.0000000E+00  0.0000000E+00
  0.0000000E+00  0.0000000E+00
  0.0000000E+00  0.0000000E+00
  0.0000000E+00  0.0000000E+00
  0.0000000E+00  0.0000000E+00
  0.0000000E+00  0.0000000E+00
  0.0000000E+00  0.0000000E+00
  0.0000000E+00  0.0000000E+00
  0.0000000E+00  0.0000000E+00
  0.0000000E+00  0.0000000E+00
  0.0000000E+00  0.0000000E+00
  0.0000000E+00  0.0000000E+00
  0.0000000E+00  0.0000000E+00
  0.0000000E+00  0.0000000E+00
  0.0000000E+00  0.0000000E+00
  0.0000000E+00  0.0000000E+00
  0.0000000E+00  0.0000000E+00
  0.0000000E+00  0.0000000E+00
  0.0000000E+00  0.0000000E+00
  0.0000000E+00  0.0000000E+00
  0.0000000E+00  0.0000000E+00
  0.0000000E+00  0.0000000E+00
  0.0000000E+00  0.0000000E+00
  0.0000000E+00  0.0000000E+00
  0.0000000E+00  0.0000000E+00
  0.0000000E+00  0.0000000E+00
  0.0000000E+00  0.0000000E+00
  0.0000000E+00  0.0000000E+00
  0.0000000E+00  0.0000000E+00
  0.0000000E+00  0.0000000E+00
  0.0000000E+00  0.0000000E+00
  0.0000000E+00  0.0000000E+00
  0.0000000E+00  0.0000000E+00
  0.0000000E+00  0.0000000E+00
  0.0000000E+00  0.0000000E+00
  0.0000000E+00  0.0000000E+00
  0.0000000E+00  0.0000000E+00
  0.0000000E+00  0.0000000E+00
  0.0000000E+00  0.0000000E+00
  0.0000000E+00  0.0000000E+00
  0.0000000E+00  0.0000000E+00
  0.0000000E+00  0.0000000E+00
  0.0000000E+00  0.0000000E+00
  0.0000000E+00  0.0000000E+00
  0.0000000E+00  0.0000000E+00
  0.0000000E+00  0.0000000E+00
  0.0000000E+00  0.0000000E+00
  0.0000000E+00  0.0000000E+00
  0.0000000E+00  0.0000000E+00
  0.0000000E+00  0.0000000E+00
  0.0000000E+00  0.0000000E+00
  0.0000000E+00  0.0000000E+00
  0.0000000E+00  0.0000000E+00
  0.0000000E+00  0.0000000E+00
  0.0000000E+00  0.0000000E+00
  0.0000000E+00  0.0000000E+00
  0.0000000E+00  0.0000000E+00
  0.0000000E+00  0.0000000E+00
  0.0000000E+00  0.0000000E+00
  0.0000000E+00  0.0000000E+00
  0.0000000E+00  0.0000000E+00
  0.0000000E+00  0.0000000E+00
  0.0000000E+00  0.0000000E+00
  0.0000000E+00  0.0000000E+00
  0.0000000E+00  0.0000000E+00
  0.0000000E+00  0.0000000E+00
  0.0000000E+00  0.0000000E+00
  0.0000000E+00  0.0000000E+00
  0.0000000E+00  0.0000000E+00
  0.0000000E+00  0.0000000E+00
  0.0000000E+00  0.0000000E+00
  0.0000000E+00  0.0000000E+00
  0.0000000E+00  0.0000000E+00
  0.0000000E+00  0.0000000E+00
  0.0000000E+00  0.0000000E+00
  0.0000000E+00  0.0000000E+00
  0.0000000E+00  0.0000000E+00
  0.0000000E+00  0.0000000E+00
  0.0000000E+00  0.0000000E+00
  0.0000000E+00  0.0000000E+00
  0.0000000E+00  0.0000000E+00
  0.0000000E+00  0.0000000E+00
  0.0000000E+00  0.0000000E+00
  0.0000000E+00  0.0000000E+00
  0.0000000E+00  0.0000000E+00
  0.0000000E+00  0.0000000E+00
  0.0000000E+00  0.0000000E+00
  0.0000000E+00  0.0000000E+00
  0.0000000E+00  0.0000000E+00
  0.0000000E+00  0.0000000E+00
  0.0000000E+00  0.0000000E+00
  0.0000000E+00  0.0000000E+00
  0.0000000E+00  0.0000000E+00
  0.0000000E+00  0.0000000E+00
  0.0000000E+00  0.0000000E+00
  0.0000000E+00  0.0000000E+00
  0.0000000E+00  0.0000000E+00
  0.0000000E+00  0.0000000E+00
  0.0000000E+00  0.0000000E+00
  0.0000000E+00  0.0000000E+00
  0.0000000E+00  0.0000000E+00
  0.0000000E+00  0.0000000E+00
  0.0000000E+00  0.0000000E+00
  0.0000000E+00  0.0000000E+00
  0.0000000E+00  0.0000000E+00
  0.0000000E+00  0.0000000E+00
  0.0000000E+00  0.0000000E+00
  0.0000000E+00  0.0000000E+00
  0.0000000E+00  0.0000000E+00
  0.0000000E+00  0.0000000E+00
  0.0000000E+00  0.0000000E+00
  0.0000000E+00  0.0000000E+00
  0.0000000E+00  0.0000000E+00
  0.0000000E+00  0.0000000E+00
  0.0000000E+00  0.0000000E+00
  0.0000000E+00  0.0000000E+00
  0.0000000E+00  0.0000000E+00
  0.0000000E+00  0.0000000E+00
  0.0000000E+00  0.0000000E+00
  0.0000000E+00  0.0000000E+00
  0.0000000E+00  0.0000000E+00
  0.0000000E+00  0.0000000E+00
  0.0000000E+00  0.0000000E+00
  0.0000000E+00  0.0000000E+00
  0.0000000E+00  0.0000000E+00
  0.0000000E+00  0.0000000E+00
  0.0000000E+00  0.0000000E+00
  0.0000000E+00  0.0000000E+00
  0.0000000E+00  0.0000000E+00
  0.0000000E+00  0.0000000E+00
  0.0000000E+00  0.0000000E+00
  0.0000000E+00  0.0000000E+00
  0.0000000E+00  0.0000000E+00
  0.0000000E+00  0.0000000E+00
  0.0000000E+00  0.0000000E+00
  0.0000000E+00  0.0000000E+00
  0.0000000E+00  0.0000000E+00
  0.0000000E+00  0.0000000E+00
  0.0000000E+00  0.0000000E+00
  0.0000000E+00  0.0000000E+00
  0.0000000E+00  0.0000000E+00
  0.0000000E+00  0.0000000E+00
  0.0000000E+00  0.0000000E+00
  0.0000000E+00  0.0000000E+00
  0.0000000E+00  0.0000000E+00
  0.0000000E+00  0.0000000E+00
  0.0000000E+00  0.0000000E+00
  0.0000000E+00  0.0000000E+00
  0.0000000E+00  0.0000000E+00
  0.0000000E+00  0.0000000E+00
  0.0000000E+00  0.0000000E+00
  0.0000000E+00  0.0000000E+00
  0.0000000E+00  0.0000000E+00
  0.0000000E+00  0.0000000E+00
  0.0000000E+00  0.0000000E+00
  0.0000000E+00  0.0000000E+00
  0.0000000E+00  0.0000000E+00
  0.0000000E+00  0.0000000E+00
  0.0000000E+00  0.0000000E+00
  0.0000000E+00  0.0000000E+00
  0.0000000E+00  0.0000000E+00
  0.0000000E+00  0.0000000E+00
  0.0000000E+00  0.0000000E+00
  0.0000000E+00  0.0000000E+00
  0.0000000E+00  0.0000000E+00
  0.0000000E+00  0.0000000E+00
  0.0000000E+00  0.0000000E+00
  0.0000000E+00  0.0000000E+00
  0.0000000E+00  0.0000000E+00
  0.0000000E+00  0.0000000E+00
  0.0000000E+00  0.0000000E+00
  0.0000000E+00  0.0000000E+00
  0.0000000E+00  0.0000000E+00
  0.0000000E+00  0.0000000E+00
  0.0000000E+00  0.0000000E+00
  0.0000000E+00  0.0000000E+00
  0.0000000E+00  0.0000000E+00
  0.0000000E+00  0.0000000E+00
  0.0000000E+00  0.0000000E+00
  0.0000000E+00  0.0000000E+00
  0.0000000E+00  0.0000000E+00
  0.0000000E+00  0.0000000E+00
  0.0000000E+00  0.0000000E+00
  0.0000000E+00  0.0000000E+00
  0.0000000E+00  0.0000000E+00
  0.0000000E+00  0.0000000E+00
  0.0000000E+00  0.0000000E+00
  0.0000000E+00  0.0000000E+00
  0.0000000E+00  0.0000000E+00
  0.0000000E+00  0.0000000E+00
  0.0000000E+00  0.0000000E+00
  0.0000000E+00  0.0000000E+00
  0.0000000E+00  0.0000000E+00
  0.0000000E+00  0.0000000E+00
  0.0000000E+00  0.0000000E+00
  0.0000000E+00  0.0000000E+00
  0.0000000E+00  0.0000000E+00
  0.0000000E+00  0.0000000E+00
  0.0000000E+00  0.0000000E+00
  0.0000000E+00  0.0000000E+00
  0.0000000E+00  0.0000000E+00
  0.0000000E+00  0.0000000E+00
  0.0000000E+00  0.0000000E+00
  0.0000000E+00  0.0000000E+00
  0.0000000E+00  0.0000000E+00
  0.0000000E+00  0.0000000E+00
  0.0000000E+00  0.0000000E+00
  0.0000000E+00  0.0000000E+00
  0.0000000E+00  0.0000000E+00
  0.0000000E+00  0.0000000E+00
  0.0000000E+00  0.0000000E+00
  0.0000000E+00  0.0000000E+00
  0.0000000E+00  0.0000000E+00
  0.0000000E+00  0.0000000E+00
  0.0000000E+00  0.0000000E+00
  0.0000000E+00  0.0000000E+00
  0.0000000E+00  0.0000000E+00
  0.0000000E+00  0.0000000E+00
  0.0000000E+00  0.0000000E+00
  0.0000000E+00  0.0000000E+00
  0.0000000E+00  0.0000000E+00
  0.0000000E+00  0.0000000E+00
  0.0000000E+00  0.0000000E+00
  0.0000000E+00  0.0000000E+00
  0.0000000E+00  0.0000000E+00
  0.0000000E+00  0.0000000E+00
  0.0000000E+00  0.0000000E+00
  0.0000000E+00  0.0000000E+00
  0.0000000E+00  0.0000000E+00
  0.0000000E+00  0.0000000E+00
  0.0000000E+00  0.0000000E+00
  0.0000000E+00  0.0000000E+00
  0.0000000E+00  0.0000000E+00
  0.0000000E+00  0.0000000E+00
  0.0000000E+00  0.0000000E+00
  0.0000000E+00  0.0000000E+00
  0.0000000E+00  0.0000000E+00
  0.0000000E+00  0.0000000E+00
  0.0000000E+00  0.0000000E+00
  0.0000000E+00  0.0000000E+00
  0.0000000E+00  0.0000000E+00
