 -0.1413039E+01 -0.6946463E+00
 -0.9610484E+00 -0.6865335E+00
 -0.7895885E+00 -0.6978052E+00
 -0.6940571E+00 -0.7036530E+00
 -0.6265900E+00 -0.7108675E+00
 -0.5722297E+00 -0.7169857E+00
 -0.1580769E+00 -0.6725695E+00
 -0.4163391E+00 -0.7122952E+00
 -0.3682853E+00 -0.7168560E+00
 -0.2974334E+00 -0.7436036E+00
 -0.1085269E+00 -0.8933069E+00
 -0.1105895E+00 -0.8908245E+00
 -0.1110327E+00 -0.8901332E+00
 -0.1098807E+00 -0.8897497E+00
 -0.1068264E+00 -0.8891577E+00
 -0.1054308E+00 -0.8889465E+00
 -0.1035561E+00 -0.8876690E+00
 -0.1012110E+00 -0.8849009E+00
 -0.9925634E-01 -0.8833165E+00
 -0.9509884E-01 -0.8825858E+00
 -0.9053452E-01 -0.8805574E+00
 -0.8673250E-01 -0.8793222E+00
 -0.8123185E-01 -0.8787549E+00
 -0.7549275E-01 -0.8768247E+00
 -0.7044839E-01 -0.8756503E+00
 -0.6401541E-01 -0.8752264E+00
 -0.5738606E-01 -0.8734791E+00
 -0.5131941E-01 -0.8724841E+00
 -0.4421476E-01 -0.8723391E+00
 -0.3696089E-01 -0.8709444E+00
 -0.3011383E-01 -0.8703156E+00
 -0.2262329E-01 -0.8705800E+00
 -0.1505904E-01 -0.8696515E+00
 -0.7744524E-02 -0.8694914E+00
 -0.2121904E-03 -0.8702245E+00
  0.7291915E-02 -0.8697729E+00
  0.1471522E-01 -0.8700834E+00
  0.2191642E-01 -0.8712795E+00
  0.2899704E-01 -0.8712752E+00
  0.3616304E-01 -0.8720291E+00
  0.4269291E-01 -0.8736193E+00
  0.4901727E-01 -0.8739616E+00
  0.5561407E-01 -0.8750305E+00
  0.6117959E-01 -0.8768623E+00
  0.6649840E-01 -0.8773706E+00
  0.7227458E-01 -0.8785990E+00
  0.7666752E-01 -0.8804780E+00
  0.8080243E-01 -0.8809624E+00
  0.8556742E-01 -0.8821437E+00
  0.8866426E-01 -0.8838782E+00
  0.9151281E-01 -0.8841544E+00
  0.9513941E-01 -0.8851088E+00
  0.9688487E-01 -0.8865347E+00
  0.9841283E-01 -0.8864674E+00
  0.1008248E+00 -0.8870774E+00
  0.1012054E+00 -0.8881138E+00
  0.1014145E+00 -0.8876160E+00
  0.1025904E+00 -0.8877766E+00
  0.1016580E+00 -0.8883474E+00
  0.1005278E+00 -0.8873772E+00
  0.1004000E+00 -0.8870680E+00
  0.9817649E-01 -0.8871667E+00
  0.9569846E-01 -0.8858100E+00
  0.9417530E-01 -0.8851642E+00
  0.9071036E-01 -0.8849372E+00
  0.8704016E-01 -0.8832210E+00
  0.8425324E-01 -0.8822432E+00
  0.7962683E-01 -0.8817980E+00
  0.7481681E-01 -0.8798873E+00
  0.7080679E-01 -0.8786808E+00
  0.6514961E-01 -0.8781380E+00
  0.5928108E-01 -0.8762431E+00
  0.5407215E-01 -0.8751001E+00
  0.4752044E-01 -0.8747249E+00
  0.4079549E-01 -0.8730527E+00
  0.3459336E-01 -0.8721583E+00
  0.2741135E-01 -0.8721296E+00
  0.2012446E-01 -0.8708628E+00
  0.1324845E-01 -0.8704000E+00
  0.5915184E-02 -0.8707929E+00
 -0.1020288E-02 -0.8701926E+00
 -0.7345067E-02 -0.8734364E+00
 -0.1523774E-01 -0.8760468E+00
 -0.2242172E-01 -0.8767669E+00
 -0.2930536E-01 -0.8772288E+00
 -0.3598830E-01 -0.8778937E+00
 -0.4249112E-01 -0.8786493E+00
 -0.4883759E-01 -0.8794354E+00
 -0.5499620E-01 -0.8802561E+00
 -0.6091306E-01 -0.8811528E+00
 -0.6655006E-01 -0.8821512E+00
 -0.7186779E-01 -0.8832339E+00
 -0.7684554E-01 -0.8843676E+00
 -0.8150335E-01 -0.8854923E+00
 -0.8580992E-01 -0.8866015E+00
 -0.8968206E-01 -0.8877594E+00
 -0.9316704E-01 -0.8888777E+00
 -0.9638307E-01 -0.8898152E+00
 -0.9925301E-01 -0.8905001E+00
 -0.1016580E+00 -0.8908155E+00
 -0.1060379E+00 -0.8883385E+00
 -0.1110632E+00 -0.8865417E+00
 -0.1120889E+00 -0.8876367E+00
 -0.1100934E+00 -0.8903232E+00
 -0.1048592E+00 -0.8952138E+00
 -0.2973321E+00 -0.7410972E+00
 -0.3686553E+00 -0.7134939E+00
 -0.4184737E+00 -0.7087080E+00
 -0.4627663E+00 -0.7077674E+00
 -0.5058329E+00 -0.7039927E+00
 -0.5537908E+00 -0.7010733E+00
 -0.6085156E+00 -0.6982886E+00
 -0.7883314E+00 -0.6898839E+00
 -0.9569412E+00 -0.6799935E+00
 -0.1422242E+01 -0.6951451E+00
 -0.1423293E+01 -0.7001258E+00
 -0.1381732E+00 -0.6812639E+00
 -0.1051104E+01 -0.6801367E+00
 -0.8603349E+00 -0.6750184E+00
 -0.6071685E+00 -0.6699106E+00
 -0.3147343E+00 -0.6661425E+00
 -0.3977360E-02 -0.6647575E+00
  0.3063058E+00 -0.6660572E+00
  0.6009402E+00 -0.6699152E+00
  0.8697220E+00 -0.6758144E+00
  0.1101285E+01 -0.6827169E+00
  0.1283161E+01 -0.6892517E+00
  0.1407640E+01 -0.6943134E+00
  0.1470582E+01 -0.6970651E+00
  0.1470393E+01 -0.6970768E+00
  0.1406929E+01 -0.6943026E+00
  0.1282779E+01 -0.6892763E+00
  0.1102472E+01 -0.6828369E+00
  0.8729417E+00 -0.6760908E+00
  0.6035444E+00 -0.6701981E+00
  0.3061577E+00 -0.6661732E+00
 -0.4509302E-02 -0.6646646E+00
 -0.3136143E+00 -0.6659987E+00
 -0.6102491E+00 -0.6701721E+00
 -0.8807182E+00 -0.6762909E+00
 -0.1107589E+01 -0.6829703E+00
 -0.1278086E+01 -0.6889393E+00
 -0.1381638E+01 -0.6931164E+00
 -0.4120637E+00 -0.6867808E+00
 -0.4531258E+00 -0.7159000E+00
 -0.6689787E+00 -0.6932058E+00
 -0.6035407E+00 -0.7051594E+00
 -0.5437749E+00 -0.7120525E+00
 -0.3645202E+00 -0.7139183E+00
 -0.4911451E+00 -0.6840072E+00
 -0.2941530E+00 -0.7409075E+00
 -0.2964243E+00 -0.7419230E+00
 -0.2906678E+00 -0.7397571E+00
 -0.2842542E+00 -0.7388854E+00
 -0.2779752E+00 -0.7379283E+00
 -0.2720080E+00 -0.7357953E+00
 -0.2641430E+00 -0.7335784E+00
 -0.2546096E+00 -0.7314944E+00
 -0.2436486E+00 -0.7294974E+00
 -0.2315069E+00 -0.7275196E+00
 -0.2183455E+00 -0.7255189E+00
 -0.2041413E+00 -0.7235687E+00
 -0.1890536E+00 -0.7216750E+00
 -0.1731710E+00 -0.7198241E+00
 -0.1564790E+00 -0.7180816E+00
 -0.1391236E+00 -0.7164525E+00
 -0.1211795E+00 -0.7149504E+00
 -0.1026603E+00 -0.7136781E+00
 -0.8371437E-01 -0.7126181E+00
 -0.6440772E-01 -0.7117370E+00
 -0.4477210E-01 -0.7111415E+00
 -0.2495607E-01 -0.7108083E+00
 -0.5045245E-02 -0.7106717E+00
  0.1488449E-01 -0.7108250E+00
  0.3470286E-01 -0.7112277E+00
  0.5435966E-01 -0.7118199E+00
  0.7373135E-01 -0.7126827E+00
  0.9272657E-01 -0.7137755E+00
  0.1113062E+00 -0.7150283E+00
  0.1293144E+00 -0.7164838E+00
  0.1466946E+00 -0.7181156E+00
  0.1634316E+00 -0.7198322E+00
  0.1793451E+00 -0.7216737E+00
  0.1944108E+00 -0.7235829E+00
  0.2086379E+00 -0.7254781E+00
  0.2218340E+00 -0.7274016E+00
  0.2340038E+00 -0.7292771E+00
  0.2451844E+00 -0.7310499E+00
  0.2551704E+00 -0.7327378E+00
  0.2640122E+00 -0.7342955E+00
  0.2717613E+00 -0.7356548E+00
  0.2782075E+00 -0.7368369E+00
  0.2834283E+00 -0.7378450E+00
  0.2874709E+00 -0.7386293E+00
  0.2902005E+00 -0.7392074E+00
  0.2917022E+00 -0.7395230E+00
  0.2919902E+00 -0.7395549E+00
  0.2908998E+00 -0.7393543E+00
  0.2885659E+00 -0.7389110E+00
  0.2850592E+00 -0.7381910E+00
  0.2801679E+00 -0.7372688E+00
  0.2739733E+00 -0.7362137E+00
  0.2666992E+00 -0.7349488E+00
  0.2582959E+00 -0.7334933E+00
  0.2487292E+00 -0.7318935E+00
  0.2381256E+00 -0.7301781E+00
  0.2264263E+00 -0.7283353E+00
  0.2137389E+00 -0.7264281E+00
  0.2001242E+00 -0.7244777E+00
  0.1855085E+00 -0.7225686E+00
  0.1700190E+00 -0.7207221E+00
  0.1537723E+00 -0.7189390E+00
  0.1367588E+00 -0.7172886E+00
  0.1190986E+00 -0.7157897E+00
  0.1008796E+00 -0.7144387E+00
  0.8213299E-01 -0.7133319E+00
  0.6299432E-01 -0.7124174E+00
  0.4355927E-01 -0.7117169E+00
  0.2390717E-01 -0.7113165E+00
  0.4177189E-02 -0.7113375E+00
 -0.1559618E-01 -0.7119029E+00
 -0.3537162E-01 -0.7127120E+00
 -0.5499054E-01 -0.7135129E+00
 -0.7434356E-01 -0.7144194E+00
 -0.9334859E-01 -0.7154964E+00
 -0.1119668E+00 -0.7166774E+00
 -0.1301528E+00 -0.7179643E+00
 -0.1478093E+00 -0.7193969E+00
 -0.1648239E+00 -0.7209795E+00
 -0.1810822E+00 -0.7227138E+00
 -0.1965003E+00 -0.7245509E+00
 -0.2110491E+00 -0.7264335E+00
 -0.2246893E+00 -0.7283155E+00
 -0.2372956E+00 -0.7301854E+00
 -0.2487216E+00 -0.7320753E+00
 -0.2590985E+00 -0.7338676E+00
 -0.2685890E+00 -0.7354304E+00
 -0.2770815E+00 -0.7366819E+00
 -0.2845353E+00 -0.7375435E+00
 -0.2910408E+00 -0.7379450E+00
 -0.2961220E+00 -0.7382967E+00
 -0.2990662E+00 -0.7389029E+00
 -0.2996128E+00 -0.7399458E+00
 -0.3700427E+00 -0.7138227E+00
 -0.9582785E+00 -0.6757284E+00
 -0.4195209E+00 -0.7094451E+00
 -0.4643569E+00 -0.7092807E+00
 -0.5095802E+00 -0.7079253E+00
 -0.5580416E+00 -0.7053940E+00
 -0.6119954E+00 -0.7027805E+00
 -0.5730214E+00 -0.6651970E+00
 -0.7984107E+00 -0.6875701E+00
 -0.4072850E+00 -0.6613503E+00
 -0.5479829E+00 -0.6944802E+00
 -0.6989926E+00 -0.6699892E+00
 -0.2113951E+00 -0.6583164E+00
 -0.1723203E-02 -0.6569387E+00
  0.2052017E+00 -0.6578249E+00
  0.4017507E+00 -0.6611789E+00
  0.5844826E+00 -0.6660055E+00
  0.7426491E+00 -0.6712046E+00
  0.8668411E+00 -0.6762981E+00
  0.9513394E+00 -0.6802549E+00
  0.9944400E+00 -0.6824796E+00
  0.9948878E+00 -0.6825648E+00
  0.9508426E+00 -0.6803086E+00
  0.8658699E+00 -0.6762854E+00
  0.7433483E+00 -0.6711428E+00
  0.5880142E+00 -0.6658118E+00
  0.4061489E+00 -0.6612054E+00
  0.2063435E+00 -0.6580285E+00
 -0.3619440E-03 -0.6567689E+00
 -0.2062479E+00 -0.6580413E+00
 -0.4090166E+00 -0.6615922E+00
 -0.5934036E+00 -0.6661037E+00
 -0.7442840E+00 -0.6711902E+00
 -0.8567551E+00 -0.6763265E+00
 -0.9338170E+00 -0.6831812E+00
 -0.3993398E+00 -0.7059628E+00
 -0.4852731E+00 -0.7225969E+00
 -0.6961076E+00 -0.7023545E+00
 -0.4991744E+00 -0.7322133E+00
 -0.4278745E+00 -0.7117311E+00
 -0.5678413E+00 -0.7058292E+00
 -0.3609330E+00 -0.7134785E+00
 -0.6375773E+00 -0.6956739E+00
 -0.3335855E+00 -0.7096756E+00
 -0.3234468E+00 -0.7073438E+00
 -0.3112088E+00 -0.7052547E+00
 -0.2974765E+00 -0.7032586E+00
 -0.2822702E+00 -0.7011659E+00
 -0.2656454E+00 -0.6990713E+00
 -0.2479049E+00 -0.6970292E+00
 -0.2291061E+00 -0.6950232E+00
 -0.2092479E+00 -0.6931239E+00
 -0.1885489E+00 -0.6912788E+00
 -0.1670506E+00 -0.6895453E+00
 -0.1447748E+00 -0.6880132E+00
 -0.1219443E+00 -0.6866784E+00
 -0.9861298E-01 -0.6855866E+00
 -0.7474913E-01 -0.6847976E+00
 -0.5051577E-01 -0.6842162E+00
 -0.2605583E-01 -0.6838834E+00
 -0.1467158E-02 -0.6838520E+00
  0.2306872E-01 -0.6840171E+00
  0.4744102E-01 -0.6844335E+00
  0.7160388E-01 -0.6851678E+00
  0.9540965E-01 -0.6860806E+00
  0.1187513E+00 -0.6871904E+00
  0.1415626E+00 -0.6886027E+00
  0.1636943E+00 -0.6901345E+00
  0.1850607E+00 -0.6918110E+00
  0.2055897E+00 -0.6936857E+00
  0.2251468E+00 -0.6956038E+00
  0.2436764E+00 -0.6975683E+00
  0.2610937E+00 -0.6996205E+00
  0.2772995E+00 -0.7016049E+00
  0.2922571E+00 -0.7035229E+00
  0.3058927E+00 -0.7054290E+00
  0.3181379E+00 -0.7071638E+00
  0.3289696E+00 -0.7087325E+00
  0.3383314E+00 -0.7101738E+00
  0.3461729E+00 -0.7113386E+00
  0.3523923E+00 -0.7122895E+00
  0.3571254E+00 -0.7132018E+00
  0.3605102E+00 -0.7138360E+00
  0.3622599E+00 -0.7140985E+00
  0.3622727E+00 -0.7141199E+00
  0.3607490E+00 -0.7138548E+00
  0.3576571E+00 -0.7132940E+00
  0.3529166E+00 -0.7125608E+00
  0.3464717E+00 -0.7115229E+00
  0.3382515E+00 -0.7102034E+00
  0.3288565E+00 -0.7089220E+00
  0.3184070E+00 -0.7074502E+00
  0.3064060E+00 -0.7056974E+00
  0.2930481E+00 -0.7039061E+00
  0.2785626E+00 -0.7019848E+00
  0.2627698E+00 -0.6999369E+00
  0.2456853E+00 -0.6979319E+00
  0.2274733E+00 -0.6959304E+00
  0.2081806E+00 -0.6939557E+00
  0.1879185E+00 -0.6921460E+00
  0.1668468E+00 -0.6904409E+00
  0.1449600E+00 -0.6888621E+00
  0.1223474E+00 -0.6875668E+00
  0.9916077E-01 -0.6864226E+00
  0.7547712E-01 -0.6854877E+00
  0.5135881E-01 -0.6847857E+00
  0.2701633E-01 -0.6843231E+00
  0.2610008E-02 -0.6842014E+00
 -0.2183820E-01 -0.6844671E+00
 -0.4617463E-01 -0.6849476E+00
 -0.7025915E-01 -0.6856875E+00
 -0.9402625E-01 -0.6866007E+00
 -0.1173984E+00 -0.6877363E+00
 -0.1403771E+00 -0.6889281E+00
 -0.1629102E+00 -0.6903664E+00
 -0.1848611E+00 -0.6920086E+00
 -0.2059921E+00 -0.6937543E+00
 -0.2260865E+00 -0.6955990E+00
 -0.2450865E+00 -0.6975403E+00
 -0.2630574E+00 -0.6995736E+00
 -0.2798792E+00 -0.7015935E+00
 -0.2952126E+00 -0.7035115E+00
 -0.3087986E+00 -0.7053564E+00
 -0.3212135E+00 -0.7071999E+00
 -0.3329607E+00 -0.7089049E+00
 -0.3433601E+00 -0.7102965E+00
 -0.3520871E+00 -0.7114336E+00
 -0.3594690E+00 -0.7121850E+00
 -0.3653431E+00 -0.7129314E+00
 -0.3688940E+00 -0.7136543E+00
 -0.3302958E+00 -0.6698264E+00
 -0.5674475E+00 -0.6761671E+00
 -0.4630148E+00 -0.7098691E+00
 -0.5086178E+00 -0.7084627E+00
 -0.5149838E+00 -0.7071567E+00
 -0.5548201E+00 -0.7050360E+00
 -0.6026828E+00 -0.7025672E+00
 -0.7935560E+00 -0.6778356E+00
 -0.1714280E+00 -0.6672224E+00
  0.7427757E-04 -0.6657478E+00
 -0.4181388E+00 -0.7095614E+00
  0.1650111E+00 -0.6664366E+00
  0.3212612E+00 -0.6702712E+00
  0.4723286E+00 -0.6750772E+00
  0.6031358E+00 -0.6795890E+00
  0.7057285E+00 -0.6843841E+00
  0.7750633E+00 -0.6881127E+00
  0.8118888E+00 -0.6903933E+00
  0.8136592E+00 -0.6905608E+00
  0.7750183E+00 -0.6883337E+00
  0.7035495E+00 -0.6843833E+00
  0.6028217E+00 -0.6793833E+00
  0.4763914E+00 -0.6742196E+00
  0.3294253E+00 -0.6698256E+00
  0.1696798E+00 -0.6667286E+00
  0.6653449E-02 -0.6655012E+00
 -0.1564148E+00 -0.6672111E+00
 -0.3268552E+00 -0.6707430E+00
 -0.4801185E+00 -0.6745034E+00
 -0.6009325E+00 -0.6792331E+00
 -0.6894783E+00 -0.6853566E+00
 -0.4610904E+00 -0.6713750E+00
 -0.3562781E+00 -0.7133045E+00
 -0.3395797E+00 -0.7105474E+00
 -0.3467808E+00 -0.7105436E+00
 -0.7719483E+00 -0.6743104E+00
 -0.4640769E+00 -0.7103570E+00
 -0.5907126E+00 -0.6942875E+00
 -0.3782512E+00 -0.7069185E+00
 -0.3649709E+00 -0.7034064E+00
 -0.3176550E+00 -0.6968594E+00
 -0.2983477E+00 -0.6944331E+00
 -0.2780071E+00 -0.6924077E+00
 -0.2564795E+00 -0.6905162E+00
 -0.2337610E+00 -0.6884640E+00
 -0.2102782E+00 -0.6865731E+00
 -0.1858127E+00 -0.6849667E+00
 -0.1605876E+00 -0.6831556E+00
 -0.1350057E+00 -0.6818447E+00
 -0.1088085E+00 -0.6809980E+00
 -0.8176722E-01 -0.6803309E+00
 -0.5411868E-01 -0.6797430E+00
 -0.2626693E-01 -0.6795495E+00
  0.1685856E-02 -0.6794696E+00
  0.2940029E-01 -0.6795153E+00
  0.5678622E-01 -0.6800089E+00
  0.8404331E-01 -0.6808050E+00
  0.1108614E+00 -0.6816119E+00
  0.1370668E+00 -0.6827972E+00
  0.1628334E+00 -0.6842946E+00
  0.1877579E+00 -0.6857122E+00
  0.2117528E+00 -0.6874481E+00
  0.2349867E+00 -0.6894172E+00
  0.2570054E+00 -0.6912149E+00
  0.2778026E+00 -0.6932292E+00
  0.2975579E+00 -0.6953650E+00
  0.3157794E+00 -0.6972343E+00
  0.3325528E+00 -0.6991923E+00
  0.3480611E+00 -0.7011684E+00
  0.3617758E+00 -0.7027741E+00
  0.3738672E+00 -0.7043560E+00
  0.3845643E+00 -0.7058924E+00
  0.3931628E+00 -0.7068133E+00
  0.3995301E+00 -0.7075275E+00
  0.4049706E+00 -0.7086508E+00
  0.4094468E+00 -0.7096854E+00
  0.4113313E+00 -0.7098833E+00
  0.4111367E+00 -0.7097449E+00
  0.4093529E+00 -0.7095034E+00
  0.4054382E+00 -0.7088891E+00
  0.3995604E+00 -0.7080775E+00
  0.3914101E+00 -0.7069011E+00
  0.3806578E+00 -0.7049227E+00
  0.3699630E+00 -0.7037339E+00
  0.3587208E+00 -0.7027903E+00
  0.3449346E+00 -0.7007740E+00
  0.3300152E+00 -0.6990863E+00
  0.3138831E+00 -0.6973754E+00
  0.2957645E+00 -0.6952804E+00
  0.2762707E+00 -0.6932007E+00
  0.2554980E+00 -0.6912258E+00
  0.2333522E+00 -0.6892121E+00
  0.2104181E+00 -0.6873304E+00
  0.1866054E+00 -0.6857563E+00
  0.1616424E+00 -0.6842016E+00
  0.1359723E+00 -0.6829836E+00
  0.1096327E+00 -0.6819887E+00
  0.8255687E-01 -0.6811260E+00
  0.5499564E-01 -0.6803318E+00
  0.2739484E-01 -0.6796309E+00
 -0.6220824E-04 -0.6795350E+00
 -0.2761696E-01 -0.6797868E+00
 -0.5489982E-01 -0.6799175E+00
 -0.8171886E-01 -0.6807389E+00
 -0.1082042E+00 -0.6812983E+00
 -0.1342720E+00 -0.6826484E+00
 -0.1601302E+00 -0.6836382E+00
 -0.1858592E+00 -0.6855113E+00
 -0.2112169E+00 -0.6875353E+00
 -0.2355293E+00 -0.6893125E+00
 -0.2582218E+00 -0.6910039E+00
 -0.2795545E+00 -0.6929806E+00
 -0.2999800E+00 -0.6952072E+00
 -0.3190476E+00 -0.6973265E+00
 -0.3357350E+00 -0.6989977E+00
 -0.3492970E+00 -0.7000317E+00
 -0.3623960E+00 -0.7017496E+00
 -0.3764413E+00 -0.7041350E+00
 -0.3883029E+00 -0.7056068E+00
 -0.3971703E+00 -0.7066737E+00
 -0.4056414E+00 -0.7071822E+00
 -0.4135382E+00 -0.7089330E+00
  0.1403764E+00 -0.6766219E+00
  0.3905602E-02 -0.6770881E+00
 -0.4352514E+00 -0.7027674E+00
 -0.6337969E+00 -0.6808729E+00
 -0.2885849E+00 -0.6791974E+00
 -0.4819289E+00 -0.7007957E+00
 -0.3990556E+00 -0.7098070E+00
 -0.5036367E+00 -0.7079430E+00
  0.4926952E+00 -0.7133529E+00
  0.2675399E+00 -0.6821212E+00
 -0.3507395E+00 -0.7005836E+00
 -0.1479420E+00 -0.6784803E+00
 -0.4551719E+00 -0.7197850E+00
 -0.4337624E+00 -0.7081679E+00
  0.5187343E+00 -0.6903480E+00
  0.6086013E+00 -0.6949866E+00
  0.6681184E+00 -0.6986478E+00
  0.7022792E+00 -0.7013629E+00
  0.7065604E+00 -0.7016571E+00
  0.6682708E+00 -0.6993006E+00
  0.6033524E+00 -0.6952335E+00
  0.5159488E+00 -0.6901172E+00
  0.4076707E+00 -0.6848747E+00
  0.2828924E+00 -0.6803739E+00
  0.1489283E+00 -0.6771832E+00
  0.1531989E-01 -0.6760237E+00
 -0.1159683E+00 -0.6790224E+00
 -0.2755363E+00 -0.6829470E+00
 -0.4118435E+00 -0.6846465E+00
 -0.5136999E+00 -0.6887966E+00
 -0.4282986E+00 -0.6809543E+00
 -0.4579499E+00 -0.7108170E+00
 -0.3353239E+00 -0.6990068E+00
 -0.5442892E+00 -0.7012148E+00
  0.4640065E+00 -0.6984254E+00
  0.4044499E+00 -0.6874101E+00
 -0.5762636E+00 -0.7021744E+00
 -0.4354669E+00 -0.7082502E+00
 -0.4206847E+00 -0.7073026E+00
 -0.5154534E+00 -0.7053847E+00
 -0.5360287E+00 -0.7025920E+00
 -0.3821374E+00 -0.7003065E+00
 -0.4016153E+00 -0.7030265E+00
 -0.1335182E+00 -0.6915402E+00
 -0.3494530E+00 -0.6971850E+00
 -0.3264617E+00 -0.6939121E+00
 -0.2544865E+00 -0.6878372E+00
 -0.2289392E+00 -0.6860350E+00
 -0.2019025E+00 -0.6848707E+00
 -0.1739668E+00 -0.6820970E+00
 -0.1470294E+00 -0.6807793E+00
 -0.1192863E+00 -0.6807328E+00
 -0.8904038E-01 -0.6806146E+00
 -0.5747159E-01 -0.6796187E+00
 -0.2660038E-01 -0.6796188E+00
  0.4694465E-02 -0.6797140E+00
  0.3502943E-01 -0.6790684E+00
  0.6427123E-01 -0.6796073E+00
  0.9436234E-01 -0.6810655E+00
  0.1237539E+00 -0.6812274E+00
  0.1518611E+00 -0.6823810E+00
  0.1805466E+00 -0.6845371E+00
  0.2078429E+00 -0.6853172E+00
  0.2336420E+00 -0.6869996E+00
  0.2597011E+00 -0.6895905E+00
  0.2837205E+00 -0.6907613E+00
  0.3061271E+00 -0.6927133E+00
  0.3284714E+00 -0.6954493E+00
  0.3482174E+00 -0.6967345E+00
  0.3663574E+00 -0.6986100E+00
  0.3840830E+00 -0.7011285E+00
  0.3987310E+00 -0.7021523E+00
  0.4118707E+00 -0.7037477E+00
  0.4243869E+00 -0.7060725E+00
  0.4330204E+00 -0.7060776E+00
  0.4375203E+00 -0.7051997E+00
  0.4444514E+00 -0.7072237E+00
  0.4522284E+00 -0.7102041E+00
  0.4540998E+00 -0.7093778E+00
  0.4535131E+00 -0.7090486E+00
  0.4519412E+00 -0.7094184E+00
  0.4464125E+00 -0.7080404E+00
  0.4389891E+00 -0.7075318E+00
  0.4286561E+00 -0.7070906E+00
  0.4133448E+00 -0.7013963E+00
  0.4024077E+00 -0.7008071E+00
  0.3929108E+00 -0.7032770E+00
  0.3766176E+00 -0.6989829E+00
  0.3613038E+00 -0.6980338E+00
  0.3446212E+00 -0.6976499E+00
  0.3236343E+00 -0.6945609E+00
  0.3020994E+00 -0.6924743E+00
  0.2791959E+00 -0.6909974E+00
  0.2542555E+00 -0.6884120E+00
  0.2295920E+00 -0.6863808E+00
  0.2037929E+00 -0.6857560E+00
  0.1756586E+00 -0.6835847E+00
  0.1473916E+00 -0.6827087E+00
  0.1181692E+00 -0.6822978E+00
  0.8769394E-01 -0.6813965E+00
  0.5653099E-01 -0.6804612E+00
  0.2627097E-01 -0.6788940E+00
 -0.3067617E-02 -0.6789926E+00
 -0.3348684E-01 -0.6799237E+00
 -0.6294410E-01 -0.6786465E+00
 -0.9138557E-01 -0.6805730E+00
 -0.1200062E+00 -0.6796619E+00
 -0.1476851E+00 -0.6820191E+00
 -0.1757760E+00 -0.6814582E+00
 -0.2042428E+00 -0.6853907E+00
 -0.2338783E+00 -0.6881164E+00
 -0.2619549E+00 -0.6894772E+00
 -0.2864029E+00 -0.6903613E+00
 -0.3091813E+00 -0.6924978E+00
 -0.3323605E+00 -0.6954566E+00
 -0.3539819E+00 -0.6978428E+00
 -0.3714542E+00 -0.6992341E+00
 -0.3807717E+00 -0.6967829E+00
 -0.3933800E+00 -0.6980432E+00
 -0.4126252E+00 -0.7044786E+00
 -0.4271135E+00 -0.7052889E+00
 -0.4325826E+00 -0.7046229E+00
 -0.3700026E+00 -0.6993736E+00
 -0.3853818E+00 -0.6991538E+00
 -0.3876197E+00 -0.7122158E+00
  0.6193018E+00 -0.7131754E+00
 -0.4681355E+00 -0.7034160E+00
 -0.2553634E+00 -0.6912073E+00
  0.3532627E+00 -0.7070261E+00
 -0.4980085E+00 -0.7073777E+00
 -0.5197014E+00 -0.6877517E+00
  0.1216853E+00 -0.6862121E+00
 -0.4466536E+00 -0.7007086E+00
 -0.5102361E+00 -0.7067517E+00
  0.4567551E+00 -0.7016149E+00
  0.5369913E+00 -0.7051749E+00
  0.6291128E+00 -0.7143967E+00
  0.5866350E+00 -0.7110030E+00
  0.5249115E+00 -0.7062491E+00
  0.4486574E+00 -0.7008022E+00
  0.3546752E+00 -0.6952855E+00
  0.2469038E+00 -0.6904730E+00
  0.1317934E+00 -0.6869012E+00
  0.2221345E-01 -0.6852338E+00
 -0.7341112E+00 -0.6754550E+00
 -0.2386123E+00 -0.7051754E+00
 -0.3654763E+00 -0.6962768E+00
 -0.4485203E+00 -0.6980256E+00
 -0.3675349E+00 -0.7019053E+00
 -0.3039923E+00 -0.6919500E+00
  0.5864775E+00 -0.7088338E+00
 -0.2801820E+00 -0.6905839E+00
 -0.7491333E+00 -0.6987918E+00
 -0.4068609E+00 -0.7026059E+00
 -0.4439154E+00 -0.7044716E+00
 -0.5379057E+00 -0.6984544E+00
 -0.3794424E+00 -0.6984209E+00
  0.5262182E+00 -0.7397185E+00
 -0.4019083E+00 -0.7057033E+00
 -0.1184164E+00 -0.6993867E+00
  0.4705249E+00 -0.7184482E+00
 -0.2155801E+00 -0.6861601E+00
 -0.3504149E+00 -0.6902320E+00
 -0.2715862E+00 -0.6844532E+00
 -0.2460722E+00 -0.6831958E+00
 -0.1585785E+00 -0.6771386E+00
 -0.1339168E+00 -0.6800326E+00
 -0.9844657E-01 -0.6804113E+00
 -0.5901759E-01 -0.6766323E+00
 -0.2643037E-01 -0.6782877E+00
  0.9315992E-02 -0.6808472E+00
  0.4067876E-01 -0.6762113E+00
  0.6957164E-01 -0.6770807E+00
  0.1034543E+00 -0.6828372E+00
  0.1352729E+00 -0.6783972E+00
  0.1632164E+00 -0.6794786E+00
  0.1962930E+00 -0.6862149E+00
  0.2256121E+00 -0.6823522E+00
  0.2513305E+00 -0.6839584E+00
  0.2821024E+00 -0.6910846E+00
  0.3072712E+00 -0.6876687E+00
  0.3296605E+00 -0.6895412E+00
  0.3568544E+00 -0.6967396E+00
  0.3768367E+00 -0.6934513E+00
  0.3949839E+00 -0.6952957E+00
  0.4174532E+00 -0.7021670E+00
  0.4312971E+00 -0.6986476E+00
  0.4445237E+00 -0.7002646E+00
  0.4616897E+00 -0.7079436E+00
  0.4690181E+00 -0.7042633E+00
  0.4797536E+00 -0.7071351E+00
  0.4927253E+00 -0.7049096E+00
  0.4913902E+00 -0.7050269E+00
  0.4924849E+00 -0.7101871E+00
  0.4821236E+00 -0.7036368E+00
  0.4725945E+00 -0.7037796E+00
  0.4592936E+00 -0.7148495E+00
  0.4241037E+00 -0.7136734E+00
  0.3991524E+00 -0.7026359E+00
  0.3751276E+00 -0.6998833E+00
  0.3476583E+00 -0.6907353E+00
  0.3254878E+00 -0.6894219E+00
  0.3017674E+00 -0.6918382E+00
  0.2725284E+00 -0.6854200E+00
  0.2480301E+00 -0.6821575E+00
  0.2230532E+00 -0.6875720E+00
  0.1877299E+00 -0.6799244E+00
  0.1576526E+00 -0.6801313E+00
  0.1265406E+00 -0.6831954E+00
  0.9137079E-01 -0.6811323E+00
  0.5460993E-01 -0.6812694E+00
  0.2373472E-01 -0.6753693E+00
 -0.5442886E-02 -0.6762894E+00
 -0.4146111E-01 -0.6835368E+00
 -0.4684040E+00 -0.7114667E+00
 -0.1800656E+00 -0.6821727E+00
 -0.2149017E+00 -0.6867851E+00
 -0.2537279E+00 -0.6901388E+00
 -0.2890175E+00 -0.6893347E+00
 -0.3117874E+00 -0.6869425E+00
 -0.3340993E+00 -0.6896256E+00
 -0.3615064E+00 -0.6958748E+00
 -0.3879733E+00 -0.6975830E+00
 -0.4101950E+00 -0.7028022E+00
 -0.3683604E-01 -0.6671613E+00
 -0.3274497E+00 -0.6892166E+00
  0.5286965E+00 -0.7310504E+00
 -0.3925401E+00 -0.7174679E+00
 -0.2209748E+00 -0.7071937E+00
  0.3249615E+00 -0.7037530E+00
 -0.4032934E+00 -0.7057922E+00
  0.5100051E+00 -0.7203302E+00
  0.4972178E+00 -0.7292286E+00
 -0.5953857E+00 -0.7008180E+00
 -0.3019409E+00 -0.6920730E+00
  0.4483146E+00 -0.7217285E+00
  0.3830146E+00 -0.7167817E+00
  0.3026650E+00 -0.7114710E+00
  0.2104079E+00 -0.7068918E+00
  0.1120663E+00 -0.7022662E+00
  0.2273403E-01 -0.6914042E+00
 -0.6632206E+00 -0.6852278E+00
 -0.2153428E+00 -0.7128668E+00
 -0.3198653E+00 -0.7117212E+00
 -0.6813111E+00 -0.7009965E+00
  0.1080582E+00 -0.6908243E+00
 -0.1846034E+00 -0.6778406E+00
  0.1630576E-01 -0.6927721E+00
  0.3850739E-01 -0.6888625E+00
 -0.9668221E-01 -0.6898692E+00
 -0.3761739E-01 -0.6854385E+00
  0.4010515E+00 -0.7136375E+00
 -0.3110493E+00 -0.7108591E+00
  0.5115321E+00 -0.7040604E+00
 -0.5947065E+00 -0.7081029E+00
 -0.6798809E+00 -0.6903768E+00
 -0.4487509E+00 -0.7036036E+00
 -0.4631381E+00 -0.7109416E+00
 -0.6131217E+00 -0.7215591E+00
 -0.1036329E+01 -0.6702088E+00
 -0.1155699E+01 -0.6841294E+00
 -0.1297921E+00 -0.6818326E+00
 -0.8172344E-01 -0.6916873E+00
 -0.4130083E+00 -0.6923694E+00
  0.2668101E+00 -0.6863949E+00
 -0.4453243E+00 -0.7103072E+00
  0.2168311E+00 -0.6965423E+00
  0.6739555E-02 -0.6767083E+00
  0.4000858E+00 -0.6917966E+00
 -0.6801395E-01 -0.6722831E+00
  0.5284804E+00 -0.7029424E+00
  0.1762175E+00 -0.6969349E+00
 -0.4806634E+00 -0.7116306E+00
  0.2759002E+00 -0.6853666E+00
 -0.1835487E+00 -0.6776664E+00
  0.5118027E+00 -0.7024055E+00
 -0.2757752E+00 -0.6834739E+00
  0.4689364E+00 -0.6980239E+00
  0.3606509E+00 -0.6907052E+00
 -0.3622979E+00 -0.6904028E+00
 -0.3458839E+00 -0.6875596E+00
  0.4128654E+00 -0.6933941E+00
  0.3406368E+00 -0.6878396E+00
  0.2551015E+00 -0.6825919E+00
  0.1598320E+00 -0.6786707E+00
  0.6005863E-01 -0.6772955E+00
 -0.4519797E-01 -0.6863043E+00
 -0.1669097E+00 -0.6816298E+00
 -0.4126082E+00 -0.7002027E+00
  0.4363435E+00 -0.7038344E+00
  0.1309105E+00 -0.6734948E+00
 -0.1375027E+00 -0.6777691E+00
 -0.2741471E+00 -0.6745512E+00
  0.4367045E+00 -0.6889521E+00
 -0.1979894E+01 -0.1841810E+00
 -0.1660999E+01 -0.2370733E-01
 -0.1557890E+01  0.2081014E-01
 -0.1504777E+01  0.3522651E-01
 -0.1470337E+01  0.3782124E-01
 -0.1444214E+01  0.3540806E-01
 -0.1422177E+01  0.3099584E-01
 -0.1402439E+01  0.2593017E-01
 -0.1384035E+01  0.2088380E-01
 -0.1366417E+01  0.1618044E-01
 -0.1349221E+01  0.1195520E-01
 -0.1332212E+01  0.8239817E-02
 -0.1315226E+01  0.5020179E-02
 -0.1298204E+01  0.2244814E-02
 -0.1281287E+01 -0.1216597E-03
 -0.1264874E+01 -0.2137593E-02
 -0.1249980E+01 -0.3840454E-02
 -0.1238818E+01 -0.5264455E-02
 -0.1236300E+01 -0.6458810E-02
 -0.1254275E+01 -0.7526606E-02
 -0.1199480E+01 -0.5059836E-02
 -0.1092272E+01 -0.5586080E-03
 -0.9373311E+00  0.5202636E-02
 -0.7413952E+00  0.1123808E-01
 -0.5130186E+00  0.1650047E-01
 -0.2621756E+00  0.2008551E-01
  0.1312699E-03  0.2136389E-01
  0.2623990E+00  0.2014582E-01
  0.5131842E+00  0.1664410E-01
  0.7415277E+00  0.1146259E-01
  0.9374484E+00  0.5499861E-02
  0.1092386E+01 -0.2093164E-03
  0.1199588E+01 -0.4674238E-02
  0.1254378E+01 -0.7120971E-02
  0.1254375E+01 -0.7125777E-02
  0.1199583E+01 -0.4688433E-02
  0.1092377E+01 -0.2324928E-03
  0.9374346E+00  0.5469011E-02
  0.7415044E+00  0.1142638E-01
  0.5131451E+00  0.1660465E-01
  0.2623340E+00  0.2010322E-01
  0.4324148E-04  0.2131161E-01
 -0.2622466E+00  0.2001487E-01
 -0.5130548E+00  0.1643188E-01
 -0.7414095E+00  0.1117726E-01
 -0.9373313E+00  0.5155527E-02
 -0.1092270E+01 -0.5960393E-03
 -0.1199471E+01 -0.5085803E-02
 -0.1254269E+01 -0.7539230E-02
 -0.1236280E+01 -0.6471090E-02
 -0.1238796E+01 -0.5276644E-02
 -0.1249961E+01 -0.3853368E-02
 -0.1264850E+01 -0.2151859E-02
 -0.1281268E+01 -0.1352496E-03
 -0.1298190E+01  0.2235565E-02
 -0.1315199E+01  0.5004175E-02
 -0.1332184E+01  0.8222674E-02
 -0.1349193E+01  0.1193541E-01
 -0.1366382E+01  0.1615787E-01
 -0.1384010E+01  0.2085745E-01
 -0.1402421E+01  0.2589861E-01
 -0.1422168E+01  0.3095664E-01
 -0.1444237E+01  0.3535586E-01
 -0.1470352E+01  0.3776788E-01
 -0.1504853E+01  0.3512871E-01
 -0.1558010E+01  0.2066236E-01
 -0.1661062E+01 -0.2387918E-01
 -0.1978691E+01 -0.1840413E+00
 -0.1892829E+01 -0.1800748E+00
 -0.1724495E+01 -0.1726755E+00
 -0.1480379E+01 -0.1630311E+00
 -0.1171425E+01 -0.1529235E+00
 -0.8113409E+00 -0.1440914E+00
 -0.4157534E+00 -0.1380610E+00
 -0.1810399E-02 -0.1358614E+00
  0.4121647E+00 -0.1378844E+00
  0.8079224E+00 -0.1438111E+00
  0.1168240E+01 -0.1525770E+00
  0.1477350E+01 -0.1626357E+00
  0.1721873E+01 -0.1722795E+00
  0.1891102E+01 -0.1798435E+00
  0.1977589E+01 -0.1839704E+00
  0.1977503E+01 -0.1839534E+00
  0.1890929E+01 -0.1797846E+00
  0.1721698E+01 -0.1722202E+00
  0.1477163E+01 -0.1625805E+00
  0.1167950E+01 -0.1524622E+00
  0.8075749E+00 -0.1436716E+00
  0.4116349E+00 -0.1376830E+00
 -0.2361309E-02 -0.1356051E+00
 -0.4162160E+00 -0.1377608E+00
 -0.8117694E+00 -0.1437135E+00
 -0.1171529E+01 -0.1524173E+00
 -0.1478520E+01 -0.1623370E+00
 -0.1716231E+01 -0.1715713E+00
 -0.1889110E+01 -0.1796445E+00
 -0.1438956E+01  0.3838685E-01
 -0.1406025E+01  0.4089586E-01
 -0.1381036E+01  0.3840330E-01
 -0.1359999E+01  0.3390439E-01
 -0.1341129E+01  0.2878263E-01
 -0.1323536E+01  0.2368913E-01
 -0.1306693E+01  0.1894478E-01
 -0.1290250E+01  0.1468418E-01
 -0.1273976E+01  0.1093467E-01
 -0.1257729E+01  0.7661246E-02
 -0.1241471E+01  0.4854702E-02
 -0.1225299E+01  0.2484423E-02
 -0.1209597E+01  0.4511430E-03
 -0.1195359E+01 -0.1287772E-02
 -0.1184685E+01 -0.2755683E-02
 -0.1182283E+01 -0.3985499E-02
 -0.1076593E+01  0.5224513E-03
 -0.9238437E+00  0.6309159E-02
 -0.7306452E+00  0.1240213E-01
 -0.5053292E+00  0.1766446E-01
 -0.2578569E+00  0.2123510E-01
  0.7298344E-03  0.2242779E-01
  0.2590440E+00  0.2118817E-01
  0.5060412E+00  0.1769109E-01
  0.7310023E+00  0.1252448E-01
  0.9240686E+00  0.6566949E-02
  0.1076768E+01  0.8555900E-03
  0.1182419E+01 -0.3613756E-02
  0.1236417E+01 -0.6063343E-02
  0.1236408E+01 -0.6067863E-02
  0.1182392E+01 -0.3626895E-02
  0.1076720E+01  0.8361078E-03
  0.9239923E+00  0.6546490E-02
  0.7308663E+00  0.1251278E-01
  0.5057766E+00  0.1769916E-01
  0.2585545E+00  0.2120345E-01
  0.2204516E-04  0.2241394E-01
 -0.2585085E+00  0.2111595E-01
 -0.5057196E+00  0.1752889E-01
 -0.7307971E+00  0.1226835E-01
 -0.9239056E+00  0.6239114E-02
 -0.1076619E+01  0.4804118E-03
 -0.1182276E+01 -0.4014392E-02
 -0.1184686E+01 -0.2793618E-02
 -0.1195363E+01 -0.1338212E-02
 -0.1209609E+01  0.3944879E-03
 -0.1225304E+01  0.2440572E-02
 -0.1241485E+01  0.4839345E-02
 -0.1257743E+01  0.7636294E-02
 -0.1273975E+01  0.1088285E-01
 -0.1290242E+01  0.1462544E-01
 -0.1306691E+01  0.1887877E-01
 -0.1323553E+01  0.2361265E-01
 -0.1341161E+01  0.2869170E-01
 -0.1360051E+01  0.3379381E-01
 -0.1381157E+01  0.3825121E-01
 -0.1406154E+01  0.4071666E-01
 -0.1439159E+01  0.3816854E-01
 -0.1489985E+01  0.2381812E-01
 -0.1588455E+01 -0.2048915E-01
 -0.1446493E+01 -0.1418413E-01
 -0.1241385E+01 -0.6091730E-02
 -0.9820322E+00  0.2427943E-02
 -0.6798037E+00  0.9868391E-02
 -0.3478472E+00  0.1492876E-01
 -0.5753300E-03  0.1678000E-01
  0.3467229E+00  0.1506480E-01
  0.6788149E+00  0.1009710E-01
  0.9811625E+00  0.2714240E-02
  0.1240587E+01 -0.5748528E-02
  0.1445776E+01 -0.1384582E-01
  0.1587786E+01 -0.2020117E-01
  0.1660359E+01 -0.2368211E-01
  0.1660311E+01 -0.2365418E-01
  0.1587699E+01 -0.2016205E-01
  0.1445700E+01 -0.1379766E-01
  0.1240534E+01 -0.5683078E-02
  0.9810809E+00  0.2817318E-02
  0.6786537E+00  0.1021128E-01
  0.3464851E+00  0.1522950E-01
 -0.8350047E-03  0.1699902E-01
 -0.3481028E+00  0.1519557E-01
 -0.6801216E+00  0.1015004E-01
 -0.9822659E+00  0.2819589E-02
 -0.1241206E+01 -0.5634761E-02
 -0.1445581E+01 -0.1367646E-01
 -0.1587752E+01 -0.2007461E-01
 -0.1489642E+01  0.2412895E-01
 -0.1280318E+01  0.4642098E-01
 -0.1221201E+01  0.3396539E-01
 -0.1205180E+01  0.2879412E-01
 -0.1189837E+01  0.2397998E-01
 -0.1174869E+01  0.1965486E-01
 -0.1160049E+01  0.1581310E-01
 -0.1145237E+01  0.1245223E-01
 -0.1130406E+01  0.9645380E-02
 -0.1115628E+01  0.7217313E-02
 -0.1101372E+01  0.5196617E-02
 -0.1088444E+01  0.3409203E-02
 -0.1078755E+01  0.1844969E-02
 -0.9255747E+00  0.7752284E-02
 -0.5051760E+00  0.1915814E-01
 -0.7316222E+00  0.1394435E-01
 -0.2568272E+00  0.2275769E-01
  0.2300455E-02  0.2390580E-01
  0.2606622E+00  0.2261279E-01
  0.5075958E+00  0.1906995E-01
  0.7327051E+00  0.1388100E-01
  0.9260330E+00  0.7880206E-02
  0.1078998E+01  0.2115458E-02
  0.1184855E+01 -0.2399569E-02
  0.1238953E+01 -0.4875003E-02
  0.1238934E+01 -0.4878662E-02
  0.1184807E+01 -0.2409161E-02
  0.1078913E+01  0.2105115E-02
  0.9258710E+00  0.7880853E-02
  0.7323485E+00  0.1391595E-01
  0.5067964E+00  0.1916184E-01
  0.2590697E+00  0.2270609E-01
  0.1171682E-04  0.2393068E-01
 -0.2590427E+00  0.2261904E-01
 -0.5067544E+00  0.1899208E-01
 -0.7322896E+00  0.1367244E-01
 -0.9257929E+00  0.7575722E-02
 -0.1078814E+01  0.1752726E-02
 -0.1088536E+01  0.3266670E-02
 -0.1115791E+01  0.7158570E-02
 -0.1101502E+01  0.5057639E-02
 -0.1130514E+01  0.9611464E-02
 -0.1145317E+01  0.1246096E-01
 -0.1160091E+01  0.1576086E-01
 -0.1174901E+01  0.1955924E-01
 -0.1189878E+01  0.2387284E-01
 -0.1205229E+01  0.2867227E-01
 -0.1221267E+01  0.3382687E-01
 -0.1238481E+01  0.3901572E-01
 -0.1257722E+01  0.4356782E-01
 -0.1280494E+01  0.4616784E-01
 -0.1310564E+01  0.4379795E-01
 -0.1356830E+01  0.2969784E-01
 -0.1164399E+01  0.3725682E-01
 -0.6374582E+00  0.5213990E-01
 -0.9210570E+00  0.4521091E-01
 -0.3259562E+00  0.5685379E-01
 -0.1466892E-03  0.5857411E-01
  0.3256763E+00  0.5696524E-01
  0.6372645E+00  0.5233820E-01
  0.9209529E+00  0.4547365E-01
  0.1164378E+01  0.3759216E-01
  0.1356861E+01  0.3006783E-01
  0.1490067E+01  0.2417132E-01
  0.1558165E+01  0.2091923E-01
  0.1558155E+01  0.2091946E-01
  0.1490058E+01  0.2417051E-01
  0.1356859E+01  0.3010003E-01
  0.1164352E+01  0.3768329E-01
  0.9209412E+00  0.4558168E-01
  0.6371942E+00  0.5249223E-01
  0.3255813E+00  0.5715079E-01
 -0.2590758E-03  0.5878785E-01
 -0.3260585E+00  0.5711303E-01
 -0.6375663E+00  0.5241623E-01
 -0.9210708E+00  0.4553401E-01
 -0.1164190E+01  0.3763895E-01
 -0.1356452E+01  0.3006175E-01
 -0.1257544E+01  0.4379928E-01
 -0.1238388E+01  0.3918078E-01
 -0.1310294E+01  0.4411206E-01
 -0.1021004E+01  0.3042082E-01
 -0.1034142E+01  0.3532539E-01
 -0.9954280E+00  0.2206546E-01
 -0.9825336E+00  0.1869786E-01
 -0.9694421E+00  0.1575621E-01
 -0.9565260E+00  0.1325261E-01
 -0.9443651E+00  0.1119433E-01
 -0.9336105E+00  0.9428699E-02
  0.4235477E-02  0.2587381E-01
  0.2643823E+00  0.2431760E-01
 -0.5081424E+00  0.2086231E-01
 -0.2573274E+00  0.2451839E-01
 -0.7371672E+00  0.1552317E-01
  0.5128934E+00  0.2086286E-01
  0.7395775E+00  0.1553858E-01
  0.9344668E+00  0.9460058E-02
  0.1088751E+01  0.3623958E-02
  0.1195553E+01 -0.9478296E-03
  0.1250139E+01 -0.3455825E-02
  0.1250120E+01 -0.3459601E-02
  0.1195500E+01 -0.9570018E-03
  0.1088646E+01  0.3617662E-02
  0.9342199E+00  0.9470635E-02
  0.7389496E+00  0.1558573E-01
  0.5113618E+00  0.2090093E-01
  0.2614084E+00  0.2449263E-01
  0.1829462E-04  0.2573439E-01
 -0.2613682E+00  0.2440622E-01
 -0.5113123E+00  0.2073244E-01
 -0.7388813E+00  0.1534322E-01
 -0.9341350E+00  0.9167099E-02
 -0.9828078E+00  0.1864468E-01
 -0.9954775E+00  0.2201405E-01
 -0.9575012E+00  0.1320494E-01
 -0.9701241E+00  0.1572646E-01
 -0.9452529E+00  0.1103226E-01
 -0.1008176E+01  0.2588450E-01
 -0.1021023E+01  0.3027696E-01
 -0.1034196E+01  0.3516265E-01
 -0.1047965E+01  0.4041610E-01
 -0.1062748E+01  0.4572506E-01
 -0.1079273E+01  0.5041974E-01
 -0.1098800E+01  0.5324931E-01
 -0.1124659E+01  0.5106059E-01
  0.5196210E-04  0.7149520E-01
  0.3147829E+00  0.6997527E-01
 -0.6155934E+00  0.6531085E-01
 -0.3146617E+00  0.6984629E-01
 -0.8895718E+00  0.5867323E-01
  0.6157513E+00  0.6553352E-01
  0.8897942E+00  0.5896621E-01
  0.1124932E+01  0.5142652E-01
  0.1310892E+01  0.4420012E-01
  0.1439549E+01  0.3856805E-01
  0.1505328E+01  0.3546493E-01
  0.1505334E+01  0.3547122E-01
  0.1439570E+01  0.3858180E-01
  0.1310914E+01  0.4424977E-01
  0.1124971E+01  0.5150481E-01
  0.8898288E+00  0.5909437E-01
  0.6157746E+00  0.6567916E-01
  0.3147702E+00  0.7012483E-01
  0.1317867E-04  0.7168376E-01
 -0.3146854E+00  0.7008015E-01
 -0.6155795E+00  0.6558093E-01
 -0.8895010E+00  0.5896093E-01
 -0.1124467E+01  0.5138259E-01
 -0.1079105E+01  0.5068765E-01
 -0.1062650E+01  0.4592102E-01
 -0.1008170E+01  0.2600680E-01
 -0.1098710E+01  0.5344290E-01
 -0.1047888E+01  0.4059218E-01
 -0.7875767E+00  0.2873911E-01
 -0.7770190E+00  0.2521886E-01
 -0.7451697E+00  0.1735379E-01
  0.5191134E+00  0.2299279E-01
  0.7483842E+00  0.1755867E-01
  0.2676005E+00  0.2677845E-01
  0.4128722E-02  0.2787909E-01
 -0.5136262E+00  0.2266262E-01
 -0.2604213E+00  0.2647847E-01
 -0.8179151E+00  0.4196281E-01
  0.1101736E+01  0.5444606E-02
  0.1209813E+01  0.7874819E-03
  0.1265044E+01 -0.1756849E-02
  0.1265025E+01 -0.1761773E-02
  0.1209749E+01  0.7729363E-03
  0.1101625E+01  0.5406584E-02
  0.9453518E+00  0.1133487E-01
  0.7477580E+00  0.1752834E-01
  0.5174654E+00  0.2291220E-01
  0.2645409E+00  0.2655085E-01
  0.4593572E-04  0.2780983E-01
 -0.2644530E+00  0.2646594E-01
 -0.5173770E+00  0.2274604E-01
 -0.7476645E+00  0.1728866E-01
 -0.7973398E+00  0.3250927E-01
 -0.8074917E+00  0.3698487E-01
 -0.7873126E+00  0.2856188E-01
 -0.7773163E+00  0.2511822E-01
 -0.7573403E+00  0.1953539E-01
 -0.7673065E+00  0.2212869E-01
  0.1099246E+01  0.5361080E-01
 -0.8288181E+00  0.4732671E-01
 -0.8405284E+00  0.5275699E-01
 -0.8536237E+00  0.5760921E-01
 -0.8691149E+00  0.6060152E-01
  0.6017695E+00  0.6721674E-01
  0.8695112E+00  0.6091522E-01
  0.3077081E+00  0.7154091E-01
  0.2006106E-03  0.7300263E-01
 -0.6013751E+00  0.6704549E-01
 -0.3073220E+00  0.7142244E-01
  0.1280949E+01  0.4661596E-01
  0.1406681E+01  0.4113955E-01
  0.1470957E+01  0.3813978E-01
  0.1470966E+01  0.3814647E-01
  0.1406731E+01  0.4114094E-01
  0.1281012E+01  0.4665617E-01
  0.1099349E+01  0.5365673E-01
  0.8696064E+00  0.6099887E-01
  0.6018317E+00  0.6739367E-01
  0.3077282E+00  0.7173835E-01
  0.1949860E-03  0.7322279E-01
 -0.3073092E+00  0.7165238E-01
 -0.6013244E+00  0.6728886E-01
 -0.8690133E+00  0.6086653E-01
 -0.8288062E+00  0.4751707E-01
 -0.7977546E+00  0.3269100E-01
 -0.8404681E+00  0.5296028E-01
  0.9455889E+00  0.1138032E-01
 -0.8535360E+00  0.5784279E-01
 -0.8180040E+00  0.4216594E-01
 -0.7550182E+00  0.1947902E-01
 -0.7659850E+00  0.2219541E-01
 -0.8077380E+00  0.3717739E-01
 -0.5463336E+00  0.3452544E-01
 -0.5387225E+00  0.3088209E-01
 -0.2659345E+00  0.2873555E-01
  0.5245990E+00  0.2540823E-01
  0.7576017E+00  0.1998782E-01
 -0.5214967E+00  0.2512700E-01
  0.2688673E+00  0.2910507E-01
  0.1459972E-02  0.3025435E-01
 -0.5815321E+00  0.5889623E-01
  0.1116013E+01  0.7569046E-02
 -0.5447050E+00  0.3427359E-01
  0.1281482E+01  0.2610305E-03
  0.1225508E+01  0.2844556E-02
  0.1225468E+01  0.2815764E-02
  0.1115935E+01  0.7505333E-02
  0.9576329E+00  0.1350496E-01
  0.7574810E+00  0.1977326E-01
  0.5242062E+00  0.2522327E-01
  0.2680113E+00  0.2890711E-01
  0.9167412E-04  0.3018240E-01
 -0.2678381E+00  0.2882268E-01
 -0.5240495E+00  0.2505857E-01
 -0.5309220E+00  0.2771402E-01
  0.1079838E+01  0.5073122E-01
 -0.5586311E+00  0.4283902E-01
 -0.5516178E+00  0.3828657E-01
 -0.5378208E+00  0.3076573E-01
  0.1381790E+01  0.3860445E-01
 -0.5906199E+00  0.6388661E-01
  0.3023348E+00  0.6823344E-01
 -0.5734022E+00  0.5335910E-01
 -0.3017710E+00  0.6815924E-01
  0.1444917E+01  0.3568813E-01
  0.8541735E+00  0.5785428E-01
  0.5911747E+00  0.6404707E-01
  0.2831833E-03  0.6968665E-01
  0.1258301E+01  0.4392872E-01
  0.1444944E+01  0.3568561E-01
  0.1381844E+01  0.3861219E-01
  0.1258381E+01  0.4396221E-01
  0.1079916E+01  0.5081905E-01
  0.8542586E+00  0.5797333E-01
  0.5912455E+00  0.6419664E-01
  0.3023845E+00  0.6839706E-01
  0.3019060E-03  0.6986194E-01
 -0.3017597E+00  0.6833541E-01
 -0.5905865E+00  0.6408639E-01
 -0.5662705E+00  0.4809603E-01
 -0.5530240E+00  0.3849459E-01
  0.9576845E+00  0.1362022E-01
 -0.5815425E+00  0.5910138E-01
 -0.5302290E+00  0.2772960E-01
 -0.5595314E+00  0.4304441E-01
 -0.5735354E+00  0.5356007E-01
  0.1281458E+01  0.2510803E-03
 -0.5658436E+00  0.4789659E-01
 -0.2774129E+00  0.3483988E-01
 -0.1500514E-02  0.3304645E-01
  0.7668399E+00  0.2249887E-01
 -0.2782826E+00  0.3816329E-01
  0.1298408E+01  0.2619089E-02
  0.1130693E+01  0.1001835E-01
 -0.2970859E+00  0.6308335E-01
  0.9703085E+00  0.1602423E-01
 -0.2748069E+00  0.3461344E-01
 -0.2890238E+00  0.5194566E-01
  0.1241713E+01  0.5245103E-02
  0.1130696E+01  0.9955207E-02
  0.5311732E+00  0.2787871E-01
  0.2716029E+00  0.3160457E-01
  0.1489555E-03  0.3289605E-01
 -0.2713181E+00  0.3152097E-01
  0.1422850E+01  0.3131037E-01
 -0.2853447E+00  0.4682576E-01
  0.5821841E+00  0.5908144E-01
  0.1063330E+01  0.4604806E-01
 -0.2817838E+00  0.4222605E-01
  0.1239144E+01  0.3941692E-01
  0.1422834E+01  0.3130209E-01
  0.1239067E+01  0.3937301E-01
  0.1360721E+01  0.3417987E-01
  0.2977773E+00  0.6317879E-01
  0.8411328E+00  0.5302060E-01
 -0.2929003E+00  0.5746922E-01
  0.7675167E+00  0.2236471E-01
  0.1241674E+01  0.5211621E-02
  0.1063426E+01  0.4611155E-01
  0.8412153E+00  0.5310772E-01
  0.5822171E+00  0.5919187E-01
  0.2977386E+00  0.6331548E-01
  0.2658413E-03  0.6476101E-01
 -0.2971675E+00  0.6327263E-01
 -0.2932380E+00  0.5765988E-01
 -0.2842077E+00  0.4238310E-01
 -0.2869188E+00  0.4699749E-01
 -0.2813607E+00  0.3831463E-01
  0.1298429E+01  0.2629190E-02
  0.1360664E+01  0.3415494E-01
 -0.2720289E+00  0.3157803E-01
  0.5299166E+00  0.2800383E-01
 -0.2898527E+00  0.5212978E-01
  0.3558192E-03  0.6459752E-01
  0.9700604E+00  0.1614373E-01
  0.1315457E+01  0.5384113E-02
  0.8294237E+00  0.4766446E-01
  0.1048593E+01  0.4079321E-01
  0.5739488E+00  0.5363477E-01
  0.9830572E+00  0.1893982E-01
  0.1403051E+01  0.2626733E-01
  0.4200857E-03  0.5340471E-01
  0.1258016E+01  0.8035006E-02
  0.1145545E+01  0.1280336E-01
 -0.3088762E-02  0.3614555E-01
  0.5381851E+00  0.3092780E-01
  0.2752232E+00  0.3469732E-01
  0.1048542E+01  0.4073684E-01
  0.3988124E-03  0.4826470E-01
  0.1221895E+01  0.3422022E-01
  0.1221824E+01  0.3418380E-01
  0.5741150E+00  0.5353445E-01
  0.1341790E+01  0.2908158E-01
  0.3535991E-03  0.4364862E-01
  0.1341730E+01  0.2905991E-01
  0.2936796E+00  0.5755742E-01
  0.2724028E+00  0.3482329E-01
  0.2166694E-03  0.3600204E-01
  0.1403032E+01  0.2625908E-01
  0.8294533E+00  0.4758350E-01
  0.4046779E-03  0.5894697E-01
  0.2933246E+00  0.5768938E-01
 -0.3206108E-04  0.5912437E-01
  0.1315485E+01  0.5391463E-02
 -0.1512373E-02  0.4842439E-01
 -0.3163821E-02  0.3968667E-01
 -0.2451316E-02  0.4373213E-01
  0.7764502E+00  0.2542673E-01
  0.2900626E-03  0.3956478E-01
  0.9826342E+00  0.1900540E-01
  0.1145483E+01  0.1284800E-01
  0.7776129E+00  0.2535276E-01
 -0.6252882E-03  0.5356126E-01
  0.5361456E+00  0.3108895E-01
  0.1257977E+01  0.8006827E-02
  0.2888896E+00  0.5217221E-01
  0.1205731E+01  0.2902598E-01
  0.5431275E+00  0.3451078E-01
  0.9958033E+00  0.2231038E-01
  0.2861122E+00  0.4691188E-01
  0.7877083E+00  0.2879663E-01
  0.1160314E+01  0.1613886E-01
  0.9953426E+00  0.2235275E-01
  0.5451965E+00  0.3443616E-01
  0.2788374E+00  0.3824647E-01
  0.1034731E+01  0.3547506E-01
  0.8182575E+00  0.4228061E-01
  0.1324057E+01  0.2398356E-01
  0.1205765E+01  0.2905719E-01
  0.1332523E+01  0.8610596E-02
  0.5665640E+00  0.4807450E-01
  0.1324110E+01  0.2400400E-01
  0.8185334E+00  0.4221421E-01
  0.2898310E+00  0.5203380E-01
  0.1274269E+01  0.1125510E-01
  0.2759147E+00  0.3834435E-01
  0.1384554E+01  0.2122452E-01
  0.7865314E+00  0.2890018E-01
  0.1034674E+01  0.3552422E-01
  0.1160388E+01  0.1610417E-01
  0.1332493E+01  0.8601186E-02
  0.2824602E+00  0.4230949E-01
  0.1384572E+01  0.2123148E-01
  0.2800467E+00  0.4244124E-01
  0.1274303E+01  0.1126888E-01
  0.5659634E+00  0.4817851E-01
  0.2844059E+00  0.4700199E-01
  0.1190309E+01  0.2422225E-01
  0.1021279E+01  0.3062906E-01
  0.5581474E+00  0.4311013E-01
  0.1290608E+01  0.1499735E-01
  0.7978283E+00  0.3274872E-01
  0.1175204E+01  0.1992871E-01
  0.2699766E+00  0.3182494E-01
  0.8074419E+00  0.3730307E-01
  0.1307127E+01  0.1925091E-01
  0.1190296E+01  0.2425072E-01
  0.5522146E+00  0.3845207E-01
  0.5505041E+00  0.3857048E-01
  0.1290634E+01  0.1501693E-01
  0.1307164E+01  0.1926759E-01
  0.5593082E+00  0.4300637E-01
  0.1008581E+01  0.2618552E-01
  0.1366850E+01  0.1653097E-01
  0.1349600E+01  0.1231667E-01
  0.1021498E+01  0.3058210E-01
  0.8080605E+00  0.3722868E-01
  0.1366868E+01  0.1653555E-01
  0.1349577E+01  0.1231581E-01
  0.1175261E+01  0.1990485E-01
  0.7968779E+00  0.3280704E-01
  0.1008205E+01  0.2623116E-01
 -0.9605629E+00  0.8926952E+00
 -0.9190306E+00  0.9665893E+00
 -0.9173244E+00  0.8555796E+00
 -0.9355360E+00  0.8972161E+00
 -0.9308290E+00  0.9203519E+00
 -0.9097736E+00  0.9264897E+00
 -0.8826473E+00  0.9310327E+00
 -0.8515103E+00  0.9358851E+00
 -0.8166116E+00  0.9410329E+00
 -0.7780948E+00  0.9464436E+00
 -0.7361445E+00  0.9520198E+00
 -0.6909284E+00  0.9576812E+00
 -0.6426425E+00  0.9633210E+00
 -0.5914899E+00  0.9688522E+00
 -0.5376908E+00  0.9742005E+00
 -0.4814830E+00  0.9792377E+00
 -0.4231147E+00  0.9838822E+00
 -0.3628306E+00  0.9880711E+00
 -0.3008918E+00  0.9917154E+00
 -0.2375852E+00  0.9947436E+00
 -0.1732137E+00  0.9970706E+00
 -0.1080472E+00  0.9986087E+00
 -0.4256392E-01  0.9972160E+00
  0.5505106E-01  0.9767982E+00
 -0.9471938E+00  0.8955001E+00
  0.2452551E+00  0.9712035E+00
 -0.8563336E+00  0.9763756E+00
  0.4258244E+00  0.9606986E+00
 -0.8974462E+00  0.9038190E+00
  0.5897167E+00  0.9462687E+00
 -0.7596205E+00  0.9899225E+00
  0.7305400E+00  0.9300636E+00
 -0.8121741E+00  0.9166383E+00
  0.8428123E+00  0.9146068E+00
 -0.6328592E+00  0.1005858E+01
  0.9222757E+00  0.9022471E+00
 -0.6948297E+00  0.9324517E+00
  0.9659775E+00  0.8949098E+00
 -0.4807941E+00  0.1021370E+01
  0.9722613E+00  0.8938174E+00
 -0.5497339E+00  0.9487717E+00
  0.9408854E+00  0.8991322E+00
 -0.3093336E+00  0.1033917E+01
  0.8730372E+00  0.9099850E+00
 -0.3825595E+00  0.9628137E+00
  0.7712702E+00  0.9247026E+00
 -0.1252610E+00  0.1041567E+01
  0.6394259E+00  0.9410104E+00
 -0.1998924E+00  0.9723885E+00
  0.4825539E+00  0.9563812E+00
  0.6407646E-01  0.1043256E+01
  0.3068004E+00  0.9683790E+00
 -0.8977909E-02  0.9761829E+00
  0.1191059E+00  0.9751304E+00
  0.2511480E+00  0.1038685E+01
 -0.7307483E-01  0.9755943E+00
  0.1825419E+00  0.9735610E+00
 -0.2620788E+00  0.9697793E+00
  0.4285362E+00  0.1028525E+01
 -0.4403793E+00  0.9585018E+00
  0.3670607E+00  0.9648999E+00
 -0.6008838E+00  0.9434408E+00
  0.5891953E+00  0.1014355E+01
 -0.7372939E+00  0.9269832E+00
  0.5372506E+00  0.9515427E+00
 -0.8443632E+00  0.9119469E+00
  0.7268378E+00  0.9984136E+00
 -0.9181097E+00  0.9004795E+00
  0.6864102E+00  0.9355702E+00
 -0.9557056E+00  0.8939146E+00
 -0.9601667E+00  0.8930162E+00
 -0.1763703E-01  0.1040896E+01
  0.8361136E+00  0.9831877E+00
  0.3166595E+00  0.9284018E+00
  0.8087291E+00  0.9195184E+00
  0.4925876E+00  0.9163101E+00
  0.9128914E+00  0.9710464E+00
  0.6492161E+00  0.9009066E+00
  0.8995457E+00  0.9058530E+00
  0.7804164E+00  0.8845432E+00
  0.9542790E+00  0.9638584E+00
  0.8811442E+00  0.8697265E+00
  0.9554442E+00  0.8967161E+00
  0.9476014E+00  0.8587192E+00
  0.9587029E+00  0.9627349E+00
  0.9773332E+00  0.8532734E+00
  0.9743215E+00  0.8934883E+00
  0.9691970E+00  0.8543070E+00
  0.9260009E+00  0.9679124E+00
  0.9235092E+00  0.8616006E+00
  0.9554754E+00  0.8967128E+00
  0.8420074E+00  0.8740205E+00
  0.8574467E+00  0.9785328E+00
  0.7277334E+00  0.8896536E+00
  0.8996128E+00  0.9059064E+00
  0.5850167E+00  0.9060892E+00
  0.7555618E+00  0.9929096E+00
  0.4193954E+00  0.9207357E+00
  0.8088077E+00  0.9195597E+00
  0.2373393E+00  0.9312851E+00
  0.6242351E+00  0.1008782E+01
  0.4608752E-01  0.9361206E+00
  0.6864910E+00  0.9355248E+00
 -0.1467595E+00  0.9344901E+00
  0.4685168E+00  0.1023769E+01
 -0.3335162E+00  0.9267007E+00
  0.5373290E+00  0.9514046E+00
 -0.5067312E+00  0.9138662E+00
  0.2944879E+00  0.1035618E+01
 -0.6595462E+00  0.8979264E+00
  0.3671210E+00  0.9647677E+00
 -0.7860014E+00  0.8814421E+00
  0.1089592E+00  0.1042514E+01
 -0.8812467E+00  0.8671986E+00
  0.1825625E+00  0.9735798E+00
 -0.9416761E+00  0.8571258E+00
 -0.9477475E+00  0.8946127E+00
  0.1283379E+00  0.9354813E+00
 -0.9562988E+00  0.8931984E+00
  0.0000000E+00  0.0000000E+00
  0.0000000E+00  0.0000000E+00
  0.0000000E+00  0.0000000E+00
  0.0000000E+00  0.0000000E+00
  0.0000000E+00  0.0000000E+00
  0.0000000E+00  0.0000000E+00
  0.0000000E+00  0.0000000E+00
  0.0000000E+00  0.0000000E+00
  0.0000000E+00  0.0000000E+00
  0.0000000E+00  0.0000000E+00
  0.0000000E+00  0.0000000E+00
  0.0000000E+00  0.0000000E+00
  0.0000000E+00  0.0000000E+00
  0.0000000E+00  0.0000000E+00
  0.0000000E+00  0.0000000E+00
  0.0000000E+00  0.0000000E+00
  0.0000000E+00  0.0000000E+00
  0.0000000E+00  0.0000000E+00
  0.0000000E+00  0.0000000E+00
  0.0000000E+00  0.0000000E+00
  0.0000000E+00  0.0000000E+00
  0.0000000E+00  0.0000000E+00
  0.0000000E+00  0.0000000E+00
  0.0000000E+00  0.0000000E+00
  0.0000000E+00  0.0000000E+00
  0.0000000E+00  0.0000000E+00
  0.0000000E+00  0.0000000E+00
  0.0000000E+00  0.0000000E+00
  0.0000000E+00  0.0000000E+00
  0.0000000E+00  0.0000000E+00
  0.0000000E+00  0.0000000E+00
  0.0000000E+00  0.0000000E+00
  0.0000000E+00  0.0000000E+00
  0.0000000E+00  0.0000000E+00
  0.0000000E+00  0.0000000E+00
  0.0000000E+00  0.0000000E+00
  0.0000000E+00  0.0000000E+00
  0.0000000E+00  0.0000000E+00
  0.0000000E+00  0.0000000E+00
  0.0000000E+00  0.0000000E+00
  0.0000000E+00  0.0000000E+00
  0.0000000E+00  0.0000000E+00
  0.0000000E+00  0.0000000E+00
  0.0000000E+00  0.0000000E+00
  0.0000000E+00  0.0000000E+00
  0.0000000E+00  0.0000000E+00
  0.0000000E+00  0.0000000E+00
  0.0000000E+00  0.0000000E+00
  0.0000000E+00  0.0000000E+00
  0.0000000E+00  0.0000000E+00
  0.0000000E+00  0.0000000E+00
  0.0000000E+00  0.0000000E+00
  0.0000000E+00  0.0000000E+00
  0.0000000E+00  0.0000000E+00
  0.0000000E+00  0.0000000E+00
  0.0000000E+00  0.0000000E+00
  0.0000000E+00  0.0000000E+00
  0.0000000E+00  0.0000000E+00
  0.0000000E+00  0.0000000E+00
  0.0000000E+00  0.0000000E+00
  0.0000000E+00  0.0000000E+00
  0.0000000E+00  0.0000000E+00
  0.0000000E+00  0.0000000E+00
  0.0000000E+00  0.0000000E+00
  0.0000000E+00  0.0000000E+00
  0.0000000E+00  0.0000000E+00
  0.0000000E+00  0.0000000E+00
  0.0000000E+00  0.0000000E+00
  0.0000000E+00  0.0000000E+00
  0.0000000E+00  0.0000000E+00
  0.0000000E+00  0.0000000E+00
  0.0000000E+00  0.0000000E+00
  0.0000000E+00  0.0000000E+00
  0.0000000E+00  0.0000000E+00
  0.0000000E+00  0.0000000E+00
  0.0000000E+00  0.0000000E+00
  0.0000000E+00  0.0000000E+00
  0.0000000E+00  0.0000000E+00
  0.0000000E+00  0.0000000E+00
  0.0000000E+00  0.0000000E+00
  0.0000000E+00  0.0000000E+00
  0.0000000E+00  0.0000000E+00
  0.0000000E+00  0.0000000E+00
  0.0000000E+00  0.0000000E+00
  0.0000000E+00  0.0000000E+00
  0.0000000E+00  0.0000000E+00
  0.0000000E+00  0.0000000E+00
  0.0000000E+00  0.0000000E+00
  0.0000000E+00  0.0000000E+00
  0.0000000E+00  0.0000000E+00
  0.0000000E+00  0.0000000E+00
  0.0000000E+00  0.0000000E+00
  0.0000000E+00  0.0000000E+00
  0.0000000E+00  0.0000000E+00
  0.0000000E+00  0.0000000E+00
  0.0000000E+00  0.0000000E+00
  0.0000000E+00  0.0000000E+00
  0.0000000E+00  0.0000000E+00
  0.0000000E+00  0.0000000E+00
  0.0000000E+00  0.0000000E+00
  0.0000000E+00  0.0000000E+00
  0.0000000E+00  0.0000000E+00
  0.0000000E+00  0.0000000E+00
  0.0000000E+00  0.0000000E+00
  0.0000000E+00  0.0000000E+00
  0.0000000E+00  0.0000000E+00
  0.0000000E+00  0.0000000E+00
  0.0000000E+00  0.0000000E+00
  0.0000000E+00  0.0000000E+00
  0.0000000E+00  0.0000000E+00
  0.0000000E+00  0.0000000E+00
  0.0000000E+00  0.0000000E+00
  0.0000000E+00  0.0000000E+00
  0.0000000E+00  0.0000000E+00
  0.0000000E+00  0.0000000E+00
  0.0000000E+00  0.0000000E+00
  0.0000000E+00  0.0000000E+00
  0.0000000E+00  0.0000000E+00
  0.0000000E+00  0.0000000E+00
  0.0000000E+00  0.0000000E+00
  0.0000000E+00  0.0000000E+00
  0.0000000E+00  0.0000000E+00
  0.0000000E+00  0.0000000E+00
  0.0000000E+00  0.0000000E+00
  0.0000000E+00  0.0000000E+00
  0.0000000E+00  0.0000000E+00
  0.0000000E+00  0.0000000E+00
  0.0000000E+00  0.0000000E+00
  0.0000000E+00  0.0000000E+00
  0.0000000E+00  0.0000000E+00
  0.0000000E+00  0.0000000E+00
  0.0000000E+00  0.0000000E+00
  0.0000000E+00  0.0000000E+00
  0.0000000E+00  0.0000000E+00
  0.0000000E+00  0.0000000E+00
  0.0000000E+00  0.0000000E+00
  0.0000000E+00  0.0000000E+00
  0.0000000E+00  0.0000000E+00
  0.0000000E+00  0.0000000E+00
  0.0000000E+00  0.0000000E+00
  0.0000000E+00  0.0000000E+00
  0.0000000E+00  0.0000000E+00
  0.0000000E+00  0.0000000E+00
  0.0000000E+00  0.0000000E+00
  0.0000000E+00  0.0000000E+00
  0.0000000E+00  0.0000000E+00
  0.0000000E+00  0.0000000E+00
  0.0000000E+00  0.0000000E+00
  0.0000000E+00  0.0000000E+00
  0.0000000E+00  0.0000000E+00
  0.0000000E+00  0.0000000E+00
  0.0000000E+00  0.0000000E+00
  0.0000000E+00  0.0000000E+00
  0.0000000E+00  0.0000000E+00
  0.0000000E+00  0.0000000E+00
  0.0000000E+00  0.0000000E+00
  0.0000000E+00  0.0000000E+00
  0.0000000E+00  0.0000000E+00
  0.0000000E+00  0.0000000E+00
  0.0000000E+00  0.0000000E+00
  0.0000000E+00  0.0000000E+00
  0.0000000E+00  0.0000000E+00
  0.0000000E+00  0.0000000E+00
  0.0000000E+00  0.0000000E+00
  0.0000000E+00  0.0000000E+00
  0.0000000E+00  0.0000000E+00
  0.0000000E+00  0.0000000E+00
  0.0000000E+00  0.0000000E+00
  0.0000000E+00  0.0000000E+00
  0.0000000E+00  0.0000000E+00
  0.0000000E+00  0.0000000E+00
  0.0000000E+00  0.0000000E+00
  0.0000000E+00  0.0000000E+00
  0.0000000E+00  0.0000000E+00
  0.0000000E+00  0.0000000E+00
  0.0000000E+00  0.0000000E+00
  0.0000000E+00  0.0000000E+00
  0.0000000E+00  0.0000000E+00
  0.0000000E+00  0.0000000E+00
  0.0000000E+00  0.0000000E+00
  0.0000000E+00  0.0000000E+00
  0.0000000E+00  0.0000000E+00
  0.0000000E+00  0.0000000E+00
  0.0000000E+00  0.0000000E+00
  0.0000000E+00  0.0000000E+00
  0.0000000E+00  0.0000000E+00
  0.0000000E+00  0.0000000E+00
  0.0000000E+00  0.0000000E+00
  0.0000000E+00  0.0000000E+00
  0.0000000E+00  0.0000000E+00
  0.0000000E+00  0.0000000E+00
  0.0000000E+00  0.0000000E+00
  0.0000000E+00  0.0000000E+00
  0.0000000E+00  0.0000000E+00
  0.0000000E+00  0.0000000E+00
  0.0000000E+00  0.0000000E+00
  0.0000000E+00  0.0000000E+00
  0.0000000E+00  0.0000000E+00
  0.0000000E+00  0.0000000E+00
  0.0000000E+00  0.0000000E+00
  0.0000000E+00  0.0000000E+00
  0.0000000E+00  0.0000000E+00
  0.0000000E+00  0.0000000E+00
  0.0000000E+00  0.0000000E+00
  0.0000000E+00  0.0000000E+00
  0.0000000E+00  0.0000000E+00
  0.0000000E+00  0.0000000E+00
  0.0000000E+00  0.0000000E+00
  0.0000000E+00  0.0000000E+00
  0.0000000E+00  0.0000000E+00
  0.0000000E+00  0.0000000E+00
  0.0000000E+00  0.0000000E+00
  0.0000000E+00  0.0000000E+00
  0.0000000E+00  0.0000000E+00
  0.0000000E+00  0.0000000E+00
  0.0000000E+00  0.0000000E+00
  0.0000000E+00  0.0000000E+00
  0.0000000E+00  0.0000000E+00
  0.0000000E+00  0.0000000E+00
  0.0000000E+00  0.0000000E+00
  0.0000000E+00  0.0000000E+00
  0.0000000E+00  0.0000000E+00
  0.0000000E+00  0.0000000E+00
  0.0000000E+00  0.0000000E+00
  0.0000000E+00  0.0000000E+00
  0.0000000E+00  0.0000000E+00
  0.0000000E+00  0.0000000E+00
  0.0000000E+00  0.0000000E+00
  0.0000000E+00  0.0000000E+00
  0.0000000E+00  0.0000000E+00
  0.0000000E+00  0.0000000E+00
  0.0000000E+00  0.0000000E+00
  0.0000000E+00  0.0000000E+00
  0.0000000E+00  0.0000000E+00
  0.0000000E+00  0.0000000E+00
  0.0000000E+00  0.0000000E+00
  0.0000000E+00  0.0000000E+00
  0.0000000E+00  0.0000000E+00
  0.0000000E+00  0.0000000E+00
  0.0000000E+00  0.0000000E+00
  0.0000000E+00  0.0000000E+00
  0.0000000E+00  0.0000000E+00
  0.0000000E+00  0.0000000E+00
  0.0000000E+00  0.0000000E+00
  0.0000000E+00  0.0000000E+00
  0.0000000E+00  0.0000000E+00
  0.0000000E+00  0.0000000E+00
  0.0000000E+00  0.0000000E+00
  0.0000000E+00  0.0000000E+00
  0.0000000E+00  0.0000000E+00
  0.0000000E+00  0.0000000E+00
  0.0000000E+00  0.0000000E+00
  0.0000000E+00  0.0000000E+00
  0.0000000E+00  0.0000000E+00
  0.0000000E+00  0.0000000E+00
  0.0000000E+00  0.0000000E+00
  0.0000000E+00  0.0000000E+00
  0.0000000E+00  0.0000000E+00
  0.0000000E+00  0.0000000E+00
  0.0000000E+00  0.0000000E+00
  0.0000000E+00  0.0000000E+00
  0.0000000E+00  0.0000000E+00
  0.0000000E+00  0.0000000E+00
  0.0000000E+00  0.0000000E+00
  0.0000000E+00  0.0000000E+00
  0.0000000E+00  0.0000000E+00
  0.0000000E+00  0.0000000E+00
  0.0000000E+00  0.0000000E+00
  0.0000000E+00  0.0000000E+00
  0.0000000E+00  0.0000000E+00
  0.0000000E+00  0.0000000E+00
  0.0000000E+00  0.0000000E+00
  0.0000000E+00  0.0000000E+00
  0.0000000E+00  0.0000000E+00
  0.0000000E+00  0.0000000E+00
  0.0000000E+00  0.0000000E+00
  0.0000000E+00  0.0000000E+00
  0.0000000E+00  0.0000000E+00
  0.0000000E+00  0.0000000E+00
  0.0000000E+00  0.0000000E+00
  0.0000000E+00  0.0000000E+00
  0.0000000E+00  0.0000000E+00
  0.0000000E+00  0.0000000E+00
  0.0000000E+00  0.0000000E+00
  0.0000000E+00  0.0000000E+00
  0.0000000E+00  0.0000000E+00
  0.0000000E+00  0.0000000E+00
  0.0000000E+00  0.0000000E+00
  0.0000000E+00  0.0000000E+00
  0.0000000E+00  0.0000000E+00
  0.0000000E+00  0.0000000E+00
  0.0000000E+00  0.0000000E+00
  0.0000000E+00  0.0000000E+00
  0.0000000E+00  0.0000000E+00
  0.0000000E+00  0.0000000E+00
  0.0000000E+00  0.0000000E+00
  0.0000000E+00  0.0000000E+00
  0.0000000E+00  0.0000000E+00
  0.0000000E+00  0.0000000E+00
  0.0000000E+00  0.0000000E+00
  0.0000000E+00  0.0000000E+00
  0.0000000E+00  0.0000000E+00
  0.0000000E+00  0.0000000E+00
  0.0000000E+00  0.0000000E+00
  0.0000000E+00  0.0000000E+00
  0.0000000E+00  0.0000000E+00
  0.0000000E+00  0.0000000E+00
  0.0000000E+00  0.0000000E+00
  0.0000000E+00  0.0000000E+00
  0.0000000E+00  0.0000000E+00
  0.0000000E+00  0.0000000E+00
  0.0000000E+00  0.0000000E+00
  0.0000000E+00  0.0000000E+00
  0.0000000E+00  0.0000000E+00
  0.0000000E+00  0.0000000E+00
  0.0000000E+00  0.0000000E+00
  0.0000000E+00  0.0000000E+00
  0.0000000E+00  0.0000000E+00
  0.0000000E+00  0.0000000E+00
  0.0000000E+00  0.0000000E+00
  0.0000000E+00  0.0000000E+00
  0.0000000E+00  0.0000000E+00
  0.0000000E+00  0.0000000E+00
  0.0000000E+00  0.0000000E+00
  0.0000000E+00  0.0000000E+00
  0.0000000E+00  0.0000000E+00
  0.0000000E+00  0.0000000E+00
  0.0000000E+00  0.0000000E+00
  0.0000000E+00  0.0000000E+00
  0.0000000E+00  0.0000000E+00
  0.0000000E+00  0.0000000E+00
  0.0000000E+00  0.0000000E+00
  0.0000000E+00  0.0000000E+00
  0.0000000E+00  0.0000000E+00
  0.0000000E+00  0.0000000E+00
  0.0000000E+00  0.0000000E+00
  0.0000000E+00  0.0000000E+00
  0.0000000E+00  0.0000000E+00
  0.0000000E+00  0.0000000E+00
  0.0000000E+00  0.0000000E+00
  0.0000000E+00  0.0000000E+00
  0.0000000E+00  0.0000000E+00
  0.0000000E+00  0.0000000E+00
  0.0000000E+00  0.0000000E+00
  0.0000000E+00  0.0000000E+00
  0.0000000E+00  0.0000000E+00
  0.0000000E+00  0.0000000E+00
  0.0000000E+00  0.0000000E+00
  0.0000000E+00  0.0000000E+00
  0.0000000E+00  0.0000000E+00
  0.0000000E+00  0.0000000E+00
  0.0000000E+00  0.0000000E+00
  0.0000000E+00  0.0000000E+00
  0.0000000E+00  0.0000000E+00
  0.0000000E+00  0.0000000E+00
  0.0000000E+00  0.0000000E+00
  0.0000000E+00  0.0000000E+00
  0.0000000E+00  0.0000000E+00
  0.0000000E+00  0.0000000E+00
  0.0000000E+00  0.0000000E+00
  0.0000000E+00  0.0000000E+00
  0.0000000E+00  0.0000000E+00
  0.0000000E+00  0.0000000E+00
  0.0000000E+00  0.0000000E+00
  0.0000000E+00  0.0000000E+00
  0.0000000E+00  0.0000000E+00
  0.0000000E+00  0.0000000E+00
  0.0000000E+00  0.0000000E+00
  0.0000000E+00  0.0000000E+00
  0.0000000E+00  0.0000000E+00
  0.0000000E+00  0.0000000E+00
  0.0000000E+00  0.0000000E+00
  0.0000000E+00  0.0000000E+00
  0.0000000E+00  0.0000000E+00
  0.0000000E+00  0.0000000E+00
  0.0000000E+00  0.0000000E+00
  0.0000000E+00  0.0000000E+00
  0.0000000E+00  0.0000000E+00
  0.0000000E+00  0.0000000E+00
  0.0000000E+00  0.0000000E+00
  0.0000000E+00  0.0000000E+00
  0.0000000E+00  0.0000000E+00
  0.0000000E+00  0.0000000E+00
  0.0000000E+00  0.0000000E+00
  0.0000000E+00  0.0000000E+00
  0.0000000E+00  0.0000000E+00
  0.0000000E+00  0.0000000E+00
  0.0000000E+00  0.0000000E+00
  0.0000000E+00  0.0000000E+00
  0.0000000E+00  0.0000000E+00
  0.0000000E+00  0.0000000E+00
  0.0000000E+00  0.0000000E+00
  0.0000000E+00  0.0000000E+00
  0.0000000E+00  0.0000000E+00
  0.0000000E+00  0.0000000E+00
  0.0000000E+00  0.0000000E+00
  0.0000000E+00  0.0000000E+00
  0.0000000E+00  0.0000000E+00
  0.0000000E+00  0.0000000E+00
  0.0000000E+00  0.0000000E+00
  0.0000000E+00  0.0000000E+00
  0.0000000E+00  0.0000000E+00
  0.0000000E+00  0.0000000E+00
  0.0000000E+00  0.0000000E+00
  0.0000000E+00  0.0000000E+00
  0.0000000E+00  0.0000000E+00
  0.0000000E+00  0.0000000E+00
  0.0000000E+00  0.0000000E+00
  0.0000000E+00  0.0000000E+00
  0.0000000E+00  0.0000000E+00
  0.0000000E+00  0.0000000E+00
  0.0000000E+00  0.0000000E+00
  0.0000000E+00  0.0000000E+00
  0.0000000E+00  0.0000000E+00
  0.0000000E+00  0.0000000E+00
  0.0000000E+00  0.0000000E+00
  0.0000000E+00  0.0000000E+00
  0.0000000E+00  0.0000000E+00
  0.0000000E+00  0.0000000E+00
  0.0000000E+00  0.0000000E+00
  0.0000000E+00  0.0000000E+00
  0.0000000E+00  0.0000000E+00
  0.0000000E+00  0.0000000E+00
  0.0000000E+00  0.0000000E+00
  0.0000000E+00  0.0000000E+00
  0.0000000E+00  0.0000000E+00
  0.0000000E+00  0.0000000E+00
  0.0000000E+00  0.0000000E+00
  0.0000000E+00  0.0000000E+00
  0.0000000E+00  0.0000000E+00
  0.0000000E+00  0.0000000E+00
  0.0000000E+00  0.0000000E+00
  0.0000000E+00  0.0000000E+00
  0.0000000E+00  0.0000000E+00
  0.0000000E+00  0.0000000E+00
  0.0000000E+00  0.0000000E+00
  0.0000000E+00  0.0000000E+00
  0.0000000E+00  0.0000000E+00
  0.0000000E+00  0.0000000E+00
  0.0000000E+00  0.0000000E+00
  0.0000000E+00  0.0000000E+00
  0.0000000E+00  0.0000000E+00
  0.0000000E+00  0.0000000E+00
  0.0000000E+00  0.0000000E+00
  0.0000000E+00  0.0000000E+00
  0.0000000E+00  0.0000000E+00
  0.0000000E+00  0.0000000E+00
  0.0000000E+00  0.0000000E+00
  0.0000000E+00  0.0000000E+00
  0.0000000E+00  0.0000000E+00
  0.0000000E+00  0.0000000E+00
  0.0000000E+00  0.0000000E+00
  0.0000000E+00  0.0000000E+00
  0.0000000E+00  0.0000000E+00
  0.0000000E+00  0.0000000E+00
  0.0000000E+00  0.0000000E+00
  0.0000000E+00  0.0000000E+00
  0.0000000E+00  0.0000000E+00
  0.0000000E+00  0.0000000E+00
  0.0000000E+00  0.0000000E+00
  0.0000000E+00  0.0000000E+00
  0.0000000E+00  0.0000000E+00
  0.0000000E+00  0.0000000E+00
  0.0000000E+00  0.0000000E+00
  0.0000000E+00  0.0000000E+00
  0.0000000E+00  0.0000000E+00
  0.0000000E+00  0.0000000E+00
  0.0000000E+00  0.0000000E+00
  0.0000000E+00  0.0000000E+00
  0.0000000E+00  0.0000000E+00
  0.0000000E+00  0.0000000E+00
  0.0000000E+00  0.0000000E+00
  0.0000000E+00  0.0000000E+00
  0.0000000E+00  0.0000000E+00
  0.0000000E+00  0.0000000E+00
  0.0000000E+00  0.0000000E+00
  0.0000000E+00  0.0000000E+00
  0.0000000E+00  0.0000000E+00
  0.0000000E+00  0.0000000E+00
  0.0000000E+00  0.0000000E+00
  0.0000000E+00  0.0000000E+00
  0.0000000E+00  0.0000000E+00
  0.0000000E+00  0.0000000E+00
  0.0000000E+00  0.0000000E+00
  0.0000000E+00  0.0000000E+00
  0.0000000E+00  0.0000000E+00
  0.0000000E+00  0.0000000E+00
  0.0000000E+00  0.0000000E+00
  0.0000000E+00  0.0000000E+00
  0.0000000E+00  0.0000000E+00
  0.0000000E+00  0.0000000E+00
  0.0000000E+00  0.0000000E+00
  0.0000000E+00  0.0000000E+00
  0.0000000E+00  0.0000000E+00
  0.0000000E+00  0.0000000E+00
  0.0000000E+00  0.0000000E+00
  0.0000000E+00  0.0000000E+00
  0.0000000E+00  0.0000000E+00
  0.0000000E+00  0.0000000E+00
  0.0000000E+00  0.0000000E+00
  0.0000000E+00  0.0000000E+00
  0.0000000E+00  0.0000000E+00
  0.0000000E+00  0.0000000E+00
  0.0000000E+00  0.0000000E+00
  0.0000000E+00  0.0000000E+00
  0.0000000E+00  0.0000000E+00
  0.0000000E+00  0.0000000E+00
  0.0000000E+00  0.0000000E+00
  0.0000000E+00  0.0000000E+00
  0.0000000E+00  0.0000000E+00
  0.0000000E+00  0.0000000E+00
  0.0000000E+00  0.0000000E+00
  0.0000000E+00  0.0000000E+00
  0.0000000E+00  0.0000000E+00
  0.0000000E+00  0.0000000E+00
  0.0000000E+00  0.0000000E+00
  0.0000000E+00  0.0000000E+00
  0.0000000E+00  0.0000000E+00
  0.0000000E+00  0.0000000E+00
  0.0000000E+00  0.0000000E+00
  0.0000000E+00  0.0000000E+00
  0.0000000E+00  0.0000000E+00
  0.0000000E+00  0.0000000E+00
  0.0000000E+00  0.0000000E+00
  0.0000000E+00  0.0000000E+00
  0.0000000E+00  0.0000000E+00
  0.0000000E+00  0.0000000E+00
  0.0000000E+00  0.0000000E+00
  0.0000000E+00  0.0000000E+00
  0.0000000E+00  0.0000000E+00
  0.0000000E+00  0.0000000E+00
  0.0000000E+00  0.0000000E+00
  0.0000000E+00  0.0000000E+00
  0.0000000E+00  0.0000000E+00
  0.0000000E+00  0.0000000E+00
  0.0000000E+00  0.0000000E+00
  0.0000000E+00  0.0000000E+00
  0.0000000E+00  0.0000000E+00
  0.0000000E+00  0.0000000E+00
  0.0000000E+00  0.0000000E+00
  0.0000000E+00  0.0000000E+00
  0.0000000E+00  0.0000000E+00
  0.0000000E+00  0.0000000E+00
  0.0000000E+00  0.0000000E+00
  0.0000000E+00  0.0000000E+00
  0.0000000E+00  0.0000000E+00
  0.0000000E+00  0.0000000E+00
  0.0000000E+00  0.0000000E+00
  0.0000000E+00  0.0000000E+00
  0.0000000E+00  0.0000000E+00
  0.0000000E+00  0.0000000E+00
  0.0000000E+00  0.0000000E+00
  0.0000000E+00  0.0000000E+00
  0.0000000E+00  0.0000000E+00
  0.0000000E+00  0.0000000E+00
  0.0000000E+00  0.0000000E+00
  0.0000000E+00  0.0000000E+00
  0.0000000E+00  0.0000000E+00
  0.0000000E+00  0.0000000E+00
  0.0000000E+00  0.0000000E+00
  0.0000000E+00  0.0000000E+00
  0.0000000E+00  0.0000000E+00
  0.0000000E+00  0.0000000E+00
  0.0000000E+00  0.0000000E+00
  0.0000000E+00  0.0000000E+00
  0.0000000E+00  0.0000000E+00
  0.0000000E+00  0.0000000E+00
  0.0000000E+00  0.0000000E+00
  0.0000000E+00  0.0000000E+00
  0.0000000E+00  0.0000000E+00
  0.0000000E+00  0.0000000E+00
  0.0000000E+00  0.0000000E+00
  0.0000000E+00  0.0000000E+00
  0.0000000E+00  0.0000000E+00
  0.0000000E+00  0.0000000E+00
  0.0000000E+00  0.0000000E+00
  0.0000000E+00  0.0000000E+00
  0.0000000E+00  0.0000000E+00
  0.0000000E+00  0.0000000E+00
  0.0000000E+00  0.0000000E+00
  0.0000000E+00  0.0000000E+00
  0.0000000E+00  0.0000000E+00
  0.0000000E+00  0.0000000E+00
  0.0000000E+00  0.0000000E+00
  0.0000000E+00  0.0000000E+00
  0.0000000E+00  0.0000000E+00
  0.0000000E+00  0.0000000E+00
  0.0000000E+00  0.0000000E+00
  0.0000000E+00  0.0000000E+00
  0.0000000E+00  0.0000000E+00
  0.0000000E+00  0.0000000E+00
  0.0000000E+00  0.0000000E+00
  0.0000000E+00  0.0000000E+00
  0.0000000E+00  0.0000000E+00
  0.0000000E+00  0.0000000E+00
  0.0000000E+00  0.0000000E+00
  0.0000000E+00  0.0000000E+00
  0.0000000E+00  0.0000000E+00
  0.0000000E+00  0.0000000E+00
  0.0000000E+00  0.0000000E+00
  0.0000000E+00  0.0000000E+00
  0.0000000E+00  0.0000000E+00
  0.0000000E+00  0.0000000E+00
  0.0000000E+00  0.0000000E+00
  0.0000000E+00  0.0000000E+00
  0.0000000E+00  0.0000000E+00
  0.0000000E+00  0.0000000E+00
  0.0000000E+00  0.0000000E+00
  0.0000000E+00  0.0000000E+00
  0.0000000E+00  0.0000000E+00
  0.0000000E+00  0.0000000E+00
  0.0000000E+00  0.0000000E+00
  0.0000000E+00  0.0000000E+00
  0.0000000E+00  0.0000000E+00
  0.0000000E+00  0.0000000E+00
  0.0000000E+00  0.0000000E+00
  0.0000000E+00  0.0000000E+00
  0.0000000E+00  0.0000000E+00
  0.0000000E+00  0.0000000E+00
  0.0000000E+00  0.0000000E+00
  0.0000000E+00  0.0000000E+00
  0.0000000E+00  0.0000000E+00
  0.0000000E+00  0.0000000E+00
  0.0000000E+00  0.0000000E+00
  0.0000000E+00  0.0000000E+00
  0.0000000E+00  0.0000000E+00
  0.0000000E+00  0.0000000E+00
  0.0000000E+00  0.0000000E+00
  0.0000000E+00  0.0000000E+00
  0.0000000E+00  0.0000000E+00
  0.0000000E+00  0.0000000E+00
  0.0000000E+00  0.0000000E+00
  0.0000000E+00  0.0000000E+00
  0.0000000E+00  0.0000000E+00
  0.0000000E+00  0.0000000E+00
  0.0000000E+00  0.0000000E+00
  0.0000000E+00  0.0000000E+00
  0.0000000E+00  0.0000000E+00
  0.0000000E+00  0.0000000E+00
  0.0000000E+00  0.0000000E+00
  0.0000000E+00  0.0000000E+00
  0.0000000E+00  0.0000000E+00
  0.0000000E+00  0.0000000E+00
  0.0000000E+00  0.0000000E+00
  0.0000000E+00  0.0000000E+00
  0.0000000E+00  0.0000000E+00
  0.0000000E+00  0.0000000E+00
  0.0000000E+00  0.0000000E+00
  0.0000000E+00  0.0000000E+00
  0.0000000E+00  0.0000000E+00
  0.0000000E+00  0.0000000E+00
  0.0000000E+00  0.0000000E+00
  0.0000000E+00  0.0000000E+00
  0.0000000E+00  0.0000000E+00
  0.0000000E+00  0.0000000E+00
  0.0000000E+00  0.0000000E+00
  0.0000000E+00  0.0000000E+00
  0.0000000E+00  0.0000000E+00
  0.0000000E+00  0.0000000E+00
  0.0000000E+00  0.0000000E+00
  0.0000000E+00  0.0000000E+00
  0.0000000E+00  0.0000000E+00
  0.0000000E+00  0.0000000E+00
  0.0000000E+00  0.0000000E+00
  0.0000000E+00  0.0000000E+00
  0.0000000E+00  0.0000000E+00
  0.0000000E+00  0.0000000E+00
  0.0000000E+00  0.0000000E+00
  0.0000000E+00  0.0000000E+00
  0.0000000E+00  0.0000000E+00
  0.0000000E+00  0.0000000E+00
  0.0000000E+00  0.0000000E+00
  0.0000000E+00  0.0000000E+00
  0.0000000E+00  0.0000000E+00
  0.0000000E+00  0.0000000E+00
  0.0000000E+00  0.0000000E+00
  0.0000000E+00  0.0000000E+00
  0.0000000E+00  0.0000000E+00
  0.0000000E+00  0.0000000E+00
  0.0000000E+00  0.0000000E+00
  0.0000000E+00  0.0000000E+00
  0.0000000E+00  0.0000000E+00
  0.0000000E+00  0.0000000E+00
  0.0000000E+00  0.0000000E+00
  0.0000000E+00  0.0000000E+00
  0.0000000E+00  0.0000000E+00
  0.0000000E+00  0.0000000E+00
  0.0000000E+00  0.0000000E+00
  0.0000000E+00  0.0000000E+00
  0.0000000E+00  0.0000000E+00
  0.0000000E+00  0.0000000E+00
  0.0000000E+00  0.0000000E+00
  0.0000000E+00  0.0000000E+00
  0.0000000E+00  0.0000000E+00
  0.0000000E+00  0.0000000E+00
  0.0000000E+00  0.0000000E+00
  0.0000000E+00  0.0000000E+00
  0.0000000E+00  0.0000000E+00
  0.0000000E+00  0.0000000E+00
  0.0000000E+00  0.0000000E+00
  0.0000000E+00  0.0000000E+00
  0.0000000E+00  0.0000000E+00
  0.0000000E+00  0.0000000E+00
  0.0000000E+00  0.0000000E+00
  0.0000000E+00  0.0000000E+00
  0.0000000E+00  0.0000000E+00
  0.0000000E+00  0.0000000E+00
  0.0000000E+00  0.0000000E+00
  0.0000000E+00  0.0000000E+00
  0.0000000E+00  0.0000000E+00
  0.0000000E+00  0.0000000E+00
  0.0000000E+00  0.0000000E+00
  0.0000000E+00  0.0000000E+00
  0.0000000E+00  0.0000000E+00
  0.0000000E+00  0.0000000E+00
  0.0000000E+00  0.0000000E+00
  0.0000000E+00  0.0000000E+00
  0.0000000E+00  0.0000000E+00
  0.0000000E+00  0.0000000E+00
  0.0000000E+00  0.0000000E+00
  0.0000000E+00  0.0000000E+00
  0.0000000E+00  0.0000000E+00
  0.0000000E+00  0.0000000E+00
  0.0000000E+00  0.0000000E+00
  0.0000000E+00  0.0000000E+00
  0.0000000E+00  0.0000000E+00
  0.0000000E+00  0.0000000E+00
  0.0000000E+00  0.0000000E+00
  0.0000000E+00  0.0000000E+00
  0.0000000E+00  0.0000000E+00
  0.0000000E+00  0.0000000E+00
  0.0000000E+00  0.0000000E+00
  0.0000000E+00  0.0000000E+00
  0.0000000E+00  0.0000000E+00
  0.0000000E+00  0.0000000E+00
  0.0000000E+00  0.0000000E+00
  0.0000000E+00  0.0000000E+00
  0.0000000E+00  0.0000000E+00
  0.0000000E+00  0.0000000E+00
  0.0000000E+00  0.0000000E+00
  0.0000000E+00  0.0000000E+00
  0.0000000E+00  0.0000000E+00
  0.0000000E+00  0.0000000E+00
  0.0000000E+00  0.0000000E+00
  0.0000000E+00  0.0000000E+00
  0.0000000E+00  0.0000000E+00
  0.0000000E+00  0.0000000E+00
  0.0000000E+00  0.0000000E+00
  0.0000000E+00  0.0000000E+00
  0.0000000E+00  0.0000000E+00
  0.0000000E+00  0.0000000E+00
  0.0000000E+00  0.0000000E+00
  0.0000000E+00  0.0000000E+00
  0.0000000E+00  0.0000000E+00
  0.0000000E+00  0.0000000E+00
  0.0000000E+00  0.0000000E+00
  0.0000000E+00  0.0000000E+00
  0.0000000E+00  0.0000000E+00
  0.0000000E+00  0.0000000E+00
  0.0000000E+00  0.0000000E+00
  0.0000000E+00  0.0000000E+00
  0.0000000E+00  0.0000000E+00
  0.0000000E+00  0.0000000E+00
  0.0000000E+00  0.0000000E+00
  0.0000000E+00  0.0000000E+00
  0.0000000E+00  0.0000000E+00
  0.0000000E+00  0.0000000E+00
  0.0000000E+00  0.0000000E+00
  0.0000000E+00  0.0000000E+00
  0.0000000E+00  0.0000000E+00
  0.0000000E+00  0.0000000E+00
  0.0000000E+00  0.0000000E+00
  0.0000000E+00  0.0000000E+00
  0.0000000E+00  0.0000000E+00
  0.0000000E+00  0.0000000E+00
  0.0000000E+00  0.0000000E+00
  0.0000000E+00  0.0000000E+00
  0.0000000E+00  0.0000000E+00
  0.0000000E+00  0.0000000E+00
  0.0000000E+00  0.0000000E+00
  0.0000000E+00  0.0000000E+00
  0.0000000E+00  0.0000000E+00
  0.0000000E+00  0.0000000E+00
  0.0000000E+00  0.0000000E+00
  0.0000000E+00  0.0000000E+00
  0.0000000E+00  0.0000000E+00
  0.0000000E+00  0.0000000E+00
  0.0000000E+00  0.0000000E+00
  0.0000000E+00  0.0000000E+00
  0.0000000E+00  0.0000000E+00
  0.0000000E+00  0.0000000E+00
  0.0000000E+00  0.0000000E+00
  0.0000000E+00  0.0000000E+00
  0.0000000E+00  0.0000000E+00
  0.0000000E+00  0.0000000E+00
  0.0000000E+00  0.0000000E+00
  0.0000000E+00  0.0000000E+00
  0.0000000E+00  0.0000000E+00
  0.0000000E+00  0.0000000E+00
  0.0000000E+00  0.0000000E+00
  0.0000000E+00  0.0000000E+00
  0.0000000E+00  0.0000000E+00
  0.0000000E+00  0.0000000E+00
  0.0000000E+00  0.0000000E+00
  0.0000000E+00  0.0000000E+00
  0.0000000E+00  0.0000000E+00
  0.0000000E+00  0.0000000E+00
  0.0000000E+00  0.0000000E+00
  0.0000000E+00  0.0000000E+00
  0.0000000E+00  0.0000000E+00
  0.0000000E+00  0.0000000E+00
  0.0000000E+00  0.0000000E+00
  0.0000000E+00  0.0000000E+00
  0.0000000E+00  0.0000000E+00
  0.0000000E+00  0.0000000E+00
  0.0000000E+00  0.0000000E+00
  0.0000000E+00  0.0000000E+00
  0.0000000E+00  0.0000000E+00
  0.0000000E+00  0.0000000E+00
  0.0000000E+00  0.0000000E+00
  0.0000000E+00  0.0000000E+00
  0.0000000E+00  0.0000000E+00
  0.0000000E+00  0.0000000E+00
  0.0000000E+00  0.0000000E+00
  0.0000000E+00  0.0000000E+00
  0.0000000E+00  0.0000000E+00
  0.0000000E+00  0.0000000E+00
  0.0000000E+00  0.0000000E+00
  0.0000000E+00  0.0000000E+00
  0.0000000E+00  0.0000000E+00
  0.0000000E+00  0.0000000E+00
  0.0000000E+00  0.0000000E+00
  0.0000000E+00  0.0000000E+00
  0.0000000E+00  0.0000000E+00
  0.0000000E+00  0.0000000E+00
  0.0000000E+00  0.0000000E+00
  0.0000000E+00  0.0000000E+00
  0.0000000E+00  0.0000000E+00
  0.0000000E+00  0.0000000E+00
  0.0000000E+00  0.0000000E+00
  0.0000000E+00  0.0000000E+00
  0.0000000E+00  0.0000000E+00
  0.0000000E+00  0.0000000E+00
  0.0000000E+00  0.0000000E+00
  0.0000000E+00  0.0000000E+00
  0.0000000E+00  0.0000000E+00
  0.0000000E+00  0.0000000E+00
  0.0000000E+00  0.0000000E+00
  0.0000000E+00  0.0000000E+00
  0.0000000E+00  0.0000000E+00
  0.0000000E+00  0.0000000E+00
  0.0000000E+00  0.0000000E+00
  0.0000000E+00  0.0000000E+00
  0.0000000E+00  0.0000000E+00
  0.0000000E+00  0.0000000E+00
  0.0000000E+00  0.0000000E+00
  0.0000000E+00  0.0000000E+00
  0.0000000E+00  0.0000000E+00
  0.0000000E+00  0.0000000E+00
  0.0000000E+00  0.0000000E+00
  0.0000000E+00  0.0000000E+00
  0.0000000E+00  0.0000000E+00
  0.0000000E+00  0.0000000E+00
  0.0000000E+00  0.0000000E+00
  0.0000000E+00  0.0000000E+00
  0.0000000E+00  0.0000000E+00
  0.0000000E+00  0.0000000E+00
  0.0000000E+00  0.0000000E+00
  0.0000000E+00  0.0000000E+00
  0.0000000E+00  0.0000000E+00
  0.0000000E+00  0.0000000E+00
  0.0000000E+00  0.0000000E+00
  0.0000000E+00  0.0000000E+00
  0.0000000E+00  0.0000000E+00
  0.0000000E+00  0.0000000E+00
  0.0000000E+00  0.0000000E+00
  0.0000000E+00  0.0000000E+00
  0.0000000E+00  0.0000000E+00
  0.0000000E+00  0.0000000E+00
  0.0000000E+00  0.0000000E+00
  0.0000000E+00  0.0000000E+00
  0.0000000E+00  0.0000000E+00
  0.0000000E+00  0.0000000E+00
  0.0000000E+00  0.0000000E+00
  0.0000000E+00  0.0000000E+00
  0.0000000E+00  0.0000000E+00
  0.0000000E+00  0.0000000E+00
  0.0000000E+00  0.0000000E+00
  0.0000000E+00  0.0000000E+00
  0.0000000E+00  0.0000000E+00
  0.0000000E+00  0.0000000E+00
  0.0000000E+00  0.0000000E+00
  0.0000000E+00  0.0000000E+00
  0.0000000E+00  0.0000000E+00
  0.0000000E+00  0.0000000E+00
  0.0000000E+00  0.0000000E+00
  0.0000000E+00  0.0000000E+00
  0.0000000E+00  0.0000000E+00
  0.0000000E+00  0.0000000E+00
  0.0000000E+00  0.0000000E+00
  0.0000000E+00  0.0000000E+00
  0.0000000E+00  0.0000000E+00
  0.0000000E+00  0.0000000E+00
  0.0000000E+00  0.0000000E+00
  0.0000000E+00  0.0000000E+00
  0.0000000E+00  0.0000000E+00
  0.0000000E+00  0.0000000E+00
  0.0000000E+00  0.0000000E+00
  0.0000000E+00  0.0000000E+00
  0.0000000E+00  0.0000000E+00
  0.0000000E+00  0.0000000E+00
  0.0000000E+00  0.0000000E+00
  0.0000000E+00  0.0000000E+00
  0.0000000E+00  0.0000000E+00
  0.0000000E+00  0.0000000E+00
  0.0000000E+00  0.0000000E+00
  0.0000000E+00  0.0000000E+00
  0.0000000E+00  0.0000000E+00
  0.0000000E+00  0.0000000E+00
  0.0000000E+00  0.0000000E+00
  0.0000000E+00  0.0000000E+00
  0.0000000E+00  0.0000000E+00
  0.0000000E+00  0.0000000E+00
  0.0000000E+00  0.0000000E+00
  0.0000000E+00  0.0000000E+00
  0.0000000E+00  0.0000000E+00
  0.0000000E+00  0.0000000E+00
  0.0000000E+00  0.0000000E+00
  0.0000000E+00  0.0000000E+00
  0.0000000E+00  0.0000000E+00
  0.0000000E+00  0.0000000E+00
  0.0000000E+00  0.0000000E+00
  0.0000000E+00  0.0000000E+00
  0.0000000E+00  0.0000000E+00
  0.0000000E+00  0.0000000E+00
  0.0000000E+00  0.0000000E+00
  0.0000000E+00  0.0000000E+00
  0.0000000E+00  0.0000000E+00
  0.0000000E+00  0.0000000E+00
  0.0000000E+00  0.0000000E+00
  0.0000000E+00  0.0000000E+00
  0.0000000E+00  0.0000000E+00
  0.0000000E+00  0.0000000E+00
  0.0000000E+00  0.0000000E+00
  0.0000000E+00  0.0000000E+00
  0.0000000E+00  0.0000000E+00
  0.0000000E+00  0.0000000E+00
  0.0000000E+00  0.0000000E+00
  0.0000000E+00  0.0000000E+00
  0.0000000E+00  0.0000000E+00
  0.0000000E+00  0.0000000E+00
  0.0000000E+00  0.0000000E+00
  0.0000000E+00  0.0000000E+00
  0.0000000E+00  0.0000000E+00
  0.0000000E+00  0.0000000E+00
  0.0000000E+00  0.0000000E+00
  0.0000000E+00  0.0000000E+00
  0.0000000E+00  0.0000000E+00
  0.0000000E+00  0.0000000E+00
  0.0000000E+00  0.0000000E+00
  0.0000000E+00  0.0000000E+00
  0.0000000E+00  0.0000000E+00
  0.0000000E+00  0.0000000E+00
  0.0000000E+00  0.0000000E+00
  0.0000000E+00  0.0000000E+00
  0.0000000E+00  0.0000000E+00
  0.0000000E+00  0.0000000E+00
  0.0000000E+00  0.0000000E+00
  0.0000000E+00  0.0000000E+00
  0.0000000E+00  0.0000000E+00
  0.0000000E+00  0.0000000E+00
  0.0000000E+00  0.0000000E+00
  0.0000000E+00  0.0000000E+00
  0.0000000E+00  0.0000000E+00
  0.0000000E+00  0.0000000E+00
  0.0000000E+00  0.0000000E+00
  0.0000000E+00  0.0000000E+00
  0.0000000E+00  0.0000000E+00
  0.0000000E+00  0.0000000E+00
  0.0000000E+00  0.0000000E+00
  0.0000000E+00  0.0000000E+00
  0.0000000E+00  0.0000000E+00
  0.0000000E+00  0.0000000E+00
  0.0000000E+00  0.0000000E+00
  0.0000000E+00  0.0000000E+00
  0.0000000E+00  0.0000000E+00
  0.0000000E+00  0.0000000E+00
  0.0000000E+00  0.0000000E+00
  0.0000000E+00  0.0000000E+00
  0.0000000E+00  0.0000000E+00
  0.0000000E+00  0.0000000E+00
  0.0000000E+00  0.0000000E+00
  0.0000000E+00  0.0000000E+00
  0.0000000E+00  0.0000000E+00
  0.0000000E+00  0.0000000E+00
  0.0000000E+00  0.0000000E+00
  0.0000000E+00  0.0000000E+00
  0.0000000E+00  0.0000000E+00
  0.0000000E+00  0.0000000E+00
  0.0000000E+00  0.0000000E+00
  0.0000000E+00  0.0000000E+00
  0.0000000E+00  0.0000000E+00
  0.0000000E+00  0.0000000E+00
  0.0000000E+00  0.0000000E+00
  0.0000000E+00  0.0000000E+00
  0.0000000E+00  0.0000000E+00
  0.0000000E+00  0.0000000E+00
  0.0000000E+00  0.0000000E+00
  0.0000000E+00  0.0000000E+00
  0.0000000E+00  0.0000000E+00
  0.0000000E+00  0.0000000E+00
  0.0000000E+00  0.0000000E+00
  0.0000000E+00  0.0000000E+00
  0.0000000E+00  0.0000000E+00
  0.0000000E+00  0.0000000E+00
  0.0000000E+00  0.0000000E+00
  0.0000000E+00  0.0000000E+00
  0.0000000E+00  0.0000000E+00
  0.0000000E+00  0.0000000E+00
  0.0000000E+00  0.0000000E+00
  0.0000000E+00  0.0000000E+00
  0.0000000E+00  0.0000000E+00
  0.0000000E+00  0.0000000E+00
  0.0000000E+00  0.0000000E+00
  0.0000000E+00  0.0000000E+00
  0.0000000E+00  0.0000000E+00
  0.0000000E+00  0.0000000E+00
  0.0000000E+00  0.0000000E+00
  0.0000000E+00  0.0000000E+00
  0.0000000E+00  0.0000000E+00
  0.0000000E+00  0.0000000E+00
  0.0000000E+00  0.0000000E+00
  0.0000000E+00  0.0000000E+00
  0.0000000E+00  0.0000000E+00
  0.0000000E+00  0.0000000E+00
  0.0000000E+00  0.0000000E+00
  0.0000000E+00  0.0000000E+00
  0.0000000E+00  0.0000000E+00
  0.0000000E+00  0.0000000E+00
  0.0000000E+00  0.0000000E+00
  0.0000000E+00  0.0000000E+00
  0.0000000E+00  0.0000000E+00
  0.0000000E+00  0.0000000E+00
  0.0000000E+00  0.0000000E+00
  0.0000000E+00  0.0000000E+00
  0.0000000E+00  0.0000000E+00
  0.0000000E+00  0.0000000E+00
  0.0000000E+00  0.0000000E+00
  0.0000000E+00  0.0000000E+00
  0.0000000E+00  0.0000000E+00
  0.0000000E+00  0.0000000E+00
  0.0000000E+00  0.0000000E+00
  0.0000000E+00  0.0000000E+00
  0.0000000E+00  0.0000000E+00
  0.0000000E+00  0.0000000E+00
  0.0000000E+00  0.0000000E+00
  0.0000000E+00  0.0000000E+00
  0.0000000E+00  0.0000000E+00
  0.0000000E+00  0.0000000E+00
  0.0000000E+00  0.0000000E+00
  0.0000000E+00  0.0000000E+00
  0.0000000E+00  0.0000000E+00
  0.0000000E+00  0.0000000E+00
  0.0000000E+00  0.0000000E+00
  0.0000000E+00  0.0000000E+00
  0.0000000E+00  0.0000000E+00
  0.0000000E+00  0.0000000E+00
  0.0000000E+00  0.0000000E+00
  0.0000000E+00  0.0000000E+00
  0.0000000E+00  0.0000000E+00
  0.0000000E+00  0.0000000E+00
  0.0000000E+00  0.0000000E+00
  0.0000000E+00  0.0000000E+00
  0.0000000E+00  0.0000000E+00
  0.0000000E+00  0.0000000E+00
  0.0000000E+00  0.0000000E+00
  0.0000000E+00  0.0000000E+00
  0.0000000E+00  0.0000000E+00
  0.0000000E+00  0.0000000E+00
  0.0000000E+00  0.0000000E+00
  0.0000000E+00  0.0000000E+00
  0.0000000E+00  0.0000000E+00
  0.0000000E+00  0.0000000E+00
  0.0000000E+00  0.0000000E+00
  0.0000000E+00  0.0000000E+00
  0.0000000E+00  0.0000000E+00
  0.0000000E+00  0.0000000E+00
  0.0000000E+00  0.0000000E+00
  0.0000000E+00  0.0000000E+00
  0.0000000E+00  0.0000000E+00
  0.0000000E+00  0.0000000E+00
  0.0000000E+00  0.0000000E+00
  0.0000000E+00  0.0000000E+00
  0.0000000E+00  0.0000000E+00
  0.0000000E+00  0.0000000E+00
  0.0000000E+00  0.0000000E+00
  0.0000000E+00  0.0000000E+00
  0.0000000E+00  0.0000000E+00
  0.0000000E+00  0.0000000E+00
  0.0000000E+00  0.0000000E+00
  0.0000000E+00  0.0000000E+00
  0.0000000E+00  0.0000000E+00
  0.0000000E+00  0.0000000E+00
  0.0000000E+00  0.0000000E+00
  0.0000000E+00  0.0000000E+00
  0.0000000E+00  0.0000000E+00
  0.0000000E+00  0.0000000E+00
  0.0000000E+00  0.0000000E+00
  0.0000000E+00  0.0000000E+00
  0.0000000E+00  0.0000000E+00
  0.0000000E+00  0.0000000E+00
  0.0000000E+00  0.0000000E+00
  0.0000000E+00  0.0000000E+00
  0.0000000E+00  0.0000000E+00
  0.0000000E+00  0.0000000E+00
  0.0000000E+00  0.0000000E+00
  0.0000000E+00  0.0000000E+00
  0.0000000E+00  0.0000000E+00
  0.0000000E+00  0.0000000E+00
  0.0000000E+00  0.0000000E+00
  0.0000000E+00  0.0000000E+00
  0.0000000E+00  0.0000000E+00
  0.0000000E+00  0.0000000E+00
  0.0000000E+00  0.0000000E+00
  0.0000000E+00  0.0000000E+00
  0.0000000E+00  0.0000000E+00
  0.0000000E+00  0.0000000E+00
  0.0000000E+00  0.0000000E+00
  0.0000000E+00  0.0000000E+00
  0.0000000E+00  0.0000000E+00
  0.0000000E+00  0.0000000E+00
  0.0000000E+00  0.0000000E+00
  0.0000000E+00  0.0000000E+00
  0.0000000E+00  0.0000000E+00
  0.0000000E+00  0.0000000E+00
  0.0000000E+00  0.0000000E+00
  0.0000000E+00  0.0000000E+00
  0.0000000E+00  0.0000000E+00
  0.0000000E+00  0.0000000E+00
  0.0000000E+00  0.0000000E+00
  0.0000000E+00  0.0000000E+00
  0.0000000E+00  0.0000000E+00
  0.0000000E+00  0.0000000E+00
  0.0000000E+00  0.0000000E+00
  0.0000000E+00  0.0000000E+00
  0.0000000E+00  0.0000000E+00
  0.0000000E+00  0.0000000E+00
  0.0000000E+00  0.0000000E+00
  0.0000000E+00  0.0000000E+00
  0.0000000E+00  0.0000000E+00
  0.0000000E+00  0.0000000E+00
  0.0000000E+00  0.0000000E+00
  0.0000000E+00  0.0000000E+00
  0.0000000E+00  0.0000000E+00
  0.0000000E+00  0.0000000E+00
  0.0000000E+00  0.0000000E+00
  0.0000000E+00  0.0000000E+00
  0.0000000E+00  0.0000000E+00
  0.0000000E+00  0.0000000E+00
  0.0000000E+00  0.0000000E+00
  0.0000000E+00  0.0000000E+00
  0.0000000E+00  0.0000000E+00
  0.0000000E+00  0.0000000E+00
  0.0000000E+00  0.0000000E+00
  0.0000000E+00  0.0000000E+00
  0.0000000E+00  0.0000000E+00
  0.0000000E+00  0.0000000E+00
  0.0000000E+00  0.0000000E+00
  0.0000000E+00  0.0000000E+00
  0.0000000E+00  0.0000000E+00
  0.0000000E+00  0.0000000E+00
  0.0000000E+00  0.0000000E+00
  0.0000000E+00  0.0000000E+00
  0.0000000E+00  0.0000000E+00
  0.0000000E+00  0.0000000E+00
  0.0000000E+00  0.0000000E+00
  0.0000000E+00  0.0000000E+00
  0.0000000E+00  0.0000000E+00
  0.0000000E+00  0.0000000E+00
  0.0000000E+00  0.0000000E+00
  0.0000000E+00  0.0000000E+00
  0.0000000E+00  0.0000000E+00
  0.0000000E+00  0.0000000E+00
  0.0000000E+00  0.0000000E+00
  0.0000000E+00  0.0000000E+00
  0.0000000E+00  0.0000000E+00
  0.0000000E+00  0.0000000E+00
  0.0000000E+00  0.0000000E+00
  0.0000000E+00  0.0000000E+00
  0.0000000E+00  0.0000000E+00
  0.0000000E+00  0.0000000E+00
  0.0000000E+00  0.0000000E+00
  0.0000000E+00  0.0000000E+00
  0.0000000E+00  0.0000000E+00
  0.0000000E+00  0.0000000E+00
  0.0000000E+00  0.0000000E+00
  0.0000000E+00  0.0000000E+00
  0.0000000E+00  0.0000000E+00
  0.0000000E+00  0.0000000E+00
  0.0000000E+00  0.0000000E+00
  0.0000000E+00  0.0000000E+00
  0.0000000E+00  0.0000000E+00
  0.0000000E+00  0.0000000E+00
  0.0000000E+00  0.0000000E+00
  0.0000000E+00  0.0000000E+00
  0.0000000E+00  0.0000000E+00
  0.0000000E+00  0.0000000E+00
  0.0000000E+00  0.0000000E+00
  0.0000000E+00  0.0000000E+00
  0.0000000E+00  0.0000000E+00
  0.0000000E+00  0.0000000E+00
  0.0000000E+00  0.0000000E+00
  0.0000000E+00  0.0000000E+00
  0.0000000E+00  0.0000000E+00
  0.0000000E+00  0.0000000E+00
  0.0000000E+00  0.0000000E+00
  0.0000000E+00  0.0000000E+00
  0.0000000E+00  0.0000000E+00
  0.0000000E+00  0.0000000E+00
  0.0000000E+00  0.0000000E+00
  0.0000000E+00  0.0000000E+00
  0.0000000E+00  0.0000000E+00
  0.0000000E+00  0.0000000E+00
  0.0000000E+00  0.0000000E+00
  0.0000000E+00  0.0000000E+00
  0.0000000E+00  0.0000000E+00
  0.0000000E+00  0.0000000E+00
  0.0000000E+00  0.0000000E+00
  0.0000000E+00  0.0000000E+00
  0.0000000E+00  0.0000000E+00
  0.0000000E+00  0.0000000E+00
  0.0000000E+00  0.0000000E+00
  0.0000000E+00  0.0000000E+00
  0.0000000E+00  0.0000000E+00
  0.0000000E+00  0.0000000E+00
  0.0000000E+00  0.0000000E+00
  0.0000000E+00  0.0000000E+00
  0.0000000E+00  0.0000000E+00
  0.0000000E+00  0.0000000E+00
  0.0000000E+00  0.0000000E+00
  0.0000000E+00  0.0000000E+00
  0.0000000E+00  0.0000000E+00
  0.0000000E+00  0.0000000E+00
  0.0000000E+00  0.0000000E+00
  0.0000000E+00  0.0000000E+00
  0.0000000E+00  0.0000000E+00
  0.0000000E+00  0.0000000E+00
  0.0000000E+00  0.0000000E+00
  0.0000000E+00  0.0000000E+00
  0.0000000E+00  0.0000000E+00
  0.0000000E+00  0.0000000E+00
  0.0000000E+00  0.0000000E+00
  0.0000000E+00  0.0000000E+00
  0.0000000E+00  0.0000000E+00
  0.0000000E+00  0.0000000E+00
  0.0000000E+00  0.0000000E+00
  0.0000000E+00  0.0000000E+00
  0.0000000E+00  0.0000000E+00
  0.0000000E+00  0.0000000E+00
  0.0000000E+00  0.0000000E+00
  0.0000000E+00  0.0000000E+00
  0.0000000E+00  0.0000000E+00
  0.0000000E+00  0.0000000E+00
  0.0000000E+00  0.0000000E+00
  0.0000000E+00  0.0000000E+00
  0.0000000E+00  0.0000000E+00
  0.0000000E+00  0.0000000E+00
  0.0000000E+00  0.0000000E+00
  0.0000000E+00  0.0000000E+00
  0.0000000E+00  0.0000000E+00
  0.0000000E+00  0.0000000E+00
  0.0000000E+00  0.0000000E+00
  0.0000000E+00  0.0000000E+00
  0.0000000E+00  0.0000000E+00
  0.0000000E+00  0.0000000E+00
  0.0000000E+00  0.0000000E+00
  0.0000000E+00  0.0000000E+00
  0.0000000E+00  0.0000000E+00
  0.0000000E+00  0.0000000E+00
  0.0000000E+00  0.0000000E+00
  0.0000000E+00  0.0000000E+00
  0.0000000E+00  0.0000000E+00
  0.0000000E+00  0.0000000E+00
  0.0000000E+00  0.0000000E+00
  0.0000000E+00  0.0000000E+00
  0.0000000E+00  0.0000000E+00
  0.0000000E+00  0.0000000E+00
  0.0000000E+00  0.0000000E+00
  0.0000000E+00  0.0000000E+00
  0.0000000E+00  0.0000000E+00
  0.0000000E+00  0.0000000E+00
  0.0000000E+00  0.0000000E+00
  0.0000000E+00  0.0000000E+00
  0.0000000E+00  0.0000000E+00
  0.0000000E+00  0.0000000E+00
  0.0000000E+00  0.0000000E+00
  0.0000000E+00  0.0000000E+00
  0.0000000E+00  0.0000000E+00
  0.0000000E+00  0.0000000E+00
  0.0000000E+00  0.0000000E+00
  0.0000000E+00  0.0000000E+00
  0.0000000E+00  0.0000000E+00
  0.0000000E+00  0.0000000E+00
  0.0000000E+00  0.0000000E+00
  0.0000000E+00  0.0000000E+00
  0.0000000E+00  0.0000000E+00
  0.0000000E+00  0.0000000E+00
  0.0000000E+00  0.0000000E+00
  0.0000000E+00  0.0000000E+00
  0.0000000E+00  0.0000000E+00
  0.0000000E+00  0.0000000E+00
  0.0000000E+00  0.0000000E+00
  0.0000000E+00  0.0000000E+00
  0.0000000E+00  0.0000000E+00
  0.0000000E+00  0.0000000E+00
  0.0000000E+00  0.0000000E+00
  0.0000000E+00  0.0000000E+00
  0.0000000E+00  0.0000000E+00
  0.0000000E+00  0.0000000E+00
  0.0000000E+00  0.0000000E+00
  0.0000000E+00  0.0000000E+00
  0.0000000E+00  0.0000000E+00
  0.0000000E+00  0.0000000E+00
  0.0000000E+00  0.0000000E+00
  0.0000000E+00  0.0000000E+00
  0.0000000E+00  0.0000000E+00
  0.0000000E+00  0.0000000E+00
  0.0000000E+00  0.0000000E+00
  0.0000000E+00  0.0000000E+00
  0.0000000E+00  0.0000000E+00
  0.0000000E+00  0.0000000E+00
  0.0000000E+00  0.0000000E+00
  0.0000000E+00  0.0000000E+00
  0.0000000E+00  0.0000000E+00
  0.0000000E+00  0.0000000E+00
  0.0000000E+00  0.0000000E+00
  0.0000000E+00  0.0000000E+00
  0.0000000E+00  0.0000000E+00
  0.0000000E+00  0.0000000E+00
  0.0000000E+00  0.0000000E+00
  0.0000000E+00  0.0000000E+00
  0.0000000E+00  0.0000000E+00
  0.0000000E+00  0.0000000E+00
  0.0000000E+00  0.0000000E+00
  0.0000000E+00  0.0000000E+00
  0.0000000E+00  0.0000000E+00
  0.0000000E+00  0.0000000E+00
  0.0000000E+00  0.0000000E+00
  0.0000000E+00  0.0000000E+00
  0.0000000E+00  0.0000000E+00
  0.0000000E+00  0.0000000E+00
  0.0000000E+00  0.0000000E+00
  0.0000000E+00  0.0000000E+00
  0.0000000E+00  0.0000000E+00
  0.0000000E+00  0.0000000E+00
  0.0000000E+00  0.0000000E+00
  0.0000000E+00  0.0000000E+00
  0.0000000E+00  0.0000000E+00
  0.0000000E+00  0.0000000E+00
  0.0000000E+00  0.0000000E+00
  0.0000000E+00  0.0000000E+00
  0.0000000E+00  0.0000000E+00
  0.0000000E+00  0.0000000E+00
  0.0000000E+00  0.0000000E+00
  0.0000000E+00  0.0000000E+00
  0.0000000E+00  0.0000000E+00
  0.0000000E+00  0.0000000E+00
  0.0000000E+00  0.0000000E+00
  0.0000000E+00  0.0000000E+00
  0.0000000E+00  0.0000000E+00
  0.0000000E+00  0.0000000E+00
  0.0000000E+00  0.0000000E+00
  0.0000000E+00  0.0000000E+00
  0.0000000E+00  0.0000000E+00
  0.0000000E+00  0.0000000E+00
  0.0000000E+00  0.0000000E+00
  0.0000000E+00  0.0000000E+00
  0.0000000E+00  0.0000000E+00
  0.0000000E+00  0.0000000E+00
  0.0000000E+00  0.0000000E+00
  0.0000000E+00  0.0000000E+00
  0.0000000E+00  0.0000000E+00
  0.0000000E+00  0.0000000E+00
  0.0000000E+00  0.0000000E+00
  0.0000000E+00  0.0000000E+00
  0.0000000E+00  0.0000000E+00
  0.0000000E+00  0.0000000E+00
  0.0000000E+00  0.0000000E+00
  0.0000000E+00  0.0000000E+00
  0.0000000E+00  0.0000000E+00
  0.0000000E+00  0.0000000E+00
  0.0000000E+00  0.0000000E+00
  0.0000000E+00  0.0000000E+00
  0.0000000E+00  0.0000000E+00
  0.0000000E+00  0.0000000E+00
  0.0000000E+00  0.0000000E+00
  0.0000000E+00  0.0000000E+00
  0.0000000E+00  0.0000000E+00
  0.0000000E+00  0.0000000E+00
  0.0000000E+00  0.0000000E+00
  0.0000000E+00  0.0000000E+00
  0.0000000E+00  0.0000000E+00
  0.0000000E+00  0.0000000E+00
  0.0000000E+00  0.0000000E+00
  0.0000000E+00  0.0000000E+00
  0.0000000E+00  0.0000000E+00
  0.0000000E+00  0.0000000E+00
  0.0000000E+00  0.0000000E+00
  0.0000000E+00  0.0000000E+00
  0.0000000E+00  0.0000000E+00
  0.0000000E+00  0.0000000E+00
  0.0000000E+00  0.0000000E+00
  0.0000000E+00  0.0000000E+00
  0.0000000E+00  0.0000000E+00
  0.0000000E+00  0.0000000E+00
  0.0000000E+00  0.0000000E+00
  0.0000000E+00  0.0000000E+00
  0.0000000E+00  0.0000000E+00
  0.0000000E+00  0.0000000E+00
  0.0000000E+00  0.0000000E+00
  0.0000000E+00  0.0000000E+00
  0.0000000E+00  0.0000000E+00
  0.0000000E+00  0.0000000E+00
  0.0000000E+00  0.0000000E+00
  0.0000000E+00  0.0000000E+00
  0.0000000E+00  0.0000000E+00
  0.0000000E+00  0.0000000E+00
  0.0000000E+00  0.0000000E+00
  0.0000000E+00  0.0000000E+00
  0.0000000E+00  0.0000000E+00
  0.0000000E+00  0.0000000E+00
  0.0000000E+00  0.0000000E+00
  0.0000000E+00  0.0000000E+00
  0.0000000E+00  0.0000000E+00
  0.0000000E+00  0.0000000E+00
  0.0000000E+00  0.0000000E+00
  0.0000000E+00  0.0000000E+00
  0.0000000E+00  0.0000000E+00
  0.0000000E+00  0.0000000E+00
  0.0000000E+00  0.0000000E+00
  0.0000000E+00  0.0000000E+00
  0.0000000E+00  0.0000000E+00
  0.0000000E+00  0.0000000E+00
  0.0000000E+00  0.0000000E+00
  0.0000000E+00  0.0000000E+00
  0.0000000E+00  0.0000000E+00
  0.0000000E+00  0.0000000E+00
  0.0000000E+00  0.0000000E+00
  0.0000000E+00  0.0000000E+00
  0.0000000E+00  0.0000000E+00
  0.0000000E+00  0.0000000E+00
  0.0000000E+00  0.0000000E+00
  0.0000000E+00  0.0000000E+00
  0.0000000E+00  0.0000000E+00
  0.0000000E+00  0.0000000E+00
  0.0000000E+00  0.0000000E+00
  0.0000000E+00  0.0000000E+00
  0.0000000E+00  0.0000000E+00
  0.0000000E+00  0.0000000E+00
  0.0000000E+00  0.0000000E+00
  0.0000000E+00  0.0000000E+00
  0.0000000E+00  0.0000000E+00
  0.0000000E+00  0.0000000E+00
  0.0000000E+00  0.0000000E+00
  0.0000000E+00  0.0000000E+00
  0.0000000E+00  0.0000000E+00
  0.0000000E+00  0.0000000E+00
  0.0000000E+00  0.0000000E+00
  0.0000000E+00  0.0000000E+00
  0.0000000E+00  0.0000000E+00
  0.0000000E+00  0.0000000E+00
  0.0000000E+00  0.0000000E+00
  0.0000000E+00  0.0000000E+00
  0.0000000E+00  0.0000000E+00
  0.0000000E+00  0.0000000E+00
  0.0000000E+00  0.0000000E+00
  0.0000000E+00  0.0000000E+00
  0.0000000E+00  0.0000000E+00
  0.0000000E+00  0.0000000E+00
  0.0000000E+00  0.0000000E+00
  0.0000000E+00  0.0000000E+00
  0.0000000E+00  0.0000000E+00
  0.0000000E+00  0.0000000E+00
  0.0000000E+00  0.0000000E+00
  0.0000000E+00  0.0000000E+00
  0.0000000E+00  0.0000000E+00
  0.0000000E+00  0.0000000E+00
  0.0000000E+00  0.0000000E+00
  0.0000000E+00  0.0000000E+00
  0.0000000E+00  0.0000000E+00
  0.0000000E+00  0.0000000E+00
  0.0000000E+00  0.0000000E+00
  0.0000000E+00  0.0000000E+00
  0.0000000E+00  0.0000000E+00
  0.0000000E+00  0.0000000E+00
  0.0000000E+00  0.0000000E+00
  0.0000000E+00  0.0000000E+00
  0.0000000E+00  0.0000000E+00
  0.0000000E+00  0.0000000E+00
  0.0000000E+00  0.0000000E+00
  0.0000000E+00  0.0000000E+00
  0.0000000E+00  0.0000000E+00
  0.0000000E+00  0.0000000E+00
  0.0000000E+00  0.0000000E+00
  0.0000000E+00  0.0000000E+00
  0.0000000E+00  0.0000000E+00
  0.0000000E+00  0.0000000E+00
  0.0000000E+00  0.0000000E+00
