 -0.1013721E+01  0.4081161E-02
 -0.1004656E+01  0.4050797E-02
 -0.1018015E+01  0.4117287E-02
 -0.1021220E+01  0.4145542E-02
 -0.1025980E+01  0.4180870E-02
 -0.1028537E+01  0.4208726E-02
 -0.9951421E+00  0.4095673E-02
 -0.1007080E+01  0.4164267E-02
 -0.1010479E+01  0.4189658E-02
 -0.1049071E+01  0.4354789E-02
 -0.1280746E+01  0.5289408E-02
 -0.1277068E+01  0.5274695E-02
 -0.1276281E+01  0.5271704E-02
 -0.1276226E+01  0.5271499E-02
 -0.1276200E+01  0.5271199E-02
 -0.1276637E+01  0.5273206E-02
 -0.1275667E+01  0.5269310E-02
 -0.1272697E+01  0.5257220E-02
 -0.1271452E+01  0.5252431E-02
 -0.1271657E+01  0.5253249E-02
 -0.1270072E+01  0.5246699E-02
 -0.1269581E+01  0.5244918E-02
 -0.1270129E+01  0.5247113E-02
 -0.1268720E+01  0.5241273E-02
 -0.1268295E+01  0.5239771E-02
 -0.1268931E+01  0.5242298E-02
 -0.1267587E+01  0.5236720E-02
 -0.1267208E+01  0.5235378E-02
 -0.1267924E+01  0.5238258E-02
 -0.1266720E+01  0.5233252E-02
 -0.1266470E+01  0.5232430E-02
 -0.1267313E+01  0.5235800E-02
 -0.1266274E+01  0.5231467E-02
 -0.1266180E+01  0.5231278E-02
 -0.1267161E+01  0.5235189E-02
 -0.1266261E+01  0.5231411E-02
 -0.1266301E+01  0.5231753E-02
 -0.1267428E+01  0.5236258E-02
 -0.1266668E+01  0.5233041E-02
 -0.1266859E+01  0.5233983E-02
 -0.1268128E+01  0.5239068E-02
 -0.1267490E+01  0.5236332E-02
 -0.1267789E+01  0.5237716E-02
 -0.1269151E+01  0.5243183E-02
 -0.1268565E+01  0.5240641E-02
 -0.1268929E+01  0.5242296E-02
 -0.1270318E+01  0.5247876E-02
 -0.1269723E+01  0.5245309E-02
 -0.1270075E+01  0.5246912E-02
 -0.1271422E+01  0.5252292E-02
 -0.1270754E+01  0.5249433E-02
 -0.1271028E+01  0.5250731E-02
 -0.1272272E+01  0.5255708E-02
 -0.1271494E+01  0.5252407E-02
 -0.1271688E+01  0.5253388E-02
 -0.1272842E+01  0.5257989E-02
 -0.1271939E+01  0.5254181E-02
 -0.1271983E+01  0.5254569E-02
 -0.1272981E+01  0.5258553E-02
 -0.1271922E+01  0.5254117E-02
 -0.1271806E+01  0.5253870E-02
 -0.1272625E+01  0.5257125E-02
 -0.1271492E+01  0.5252395E-02
 -0.1271367E+01  0.5252095E-02
 -0.1272103E+01  0.5255028E-02
 -0.1270811E+01  0.5249667E-02
 -0.1270539E+01  0.5248769E-02
 -0.1271210E+01  0.5251449E-02
 -0.1269817E+01  0.5245676E-02
 -0.1269373E+01  0.5244084E-02
 -0.1269949E+01  0.5246388E-02
 -0.1268564E+01  0.5240658E-02
 -0.1268170E+01  0.5239256E-02
 -0.1268823E+01  0.5241875E-02
 -0.1267543E+01  0.5236549E-02
 -0.1267245E+01  0.5235563E-02
 -0.1268055E+01  0.5238811E-02
 -0.1266959E+01  0.5234223E-02
 -0.1266863E+01  0.5234027E-02
 -0.1267800E+01  0.5237863E-02
 -0.1267176E+01  0.5235357E-02
 -0.1271918E+01  0.5254447E-02
 -0.1275512E+01  0.5268254E-02
 -0.1276219E+01  0.5270893E-02
 -0.1276399E+01  0.5271585E-02
 -0.1276715E+01  0.5272832E-02
 -0.1277021E+01  0.5274073E-02
 -0.1277246E+01  0.5274965E-02
 -0.1277396E+01  0.5275548E-02
 -0.1277562E+01  0.5276226E-02
 -0.1277799E+01  0.5277184E-02
 -0.1278107E+01  0.5278395E-02
 -0.1278454E+01  0.5279803E-02
 -0.1278781E+01  0.5281108E-02
 -0.1279099E+01  0.5282381E-02
 -0.1279523E+01  0.5284084E-02
 -0.1279963E+01  0.5285834E-02
 -0.1280191E+01  0.5286766E-02
 -0.1280157E+01  0.5286593E-02
 -0.1279703E+01  0.5284658E-02
 -0.1275029E+01  0.5265860E-02
 -0.1271411E+01  0.5251738E-02
 -0.1272514E+01  0.5256311E-02
 -0.1276362E+01  0.5271730E-02
 -0.1283868E+01  0.5301747E-02
 -0.1045409E+01  0.4339806E-02
 -0.1005672E+01  0.4169634E-02
 -0.1002236E+01  0.4143264E-02
 -0.1005560E+01  0.4142628E-02
 -0.1005355E+01  0.4126700E-02
 -0.1006567E+01  0.4116322E-02
 -0.1007885E+01  0.4106702E-02
 -0.1006164E+01  0.4069367E-02
 -0.9951138E+00  0.4011694E-02
 -0.1014468E+01  0.4083766E-02
 -0.1024290E+01  0.4123673E-02
 -0.1010203E+01  0.4152331E-02
 -0.1013874E+01  0.4081699E-02
 -0.1015957E+01  0.4090505E-02
 -0.1017236E+01  0.4095939E-02
 -0.1017843E+01  0.4098504E-02
 -0.1018059E+01  0.4099374E-02
 -0.1017873E+01  0.4098578E-02
 -0.1017533E+01  0.4097146E-02
 -0.1017353E+01  0.4096395E-02
 -0.1017318E+01  0.4096226E-02
 -0.1017203E+01  0.4095723E-02
 -0.1017073E+01  0.4095155E-02
 -0.1016988E+01  0.4094779E-02
 -0.1017010E+01  0.4094852E-02
 -0.1017069E+01  0.4095084E-02
 -0.1017256E+01  0.4095837E-02
 -0.1017501E+01  0.4096855E-02
 -0.1017768E+01  0.4097946E-02
 -0.1017984E+01  0.4098846E-02
 -0.1018066E+01  0.4099194E-02
 -0.1017887E+01  0.4098434E-02
 -0.1017605E+01  0.4097276E-02
 -0.1017619E+01  0.4097396E-02
 -0.1017635E+01  0.4097446E-02
 -0.1017243E+01  0.4095798E-02
 -0.1016385E+01  0.4092264E-02
 -0.1015134E+01  0.4087145E-02
 -0.1000355E+01  0.4096812E-02
 -0.1039476E+01  0.4254006E-02
 -0.1007688E+01  0.4091337E-02
 -0.1020257E+01  0.4156952E-02
 -0.1024700E+01  0.4191810E-02
 -0.1006620E+01  0.4174166E-02
 -0.1014102E+01  0.4108888E-02
 -0.1046301E+01  0.4343486E-02
 -0.1047009E+01  0.4346395E-02
 -0.1045749E+01  0.4341170E-02
 -0.1045920E+01  0.4341916E-02
 -0.1046201E+01  0.4343075E-02
 -0.1045032E+01  0.4338210E-02
 -0.1043978E+01  0.4333848E-02
 -0.1043299E+01  0.4331056E-02
 -0.1042890E+01  0.4329357E-02
 -0.1042602E+01  0.4328178E-02
 -0.1042336E+01  0.4327077E-02
 -0.1042139E+01  0.4326267E-02
 -0.1041986E+01  0.4325623E-02
 -0.1041811E+01  0.4324907E-02
 -0.1041664E+01  0.4324288E-02
 -0.1041513E+01  0.4323673E-02
 -0.1041339E+01  0.4322968E-02
 -0.1041253E+01  0.4322589E-02
 -0.1041199E+01  0.4322370E-02
 -0.1041111E+01  0.4322009E-02
 -0.1041105E+01  0.4321974E-02
 -0.1041144E+01  0.4322114E-02
 -0.1041120E+01  0.4322028E-02
 -0.1041162E+01  0.4322194E-02
 -0.1041221E+01  0.4322439E-02
 -0.1041211E+01  0.4322413E-02
 -0.1041270E+01  0.4322647E-02
 -0.1041362E+01  0.4323023E-02
 -0.1041410E+01  0.4323236E-02
 -0.1041500E+01  0.4323586E-02
 -0.1041644E+01  0.4324182E-02
 -0.1041736E+01  0.4324577E-02
 -0.1041881E+01  0.4325169E-02
 -0.1042040E+01  0.4325839E-02
 -0.1042146E+01  0.4326286E-02
 -0.1042296E+01  0.4326910E-02
 -0.1042446E+01  0.4327531E-02
 -0.1042533E+01  0.4327914E-02
 -0.1042650E+01  0.4328387E-02
 -0.1042763E+01  0.4328854E-02
 -0.1042805E+01  0.4329039E-02
 -0.1042857E+01  0.4329254E-02
 -0.1042939E+01  0.4329595E-02
 -0.1042999E+01  0.4329851E-02
 -0.1043091E+01  0.4330225E-02
 -0.1043150E+01  0.4330467E-02
 -0.1043125E+01  0.4330372E-02
 -0.1043121E+01  0.4330346E-02
 -0.1043110E+01  0.4330293E-02
 -0.1043013E+01  0.4329915E-02
 -0.1042956E+01  0.4329669E-02
 -0.1042986E+01  0.4329789E-02
 -0.1042973E+01  0.4329738E-02
 -0.1042914E+01  0.4329493E-02
 -0.1042851E+01  0.4329223E-02
 -0.1042765E+01  0.4328881E-02
 -0.1042624E+01  0.4328291E-02
 -0.1042466E+01  0.4327628E-02
 -0.1042265E+01  0.4326811E-02
 -0.1042106E+01  0.4326143E-02
 -0.1041983E+01  0.4325616E-02
 -0.1041835E+01  0.4325034E-02
 -0.1041738E+01  0.4324615E-02
 -0.1041667E+01  0.4324316E-02
 -0.1041586E+01  0.4323975E-02
 -0.1041593E+01  0.4323966E-02
 -0.1041595E+01  0.4323975E-02
 -0.1041587E+01  0.4323959E-02
 -0.1041690E+01  0.4324353E-02
 -0.1042054E+01  0.4325813E-02
 -0.1042857E+01  0.4328991E-02
 -0.1043658E+01  0.4332149E-02
 -0.1044103E+01  0.4333904E-02
 -0.1044376E+01  0.4334996E-02
 -0.1044586E+01  0.4335864E-02
 -0.1044664E+01  0.4336190E-02
 -0.1044648E+01  0.4336121E-02
 -0.1044614E+01  0.4335986E-02
 -0.1044613E+01  0.4335973E-02
 -0.1044670E+01  0.4336220E-02
 -0.1044775E+01  0.4336652E-02
 -0.1044888E+01  0.4337111E-02
 -0.1044983E+01  0.4337506E-02
 -0.1045094E+01  0.4337983E-02
 -0.1045308E+01  0.4338871E-02
 -0.1045510E+01  0.4339714E-02
 -0.1045542E+01  0.4339837E-02
 -0.1045304E+01  0.4338906E-02
 -0.1044728E+01  0.4336589E-02
 -0.1043731E+01  0.4332602E-02
 -0.1042963E+01  0.4329576E-02
 -0.1042941E+01  0.4329560E-02
 -0.1043930E+01  0.4333653E-02
 -0.1006491E+01  0.4172654E-02
 -0.9907063E+00  0.3993162E-02
 -0.1003733E+01  0.4148891E-02
 -0.1008266E+01  0.4153043E-02
 -0.1011608E+01  0.4151472E-02
 -0.1013428E+01  0.4143556E-02
 -0.1015261E+01  0.4135745E-02
 -0.9988969E+00  0.4025483E-02
 -0.1005239E+01  0.4063563E-02
 -0.9997509E+00  0.4028745E-02
 -0.1022384E+01  0.4151443E-02
 -0.9986373E+00  0.4025380E-02
 -0.9999520E+00  0.4029443E-02
 -0.9995838E+00  0.4027842E-02
 -0.9992434E+00  0.4026451E-02
 -0.9995788E+00  0.4028016E-02
 -0.9998657E+00  0.4029281E-02
 -0.9996623E+00  0.4028350E-02
 -0.9996352E+00  0.4028211E-02
 -0.9995773E+00  0.4027979E-02
 -0.9996015E+00  0.4028147E-02
 -0.9996917E+00  0.4028558E-02
 -0.9996475E+00  0.4028308E-02
 -0.9996521E+00  0.4028228E-02
 -0.9996274E+00  0.4028027E-02
 -0.9996399E+00  0.4027983E-02
 -0.9996837E+00  0.4028087E-02
 -0.9995877E+00  0.4027640E-02
 -0.9992808E+00  0.4026465E-02
 -0.9995067E+00  0.4027640E-02
 -0.1000093E+01  0.4030197E-02
 -0.9998405E+00  0.4029001E-02
 -0.9995614E+00  0.4027887E-02
 -0.9996805E+00  0.4028765E-02
 -0.1003201E+01  0.4044376E-02
 -0.9986591E+00  0.4132139E-02
 -0.1035880E+01  0.4252387E-02
 -0.1022855E+01  0.4148345E-02
 -0.1047044E+01  0.4297187E-02
 -0.1008905E+01  0.4166547E-02
 -0.1025344E+01  0.4176959E-02
 -0.1006945E+01  0.4175324E-02
 -0.1015091E+01  0.4120998E-02
 -0.1008485E+01  0.4181074E-02
 -0.1007647E+01  0.4177354E-02
 -0.1007298E+01  0.4175771E-02
 -0.1007219E+01  0.4175321E-02
 -0.1007063E+01  0.4174602E-02
 -0.1006934E+01  0.4174036E-02
 -0.1006868E+01  0.4173741E-02
 -0.1006795E+01  0.4173426E-02
 -0.1006779E+01  0.4173331E-02
 -0.1006697E+01  0.4172970E-02
 -0.1006582E+01  0.4172455E-02
 -0.1006513E+01  0.4172166E-02
 -0.1006463E+01  0.4171942E-02
 -0.1006472E+01  0.4171944E-02
 -0.1006591E+01  0.4172378E-02
 -0.1006646E+01  0.4172581E-02
 -0.1006681E+01  0.4172735E-02
 -0.1006773E+01  0.4173117E-02
 -0.1006757E+01  0.4173082E-02
 -0.1006727E+01  0.4172991E-02
 -0.1006796E+01  0.4173255E-02
 -0.1006760E+01  0.4173140E-02
 -0.1006693E+01  0.4172879E-02
 -0.1006767E+01  0.4173181E-02
 -0.1006741E+01  0.4173116E-02
 -0.1006703E+01  0.4172994E-02
 -0.1006773E+01  0.4173311E-02
 -0.1006765E+01  0.4173304E-02
 -0.1006737E+01  0.4173220E-02
 -0.1006812E+01  0.4173535E-02
 -0.1006797E+01  0.4173517E-02
 -0.1006758E+01  0.4173387E-02
 -0.1006815E+01  0.4173637E-02
 -0.1006785E+01  0.4173546E-02
 -0.1006730E+01  0.4173344E-02
 -0.1006743E+01  0.4173405E-02
 -0.1006636E+01  0.4172980E-02
 -0.1006537E+01  0.4172607E-02
 -0.1006729E+01  0.4173400E-02
 -0.1006878E+01  0.4173995E-02
 -0.1006868E+01  0.4173939E-02
 -0.1006887E+01  0.4174025E-02
 -0.1006870E+01  0.4173964E-02
 -0.1006807E+01  0.4173702E-02
 -0.1006861E+01  0.4173913E-02
 -0.1006795E+01  0.4173664E-02
 -0.1006601E+01  0.4173002E-02
 -0.1006767E+01  0.4173716E-02
 -0.1006938E+01  0.4174348E-02
 -0.1006892E+01  0.4174156E-02
 -0.1006977E+01  0.4174468E-02
 -0.1007004E+01  0.4174482E-02
 -0.1006915E+01  0.4174059E-02
 -0.1006916E+01  0.4173992E-02
 -0.1006883E+01  0.4173810E-02
 -0.1006806E+01  0.4173464E-02
 -0.1006842E+01  0.4173568E-02
 -0.1006862E+01  0.4173602E-02
 -0.1006846E+01  0.4173507E-02
 -0.1006982E+01  0.4174059E-02
 -0.1007049E+01  0.4174293E-02
 -0.1007104E+01  0.4174467E-02
 -0.1007147E+01  0.4174594E-02
 -0.1007155E+01  0.4174640E-02
 -0.1007268E+01  0.4175098E-02
 -0.1007558E+01  0.4176290E-02
 -0.1007768E+01  0.4177209E-02
 -0.1007970E+01  0.4178135E-02
 -0.1008067E+01  0.4178620E-02
 -0.1008170E+01  0.4179106E-02
 -0.1008071E+01  0.4178673E-02
 -0.1008077E+01  0.4178599E-02
 -0.1008134E+01  0.4178730E-02
 -0.1008111E+01  0.4178606E-02
 -0.1008060E+01  0.4178400E-02
 -0.1008036E+01  0.4178322E-02
 -0.1008087E+01  0.4178552E-02
 -0.1008109E+01  0.4178664E-02
 -0.1008009E+01  0.4178335E-02
 -0.1007877E+01  0.4177963E-02
 -0.1007921E+01  0.4178260E-02
 -0.1007983E+01  0.4178482E-02
 -0.1007804E+01  0.4177744E-02
 -0.1007519E+01  0.4176600E-02
 -0.1006995E+01  0.4174442E-02
 -0.1006820E+01  0.4173665E-02
 -0.1006929E+01  0.4174154E-02
 -0.1008322E+01  0.4075602E-02
 -0.1004916E+01  0.4062967E-02
 -0.1009977E+01  0.4159451E-02
 -0.1013336E+01  0.4157816E-02
 -0.1021793E+01  0.4178634E-02
 -0.1013743E+01  0.4144590E-02
 -0.1015766E+01  0.4138428E-02
 -0.9965629E+00  0.4023443E-02
 -0.1008932E+01  0.4078063E-02
 -0.1008325E+01  0.4075409E-02
 -0.1004621E+01  0.4152190E-02
 -0.1007689E+01  0.4072834E-02
 -0.1008868E+01  0.4078373E-02
 -0.1009343E+01  0.4080396E-02
 -0.1008478E+01  0.4076183E-02
 -0.1008323E+01  0.4075314E-02
 -0.1008117E+01  0.4074478E-02
 -0.1008213E+01  0.4075044E-02
 -0.1008332E+01  0.4075696E-02
 -0.1008358E+01  0.4075667E-02
 -0.1008378E+01  0.4075622E-02
 -0.1008336E+01  0.4075319E-02
 -0.1008305E+01  0.4075056E-02
 -0.1008369E+01  0.4075212E-02
 -0.1008155E+01  0.4074360E-02
 -0.1007851E+01  0.4073431E-02
 -0.1008898E+01  0.4078441E-02
 -0.1009696E+01  0.4082073E-02
 -0.1008595E+01  0.4076699E-02
 -0.1008254E+01  0.4075182E-02
 -0.1010241E+01  0.4083890E-02
 -0.1004674E+01  0.4060711E-02
 -0.1008030E+01  0.4179631E-02
 -0.1007347E+01  0.4177228E-02
 -0.1005415E+01  0.4169543E-02
 -0.9979028E+00  0.4024486E-02
 -0.1021694E+01  0.4193673E-02
 -0.1018915E+01  0.4135191E-02
 -0.1007903E+01  0.4166566E-02
 -0.1005553E+01  0.4156767E-02
 -0.1004879E+01  0.4153266E-02
 -0.1004299E+01  0.4150969E-02
 -0.1004293E+01  0.4150962E-02
 -0.1004448E+01  0.4151550E-02
 -0.1004232E+01  0.4150692E-02
 -0.1004104E+01  0.4150143E-02
 -0.1004201E+01  0.4150468E-02
 -0.1003700E+01  0.4148493E-02
 -0.1003672E+01  0.4148344E-02
 -0.1004085E+01  0.4149805E-02
 -0.1004421E+01  0.4150978E-02
 -0.1004448E+01  0.4151100E-02
 -0.1004647E+01  0.4151998E-02
 -0.1004611E+01  0.4151934E-02
 -0.1004346E+01  0.4150998E-02
 -0.1004370E+01  0.4151156E-02
 -0.1004491E+01  0.4151641E-02
 -0.1004246E+01  0.4150712E-02
 -0.1004240E+01  0.4150705E-02
 -0.1004400E+01  0.4151328E-02
 -0.1004143E+01  0.4150332E-02
 -0.1004148E+01  0.4150379E-02
 -0.1004318E+01  0.4151050E-02
 -0.1004073E+01  0.4150106E-02
 -0.1004085E+01  0.4150177E-02
 -0.1004252E+01  0.4150835E-02
 -0.1004018E+01  0.4149943E-02
 -0.1004003E+01  0.4149910E-02
 -0.1004155E+01  0.4150496E-02
 -0.1003901E+01  0.4149544E-02
 -0.1003855E+01  0.4149371E-02
 -0.1004021E+01  0.4149963E-02
 -0.1003538E+01  0.4148076E-02
 -0.1003045E+01  0.4146292E-02
 -0.1003596E+01  0.4148458E-02
 -0.1004427E+01  0.4151574E-02
 -0.1004341E+01  0.4151209E-02
 -0.1004155E+01  0.4150492E-02
 -0.1004252E+01  0.4150842E-02
 -0.1004168E+01  0.4150516E-02
 -0.1004145E+01  0.4150515E-02
 -0.1003891E+01  0.4149694E-02
 -0.1002603E+01  0.4145031E-02
 -0.1002870E+01  0.4146281E-02
 -0.1003961E+01  0.4150370E-02
 -0.1003584E+01  0.4148845E-02
 -0.1003897E+01  0.4149985E-02
 -0.1004388E+01  0.4151663E-02
 -0.1004332E+01  0.4151285E-02
 -0.1004283E+01  0.4150980E-02
 -0.1004352E+01  0.4151158E-02
 -0.1004239E+01  0.4150711E-02
 -0.1004194E+01  0.4150460E-02
 -0.1004450E+01  0.4151341E-02
 -0.1004472E+01  0.4151412E-02
 -0.1004706E+01  0.4152359E-02
 -0.1005006E+01  0.4153481E-02
 -0.1005184E+01  0.4154071E-02
 -0.1005047E+01  0.4153508E-02
 -0.1004612E+01  0.4151904E-02
 -0.1004671E+01  0.4152314E-02
 -0.1004865E+01  0.4153237E-02
 -0.1004429E+01  0.4151807E-02
 -0.1004641E+01  0.4152984E-02
 -0.1004133E+01  0.4151135E-02
 -0.1004490E+01  0.4152658E-02
 -0.1004102E+01  0.4150869E-02
 -0.1004817E+01  0.4153309E-02
 -0.1005435E+01  0.4155468E-02
 -0.1005388E+01  0.4155121E-02
 -0.1005008E+01  0.4153659E-02
 -0.1004975E+01  0.4153565E-02
 -0.1005280E+01  0.4154755E-02
 -0.1005373E+01  0.4155175E-02
 -0.1004772E+01  0.4153079E-02
 -0.1003288E+01  0.4147787E-02
 -0.1003166E+01  0.4147522E-02
 -0.1004405E+01  0.4152066E-02
 -0.1004374E+01  0.4151820E-02
 -0.1003941E+01  0.4150302E-02
 -0.1003178E+01  0.4146919E-02
 -0.1004696E+01  0.4152440E-02
 -0.1018364E+01  0.4132283E-02
 -0.1020847E+01  0.4142737E-02
 -0.9990608E+00  0.4122135E-02
 -0.1004873E+01  0.4065210E-02
 -0.1017706E+01  0.4129860E-02
 -0.1015566E+01  0.4155624E-02
 -0.1006336E+01  0.4161469E-02
 -0.1013801E+01  0.4159520E-02
 -0.1019920E+01  0.4185685E-02
 -0.1021645E+01  0.4148176E-02
 -0.1004249E+01  0.4151294E-02
 -0.1021302E+01  0.4144822E-02
 -0.1023057E+01  0.4215146E-02
 -0.1010189E+01  0.4164200E-02
 -0.1019541E+01  0.4136660E-02
 -0.1019159E+01  0.4134382E-02
 -0.1018758E+01  0.4132630E-02
 -0.1019216E+01  0.4134858E-02
 -0.1019334E+01  0.4135754E-02
 -0.1019492E+01  0.4136259E-02
 -0.1019606E+01  0.4136700E-02
 -0.1019562E+01  0.4136511E-02
 -0.1019540E+01  0.4136401E-02
 -0.1019537E+01  0.4136412E-02
 -0.1019237E+01  0.4135368E-02
 -0.1019114E+01  0.4135265E-02
 -0.1022017E+01  0.4149362E-02
 -0.1023313E+01  0.4156050E-02
 -0.1019098E+01  0.4135303E-02
 -0.1018066E+01  0.4130399E-02
 -0.1013315E+01  0.4112945E-02
 -0.1012575E+01  0.4169750E-02
 -0.1004976E+01  0.4153801E-02
 -0.1008839E+01  0.4125748E-02
 -0.9968781E+00  0.4099675E-02
 -0.1022499E+01  0.4151694E-02
 -0.1014814E+01  0.4139208E-02
 -0.1021925E+01  0.4195584E-02
 -0.1012408E+01  0.4171399E-02
 -0.1026938E+01  0.4190426E-02
 -0.1016570E+01  0.4152618E-02
 -0.9929939E+00  0.4109922E-02
 -0.1008900E+01  0.4157607E-02
 -0.1035797E+01  0.4221612E-02
 -0.1009652E+01  0.4159081E-02
 -0.1007701E+01  0.4151705E-02
 -0.1007326E+01  0.4150468E-02
 -0.1007269E+01  0.4150223E-02
 -0.1008035E+01  0.4153086E-02
 -0.1005929E+01  0.4145049E-02
 -0.1005807E+01  0.4144505E-02
 -0.1007550E+01  0.4150646E-02
 -0.1008838E+01  0.4155168E-02
 -0.1008197E+01  0.4152847E-02
 -0.1008593E+01  0.4154850E-02
 -0.1008768E+01  0.4155705E-02
 -0.1007336E+01  0.4150487E-02
 -0.1007408E+01  0.4150939E-02
 -0.1008568E+01  0.4155349E-02
 -0.1007300E+01  0.4150519E-02
 -0.1007266E+01  0.4150399E-02
 -0.1008491E+01  0.4155021E-02
 -0.1007232E+01  0.4150222E-02
 -0.1007210E+01  0.4150134E-02
 -0.1008410E+01  0.4154651E-02
 -0.1007187E+01  0.4149982E-02
 -0.1007174E+01  0.4149925E-02
 -0.1008359E+01  0.4154385E-02
 -0.1007210E+01  0.4150023E-02
 -0.1007147E+01  0.4149771E-02
 -0.1008238E+01  0.4153857E-02
 -0.1007073E+01  0.4149418E-02
 -0.1007120E+01  0.4149572E-02
 -0.1008585E+01  0.4155138E-02
 -0.1006651E+01  0.4147701E-02
 -0.1003619E+01  0.4136394E-02
 -0.1005732E+01  0.4144396E-02
 -0.1009813E+01  0.4159648E-02
 -0.1008122E+01  0.4153025E-02
 -0.1007656E+01  0.4151244E-02
 -0.1008820E+01  0.4155616E-02
 -0.1007542E+01  0.4150787E-02
 -0.1007931E+01  0.4152689E-02
 -0.1008819E+01  0.4156643E-02
 -0.1001418E+01  0.4128708E-02
 -0.1002345E+01  0.4132797E-02
 -0.1008862E+01  0.4157619E-02
 -0.1004967E+01  0.4142305E-02
 -0.1006402E+01  0.4147723E-02
 -0.1009125E+01  0.4157702E-02
 -0.1007566E+01  0.4151446E-02
 -0.1007454E+01  0.4150960E-02
 -0.1008293E+01  0.4154057E-02
 -0.1007217E+01  0.4149944E-02
 -0.1006899E+01  0.4148495E-02
 -0.1008680E+01  0.4154996E-02
 -0.1007696E+01  0.4151179E-02
 -0.1008322E+01  0.4153967E-02
 -0.1009539E+01  0.4158534E-02
 -0.1009680E+01  0.4158787E-02
 -0.1009241E+01  0.4157143E-02
 -0.1007280E+01  0.4150001E-02
 -0.1007505E+01  0.4151369E-02
 -0.1008703E+01  0.4156190E-02
 -0.1005987E+01  0.4146192E-02
 -0.1007754E+01  0.4153877E-02
 -0.1005071E+01  0.4143307E-02
 -0.1006885E+01  0.4150837E-02
 -0.1004387E+01  0.4140049E-02
 -0.1008498E+01  0.4155228E-02
 -0.1010203E+01  0.4161303E-02
 -0.1009436E+01  0.4158060E-02
 -0.1007739E+01  0.4151652E-02
 -0.1007964E+01  0.4152708E-02
 -0.1009436E+01  0.4158339E-02
 -0.1009862E+01  0.4160116E-02
 -0.1008664E+01  0.4156110E-02
 -0.1001775E+01  0.4130487E-02
 -0.1001272E+01  0.4128617E-02
 -0.1009357E+01  0.4158830E-02
 -0.1008173E+01  0.4154135E-02
 -0.1004719E+01  0.4141968E-02
 -0.1009688E+01  0.4159416E-02
 -0.1006056E+01  0.4145901E-02
 -0.1012700E+01  0.4187218E-02
 -0.1030097E+01  0.4197177E-02
 -0.1032887E+01  0.4209940E-02
 -0.1030295E+01  0.4200013E-02
 -0.1045867E+01  0.4263035E-02
 -0.1015469E+01  0.4164191E-02
 -0.1000581E+01  0.4081306E-02
 -0.1027719E+01  0.4188953E-02
 -0.1019949E+01  0.4172490E-02
 -0.1033375E+01  0.4209320E-02
 -0.1030281E+01  0.4198462E-02
 -0.1028258E+01  0.4189122E-02
 -0.1031179E+01  0.4202500E-02
 -0.1030409E+01  0.4199302E-02
 -0.1029928E+01  0.4197586E-02
 -0.1029649E+01  0.4196757E-02
 -0.1029518E+01  0.4196395E-02
 -0.1029317E+01  0.4195845E-02
 -0.1028656E+01  0.4193512E-02
 -0.1028058E+01  0.4190184E-02
 -0.9856208E+00  0.3989990E-02
 -0.1051099E+01  0.4285807E-02
 -0.1030661E+01  0.4201204E-02
 -0.1026608E+01  0.4182579E-02
 -0.1039419E+01  0.4234749E-02
 -0.1007677E+01  0.4151819E-02
 -0.1027701E+01  0.4186613E-02
 -0.1008672E+01  0.4155619E-02
 -0.1024212E+01  0.4141092E-02
 -0.1018460E+01  0.4180969E-02
 -0.1003621E+01  0.4135793E-02
 -0.1006839E+01  0.4116282E-02
 -0.1015951E+01  0.4170575E-02
 -0.1066160E+01  0.4355162E-02
 -0.9971564E+00  0.4126465E-02
 -0.1042945E+01  0.4267337E-02
 -0.1041591E+01  0.4260723E-02
 -0.1013666E+01  0.4162891E-02
 -0.1006130E+01  0.4133152E-02
 -0.1005914E+01  0.4132936E-02
 -0.1006462E+01  0.4135143E-02
 -0.1003291E+01  0.4123480E-02
 -0.1009872E+01  0.4146724E-02
 -0.1012654E+01  0.4154844E-02
 -0.1007627E+01  0.4136050E-02
 -0.1009988E+01  0.4147924E-02
 -0.1013910E+01  0.4163437E-02
 -0.1006189E+01  0.4134204E-02
 -0.1006771E+01  0.4136764E-02
 -0.1014624E+01  0.4166890E-02
 -0.1006235E+01  0.4134513E-02
 -0.1006226E+01  0.4134474E-02
 -0.1014603E+01  0.4166589E-02
 -0.1006117E+01  0.4133861E-02
 -0.1006161E+01  0.4134041E-02
 -0.1014494E+01  0.4165969E-02
 -0.1006085E+01  0.4133565E-02
 -0.1006170E+01  0.4133899E-02
 -0.1014424E+01  0.4165504E-02
 -0.1006066E+01  0.4133301E-02
 -0.1006173E+01  0.4133717E-02
 -0.1014225E+01  0.4164501E-02
 -0.1005862E+01  0.4132275E-02
 -0.1006117E+01  0.4133239E-02
 -0.1016007E+01  0.4171410E-02
 -0.1007967E+01  0.4140734E-02
 -0.1010424E+01  0.4150565E-02
 -0.1006128E+01  0.4131840E-02
 -0.1006313E+01  0.4132837E-02
 -0.1015221E+01  0.4167062E-02
 -0.1005714E+01  0.4130549E-02
 -0.1006975E+01  0.4136305E-02
 -0.1025968E+01  0.4212246E-02
 -0.1028651E+01  0.4224032E-02
 -0.1016846E+01  0.4176388E-02
 -0.1016936E+01  0.4175160E-02
 -0.1005924E+01  0.4132531E-02
 -0.1006659E+01  0.4135782E-02
 -0.1013550E+01  0.4162303E-02
 -0.1006382E+01  0.4134760E-02
 -0.1004127E+01  0.4125039E-02
 -0.1015684E+01  0.4168116E-02
 -0.1006346E+01  0.4131852E-02
 -0.1007909E+01  0.4140425E-02
 -0.1014494E+01  0.4165587E-02
 -0.1013069E+01  0.4159035E-02
 -0.1014136E+01  0.4163692E-02
 -0.1005179E+01  0.4130017E-02
 -0.1006481E+01  0.4136065E-02
 -0.1017271E+01  0.4178363E-02
 -0.1014020E+01  0.4173542E-02
 -0.1009187E+01  0.4147844E-02
 -0.1014739E+01  0.4167214E-02
 -0.1017166E+01  0.4175582E-02
 -0.1012785E+01  0.4157970E-02
 -0.1005956E+01  0.4132236E-02
 -0.1007150E+01  0.4137447E-02
 -0.1013880E+01  0.4163165E-02
 -0.1013103E+01  0.4159953E-02
 -0.1017056E+01  0.4177192E-02
 -0.1000033E+01  0.4081780E-02
 -0.1007257E+01  0.4138164E-02
 -0.1053016E+01  0.4302700E-02
 -0.1050545E+01  0.4294959E-02
 -0.1049609E+01  0.4292119E-02
 -0.1035407E+01  0.4235721E-02
 -0.1032645E+01  0.4223095E-02
 -0.1039535E+01  0.4251256E-02
 -0.1053796E+01  0.4307278E-02
 -0.1017460E+01  0.4142077E-02
 -0.1014898E+01  0.4167602E-02
 -0.1048916E+01  0.4288299E-02
 -0.1049255E+01  0.4290004E-02
 -0.1049283E+01  0.4290385E-02
 -0.1049335E+01  0.4290890E-02
 -0.1047093E+01  0.4282406E-02
 -0.1033041E+01  0.4225999E-02
 -0.9936504E+00  0.4036482E-02
 -0.1057663E+01  0.4325117E-02
 -0.1048932E+01  0.4289062E-02
 -0.1017918E+01  0.4131061E-02
 -0.1030655E+01  0.4216072E-02
 -0.1002803E+01  0.4121181E-02
 -0.1039334E+01  0.4235334E-02
 -0.1029027E+01  0.4210241E-02
 -0.1025093E+01  0.4210303E-02
 -0.1023659E+01  0.4190348E-02
 -0.1043066E+01  0.4264905E-02
 -0.1048742E+01  0.4287158E-02
 -0.1010834E+01  0.4140543E-02
 -0.1034570E+01  0.4204403E-02
 -0.1011431E+01  0.4097296E-02
 -0.1013960E+01  0.4162776E-02
 -0.1017195E+01  0.4182145E-02
 -0.1050151E+01  0.4264932E-02
 -0.9864817E+00  0.3971941E-02
 -0.1011344E+01  0.4071007E-02
 -0.1018142E+01  0.4161338E-02
 -0.1036415E+01  0.4226693E-02
 -0.9995267E+00  0.4108410E-02
 -0.1017231E+01  0.4158197E-02
 -0.1019106E+01  0.4188196E-02
 -0.1038318E+01  0.4235924E-02
 -0.1009718E+01  0.4138750E-02
 -0.9977008E+00  0.4102545E-02
 -0.9993082E+00  0.4108913E-02
 -0.1007597E+01  0.4125809E-02
 -0.1035535E+01  0.4239100E-02
 -0.1024844E+01  0.4201504E-02
 -0.1010510E+01  0.4140495E-02
 -0.1005931E+01  0.4123623E-02
 -0.1008755E+01  0.4131360E-02
 -0.1008928E+01  0.4133870E-02
 -0.1007778E+01  0.4128404E-02
 -0.1010769E+01  0.4140960E-02
 -0.1011235E+01  0.4142690E-02
 -0.1008678E+01  0.4131957E-02
 -0.1008345E+01  0.4131032E-02
 -0.1008416E+01  0.4131584E-02
 -0.1008487E+01  0.4132106E-02
 -0.1008815E+01  0.4133713E-02
 -0.1010250E+01  0.4139759E-02
 -0.1024944E+01  0.4195385E-02
 -0.1012749E+01  0.4151701E-02
 -0.1008787E+01  0.4149218E-02
 -0.1009612E+01  0.4151562E-02
 -0.1002690E+01  0.4108747E-02
 -0.1008721E+01  0.4132072E-02
 -0.9969053E+00  0.4083811E-02
 -0.1000087E+01  0.4096488E-02
 -0.2230853E+00  0.9504610E-03
  0.8630999E-02  0.9927147E-05
  0.7165137E-01 -0.2486642E-03
  0.9109999E-01 -0.3300863E-03
  0.9359273E-01 -0.3421187E-03
  0.8901263E-01 -0.3249229E-03
  0.8170830E-01 -0.2962554E-03
  0.7361007E-01 -0.2640637E-03
  0.6567875E-01 -0.2323074E-03
  0.5835274E-01 -0.2028254E-03
  0.5180518E-01 -0.1763557E-03
  0.4606627E-01 -0.1530469E-03
  0.4110209E-01 -0.1327552E-03
  0.3684060E-01 -0.1151930E-03
  0.3323281E-01 -0.1001206E-03
  0.3019558E-01 -0.8716392E-04
  0.2769313E-01 -0.7611572E-04
  0.2571755E-01 -0.6682453E-04
  0.2430669E-01 -0.5925113E-04
  0.2361108E-01 -0.5358019E-04
  0.2361994E-01 -0.5359966E-04
  0.2362580E-01 -0.5361248E-04
  0.2362948E-01 -0.5361985E-04
  0.2364132E-01 -0.5366191E-04
  0.2364562E-01 -0.5368319E-04
  0.2364263E-01 -0.5367599E-04
  0.2360816E-01 -0.5355374E-04
  0.2358948E-01 -0.5349558E-04
  0.2358247E-01 -0.5347941E-04
  0.2357647E-01 -0.5346992E-04
  0.2356824E-01 -0.5345292E-04
  0.2355820E-01 -0.5342962E-04
  0.2354807E-01 -0.5341000E-04
  0.2353886E-01 -0.5339269E-04
  0.2353152E-01 -0.5337667E-04
  0.2352652E-01 -0.5336663E-04
  0.2352330E-01 -0.5336635E-04
  0.2352211E-01 -0.5336893E-04
  0.2352270E-01 -0.5337484E-04
  0.2352470E-01 -0.5338778E-04
  0.2352802E-01 -0.5340041E-04
  0.2353258E-01 -0.5340835E-04
  0.2353815E-01 -0.5341759E-04
  0.2354456E-01 -0.5342898E-04
  0.2355210E-01 -0.5344031E-04
  0.2356103E-01 -0.5345558E-04
  0.2357088E-01 -0.5347413E-04
  0.2358120E-01 -0.5349760E-04
  0.2359151E-01 -0.5352375E-04
  0.2428754E-01 -0.5919137E-04
  0.2569873E-01 -0.6676674E-04
  0.2767334E-01 -0.7605520E-04
  0.3017384E-01 -0.8709917E-04
  0.3321252E-01 -0.1000543E-03
  0.3682782E-01 -0.1151590E-03
  0.4107818E-01 -0.1326806E-03
  0.4604072E-01 -0.1529591E-03
  0.5177580E-01 -0.1762594E-03
  0.5831904E-01 -0.2027115E-03
  0.6563967E-01 -0.2321679E-03
  0.7356328E-01 -0.2638941E-03
  0.8165032E-01 -0.2960497E-03
  0.8893589E-01 -0.3246332E-03
  0.9351417E-01 -0.3418229E-03
  0.9095699E-01 -0.3295315E-03
  0.7143517E-01 -0.2478087E-03
  0.8381602E-02  0.1091603E-04
 -0.2228688E+00  0.9496146E-03
 -0.2230989E+00  0.9505589E-03
 -0.2233457E+00  0.9515318E-03
 -0.2234290E+00  0.9518514E-03
 -0.2234921E+00  0.9521219E-03
 -0.2235191E+00  0.9522309E-03
 -0.2235250E+00  0.9522130E-03
 -0.2235067E+00  0.9520910E-03
 -0.2234886E+00  0.9519968E-03
 -0.2235349E+00  0.9521788E-03
 -0.2235931E+00  0.9524164E-03
 -0.2236183E+00  0.9525300E-03
 -0.2236618E+00  0.9527250E-03
 -0.2237287E+00  0.9530255E-03
 -0.2237464E+00  0.9531274E-03
 -0.2237270E+00  0.9530660E-03
 -0.2236512E+00  0.9527770E-03
 -0.2235797E+00  0.9525170E-03
 -0.2235359E+00  0.9523793E-03
 -0.2234180E+00  0.9519466E-03
 -0.2233236E+00  0.9515948E-03
 -0.2231906E+00  0.9510859E-03
 -0.2231304E+00  0.9508831E-03
 -0.2230860E+00  0.9507306E-03
 -0.2229638E+00  0.9502169E-03
 -0.2227506E+00  0.9492972E-03
 -0.2224453E+00  0.9479773E-03
 -0.2218594E+00  0.9455317E-03
 -0.2225317E+00  0.9482431E-03
  0.9117271E-01 -0.3303566E-03
  0.9368107E-01 -0.3424582E-03
  0.8909448E-01 -0.3252304E-03
  0.8175217E-01 -0.2964132E-03
  0.7364619E-01 -0.2641937E-03
  0.6571004E-01 -0.2324161E-03
  0.5838001E-01 -0.2029175E-03
  0.5183138E-01 -0.1764453E-03
  0.4608891E-01 -0.1531197E-03
  0.4108616E-01 -0.1326856E-03
  0.3682105E-01 -0.1151084E-03
  0.3325506E-01 -0.1001959E-03
  0.3024116E-01 -0.8732274E-04
  0.2773465E-01 -0.7625858E-04
  0.2574250E-01 -0.6690589E-04
  0.2432032E-01 -0.5929212E-04
  0.2432601E-01 -0.5930333E-04
  0.2435760E-01 -0.5941311E-04
  0.2444748E-01 -0.5974195E-04
  0.2443583E-01 -0.5969433E-04
  0.2440405E-01 -0.5958100E-04
  0.2423561E-01 -0.5896710E-04
  0.2419227E-01 -0.5881199E-04
  0.2420287E-01 -0.5886168E-04
  0.2423230E-01 -0.5898186E-04
  0.2424556E-01 -0.5904768E-04
  0.2424483E-01 -0.5906213E-04
  0.2423767E-01 -0.5904613E-04
  0.2422922E-01 -0.5903166E-04
  0.2422201E-01 -0.5902442E-04
  0.2421665E-01 -0.5902035E-04
  0.2421373E-01 -0.5901706E-04
  0.2421296E-01 -0.5902107E-04
  0.2421360E-01 -0.5903081E-04
  0.2421594E-01 -0.5903531E-04
  0.2421956E-01 -0.5904082E-04
  0.2422417E-01 -0.5905161E-04
  0.2422976E-01 -0.5906277E-04
  0.2423697E-01 -0.5907843E-04
  0.2424590E-01 -0.5909886E-04
  0.2425548E-01 -0.5911980E-04
  0.2426600E-01 -0.5914241E-04
  0.2427757E-01 -0.5916933E-04
  0.2568626E-01 -0.6673644E-04
  0.2765953E-01 -0.7601865E-04
  0.3015812E-01 -0.8705389E-04
  0.3319435E-01 -0.9999922E-04
  0.3680670E-01 -0.1150969E-03
  0.4105514E-01 -0.1326037E-03
  0.4601427E-01 -0.1528760E-03
  0.5174626E-01 -0.1761593E-03
  0.5828435E-01 -0.2025958E-03
  0.6559896E-01 -0.2320247E-03
  0.7351400E-01 -0.2637175E-03
  0.8159081E-01 -0.2958335E-03
  0.8887231E-01 -0.3243996E-03
  0.9341945E-01 -0.3414607E-03
  0.9085472E-01 -0.3291409E-03
  0.7130156E-01 -0.2472960E-03
  0.8245386E-02  0.1145165E-04
  0.8150201E-02  0.1181397E-04
  0.8055268E-02  0.1217694E-04
  0.8030077E-02  0.1226647E-04
  0.8023024E-02  0.1227828E-04
  0.8000050E-02  0.1234225E-04
  0.8019500E-02  0.1223539E-04
  0.8013339E-02  0.1224204E-04
  0.7997361E-02  0.1230150E-04
  0.7929962E-02  0.1257871E-04
  0.7901412E-02  0.1270524E-04
  0.7880474E-02  0.1281038E-04
  0.7829049E-02  0.1303883E-04
  0.7797933E-02  0.1318538E-04
  0.7837790E-02  0.1304206E-04
  0.7884188E-02  0.1287128E-04
  0.7951248E-02  0.1262443E-04
  0.8001244E-02  0.1245173E-04
  0.8086892E-02  0.1212885E-04
  0.8169295E-02  0.1181933E-04
  0.8258406E-02  0.1149046E-04
  0.8343020E-02  0.1118057E-04
  0.8393222E-02  0.1099957E-04
  0.8439083E-02  0.1082120E-04
  0.8608205E-02  0.1012322E-04
  0.8722058E-02  0.9637593E-05
  0.8880526E-02  0.8968377E-05
  0.8840702E-02  0.9104776E-05
  0.7175364E-01 -0.2490568E-03
  0.9370556E-01 -0.3425380E-03
  0.7366821E-01 -0.2642649E-03
  0.6573553E-01 -0.2325018E-03
  0.5840659E-01 -0.2030102E-03
  0.5185610E-01 -0.1765338E-03
  0.4605762E-01 -0.1529919E-03
  0.4099645E-01 -0.1323418E-03
  0.3680922E-01 -0.1150560E-03
  0.3323332E-01 -0.1001046E-03
  0.3033689E-01 -0.8767642E-04
  0.2785724E-01 -0.7670584E-04
  0.2581347E-01 -0.6716231E-04
  0.2592679E-01 -0.6757896E-04
  0.2584961E-01 -0.6729409E-04
  0.2604877E-01 -0.6802853E-04
  0.2581175E-01 -0.6715189E-04
  0.2557494E-01 -0.6627601E-04
  0.2548623E-01 -0.6595063E-04
  0.2548871E-01 -0.6597299E-04
  0.2557117E-01 -0.6629124E-04
  0.2561926E-01 -0.6648467E-04
  0.2563502E-01 -0.6655956E-04
  0.2563538E-01 -0.6657703E-04
  0.2562984E-01 -0.6656964E-04
  0.2562349E-01 -0.6655789E-04
  0.2561867E-01 -0.6654894E-04
  0.2561581E-01 -0.6655128E-04
  0.2561493E-01 -0.6655984E-04
  0.2561613E-01 -0.6656443E-04
  0.2561864E-01 -0.6657343E-04
  0.2562193E-01 -0.6658585E-04
  0.2562669E-01 -0.6659973E-04
  0.2563370E-01 -0.6661675E-04
  0.2564202E-01 -0.6663433E-04
  0.2565178E-01 -0.6665351E-04
  0.2566305E-01 -0.6667972E-04
  0.2567542E-01 -0.6671238E-04
  0.2764586E-01 -0.7598261E-04
  0.3317580E-01 -0.9994998E-04
  0.3014243E-01 -0.8700891E-04
  0.3678710E-01 -0.1150362E-03
  0.4103322E-01 -0.1325352E-03
  0.4598938E-01 -0.1528000E-03
  0.5171781E-01 -0.1760686E-03
  0.5825173E-01 -0.2024834E-03
  0.6555936E-01 -0.2318891E-03
  0.7346774E-01 -0.2635558E-03
  0.8153522E-01 -0.2956280E-03
  0.8879254E-01 -0.3241027E-03
  0.9333686E-01 -0.3411533E-03
  0.9077486E-01 -0.3288433E-03
  0.7121935E-01 -0.2469887E-03
  0.7115813E-01 -0.2467601E-03
  0.7114188E-01 -0.2467344E-03
  0.7115692E-01 -0.2467764E-03
  0.7111583E-01 -0.2466511E-03
  0.7112642E-01 -0.2467154E-03
  0.7110436E-01 -0.2466382E-03
  0.7109157E-01 -0.2465891E-03
  0.7105053E-01 -0.2464182E-03
  0.7102966E-01 -0.2463285E-03
  0.7103943E-01 -0.2463579E-03
  0.7102793E-01 -0.2462939E-03
  0.7098619E-01 -0.2461057E-03
  0.7098676E-01 -0.2460851E-03
  0.7102752E-01 -0.2462282E-03
  0.7109042E-01 -0.2464585E-03
  0.7116868E-01 -0.2467511E-03
  0.7121541E-01 -0.2469139E-03
  0.7132265E-01 -0.2473197E-03
  0.7138024E-01 -0.2475306E-03
  0.7144205E-01 -0.2477572E-03
  0.7149716E-01 -0.2479598E-03
  0.7154833E-01 -0.2481613E-03
  0.7163185E-01 -0.2485066E-03
  0.7171666E-01 -0.2488630E-03
  0.7174867E-01 -0.2490112E-03
  0.8913016E-01 -0.3253604E-03
  0.8177514E-01 -0.2964904E-03
  0.9123299E-01 -0.3305810E-03
  0.5843585E-01 -0.2031158E-03
  0.6576433E-01 -0.2326050E-03
  0.4602873E-01 -0.1528831E-03
  0.4105421E-01 -0.1325609E-03
  0.3674052E-01 -0.1148025E-03
  0.3314054E-01 -0.9975286E-04
  0.3030276E-01 -0.8754643E-04
  0.2800519E-01 -0.7725113E-04
  0.2781023E-01 -0.7653091E-04
  0.2734315E-01 -0.7479804E-04
  0.2770093E-01 -0.7612249E-04
  0.2770002E-01 -0.7611613E-04
  0.2780769E-01 -0.7651532E-04
  0.2756850E-01 -0.7564092E-04
  0.2753335E-01 -0.7552546E-04
  0.2757520E-01 -0.7569633E-04
  0.2759439E-01 -0.7578262E-04
  0.2759796E-01 -0.7581509E-04
  0.2759232E-01 -0.7581060E-04
  0.2758553E-01 -0.7579957E-04
  0.2758083E-01 -0.7579620E-04
  0.2757831E-01 -0.7579564E-04
  0.2757802E-01 -0.7579943E-04
  0.2757899E-01 -0.7580853E-04
  0.2758092E-01 -0.7581851E-04
  0.2758481E-01 -0.7582752E-04
  0.2759088E-01 -0.7584054E-04
  0.2759894E-01 -0.7586441E-04
  0.2760900E-01 -0.7589106E-04
  0.2762015E-01 -0.7591757E-04
  0.2763382E-01 -0.7595235E-04
  0.4101309E-01 -0.1324806E-03
  0.4596754E-01 -0.1527288E-03
  0.3315908E-01 -0.9990401E-04
  0.3676818E-01 -0.1149774E-03
  0.3012722E-01 -0.8696890E-04
  0.5169202E-01 -0.1759910E-03
  0.5822279E-01 -0.2023855E-03
  0.6552521E-01 -0.2317742E-03
  0.7342853E-01 -0.2634213E-03
  0.8149763E-01 -0.2955010E-03
  0.8875548E-01 -0.3239728E-03
  0.9338185E-01 -0.3413631E-03
  0.9075253E-01 -0.3287794E-03
  0.9075263E-01 -0.3288579E-03
  0.9076143E-01 -0.3289042E-03
  0.9073419E-01 -0.3287482E-03
  0.9074028E-01 -0.3287943E-03
  0.9074527E-01 -0.3287723E-03
  0.9073129E-01 -0.3287887E-03
  0.9069977E-01 -0.3286603E-03
  0.9068888E-01 -0.3286108E-03
  0.9066632E-01 -0.3285062E-03
  0.9067442E-01 -0.3285242E-03
  0.9065073E-01 -0.3284084E-03
  0.9066062E-01 -0.3284291E-03
  0.9069773E-01 -0.3285583E-03
  0.9074393E-01 -0.3287218E-03
  0.9081085E-01 -0.3289671E-03
  0.9089486E-01 -0.3292816E-03
  0.9095058E-01 -0.3294872E-03
  0.9098371E-01 -0.3295947E-03
  0.9103000E-01 -0.3297600E-03
  0.9108384E-01 -0.3299587E-03
  0.9112960E-01 -0.3301323E-03
  0.9116605E-01 -0.3302836E-03
  0.9122259E-01 -0.3305234E-03
  0.8914609E-01 -0.3254170E-03
  0.8178294E-01 -0.2965103E-03
  0.5187344E-01 -0.1765958E-03
  0.9366085E-01 -0.3423383E-03
  0.7368532E-01 -0.2643194E-03
  0.4622725E-01 -0.1536432E-03
  0.4111671E-01 -0.1328080E-03
  0.3007335E-01 -0.8668965E-04
  0.3025579E-01 -0.8736682E-04
  0.3015245E-01 -0.8699832E-04
  0.3049493E-01 -0.8825875E-04
  0.3018180E-01 -0.8708722E-04
  0.2982482E-01 -0.8576846E-04
  0.3002463E-01 -0.8650772E-04
  0.6549930E-01 -0.2316913E-03
  0.3013429E-01 -0.8697029E-04
  0.3009412E-01 -0.8683999E-04
  0.3008131E-01 -0.8680830E-04
  0.3007247E-01 -0.8678862E-04
  0.3006726E-01 -0.8678109E-04
  0.3006486E-01 -0.8678177E-04
  0.3006430E-01 -0.8678698E-04
  0.3006475E-01 -0.8679451E-04
  0.3006722E-01 -0.8680366E-04
  0.3007231E-01 -0.8682081E-04
  0.3008012E-01 -0.8684589E-04
  0.3008997E-01 -0.8687055E-04
  0.3010151E-01 -0.8689947E-04
  0.3011464E-01 -0.8693557E-04
  0.5167093E-01 -0.1759240E-03
  0.5819953E-01 -0.2023164E-03
  0.4594813E-01 -0.1526715E-03
  0.4099363E-01 -0.1324212E-03
  0.3314357E-01 -0.9986015E-04
  0.3675042E-01 -0.1149284E-03
  0.9332560E-01 -0.3412230E-03
  0.7340782E-01 -0.2633581E-03
  0.8147185E-01 -0.2954208E-03
  0.8874285E-01 -0.3239461E-03
  0.9333951E-01 -0.3412144E-03
  0.9327692E-01 -0.3410232E-03
  0.9333652E-01 -0.3412708E-03
  0.9333785E-01 -0.3412648E-03
  0.9331280E-01 -0.3411543E-03
  0.9334660E-01 -0.3412610E-03
  0.9332688E-01 -0.3411951E-03
  0.9331180E-01 -0.3411560E-03
  0.9329091E-01 -0.3410530E-03
  0.9327780E-01 -0.3409824E-03
  0.9328900E-01 -0.3410061E-03
  0.9329706E-01 -0.3410178E-03
  0.9337754E-01 -0.3413235E-03
  0.9340111E-01 -0.3413919E-03
  0.9346648E-01 -0.3416314E-03
  0.9354302E-01 -0.3419168E-03
  0.9363139E-01 -0.3422543E-03
  0.9363741E-01 -0.3422638E-03
  0.9366415E-01 -0.3423560E-03
  0.9370211E-01 -0.3425016E-03
  0.9372623E-01 -0.3425937E-03
  0.7368886E-01 -0.2643267E-03
  0.5196313E-01 -0.1769407E-03
  0.8176947E-01 -0.2964529E-03
  0.3015570E-01 -0.8703169E-04
  0.8908328E-01 -0.3251554E-03
  0.6580790E-01 -0.2327644E-03
  0.3291697E-01 -0.9892607E-04
  0.3677141E-01 -0.1149301E-03
  0.5850119E-01 -0.2033629E-03
  0.4636469E-01 -0.1541652E-03
  0.4117084E-01 -0.1330152E-03
  0.3292482E-01 -0.9894760E-04
  0.3340853E-01 -0.1007511E-03
  0.3344576E-01 -0.1009085E-03
  0.3313966E-01 -0.9976433E-04
  0.3343275E-01 -0.1008368E-03
  0.3321202E-01 -0.1000143E-03
  0.8145668E-01 -0.2953793E-03
  0.3319401E-01 -0.1000095E-03
  0.4593072E-01 -0.1526205E-03
  0.3311339E-01 -0.9973822E-04
  0.3313904E-01 -0.9981862E-04
  0.3308989E-01 -0.9968221E-04
  0.3308712E-01 -0.9968113E-04
  0.3308598E-01 -0.9968130E-04
  0.3308649E-01 -0.9968893E-04
  0.3309102E-01 -0.9970649E-04
  0.3309792E-01 -0.9972751E-04
  0.3310715E-01 -0.9975702E-04
  0.3311738E-01 -0.9978846E-04
  0.3312995E-01 -0.9982392E-04
  0.3673460E-01 -0.1148813E-03
  0.8863837E-01 -0.3235863E-03
  0.5818348E-01 -0.2022716E-03
  0.5164981E-01 -0.1758567E-03
  0.4097628E-01 -0.1323702E-03
  0.8865494E-01 -0.3236336E-03
  0.8873918E-01 -0.3239541E-03
  0.8867520E-01 -0.3237363E-03
  0.7339567E-01 -0.2633303E-03
  0.8872613E-01 -0.3239207E-03
  0.8865552E-01 -0.3236172E-03
  0.8864900E-01 -0.3236377E-03
  0.8866185E-01 -0.3236895E-03
  0.8869196E-01 -0.3237968E-03
  0.8865216E-01 -0.3236334E-03
  0.8865371E-01 -0.3235915E-03
  0.8867125E-01 -0.3236418E-03
  0.8870804E-01 -0.3237638E-03
  0.8877462E-01 -0.3240116E-03
  0.8883042E-01 -0.3242132E-03
  0.8888607E-01 -0.3244139E-03
  0.8891716E-01 -0.3245175E-03
  0.8894935E-01 -0.3246300E-03
  0.8898287E-01 -0.3247535E-03
  0.8903044E-01 -0.3249403E-03
  0.6578939E-01 -0.2326906E-03
  0.5200581E-01 -0.1771063E-03
  0.3327724E-01 -0.1002989E-03
  0.8175972E-01 -0.2964127E-03
  0.3671694E-01 -0.1147249E-03
  0.5851911E-01 -0.2034347E-03
  0.7369785E-01 -0.2643594E-03
  0.3309624E-01 -0.9968960E-04
  0.6547937E-01 -0.2316306E-03
  0.4134809E-01 -0.1336735E-03
  0.3694233E-01 -0.1155512E-03
  0.3686941E-01 -0.1152868E-03
  0.4591257E-01 -0.1525675E-03
  0.3669801E-01 -0.1147378E-03
  0.3678403E-01 -0.1150096E-03
  0.8144864E-01 -0.2953639E-03
  0.3668616E-01 -0.1147265E-03
  0.4096043E-01 -0.1323220E-03
  0.6547271E-01 -0.2316203E-03
  0.3674379E-01 -0.1148769E-03
  0.3668637E-01 -0.1147191E-03
  0.3669396E-01 -0.1147580E-03
  0.3670042E-01 -0.1147807E-03
  0.3671141E-01 -0.1148175E-03
  0.3672166E-01 -0.1148449E-03
  0.8141534E-01 -0.2951923E-03
  0.5816640E-01 -0.2022186E-03
  0.8142409E-01 -0.2952915E-03
  0.8140829E-01 -0.2952174E-03
  0.5163766E-01 -0.1758240E-03
  0.8147191E-01 -0.2953743E-03
  0.8140156E-01 -0.2951521E-03
  0.8140112E-01 -0.2951788E-03
  0.8143803E-01 -0.2952619E-03
  0.8143397E-01 -0.2953274E-03
  0.8141574E-01 -0.2952526E-03
  0.7338394E-01 -0.2632968E-03
  0.3668708E-01 -0.1147303E-03
  0.3668881E-01 -0.1147143E-03
  0.8150758E-01 -0.2954997E-03
  0.8154791E-01 -0.2956422E-03
  0.8158707E-01 -0.2957790E-03
  0.8163381E-01 -0.2959445E-03
  0.8168367E-01 -0.2961229E-03
  0.8172838E-01 -0.2962894E-03
  0.7367135E-01 -0.2642639E-03
  0.5190605E-01 -0.1767245E-03
  0.5844473E-01 -0.2031527E-03
  0.4618198E-01 -0.1534665E-03
  0.3671512E-01 -0.1147858E-03
  0.8139695E-01 -0.2951471E-03
  0.3680801E-01 -0.1150584E-03
  0.3685694E-01 -0.1152272E-03
  0.6575795E-01 -0.2325758E-03
  0.8144371E-01 -0.2953544E-03
  0.3686139E-01 -0.1152799E-03
  0.4093380E-01 -0.1322022E-03
  0.7346676E-01 -0.2635143E-03
  0.7342944E-01 -0.2633867E-03
  0.7349504E-01 -0.2636113E-03
  0.4092197E-01 -0.1321934E-03
  0.7336009E-01 -0.2631636E-03
  0.6546092E-01 -0.2315903E-03
  0.4097092E-01 -0.1323159E-03
  0.4092316E-01 -0.1321884E-03
  0.4116440E-01 -0.1329672E-03
  0.4093046E-01 -0.1322334E-03
  0.4093953E-01 -0.1322645E-03
  0.7334498E-01 -0.2631640E-03
  0.5815481E-01 -0.2021814E-03
  0.7339971E-01 -0.2632914E-03
  0.7334237E-01 -0.2631443E-03
  0.7335504E-01 -0.2632042E-03
  0.7337572E-01 -0.2632084E-03
  0.5162879E-01 -0.1758034E-03
  0.7334005E-01 -0.2631211E-03
  0.7336228E-01 -0.2632310E-03
  0.4108701E-01 -0.1326731E-03
  0.4094792E-01 -0.1322840E-03
  0.7334635E-01 -0.2631282E-03
  0.7335013E-01 -0.2631883E-03
  0.7336526E-01 -0.2632348E-03
  0.7354943E-01 -0.2638097E-03
  0.7362755E-01 -0.2641036E-03
  0.4094639E-01 -0.1322392E-03
  0.5839188E-01 -0.2029540E-03
  0.4607466E-01 -0.1530597E-03
  0.5174434E-01 -0.1761051E-03
  0.4098447E-01 -0.1323107E-03
  0.4589616E-01 -0.1525166E-03
  0.4099407E-01 -0.1323617E-03
  0.4098419E-01 -0.1323434E-03
  0.4092515E-01 -0.1322111E-03
  0.6569109E-01 -0.2323249E-03
  0.4112177E-01 -0.1328153E-03
  0.4092620E-01 -0.1321882E-03
  0.6564271E-01 -0.2321497E-03
  0.6543819E-01 -0.2314962E-03
  0.4593014E-01 -0.1525189E-03
  0.4587305E-01 -0.1524298E-03
  0.5814630E-01 -0.2021580E-03
  0.4587730E-01 -0.1524496E-03
  0.4591683E-01 -0.1525147E-03
  0.4590455E-01 -0.1524507E-03
  0.4588450E-01 -0.1524766E-03
  0.4589005E-01 -0.1524963E-03
  0.6543797E-01 -0.2315040E-03
  0.6552225E-01 -0.2317114E-03
  0.6543855E-01 -0.2314868E-03
  0.6548392E-01 -0.2315951E-03
  0.4590126E-01 -0.1524882E-03
  0.6544858E-01 -0.2315541E-03
  0.6547127E-01 -0.2315649E-03
  0.6544096E-01 -0.2315233E-03
  0.6545372E-01 -0.2315703E-03
  0.4588024E-01 -0.1524416E-03
  0.4598773E-01 -0.1527333E-03
  0.6544212E-01 -0.2314860E-03
  0.4598085E-01 -0.1527202E-03
  0.6550325E-01 -0.2316527E-03
  0.4587410E-01 -0.1524269E-03
  0.4588552E-01 -0.1524486E-03
  0.5161463E-01 -0.1757586E-03
  0.6545337E-01 -0.2315127E-03
  0.5177217E-01 -0.1762128E-03
  0.4590050E-01 -0.1524665E-03
  0.6558114E-01 -0.2319254E-03
  0.5824706E-01 -0.2024052E-03
  0.5813079E-01 -0.2020897E-03
  0.5818282E-01 -0.2021978E-03
  0.5825591E-01 -0.2024484E-03
  0.5160384E-01 -0.1756897E-03
  0.5160413E-01 -0.1757183E-03
  0.5162518E-01 -0.1757103E-03
  0.3702635E-01 -0.1158611E-03
  0.5821370E-01 -0.2023005E-03
  0.5813362E-01 -0.2020877E-03
  0.5816793E-01 -0.2021556E-03
  0.5160637E-01 -0.1757291E-03
  0.5173116E-01 -0.1760681E-03
  0.5163303E-01 -0.1757587E-03
  0.5815886E-01 -0.2021390E-03
  0.5813976E-01 -0.2021363E-03
  0.5159970E-01 -0.1756946E-03
  0.5813840E-01 -0.2020912E-03
  0.5161691E-01 -0.1757112E-03
  0.5813040E-01 -0.2020973E-03
  0.5813450E-01 -0.2021164E-03
  0.5814598E-01 -0.2021069E-03
  0.5161534E-01 -0.1757209E-03
  0.5159909E-01 -0.1756829E-03
  0.5164269E-01 -0.1757450E-03
  0.5164091E-01 -0.1757528E-03
  0.1411815E+01 -0.5615267E-02
  0.1511503E+01 -0.6027583E-02
  0.1347587E+01 -0.5351323E-02
  0.1412138E+01 -0.5616578E-02
  0.1441798E+01 -0.5734038E-02
  0.1445511E+01 -0.5748851E-02
  0.1445904E+01 -0.5750434E-02
  0.1446074E+01 -0.5751129E-02
  0.1446143E+01 -0.5751404E-02
  0.1446181E+01 -0.5751560E-02
  0.1446198E+01 -0.5751620E-02
  0.1446210E+01 -0.5751666E-02
  0.1446205E+01 -0.5751643E-02
  0.1446201E+01 -0.5751630E-02
  0.1446228E+01 -0.5751740E-02
  0.1446244E+01 -0.5751802E-02
  0.1446249E+01 -0.5751831E-02
  0.1446275E+01 -0.5751937E-02
  0.1446291E+01 -0.5752008E-02
  0.1446288E+01 -0.5752005E-02
  0.1446219E+01 -0.5751749E-02
  0.1446028E+01 -0.5751002E-02
  0.1442653E+01 -0.5737657E-02
  0.1413095E+01 -0.5620564E-02
  0.1412679E+01 -0.5618904E-02
  0.1411918E+01 -0.5615838E-02
  0.1511386E+01 -0.6027118E-02
  0.1411882E+01 -0.5615701E-02
  0.1412721E+01 -0.5619091E-02
  0.1412044E+01 -0.5616362E-02
  0.1510658E+01 -0.6024193E-02
  0.1412233E+01 -0.5617131E-02
  0.1412258E+01 -0.5617242E-02
  0.1412427E+01 -0.5617924E-02
  0.1510517E+01 -0.6023644E-02
  0.1412510E+01 -0.5618269E-02
  0.1412092E+01 -0.5616583E-02
  0.1412479E+01 -0.5618151E-02
  0.1510475E+01 -0.6023501E-02
  0.1412469E+01 -0.5618112E-02
  0.1412175E+01 -0.5616947E-02
  0.1412457E+01 -0.5618083E-02
  0.1510349E+01 -0.6023008E-02
  0.1412385E+01 -0.5617809E-02
  0.1412139E+01 -0.5616818E-02
  0.1412290E+01 -0.5617443E-02
  0.1510178E+01 -0.6022334E-02
  0.1412203E+01 -0.5617081E-02
  0.1411974E+01 -0.5616155E-02
  0.1412144E+01 -0.5616862E-02
  0.1510176E+01 -0.6022334E-02
  0.1412064E+01 -0.5616542E-02
  0.1411959E+01 -0.5616121E-02
  0.1411976E+01 -0.5616182E-02
  0.1510278E+01 -0.6022749E-02
  0.1411913E+01 -0.5615915E-02
  0.1412026E+01 -0.5616394E-02
  0.1412008E+01 -0.5616290E-02
  0.1510401E+01 -0.6023236E-02
  0.1412120E+01 -0.5616727E-02
  0.1412115E+01 -0.5616753E-02
  0.1412127E+01 -0.5616734E-02
  0.1510528E+01 -0.6023752E-02
  0.1412099E+01 -0.5616600E-02
  0.1412193E+01 -0.5617073E-02
  0.1412420E+01 -0.5617877E-02
  0.1510672E+01 -0.6024329E-02
  0.1412781E+01 -0.5619335E-02
  0.1412253E+01 -0.5617299E-02
  0.1412477E+01 -0.5618055E-02
  0.1412251E+01 -0.5617095E-02
  0.1506553E+01 -0.6007900E-02
  0.1510828E+01 -0.6024947E-02
  0.1353437E+01 -0.5374751E-02
  0.1412347E+01 -0.5617673E-02
  0.1353435E+01 -0.5374750E-02
  0.1510972E+01 -0.6025519E-02
  0.1353575E+01 -0.5375322E-02
  0.1412428E+01 -0.5617992E-02
  0.1353759E+01 -0.5376070E-02
  0.1511056E+01 -0.6025830E-02
  0.1353893E+01 -0.5376627E-02
  0.1412506E+01 -0.5618289E-02
  0.1353916E+01 -0.5376724E-02
  0.1511060E+01 -0.6025837E-02
  0.1353875E+01 -0.5376569E-02
  0.1412514E+01 -0.5618306E-02
  0.1353884E+01 -0.5376616E-02
  0.1511066E+01 -0.6025860E-02
  0.1353853E+01 -0.5376504E-02
  0.1412505E+01 -0.5618262E-02
  0.1353794E+01 -0.5376282E-02
  0.1511005E+01 -0.6025609E-02
  0.1353733E+01 -0.5376046E-02
  0.1412513E+01 -0.5618288E-02
  0.1353709E+01 -0.5375954E-02
  0.1510830E+01 -0.6024888E-02
  0.1353675E+01 -0.5375823E-02
  0.1412421E+01 -0.5617910E-02
  0.1353601E+01 -0.5375525E-02
  0.1510528E+01 -0.6023656E-02
  0.1353543E+01 -0.5375282E-02
  0.1412195E+01 -0.5616975E-02
  0.1353512E+01 -0.5375140E-02
  0.1510273E+01 -0.6022615E-02
  0.1353607E+01 -0.5375513E-02
  0.1411997E+01 -0.5616171E-02
  0.1353659E+01 -0.5375715E-02
  0.1510232E+01 -0.6022450E-02
  0.1353589E+01 -0.5375412E-02
  0.1411924E+01 -0.5615872E-02
  0.1353533E+01 -0.5375152E-02
  0.1510449E+01 -0.6023347E-02
  0.1353834E+01 -0.5376359E-02
  0.1412051E+01 -0.5616387E-02
  0.1354025E+01 -0.5377133E-02
  0.1411415E+01 -0.5613687E-02
  0.1353839E+01 -0.5376371E-02
  0.1411474E+01 -0.5613897E-02
  0.0000000E+00  0.0000000E+00
  0.0000000E+00  0.0000000E+00
  0.0000000E+00  0.0000000E+00
  0.0000000E+00  0.0000000E+00
  0.0000000E+00  0.0000000E+00
  0.0000000E+00  0.0000000E+00
  0.0000000E+00  0.0000000E+00
  0.0000000E+00  0.0000000E+00
  0.0000000E+00  0.0000000E+00
  0.0000000E+00  0.0000000E+00
  0.0000000E+00  0.0000000E+00
  0.0000000E+00  0.0000000E+00
  0.0000000E+00  0.0000000E+00
  0.0000000E+00  0.0000000E+00
  0.0000000E+00  0.0000000E+00
  0.0000000E+00  0.0000000E+00
  0.0000000E+00  0.0000000E+00
  0.0000000E+00  0.0000000E+00
  0.0000000E+00  0.0000000E+00
  0.0000000E+00  0.0000000E+00
  0.0000000E+00  0.0000000E+00
  0.0000000E+00  0.0000000E+00
  0.0000000E+00  0.0000000E+00
  0.0000000E+00  0.0000000E+00
  0.0000000E+00  0.0000000E+00
  0.0000000E+00  0.0000000E+00
  0.0000000E+00  0.0000000E+00
  0.0000000E+00  0.0000000E+00
  0.0000000E+00  0.0000000E+00
  0.0000000E+00  0.0000000E+00
  0.0000000E+00  0.0000000E+00
  0.0000000E+00  0.0000000E+00
  0.0000000E+00  0.0000000E+00
  0.0000000E+00  0.0000000E+00
  0.0000000E+00  0.0000000E+00
  0.0000000E+00  0.0000000E+00
  0.0000000E+00  0.0000000E+00
  0.0000000E+00  0.0000000E+00
  0.0000000E+00  0.0000000E+00
  0.0000000E+00  0.0000000E+00
  0.0000000E+00  0.0000000E+00
  0.0000000E+00  0.0000000E+00
  0.0000000E+00  0.0000000E+00
  0.0000000E+00  0.0000000E+00
  0.0000000E+00  0.0000000E+00
  0.0000000E+00  0.0000000E+00
  0.0000000E+00  0.0000000E+00
  0.0000000E+00  0.0000000E+00
  0.0000000E+00  0.0000000E+00
  0.0000000E+00  0.0000000E+00
  0.0000000E+00  0.0000000E+00
  0.0000000E+00  0.0000000E+00
  0.0000000E+00  0.0000000E+00
  0.0000000E+00  0.0000000E+00
  0.0000000E+00  0.0000000E+00
  0.0000000E+00  0.0000000E+00
  0.0000000E+00  0.0000000E+00
  0.0000000E+00  0.0000000E+00
  0.0000000E+00  0.0000000E+00
  0.0000000E+00  0.0000000E+00
  0.0000000E+00  0.0000000E+00
  0.0000000E+00  0.0000000E+00
  0.0000000E+00  0.0000000E+00
  0.0000000E+00  0.0000000E+00
  0.0000000E+00  0.0000000E+00
  0.0000000E+00  0.0000000E+00
  0.0000000E+00  0.0000000E+00
  0.0000000E+00  0.0000000E+00
  0.0000000E+00  0.0000000E+00
  0.0000000E+00  0.0000000E+00
  0.0000000E+00  0.0000000E+00
  0.0000000E+00  0.0000000E+00
  0.0000000E+00  0.0000000E+00
  0.0000000E+00  0.0000000E+00
  0.0000000E+00  0.0000000E+00
  0.0000000E+00  0.0000000E+00
  0.0000000E+00  0.0000000E+00
  0.0000000E+00  0.0000000E+00
  0.0000000E+00  0.0000000E+00
  0.0000000E+00  0.0000000E+00
  0.0000000E+00  0.0000000E+00
  0.0000000E+00  0.0000000E+00
  0.0000000E+00  0.0000000E+00
  0.0000000E+00  0.0000000E+00
  0.0000000E+00  0.0000000E+00
  0.0000000E+00  0.0000000E+00
  0.0000000E+00  0.0000000E+00
  0.0000000E+00  0.0000000E+00
  0.0000000E+00  0.0000000E+00
  0.0000000E+00  0.0000000E+00
  0.0000000E+00  0.0000000E+00
  0.0000000E+00  0.0000000E+00
  0.0000000E+00  0.0000000E+00
  0.0000000E+00  0.0000000E+00
  0.0000000E+00  0.0000000E+00
  0.0000000E+00  0.0000000E+00
  0.0000000E+00  0.0000000E+00
  0.0000000E+00  0.0000000E+00
  0.0000000E+00  0.0000000E+00
  0.0000000E+00  0.0000000E+00
  0.0000000E+00  0.0000000E+00
  0.0000000E+00  0.0000000E+00
  0.0000000E+00  0.0000000E+00
  0.0000000E+00  0.0000000E+00
  0.0000000E+00  0.0000000E+00
  0.0000000E+00  0.0000000E+00
  0.0000000E+00  0.0000000E+00
  0.0000000E+00  0.0000000E+00
  0.0000000E+00  0.0000000E+00
  0.0000000E+00  0.0000000E+00
  0.0000000E+00  0.0000000E+00
  0.0000000E+00  0.0000000E+00
  0.0000000E+00  0.0000000E+00
  0.0000000E+00  0.0000000E+00
  0.0000000E+00  0.0000000E+00
  0.0000000E+00  0.0000000E+00
  0.0000000E+00  0.0000000E+00
  0.0000000E+00  0.0000000E+00
  0.0000000E+00  0.0000000E+00
  0.0000000E+00  0.0000000E+00
  0.0000000E+00  0.0000000E+00
  0.0000000E+00  0.0000000E+00
  0.0000000E+00  0.0000000E+00
  0.0000000E+00  0.0000000E+00
  0.0000000E+00  0.0000000E+00
  0.0000000E+00  0.0000000E+00
  0.0000000E+00  0.0000000E+00
  0.0000000E+00  0.0000000E+00
  0.0000000E+00  0.0000000E+00
  0.0000000E+00  0.0000000E+00
  0.0000000E+00  0.0000000E+00
  0.0000000E+00  0.0000000E+00
  0.0000000E+00  0.0000000E+00
  0.0000000E+00  0.0000000E+00
  0.0000000E+00  0.0000000E+00
  0.0000000E+00  0.0000000E+00
  0.0000000E+00  0.0000000E+00
  0.0000000E+00  0.0000000E+00
  0.0000000E+00  0.0000000E+00
  0.0000000E+00  0.0000000E+00
  0.0000000E+00  0.0000000E+00
  0.0000000E+00  0.0000000E+00
  0.0000000E+00  0.0000000E+00
  0.0000000E+00  0.0000000E+00
  0.0000000E+00  0.0000000E+00
  0.0000000E+00  0.0000000E+00
  0.0000000E+00  0.0000000E+00
  0.0000000E+00  0.0000000E+00
  0.0000000E+00  0.0000000E+00
  0.0000000E+00  0.0000000E+00
  0.0000000E+00  0.0000000E+00
  0.0000000E+00  0.0000000E+00
  0.0000000E+00  0.0000000E+00
  0.0000000E+00  0.0000000E+00
  0.0000000E+00  0.0000000E+00
  0.0000000E+00  0.0000000E+00
  0.0000000E+00  0.0000000E+00
  0.0000000E+00  0.0000000E+00
  0.0000000E+00  0.0000000E+00
  0.0000000E+00  0.0000000E+00
  0.0000000E+00  0.0000000E+00
  0.0000000E+00  0.0000000E+00
  0.0000000E+00  0.0000000E+00
  0.0000000E+00  0.0000000E+00
  0.0000000E+00  0.0000000E+00
  0.0000000E+00  0.0000000E+00
  0.0000000E+00  0.0000000E+00
  0.0000000E+00  0.0000000E+00
  0.0000000E+00  0.0000000E+00
  0.0000000E+00  0.0000000E+00
  0.0000000E+00  0.0000000E+00
  0.0000000E+00  0.0000000E+00
  0.0000000E+00  0.0000000E+00
  0.0000000E+00  0.0000000E+00
  0.0000000E+00  0.0000000E+00
  0.0000000E+00  0.0000000E+00
  0.0000000E+00  0.0000000E+00
  0.0000000E+00  0.0000000E+00
  0.0000000E+00  0.0000000E+00
  0.0000000E+00  0.0000000E+00
  0.0000000E+00  0.0000000E+00
  0.0000000E+00  0.0000000E+00
  0.0000000E+00  0.0000000E+00
  0.0000000E+00  0.0000000E+00
  0.0000000E+00  0.0000000E+00
  0.0000000E+00  0.0000000E+00
  0.0000000E+00  0.0000000E+00
  0.0000000E+00  0.0000000E+00
  0.0000000E+00  0.0000000E+00
  0.0000000E+00  0.0000000E+00
  0.0000000E+00  0.0000000E+00
  0.0000000E+00  0.0000000E+00
  0.0000000E+00  0.0000000E+00
  0.0000000E+00  0.0000000E+00
  0.0000000E+00  0.0000000E+00
  0.0000000E+00  0.0000000E+00
  0.0000000E+00  0.0000000E+00
  0.0000000E+00  0.0000000E+00
  0.0000000E+00  0.0000000E+00
  0.0000000E+00  0.0000000E+00
  0.0000000E+00  0.0000000E+00
  0.0000000E+00  0.0000000E+00
  0.0000000E+00  0.0000000E+00
  0.0000000E+00  0.0000000E+00
  0.0000000E+00  0.0000000E+00
  0.0000000E+00  0.0000000E+00
  0.0000000E+00  0.0000000E+00
  0.0000000E+00  0.0000000E+00
  0.0000000E+00  0.0000000E+00
  0.0000000E+00  0.0000000E+00
  0.0000000E+00  0.0000000E+00
  0.0000000E+00  0.0000000E+00
  0.0000000E+00  0.0000000E+00
  0.0000000E+00  0.0000000E+00
  0.0000000E+00  0.0000000E+00
  0.0000000E+00  0.0000000E+00
  0.0000000E+00  0.0000000E+00
  0.0000000E+00  0.0000000E+00
  0.0000000E+00  0.0000000E+00
  0.0000000E+00  0.0000000E+00
  0.0000000E+00  0.0000000E+00
  0.0000000E+00  0.0000000E+00
  0.0000000E+00  0.0000000E+00
  0.0000000E+00  0.0000000E+00
  0.0000000E+00  0.0000000E+00
  0.0000000E+00  0.0000000E+00
  0.0000000E+00  0.0000000E+00
  0.0000000E+00  0.0000000E+00
  0.0000000E+00  0.0000000E+00
  0.0000000E+00  0.0000000E+00
  0.0000000E+00  0.0000000E+00
  0.0000000E+00  0.0000000E+00
  0.0000000E+00  0.0000000E+00
  0.0000000E+00  0.0000000E+00
  0.0000000E+00  0.0000000E+00
  0.0000000E+00  0.0000000E+00
  0.0000000E+00  0.0000000E+00
  0.0000000E+00  0.0000000E+00
  0.0000000E+00  0.0000000E+00
  0.0000000E+00  0.0000000E+00
  0.0000000E+00  0.0000000E+00
  0.0000000E+00  0.0000000E+00
  0.0000000E+00  0.0000000E+00
  0.0000000E+00  0.0000000E+00
  0.0000000E+00  0.0000000E+00
  0.0000000E+00  0.0000000E+00
  0.0000000E+00  0.0000000E+00
  0.0000000E+00  0.0000000E+00
  0.0000000E+00  0.0000000E+00
  0.0000000E+00  0.0000000E+00
  0.0000000E+00  0.0000000E+00
  0.0000000E+00  0.0000000E+00
  0.0000000E+00  0.0000000E+00
  0.0000000E+00  0.0000000E+00
  0.0000000E+00  0.0000000E+00
  0.0000000E+00  0.0000000E+00
  0.0000000E+00  0.0000000E+00
  0.0000000E+00  0.0000000E+00
  0.0000000E+00  0.0000000E+00
  0.0000000E+00  0.0000000E+00
  0.0000000E+00  0.0000000E+00
  0.0000000E+00  0.0000000E+00
  0.0000000E+00  0.0000000E+00
  0.0000000E+00  0.0000000E+00
  0.0000000E+00  0.0000000E+00
  0.0000000E+00  0.0000000E+00
  0.0000000E+00  0.0000000E+00
  0.0000000E+00  0.0000000E+00
  0.0000000E+00  0.0000000E+00
  0.0000000E+00  0.0000000E+00
  0.0000000E+00  0.0000000E+00
  0.0000000E+00  0.0000000E+00
  0.0000000E+00  0.0000000E+00
  0.0000000E+00  0.0000000E+00
  0.0000000E+00  0.0000000E+00
  0.0000000E+00  0.0000000E+00
  0.0000000E+00  0.0000000E+00
  0.0000000E+00  0.0000000E+00
  0.0000000E+00  0.0000000E+00
  0.0000000E+00  0.0000000E+00
  0.0000000E+00  0.0000000E+00
  0.0000000E+00  0.0000000E+00
  0.0000000E+00  0.0000000E+00
  0.0000000E+00  0.0000000E+00
  0.0000000E+00  0.0000000E+00
  0.0000000E+00  0.0000000E+00
  0.0000000E+00  0.0000000E+00
  0.0000000E+00  0.0000000E+00
  0.0000000E+00  0.0000000E+00
  0.0000000E+00  0.0000000E+00
  0.0000000E+00  0.0000000E+00
  0.0000000E+00  0.0000000E+00
  0.0000000E+00  0.0000000E+00
  0.0000000E+00  0.0000000E+00
  0.0000000E+00  0.0000000E+00
  0.0000000E+00  0.0000000E+00
  0.0000000E+00  0.0000000E+00
  0.0000000E+00  0.0000000E+00
  0.0000000E+00  0.0000000E+00
  0.0000000E+00  0.0000000E+00
  0.0000000E+00  0.0000000E+00
  0.0000000E+00  0.0000000E+00
  0.0000000E+00  0.0000000E+00
  0.0000000E+00  0.0000000E+00
  0.0000000E+00  0.0000000E+00
  0.0000000E+00  0.0000000E+00
  0.0000000E+00  0.0000000E+00
  0.0000000E+00  0.0000000E+00
  0.0000000E+00  0.0000000E+00
  0.0000000E+00  0.0000000E+00
  0.0000000E+00  0.0000000E+00
  0.0000000E+00  0.0000000E+00
  0.0000000E+00  0.0000000E+00
  0.0000000E+00  0.0000000E+00
  0.0000000E+00  0.0000000E+00
  0.0000000E+00  0.0000000E+00
  0.0000000E+00  0.0000000E+00
  0.0000000E+00  0.0000000E+00
  0.0000000E+00  0.0000000E+00
  0.0000000E+00  0.0000000E+00
  0.0000000E+00  0.0000000E+00
  0.0000000E+00  0.0000000E+00
  0.0000000E+00  0.0000000E+00
  0.0000000E+00  0.0000000E+00
  0.0000000E+00  0.0000000E+00
  0.0000000E+00  0.0000000E+00
  0.0000000E+00  0.0000000E+00
  0.0000000E+00  0.0000000E+00
  0.0000000E+00  0.0000000E+00
  0.0000000E+00  0.0000000E+00
  0.0000000E+00  0.0000000E+00
  0.0000000E+00  0.0000000E+00
  0.0000000E+00  0.0000000E+00
  0.0000000E+00  0.0000000E+00
  0.0000000E+00  0.0000000E+00
  0.0000000E+00  0.0000000E+00
  0.0000000E+00  0.0000000E+00
  0.0000000E+00  0.0000000E+00
  0.0000000E+00  0.0000000E+00
  0.0000000E+00  0.0000000E+00
  0.0000000E+00  0.0000000E+00
  0.0000000E+00  0.0000000E+00
  0.0000000E+00  0.0000000E+00
  0.0000000E+00  0.0000000E+00
  0.0000000E+00  0.0000000E+00
  0.0000000E+00  0.0000000E+00
  0.0000000E+00  0.0000000E+00
  0.0000000E+00  0.0000000E+00
  0.0000000E+00  0.0000000E+00
  0.0000000E+00  0.0000000E+00
  0.0000000E+00  0.0000000E+00
  0.0000000E+00  0.0000000E+00
  0.0000000E+00  0.0000000E+00
  0.0000000E+00  0.0000000E+00
  0.0000000E+00  0.0000000E+00
  0.0000000E+00  0.0000000E+00
  0.0000000E+00  0.0000000E+00
  0.0000000E+00  0.0000000E+00
  0.0000000E+00  0.0000000E+00
  0.0000000E+00  0.0000000E+00
  0.0000000E+00  0.0000000E+00
  0.0000000E+00  0.0000000E+00
  0.0000000E+00  0.0000000E+00
  0.0000000E+00  0.0000000E+00
  0.0000000E+00  0.0000000E+00
  0.0000000E+00  0.0000000E+00
  0.0000000E+00  0.0000000E+00
  0.0000000E+00  0.0000000E+00
  0.0000000E+00  0.0000000E+00
  0.0000000E+00  0.0000000E+00
  0.0000000E+00  0.0000000E+00
  0.0000000E+00  0.0000000E+00
  0.0000000E+00  0.0000000E+00
  0.0000000E+00  0.0000000E+00
  0.0000000E+00  0.0000000E+00
  0.0000000E+00  0.0000000E+00
  0.0000000E+00  0.0000000E+00
  0.0000000E+00  0.0000000E+00
  0.0000000E+00  0.0000000E+00
  0.0000000E+00  0.0000000E+00
  0.0000000E+00  0.0000000E+00
  0.0000000E+00  0.0000000E+00
  0.0000000E+00  0.0000000E+00
  0.0000000E+00  0.0000000E+00
  0.0000000E+00  0.0000000E+00
  0.0000000E+00  0.0000000E+00
  0.0000000E+00  0.0000000E+00
  0.0000000E+00  0.0000000E+00
  0.0000000E+00  0.0000000E+00
  0.0000000E+00  0.0000000E+00
  0.0000000E+00  0.0000000E+00
  0.0000000E+00  0.0000000E+00
  0.0000000E+00  0.0000000E+00
  0.0000000E+00  0.0000000E+00
  0.0000000E+00  0.0000000E+00
  0.0000000E+00  0.0000000E+00
  0.0000000E+00  0.0000000E+00
  0.0000000E+00  0.0000000E+00
  0.0000000E+00  0.0000000E+00
  0.0000000E+00  0.0000000E+00
  0.0000000E+00  0.0000000E+00
  0.0000000E+00  0.0000000E+00
  0.0000000E+00  0.0000000E+00
  0.0000000E+00  0.0000000E+00
  0.0000000E+00  0.0000000E+00
  0.0000000E+00  0.0000000E+00
  0.0000000E+00  0.0000000E+00
  0.0000000E+00  0.0000000E+00
  0.0000000E+00  0.0000000E+00
  0.0000000E+00  0.0000000E+00
  0.0000000E+00  0.0000000E+00
  0.0000000E+00  0.0000000E+00
  0.0000000E+00  0.0000000E+00
  0.0000000E+00  0.0000000E+00
  0.0000000E+00  0.0000000E+00
  0.0000000E+00  0.0000000E+00
  0.0000000E+00  0.0000000E+00
  0.0000000E+00  0.0000000E+00
  0.0000000E+00  0.0000000E+00
  0.0000000E+00  0.0000000E+00
  0.0000000E+00  0.0000000E+00
  0.0000000E+00  0.0000000E+00
  0.0000000E+00  0.0000000E+00
  0.0000000E+00  0.0000000E+00
  0.0000000E+00  0.0000000E+00
  0.0000000E+00  0.0000000E+00
  0.0000000E+00  0.0000000E+00
  0.0000000E+00  0.0000000E+00
  0.0000000E+00  0.0000000E+00
  0.0000000E+00  0.0000000E+00
  0.0000000E+00  0.0000000E+00
  0.0000000E+00  0.0000000E+00
  0.0000000E+00  0.0000000E+00
  0.0000000E+00  0.0000000E+00
  0.0000000E+00  0.0000000E+00
  0.0000000E+00  0.0000000E+00
  0.0000000E+00  0.0000000E+00
  0.0000000E+00  0.0000000E+00
  0.0000000E+00  0.0000000E+00
  0.0000000E+00  0.0000000E+00
  0.0000000E+00  0.0000000E+00
  0.0000000E+00  0.0000000E+00
  0.0000000E+00  0.0000000E+00
  0.0000000E+00  0.0000000E+00
  0.0000000E+00  0.0000000E+00
  0.0000000E+00  0.0000000E+00
  0.0000000E+00  0.0000000E+00
  0.0000000E+00  0.0000000E+00
  0.0000000E+00  0.0000000E+00
  0.0000000E+00  0.0000000E+00
  0.0000000E+00  0.0000000E+00
  0.0000000E+00  0.0000000E+00
  0.0000000E+00  0.0000000E+00
  0.0000000E+00  0.0000000E+00
  0.0000000E+00  0.0000000E+00
  0.0000000E+00  0.0000000E+00
  0.0000000E+00  0.0000000E+00
  0.0000000E+00  0.0000000E+00
  0.0000000E+00  0.0000000E+00
  0.0000000E+00  0.0000000E+00
  0.0000000E+00  0.0000000E+00
  0.0000000E+00  0.0000000E+00
  0.0000000E+00  0.0000000E+00
  0.0000000E+00  0.0000000E+00
  0.0000000E+00  0.0000000E+00
  0.0000000E+00  0.0000000E+00
  0.0000000E+00  0.0000000E+00
  0.0000000E+00  0.0000000E+00
  0.0000000E+00  0.0000000E+00
  0.0000000E+00  0.0000000E+00
  0.0000000E+00  0.0000000E+00
  0.0000000E+00  0.0000000E+00
  0.0000000E+00  0.0000000E+00
  0.0000000E+00  0.0000000E+00
  0.0000000E+00  0.0000000E+00
  0.0000000E+00  0.0000000E+00
  0.0000000E+00  0.0000000E+00
  0.0000000E+00  0.0000000E+00
  0.0000000E+00  0.0000000E+00
  0.0000000E+00  0.0000000E+00
  0.0000000E+00  0.0000000E+00
  0.0000000E+00  0.0000000E+00
  0.0000000E+00  0.0000000E+00
  0.0000000E+00  0.0000000E+00
  0.0000000E+00  0.0000000E+00
  0.0000000E+00  0.0000000E+00
  0.0000000E+00  0.0000000E+00
  0.0000000E+00  0.0000000E+00
  0.0000000E+00  0.0000000E+00
  0.0000000E+00  0.0000000E+00
  0.0000000E+00  0.0000000E+00
  0.0000000E+00  0.0000000E+00
  0.0000000E+00  0.0000000E+00
  0.0000000E+00  0.0000000E+00
  0.0000000E+00  0.0000000E+00
  0.0000000E+00  0.0000000E+00
  0.0000000E+00  0.0000000E+00
  0.0000000E+00  0.0000000E+00
  0.0000000E+00  0.0000000E+00
  0.0000000E+00  0.0000000E+00
  0.0000000E+00  0.0000000E+00
  0.0000000E+00  0.0000000E+00
  0.0000000E+00  0.0000000E+00
  0.0000000E+00  0.0000000E+00
  0.0000000E+00  0.0000000E+00
  0.0000000E+00  0.0000000E+00
  0.0000000E+00  0.0000000E+00
  0.0000000E+00  0.0000000E+00
  0.0000000E+00  0.0000000E+00
  0.0000000E+00  0.0000000E+00
  0.0000000E+00  0.0000000E+00
  0.0000000E+00  0.0000000E+00
  0.0000000E+00  0.0000000E+00
  0.0000000E+00  0.0000000E+00
  0.0000000E+00  0.0000000E+00
  0.0000000E+00  0.0000000E+00
  0.0000000E+00  0.0000000E+00
  0.0000000E+00  0.0000000E+00
  0.0000000E+00  0.0000000E+00
  0.0000000E+00  0.0000000E+00
  0.0000000E+00  0.0000000E+00
  0.0000000E+00  0.0000000E+00
  0.0000000E+00  0.0000000E+00
  0.0000000E+00  0.0000000E+00
  0.0000000E+00  0.0000000E+00
  0.0000000E+00  0.0000000E+00
  0.0000000E+00  0.0000000E+00
  0.0000000E+00  0.0000000E+00
  0.0000000E+00  0.0000000E+00
  0.0000000E+00  0.0000000E+00
  0.0000000E+00  0.0000000E+00
  0.0000000E+00  0.0000000E+00
  0.0000000E+00  0.0000000E+00
  0.0000000E+00  0.0000000E+00
  0.0000000E+00  0.0000000E+00
  0.0000000E+00  0.0000000E+00
  0.0000000E+00  0.0000000E+00
  0.0000000E+00  0.0000000E+00
  0.0000000E+00  0.0000000E+00
  0.0000000E+00  0.0000000E+00
  0.0000000E+00  0.0000000E+00
  0.0000000E+00  0.0000000E+00
  0.0000000E+00  0.0000000E+00
  0.0000000E+00  0.0000000E+00
  0.0000000E+00  0.0000000E+00
  0.0000000E+00  0.0000000E+00
  0.0000000E+00  0.0000000E+00
  0.0000000E+00  0.0000000E+00
  0.0000000E+00  0.0000000E+00
  0.0000000E+00  0.0000000E+00
  0.0000000E+00  0.0000000E+00
  0.0000000E+00  0.0000000E+00
  0.0000000E+00  0.0000000E+00
  0.0000000E+00  0.0000000E+00
  0.0000000E+00  0.0000000E+00
  0.0000000E+00  0.0000000E+00
  0.0000000E+00  0.0000000E+00
  0.0000000E+00  0.0000000E+00
  0.0000000E+00  0.0000000E+00
  0.0000000E+00  0.0000000E+00
  0.0000000E+00  0.0000000E+00
  0.0000000E+00  0.0000000E+00
  0.0000000E+00  0.0000000E+00
  0.0000000E+00  0.0000000E+00
  0.0000000E+00  0.0000000E+00
  0.0000000E+00  0.0000000E+00
  0.0000000E+00  0.0000000E+00
  0.0000000E+00  0.0000000E+00
  0.0000000E+00  0.0000000E+00
  0.0000000E+00  0.0000000E+00
  0.0000000E+00  0.0000000E+00
  0.0000000E+00  0.0000000E+00
  0.0000000E+00  0.0000000E+00
  0.0000000E+00  0.0000000E+00
  0.0000000E+00  0.0000000E+00
  0.0000000E+00  0.0000000E+00
  0.0000000E+00  0.0000000E+00
  0.0000000E+00  0.0000000E+00
  0.0000000E+00  0.0000000E+00
  0.0000000E+00  0.0000000E+00
  0.0000000E+00  0.0000000E+00
  0.0000000E+00  0.0000000E+00
  0.0000000E+00  0.0000000E+00
  0.0000000E+00  0.0000000E+00
  0.0000000E+00  0.0000000E+00
  0.0000000E+00  0.0000000E+00
  0.0000000E+00  0.0000000E+00
  0.0000000E+00  0.0000000E+00
  0.0000000E+00  0.0000000E+00
  0.0000000E+00  0.0000000E+00
  0.0000000E+00  0.0000000E+00
  0.0000000E+00  0.0000000E+00
  0.0000000E+00  0.0000000E+00
  0.0000000E+00  0.0000000E+00
  0.0000000E+00  0.0000000E+00
  0.0000000E+00  0.0000000E+00
  0.0000000E+00  0.0000000E+00
  0.0000000E+00  0.0000000E+00
  0.0000000E+00  0.0000000E+00
  0.0000000E+00  0.0000000E+00
  0.0000000E+00  0.0000000E+00
  0.0000000E+00  0.0000000E+00
  0.0000000E+00  0.0000000E+00
  0.0000000E+00  0.0000000E+00
  0.0000000E+00  0.0000000E+00
  0.0000000E+00  0.0000000E+00
  0.0000000E+00  0.0000000E+00
  0.0000000E+00  0.0000000E+00
  0.0000000E+00  0.0000000E+00
  0.0000000E+00  0.0000000E+00
  0.0000000E+00  0.0000000E+00
  0.0000000E+00  0.0000000E+00
  0.0000000E+00  0.0000000E+00
  0.0000000E+00  0.0000000E+00
  0.0000000E+00  0.0000000E+00
  0.0000000E+00  0.0000000E+00
  0.0000000E+00  0.0000000E+00
  0.0000000E+00  0.0000000E+00
  0.0000000E+00  0.0000000E+00
  0.0000000E+00  0.0000000E+00
  0.0000000E+00  0.0000000E+00
  0.0000000E+00  0.0000000E+00
  0.0000000E+00  0.0000000E+00
  0.0000000E+00  0.0000000E+00
  0.0000000E+00  0.0000000E+00
  0.0000000E+00  0.0000000E+00
  0.0000000E+00  0.0000000E+00
  0.0000000E+00  0.0000000E+00
  0.0000000E+00  0.0000000E+00
  0.0000000E+00  0.0000000E+00
  0.0000000E+00  0.0000000E+00
  0.0000000E+00  0.0000000E+00
  0.0000000E+00  0.0000000E+00
  0.0000000E+00  0.0000000E+00
  0.0000000E+00  0.0000000E+00
  0.0000000E+00  0.0000000E+00
  0.0000000E+00  0.0000000E+00
  0.0000000E+00  0.0000000E+00
  0.0000000E+00  0.0000000E+00
  0.0000000E+00  0.0000000E+00
  0.0000000E+00  0.0000000E+00
  0.0000000E+00  0.0000000E+00
  0.0000000E+00  0.0000000E+00
  0.0000000E+00  0.0000000E+00
  0.0000000E+00  0.0000000E+00
  0.0000000E+00  0.0000000E+00
  0.0000000E+00  0.0000000E+00
  0.0000000E+00  0.0000000E+00
  0.0000000E+00  0.0000000E+00
  0.0000000E+00  0.0000000E+00
  0.0000000E+00  0.0000000E+00
  0.0000000E+00  0.0000000E+00
  0.0000000E+00  0.0000000E+00
  0.0000000E+00  0.0000000E+00
  0.0000000E+00  0.0000000E+00
  0.0000000E+00  0.0000000E+00
  0.0000000E+00  0.0000000E+00
  0.0000000E+00  0.0000000E+00
  0.0000000E+00  0.0000000E+00
  0.0000000E+00  0.0000000E+00
  0.0000000E+00  0.0000000E+00
  0.0000000E+00  0.0000000E+00
  0.0000000E+00  0.0000000E+00
  0.0000000E+00  0.0000000E+00
  0.0000000E+00  0.0000000E+00
  0.0000000E+00  0.0000000E+00
  0.0000000E+00  0.0000000E+00
  0.0000000E+00  0.0000000E+00
  0.0000000E+00  0.0000000E+00
  0.0000000E+00  0.0000000E+00
  0.0000000E+00  0.0000000E+00
  0.0000000E+00  0.0000000E+00
  0.0000000E+00  0.0000000E+00
  0.0000000E+00  0.0000000E+00
  0.0000000E+00  0.0000000E+00
  0.0000000E+00  0.0000000E+00
  0.0000000E+00  0.0000000E+00
  0.0000000E+00  0.0000000E+00
  0.0000000E+00  0.0000000E+00
  0.0000000E+00  0.0000000E+00
  0.0000000E+00  0.0000000E+00
  0.0000000E+00  0.0000000E+00
  0.0000000E+00  0.0000000E+00
  0.0000000E+00  0.0000000E+00
  0.0000000E+00  0.0000000E+00
  0.0000000E+00  0.0000000E+00
  0.0000000E+00  0.0000000E+00
  0.0000000E+00  0.0000000E+00
  0.0000000E+00  0.0000000E+00
  0.0000000E+00  0.0000000E+00
  0.0000000E+00  0.0000000E+00
  0.0000000E+00  0.0000000E+00
  0.0000000E+00  0.0000000E+00
  0.0000000E+00  0.0000000E+00
  0.0000000E+00  0.0000000E+00
  0.0000000E+00  0.0000000E+00
  0.0000000E+00  0.0000000E+00
  0.0000000E+00  0.0000000E+00
  0.0000000E+00  0.0000000E+00
  0.0000000E+00  0.0000000E+00
  0.0000000E+00  0.0000000E+00
  0.0000000E+00  0.0000000E+00
  0.0000000E+00  0.0000000E+00
  0.0000000E+00  0.0000000E+00
  0.0000000E+00  0.0000000E+00
  0.0000000E+00  0.0000000E+00
  0.0000000E+00  0.0000000E+00
  0.0000000E+00  0.0000000E+00
  0.0000000E+00  0.0000000E+00
  0.0000000E+00  0.0000000E+00
  0.0000000E+00  0.0000000E+00
  0.0000000E+00  0.0000000E+00
  0.0000000E+00  0.0000000E+00
  0.0000000E+00  0.0000000E+00
  0.0000000E+00  0.0000000E+00
  0.0000000E+00  0.0000000E+00
  0.0000000E+00  0.0000000E+00
  0.0000000E+00  0.0000000E+00
  0.0000000E+00  0.0000000E+00
  0.0000000E+00  0.0000000E+00
  0.0000000E+00  0.0000000E+00
  0.0000000E+00  0.0000000E+00
  0.0000000E+00  0.0000000E+00
  0.0000000E+00  0.0000000E+00
  0.0000000E+00  0.0000000E+00
  0.0000000E+00  0.0000000E+00
  0.0000000E+00  0.0000000E+00
  0.0000000E+00  0.0000000E+00
  0.0000000E+00  0.0000000E+00
  0.0000000E+00  0.0000000E+00
  0.0000000E+00  0.0000000E+00
  0.0000000E+00  0.0000000E+00
  0.0000000E+00  0.0000000E+00
  0.0000000E+00  0.0000000E+00
  0.0000000E+00  0.0000000E+00
  0.0000000E+00  0.0000000E+00
  0.0000000E+00  0.0000000E+00
  0.0000000E+00  0.0000000E+00
  0.0000000E+00  0.0000000E+00
  0.0000000E+00  0.0000000E+00
  0.0000000E+00  0.0000000E+00
  0.0000000E+00  0.0000000E+00
  0.0000000E+00  0.0000000E+00
  0.0000000E+00  0.0000000E+00
  0.0000000E+00  0.0000000E+00
  0.0000000E+00  0.0000000E+00
  0.0000000E+00  0.0000000E+00
  0.0000000E+00  0.0000000E+00
  0.0000000E+00  0.0000000E+00
  0.0000000E+00  0.0000000E+00
  0.0000000E+00  0.0000000E+00
  0.0000000E+00  0.0000000E+00
  0.0000000E+00  0.0000000E+00
  0.0000000E+00  0.0000000E+00
  0.0000000E+00  0.0000000E+00
  0.0000000E+00  0.0000000E+00
  0.0000000E+00  0.0000000E+00
  0.0000000E+00  0.0000000E+00
  0.0000000E+00  0.0000000E+00
  0.0000000E+00  0.0000000E+00
  0.0000000E+00  0.0000000E+00
  0.0000000E+00  0.0000000E+00
  0.0000000E+00  0.0000000E+00
  0.0000000E+00  0.0000000E+00
  0.0000000E+00  0.0000000E+00
  0.0000000E+00  0.0000000E+00
  0.0000000E+00  0.0000000E+00
  0.0000000E+00  0.0000000E+00
  0.0000000E+00  0.0000000E+00
  0.0000000E+00  0.0000000E+00
  0.0000000E+00  0.0000000E+00
  0.0000000E+00  0.0000000E+00
  0.0000000E+00  0.0000000E+00
  0.0000000E+00  0.0000000E+00
  0.0000000E+00  0.0000000E+00
  0.0000000E+00  0.0000000E+00
  0.0000000E+00  0.0000000E+00
  0.0000000E+00  0.0000000E+00
  0.0000000E+00  0.0000000E+00
  0.0000000E+00  0.0000000E+00
  0.0000000E+00  0.0000000E+00
  0.0000000E+00  0.0000000E+00
  0.0000000E+00  0.0000000E+00
  0.0000000E+00  0.0000000E+00
  0.0000000E+00  0.0000000E+00
  0.0000000E+00  0.0000000E+00
  0.0000000E+00  0.0000000E+00
  0.0000000E+00  0.0000000E+00
  0.0000000E+00  0.0000000E+00
  0.0000000E+00  0.0000000E+00
  0.0000000E+00  0.0000000E+00
  0.0000000E+00  0.0000000E+00
  0.0000000E+00  0.0000000E+00
  0.0000000E+00  0.0000000E+00
  0.0000000E+00  0.0000000E+00
  0.0000000E+00  0.0000000E+00
  0.0000000E+00  0.0000000E+00
  0.0000000E+00  0.0000000E+00
  0.0000000E+00  0.0000000E+00
  0.0000000E+00  0.0000000E+00
  0.0000000E+00  0.0000000E+00
  0.0000000E+00  0.0000000E+00
  0.0000000E+00  0.0000000E+00
  0.0000000E+00  0.0000000E+00
  0.0000000E+00  0.0000000E+00
  0.0000000E+00  0.0000000E+00
  0.0000000E+00  0.0000000E+00
  0.0000000E+00  0.0000000E+00
  0.0000000E+00  0.0000000E+00
  0.0000000E+00  0.0000000E+00
  0.0000000E+00  0.0000000E+00
  0.0000000E+00  0.0000000E+00
  0.0000000E+00  0.0000000E+00
  0.0000000E+00  0.0000000E+00
  0.0000000E+00  0.0000000E+00
  0.0000000E+00  0.0000000E+00
  0.0000000E+00  0.0000000E+00
  0.0000000E+00  0.0000000E+00
  0.0000000E+00  0.0000000E+00
  0.0000000E+00  0.0000000E+00
  0.0000000E+00  0.0000000E+00
  0.0000000E+00  0.0000000E+00
  0.0000000E+00  0.0000000E+00
  0.0000000E+00  0.0000000E+00
  0.0000000E+00  0.0000000E+00
  0.0000000E+00  0.0000000E+00
  0.0000000E+00  0.0000000E+00
  0.0000000E+00  0.0000000E+00
  0.0000000E+00  0.0000000E+00
  0.0000000E+00  0.0000000E+00
  0.0000000E+00  0.0000000E+00
  0.0000000E+00  0.0000000E+00
  0.0000000E+00  0.0000000E+00
  0.0000000E+00  0.0000000E+00
  0.0000000E+00  0.0000000E+00
  0.0000000E+00  0.0000000E+00
  0.0000000E+00  0.0000000E+00
  0.0000000E+00  0.0000000E+00
  0.0000000E+00  0.0000000E+00
  0.0000000E+00  0.0000000E+00
  0.0000000E+00  0.0000000E+00
  0.0000000E+00  0.0000000E+00
  0.0000000E+00  0.0000000E+00
  0.0000000E+00  0.0000000E+00
  0.0000000E+00  0.0000000E+00
  0.0000000E+00  0.0000000E+00
  0.0000000E+00  0.0000000E+00
  0.0000000E+00  0.0000000E+00
  0.0000000E+00  0.0000000E+00
  0.0000000E+00  0.0000000E+00
  0.0000000E+00  0.0000000E+00
  0.0000000E+00  0.0000000E+00
  0.0000000E+00  0.0000000E+00
  0.0000000E+00  0.0000000E+00
  0.0000000E+00  0.0000000E+00
  0.0000000E+00  0.0000000E+00
  0.0000000E+00  0.0000000E+00
  0.0000000E+00  0.0000000E+00
  0.0000000E+00  0.0000000E+00
  0.0000000E+00  0.0000000E+00
  0.0000000E+00  0.0000000E+00
  0.0000000E+00  0.0000000E+00
  0.0000000E+00  0.0000000E+00
  0.0000000E+00  0.0000000E+00
  0.0000000E+00  0.0000000E+00
  0.0000000E+00  0.0000000E+00
  0.0000000E+00  0.0000000E+00
  0.0000000E+00  0.0000000E+00
  0.0000000E+00  0.0000000E+00
  0.0000000E+00  0.0000000E+00
  0.0000000E+00  0.0000000E+00
  0.0000000E+00  0.0000000E+00
  0.0000000E+00  0.0000000E+00
  0.0000000E+00  0.0000000E+00
  0.0000000E+00  0.0000000E+00
  0.0000000E+00  0.0000000E+00
  0.0000000E+00  0.0000000E+00
  0.0000000E+00  0.0000000E+00
  0.0000000E+00  0.0000000E+00
  0.0000000E+00  0.0000000E+00
  0.0000000E+00  0.0000000E+00
  0.0000000E+00  0.0000000E+00
  0.0000000E+00  0.0000000E+00
  0.0000000E+00  0.0000000E+00
  0.0000000E+00  0.0000000E+00
  0.0000000E+00  0.0000000E+00
  0.0000000E+00  0.0000000E+00
  0.0000000E+00  0.0000000E+00
  0.0000000E+00  0.0000000E+00
  0.0000000E+00  0.0000000E+00
  0.0000000E+00  0.0000000E+00
  0.0000000E+00  0.0000000E+00
  0.0000000E+00  0.0000000E+00
  0.0000000E+00  0.0000000E+00
  0.0000000E+00  0.0000000E+00
  0.0000000E+00  0.0000000E+00
  0.0000000E+00  0.0000000E+00
  0.0000000E+00  0.0000000E+00
  0.0000000E+00  0.0000000E+00
  0.0000000E+00  0.0000000E+00
  0.0000000E+00  0.0000000E+00
  0.0000000E+00  0.0000000E+00
  0.0000000E+00  0.0000000E+00
  0.0000000E+00  0.0000000E+00
  0.0000000E+00  0.0000000E+00
  0.0000000E+00  0.0000000E+00
  0.0000000E+00  0.0000000E+00
  0.0000000E+00  0.0000000E+00
  0.0000000E+00  0.0000000E+00
  0.0000000E+00  0.0000000E+00
  0.0000000E+00  0.0000000E+00
  0.0000000E+00  0.0000000E+00
  0.0000000E+00  0.0000000E+00
  0.0000000E+00  0.0000000E+00
  0.0000000E+00  0.0000000E+00
  0.0000000E+00  0.0000000E+00
  0.0000000E+00  0.0000000E+00
  0.0000000E+00  0.0000000E+00
  0.0000000E+00  0.0000000E+00
  0.0000000E+00  0.0000000E+00
  0.0000000E+00  0.0000000E+00
  0.0000000E+00  0.0000000E+00
  0.0000000E+00  0.0000000E+00
  0.0000000E+00  0.0000000E+00
  0.0000000E+00  0.0000000E+00
  0.0000000E+00  0.0000000E+00
  0.0000000E+00  0.0000000E+00
  0.0000000E+00  0.0000000E+00
  0.0000000E+00  0.0000000E+00
  0.0000000E+00  0.0000000E+00
  0.0000000E+00  0.0000000E+00
  0.0000000E+00  0.0000000E+00
  0.0000000E+00  0.0000000E+00
  0.0000000E+00  0.0000000E+00
  0.0000000E+00  0.0000000E+00
  0.0000000E+00  0.0000000E+00
  0.0000000E+00  0.0000000E+00
  0.0000000E+00  0.0000000E+00
  0.0000000E+00  0.0000000E+00
  0.0000000E+00  0.0000000E+00
  0.0000000E+00  0.0000000E+00
  0.0000000E+00  0.0000000E+00
  0.0000000E+00  0.0000000E+00
  0.0000000E+00  0.0000000E+00
  0.0000000E+00  0.0000000E+00
  0.0000000E+00  0.0000000E+00
  0.0000000E+00  0.0000000E+00
  0.0000000E+00  0.0000000E+00
  0.0000000E+00  0.0000000E+00
  0.0000000E+00  0.0000000E+00
  0.0000000E+00  0.0000000E+00
  0.0000000E+00  0.0000000E+00
  0.0000000E+00  0.0000000E+00
  0.0000000E+00  0.0000000E+00
  0.0000000E+00  0.0000000E+00
  0.0000000E+00  0.0000000E+00
  0.0000000E+00  0.0000000E+00
  0.0000000E+00  0.0000000E+00
  0.0000000E+00  0.0000000E+00
  0.0000000E+00  0.0000000E+00
  0.0000000E+00  0.0000000E+00
  0.0000000E+00  0.0000000E+00
  0.0000000E+00  0.0000000E+00
  0.0000000E+00  0.0000000E+00
  0.0000000E+00  0.0000000E+00
  0.0000000E+00  0.0000000E+00
  0.0000000E+00  0.0000000E+00
  0.0000000E+00  0.0000000E+00
  0.0000000E+00  0.0000000E+00
  0.0000000E+00  0.0000000E+00
  0.0000000E+00  0.0000000E+00
  0.0000000E+00  0.0000000E+00
  0.0000000E+00  0.0000000E+00
  0.0000000E+00  0.0000000E+00
  0.0000000E+00  0.0000000E+00
  0.0000000E+00  0.0000000E+00
  0.0000000E+00  0.0000000E+00
  0.0000000E+00  0.0000000E+00
  0.0000000E+00  0.0000000E+00
  0.0000000E+00  0.0000000E+00
  0.0000000E+00  0.0000000E+00
  0.0000000E+00  0.0000000E+00
  0.0000000E+00  0.0000000E+00
  0.0000000E+00  0.0000000E+00
  0.0000000E+00  0.0000000E+00
  0.0000000E+00  0.0000000E+00
  0.0000000E+00  0.0000000E+00
  0.0000000E+00  0.0000000E+00
  0.0000000E+00  0.0000000E+00
  0.0000000E+00  0.0000000E+00
  0.0000000E+00  0.0000000E+00
  0.0000000E+00  0.0000000E+00
  0.0000000E+00  0.0000000E+00
  0.0000000E+00  0.0000000E+00
  0.0000000E+00  0.0000000E+00
  0.0000000E+00  0.0000000E+00
  0.0000000E+00  0.0000000E+00
  0.0000000E+00  0.0000000E+00
  0.0000000E+00  0.0000000E+00
  0.0000000E+00  0.0000000E+00
  0.0000000E+00  0.0000000E+00
  0.0000000E+00  0.0000000E+00
  0.0000000E+00  0.0000000E+00
  0.0000000E+00  0.0000000E+00
  0.0000000E+00  0.0000000E+00
  0.0000000E+00  0.0000000E+00
  0.0000000E+00  0.0000000E+00
  0.0000000E+00  0.0000000E+00
  0.0000000E+00  0.0000000E+00
  0.0000000E+00  0.0000000E+00
  0.0000000E+00  0.0000000E+00
  0.0000000E+00  0.0000000E+00
  0.0000000E+00  0.0000000E+00
  0.0000000E+00  0.0000000E+00
  0.0000000E+00  0.0000000E+00
  0.0000000E+00  0.0000000E+00
  0.0000000E+00  0.0000000E+00
  0.0000000E+00  0.0000000E+00
  0.0000000E+00  0.0000000E+00
  0.0000000E+00  0.0000000E+00
  0.0000000E+00  0.0000000E+00
  0.0000000E+00  0.0000000E+00
  0.0000000E+00  0.0000000E+00
  0.0000000E+00  0.0000000E+00
  0.0000000E+00  0.0000000E+00
  0.0000000E+00  0.0000000E+00
  0.0000000E+00  0.0000000E+00
  0.0000000E+00  0.0000000E+00
  0.0000000E+00  0.0000000E+00
  0.0000000E+00  0.0000000E+00
  0.0000000E+00  0.0000000E+00
  0.0000000E+00  0.0000000E+00
  0.0000000E+00  0.0000000E+00
  0.0000000E+00  0.0000000E+00
  0.0000000E+00  0.0000000E+00
  0.0000000E+00  0.0000000E+00
  0.0000000E+00  0.0000000E+00
  0.0000000E+00  0.0000000E+00
  0.0000000E+00  0.0000000E+00
  0.0000000E+00  0.0000000E+00
  0.0000000E+00  0.0000000E+00
  0.0000000E+00  0.0000000E+00
  0.0000000E+00  0.0000000E+00
  0.0000000E+00  0.0000000E+00
  0.0000000E+00  0.0000000E+00
  0.0000000E+00  0.0000000E+00
  0.0000000E+00  0.0000000E+00
  0.0000000E+00  0.0000000E+00
  0.0000000E+00  0.0000000E+00
  0.0000000E+00  0.0000000E+00
  0.0000000E+00  0.0000000E+00
  0.0000000E+00  0.0000000E+00
  0.0000000E+00  0.0000000E+00
  0.0000000E+00  0.0000000E+00
  0.0000000E+00  0.0000000E+00
  0.0000000E+00  0.0000000E+00
  0.0000000E+00  0.0000000E+00
  0.0000000E+00  0.0000000E+00
  0.0000000E+00  0.0000000E+00
  0.0000000E+00  0.0000000E+00
  0.0000000E+00  0.0000000E+00
  0.0000000E+00  0.0000000E+00
  0.0000000E+00  0.0000000E+00
  0.0000000E+00  0.0000000E+00
  0.0000000E+00  0.0000000E+00
  0.0000000E+00  0.0000000E+00
  0.0000000E+00  0.0000000E+00
  0.0000000E+00  0.0000000E+00
  0.0000000E+00  0.0000000E+00
  0.0000000E+00  0.0000000E+00
  0.0000000E+00  0.0000000E+00
  0.0000000E+00  0.0000000E+00
  0.0000000E+00  0.0000000E+00
  0.0000000E+00  0.0000000E+00
  0.0000000E+00  0.0000000E+00
  0.0000000E+00  0.0000000E+00
  0.0000000E+00  0.0000000E+00
  0.0000000E+00  0.0000000E+00
  0.0000000E+00  0.0000000E+00
  0.0000000E+00  0.0000000E+00
  0.0000000E+00  0.0000000E+00
  0.0000000E+00  0.0000000E+00
  0.0000000E+00  0.0000000E+00
  0.0000000E+00  0.0000000E+00
  0.0000000E+00  0.0000000E+00
  0.0000000E+00  0.0000000E+00
  0.0000000E+00  0.0000000E+00
  0.0000000E+00  0.0000000E+00
  0.0000000E+00  0.0000000E+00
  0.0000000E+00  0.0000000E+00
  0.0000000E+00  0.0000000E+00
  0.0000000E+00  0.0000000E+00
  0.0000000E+00  0.0000000E+00
  0.0000000E+00  0.0000000E+00
  0.0000000E+00  0.0000000E+00
  0.0000000E+00  0.0000000E+00
  0.0000000E+00  0.0000000E+00
  0.0000000E+00  0.0000000E+00
  0.0000000E+00  0.0000000E+00
  0.0000000E+00  0.0000000E+00
  0.0000000E+00  0.0000000E+00
  0.0000000E+00  0.0000000E+00
  0.0000000E+00  0.0000000E+00
  0.0000000E+00  0.0000000E+00
  0.0000000E+00  0.0000000E+00
  0.0000000E+00  0.0000000E+00
  0.0000000E+00  0.0000000E+00
  0.0000000E+00  0.0000000E+00
  0.0000000E+00  0.0000000E+00
  0.0000000E+00  0.0000000E+00
  0.0000000E+00  0.0000000E+00
  0.0000000E+00  0.0000000E+00
  0.0000000E+00  0.0000000E+00
  0.0000000E+00  0.0000000E+00
  0.0000000E+00  0.0000000E+00
  0.0000000E+00  0.0000000E+00
  0.0000000E+00  0.0000000E+00
  0.0000000E+00  0.0000000E+00
  0.0000000E+00  0.0000000E+00
  0.0000000E+00  0.0000000E+00
  0.0000000E+00  0.0000000E+00
  0.0000000E+00  0.0000000E+00
  0.0000000E+00  0.0000000E+00
  0.0000000E+00  0.0000000E+00
  0.0000000E+00  0.0000000E+00
  0.0000000E+00  0.0000000E+00
  0.0000000E+00  0.0000000E+00
  0.0000000E+00  0.0000000E+00
  0.0000000E+00  0.0000000E+00
  0.0000000E+00  0.0000000E+00
  0.0000000E+00  0.0000000E+00
  0.0000000E+00  0.0000000E+00
  0.0000000E+00  0.0000000E+00
  0.0000000E+00  0.0000000E+00
  0.0000000E+00  0.0000000E+00
  0.0000000E+00  0.0000000E+00
  0.0000000E+00  0.0000000E+00
  0.0000000E+00  0.0000000E+00
  0.0000000E+00  0.0000000E+00
  0.0000000E+00  0.0000000E+00
  0.0000000E+00  0.0000000E+00
  0.0000000E+00  0.0000000E+00
  0.0000000E+00  0.0000000E+00
  0.0000000E+00  0.0000000E+00
  0.0000000E+00  0.0000000E+00
  0.0000000E+00  0.0000000E+00
  0.0000000E+00  0.0000000E+00
  0.0000000E+00  0.0000000E+00
  0.0000000E+00  0.0000000E+00
  0.0000000E+00  0.0000000E+00
  0.0000000E+00  0.0000000E+00
  0.0000000E+00  0.0000000E+00
  0.0000000E+00  0.0000000E+00
  0.0000000E+00  0.0000000E+00
  0.0000000E+00  0.0000000E+00
  0.0000000E+00  0.0000000E+00
  0.0000000E+00  0.0000000E+00
  0.0000000E+00  0.0000000E+00
  0.0000000E+00  0.0000000E+00
  0.0000000E+00  0.0000000E+00
  0.0000000E+00  0.0000000E+00
  0.0000000E+00  0.0000000E+00
  0.0000000E+00  0.0000000E+00
  0.0000000E+00  0.0000000E+00
  0.0000000E+00  0.0000000E+00
  0.0000000E+00  0.0000000E+00
  0.0000000E+00  0.0000000E+00
  0.0000000E+00  0.0000000E+00
  0.0000000E+00  0.0000000E+00
  0.0000000E+00  0.0000000E+00
  0.0000000E+00  0.0000000E+00
  0.0000000E+00  0.0000000E+00
  0.0000000E+00  0.0000000E+00
  0.0000000E+00  0.0000000E+00
  0.0000000E+00  0.0000000E+00
  0.0000000E+00  0.0000000E+00
  0.0000000E+00  0.0000000E+00
  0.0000000E+00  0.0000000E+00
  0.0000000E+00  0.0000000E+00
  0.0000000E+00  0.0000000E+00
  0.0000000E+00  0.0000000E+00
  0.0000000E+00  0.0000000E+00
  0.0000000E+00  0.0000000E+00
  0.0000000E+00  0.0000000E+00
  0.0000000E+00  0.0000000E+00
  0.0000000E+00  0.0000000E+00
  0.0000000E+00  0.0000000E+00
  0.0000000E+00  0.0000000E+00
  0.0000000E+00  0.0000000E+00
  0.0000000E+00  0.0000000E+00
  0.0000000E+00  0.0000000E+00
  0.0000000E+00  0.0000000E+00
  0.0000000E+00  0.0000000E+00
  0.0000000E+00  0.0000000E+00
  0.0000000E+00  0.0000000E+00
  0.0000000E+00  0.0000000E+00
  0.0000000E+00  0.0000000E+00
  0.0000000E+00  0.0000000E+00
  0.0000000E+00  0.0000000E+00
  0.0000000E+00  0.0000000E+00
  0.0000000E+00  0.0000000E+00
  0.0000000E+00  0.0000000E+00
  0.0000000E+00  0.0000000E+00
  0.0000000E+00  0.0000000E+00
  0.0000000E+00  0.0000000E+00
  0.0000000E+00  0.0000000E+00
  0.0000000E+00  0.0000000E+00
  0.0000000E+00  0.0000000E+00
  0.0000000E+00  0.0000000E+00
  0.0000000E+00  0.0000000E+00
  0.0000000E+00  0.0000000E+00
  0.0000000E+00  0.0000000E+00
  0.0000000E+00  0.0000000E+00
  0.0000000E+00  0.0000000E+00
  0.0000000E+00  0.0000000E+00
  0.0000000E+00  0.0000000E+00
  0.0000000E+00  0.0000000E+00
  0.0000000E+00  0.0000000E+00
  0.0000000E+00  0.0000000E+00
  0.0000000E+00  0.0000000E+00
  0.0000000E+00  0.0000000E+00
  0.0000000E+00  0.0000000E+00
  0.0000000E+00  0.0000000E+00
  0.0000000E+00  0.0000000E+00
  0.0000000E+00  0.0000000E+00
  0.0000000E+00  0.0000000E+00
  0.0000000E+00  0.0000000E+00
  0.0000000E+00  0.0000000E+00
  0.0000000E+00  0.0000000E+00
  0.0000000E+00  0.0000000E+00
  0.0000000E+00  0.0000000E+00
  0.0000000E+00  0.0000000E+00
  0.0000000E+00  0.0000000E+00
  0.0000000E+00  0.0000000E+00
  0.0000000E+00  0.0000000E+00
  0.0000000E+00  0.0000000E+00
  0.0000000E+00  0.0000000E+00
  0.0000000E+00  0.0000000E+00
  0.0000000E+00  0.0000000E+00
  0.0000000E+00  0.0000000E+00
  0.0000000E+00  0.0000000E+00
  0.0000000E+00  0.0000000E+00
  0.0000000E+00  0.0000000E+00
  0.0000000E+00  0.0000000E+00
  0.0000000E+00  0.0000000E+00
  0.0000000E+00  0.0000000E+00
  0.0000000E+00  0.0000000E+00
  0.0000000E+00  0.0000000E+00
  0.0000000E+00  0.0000000E+00
  0.0000000E+00  0.0000000E+00
  0.0000000E+00  0.0000000E+00
  0.0000000E+00  0.0000000E+00
  0.0000000E+00  0.0000000E+00
  0.0000000E+00  0.0000000E+00
  0.0000000E+00  0.0000000E+00
  0.0000000E+00  0.0000000E+00
  0.0000000E+00  0.0000000E+00
  0.0000000E+00  0.0000000E+00
  0.0000000E+00  0.0000000E+00
  0.0000000E+00  0.0000000E+00
  0.0000000E+00  0.0000000E+00
  0.0000000E+00  0.0000000E+00
  0.0000000E+00  0.0000000E+00
  0.0000000E+00  0.0000000E+00
  0.0000000E+00  0.0000000E+00
  0.0000000E+00  0.0000000E+00
  0.0000000E+00  0.0000000E+00
  0.0000000E+00  0.0000000E+00
  0.0000000E+00  0.0000000E+00
  0.0000000E+00  0.0000000E+00
  0.0000000E+00  0.0000000E+00
  0.0000000E+00  0.0000000E+00
  0.0000000E+00  0.0000000E+00
  0.0000000E+00  0.0000000E+00
  0.0000000E+00  0.0000000E+00
  0.0000000E+00  0.0000000E+00
  0.0000000E+00  0.0000000E+00
  0.0000000E+00  0.0000000E+00
  0.0000000E+00  0.0000000E+00
  0.0000000E+00  0.0000000E+00
  0.0000000E+00  0.0000000E+00
  0.0000000E+00  0.0000000E+00
  0.0000000E+00  0.0000000E+00
  0.0000000E+00  0.0000000E+00
  0.0000000E+00  0.0000000E+00
  0.0000000E+00  0.0000000E+00
  0.0000000E+00  0.0000000E+00
  0.0000000E+00  0.0000000E+00
  0.0000000E+00  0.0000000E+00
  0.0000000E+00  0.0000000E+00
  0.0000000E+00  0.0000000E+00
  0.0000000E+00  0.0000000E+00
  0.0000000E+00  0.0000000E+00
  0.0000000E+00  0.0000000E+00
  0.0000000E+00  0.0000000E+00
  0.0000000E+00  0.0000000E+00
  0.0000000E+00  0.0000000E+00
  0.0000000E+00  0.0000000E+00
  0.0000000E+00  0.0000000E+00
  0.0000000E+00  0.0000000E+00
  0.0000000E+00  0.0000000E+00
  0.0000000E+00  0.0000000E+00
  0.0000000E+00  0.0000000E+00
  0.0000000E+00  0.0000000E+00
  0.0000000E+00  0.0000000E+00
  0.0000000E+00  0.0000000E+00
  0.0000000E+00  0.0000000E+00
  0.0000000E+00  0.0000000E+00
  0.0000000E+00  0.0000000E+00
  0.0000000E+00  0.0000000E+00
  0.0000000E+00  0.0000000E+00
  0.0000000E+00  0.0000000E+00
  0.0000000E+00  0.0000000E+00
  0.0000000E+00  0.0000000E+00
  0.0000000E+00  0.0000000E+00
  0.0000000E+00  0.0000000E+00
  0.0000000E+00  0.0000000E+00
  0.0000000E+00  0.0000000E+00
  0.0000000E+00  0.0000000E+00
  0.0000000E+00  0.0000000E+00
  0.0000000E+00  0.0000000E+00
  0.0000000E+00  0.0000000E+00
  0.0000000E+00  0.0000000E+00
  0.0000000E+00  0.0000000E+00
  0.0000000E+00  0.0000000E+00
  0.0000000E+00  0.0000000E+00
  0.0000000E+00  0.0000000E+00
  0.0000000E+00  0.0000000E+00
  0.0000000E+00  0.0000000E+00
  0.0000000E+00  0.0000000E+00
  0.0000000E+00  0.0000000E+00
  0.0000000E+00  0.0000000E+00
  0.0000000E+00  0.0000000E+00
  0.0000000E+00  0.0000000E+00
  0.0000000E+00  0.0000000E+00
  0.0000000E+00  0.0000000E+00
  0.0000000E+00  0.0000000E+00
  0.0000000E+00  0.0000000E+00
  0.0000000E+00  0.0000000E+00
  0.0000000E+00  0.0000000E+00
  0.0000000E+00  0.0000000E+00
  0.0000000E+00  0.0000000E+00
  0.0000000E+00  0.0000000E+00
  0.0000000E+00  0.0000000E+00
  0.0000000E+00  0.0000000E+00
  0.0000000E+00  0.0000000E+00
  0.0000000E+00  0.0000000E+00
  0.0000000E+00  0.0000000E+00
  0.0000000E+00  0.0000000E+00
  0.0000000E+00  0.0000000E+00
  0.0000000E+00  0.0000000E+00
  0.0000000E+00  0.0000000E+00
  0.0000000E+00  0.0000000E+00
  0.0000000E+00  0.0000000E+00
  0.0000000E+00  0.0000000E+00
  0.0000000E+00  0.0000000E+00
  0.0000000E+00  0.0000000E+00
  0.0000000E+00  0.0000000E+00
  0.0000000E+00  0.0000000E+00
  0.0000000E+00  0.0000000E+00
  0.0000000E+00  0.0000000E+00
  0.0000000E+00  0.0000000E+00
  0.0000000E+00  0.0000000E+00
  0.0000000E+00  0.0000000E+00
  0.0000000E+00  0.0000000E+00
  0.0000000E+00  0.0000000E+00
  0.0000000E+00  0.0000000E+00
  0.0000000E+00  0.0000000E+00
  0.0000000E+00  0.0000000E+00
  0.0000000E+00  0.0000000E+00
  0.0000000E+00  0.0000000E+00
  0.0000000E+00  0.0000000E+00
  0.0000000E+00  0.0000000E+00
  0.0000000E+00  0.0000000E+00
  0.0000000E+00  0.0000000E+00
  0.0000000E+00  0.0000000E+00
  0.0000000E+00  0.0000000E+00
  0.0000000E+00  0.0000000E+00
  0.0000000E+00  0.0000000E+00
  0.0000000E+00  0.0000000E+00
  0.0000000E+00  0.0000000E+00
  0.0000000E+00  0.0000000E+00
  0.0000000E+00  0.0000000E+00
  0.0000000E+00  0.0000000E+00
  0.0000000E+00  0.0000000E+00
  0.0000000E+00  0.0000000E+00
  0.0000000E+00  0.0000000E+00
  0.0000000E+00  0.0000000E+00
  0.0000000E+00  0.0000000E+00
  0.0000000E+00  0.0000000E+00
  0.0000000E+00  0.0000000E+00
  0.0000000E+00  0.0000000E+00
  0.0000000E+00  0.0000000E+00
  0.0000000E+00  0.0000000E+00
  0.0000000E+00  0.0000000E+00
  0.0000000E+00  0.0000000E+00
  0.0000000E+00  0.0000000E+00
  0.0000000E+00  0.0000000E+00
  0.0000000E+00  0.0000000E+00
  0.0000000E+00  0.0000000E+00
  0.0000000E+00  0.0000000E+00
  0.0000000E+00  0.0000000E+00
  0.0000000E+00  0.0000000E+00
  0.0000000E+00  0.0000000E+00
  0.0000000E+00  0.0000000E+00
  0.0000000E+00  0.0000000E+00
  0.0000000E+00  0.0000000E+00
  0.0000000E+00  0.0000000E+00
  0.0000000E+00  0.0000000E+00
  0.0000000E+00  0.0000000E+00
  0.0000000E+00  0.0000000E+00
  0.0000000E+00  0.0000000E+00
  0.0000000E+00  0.0000000E+00
  0.0000000E+00  0.0000000E+00
  0.0000000E+00  0.0000000E+00
  0.0000000E+00  0.0000000E+00
  0.0000000E+00  0.0000000E+00
  0.0000000E+00  0.0000000E+00
  0.0000000E+00  0.0000000E+00
  0.0000000E+00  0.0000000E+00
  0.0000000E+00  0.0000000E+00
  0.0000000E+00  0.0000000E+00
  0.0000000E+00  0.0000000E+00
  0.0000000E+00  0.0000000E+00
  0.0000000E+00  0.0000000E+00
  0.0000000E+00  0.0000000E+00
  0.0000000E+00  0.0000000E+00
  0.0000000E+00  0.0000000E+00
  0.0000000E+00  0.0000000E+00
  0.0000000E+00  0.0000000E+00
  0.0000000E+00  0.0000000E+00
  0.0000000E+00  0.0000000E+00
  0.0000000E+00  0.0000000E+00
  0.0000000E+00  0.0000000E+00
  0.0000000E+00  0.0000000E+00
  0.0000000E+00  0.0000000E+00
  0.0000000E+00  0.0000000E+00
  0.0000000E+00  0.0000000E+00
  0.0000000E+00  0.0000000E+00
  0.0000000E+00  0.0000000E+00
  0.0000000E+00  0.0000000E+00
  0.0000000E+00  0.0000000E+00
  0.0000000E+00  0.0000000E+00
  0.0000000E+00  0.0000000E+00
  0.0000000E+00  0.0000000E+00
  0.0000000E+00  0.0000000E+00
  0.0000000E+00  0.0000000E+00
  0.0000000E+00  0.0000000E+00
  0.0000000E+00  0.0000000E+00
  0.0000000E+00  0.0000000E+00
  0.0000000E+00  0.0000000E+00
  0.0000000E+00  0.0000000E+00
  0.0000000E+00  0.0000000E+00
  0.0000000E+00  0.0000000E+00
  0.0000000E+00  0.0000000E+00
  0.0000000E+00  0.0000000E+00
  0.0000000E+00  0.0000000E+00
  0.0000000E+00  0.0000000E+00
  0.0000000E+00  0.0000000E+00
  0.0000000E+00  0.0000000E+00
  0.0000000E+00  0.0000000E+00
  0.0000000E+00  0.0000000E+00
  0.0000000E+00  0.0000000E+00
  0.0000000E+00  0.0000000E+00
  0.0000000E+00  0.0000000E+00
  0.0000000E+00  0.0000000E+00
  0.0000000E+00  0.0000000E+00
  0.0000000E+00  0.0000000E+00
  0.0000000E+00  0.0000000E+00
  0.0000000E+00  0.0000000E+00
  0.0000000E+00  0.0000000E+00
  0.0000000E+00  0.0000000E+00
  0.0000000E+00  0.0000000E+00
  0.0000000E+00  0.0000000E+00
  0.0000000E+00  0.0000000E+00
  0.0000000E+00  0.0000000E+00
  0.0000000E+00  0.0000000E+00
  0.0000000E+00  0.0000000E+00
  0.0000000E+00  0.0000000E+00
  0.0000000E+00  0.0000000E+00
  0.0000000E+00  0.0000000E+00
  0.0000000E+00  0.0000000E+00
  0.0000000E+00  0.0000000E+00
  0.0000000E+00  0.0000000E+00
  0.0000000E+00  0.0000000E+00
  0.0000000E+00  0.0000000E+00
  0.0000000E+00  0.0000000E+00
  0.0000000E+00  0.0000000E+00
  0.0000000E+00  0.0000000E+00
  0.0000000E+00  0.0000000E+00
  0.0000000E+00  0.0000000E+00
  0.0000000E+00  0.0000000E+00
  0.0000000E+00  0.0000000E+00
  0.0000000E+00  0.0000000E+00
  0.0000000E+00  0.0000000E+00
  0.0000000E+00  0.0000000E+00
  0.0000000E+00  0.0000000E+00
  0.0000000E+00  0.0000000E+00
  0.0000000E+00  0.0000000E+00
  0.0000000E+00  0.0000000E+00
  0.0000000E+00  0.0000000E+00
  0.0000000E+00  0.0000000E+00
  0.0000000E+00  0.0000000E+00
  0.0000000E+00  0.0000000E+00
  0.0000000E+00  0.0000000E+00
  0.0000000E+00  0.0000000E+00
  0.0000000E+00  0.0000000E+00
  0.0000000E+00  0.0000000E+00
