  0.2149694E+01  0.1488802E-04
  0.1472629E+01  0.1017229E-04
  0.1218368E+01  0.8396801E-05
  0.1078329E+01  0.7416688E-05
  0.9810098E+00  0.6733489E-05
  0.9038522E+00  0.6189792E-05
  0.2478129E+00  0.1687349E-05
  0.6846876E+00  0.4642106E-05
  0.6186036E+00  0.4171804E-05
  0.5222604E+00  0.3481558E-05
  0.2685363E+00  0.1647904E-05
  0.2706812E+00  0.1664508E-05
  0.2701518E+00  0.1663215E-05
  0.2668381E+00  0.1642945E-05
  0.2602130E+00  0.1600414E-05
  0.2555433E+00  0.1572450E-05
  0.2495914E+00  0.1536952E-05
  0.2423206E+00  0.1493264E-05
  0.2353108E+00  0.1451741E-05
  0.2247611E+00  0.1386185E-05
  0.2130793E+00  0.1313548E-05
  0.2021998E+00  0.1247470E-05
  0.1885474E+00  0.1162281E-05
  0.1740902E+00  0.1072271E-05
  0.1603928E+00  0.9880548E-06
  0.1444337E+00  0.8885452E-06
  0.1278453E+00  0.7852514E-06
  0.1119025E+00  0.6871715E-06
  0.9427515E-01  0.5771732E-06
  0.7621388E-01  0.4645723E-06
  0.5865099E-01  0.3560177E-06
  0.4004621E-01  0.2400008E-06
  0.2124961E-01  0.1228822E-06
  0.2800392E-02  0.8220582E-08
 -0.1599823E-01 -0.1087125E-06
 -0.3470929E-01 -0.2251935E-06
 -0.5323817E-01 -0.3404848E-06
 -0.7140360E-01 -0.4532870E-06
 -0.8921417E-01 -0.5640355E-06
 -0.1070054E+00 -0.6749689E-06
 -0.1237587E+00 -0.7786565E-06
 -0.1399016E+00 -0.8786212E-06
 -0.1562225E+00 -0.9804623E-06
 -0.1708567E+00 -0.1070821E-05
 -0.1846966E+00 -0.1156281E-05
 -0.1989122E+00 -0.1245317E-05
 -0.2108616E+00 -0.1318437E-05
 -0.2218876E+00 -0.1386319E-05
 -0.2334806E+00 -0.1458931E-05
 -0.2423227E+00 -0.1512791E-05
 -0.2501658E+00 -0.1560753E-05
 -0.2587431E+00 -0.1615079E-05
 -0.2642099E+00 -0.1647623E-05
 -0.2686518E+00 -0.1674587E-05
 -0.2739563E+00 -0.1708579E-05
 -0.2758984E+00 -0.1719523E-05
 -0.2768430E+00 -0.1724901E-05
 -0.2787589E+00 -0.1738017E-05
 -0.2771826E+00 -0.1727198E-05
 -0.2745717E+00 -0.1710463E-05
 -0.2729896E+00 -0.1701968E-05
 -0.2679424E+00 -0.1670075E-05
 -0.2618140E+00 -0.1631572E-05
 -0.2566828E+00 -0.1601047E-05
 -0.2483288E+00 -0.1548457E-05
 -0.2390177E+00 -0.1490498E-05
 -0.2306405E+00 -0.1440004E-05
 -0.2192493E+00 -0.1368872E-05
 -0.2070050E+00 -0.1292648E-05
 -0.1956344E+00 -0.1223129E-05
 -0.1815828E+00 -0.1135617E-05
 -0.1667586E+00 -0.1043509E-05
 -0.1526725E+00 -0.9568612E-06
 -0.1364133E+00 -0.8555131E-06
 -0.1195527E+00 -0.7504352E-06
 -0.1033086E+00 -0.6499595E-06
 -0.8548922E-01 -0.5389738E-06
 -0.6729154E-01 -0.4257640E-06
 -0.4962509E-01 -0.3163708E-06
 -0.3120536E-01 -0.2020317E-06
 -0.1325351E-01 -0.9104315E-07
  0.3817201E-02  0.1386184E-07
  0.2308919E-01  0.1341728E-06
  0.4134784E-01  0.2472975E-06
  0.5911284E-01  0.3571656E-06
  0.7648493E-01  0.4645819E-06
  0.9345924E-01  0.5694451E-06
  0.1100316E+00  0.6716199E-06
  0.1261213E+00  0.7708967E-06
  0.1416295E+00  0.8667967E-06
  0.1564652E+00  0.9581312E-06
  0.1705469E+00  0.1045130E-05
  0.1838133E+00  0.1126792E-05
  0.1962623E+00  0.1203342E-05
  0.2078273E+00  0.1274210E-05
  0.2183643E+00  0.1339065E-05
  0.2279170E+00  0.1397543E-05
  0.2366159E+00  0.1450928E-05
  0.2443339E+00  0.1498497E-05
  0.2508646E+00  0.1538586E-05
  0.2594703E+00  0.1594916E-05
  0.2685521E+00  0.1655409E-05
  0.2716224E+00  0.1673880E-05
  0.2700124E+00  0.1659892E-05
  0.2634906E+00  0.1611763E-05
  0.5218796E+00  0.3479435E-05
  0.6187421E+00  0.4173695E-05
  0.6872192E+00  0.4661038E-05
  0.7484449E+00  0.5095104E-05
  0.8081127E+00  0.5518112E-05
  0.8755681E+00  0.5994252E-05
  0.9537022E+00  0.6544151E-05
  0.1216133E+01  0.8382316E-05
  0.1466307E+01  0.1012906E-04
  0.2163656E+01  0.1498562E-04
  0.2164166E+01  0.1499191E-04
  0.2148925E+00  0.1463016E-05
  0.1596724E+01  0.1106024E-04
  0.1304786E+01  0.9039494E-05
  0.9182533E+00  0.6361705E-05
  0.4721163E+00  0.3270261E-05
 -0.1839476E-02 -0.1440537E-07
 -0.4750625E+00 -0.3294379E-05
 -0.9244867E+00 -0.6409345E-05
 -0.1334534E+01 -0.9251707E-05
 -0.1687847E+01 -0.1170108E-04
 -0.1965420E+01 -0.1362543E-04
 -0.2155447E+01 -0.1494342E-04
 -0.2251562E+01 -0.1561034E-04
 -0.2251283E+01 -0.1560945E-04
 -0.2154374E+01 -0.1493882E-04
 -0.1964836E+01 -0.1362635E-04
 -0.1689625E+01 -0.1171996E-04
 -0.1339373E+01 -0.9293206E-05
 -0.9283940E+00 -0.6445541E-05
 -0.4748064E+00 -0.3302151E-05
 -0.1003449E-02 -0.1839180E-07
  0.4704449E+00  0.3249110E-05
  0.9229052E+00  0.6385235E-05
  0.1335515E+01  0.9245316E-05
  0.1681762E+01  0.1164554E-04
  0.1942227E+01  0.1345099E-04
  0.2100878E+01  0.1455026E-04
  0.6519912E+00  0.4458456E-05
  0.7181326E+00  0.4909638E-05
  0.1038999E+01  0.7145850E-05
  0.9447626E+00  0.6483596E-05
  0.8594732E+00  0.5883097E-05
  0.6124303E+00  0.4129593E-05
  0.7591779E+00  0.5223023E-05
  0.5157176E+00  0.3438533E-05
  0.5201076E+00  0.3467429E-05
  0.5091136E+00  0.3394816E-05
  0.4979673E+00  0.3319737E-05
  0.4865644E+00  0.3243569E-05
  0.4750494E+00  0.3167840E-05
  0.4604197E+00  0.3070868E-05
  0.4430576E+00  0.2955260E-05
  0.4233047E+00  0.2823219E-05
  0.4015293E+00  0.2677632E-05
  0.3779730E+00  0.2520327E-05
  0.3526230E+00  0.2350750E-05
  0.3257249E+00  0.2170856E-05
  0.2974293E+00  0.1981576E-05
  0.2677389E+00  0.1783005E-05
  0.2368857E+00  0.1576598E-05
  0.2050112E+00  0.1363413E-05
  0.1721539E+00  0.1143492E-05
  0.1385520E+00  0.9188751E-06
  0.1043274E+00  0.6898416E-06
  0.6955048E-01  0.4571930E-06
  0.3445523E-01  0.2222457E-06
 -0.8015042E-03 -0.1359604E-07
 -0.3608677E-01 -0.2496564E-06
 -0.7119376E-01 -0.4845144E-06
 -0.1060119E+00 -0.7173395E-06
 -0.1403438E+00 -0.9471688E-06
 -0.1740368E+00 -0.1172465E-05
 -0.2069979E+00 -0.1392844E-05
 -0.2389825E+00 -0.1606862E-05
 -0.2698861E+00 -0.1813449E-05
 -0.2996569E+00 -0.2012585E-05
 -0.3280088E+00 -0.2201905E-05
 -0.3548833E+00 -0.2381621E-05
 -0.3802672E+00 -0.2551361E-05
 -0.4038620E+00 -0.2708905E-05
 -0.4256537E+00 -0.2854546E-05
 -0.4456623E+00 -0.2988168E-05
 -0.4635856E+00 -0.3107830E-05
 -0.4794669E+00 -0.3213802E-05
 -0.4933683E+00 -0.3306735E-05
 -0.5049750E+00 -0.3384218E-05
 -0.5143852E+00 -0.3447034E-05
 -0.5216534E+00 -0.3495455E-05
 -0.5265886E+00 -0.3528150E-05
 -0.5292943E+00 -0.3546261E-05
 -0.5297884E+00 -0.3549478E-05
 -0.5278432E+00 -0.3536594E-05
 -0.5236486E+00 -0.3508350E-05
 -0.5173074E+00 -0.3465931E-05
 -0.5085386E+00 -0.3407139E-05
 -0.4974710E+00 -0.3333071E-05
 -0.4844284E+00 -0.3245857E-05
 -0.4693432E+00 -0.3144952E-05
 -0.4521967E+00 -0.3030351E-05
 -0.4331770E+00 -0.2903125E-05
 -0.4122227E+00 -0.2763025E-05
 -0.3895118E+00 -0.2611121E-05
 -0.3651496E+00 -0.2448284E-05
 -0.3390587E+00 -0.2273761E-05
 -0.3114531E+00 -0.2089234E-05
 -0.2825117E+00 -0.1895817E-05
 -0.2522481E+00 -0.1693110E-05
 -0.2208661E+00 -0.1483273E-05
 -0.1885112E+00 -0.1266857E-05
 -0.1552515E+00 -0.1044385E-05
 -0.1213113E+00 -0.8173516E-06
 -0.8685032E-01 -0.5867635E-06
 -0.5200678E-01 -0.3538067E-06
 -0.1701476E-01 -0.1195838E-06
  0.1804992E-01  0.1146911E-06
  0.5310716E-01  0.3491698E-06
  0.8791135E-01  0.5820699E-06
  0.1222763E+00  0.8117363E-06
  0.1560578E+00  0.1037607E-05
  0.1891639E+00  0.1258775E-05
  0.2214926E+00  0.1474956E-05
  0.2528844E+00  0.1684801E-05
  0.2831634E+00  0.1887330E-05
  0.3121324E+00  0.2080863E-05
  0.3396450E+00  0.2264755E-05
  0.3656400E+00  0.2438366E-05
  0.3900285E+00  0.2601394E-05
  0.4126138E+00  0.2752124E-05
  0.4331649E+00  0.2889198E-05
  0.4518432E+00  0.3013952E-05
  0.4688485E+00  0.3127511E-05
  0.4840029E+00  0.3228860E-05
  0.4972192E+00  0.3317359E-05
  0.5086038E+00  0.3393995E-05
  0.5175048E+00  0.3453705E-05
  0.5229487E+00  0.3489752E-05
  0.5246140E+00  0.3499593E-05
  0.6203840E+00  0.4185810E-05
  0.1466957E+01  0.1013666E-04
  0.6884201E+00  0.4669860E-05
  0.7505047E+00  0.5109822E-05
  0.8135322E+00  0.5555827E-05
  0.8817563E+00  0.6037411E-05
  0.9586707E+00  0.6579063E-05
  0.8737321E+00  0.6036941E-05
  0.1229428E+01  0.8478810E-05
  0.6185030E+00  0.4273211E-05
  0.8491432E+00  0.5840982E-05
  0.1068356E+01  0.7380886E-05
  0.3171778E+00  0.2190035E-05
 -0.5179417E-02 -0.3908156E-07
 -0.3233394E+00 -0.2239183E-05
 -0.6256285E+00 -0.4329633E-05
 -0.9066508E+00 -0.6273344E-05
 -0.1149933E+01 -0.7956134E-05
 -0.1341023E+01 -0.9277888E-05
 -0.1471113E+01 -0.1017808E-04
 -0.1537488E+01 -0.1063760E-04
 -0.1538161E+01 -0.1064280E-04
 -0.1470365E+01 -0.1017477E-04
 -0.1339543E+01 -0.9270786E-05
 -0.1150958E+01 -0.7967485E-05
 -0.9119614E+00 -0.6315450E-05
 -0.6322520E+00 -0.4381688E-05
 -0.3250433E+00 -0.2257586E-05
 -0.7244857E-02 -0.6000289E-07
  0.3093378E+00  0.2129141E-05
  0.6210886E+00  0.4285133E-05
  0.9046973E+00  0.6246736E-05
  0.1136968E+01  0.7852846E-05
  0.1310438E+01  0.9052199E-05
  0.1429714E+01  0.9876225E-05
  0.6584554E+00  0.4460605E-05
  0.7764189E+00  0.5297196E-05
  0.1079235E+01  0.7427331E-05
  0.8007326E+00  0.5460458E-05
  0.6993393E+00  0.4747844E-05
  0.8890471E+00  0.6098937E-05
  0.6062158E+00  0.4087529E-05
  0.9898127E+00  0.6806699E-05
  0.5585104E+00  0.3766235E-05
  0.5406596E+00  0.3646374E-05
  0.5195202E+00  0.3503687E-05
  0.4959341E+00  0.3344540E-05
  0.4699224E+00  0.3168933E-05
  0.4415954E+00  0.2977389E-05
  0.4113981E+00  0.2773199E-05
  0.3794190E+00  0.2557016E-05
  0.3456813E+00  0.2328956E-05
  0.3105203E+00  0.2091334E-05
  0.2740194E+00  0.1844281E-05
  0.2362438E+00  0.1589099E-05
  0.1975337E+00  0.1327341E-05
  0.1579816E+00  0.1060032E-05
  0.1175606E+00  0.7867537E-06
  0.7653193E-01  0.5092394E-06
  0.3512362E-01  0.2293480E-06
 -0.6496708E-02 -0.5198729E-07
 -0.4803588E-01 -0.3328107E-06
 -0.8930831E-01 -0.6119651E-06
 -0.1302296E+00 -0.8885503E-06
 -0.1705632E+00 -0.1161248E-05
 -0.2101241E+00 -0.1428559E-05
 -0.2488014E+00 -0.1689941E-05
 -0.2863520E+00 -0.1943833E-05
 -0.3226253E+00 -0.2188856E-05
 -0.3574997E+00 -0.2424613E-05
 -0.3907517E+00 -0.2649278E-05
 -0.4222744E+00 -0.2862337E-05
 -0.4519295E+00 -0.3062599E-05
 -0.4795532E+00 -0.3249358E-05
 -0.5050578E+00 -0.3421590E-05
 -0.5283313E+00 -0.3578663E-05
 -0.5492487E+00 -0.3720015E-05
 -0.5677556E+00 -0.3845003E-05
 -0.5837635E+00 -0.3953104E-05
 -0.5971774E+00 -0.4043615E-05
 -0.6078523E+00 -0.4115592E-05
 -0.6159880E+00 -0.4170458E-05
 -0.6217461E+00 -0.4209375E-05
 -0.6247146E+00 -0.4229170E-05
 -0.6247459E+00 -0.4229457E-05
 -0.6221281E+00 -0.4211781E-05
 -0.6168153E+00 -0.4175666E-05
 -0.6087158E+00 -0.4120741E-05
 -0.5977488E+00 -0.4046618E-05
 -0.5838431E+00 -0.3952234E-05
 -0.5678654E+00 -0.3844139E-05
 -0.5499672E+00 -0.3723148E-05
 -0.5294523E+00 -0.3584445E-05
 -0.5066396E+00 -0.3430265E-05
 -0.4818514E+00 -0.3262727E-05
 -0.4548684E+00 -0.3080426E-05
 -0.4257401E+00 -0.2883565E-05
 -0.3947231E+00 -0.2673974E-05
 -0.3619061E+00 -0.2452145E-05
 -0.3274769E+00 -0.2219194E-05
 -0.2916816E+00 -0.1977272E-05
 -0.2545353E+00 -0.1726290E-05
 -0.2161977E+00 -0.1467079E-05
 -0.1768917E+00 -0.1201330E-05
 -0.1367538E+00 -0.9298794E-06
 -0.9590869E-01 -0.6538845E-06
 -0.5469222E-01 -0.3751219E-06
 -0.1336182E-01 -0.9584096E-07
  0.2803675E-01  0.1840546E-06
  0.6926409E-01  0.4627996E-06
  0.1101066E+00  0.7387918E-06
  0.1504327E+00  0.1011313E-05
  0.1901118E+00  0.1279284E-05
  0.2290980E+00  0.1542751E-05
  0.2672877E+00  0.1801062E-05
  0.3044853E+00  0.2052494E-05
  0.3403260E+00  0.2294690E-05
  0.3744655E+00  0.2525438E-05
  0.4067896E+00  0.2743827E-05
  0.4373734E+00  0.2950525E-05
  0.4660277E+00  0.3143928E-05
  0.4922404E+00  0.3320940E-05
  0.5156092E+00  0.3478636E-05
  0.5369449E+00  0.3622565E-05
  0.5569297E+00  0.3757448E-05
  0.5745858E+00  0.3877001E-05
  0.5894375E+00  0.3977186E-05
  0.6019067E+00  0.4061729E-05
  0.6117989E+00  0.4128756E-05
  0.6179982E+00  0.4170458E-05
  0.5037673E+00  0.3472360E-05
  0.8720443E+00  0.6011987E-05
  0.7478920E+00  0.5092769E-05
  0.8114209E+00  0.5542262E-05
  0.8134616E+00  0.5567436E-05
  0.8763068E+00  0.6000726E-05
  0.9441673E+00  0.6479261E-05
  0.1218657E+01  0.8410479E-05
  0.2575221E+00  0.1773287E-05
 -0.8088064E-02 -0.5966911E-07
  0.6857545E+00  0.4652188E-05
 -0.2636687E+00 -0.1823651E-05
 -0.5059159E+00 -0.3495426E-05
 -0.7398795E+00 -0.5110486E-05
 -0.9425228E+00 -0.6509672E-05
 -0.1101485E+01 -0.7607249E-05
 -0.1209050E+01 -0.8350010E-05
 -0.1266146E+01 -0.8744684E-05
 -0.1268808E+01 -0.8763853E-05
 -0.1208990E+01 -0.8351292E-05
 -0.1098183E+01 -0.7587072E-05
 -0.9419675E+00 -0.6509472E-05
 -0.7459629E+00 -0.5157190E-05
 -0.5182333E+00 -0.3585754E-05
 -0.2707943E+00 -0.1878081E-05
 -0.1825757E-01 -0.1354028E-06
  0.2344700E+00  0.1608588E-05
  0.4983196E+00  0.3430182E-05
  0.7359021E+00  0.5069820E-05
  0.9233845E+00  0.6363679E-05
  0.1061288E+01  0.7314579E-05
  0.7066591E+00  0.4872001E-05
  0.5980424E+00  0.4032479E-05
  0.5699641E+00  0.3842038E-05
  0.5825006E+00  0.3926518E-05
  0.1182473E+01  0.8166101E-05
  0.7411579E+00  0.5057973E-05
  0.9156698E+00  0.6296768E-05
  0.6203821E+00  0.4205472E-05
  0.5978333E+00  0.4052856E-05
  0.5183072E+00  0.3513458E-05
  0.4861971E+00  0.3295242E-05
  0.4523890E+00  0.3065459E-05
  0.4166122E+00  0.2822477E-05
  0.3788897E+00  0.2566119E-05
  0.3398716E+00  0.2301050E-05
  0.2992661E+00  0.2025176E-05
  0.2574338E+00  0.1740851E-05
  0.2149843E+00  0.1452385E-05
  0.1715107E+00  0.1157094E-05
  0.1266826E+00  0.8525543E-06
  0.8090229E-01  0.5414821E-06
  0.3477099E-01  0.2279912E-06
 -0.1152576E-01 -0.8647874E-07
 -0.5744344E-01 -0.3985037E-06
 -0.1028419E+00 -0.7069481E-06
 -0.1480102E+00 -0.1013723E-05
 -0.1924694E+00 -0.1315824E-05
 -0.2359392E+00 -0.1611051E-05
 -0.2786678E+00 -0.1901317E-05
 -0.3200324E+00 -0.2182324E-05
 -0.3598875E+00 -0.2452950E-05
 -0.3984594E+00 -0.2714933E-05
 -0.4350573E+00 -0.2963564E-05
 -0.4696583E+00 -0.3198458E-05
 -0.5024981E+00 -0.3421420E-05
 -0.5328428E+00 -0.3627513E-05
 -0.5608009E+00 -0.3817157E-05
 -0.5866120E+00 -0.3992626E-05
 -0.6094936E+00 -0.4147969E-05
 -0.6296819E+00 -0.4285012E-05
 -0.6474863E+00 -0.4405892E-05
 -0.6618617E+00 -0.4503345E-05
 -0.6726494E+00 -0.4576315E-05
 -0.6817332E+00 -0.4637815E-05
 -0.6890100E+00 -0.4687518E-05
 -0.6921222E+00 -0.4708589E-05
 -0.6918005E+00 -0.4706236E-05
 -0.6887696E+00 -0.4685743E-05
 -0.6822488E+00 -0.4641356E-05
 -0.6725043E+00 -0.4574882E-05
 -0.6591067E+00 -0.4483461E-05
 -0.6416217E+00 -0.4363964E-05
 -0.6238936E+00 -0.4243280E-05
 -0.6049492E+00 -0.4114846E-05
 -0.5819224E+00 -0.3958446E-05
 -0.5569437E+00 -0.3788790E-05
 -0.5298616E+00 -0.3604921E-05
 -0.4996019E+00 -0.3399713E-05
 -0.4671015E+00 -0.3178715E-05
 -0.4325108E+00 -0.2943889E-05
 -0.3957199E+00 -0.2693851E-05
 -0.3575936E+00 -0.2434783E-05
 -0.3180104E+00 -0.2165972E-05
 -0.2766063E+00 -0.1884683E-05
 -0.2340366E+00 -0.1595329E-05
 -0.1903482E+00 -0.1298544E-05
 -0.1454686E+00 -0.9935511E-06
 -0.9982339E-01 -0.6835495E-06
 -0.5412052E-01 -0.3728298E-06
 -0.8623814E-02 -0.6384619E-07
  0.3703348E-01  0.2464526E-06
  0.8227278E-01  0.5537148E-06
  0.1268358E+00  0.8562673E-06
  0.1708254E+00  0.1154937E-05
  0.2141591E+00  0.1449078E-05
  0.2570410E+00  0.1740422E-05
  0.2995825E+00  0.2029525E-05
  0.3415132E+00  0.2314486E-05
  0.3817840E+00  0.2588256E-05
  0.4194883E+00  0.2844384E-05
  0.4549808E+00  0.3085268E-05
  0.4889174E+00  0.3315875E-05
  0.5206507E+00  0.3531469E-05
  0.5486558E+00  0.3721289E-05
  0.5717758E+00  0.3877391E-05
  0.5938644E+00  0.4027045E-05
  0.6169397E+00  0.4184108E-05
  0.6365556E+00  0.4317591E-05
  0.6515112E+00  0.4418866E-05
  0.6653668E+00  0.4513236E-05
  0.6780824E+00  0.4600345E-05
 -0.2277184E+00 -0.1572394E-05
 -0.1419842E-01 -0.1023709E-06
  0.7062212E+00  0.4802914E-05
  0.9766858E+00  0.6730721E-05
  0.4425969E+00  0.3043620E-05
  0.7610989E+00  0.5207875E-05
  0.6566877E+00  0.4449933E-05
  0.8029977E+00  0.5485433E-05
 -0.8048762E+00 -0.5507558E-05
 -0.4270242E+00 -0.2944093E-05
  0.5737880E+00  0.3889916E-05
  0.2228182E+00  0.1530147E-05
  0.7386820E+00  0.5023513E-05
  0.7020289E+00  0.4776271E-05
 -0.8187936E+00 -0.5643968E-05
 -0.9589491E+00 -0.6610239E-05
 -0.1052079E+01 -0.7252109E-05
 -0.1105389E+01 -0.7620019E-05
 -0.1111809E+01 -0.7665417E-05
 -0.1052343E+01 -0.7255484E-05
 -0.9510267E+00 -0.6557564E-05
 -0.8143544E+00 -0.5616704E-05
 -0.6450747E+00 -0.4451264E-05
 -0.4500954E+00 -0.3108645E-05
 -0.2408465E+00 -0.1667519E-05
 -0.3211511E-01 -0.2301078E-06
  0.1734995E+00  0.1184772E-05
  0.4219212E+00  0.2897463E-05
  0.6353843E+00  0.4367108E-05
  0.7947685E+00  0.5464770E-05
  0.6596718E+00  0.4540955E-05
  0.7395519E+00  0.5035872E-05
  0.5478278E+00  0.3713956E-05
  0.8597372E+00  0.5887133E-05
 -0.7611225E+00 -0.5204825E-05
 -0.6403830E+00 -0.4414782E-05
  0.9047444E+00  0.6204964E-05
  0.6958667E+00  0.4746651E-05
  0.6798568E+00  0.4625940E-05
  0.8084012E+00  0.5543628E-05
  0.8433420E+00  0.5779789E-05
  0.6304820E+00  0.4269514E-05
  0.6488762E+00  0.4414194E-05
  0.2027445E+00  0.1387243E-05
  0.5623702E+00  0.3825611E-05
  0.5249780E+00  0.3570446E-05
  0.4072797E+00  0.2767935E-05
  0.3654279E+00  0.2482744E-05
  0.3212330E+00  0.2181411E-05
  0.2756762E+00  0.1870681E-05
  0.2315613E+00  0.1570175E-05
  0.1860557E+00  0.1260130E-05
  0.1366236E+00  0.9231454E-06
  0.8523017E-01  0.5726704E-06
  0.3478986E-01  0.2287455E-06
 -0.1626132E-01 -0.1192408E-06
 -0.6577497E-01 -0.4566284E-06
 -0.1136383E+00 -0.7827182E-06
 -0.1627507E+00 -0.1117555E-05
 -0.2107527E+00 -0.1444697E-05
 -0.2567765E+00 -0.1758229E-05
 -0.3035902E+00 -0.2077324E-05
 -0.3482184E+00 -0.2381532E-05
 -0.3904971E+00 -0.2669527E-05
 -0.4330288E+00 -0.2959550E-05
 -0.4723630E+00 -0.3227480E-05
 -0.5091205E+00 -0.3477908E-05
 -0.5455940E+00 -0.3726519E-05
 -0.5780014E+00 -0.3947275E-05
 -0.6077871E+00 -0.4150186E-05
 -0.6367072E+00 -0.4347359E-05
 -0.6608152E+00 -0.4511586E-05
 -0.6824069E+00 -0.4658699E-05
 -0.7028137E+00 -0.4797748E-05
 -0.7171354E+00 -0.4895093E-05
 -0.7250472E+00 -0.4948154E-05
 -0.7362323E+00 -0.5024660E-05
 -0.7483231E+00 -0.5107805E-05
 -0.7513285E+00 -0.5128264E-05
 -0.7504001E+00 -0.5121741E-05
 -0.7476506E+00 -0.5103122E-05
 -0.7387333E+00 -0.5042012E-05
 -0.7267956E+00 -0.4960105E-05
 -0.7102802E+00 -0.4846876E-05
 -0.6861525E+00 -0.4680861E-05
 -0.6683515E+00 -0.4559327E-05
 -0.6522139E+00 -0.4449910E-05
 -0.6254508E+00 -0.4267522E-05
 -0.6000327E+00 -0.4094570E-05
 -0.5722251E+00 -0.3905694E-05
 -0.5377728E+00 -0.3671032E-05
 -0.5024161E+00 -0.3429892E-05
 -0.4648573E+00 -0.3174024E-05
 -0.4241178E+00 -0.2896256E-05
 -0.3836355E+00 -0.2620413E-05
 -0.3413132E+00 -0.2332092E-05
 -0.2954150E+00 -0.2019020E-05
 -0.2492506E+00 -0.1704258E-05
 -0.2014720E+00 -0.1378524E-05
 -0.1516875E+00 -0.1039333E-05
 -0.1008936E+00 -0.6928930E-06
 -0.5153830E-01 -0.3563574E-06
 -0.3556307E-02 -0.2937043E-07
  0.4610124E-01  0.3090576E-06
  0.9424208E-01  0.6371290E-06
  0.1410055E+00  0.9554892E-06
  0.1877573E+00  0.1274034E-05
  0.2332184E+00  0.1583372E-05
  0.2789921E+00  0.1895782E-05
  0.3251909E+00  0.2211134E-05
  0.3733497E+00  0.2539583E-05
  0.4191170E+00  0.2851812E-05
  0.4592334E+00  0.3125026E-05
  0.4966481E+00  0.3379873E-05
  0.5344595E+00  0.3637557E-05
  0.5698817E+00  0.3879019E-05
  0.5989879E+00  0.4076754E-05
  0.6155426E+00  0.4187597E-05
  0.6364833E+00  0.4329948E-05
  0.6669009E+00  0.4538596E-05
  0.6903090E+00  0.4698700E-05
  0.7003226E+00  0.4765380E-05
  0.5961179E+00  0.4055897E-05
  0.6218932E+00  0.4230924E-05
  0.6373962E+00  0.4318900E-05
 -0.9857782E+00 -0.6780311E-05
  0.7305792E+00  0.5014024E-05
  0.3949766E+00  0.2708007E-05
 -0.5686409E+00 -0.3907715E-05
  0.7928554E+00  0.5417719E-05
  0.8144203E+00  0.5584554E-05
 -0.2009616E+00 -0.1384491E-05
  0.7051462E+00  0.4823387E-05
  0.7980434E+00  0.5473107E-05
 -0.7298672E+00 -0.5019016E-05
 -0.8556356E+00 -0.5885196E-05
 -0.1000475E+01 -0.6883372E-05
 -0.9344915E+00 -0.6428448E-05
 -0.8375492E+00 -0.5761560E-05
 -0.7170370E+00 -0.4933913E-05
 -0.5685274E+00 -0.3913931E-05
 -0.3982925E+00 -0.2744663E-05
 -0.2165543E+00 -0.1496195E-05
 -0.4371287E-01 -0.3085785E-06
  0.1133552E+01  0.7809656E-05
  0.3695948E+00  0.2527820E-05
  0.5689763E+00  0.3899610E-05
  0.7000918E+00  0.4800844E-05
  0.5722431E+00  0.3925074E-05
  0.4882124E+00  0.3319710E-05
 -0.9341149E+00 -0.6424430E-05
  0.4492194E+00  0.3053909E-05
  0.1155147E+01  0.7960088E-05
  0.6485306E+00  0.4424712E-05
  0.7178712E+00  0.4886513E-05
  0.8485783E+00  0.5812377E-05
  0.6041887E+00  0.4121576E-05
 -0.8536877E+00 -0.5848650E-05
  0.6633582E+00  0.4493158E-05
  0.1805560E+00  0.1231660E-05
 -0.7620603E+00 -0.5224279E-05
  0.3399701E+00  0.2314398E-05
  0.5579441E+00  0.3804591E-05
  0.4306440E+00  0.2934106E-05
  0.3891616E+00  0.2651068E-05
  0.2480310E+00  0.1686162E-05
  0.2074085E+00  0.1409638E-05
  0.1498324E+00  0.1016451E-05
  0.8690028E-01  0.5853293E-06
  0.3405288E-01  0.2245768E-06
 -0.2350067E-01 -0.1691800E-06
 -0.7414946E-01 -0.5149976E-06
 -0.1210708E+00 -0.8353964E-06
 -0.1757040E+00 -0.1208911E-05
 -0.2270355E+00 -0.1559487E-05
 -0.2724482E+00 -0.1869455E-05
 -0.3257313E+00 -0.2233909E-05
 -0.3731045E+00 -0.2557456E-05
 -0.4149310E+00 -0.2842906E-05
 -0.4644416E+00 -0.3181506E-05
 -0.5052131E+00 -0.3459939E-05
 -0.5416495E+00 -0.3708516E-05
 -0.5853315E+00 -0.4007507E-05
 -0.6178164E+00 -0.4229180E-05
 -0.6473723E+00 -0.4430859E-05
 -0.6833676E+00 -0.4677387E-05
 -0.7060183E+00 -0.4831569E-05
 -0.7275768E+00 -0.4978868E-05
 -0.7551137E+00 -0.5167036E-05
 -0.7674362E+00 -0.5250586E-05
 -0.7850227E+00 -0.5370448E-05
 -0.8047249E+00 -0.5506829E-05
 -0.8027512E+00 -0.5492864E-05
 -0.8041215E+00 -0.5502641E-05
 -0.7878170E+00 -0.5390400E-05
 -0.7729082E+00 -0.5287632E-05
 -0.7526162E+00 -0.5146848E-05
 -0.6967347E+00 -0.4762809E-05
 -0.6543368E+00 -0.4475992E-05
 -0.6148957E+00 -0.4207229E-05
 -0.5706088E+00 -0.3904201E-05
 -0.5346497E+00 -0.3658673E-05
 -0.4961820E+00 -0.3395802E-05
 -0.4491497E+00 -0.3073868E-05
 -0.4091390E+00 -0.2800877E-05
 -0.3680171E+00 -0.2521180E-05
 -0.3113610E+00 -0.2133161E-05
 -0.2630668E+00 -0.1802679E-05
 -0.2127177E+00 -0.1458894E-05
 -0.1558316E+00 -0.1070277E-05
 -0.9675736E-01 -0.6661064E-06
 -0.4681926E-01 -0.3247075E-06
  0.4716898E-03 -0.1774424E-08
  0.5840675E-01  0.3940409E-06
  0.7545320E+00  0.5140768E-05
  0.2832734E+00  0.1929174E-05
  0.3388253E+00  0.2309767E-05
  0.4011120E+00  0.2735895E-05
  0.4578519E+00  0.3124386E-05
  0.4951977E+00  0.3378788E-05
  0.5316174E+00  0.3627194E-05
  0.5755478E+00  0.3927676E-05
  0.6182353E+00  0.4219473E-05
  0.6548371E+00  0.4468470E-05
  0.5079137E-01  0.3429368E-06
  0.5207844E+00  0.3550678E-05
 -0.8564104E+00 -0.5868762E-05
  0.6207181E+00  0.4242524E-05
  0.3459207E+00  0.2361560E-05
 -0.5296374E+00 -0.3630447E-05
  0.6365166E+00  0.4351185E-05
 -0.8247194E+00 -0.5654566E-05
 -0.8066714E+00 -0.5528036E-05
  0.9301432E+00  0.6387052E-05
  0.4793960E+00  0.3267692E-05
 -0.7279872E+00 -0.4989884E-05
 -0.6232218E+00 -0.4272982E-05
 -0.4942814E+00 -0.3390659E-05
 -0.3462903E+00 -0.2377894E-05
 -0.1884786E+00 -0.1298303E-05
 -0.4457286E-01 -0.3143427E-06
  0.1031461E+01  0.7092845E-05
  0.3383918E+00  0.2303818E-05
  0.5044709E+00  0.3443757E-05
  0.1059415E+01  0.7284897E-05
 -0.1806531E+00 -0.1243418E-05
  0.2901315E+00  0.1973828E-05
 -0.3464532E-01 -0.2419893E-06
 -0.7088345E-01 -0.4889870E-06
  0.1480594E+00  0.1005623E-05
  0.5224774E-01  0.3517338E-06
 -0.6513381E+00 -0.4464291E-05
  0.4901870E+00  0.3349198E-05
 -0.8284296E+00 -0.5679146E-05
  0.9253684E+00  0.6359975E-05
  0.1050498E+01  0.7235994E-05
  0.7159547E+00  0.4888114E-05
  0.7438684E+00  0.5071583E-05
  0.9586133E+00  0.6579841E-05
  0.1581510E+01  0.1093958E-04
  0.1758153E+01  0.1217473E-04
  0.1985902E+00  0.1352350E-05
  0.1203460E+00  0.8184909E-06
  0.6600189E+00  0.4501586E-05
 -0.4332263E+00 -0.2975199E-05
  0.7158834E+00  0.4878665E-05
 -0.3520122E+00 -0.2421159E-05
 -0.1896922E-01 -0.1352411E-06
 -0.6574045E+00 -0.4494605E-05
  0.1015875E+00  0.6889236E-06
 -0.8547949E+00 -0.5860483E-05
 -0.2908683E+00 -0.1996467E-05
  0.7651616E+00  0.5227736E-05
 -0.4515003E+00 -0.3094470E-05
  0.2856572E+00  0.1947442E-05
 -0.8285586E+00 -0.5679643E-05
  0.4335214E+00  0.2959745E-05
 -0.7603242E+00 -0.5212775E-05
 -0.5864180E+00 -0.4020049E-05
  0.5720960E+00  0.3908977E-05
  0.5460348E+00  0.3732734E-05
 -0.6704292E+00 -0.4597305E-05
 -0.5545620E+00 -0.3804321E-05
 -0.4173779E+00 -0.2865289E-05
 -0.2646379E+00 -0.1819766E-05
 -0.1048161E+00 -0.7256359E-06
  0.6287052E-01  0.4235677E-06
  0.2596135E+00  0.1771300E-05
  0.6618191E+00  0.4511616E-05
 -0.7169982E+00 -0.4901015E-05
 -0.2184357E+00 -0.1499621E-05
  0.2136215E+00  0.1451014E-05
  0.4295614E+00  0.2938268E-05
 -0.7066581E+00 -0.4846386E-05
  0.2976382E+01  0.2071432E-04
  0.2498661E+01  0.1738954E-04
  0.2349340E+01  0.1633872E-04
  0.2276233E+01  0.1581523E-04
  0.2231708E+01  0.1548915E-04
  0.2199979E+01  0.1525132E-04
  0.2174583E+01  0.1505700E-04
  0.2152785E+01  0.1488728E-04
  0.2133071E+01  0.1473191E-04
  0.2114588E+01  0.1458487E-04
  0.2096737E+01  0.1444222E-04
  0.2079132E+01  0.1430129E-04
  0.2061510E+01  0.1416027E-04
  0.2043759E+01  0.1401851E-04
  0.2026102E+01  0.1387742E-04
  0.2009170E+01  0.1374142E-04
  0.1994631E+01  0.1362177E-04
  0.1986071E+01  0.1354284E-04
  0.1991517E+01  0.1355904E-04
  0.2030289E+01  0.1380133E-04
  0.1941552E+01  0.1319902E-04
  0.1767954E+01  0.1201981E-04
  0.1517095E+01  0.1031533E-04
  0.1199919E+01  0.8159931E-05
  0.8302852E+00  0.5647817E-05
  0.4243373E+00  0.2888698E-05
 -0.1334981E-03  0.3474849E-08
 -0.4245410E+00 -0.2881498E-05
 -0.8303940E+00 -0.5640527E-05
 -0.1199973E+01 -0.8153169E-05
 -0.1517126E+01 -0.1030957E-04
 -0.1767975E+01 -0.1201543E-04
 -0.1941561E+01 -0.1319616E-04
 -0.2030293E+01 -0.1380018E-04
 -0.2030284E+01 -0.1380103E-04
 -0.1941549E+01 -0.1319872E-04
 -0.1767957E+01 -0.1201955E-04
 -0.1517096E+01 -0.1031507E-04
 -0.1199929E+01 -0.8159766E-05
 -0.8303231E+00 -0.5647822E-05
 -0.4244270E+00 -0.2889060E-05
  0.1880807E-04 -0.4019828E-08
  0.4244627E+00  0.2881203E-05
  0.8303540E+00  0.5640492E-05
  0.1199952E+01  0.8153236E-05
  0.1517105E+01  0.1030967E-04
  0.1767955E+01  0.1201552E-04
  0.1941538E+01  0.1319627E-04
  0.2030282E+01  0.1380034E-04
  0.1991485E+01  0.1355794E-04
  0.1986037E+01  0.1354176E-04
  0.1994598E+01  0.1362070E-04
  0.2009139E+01  0.1374034E-04
  0.2026068E+01  0.1387632E-04
  0.2043737E+01  0.1401743E-04
  0.2061466E+01  0.1415905E-04
  0.2079088E+01  0.1430005E-04
  0.2096697E+01  0.1444096E-04
  0.2114541E+01  0.1458360E-04
  0.2133036E+01  0.1473069E-04
  0.2152758E+01  0.1488616E-04
  0.2174577E+01  0.1505597E-04
  0.2200019E+01  0.1525058E-04
  0.2231743E+01  0.1548835E-04
  0.2276356E+01  0.1581501E-04
  0.2349523E+01  0.1633894E-04
  0.2498771E+01  0.1738915E-04
  0.2974574E+01  0.2070038E-04
  0.2845352E+01  0.1979971E-04
  0.2592035E+01  0.1803542E-04
  0.2224723E+01  0.1547788E-04
  0.1759936E+01  0.1224220E-04
  0.1218336E+01  0.8472054E-05
  0.6234093E+00  0.4331027E-05
  0.9144928E-03 -0.1587495E-08
 -0.6216339E+00 -0.4334269E-05
 -0.1216825E+01 -0.8476283E-05
 -0.1758793E+01 -0.1224762E-04
 -0.2223813E+01 -0.1548322E-04
 -0.2591734E+01 -0.1804278E-04
 -0.2846404E+01 -0.1981400E-04
 -0.2976564E+01 -0.2071859E-04
 -0.2976441E+01 -0.2071635E-04
 -0.2846142E+01 -0.1980825E-04
 -0.2591467E+01 -0.1803453E-04
 -0.2223531E+01 -0.1547263E-04
 -0.1758362E+01 -0.1223427E-04
 -0.1216324E+01 -0.8461087E-05
 -0.6208555E+00 -0.4316309E-05
  0.1716373E-02  0.1682861E-07
  0.6240706E+00  0.4348195E-05
  0.1218943E+01  0.8488003E-05
  0.1760061E+01  0.1225347E-04
  0.2221896E+01  0.1546686E-04
  0.2579580E+01  0.1795518E-04
  0.2839767E+01  0.1976477E-04
  0.2176643E+01  0.1512431E-04
  0.2134070E+01  0.1481252E-04
  0.2103714E+01  0.1458499E-04
  0.2079484E+01  0.1439952E-04
  0.2058645E+01  0.1423730E-04
  0.2039798E+01  0.1408871E-04
  0.2022127E+01  0.1394811E-04
  0.2005059E+01  0.1381170E-04
  0.1988214E+01  0.1367684E-04
  0.1971349E+01  0.1354190E-04
  0.1954404E+01  0.1340650E-04
  0.1937522E+01  0.1327163E-04
  0.1921325E+01  0.1314152E-04
  0.1907423E+01  0.1302713E-04
  0.1899245E+01  0.1295166E-04
  0.1904460E+01  0.1296719E-04
  0.1734143E+01  0.1180848E-04
  0.1488033E+01  0.1013363E-04
  0.1176800E+01  0.8015322E-05
  0.8138874E+00  0.5544995E-05
  0.4153382E+00  0.2831903E-05
 -0.1083802E-02 -0.3066912E-08
 -0.4170702E+00 -0.2835234E-05
 -0.8148575E+00 -0.5543689E-05
 -0.1177198E+01 -0.8010980E-05
 -0.1488214E+01 -0.1012901E-04
 -0.1734244E+01 -0.1180471E-04
 -0.1904489E+01 -0.1296458E-04
 -0.1991510E+01 -0.1355788E-04
 -0.1991497E+01 -0.1355866E-04
 -0.1904444E+01 -0.1296685E-04
 -0.1734158E+01 -0.1180833E-04
 -0.1488081E+01 -0.1013371E-04
 -0.1176967E+01 -0.8016198E-05
 -0.8144169E+00 -0.5548343E-05
 -0.4162695E+00 -0.2837982E-05
  0.6605698E-04 -0.3621537E-08
  0.4163983E+00  0.2830918E-05
  0.8145286E+00  0.5541709E-05
  0.1177059E+01  0.8010289E-05
  0.1488143E+01  0.1012877E-04
  0.1734195E+01  0.1180462E-04
  0.1904453E+01  0.1296460E-04
  0.1899252E+01  0.1294913E-04
  0.1907442E+01  0.1302468E-04
  0.1921353E+01  0.1313910E-04
  0.1937541E+01  0.1326910E-04
  0.1954430E+01  0.1340400E-04
  0.1971378E+01  0.1353939E-04
  0.1988216E+01  0.1367411E-04
  0.2005051E+01  0.1380888E-04
  0.2022132E+01  0.1394536E-04
  0.2039831E+01  0.1408612E-04
  0.2058695E+01  0.1423479E-04
  0.2079577E+01  0.1439727E-04
  0.2103906E+01  0.1458336E-04
  0.2134275E+01  0.1481094E-04
  0.2176965E+01  0.1512348E-04
  0.2246918E+01  0.1562433E-04
  0.2389493E+01  0.1662752E-04
  0.2175840E+01  0.1513961E-04
  0.1867209E+01  0.1299086E-04
  0.1477011E+01  0.1027460E-04
  0.1022390E+01  0.7110208E-05
  0.5231173E+00  0.3635258E-05
  0.8417858E-03  0.4762115E-09
 -0.5214752E+00 -0.3634372E-05
 -0.1020962E+01 -0.7110092E-05
 -0.1475766E+01 -0.1027467E-04
 -0.1866069E+01 -0.1299014E-04
 -0.2174834E+01 -0.1513801E-04
 -0.2388553E+01 -0.1662436E-04
 -0.2497796E+01 -0.1738348E-04
 -0.2497726E+01 -0.1738187E-04
 -0.2388430E+01 -0.1662016E-04
 -0.2174726E+01 -0.1513190E-04
 -0.1866001E+01 -0.1298247E-04
 -0.1475656E+01 -0.1026520E-04
 -0.1020733E+01 -0.7098687E-05
 -0.5211385E+00 -0.3621499E-05
  0.1208446E-02  0.1378256E-07
  0.5234708E+00  0.3648258E-05
  0.1022836E+01  0.7123172E-05
  0.1477329E+01  0.1028557E-04
  0.1866903E+01  0.1299598E-04
  0.2174444E+01  0.1513535E-04
  0.2388405E+01  0.1662335E-04
  0.2246379E+01  0.1562373E-04
  0.1943241E+01  0.1348911E-04
  0.1874514E+01  0.1296493E-04
  0.1857350E+01  0.1282960E-04
  0.1841243E+01  0.1270149E-04
  0.1825702E+01  0.1257723E-04
  0.1810349E+01  0.1245430E-04
  0.1794970E+01  0.1233128E-04
  0.1779485E+01  0.1220764E-04
  0.1764029E+01  0.1208425E-04
  0.1749339E+01  0.1196619E-04
  0.1736745E+01  0.1186242E-04
  0.1729354E+01  0.1179409E-04
  0.1483715E+01  0.1011988E-04
  0.8097676E+00  0.5525500E-05
  0.1172754E+01  0.8000156E-05
  0.4117216E+00  0.2811621E-05
 -0.3580083E-02 -0.2008667E-07
 -0.4176652E+00 -0.2843660E-05
 -0.8134614E+00 -0.5542699E-05
 -0.1174309E+01 -0.8003622E-05
 -0.1484259E+01 -0.1011766E-04
 -0.1729537E+01 -0.1179084E-04
 -0.1899301E+01 -0.1294919E-04
 -0.1986074E+01 -0.1354175E-04
 -0.1986042E+01 -0.1354239E-04
 -0.1899223E+01 -0.1295127E-04
 -0.1729392E+01 -0.1179404E-04
 -0.1483984E+01 -0.1012139E-04
 -0.1173716E+01 -0.8006379E-05
 -0.8121508E+00 -0.5541454E-05
 -0.4150935E+00 -0.2834319E-05
  0.9892094E-04 -0.3378922E-08
  0.4152848E+00  0.2827720E-05
  0.8123191E+00  0.5535229E-05
  0.1173855E+01  0.8000832E-05
  0.1484085E+01  0.1011678E-04
  0.1729461E+01  0.1179059E-04
  0.1736918E+01  0.1185937E-04
  0.1764313E+01  0.1208186E-04
  0.1749577E+01  0.1196351E-04
  0.1779685E+01  0.1220461E-04
  0.1795110E+01  0.1232783E-04
  0.1810436E+01  0.1245049E-04
  0.1825764E+01  0.1257318E-04
  0.1841319E+01  0.1269748E-04
  0.1857440E+01  0.1282565E-04
  0.1874631E+01  0.1296111E-04
  0.1893659E+01  0.1310917E-04
  0.1915861E+01  0.1327894E-04
  0.1943531E+01  0.1348630E-04
  0.1982413E+01  0.1377092E-04
  0.2046075E+01  0.1422665E-04
  0.1755859E+01  0.1220760E-04
  0.9613661E+00  0.6681308E-05
  0.1388929E+01  0.9655198E-05
  0.4917927E+00  0.3415497E-05
  0.6880448E-03  0.1458531E-09
 -0.4904397E+00 -0.3415123E-05
 -0.9601416E+00 -0.6681195E-05
 -0.1387840E+01 -0.9654979E-05
 -0.1754897E+01 -0.1220685E-04
 -0.2045190E+01 -0.1422473E-04
 -0.2246114E+01 -0.1562102E-04
 -0.2348841E+01 -0.1633441E-04
 -0.2348833E+01 -0.1633327E-04
 -0.2246106E+01 -0.1561788E-04
 -0.2045197E+01 -0.1421973E-04
 -0.1754870E+01 -0.1219991E-04
 -0.1387838E+01 -0.9646786E-05
 -0.9600512E+00 -0.6671351E-05
 -0.4903136E+00 -0.3404373E-05
  0.8346844E-03  0.1127391E-07
  0.4919200E+00  0.3426258E-05
  0.9614975E+00  0.6691514E-05
  0.1388917E+01  0.9663346E-05
  0.1755517E+01  0.1221205E-04
  0.2045480E+01  0.1422762E-04
  0.1915568E+01  0.1328169E-04
  0.1893508E+01  0.1311280E-04
  0.1981975E+01  0.1377278E-04
  0.1579935E+01  0.1090004E-04
  0.1593726E+01  0.1100980E-04
  0.1553382E+01  0.1068765E-04
  0.1539868E+01  0.1057994E-04
  0.1525998E+01  0.1046984E-04
  0.1512368E+01  0.1036143E-04
  0.1499877E+01  0.1026087E-04
  0.1489608E+01  0.1017550E-04
 -0.6629711E-02 -0.4090784E-07
 -0.4216405E+00 -0.2875051E-05
  0.8107269E+00  0.5540452E-05
  0.4106133E+00  0.2808327E-05
  0.1176128E+01  0.8035340E-05
 -0.8181075E+00 -0.5582745E-05
 -0.1179792E+01 -0.8053084E-05
 -0.1490781E+01 -0.1017743E-04
 -0.1737013E+01 -0.1185967E-04
 -0.1907491E+01 -0.1302468E-04
 -0.1994633E+01 -0.1362062E-04
 -0.1994594E+01 -0.1362123E-04
 -0.1907397E+01 -0.1302663E-04
 -0.1736827E+01 -0.1186263E-04
 -0.1490357E+01 -0.1018021E-04
 -0.1178750E+01 -0.8052852E-05
 -0.8156257E+00 -0.5573535E-05
 -0.4168661E+00 -0.2850712E-05
  0.1075624E-03 -0.3322093E-08
  0.4170754E+00  0.2844219E-05
  0.8158171E+00  0.5567464E-05
  0.1178909E+01  0.8047431E-05
  0.1490487E+01  0.1017577E-04
  0.1540353E+01  0.1057730E-04
  0.1553500E+01  0.1068248E-04
  0.1513971E+01  0.1036652E-04
  0.1527142E+01  0.1047175E-04
  0.1501341E+01  0.1026508E-04
  0.1566646E+01  0.1078770E-04
  0.1579991E+01  0.1089435E-04
  0.1593832E+01  0.1100439E-04
  0.1608601E+01  0.1112078E-04
  0.1624957E+01  0.1124800E-04
  0.1644035E+01  0.1139386E-04
  0.1667756E+01  0.1157158E-04
  0.1701195E+01  0.1181631E-04
  0.5451949E-03 -0.5542518E-09
 -0.4752871E+00 -0.3306279E-05
  0.9313506E+00  0.6466644E-05
  0.4763516E+00  0.3305237E-05
  0.1345648E+01  0.9345475E-05
 -0.9303443E+00 -0.6467500E-05
 -0.1344744E+01 -0.9346015E-05
 -0.1700374E+01 -0.1181606E-04
 -0.1981670E+01 -0.1376957E-04
 -0.2176315E+01 -0.1512092E-04
 -0.2275839E+01 -0.1581138E-04
 -0.2275851E+01 -0.1581041E-04
 -0.2176347E+01 -0.1511813E-04
 -0.1981707E+01 -0.1376494E-04
 -0.1700435E+01 -0.1180997E-04
 -0.1344807E+01 -0.9338554E-05
 -0.9303960E+00 -0.6458907E-05
 -0.4752874E+00 -0.3296718E-05
  0.5820505E-03  0.9499438E-08
  0.4763612E+00  0.3314870E-05
  0.9313043E+00  0.6475289E-05
  0.1345516E+01  0.9352517E-05
  0.1700879E+01  0.1182072E-04
  0.1643756E+01  0.1139824E-04
  0.1624793E+01  0.1125309E-04
  0.1566605E+01  0.1079346E-04
  0.1667601E+01  0.1157696E-04
  0.1608459E+01  0.1112597E-04
  0.1228979E+01  0.8457076E-05
  0.1217717E+01  0.8367905E-05
  0.1183458E+01  0.8097458E-05
 -0.8242356E+00 -0.5632823E-05
 -0.1188374E+01 -0.8123609E-05
 -0.4247938E+00 -0.2900825E-05
 -0.6409176E-02 -0.3941933E-07
  0.8157360E+00  0.5582974E-05
  0.4136640E+00  0.2833400E-05
  0.1260538E+01  0.8702030E-05
 -0.1749671E+01 -0.1196375E-04
 -0.1921388E+01 -0.1313895E-04
 -0.2009157E+01 -0.1374009E-04
 -0.2009122E+01 -0.1374075E-04
 -0.1921281E+01 -0.1314086E-04
 -0.1749472E+01 -0.1196666E-04
 -0.1501197E+01 -0.1026941E-04
 -0.1187323E+01 -0.8123402E-05
 -0.8215628E+00 -0.5622408E-05
 -0.4199104E+00 -0.2875767E-05
  0.8593403E-04 -0.3492055E-08
  0.4200873E+00  0.2869024E-05
  0.8217347E+00  0.5616167E-05
  0.1187483E+01  0.8117986E-05
  0.1239015E+01  0.8530537E-05
  0.1249570E+01  0.8614848E-05
  0.1228634E+01  0.8447390E-05
  0.1218275E+01  0.8364472E-05
  0.1197454E+01  0.8198087E-05
  0.1207849E+01  0.8281136E-05
 -0.1667135E+01 -0.1157258E-04
  0.1272249E+01  0.8794256E-05
  0.1285226E+01  0.8895162E-05
  0.1300363E+01  0.9010866E-05
  0.1319201E+01  0.9151955E-05
 -0.9122660E+00 -0.6334940E-05
 -0.1318505E+01 -0.9153734E-05
 -0.4661456E+00 -0.3239150E-05
  0.3419859E-03 -0.1844640E-08
  0.9129617E+00  0.6332170E-05
  0.4668543E+00  0.3235872E-05
 -0.1942918E+01 -0.1348571E-04
 -0.2133782E+01 -0.1480938E-04
 -0.2231360E+01 -0.1548562E-04
 -0.2231373E+01 -0.1548470E-04
 -0.2133862E+01 -0.1480698E-04
 -0.1943019E+01 -0.1348161E-04
 -0.1667300E+01 -0.1156730E-04
 -0.1318661E+01 -0.9147076E-05
 -0.9123718E+00 -0.6326932E-05
 -0.4661908E+00 -0.3230105E-05
  0.3312937E-03  0.7661939E-08
  0.4668103E+00  0.3244974E-05
  0.9128579E+00  0.6340228E-05
  0.1319021E+01  0.9158493E-05
  0.1272209E+01  0.8801469E-05
  0.1239608E+01  0.8541916E-05
  0.1285113E+01  0.8901950E-05
 -0.1501610E+01 -0.1026649E-04
  0.1300202E+01  0.9017409E-05
  0.1260650E+01  0.8710173E-05
  0.1193712E+01  0.8179537E-05
  0.1205682E+01  0.8273485E-05
  0.1249922E+01  0.8624609E-05
  0.8525637E+00  0.5868474E-05
  0.8442968E+00  0.5803463E-05
  0.4205402E+00  0.2884687E-05
 -0.8291719E+00 -0.5674765E-05
 -0.1197571E+01 -0.8198374E-05
  0.8245190E+00  0.5651327E-05
 -0.4248602E+00 -0.2905437E-05
 -0.2136265E-02 -0.1015233E-07
  0.8893344E+00  0.6153659E-05
 -0.1764338E+01 -0.1208156E-04
  0.8500848E+00  0.5843228E-05
 -0.2026071E+01 -0.1387590E-04
 -0.1937529E+01 -0.1326861E-04
 -0.1937447E+01 -0.1327070E-04
 -0.1764193E+01 -0.1208491E-04
 -0.1513826E+01 -0.1037085E-04
 -0.1197319E+01 -0.8203698E-05
 -0.8284935E+00 -0.5678086E-05
 -0.4234787E+00 -0.2904401E-05
  0.4001216E-04 -0.3821935E-08
  0.4235729E+00  0.2897057E-05
  0.8286116E+00  0.5671428E-05
  0.8357775E+00  0.5728717E-05
 -0.1643654E+01 -0.1139643E-04
  0.8645439E+00  0.5958899E-05
  0.8572444E+00  0.5900568E-05
  0.8429545E+00  0.5786108E-05
 -0.2103636E+01 -0.1458333E-04
  0.8998628E+00  0.6234106E-05
 -0.4596894E+00 -0.3190637E-05
  0.8802937E+00  0.6083439E-05
  0.4600607E+00  0.3185095E-05
 -0.2199822E+01 -0.1524913E-04
 -0.1299963E+01 -0.9014621E-05
 -0.8994743E+00 -0.6238920E-05
  0.1833317E-03 -0.2896698E-08
 -0.1915502E+01 -0.1328009E-04
 -0.2199866E+01 -0.1524846E-04
 -0.2103731E+01 -0.1458108E-04
 -0.1915631E+01 -0.1327628E-04
 -0.1643783E+01 -0.1139104E-04
 -0.1300103E+01 -0.9007967E-05
 -0.8995948E+00 -0.6231141E-05
 -0.4597791E+00 -0.3182035E-05
  0.1356700E-03  0.6203614E-08
  0.4600209E+00  0.3194062E-05
  0.8997859E+00  0.6242186E-05
  0.8727798E+00  0.6032038E-05
  0.8593814E+00  0.5923524E-05
 -0.1513949E+01 -0.1036587E-04
  0.8893272E+00  0.6162145E-05
  0.8346217E+00  0.5728810E-05
  0.8659021E+00  0.5976557E-05
  0.8804742E+00  0.6093107E-05
 -0.2026034E+01 -0.1387654E-04
  0.8721486E+00  0.6019331E-05
  0.4348782E+00  0.2991549E-05
  0.2562997E-02  0.2212695E-07
 -0.1206761E+01 -0.8273112E-05
  0.4344271E+00  0.2983996E-05
 -0.2043682E+01 -0.1401749E-04
 -0.1779577E+01 -0.1220337E-04
  0.4545918E+00  0.3143381E-05
 -0.1527018E+01 -0.1047621E-04
  0.4308272E+00  0.2955122E-05
  0.4456804E+00  0.3073830E-05
 -0.1954400E+01 -0.1340330E-04
 -0.1779560E+01 -0.1220763E-04
 -0.8357453E+00 -0.5735976E-05
 -0.4272213E+00 -0.2934252E-05
 -0.1996061E-04 -0.4245837E-08
  0.4272006E+00  0.2926068E-05
 -0.2174486E+01 -0.1505441E-04
  0.4417762E+00  0.3042824E-05
 -0.8892052E+00 -0.6160275E-05
 -0.1624717E+01 -0.1125156E-04
  0.4380536E+00  0.3013070E-05
 -0.1893546E+01 -0.1310742E-04
 -0.2174466E+01 -0.1505521E-04
 -0.1893425E+01 -0.1311123E-04
 -0.2079472E+01 -0.1439557E-04
 -0.4545259E+00 -0.3151003E-05
 -0.1285024E+01 -0.8900304E-05
  0.4498938E+00  0.3106953E-05
 -0.1207761E+01 -0.8287109E-05
 -0.1954331E+01 -0.1340553E-04
 -0.1624870E+01 -0.1124641E-04
 -0.1285158E+01 -0.8893711E-05
 -0.8892686E+00 -0.6152216E-05
 -0.4544814E+00 -0.3141598E-05
  0.1364725E-03  0.6110085E-08
  0.4546952E+00  0.3153228E-05
  0.4503906E+00  0.3119396E-05
  0.4417940E+00  0.3047611E-05
  0.4441860E+00  0.3068300E-05
  0.4391977E+00  0.3025492E-05
 -0.2043717E+01 -0.1401682E-04
 -0.2079381E+01 -0.1439785E-04
  0.4282898E+00  0.2942054E-05
 -0.8338196E+00 -0.5714752E-05
  0.4469357E+00  0.3091429E-05
  0.1716982E-04 -0.4038469E-08
 -0.1526671E+01 -0.1046798E-04
 -0.2061400E+01 -0.1415901E-04
 -0.1272180E+01 -0.8792915E-05
 -0.1608562E+01 -0.1111962E-04
 -0.8801370E+00 -0.6081452E-05
 -0.1540269E+01 -0.1058207E-04
 -0.2152713E+01 -0.1488502E-04
 -0.2070602E-03 -0.5575785E-08
 -0.1971337E+01 -0.1353857E-04
 -0.1794991E+01 -0.1233090E-04
  0.5074749E-02  0.3948388E-07
 -0.8430345E+00 -0.5794164E-05
 -0.4309826E+00 -0.2964258E-05
 -0.1608473E+01 -0.1112516E-04
 -0.2330592E-03 -0.5757556E-08
 -0.1874584E+01 -0.1295993E-04
 -0.1874475E+01 -0.1296378E-04
 -0.8803832E+00 -0.6091565E-05
 -0.2058654E+01 -0.1423365E-04
 -0.2164418E-03 -0.5640253E-08
 -0.2058561E+01 -0.1423585E-04
 -0.4500881E+00 -0.3116379E-05
 -0.4265843E+00 -0.2925463E-05
 -0.9078864E-04 -0.4755726E-08
 -0.2152682E+01 -0.1488576E-04
 -0.1272219E+01 -0.8800621E-05
 -0.1205289E-03 -0.4990120E-08
 -0.4495562E+00 -0.3103707E-05
  0.5325094E-03  0.8747293E-08
 -0.2061441E+01 -0.1415837E-04
  0.2708206E-02  0.2354644E-07
  0.5209683E-02  0.4052711E-07
  0.4126153E-02  0.3318715E-07
 -0.1216474E+01 -0.8351525E-05
 -0.1646310E-03 -0.5265107E-08
 -0.1539638E+01 -0.1057180E-04
 -0.1794910E+01 -0.1232593E-04
 -0.1218255E+01 -0.8370914E-05
  0.1387120E-02  0.1454135E-07
 -0.8398696E+00 -0.5764373E-05
 -0.1971270E+01 -0.1354084E-04
 -0.4446054E+00 -0.3065608E-05
 -0.1857324E+01 -0.1282864E-04
 -0.8470796E+00 -0.5821968E-05
 -0.1553445E+01 -0.1068745E-04
 -0.4421970E+00 -0.3053836E-05
 -0.1228686E+01 -0.8454335E-05
 -0.1810236E+01 -0.1244852E-04
 -0.1552749E+01 -0.1067672E-04
 -0.8502846E+00 -0.5852115E-05
 -0.4347179E+00 -0.2994092E-05
 -0.1593773E+01 -0.1100929E-04
 -0.1260189E+01 -0.8698839E-05
 -0.2039720E+01 -0.1408741E-04
 -0.1857383E+01 -0.1282447E-04
 -0.2079062E+01 -0.1429931E-04
 -0.8723769E+00 -0.6028411E-05
 -0.2039807E+01 -0.1408520E-04
 -0.1260607E+01 -0.8709072E-05
 -0.4460434E+00 -0.3084446E-05
 -0.1988104E+01 -0.1367552E-04
 -0.4301709E+00 -0.2954159E-05
 -0.2132986E+01 -0.1473057E-04
 -0.1226880E+01 -0.8434735E-05
 -0.1593687E+01 -0.1100262E-04
 -0.1810333E+01 -0.1245363E-04
 -0.2079014E+01 -0.1429990E-04
 -0.4384424E+00 -0.3023863E-05
 -0.2133014E+01 -0.1472981E-04
 -0.4347035E+00 -0.2989376E-05
 -0.1988163E+01 -0.1367318E-04
 -0.8714598E+00 -0.6013768E-05
 -0.4395684E+00 -0.3026892E-05
 -0.1841217E+01 -0.1270059E-04
 -0.1579625E+01 -0.1089114E-04
 -0.8630396E+00 -0.5947809E-05
 -0.2004956E+01 -0.1381038E-04
 -0.1239110E+01 -0.8537761E-05
 -0.1825586E+01 -0.1257132E-04
 -0.4246831E+00 -0.2908344E-05
 -0.1248737E+01 -0.8608415E-05
 -0.2022038E+01 -0.1394684E-04
 -0.1841200E+01 -0.1269597E-04
 -0.8575078E+00 -0.5909912E-05
 -0.8548648E+00 -0.5883546E-05
 -0.2005002E+01 -0.1380793E-04
 -0.2022097E+01 -0.1394445E-04
 -0.8648278E+00 -0.5968372E-05
 -0.1566614E+01 -0.1079285E-04
 -0.2114491E+01 -0.1458355E-04
 -0.2096669E+01 -0.1444020E-04
 -0.1579959E+01 -0.1089946E-04
 -0.1249686E+01 -0.8622242E-05
 -0.2114520E+01 -0.1458280E-04
 -0.2096628E+01 -0.1444087E-04
 -0.1825652E+01 -0.1257626E-04
 -0.1237656E+01 -0.8520525E-05
 -0.1566043E+01 -0.1078292E-04
  0.1295211E+01  0.9374565E-05
  0.1230221E+01  0.8924890E-05
  0.1240357E+01  0.8971218E-05
  0.1261461E+01  0.9130920E-05
  0.1255503E+01  0.9087559E-05
  0.1227139E+01  0.8882764E-05
  0.1190625E+01  0.8618949E-05
  0.1148740E+01  0.8316290E-05
  0.1101827E+01  0.7977408E-05
  0.1050089E+01  0.7603408E-05
  0.9937738E+00  0.7196365E-05
  0.9331203E+00  0.6758052E-05
  0.8683936E+00  0.6290031E-05
  0.7998667E+00  0.5794811E-05
  0.7278450E+00  0.5274374E-05
  0.6526437E+00  0.4730597E-05
  0.5746002E+00  0.4166623E-05
  0.4940337E+00  0.3584056E-05
  0.4112936E+00  0.2985758E-05
  0.3267597E+00  0.2374667E-05
  0.2408358E+00  0.1753545E-05
  0.1538686E+00  0.1124644E-05
  0.6647988E-01  0.4926500E-06
 -0.6395005E-01 -0.4504259E-06
  0.1277050E+01  0.9242900E-05
 -0.3177172E+00 -0.2285365E-05
  0.1146051E+01  0.8315607E-05
 -0.5588460E+00 -0.4029276E-05
  0.1210062E+01  0.8757981E-05
 -0.7780417E+00 -0.5614522E-05
  0.1016682E+01  0.7378614E-05
 -0.9667454E+00 -0.6979316E-05
  0.1095419E+01  0.7928510E-05
 -0.1117482E+01 -0.8069964E-05
  0.8475709E+00  0.6153662E-05
 -0.1224361E+01 -0.8843153E-05
  0.9379252E+00  0.6789150E-05
 -0.1283218E+01 -0.9269514E-05
  0.6452149E+00  0.4687561E-05
 -0.1291685E+01 -0.9331378E-05
  0.7435467E+00  0.5383161E-05
 -0.1249417E+01 -0.9026356E-05
  0.4175641E+00  0.3038271E-05
 -0.1158112E+01 -0.8366554E-05
  0.5200117E+00  0.3766508E-05
 -0.1021389E+01 -0.7378395E-05
  0.1735843E+00  0.1270407E-05
 -0.8445975E+00 -0.6100531E-05
  0.2761258E+00  0.2003038E-05
 -0.6346589E+00 -0.4582776E-05
 -0.7711704E-01 -0.5461384E-06
 -0.3998545E+00 -0.2885019E-05
  0.2144467E-01  0.1611838E-06
 -0.1493936E+00 -0.1073927E-05
 -0.3247631E+00 -0.2340666E-05
  0.1069393E+00  0.7794029E-06
 -0.2340198E+00 -0.1685976E-05
  0.3591230E+00  0.2602966E-05
 -0.5597215E+00 -0.4043751E-05
  0.5972844E+00  0.4325426E-05
 -0.4803230E+00 -0.3466805E-05
  0.8120309E+00  0.5878648E-05
 -0.7727567E+00 -0.5587574E-05
  0.9948893E+00  0.7201122E-05
 -0.7078130E+00 -0.5111561E-05
  0.1138673E+01  0.8241590E-05
 -0.9555137E+00 -0.6912617E-05
  0.1237875E+01  0.8959343E-05
 -0.9075583E+00 -0.6555367E-05
  0.1288552E+01  0.9326237E-05
  0.1294609E+01  0.9370055E-05
  0.3579858E-01  0.2660843E-06
 -0.1100774E+01 -0.7965384E-05
 -0.4168659E+00 -0.2995264E-05
 -0.1071683E+01 -0.7741732E-05
 -0.6525694E+00 -0.4698580E-05
 -0.1202868E+01 -0.8705662E-05
 -0.8626881E+00 -0.6217529E-05
 -0.1193770E+01 -0.8624262E-05
 -0.1038948E+01 -0.7491964E-05
 -0.1257766E+01 -0.9104204E-05
 -0.1174425E+01 -0.8472004E-05
 -0.1269019E+01 -0.9167746E-05
 -0.1263822E+01 -0.9119342E-05
 -0.1263254E+01 -0.9144412E-05
 -0.1303651E+01 -0.9408525E-05
 -0.1294455E+01 -0.9351133E-05
 -0.1292274E+01 -0.9327924E-05
 -0.1219096E+01 -0.8825110E-05
 -0.1230157E+01 -0.8880766E-05
 -0.1269062E+01 -0.9166930E-05
 -0.1119793E+01 -0.8084876E-05
 -0.1127118E+01 -0.8159266E-05
 -0.9654925E+00 -0.6971464E-05
 -0.1193856E+01 -0.8622583E-05
 -0.7732871E+00 -0.5583955E-05
 -0.9908754E+00 -0.7172373E-05
 -0.5507642E+00 -0.3977367E-05
 -0.1071790E+01 -0.7739419E-05
 -0.3066387E+00 -0.2214178E-05
 -0.8157613E+00 -0.5903757E-05
 -0.5052054E-01 -0.3640931E-06
 -0.9076737E+00 -0.6552325E-05
  0.2076003E+00  0.1500487E-05
 -0.6086450E+00 -0.4403268E-05
  0.4576378E+00  0.3307089E-05
 -0.7079298E+00 -0.5107561E-05
  0.6897637E+00  0.4984672E-05
 -0.3776710E+00 -0.2729772E-05
  0.8948324E+00  0.6466969E-05
 -0.4804167E+00 -0.3462190E-05
  0.1064767E+01  0.7696141E-05
 -0.1318183E+00 -0.9483399E-06
  0.1192869E+01  0.8622785E-05
 -0.2340590E+00 -0.1680588E-05
  0.1274122E+01  0.9211114E-05
  0.1277933E+01  0.9249855E-05
 -0.1647584E+00 -0.1173544E-05
  0.1289477E+01  0.9333246E-05
  0.0000000E+00  0.0000000E+00
  0.0000000E+00  0.0000000E+00
  0.0000000E+00  0.0000000E+00
  0.0000000E+00  0.0000000E+00
  0.0000000E+00  0.0000000E+00
  0.0000000E+00  0.0000000E+00
  0.0000000E+00  0.0000000E+00
  0.0000000E+00  0.0000000E+00
  0.0000000E+00  0.0000000E+00
  0.0000000E+00  0.0000000E+00
  0.0000000E+00  0.0000000E+00
  0.0000000E+00  0.0000000E+00
  0.0000000E+00  0.0000000E+00
  0.0000000E+00  0.0000000E+00
  0.0000000E+00  0.0000000E+00
  0.0000000E+00  0.0000000E+00
  0.0000000E+00  0.0000000E+00
  0.0000000E+00  0.0000000E+00
  0.0000000E+00  0.0000000E+00
  0.0000000E+00  0.0000000E+00
  0.0000000E+00  0.0000000E+00
  0.0000000E+00  0.0000000E+00
  0.0000000E+00  0.0000000E+00
  0.0000000E+00  0.0000000E+00
  0.0000000E+00  0.0000000E+00
  0.0000000E+00  0.0000000E+00
  0.0000000E+00  0.0000000E+00
  0.0000000E+00  0.0000000E+00
  0.0000000E+00  0.0000000E+00
  0.0000000E+00  0.0000000E+00
  0.0000000E+00  0.0000000E+00
  0.0000000E+00  0.0000000E+00
  0.0000000E+00  0.0000000E+00
  0.0000000E+00  0.0000000E+00
  0.0000000E+00  0.0000000E+00
  0.0000000E+00  0.0000000E+00
  0.0000000E+00  0.0000000E+00
  0.0000000E+00  0.0000000E+00
  0.0000000E+00  0.0000000E+00
  0.0000000E+00  0.0000000E+00
  0.0000000E+00  0.0000000E+00
  0.0000000E+00  0.0000000E+00
  0.0000000E+00  0.0000000E+00
  0.0000000E+00  0.0000000E+00
  0.0000000E+00  0.0000000E+00
  0.0000000E+00  0.0000000E+00
  0.0000000E+00  0.0000000E+00
  0.0000000E+00  0.0000000E+00
  0.0000000E+00  0.0000000E+00
  0.0000000E+00  0.0000000E+00
  0.0000000E+00  0.0000000E+00
  0.0000000E+00  0.0000000E+00
  0.0000000E+00  0.0000000E+00
  0.0000000E+00  0.0000000E+00
  0.0000000E+00  0.0000000E+00
  0.0000000E+00  0.0000000E+00
  0.0000000E+00  0.0000000E+00
  0.0000000E+00  0.0000000E+00
  0.0000000E+00  0.0000000E+00
  0.0000000E+00  0.0000000E+00
  0.0000000E+00  0.0000000E+00
  0.0000000E+00  0.0000000E+00
  0.0000000E+00  0.0000000E+00
  0.0000000E+00  0.0000000E+00
  0.0000000E+00  0.0000000E+00
  0.0000000E+00  0.0000000E+00
  0.0000000E+00  0.0000000E+00
  0.0000000E+00  0.0000000E+00
  0.0000000E+00  0.0000000E+00
  0.0000000E+00  0.0000000E+00
  0.0000000E+00  0.0000000E+00
  0.0000000E+00  0.0000000E+00
  0.0000000E+00  0.0000000E+00
  0.0000000E+00  0.0000000E+00
  0.0000000E+00  0.0000000E+00
  0.0000000E+00  0.0000000E+00
  0.0000000E+00  0.0000000E+00
  0.0000000E+00  0.0000000E+00
  0.0000000E+00  0.0000000E+00
  0.0000000E+00  0.0000000E+00
  0.0000000E+00  0.0000000E+00
  0.0000000E+00  0.0000000E+00
  0.0000000E+00  0.0000000E+00
  0.0000000E+00  0.0000000E+00
  0.0000000E+00  0.0000000E+00
  0.0000000E+00  0.0000000E+00
  0.0000000E+00  0.0000000E+00
  0.0000000E+00  0.0000000E+00
  0.0000000E+00  0.0000000E+00
  0.0000000E+00  0.0000000E+00
  0.0000000E+00  0.0000000E+00
  0.0000000E+00  0.0000000E+00
  0.0000000E+00  0.0000000E+00
  0.0000000E+00  0.0000000E+00
  0.0000000E+00  0.0000000E+00
  0.0000000E+00  0.0000000E+00
  0.0000000E+00  0.0000000E+00
  0.0000000E+00  0.0000000E+00
  0.0000000E+00  0.0000000E+00
  0.0000000E+00  0.0000000E+00
  0.0000000E+00  0.0000000E+00
  0.0000000E+00  0.0000000E+00
  0.0000000E+00  0.0000000E+00
  0.0000000E+00  0.0000000E+00
  0.0000000E+00  0.0000000E+00
  0.0000000E+00  0.0000000E+00
  0.0000000E+00  0.0000000E+00
  0.0000000E+00  0.0000000E+00
  0.0000000E+00  0.0000000E+00
  0.0000000E+00  0.0000000E+00
  0.0000000E+00  0.0000000E+00
  0.0000000E+00  0.0000000E+00
  0.0000000E+00  0.0000000E+00
  0.0000000E+00  0.0000000E+00
  0.0000000E+00  0.0000000E+00
  0.0000000E+00  0.0000000E+00
  0.0000000E+00  0.0000000E+00
  0.0000000E+00  0.0000000E+00
  0.0000000E+00  0.0000000E+00
  0.0000000E+00  0.0000000E+00
  0.0000000E+00  0.0000000E+00
  0.0000000E+00  0.0000000E+00
  0.0000000E+00  0.0000000E+00
  0.0000000E+00  0.0000000E+00
  0.0000000E+00  0.0000000E+00
  0.0000000E+00  0.0000000E+00
  0.0000000E+00  0.0000000E+00
  0.0000000E+00  0.0000000E+00
  0.0000000E+00  0.0000000E+00
  0.0000000E+00  0.0000000E+00
  0.0000000E+00  0.0000000E+00
  0.0000000E+00  0.0000000E+00
  0.0000000E+00  0.0000000E+00
  0.0000000E+00  0.0000000E+00
  0.0000000E+00  0.0000000E+00
  0.0000000E+00  0.0000000E+00
  0.0000000E+00  0.0000000E+00
  0.0000000E+00  0.0000000E+00
  0.0000000E+00  0.0000000E+00
  0.0000000E+00  0.0000000E+00
  0.0000000E+00  0.0000000E+00
  0.0000000E+00  0.0000000E+00
  0.0000000E+00  0.0000000E+00
  0.0000000E+00  0.0000000E+00
  0.0000000E+00  0.0000000E+00
  0.0000000E+00  0.0000000E+00
  0.0000000E+00  0.0000000E+00
  0.0000000E+00  0.0000000E+00
  0.0000000E+00  0.0000000E+00
  0.0000000E+00  0.0000000E+00
  0.0000000E+00  0.0000000E+00
  0.0000000E+00  0.0000000E+00
  0.0000000E+00  0.0000000E+00
  0.0000000E+00  0.0000000E+00
  0.0000000E+00  0.0000000E+00
  0.0000000E+00  0.0000000E+00
  0.0000000E+00  0.0000000E+00
  0.0000000E+00  0.0000000E+00
  0.0000000E+00  0.0000000E+00
  0.0000000E+00  0.0000000E+00
  0.0000000E+00  0.0000000E+00
  0.0000000E+00  0.0000000E+00
  0.0000000E+00  0.0000000E+00
  0.0000000E+00  0.0000000E+00
  0.0000000E+00  0.0000000E+00
  0.0000000E+00  0.0000000E+00
  0.0000000E+00  0.0000000E+00
  0.0000000E+00  0.0000000E+00
  0.0000000E+00  0.0000000E+00
  0.0000000E+00  0.0000000E+00
  0.0000000E+00  0.0000000E+00
  0.0000000E+00  0.0000000E+00
  0.0000000E+00  0.0000000E+00
  0.0000000E+00  0.0000000E+00
  0.0000000E+00  0.0000000E+00
  0.0000000E+00  0.0000000E+00
  0.0000000E+00  0.0000000E+00
  0.0000000E+00  0.0000000E+00
  0.0000000E+00  0.0000000E+00
  0.0000000E+00  0.0000000E+00
  0.0000000E+00  0.0000000E+00
  0.0000000E+00  0.0000000E+00
  0.0000000E+00  0.0000000E+00
  0.0000000E+00  0.0000000E+00
  0.0000000E+00  0.0000000E+00
  0.0000000E+00  0.0000000E+00
  0.0000000E+00  0.0000000E+00
  0.0000000E+00  0.0000000E+00
  0.0000000E+00  0.0000000E+00
  0.0000000E+00  0.0000000E+00
  0.0000000E+00  0.0000000E+00
  0.0000000E+00  0.0000000E+00
  0.0000000E+00  0.0000000E+00
  0.0000000E+00  0.0000000E+00
  0.0000000E+00  0.0000000E+00
  0.0000000E+00  0.0000000E+00
  0.0000000E+00  0.0000000E+00
  0.0000000E+00  0.0000000E+00
  0.0000000E+00  0.0000000E+00
  0.0000000E+00  0.0000000E+00
  0.0000000E+00  0.0000000E+00
  0.0000000E+00  0.0000000E+00
  0.0000000E+00  0.0000000E+00
  0.0000000E+00  0.0000000E+00
  0.0000000E+00  0.0000000E+00
  0.0000000E+00  0.0000000E+00
  0.0000000E+00  0.0000000E+00
  0.0000000E+00  0.0000000E+00
  0.0000000E+00  0.0000000E+00
  0.0000000E+00  0.0000000E+00
  0.0000000E+00  0.0000000E+00
  0.0000000E+00  0.0000000E+00
  0.0000000E+00  0.0000000E+00
  0.0000000E+00  0.0000000E+00
  0.0000000E+00  0.0000000E+00
  0.0000000E+00  0.0000000E+00
  0.0000000E+00  0.0000000E+00
  0.0000000E+00  0.0000000E+00
  0.0000000E+00  0.0000000E+00
  0.0000000E+00  0.0000000E+00
  0.0000000E+00  0.0000000E+00
  0.0000000E+00  0.0000000E+00
  0.0000000E+00  0.0000000E+00
  0.0000000E+00  0.0000000E+00
  0.0000000E+00  0.0000000E+00
  0.0000000E+00  0.0000000E+00
  0.0000000E+00  0.0000000E+00
  0.0000000E+00  0.0000000E+00
  0.0000000E+00  0.0000000E+00
  0.0000000E+00  0.0000000E+00
  0.0000000E+00  0.0000000E+00
  0.0000000E+00  0.0000000E+00
  0.0000000E+00  0.0000000E+00
  0.0000000E+00  0.0000000E+00
  0.0000000E+00  0.0000000E+00
  0.0000000E+00  0.0000000E+00
  0.0000000E+00  0.0000000E+00
  0.0000000E+00  0.0000000E+00
  0.0000000E+00  0.0000000E+00
  0.0000000E+00  0.0000000E+00
  0.0000000E+00  0.0000000E+00
  0.0000000E+00  0.0000000E+00
  0.0000000E+00  0.0000000E+00
  0.0000000E+00  0.0000000E+00
  0.0000000E+00  0.0000000E+00
  0.0000000E+00  0.0000000E+00
  0.0000000E+00  0.0000000E+00
  0.0000000E+00  0.0000000E+00
  0.0000000E+00  0.0000000E+00
  0.0000000E+00  0.0000000E+00
  0.0000000E+00  0.0000000E+00
  0.0000000E+00  0.0000000E+00
  0.0000000E+00  0.0000000E+00
  0.0000000E+00  0.0000000E+00
  0.0000000E+00  0.0000000E+00
  0.0000000E+00  0.0000000E+00
  0.0000000E+00  0.0000000E+00
  0.0000000E+00  0.0000000E+00
  0.0000000E+00  0.0000000E+00
  0.0000000E+00  0.0000000E+00
  0.0000000E+00  0.0000000E+00
  0.0000000E+00  0.0000000E+00
  0.0000000E+00  0.0000000E+00
  0.0000000E+00  0.0000000E+00
  0.0000000E+00  0.0000000E+00
  0.0000000E+00  0.0000000E+00
  0.0000000E+00  0.0000000E+00
  0.0000000E+00  0.0000000E+00
  0.0000000E+00  0.0000000E+00
  0.0000000E+00  0.0000000E+00
  0.0000000E+00  0.0000000E+00
  0.0000000E+00  0.0000000E+00
  0.0000000E+00  0.0000000E+00
  0.0000000E+00  0.0000000E+00
  0.0000000E+00  0.0000000E+00
  0.0000000E+00  0.0000000E+00
  0.0000000E+00  0.0000000E+00
  0.0000000E+00  0.0000000E+00
  0.0000000E+00  0.0000000E+00
  0.0000000E+00  0.0000000E+00
  0.0000000E+00  0.0000000E+00
  0.0000000E+00  0.0000000E+00
  0.0000000E+00  0.0000000E+00
  0.0000000E+00  0.0000000E+00
  0.0000000E+00  0.0000000E+00
  0.0000000E+00  0.0000000E+00
  0.0000000E+00  0.0000000E+00
  0.0000000E+00  0.0000000E+00
  0.0000000E+00  0.0000000E+00
  0.0000000E+00  0.0000000E+00
  0.0000000E+00  0.0000000E+00
  0.0000000E+00  0.0000000E+00
  0.0000000E+00  0.0000000E+00
  0.0000000E+00  0.0000000E+00
  0.0000000E+00  0.0000000E+00
  0.0000000E+00  0.0000000E+00
  0.0000000E+00  0.0000000E+00
  0.0000000E+00  0.0000000E+00
  0.0000000E+00  0.0000000E+00
  0.0000000E+00  0.0000000E+00
  0.0000000E+00  0.0000000E+00
  0.0000000E+00  0.0000000E+00
  0.0000000E+00  0.0000000E+00
  0.0000000E+00  0.0000000E+00
  0.0000000E+00  0.0000000E+00
  0.0000000E+00  0.0000000E+00
  0.0000000E+00  0.0000000E+00
  0.0000000E+00  0.0000000E+00
  0.0000000E+00  0.0000000E+00
  0.0000000E+00  0.0000000E+00
  0.0000000E+00  0.0000000E+00
  0.0000000E+00  0.0000000E+00
  0.0000000E+00  0.0000000E+00
  0.0000000E+00  0.0000000E+00
  0.0000000E+00  0.0000000E+00
  0.0000000E+00  0.0000000E+00
  0.0000000E+00  0.0000000E+00
  0.0000000E+00  0.0000000E+00
  0.0000000E+00  0.0000000E+00
  0.0000000E+00  0.0000000E+00
  0.0000000E+00  0.0000000E+00
  0.0000000E+00  0.0000000E+00
  0.0000000E+00  0.0000000E+00
  0.0000000E+00  0.0000000E+00
  0.0000000E+00  0.0000000E+00
  0.0000000E+00  0.0000000E+00
  0.0000000E+00  0.0000000E+00
  0.0000000E+00  0.0000000E+00
  0.0000000E+00  0.0000000E+00
  0.0000000E+00  0.0000000E+00
  0.0000000E+00  0.0000000E+00
  0.0000000E+00  0.0000000E+00
  0.0000000E+00  0.0000000E+00
  0.0000000E+00  0.0000000E+00
  0.0000000E+00  0.0000000E+00
  0.0000000E+00  0.0000000E+00
  0.0000000E+00  0.0000000E+00
  0.0000000E+00  0.0000000E+00
  0.0000000E+00  0.0000000E+00
  0.0000000E+00  0.0000000E+00
  0.0000000E+00  0.0000000E+00
  0.0000000E+00  0.0000000E+00
  0.0000000E+00  0.0000000E+00
  0.0000000E+00  0.0000000E+00
  0.0000000E+00  0.0000000E+00
  0.0000000E+00  0.0000000E+00
  0.0000000E+00  0.0000000E+00
  0.0000000E+00  0.0000000E+00
  0.0000000E+00  0.0000000E+00
  0.0000000E+00  0.0000000E+00
  0.0000000E+00  0.0000000E+00
  0.0000000E+00  0.0000000E+00
  0.0000000E+00  0.0000000E+00
  0.0000000E+00  0.0000000E+00
  0.0000000E+00  0.0000000E+00
  0.0000000E+00  0.0000000E+00
  0.0000000E+00  0.0000000E+00
  0.0000000E+00  0.0000000E+00
  0.0000000E+00  0.0000000E+00
  0.0000000E+00  0.0000000E+00
  0.0000000E+00  0.0000000E+00
  0.0000000E+00  0.0000000E+00
  0.0000000E+00  0.0000000E+00
  0.0000000E+00  0.0000000E+00
  0.0000000E+00  0.0000000E+00
  0.0000000E+00  0.0000000E+00
  0.0000000E+00  0.0000000E+00
  0.0000000E+00  0.0000000E+00
  0.0000000E+00  0.0000000E+00
  0.0000000E+00  0.0000000E+00
  0.0000000E+00  0.0000000E+00
  0.0000000E+00  0.0000000E+00
  0.0000000E+00  0.0000000E+00
  0.0000000E+00  0.0000000E+00
  0.0000000E+00  0.0000000E+00
  0.0000000E+00  0.0000000E+00
  0.0000000E+00  0.0000000E+00
  0.0000000E+00  0.0000000E+00
  0.0000000E+00  0.0000000E+00
  0.0000000E+00  0.0000000E+00
  0.0000000E+00  0.0000000E+00
  0.0000000E+00  0.0000000E+00
  0.0000000E+00  0.0000000E+00
  0.0000000E+00  0.0000000E+00
  0.0000000E+00  0.0000000E+00
  0.0000000E+00  0.0000000E+00
  0.0000000E+00  0.0000000E+00
  0.0000000E+00  0.0000000E+00
  0.0000000E+00  0.0000000E+00
  0.0000000E+00  0.0000000E+00
  0.0000000E+00  0.0000000E+00
  0.0000000E+00  0.0000000E+00
  0.0000000E+00  0.0000000E+00
  0.0000000E+00  0.0000000E+00
  0.0000000E+00  0.0000000E+00
  0.0000000E+00  0.0000000E+00
  0.0000000E+00  0.0000000E+00
  0.0000000E+00  0.0000000E+00
  0.0000000E+00  0.0000000E+00
  0.0000000E+00  0.0000000E+00
  0.0000000E+00  0.0000000E+00
  0.0000000E+00  0.0000000E+00
  0.0000000E+00  0.0000000E+00
  0.0000000E+00  0.0000000E+00
  0.0000000E+00  0.0000000E+00
  0.0000000E+00  0.0000000E+00
  0.0000000E+00  0.0000000E+00
  0.0000000E+00  0.0000000E+00
  0.0000000E+00  0.0000000E+00
  0.0000000E+00  0.0000000E+00
  0.0000000E+00  0.0000000E+00
  0.0000000E+00  0.0000000E+00
  0.0000000E+00  0.0000000E+00
  0.0000000E+00  0.0000000E+00
  0.0000000E+00  0.0000000E+00
  0.0000000E+00  0.0000000E+00
  0.0000000E+00  0.0000000E+00
  0.0000000E+00  0.0000000E+00
  0.0000000E+00  0.0000000E+00
  0.0000000E+00  0.0000000E+00
  0.0000000E+00  0.0000000E+00
  0.0000000E+00  0.0000000E+00
  0.0000000E+00  0.0000000E+00
  0.0000000E+00  0.0000000E+00
  0.0000000E+00  0.0000000E+00
  0.0000000E+00  0.0000000E+00
  0.0000000E+00  0.0000000E+00
  0.0000000E+00  0.0000000E+00
  0.0000000E+00  0.0000000E+00
  0.0000000E+00  0.0000000E+00
  0.0000000E+00  0.0000000E+00
  0.0000000E+00  0.0000000E+00
  0.0000000E+00  0.0000000E+00
  0.0000000E+00  0.0000000E+00
  0.0000000E+00  0.0000000E+00
  0.0000000E+00  0.0000000E+00
  0.0000000E+00  0.0000000E+00
  0.0000000E+00  0.0000000E+00
  0.0000000E+00  0.0000000E+00
  0.0000000E+00  0.0000000E+00
  0.0000000E+00  0.0000000E+00
  0.0000000E+00  0.0000000E+00
  0.0000000E+00  0.0000000E+00
  0.0000000E+00  0.0000000E+00
  0.0000000E+00  0.0000000E+00
  0.0000000E+00  0.0000000E+00
  0.0000000E+00  0.0000000E+00
  0.0000000E+00  0.0000000E+00
  0.0000000E+00  0.0000000E+00
  0.0000000E+00  0.0000000E+00
  0.0000000E+00  0.0000000E+00
  0.0000000E+00  0.0000000E+00
  0.0000000E+00  0.0000000E+00
  0.0000000E+00  0.0000000E+00
  0.0000000E+00  0.0000000E+00
  0.0000000E+00  0.0000000E+00
  0.0000000E+00  0.0000000E+00
  0.0000000E+00  0.0000000E+00
  0.0000000E+00  0.0000000E+00
  0.0000000E+00  0.0000000E+00
  0.0000000E+00  0.0000000E+00
  0.0000000E+00  0.0000000E+00
  0.0000000E+00  0.0000000E+00
  0.0000000E+00  0.0000000E+00
  0.0000000E+00  0.0000000E+00
  0.0000000E+00  0.0000000E+00
  0.0000000E+00  0.0000000E+00
  0.0000000E+00  0.0000000E+00
  0.0000000E+00  0.0000000E+00
  0.0000000E+00  0.0000000E+00
  0.0000000E+00  0.0000000E+00
  0.0000000E+00  0.0000000E+00
  0.0000000E+00  0.0000000E+00
  0.0000000E+00  0.0000000E+00
  0.0000000E+00  0.0000000E+00
  0.0000000E+00  0.0000000E+00
  0.0000000E+00  0.0000000E+00
  0.0000000E+00  0.0000000E+00
  0.0000000E+00  0.0000000E+00
  0.0000000E+00  0.0000000E+00
  0.0000000E+00  0.0000000E+00
  0.0000000E+00  0.0000000E+00
  0.0000000E+00  0.0000000E+00
  0.0000000E+00  0.0000000E+00
  0.0000000E+00  0.0000000E+00
  0.0000000E+00  0.0000000E+00
  0.0000000E+00  0.0000000E+00
  0.0000000E+00  0.0000000E+00
  0.0000000E+00  0.0000000E+00
  0.0000000E+00  0.0000000E+00
  0.0000000E+00  0.0000000E+00
  0.0000000E+00  0.0000000E+00
  0.0000000E+00  0.0000000E+00
  0.0000000E+00  0.0000000E+00
  0.0000000E+00  0.0000000E+00
  0.0000000E+00  0.0000000E+00
  0.0000000E+00  0.0000000E+00
  0.0000000E+00  0.0000000E+00
  0.0000000E+00  0.0000000E+00
  0.0000000E+00  0.0000000E+00
  0.0000000E+00  0.0000000E+00
  0.0000000E+00  0.0000000E+00
  0.0000000E+00  0.0000000E+00
  0.0000000E+00  0.0000000E+00
  0.0000000E+00  0.0000000E+00
  0.0000000E+00  0.0000000E+00
  0.0000000E+00  0.0000000E+00
  0.0000000E+00  0.0000000E+00
  0.0000000E+00  0.0000000E+00
  0.0000000E+00  0.0000000E+00
  0.0000000E+00  0.0000000E+00
  0.0000000E+00  0.0000000E+00
  0.0000000E+00  0.0000000E+00
  0.0000000E+00  0.0000000E+00
  0.0000000E+00  0.0000000E+00
  0.0000000E+00  0.0000000E+00
  0.0000000E+00  0.0000000E+00
  0.0000000E+00  0.0000000E+00
  0.0000000E+00  0.0000000E+00
  0.0000000E+00  0.0000000E+00
  0.0000000E+00  0.0000000E+00
  0.0000000E+00  0.0000000E+00
  0.0000000E+00  0.0000000E+00
  0.0000000E+00  0.0000000E+00
  0.0000000E+00  0.0000000E+00
  0.0000000E+00  0.0000000E+00
  0.0000000E+00  0.0000000E+00
  0.0000000E+00  0.0000000E+00
  0.0000000E+00  0.0000000E+00
  0.0000000E+00  0.0000000E+00
  0.0000000E+00  0.0000000E+00
  0.0000000E+00  0.0000000E+00
  0.0000000E+00  0.0000000E+00
  0.0000000E+00  0.0000000E+00
  0.0000000E+00  0.0000000E+00
  0.0000000E+00  0.0000000E+00
  0.0000000E+00  0.0000000E+00
  0.0000000E+00  0.0000000E+00
  0.0000000E+00  0.0000000E+00
  0.0000000E+00  0.0000000E+00
  0.0000000E+00  0.0000000E+00
  0.0000000E+00  0.0000000E+00
  0.0000000E+00  0.0000000E+00
  0.0000000E+00  0.0000000E+00
  0.0000000E+00  0.0000000E+00
  0.0000000E+00  0.0000000E+00
  0.0000000E+00  0.0000000E+00
  0.0000000E+00  0.0000000E+00
  0.0000000E+00  0.0000000E+00
  0.0000000E+00  0.0000000E+00
  0.0000000E+00  0.0000000E+00
  0.0000000E+00  0.0000000E+00
  0.0000000E+00  0.0000000E+00
  0.0000000E+00  0.0000000E+00
  0.0000000E+00  0.0000000E+00
  0.0000000E+00  0.0000000E+00
  0.0000000E+00  0.0000000E+00
  0.0000000E+00  0.0000000E+00
  0.0000000E+00  0.0000000E+00
  0.0000000E+00  0.0000000E+00
  0.0000000E+00  0.0000000E+00
  0.0000000E+00  0.0000000E+00
  0.0000000E+00  0.0000000E+00
  0.0000000E+00  0.0000000E+00
  0.0000000E+00  0.0000000E+00
  0.0000000E+00  0.0000000E+00
  0.0000000E+00  0.0000000E+00
  0.0000000E+00  0.0000000E+00
  0.0000000E+00  0.0000000E+00
  0.0000000E+00  0.0000000E+00
  0.0000000E+00  0.0000000E+00
  0.0000000E+00  0.0000000E+00
  0.0000000E+00  0.0000000E+00
  0.0000000E+00  0.0000000E+00
  0.0000000E+00  0.0000000E+00
  0.0000000E+00  0.0000000E+00
  0.0000000E+00  0.0000000E+00
  0.0000000E+00  0.0000000E+00
  0.0000000E+00  0.0000000E+00
  0.0000000E+00  0.0000000E+00
  0.0000000E+00  0.0000000E+00
  0.0000000E+00  0.0000000E+00
  0.0000000E+00  0.0000000E+00
  0.0000000E+00  0.0000000E+00
  0.0000000E+00  0.0000000E+00
  0.0000000E+00  0.0000000E+00
  0.0000000E+00  0.0000000E+00
  0.0000000E+00  0.0000000E+00
  0.0000000E+00  0.0000000E+00
  0.0000000E+00  0.0000000E+00
  0.0000000E+00  0.0000000E+00
  0.0000000E+00  0.0000000E+00
  0.0000000E+00  0.0000000E+00
  0.0000000E+00  0.0000000E+00
  0.0000000E+00  0.0000000E+00
  0.0000000E+00  0.0000000E+00
  0.0000000E+00  0.0000000E+00
  0.0000000E+00  0.0000000E+00
  0.0000000E+00  0.0000000E+00
  0.0000000E+00  0.0000000E+00
  0.0000000E+00  0.0000000E+00
  0.0000000E+00  0.0000000E+00
  0.0000000E+00  0.0000000E+00
  0.0000000E+00  0.0000000E+00
  0.0000000E+00  0.0000000E+00
  0.0000000E+00  0.0000000E+00
  0.0000000E+00  0.0000000E+00
  0.0000000E+00  0.0000000E+00
  0.0000000E+00  0.0000000E+00
  0.0000000E+00  0.0000000E+00
  0.0000000E+00  0.0000000E+00
  0.0000000E+00  0.0000000E+00
  0.0000000E+00  0.0000000E+00
  0.0000000E+00  0.0000000E+00
  0.0000000E+00  0.0000000E+00
  0.0000000E+00  0.0000000E+00
  0.0000000E+00  0.0000000E+00
  0.0000000E+00  0.0000000E+00
  0.0000000E+00  0.0000000E+00
  0.0000000E+00  0.0000000E+00
  0.0000000E+00  0.0000000E+00
  0.0000000E+00  0.0000000E+00
  0.0000000E+00  0.0000000E+00
  0.0000000E+00  0.0000000E+00
  0.0000000E+00  0.0000000E+00
  0.0000000E+00  0.0000000E+00
  0.0000000E+00  0.0000000E+00
  0.0000000E+00  0.0000000E+00
  0.0000000E+00  0.0000000E+00
  0.0000000E+00  0.0000000E+00
  0.0000000E+00  0.0000000E+00
  0.0000000E+00  0.0000000E+00
  0.0000000E+00  0.0000000E+00
  0.0000000E+00  0.0000000E+00
  0.0000000E+00  0.0000000E+00
  0.0000000E+00  0.0000000E+00
  0.0000000E+00  0.0000000E+00
  0.0000000E+00  0.0000000E+00
  0.0000000E+00  0.0000000E+00
  0.0000000E+00  0.0000000E+00
  0.0000000E+00  0.0000000E+00
  0.0000000E+00  0.0000000E+00
  0.0000000E+00  0.0000000E+00
  0.0000000E+00  0.0000000E+00
  0.0000000E+00  0.0000000E+00
  0.0000000E+00  0.0000000E+00
  0.0000000E+00  0.0000000E+00
  0.0000000E+00  0.0000000E+00
  0.0000000E+00  0.0000000E+00
  0.0000000E+00  0.0000000E+00
  0.0000000E+00  0.0000000E+00
  0.0000000E+00  0.0000000E+00
  0.0000000E+00  0.0000000E+00
  0.0000000E+00  0.0000000E+00
  0.0000000E+00  0.0000000E+00
  0.0000000E+00  0.0000000E+00
  0.0000000E+00  0.0000000E+00
  0.0000000E+00  0.0000000E+00
  0.0000000E+00  0.0000000E+00
  0.0000000E+00  0.0000000E+00
  0.0000000E+00  0.0000000E+00
  0.0000000E+00  0.0000000E+00
  0.0000000E+00  0.0000000E+00
  0.0000000E+00  0.0000000E+00
  0.0000000E+00  0.0000000E+00
  0.0000000E+00  0.0000000E+00
  0.0000000E+00  0.0000000E+00
  0.0000000E+00  0.0000000E+00
  0.0000000E+00  0.0000000E+00
  0.0000000E+00  0.0000000E+00
  0.0000000E+00  0.0000000E+00
  0.0000000E+00  0.0000000E+00
  0.0000000E+00  0.0000000E+00
  0.0000000E+00  0.0000000E+00
  0.0000000E+00  0.0000000E+00
  0.0000000E+00  0.0000000E+00
  0.0000000E+00  0.0000000E+00
  0.0000000E+00  0.0000000E+00
  0.0000000E+00  0.0000000E+00
  0.0000000E+00  0.0000000E+00
  0.0000000E+00  0.0000000E+00
  0.0000000E+00  0.0000000E+00
  0.0000000E+00  0.0000000E+00
  0.0000000E+00  0.0000000E+00
  0.0000000E+00  0.0000000E+00
  0.0000000E+00  0.0000000E+00
  0.0000000E+00  0.0000000E+00
  0.0000000E+00  0.0000000E+00
  0.0000000E+00  0.0000000E+00
  0.0000000E+00  0.0000000E+00
  0.0000000E+00  0.0000000E+00
  0.0000000E+00  0.0000000E+00
  0.0000000E+00  0.0000000E+00
  0.0000000E+00  0.0000000E+00
  0.0000000E+00  0.0000000E+00
  0.0000000E+00  0.0000000E+00
  0.0000000E+00  0.0000000E+00
  0.0000000E+00  0.0000000E+00
  0.0000000E+00  0.0000000E+00
  0.0000000E+00  0.0000000E+00
  0.0000000E+00  0.0000000E+00
  0.0000000E+00  0.0000000E+00
  0.0000000E+00  0.0000000E+00
  0.0000000E+00  0.0000000E+00
  0.0000000E+00  0.0000000E+00
  0.0000000E+00  0.0000000E+00
  0.0000000E+00  0.0000000E+00
  0.0000000E+00  0.0000000E+00
  0.0000000E+00  0.0000000E+00
  0.0000000E+00  0.0000000E+00
  0.0000000E+00  0.0000000E+00
  0.0000000E+00  0.0000000E+00
  0.0000000E+00  0.0000000E+00
  0.0000000E+00  0.0000000E+00
  0.0000000E+00  0.0000000E+00
  0.0000000E+00  0.0000000E+00
  0.0000000E+00  0.0000000E+00
  0.0000000E+00  0.0000000E+00
  0.0000000E+00  0.0000000E+00
  0.0000000E+00  0.0000000E+00
  0.0000000E+00  0.0000000E+00
  0.0000000E+00  0.0000000E+00
  0.0000000E+00  0.0000000E+00
  0.0000000E+00  0.0000000E+00
  0.0000000E+00  0.0000000E+00
  0.0000000E+00  0.0000000E+00
  0.0000000E+00  0.0000000E+00
  0.0000000E+00  0.0000000E+00
  0.0000000E+00  0.0000000E+00
  0.0000000E+00  0.0000000E+00
  0.0000000E+00  0.0000000E+00
  0.0000000E+00  0.0000000E+00
  0.0000000E+00  0.0000000E+00
  0.0000000E+00  0.0000000E+00
  0.0000000E+00  0.0000000E+00
  0.0000000E+00  0.0000000E+00
  0.0000000E+00  0.0000000E+00
  0.0000000E+00  0.0000000E+00
  0.0000000E+00  0.0000000E+00
  0.0000000E+00  0.0000000E+00
  0.0000000E+00  0.0000000E+00
  0.0000000E+00  0.0000000E+00
  0.0000000E+00  0.0000000E+00
  0.0000000E+00  0.0000000E+00
  0.0000000E+00  0.0000000E+00
  0.0000000E+00  0.0000000E+00
  0.0000000E+00  0.0000000E+00
  0.0000000E+00  0.0000000E+00
  0.0000000E+00  0.0000000E+00
  0.0000000E+00  0.0000000E+00
  0.0000000E+00  0.0000000E+00
  0.0000000E+00  0.0000000E+00
  0.0000000E+00  0.0000000E+00
  0.0000000E+00  0.0000000E+00
  0.0000000E+00  0.0000000E+00
  0.0000000E+00  0.0000000E+00
  0.0000000E+00  0.0000000E+00
  0.0000000E+00  0.0000000E+00
  0.0000000E+00  0.0000000E+00
  0.0000000E+00  0.0000000E+00
  0.0000000E+00  0.0000000E+00
  0.0000000E+00  0.0000000E+00
  0.0000000E+00  0.0000000E+00
  0.0000000E+00  0.0000000E+00
  0.0000000E+00  0.0000000E+00
  0.0000000E+00  0.0000000E+00
  0.0000000E+00  0.0000000E+00
  0.0000000E+00  0.0000000E+00
  0.0000000E+00  0.0000000E+00
  0.0000000E+00  0.0000000E+00
  0.0000000E+00  0.0000000E+00
  0.0000000E+00  0.0000000E+00
  0.0000000E+00  0.0000000E+00
  0.0000000E+00  0.0000000E+00
  0.0000000E+00  0.0000000E+00
  0.0000000E+00  0.0000000E+00
  0.0000000E+00  0.0000000E+00
  0.0000000E+00  0.0000000E+00
  0.0000000E+00  0.0000000E+00
  0.0000000E+00  0.0000000E+00
  0.0000000E+00  0.0000000E+00
  0.0000000E+00  0.0000000E+00
  0.0000000E+00  0.0000000E+00
  0.0000000E+00  0.0000000E+00
  0.0000000E+00  0.0000000E+00
  0.0000000E+00  0.0000000E+00
  0.0000000E+00  0.0000000E+00
  0.0000000E+00  0.0000000E+00
  0.0000000E+00  0.0000000E+00
  0.0000000E+00  0.0000000E+00
  0.0000000E+00  0.0000000E+00
  0.0000000E+00  0.0000000E+00
  0.0000000E+00  0.0000000E+00
  0.0000000E+00  0.0000000E+00
  0.0000000E+00  0.0000000E+00
  0.0000000E+00  0.0000000E+00
  0.0000000E+00  0.0000000E+00
  0.0000000E+00  0.0000000E+00
  0.0000000E+00  0.0000000E+00
  0.0000000E+00  0.0000000E+00
  0.0000000E+00  0.0000000E+00
  0.0000000E+00  0.0000000E+00
  0.0000000E+00  0.0000000E+00
  0.0000000E+00  0.0000000E+00
  0.0000000E+00  0.0000000E+00
  0.0000000E+00  0.0000000E+00
  0.0000000E+00  0.0000000E+00
  0.0000000E+00  0.0000000E+00
  0.0000000E+00  0.0000000E+00
  0.0000000E+00  0.0000000E+00
  0.0000000E+00  0.0000000E+00
  0.0000000E+00  0.0000000E+00
  0.0000000E+00  0.0000000E+00
  0.0000000E+00  0.0000000E+00
  0.0000000E+00  0.0000000E+00
  0.0000000E+00  0.0000000E+00
  0.0000000E+00  0.0000000E+00
  0.0000000E+00  0.0000000E+00
  0.0000000E+00  0.0000000E+00
  0.0000000E+00  0.0000000E+00
  0.0000000E+00  0.0000000E+00
  0.0000000E+00  0.0000000E+00
  0.0000000E+00  0.0000000E+00
  0.0000000E+00  0.0000000E+00
  0.0000000E+00  0.0000000E+00
  0.0000000E+00  0.0000000E+00
  0.0000000E+00  0.0000000E+00
  0.0000000E+00  0.0000000E+00
  0.0000000E+00  0.0000000E+00
  0.0000000E+00  0.0000000E+00
  0.0000000E+00  0.0000000E+00
  0.0000000E+00  0.0000000E+00
  0.0000000E+00  0.0000000E+00
  0.0000000E+00  0.0000000E+00
  0.0000000E+00  0.0000000E+00
  0.0000000E+00  0.0000000E+00
  0.0000000E+00  0.0000000E+00
  0.0000000E+00  0.0000000E+00
  0.0000000E+00  0.0000000E+00
  0.0000000E+00  0.0000000E+00
  0.0000000E+00  0.0000000E+00
  0.0000000E+00  0.0000000E+00
  0.0000000E+00  0.0000000E+00
  0.0000000E+00  0.0000000E+00
  0.0000000E+00  0.0000000E+00
  0.0000000E+00  0.0000000E+00
  0.0000000E+00  0.0000000E+00
  0.0000000E+00  0.0000000E+00
  0.0000000E+00  0.0000000E+00
  0.0000000E+00  0.0000000E+00
  0.0000000E+00  0.0000000E+00
  0.0000000E+00  0.0000000E+00
  0.0000000E+00  0.0000000E+00
  0.0000000E+00  0.0000000E+00
  0.0000000E+00  0.0000000E+00
  0.0000000E+00  0.0000000E+00
  0.0000000E+00  0.0000000E+00
  0.0000000E+00  0.0000000E+00
  0.0000000E+00  0.0000000E+00
  0.0000000E+00  0.0000000E+00
  0.0000000E+00  0.0000000E+00
  0.0000000E+00  0.0000000E+00
  0.0000000E+00  0.0000000E+00
  0.0000000E+00  0.0000000E+00
  0.0000000E+00  0.0000000E+00
  0.0000000E+00  0.0000000E+00
  0.0000000E+00  0.0000000E+00
  0.0000000E+00  0.0000000E+00
  0.0000000E+00  0.0000000E+00
  0.0000000E+00  0.0000000E+00
  0.0000000E+00  0.0000000E+00
  0.0000000E+00  0.0000000E+00
  0.0000000E+00  0.0000000E+00
  0.0000000E+00  0.0000000E+00
  0.0000000E+00  0.0000000E+00
  0.0000000E+00  0.0000000E+00
  0.0000000E+00  0.0000000E+00
  0.0000000E+00  0.0000000E+00
  0.0000000E+00  0.0000000E+00
  0.0000000E+00  0.0000000E+00
  0.0000000E+00  0.0000000E+00
  0.0000000E+00  0.0000000E+00
  0.0000000E+00  0.0000000E+00
  0.0000000E+00  0.0000000E+00
  0.0000000E+00  0.0000000E+00
  0.0000000E+00  0.0000000E+00
  0.0000000E+00  0.0000000E+00
  0.0000000E+00  0.0000000E+00
  0.0000000E+00  0.0000000E+00
  0.0000000E+00  0.0000000E+00
  0.0000000E+00  0.0000000E+00
  0.0000000E+00  0.0000000E+00
  0.0000000E+00  0.0000000E+00
  0.0000000E+00  0.0000000E+00
  0.0000000E+00  0.0000000E+00
  0.0000000E+00  0.0000000E+00
  0.0000000E+00  0.0000000E+00
  0.0000000E+00  0.0000000E+00
  0.0000000E+00  0.0000000E+00
  0.0000000E+00  0.0000000E+00
  0.0000000E+00  0.0000000E+00
  0.0000000E+00  0.0000000E+00
  0.0000000E+00  0.0000000E+00
  0.0000000E+00  0.0000000E+00
  0.0000000E+00  0.0000000E+00
  0.0000000E+00  0.0000000E+00
  0.0000000E+00  0.0000000E+00
  0.0000000E+00  0.0000000E+00
  0.0000000E+00  0.0000000E+00
  0.0000000E+00  0.0000000E+00
  0.0000000E+00  0.0000000E+00
  0.0000000E+00  0.0000000E+00
  0.0000000E+00  0.0000000E+00
  0.0000000E+00  0.0000000E+00
  0.0000000E+00  0.0000000E+00
  0.0000000E+00  0.0000000E+00
  0.0000000E+00  0.0000000E+00
  0.0000000E+00  0.0000000E+00
  0.0000000E+00  0.0000000E+00
  0.0000000E+00  0.0000000E+00
  0.0000000E+00  0.0000000E+00
  0.0000000E+00  0.0000000E+00
  0.0000000E+00  0.0000000E+00
  0.0000000E+00  0.0000000E+00
  0.0000000E+00  0.0000000E+00
  0.0000000E+00  0.0000000E+00
  0.0000000E+00  0.0000000E+00
  0.0000000E+00  0.0000000E+00
  0.0000000E+00  0.0000000E+00
  0.0000000E+00  0.0000000E+00
  0.0000000E+00  0.0000000E+00
  0.0000000E+00  0.0000000E+00
  0.0000000E+00  0.0000000E+00
  0.0000000E+00  0.0000000E+00
  0.0000000E+00  0.0000000E+00
  0.0000000E+00  0.0000000E+00
  0.0000000E+00  0.0000000E+00
  0.0000000E+00  0.0000000E+00
  0.0000000E+00  0.0000000E+00
  0.0000000E+00  0.0000000E+00
  0.0000000E+00  0.0000000E+00
  0.0000000E+00  0.0000000E+00
  0.0000000E+00  0.0000000E+00
  0.0000000E+00  0.0000000E+00
  0.0000000E+00  0.0000000E+00
  0.0000000E+00  0.0000000E+00
  0.0000000E+00  0.0000000E+00
  0.0000000E+00  0.0000000E+00
  0.0000000E+00  0.0000000E+00
  0.0000000E+00  0.0000000E+00
  0.0000000E+00  0.0000000E+00
  0.0000000E+00  0.0000000E+00
  0.0000000E+00  0.0000000E+00
  0.0000000E+00  0.0000000E+00
  0.0000000E+00  0.0000000E+00
  0.0000000E+00  0.0000000E+00
  0.0000000E+00  0.0000000E+00
  0.0000000E+00  0.0000000E+00
  0.0000000E+00  0.0000000E+00
  0.0000000E+00  0.0000000E+00
  0.0000000E+00  0.0000000E+00
  0.0000000E+00  0.0000000E+00
  0.0000000E+00  0.0000000E+00
  0.0000000E+00  0.0000000E+00
  0.0000000E+00  0.0000000E+00
  0.0000000E+00  0.0000000E+00
  0.0000000E+00  0.0000000E+00
  0.0000000E+00  0.0000000E+00
  0.0000000E+00  0.0000000E+00
  0.0000000E+00  0.0000000E+00
  0.0000000E+00  0.0000000E+00
  0.0000000E+00  0.0000000E+00
  0.0000000E+00  0.0000000E+00
  0.0000000E+00  0.0000000E+00
  0.0000000E+00  0.0000000E+00
  0.0000000E+00  0.0000000E+00
  0.0000000E+00  0.0000000E+00
  0.0000000E+00  0.0000000E+00
  0.0000000E+00  0.0000000E+00
  0.0000000E+00  0.0000000E+00
  0.0000000E+00  0.0000000E+00
  0.0000000E+00  0.0000000E+00
  0.0000000E+00  0.0000000E+00
  0.0000000E+00  0.0000000E+00
  0.0000000E+00  0.0000000E+00
  0.0000000E+00  0.0000000E+00
  0.0000000E+00  0.0000000E+00
  0.0000000E+00  0.0000000E+00
  0.0000000E+00  0.0000000E+00
  0.0000000E+00  0.0000000E+00
  0.0000000E+00  0.0000000E+00
  0.0000000E+00  0.0000000E+00
  0.0000000E+00  0.0000000E+00
  0.0000000E+00  0.0000000E+00
  0.0000000E+00  0.0000000E+00
  0.0000000E+00  0.0000000E+00
  0.0000000E+00  0.0000000E+00
  0.0000000E+00  0.0000000E+00
  0.0000000E+00  0.0000000E+00
  0.0000000E+00  0.0000000E+00
  0.0000000E+00  0.0000000E+00
  0.0000000E+00  0.0000000E+00
  0.0000000E+00  0.0000000E+00
  0.0000000E+00  0.0000000E+00
  0.0000000E+00  0.0000000E+00
  0.0000000E+00  0.0000000E+00
  0.0000000E+00  0.0000000E+00
  0.0000000E+00  0.0000000E+00
  0.0000000E+00  0.0000000E+00
  0.0000000E+00  0.0000000E+00
  0.0000000E+00  0.0000000E+00
  0.0000000E+00  0.0000000E+00
  0.0000000E+00  0.0000000E+00
  0.0000000E+00  0.0000000E+00
  0.0000000E+00  0.0000000E+00
  0.0000000E+00  0.0000000E+00
  0.0000000E+00  0.0000000E+00
  0.0000000E+00  0.0000000E+00
  0.0000000E+00  0.0000000E+00
  0.0000000E+00  0.0000000E+00
  0.0000000E+00  0.0000000E+00
  0.0000000E+00  0.0000000E+00
  0.0000000E+00  0.0000000E+00
  0.0000000E+00  0.0000000E+00
  0.0000000E+00  0.0000000E+00
  0.0000000E+00  0.0000000E+00
  0.0000000E+00  0.0000000E+00
  0.0000000E+00  0.0000000E+00
  0.0000000E+00  0.0000000E+00
  0.0000000E+00  0.0000000E+00
  0.0000000E+00  0.0000000E+00
  0.0000000E+00  0.0000000E+00
  0.0000000E+00  0.0000000E+00
  0.0000000E+00  0.0000000E+00
  0.0000000E+00  0.0000000E+00
  0.0000000E+00  0.0000000E+00
  0.0000000E+00  0.0000000E+00
  0.0000000E+00  0.0000000E+00
  0.0000000E+00  0.0000000E+00
  0.0000000E+00  0.0000000E+00
  0.0000000E+00  0.0000000E+00
  0.0000000E+00  0.0000000E+00
  0.0000000E+00  0.0000000E+00
  0.0000000E+00  0.0000000E+00
  0.0000000E+00  0.0000000E+00
  0.0000000E+00  0.0000000E+00
  0.0000000E+00  0.0000000E+00
  0.0000000E+00  0.0000000E+00
  0.0000000E+00  0.0000000E+00
  0.0000000E+00  0.0000000E+00
  0.0000000E+00  0.0000000E+00
  0.0000000E+00  0.0000000E+00
  0.0000000E+00  0.0000000E+00
  0.0000000E+00  0.0000000E+00
  0.0000000E+00  0.0000000E+00
  0.0000000E+00  0.0000000E+00
  0.0000000E+00  0.0000000E+00
  0.0000000E+00  0.0000000E+00
  0.0000000E+00  0.0000000E+00
  0.0000000E+00  0.0000000E+00
  0.0000000E+00  0.0000000E+00
  0.0000000E+00  0.0000000E+00
  0.0000000E+00  0.0000000E+00
  0.0000000E+00  0.0000000E+00
  0.0000000E+00  0.0000000E+00
  0.0000000E+00  0.0000000E+00
  0.0000000E+00  0.0000000E+00
  0.0000000E+00  0.0000000E+00
  0.0000000E+00  0.0000000E+00
  0.0000000E+00  0.0000000E+00
  0.0000000E+00  0.0000000E+00
  0.0000000E+00  0.0000000E+00
  0.0000000E+00  0.0000000E+00
  0.0000000E+00  0.0000000E+00
  0.0000000E+00  0.0000000E+00
  0.0000000E+00  0.0000000E+00
  0.0000000E+00  0.0000000E+00
  0.0000000E+00  0.0000000E+00
  0.0000000E+00  0.0000000E+00
  0.0000000E+00  0.0000000E+00
  0.0000000E+00  0.0000000E+00
  0.0000000E+00  0.0000000E+00
  0.0000000E+00  0.0000000E+00
  0.0000000E+00  0.0000000E+00
  0.0000000E+00  0.0000000E+00
  0.0000000E+00  0.0000000E+00
  0.0000000E+00  0.0000000E+00
  0.0000000E+00  0.0000000E+00
  0.0000000E+00  0.0000000E+00
  0.0000000E+00  0.0000000E+00
  0.0000000E+00  0.0000000E+00
  0.0000000E+00  0.0000000E+00
  0.0000000E+00  0.0000000E+00
  0.0000000E+00  0.0000000E+00
  0.0000000E+00  0.0000000E+00
  0.0000000E+00  0.0000000E+00
  0.0000000E+00  0.0000000E+00
  0.0000000E+00  0.0000000E+00
  0.0000000E+00  0.0000000E+00
  0.0000000E+00  0.0000000E+00
  0.0000000E+00  0.0000000E+00
  0.0000000E+00  0.0000000E+00
  0.0000000E+00  0.0000000E+00
  0.0000000E+00  0.0000000E+00
  0.0000000E+00  0.0000000E+00
  0.0000000E+00  0.0000000E+00
  0.0000000E+00  0.0000000E+00
  0.0000000E+00  0.0000000E+00
  0.0000000E+00  0.0000000E+00
  0.0000000E+00  0.0000000E+00
  0.0000000E+00  0.0000000E+00
  0.0000000E+00  0.0000000E+00
  0.0000000E+00  0.0000000E+00
  0.0000000E+00  0.0000000E+00
  0.0000000E+00  0.0000000E+00
  0.0000000E+00  0.0000000E+00
  0.0000000E+00  0.0000000E+00
  0.0000000E+00  0.0000000E+00
  0.0000000E+00  0.0000000E+00
  0.0000000E+00  0.0000000E+00
  0.0000000E+00  0.0000000E+00
  0.0000000E+00  0.0000000E+00
  0.0000000E+00  0.0000000E+00
  0.0000000E+00  0.0000000E+00
  0.0000000E+00  0.0000000E+00
  0.0000000E+00  0.0000000E+00
  0.0000000E+00  0.0000000E+00
  0.0000000E+00  0.0000000E+00
  0.0000000E+00  0.0000000E+00
  0.0000000E+00  0.0000000E+00
  0.0000000E+00  0.0000000E+00
  0.0000000E+00  0.0000000E+00
  0.0000000E+00  0.0000000E+00
  0.0000000E+00  0.0000000E+00
  0.0000000E+00  0.0000000E+00
  0.0000000E+00  0.0000000E+00
  0.0000000E+00  0.0000000E+00
  0.0000000E+00  0.0000000E+00
  0.0000000E+00  0.0000000E+00
  0.0000000E+00  0.0000000E+00
  0.0000000E+00  0.0000000E+00
  0.0000000E+00  0.0000000E+00
  0.0000000E+00  0.0000000E+00
  0.0000000E+00  0.0000000E+00
  0.0000000E+00  0.0000000E+00
  0.0000000E+00  0.0000000E+00
  0.0000000E+00  0.0000000E+00
  0.0000000E+00  0.0000000E+00
  0.0000000E+00  0.0000000E+00
  0.0000000E+00  0.0000000E+00
  0.0000000E+00  0.0000000E+00
  0.0000000E+00  0.0000000E+00
  0.0000000E+00  0.0000000E+00
  0.0000000E+00  0.0000000E+00
  0.0000000E+00  0.0000000E+00
  0.0000000E+00  0.0000000E+00
  0.0000000E+00  0.0000000E+00
  0.0000000E+00  0.0000000E+00
  0.0000000E+00  0.0000000E+00
  0.0000000E+00  0.0000000E+00
  0.0000000E+00  0.0000000E+00
  0.0000000E+00  0.0000000E+00
  0.0000000E+00  0.0000000E+00
  0.0000000E+00  0.0000000E+00
  0.0000000E+00  0.0000000E+00
  0.0000000E+00  0.0000000E+00
  0.0000000E+00  0.0000000E+00
  0.0000000E+00  0.0000000E+00
  0.0000000E+00  0.0000000E+00
  0.0000000E+00  0.0000000E+00
  0.0000000E+00  0.0000000E+00
  0.0000000E+00  0.0000000E+00
  0.0000000E+00  0.0000000E+00
  0.0000000E+00  0.0000000E+00
  0.0000000E+00  0.0000000E+00
  0.0000000E+00  0.0000000E+00
  0.0000000E+00  0.0000000E+00
  0.0000000E+00  0.0000000E+00
  0.0000000E+00  0.0000000E+00
  0.0000000E+00  0.0000000E+00
  0.0000000E+00  0.0000000E+00
  0.0000000E+00  0.0000000E+00
  0.0000000E+00  0.0000000E+00
  0.0000000E+00  0.0000000E+00
  0.0000000E+00  0.0000000E+00
  0.0000000E+00  0.0000000E+00
  0.0000000E+00  0.0000000E+00
  0.0000000E+00  0.0000000E+00
  0.0000000E+00  0.0000000E+00
  0.0000000E+00  0.0000000E+00
  0.0000000E+00  0.0000000E+00
  0.0000000E+00  0.0000000E+00
  0.0000000E+00  0.0000000E+00
  0.0000000E+00  0.0000000E+00
  0.0000000E+00  0.0000000E+00
  0.0000000E+00  0.0000000E+00
  0.0000000E+00  0.0000000E+00
  0.0000000E+00  0.0000000E+00
  0.0000000E+00  0.0000000E+00
  0.0000000E+00  0.0000000E+00
  0.0000000E+00  0.0000000E+00
  0.0000000E+00  0.0000000E+00
  0.0000000E+00  0.0000000E+00
  0.0000000E+00  0.0000000E+00
  0.0000000E+00  0.0000000E+00
  0.0000000E+00  0.0000000E+00
  0.0000000E+00  0.0000000E+00
  0.0000000E+00  0.0000000E+00
  0.0000000E+00  0.0000000E+00
  0.0000000E+00  0.0000000E+00
  0.0000000E+00  0.0000000E+00
  0.0000000E+00  0.0000000E+00
  0.0000000E+00  0.0000000E+00
  0.0000000E+00  0.0000000E+00
  0.0000000E+00  0.0000000E+00
  0.0000000E+00  0.0000000E+00
  0.0000000E+00  0.0000000E+00
  0.0000000E+00  0.0000000E+00
  0.0000000E+00  0.0000000E+00
  0.0000000E+00  0.0000000E+00
  0.0000000E+00  0.0000000E+00
  0.0000000E+00  0.0000000E+00
  0.0000000E+00  0.0000000E+00
  0.0000000E+00  0.0000000E+00
  0.0000000E+00  0.0000000E+00
  0.0000000E+00  0.0000000E+00
  0.0000000E+00  0.0000000E+00
  0.0000000E+00  0.0000000E+00
  0.0000000E+00  0.0000000E+00
  0.0000000E+00  0.0000000E+00
  0.0000000E+00  0.0000000E+00
  0.0000000E+00  0.0000000E+00
  0.0000000E+00  0.0000000E+00
  0.0000000E+00  0.0000000E+00
  0.0000000E+00  0.0000000E+00
  0.0000000E+00  0.0000000E+00
  0.0000000E+00  0.0000000E+00
  0.0000000E+00  0.0000000E+00
  0.0000000E+00  0.0000000E+00
  0.0000000E+00  0.0000000E+00
  0.0000000E+00  0.0000000E+00
  0.0000000E+00  0.0000000E+00
  0.0000000E+00  0.0000000E+00
  0.0000000E+00  0.0000000E+00
  0.0000000E+00  0.0000000E+00
  0.0000000E+00  0.0000000E+00
  0.0000000E+00  0.0000000E+00
  0.0000000E+00  0.0000000E+00
  0.0000000E+00  0.0000000E+00
  0.0000000E+00  0.0000000E+00
  0.0000000E+00  0.0000000E+00
  0.0000000E+00  0.0000000E+00
  0.0000000E+00  0.0000000E+00
  0.0000000E+00  0.0000000E+00
  0.0000000E+00  0.0000000E+00
  0.0000000E+00  0.0000000E+00
  0.0000000E+00  0.0000000E+00
  0.0000000E+00  0.0000000E+00
  0.0000000E+00  0.0000000E+00
  0.0000000E+00  0.0000000E+00
  0.0000000E+00  0.0000000E+00
  0.0000000E+00  0.0000000E+00
  0.0000000E+00  0.0000000E+00
  0.0000000E+00  0.0000000E+00
  0.0000000E+00  0.0000000E+00
  0.0000000E+00  0.0000000E+00
  0.0000000E+00  0.0000000E+00
  0.0000000E+00  0.0000000E+00
  0.0000000E+00  0.0000000E+00
  0.0000000E+00  0.0000000E+00
  0.0000000E+00  0.0000000E+00
  0.0000000E+00  0.0000000E+00
  0.0000000E+00  0.0000000E+00
  0.0000000E+00  0.0000000E+00
  0.0000000E+00  0.0000000E+00
  0.0000000E+00  0.0000000E+00
  0.0000000E+00  0.0000000E+00
  0.0000000E+00  0.0000000E+00
  0.0000000E+00  0.0000000E+00
  0.0000000E+00  0.0000000E+00
  0.0000000E+00  0.0000000E+00
  0.0000000E+00  0.0000000E+00
  0.0000000E+00  0.0000000E+00
  0.0000000E+00  0.0000000E+00
  0.0000000E+00  0.0000000E+00
  0.0000000E+00  0.0000000E+00
  0.0000000E+00  0.0000000E+00
  0.0000000E+00  0.0000000E+00
  0.0000000E+00  0.0000000E+00
  0.0000000E+00  0.0000000E+00
  0.0000000E+00  0.0000000E+00
  0.0000000E+00  0.0000000E+00
  0.0000000E+00  0.0000000E+00
  0.0000000E+00  0.0000000E+00
  0.0000000E+00  0.0000000E+00
  0.0000000E+00  0.0000000E+00
  0.0000000E+00  0.0000000E+00
  0.0000000E+00  0.0000000E+00
  0.0000000E+00  0.0000000E+00
  0.0000000E+00  0.0000000E+00
  0.0000000E+00  0.0000000E+00
  0.0000000E+00  0.0000000E+00
  0.0000000E+00  0.0000000E+00
  0.0000000E+00  0.0000000E+00
  0.0000000E+00  0.0000000E+00
  0.0000000E+00  0.0000000E+00
  0.0000000E+00  0.0000000E+00
  0.0000000E+00  0.0000000E+00
  0.0000000E+00  0.0000000E+00
  0.0000000E+00  0.0000000E+00
  0.0000000E+00  0.0000000E+00
  0.0000000E+00  0.0000000E+00
  0.0000000E+00  0.0000000E+00
  0.0000000E+00  0.0000000E+00
  0.0000000E+00  0.0000000E+00
  0.0000000E+00  0.0000000E+00
  0.0000000E+00  0.0000000E+00
  0.0000000E+00  0.0000000E+00
  0.0000000E+00  0.0000000E+00
  0.0000000E+00  0.0000000E+00
  0.0000000E+00  0.0000000E+00
  0.0000000E+00  0.0000000E+00
  0.0000000E+00  0.0000000E+00
  0.0000000E+00  0.0000000E+00
  0.0000000E+00  0.0000000E+00
  0.0000000E+00  0.0000000E+00
  0.0000000E+00  0.0000000E+00
  0.0000000E+00  0.0000000E+00
  0.0000000E+00  0.0000000E+00
  0.0000000E+00  0.0000000E+00
  0.0000000E+00  0.0000000E+00
  0.0000000E+00  0.0000000E+00
  0.0000000E+00  0.0000000E+00
  0.0000000E+00  0.0000000E+00
  0.0000000E+00  0.0000000E+00
  0.0000000E+00  0.0000000E+00
  0.0000000E+00  0.0000000E+00
  0.0000000E+00  0.0000000E+00
  0.0000000E+00  0.0000000E+00
  0.0000000E+00  0.0000000E+00
  0.0000000E+00  0.0000000E+00
  0.0000000E+00  0.0000000E+00
  0.0000000E+00  0.0000000E+00
  0.0000000E+00  0.0000000E+00
  0.0000000E+00  0.0000000E+00
  0.0000000E+00  0.0000000E+00
  0.0000000E+00  0.0000000E+00
  0.0000000E+00  0.0000000E+00
  0.0000000E+00  0.0000000E+00
  0.0000000E+00  0.0000000E+00
  0.0000000E+00  0.0000000E+00
  0.0000000E+00  0.0000000E+00
  0.0000000E+00  0.0000000E+00
  0.0000000E+00  0.0000000E+00
  0.0000000E+00  0.0000000E+00
  0.0000000E+00  0.0000000E+00
  0.0000000E+00  0.0000000E+00
  0.0000000E+00  0.0000000E+00
  0.0000000E+00  0.0000000E+00
  0.0000000E+00  0.0000000E+00
  0.0000000E+00  0.0000000E+00
  0.0000000E+00  0.0000000E+00
  0.0000000E+00  0.0000000E+00
  0.0000000E+00  0.0000000E+00
  0.0000000E+00  0.0000000E+00
  0.0000000E+00  0.0000000E+00
  0.0000000E+00  0.0000000E+00
  0.0000000E+00  0.0000000E+00
  0.0000000E+00  0.0000000E+00
  0.0000000E+00  0.0000000E+00
  0.0000000E+00  0.0000000E+00
  0.0000000E+00  0.0000000E+00
  0.0000000E+00  0.0000000E+00
  0.0000000E+00  0.0000000E+00
  0.0000000E+00  0.0000000E+00
  0.0000000E+00  0.0000000E+00
  0.0000000E+00  0.0000000E+00
  0.0000000E+00  0.0000000E+00
  0.0000000E+00  0.0000000E+00
  0.0000000E+00  0.0000000E+00
  0.0000000E+00  0.0000000E+00
  0.0000000E+00  0.0000000E+00
  0.0000000E+00  0.0000000E+00
  0.0000000E+00  0.0000000E+00
  0.0000000E+00  0.0000000E+00
  0.0000000E+00  0.0000000E+00
  0.0000000E+00  0.0000000E+00
  0.0000000E+00  0.0000000E+00
  0.0000000E+00  0.0000000E+00
  0.0000000E+00  0.0000000E+00
  0.0000000E+00  0.0000000E+00
  0.0000000E+00  0.0000000E+00
  0.0000000E+00  0.0000000E+00
  0.0000000E+00  0.0000000E+00
  0.0000000E+00  0.0000000E+00
  0.0000000E+00  0.0000000E+00
  0.0000000E+00  0.0000000E+00
  0.0000000E+00  0.0000000E+00
  0.0000000E+00  0.0000000E+00
  0.0000000E+00  0.0000000E+00
  0.0000000E+00  0.0000000E+00
  0.0000000E+00  0.0000000E+00
  0.0000000E+00  0.0000000E+00
  0.0000000E+00  0.0000000E+00
  0.0000000E+00  0.0000000E+00
  0.0000000E+00  0.0000000E+00
  0.0000000E+00  0.0000000E+00
  0.0000000E+00  0.0000000E+00
  0.0000000E+00  0.0000000E+00
  0.0000000E+00  0.0000000E+00
  0.0000000E+00  0.0000000E+00
  0.0000000E+00  0.0000000E+00
  0.0000000E+00  0.0000000E+00
  0.0000000E+00  0.0000000E+00
  0.0000000E+00  0.0000000E+00
  0.0000000E+00  0.0000000E+00
  0.0000000E+00  0.0000000E+00
  0.0000000E+00  0.0000000E+00
  0.0000000E+00  0.0000000E+00
  0.0000000E+00  0.0000000E+00
  0.0000000E+00  0.0000000E+00
  0.0000000E+00  0.0000000E+00
  0.0000000E+00  0.0000000E+00
  0.0000000E+00  0.0000000E+00
  0.0000000E+00  0.0000000E+00
  0.0000000E+00  0.0000000E+00
  0.0000000E+00  0.0000000E+00
  0.0000000E+00  0.0000000E+00
  0.0000000E+00  0.0000000E+00
  0.0000000E+00  0.0000000E+00
  0.0000000E+00  0.0000000E+00
  0.0000000E+00  0.0000000E+00
  0.0000000E+00  0.0000000E+00
  0.0000000E+00  0.0000000E+00
  0.0000000E+00  0.0000000E+00
  0.0000000E+00  0.0000000E+00
  0.0000000E+00  0.0000000E+00
  0.0000000E+00  0.0000000E+00
  0.0000000E+00  0.0000000E+00
  0.0000000E+00  0.0000000E+00
  0.0000000E+00  0.0000000E+00
  0.0000000E+00  0.0000000E+00
  0.0000000E+00  0.0000000E+00
  0.0000000E+00  0.0000000E+00
  0.0000000E+00  0.0000000E+00
  0.0000000E+00  0.0000000E+00
  0.0000000E+00  0.0000000E+00
  0.0000000E+00  0.0000000E+00
  0.0000000E+00  0.0000000E+00
  0.0000000E+00  0.0000000E+00
  0.0000000E+00  0.0000000E+00
  0.0000000E+00  0.0000000E+00
  0.0000000E+00  0.0000000E+00
  0.0000000E+00  0.0000000E+00
  0.0000000E+00  0.0000000E+00
  0.0000000E+00  0.0000000E+00
  0.0000000E+00  0.0000000E+00
  0.0000000E+00  0.0000000E+00
  0.0000000E+00  0.0000000E+00
  0.0000000E+00  0.0000000E+00
  0.0000000E+00  0.0000000E+00
  0.0000000E+00  0.0000000E+00
  0.0000000E+00  0.0000000E+00
  0.0000000E+00  0.0000000E+00
  0.0000000E+00  0.0000000E+00
  0.0000000E+00  0.0000000E+00
  0.0000000E+00  0.0000000E+00
  0.0000000E+00  0.0000000E+00
  0.0000000E+00  0.0000000E+00
  0.0000000E+00  0.0000000E+00
  0.0000000E+00  0.0000000E+00
  0.0000000E+00  0.0000000E+00
  0.0000000E+00  0.0000000E+00
  0.0000000E+00  0.0000000E+00
  0.0000000E+00  0.0000000E+00
  0.0000000E+00  0.0000000E+00
  0.0000000E+00  0.0000000E+00
  0.0000000E+00  0.0000000E+00
  0.0000000E+00  0.0000000E+00
  0.0000000E+00  0.0000000E+00
  0.0000000E+00  0.0000000E+00
  0.0000000E+00  0.0000000E+00
  0.0000000E+00  0.0000000E+00
  0.0000000E+00  0.0000000E+00
  0.0000000E+00  0.0000000E+00
  0.0000000E+00  0.0000000E+00
  0.0000000E+00  0.0000000E+00
  0.0000000E+00  0.0000000E+00
  0.0000000E+00  0.0000000E+00
  0.0000000E+00  0.0000000E+00
  0.0000000E+00  0.0000000E+00
  0.0000000E+00  0.0000000E+00
  0.0000000E+00  0.0000000E+00
  0.0000000E+00  0.0000000E+00
  0.0000000E+00  0.0000000E+00
  0.0000000E+00  0.0000000E+00
  0.0000000E+00  0.0000000E+00
  0.0000000E+00  0.0000000E+00
  0.0000000E+00  0.0000000E+00
  0.0000000E+00  0.0000000E+00
  0.0000000E+00  0.0000000E+00
  0.0000000E+00  0.0000000E+00
  0.0000000E+00  0.0000000E+00
  0.0000000E+00  0.0000000E+00
  0.0000000E+00  0.0000000E+00
  0.0000000E+00  0.0000000E+00
  0.0000000E+00  0.0000000E+00
  0.0000000E+00  0.0000000E+00
