 -0.1003077E+01  0.7264480E-02
 -0.9939294E+00  0.7213149E-02
 -0.1006744E+01  0.7336825E-02
 -0.1009412E+01  0.7393569E-02
 -0.1013587E+01  0.7463209E-02
 -0.1015543E+01  0.7520147E-02
 -0.9818763E+00  0.7328436E-02
 -0.9932079E+00  0.7460387E-02
 -0.9964627E+00  0.7512460E-02
 -0.1034886E+01  0.7814311E-02
 -0.1265618E+01  0.9489253E-02
 -0.1261959E+01  0.9462995E-02
 -0.1261165E+01  0.9457695E-02
 -0.1261130E+01  0.9457478E-02
 -0.1261096E+01  0.9456775E-02
 -0.1261521E+01  0.9460383E-02
 -0.1260567E+01  0.9453540E-02
 -0.1257607E+01  0.9431791E-02
 -0.1256354E+01  0.9423277E-02
 -0.1256577E+01  0.9424861E-02
 -0.1254997E+01  0.9413009E-02
 -0.1254493E+01  0.9409836E-02
 -0.1255059E+01  0.9413879E-02
 -0.1253647E+01  0.9403300E-02
 -0.1253219E+01  0.9400660E-02
 -0.1253866E+01  0.9405271E-02
 -0.1252525E+01  0.9395173E-02
 -0.1252131E+01  0.9392807E-02
 -0.1252864E+01  0.9398052E-02
 -0.1251664E+01  0.9388969E-02
 -0.1251396E+01  0.9387517E-02
 -0.1252250E+01  0.9393657E-02
 -0.1251218E+01  0.9385766E-02
 -0.1251110E+01  0.9385471E-02
 -0.1252105E+01  0.9392596E-02
 -0.1251208E+01  0.9385693E-02
 -0.1251232E+01  0.9386319E-02
 -0.1252366E+01  0.9394482E-02
 -0.1251609E+01  0.9388587E-02
 -0.1251785E+01  0.9390301E-02
 -0.1253064E+01  0.9399501E-02
 -0.1252428E+01  0.9394466E-02
 -0.1252707E+01  0.9396978E-02
 -0.1254084E+01  0.9406842E-02
 -0.1253498E+01  0.9402156E-02
 -0.1253844E+01  0.9405156E-02
 -0.1255244E+01  0.9415226E-02
 -0.1254650E+01  0.9410504E-02
 -0.1254986E+01  0.9413412E-02
 -0.1256341E+01  0.9423120E-02
 -0.1255670E+01  0.9417875E-02
 -0.1255933E+01  0.9420219E-02
 -0.1257188E+01  0.9429223E-02
 -0.1256411E+01  0.9423177E-02
 -0.1256594E+01  0.9424976E-02
 -0.1257756E+01  0.9433306E-02
 -0.1256854E+01  0.9426341E-02
 -0.1256885E+01  0.9427074E-02
 -0.1257894E+01  0.9434306E-02
 -0.1256836E+01  0.9426249E-02
 -0.1256711E+01  0.9425841E-02
 -0.1257541E+01  0.9431757E-02
 -0.1256408E+01  0.9423171E-02
 -0.1256274E+01  0.9422679E-02
 -0.1257022E+01  0.9428036E-02
 -0.1255731E+01  0.9418297E-02
 -0.1255448E+01  0.9416725E-02
 -0.1256132E+01  0.9421626E-02
 -0.1254745E+01  0.9411186E-02
 -0.1254291E+01  0.9408364E-02
 -0.1254881E+01  0.9412588E-02
 -0.1253501E+01  0.9402213E-02
 -0.1253093E+01  0.9399760E-02
 -0.1253764E+01  0.9404554E-02
 -0.1252484E+01  0.9394885E-02
 -0.1252177E+01  0.9393157E-02
 -0.1253002E+01  0.9399096E-02
 -0.1251902E+01  0.9390728E-02
 -0.1251793E+01  0.9390426E-02
 -0.1252745E+01  0.9397398E-02
 -0.1252098E+01  0.9392820E-02
 -0.1256808E+01  0.9426923E-02
 -0.1260422E+01  0.9451387E-02
 -0.1261138E+01  0.9456131E-02
 -0.1261319E+01  0.9457320E-02
 -0.1261642E+01  0.9459576E-02
 -0.1261945E+01  0.9461767E-02
 -0.1262167E+01  0.9463351E-02
 -0.1262315E+01  0.9464410E-02
 -0.1262482E+01  0.9465612E-02
 -0.1262716E+01  0.9467314E-02
 -0.1263022E+01  0.9469508E-02
 -0.1263369E+01  0.9471998E-02
 -0.1263691E+01  0.9474323E-02
 -0.1264007E+01  0.9476606E-02
 -0.1264431E+01  0.9479614E-02
 -0.1264862E+01  0.9482757E-02
 -0.1265096E+01  0.9484435E-02
 -0.1265059E+01  0.9484112E-02
 -0.1264615E+01  0.9480639E-02
 -0.1259988E+01  0.9447183E-02
 -0.1256354E+01  0.9421965E-02
 -0.1257435E+01  0.9430134E-02
 -0.1261264E+01  0.9457659E-02
 -0.1268735E+01  0.9511266E-02
 -0.1031266E+01  0.7787500E-02
 -0.9917223E+00  0.7476478E-02
 -0.9884474E+00  0.7422284E-02
 -0.9920659E+00  0.7414373E-02
 -0.9922831E+00  0.7379181E-02
 -0.9939534E+00  0.7354094E-02
 -0.9957381E+00  0.7330692E-02
 -0.9950122E+00  0.7251438E-02
 -0.9845157E+00  0.7143248E-02
 -0.1003824E+01  0.7268940E-02
 -0.1013541E+01  0.7340095E-02
 -0.9969122E+00  0.7427569E-02
 -0.1003237E+01  0.7265367E-02
 -0.1005276E+01  0.7281205E-02
 -0.1006530E+01  0.7290984E-02
 -0.1007124E+01  0.7295606E-02
 -0.1007335E+01  0.7297157E-02
 -0.1007155E+01  0.7295721E-02
 -0.1006821E+01  0.7293140E-02
 -0.1006645E+01  0.7291782E-02
 -0.1006613E+01  0.7291466E-02
 -0.1006497E+01  0.7290544E-02
 -0.1006374E+01  0.7289517E-02
 -0.1006285E+01  0.7288828E-02
 -0.1006307E+01  0.7288951E-02
 -0.1006370E+01  0.7289358E-02
 -0.1006552E+01  0.7290699E-02
 -0.1006795E+01  0.7292514E-02
 -0.1007053E+01  0.7294466E-02
 -0.1007269E+01  0.7296084E-02
 -0.1007349E+01  0.7296710E-02
 -0.1007174E+01  0.7295353E-02
 -0.1006893E+01  0.7293283E-02
 -0.1006908E+01  0.7293520E-02
 -0.1006926E+01  0.7293612E-02
 -0.1006542E+01  0.7290653E-02
 -0.1005700E+01  0.7284340E-02
 -0.1004464E+01  0.7275207E-02
 -0.9876345E+00  0.7321726E-02
 -0.1026381E+01  0.7601531E-02
 -0.9960117E+00  0.7297179E-02
 -0.1007957E+01  0.7420268E-02
 -0.1011809E+01  0.7489471E-02
 -0.9926513E+00  0.7484949E-02
 -0.1002643E+01  0.7325029E-02
 -0.1032136E+01  0.7794015E-02
 -0.1032842E+01  0.7799267E-02
 -0.1031582E+01  0.7789814E-02
 -0.1031758E+01  0.7791219E-02
 -0.1032037E+01  0.7793301E-02
 -0.1030866E+01  0.7784441E-02
 -0.1029817E+01  0.7776547E-02
 -0.1029136E+01  0.7771517E-02
 -0.1028730E+01  0.7768434E-02
 -0.1028449E+01  0.7766296E-02
 -0.1028179E+01  0.7764323E-02
 -0.1027986E+01  0.7762864E-02
 -0.1027834E+01  0.7761701E-02
 -0.1027659E+01  0.7760410E-02
 -0.1027511E+01  0.7759299E-02
 -0.1027363E+01  0.7758170E-02
 -0.1027188E+01  0.7756899E-02
 -0.1027104E+01  0.7756231E-02
 -0.1027050E+01  0.7755809E-02
 -0.1026963E+01  0.7755160E-02
 -0.1026958E+01  0.7755098E-02
 -0.1026992E+01  0.7755335E-02
 -0.1026972E+01  0.7755199E-02
 -0.1027013E+01  0.7755496E-02
 -0.1027071E+01  0.7755928E-02
 -0.1027060E+01  0.7755896E-02
 -0.1027123E+01  0.7756325E-02
 -0.1027213E+01  0.7756978E-02
 -0.1027258E+01  0.7757368E-02
 -0.1027351E+01  0.7758022E-02
 -0.1027491E+01  0.7759058E-02
 -0.1027583E+01  0.7759790E-02
 -0.1027727E+01  0.7760870E-02
 -0.1027888E+01  0.7762067E-02
 -0.1027989E+01  0.7762865E-02
 -0.1028146E+01  0.7764018E-02
 -0.1028288E+01  0.7765121E-02
 -0.1028374E+01  0.7765803E-02
 -0.1028495E+01  0.7766679E-02
 -0.1028605E+01  0.7767508E-02
 -0.1028646E+01  0.7767855E-02
 -0.1028703E+01  0.7768239E-02
 -0.1028782E+01  0.7768869E-02
 -0.1028839E+01  0.7769333E-02
 -0.1028934E+01  0.7770004E-02
 -0.1028986E+01  0.7770422E-02
 -0.1028963E+01  0.7770263E-02
 -0.1028961E+01  0.7770221E-02
 -0.1028949E+01  0.7770129E-02
 -0.1028855E+01  0.7769438E-02
 -0.1028795E+01  0.7769006E-02
 -0.1028827E+01  0.7769218E-02
 -0.1028814E+01  0.7769128E-02
 -0.1028757E+01  0.7768696E-02
 -0.1028693E+01  0.7768205E-02
 -0.1028609E+01  0.7767596E-02
 -0.1028470E+01  0.7766530E-02
 -0.1028311E+01  0.7765322E-02
 -0.1028108E+01  0.7763844E-02
 -0.1027951E+01  0.7762631E-02
 -0.1027831E+01  0.7761694E-02
 -0.1027686E+01  0.7760630E-02
 -0.1027588E+01  0.7759871E-02
 -0.1027518E+01  0.7759328E-02
 -0.1027433E+01  0.7758702E-02
 -0.1027443E+01  0.7758703E-02
 -0.1027443E+01  0.7758704E-02
 -0.1027443E+01  0.7758686E-02
 -0.1027540E+01  0.7759372E-02
 -0.1027904E+01  0.7761991E-02
 -0.1028704E+01  0.7767665E-02
 -0.1029506E+01  0.7773302E-02
 -0.1029956E+01  0.7776456E-02
 -0.1030225E+01  0.7778411E-02
 -0.1030436E+01  0.7779981E-02
 -0.1030515E+01  0.7780571E-02
 -0.1030498E+01  0.7780459E-02
 -0.1030469E+01  0.7780215E-02
 -0.1030461E+01  0.7780174E-02
 -0.1030520E+01  0.7780626E-02
 -0.1030624E+01  0.7781387E-02
 -0.1030737E+01  0.7782232E-02
 -0.1030829E+01  0.7782941E-02
 -0.1030940E+01  0.7783789E-02
 -0.1031154E+01  0.7785432E-02
 -0.1031354E+01  0.7786962E-02
 -0.1031380E+01  0.7787164E-02
 -0.1031149E+01  0.7785518E-02
 -0.1030575E+01  0.7781371E-02
 -0.1029580E+01  0.7774237E-02
 -0.1028818E+01  0.7768868E-02
 -0.1028797E+01  0.7768884E-02
 -0.1029775E+01  0.7776275E-02
 -0.9925272E+00  0.7481655E-02
 -0.9801807E+00  0.7109926E-02
 -0.9899329E+00  0.7432084E-02
 -0.9947562E+00  0.7432670E-02
 -0.9984894E+00  0.7423105E-02
 -0.1000756E+01  0.7402407E-02
 -0.1003053E+01  0.7382118E-02
 -0.9883035E+00  0.7167174E-02
 -0.9941664E+00  0.7240201E-02
 -0.9891538E+00  0.7172888E-02
 -0.1010512E+01  0.7404534E-02
 -0.9880189E+00  0.7167391E-02
 -0.9893525E+00  0.7174091E-02
 -0.9889994E+00  0.7171192E-02
 -0.9886593E+00  0.7168703E-02
 -0.9889832E+00  0.7171573E-02
 -0.9892628E+00  0.7173855E-02
 -0.9890659E+00  0.7172144E-02
 -0.9890395E+00  0.7171901E-02
 -0.9889810E+00  0.7171489E-02
 -0.9890044E+00  0.7171813E-02
 -0.9890891E+00  0.7172555E-02
 -0.9890454E+00  0.7172076E-02
 -0.9890542E+00  0.7171898E-02
 -0.9890324E+00  0.7171509E-02
 -0.9890475E+00  0.7171390E-02
 -0.9890963E+00  0.7171545E-02
 -0.9890008E+00  0.7170731E-02
 -0.9886945E+00  0.7168669E-02
 -0.9889125E+00  0.7170855E-02
 -0.9894862E+00  0.7175479E-02
 -0.9892411E+00  0.7173279E-02
 -0.9889685E+00  0.7171317E-02
 -0.9890729E+00  0.7173056E-02
 -0.9925022E+00  0.7201459E-02
 -0.9848526E+00  0.7404219E-02
 -0.1022415E+01  0.7604150E-02
 -0.1011152E+01  0.7396959E-02
 -0.1033477E+01  0.7683912E-02
 -0.9951082E+00  0.7461871E-02
 -0.1013017E+01  0.7455726E-02
 -0.9929704E+00  0.7486895E-02
 -0.1003342E+01  0.7349903E-02
 -0.9944944E+00  0.7496839E-02
 -0.9936627E+00  0.7490003E-02
 -0.9933190E+00  0.7487046E-02
 -0.9932398E+00  0.7486118E-02
 -0.9930860E+00  0.7484817E-02
 -0.9929569E+00  0.7483778E-02
 -0.9928904E+00  0.7483234E-02
 -0.9928202E+00  0.7482665E-02
 -0.9928050E+00  0.7482482E-02
 -0.9927206E+00  0.7481806E-02
 -0.9926067E+00  0.7480878E-02
 -0.9925439E+00  0.7480338E-02
 -0.9924905E+00  0.7479925E-02
 -0.9925025E+00  0.7479904E-02
 -0.9926175E+00  0.7480635E-02
 -0.9926719E+00  0.7481008E-02
 -0.9927085E+00  0.7481297E-02
 -0.9927976E+00  0.7481968E-02
 -0.9927788E+00  0.7481914E-02
 -0.9927517E+00  0.7481771E-02
 -0.9928175E+00  0.7482243E-02
 -0.9927892E+00  0.7482070E-02
 -0.9927195E+00  0.7481619E-02
 -0.9927926E+00  0.7482160E-02
 -0.9927669E+00  0.7482050E-02
 -0.9927282E+00  0.7481868E-02
 -0.9928010E+00  0.7482434E-02
 -0.9927927E+00  0.7482436E-02
 -0.9927636E+00  0.7482319E-02
 -0.9928378E+00  0.7482904E-02
 -0.9928222E+00  0.7482872E-02
 -0.9927789E+00  0.7482646E-02
 -0.9928395E+00  0.7483116E-02
 -0.9928115E+00  0.7482972E-02
 -0.9927519E+00  0.7482608E-02
 -0.9927673E+00  0.7482726E-02
 -0.9926660E+00  0.7482001E-02
 -0.9925612E+00  0.7481329E-02
 -0.9927511E+00  0.7482761E-02
 -0.9929048E+00  0.7483824E-02
 -0.9928883E+00  0.7483703E-02
 -0.9929104E+00  0.7483859E-02
 -0.9928984E+00  0.7483776E-02
 -0.9928314E+00  0.7483298E-02
 -0.9928861E+00  0.7483662E-02
 -0.9928194E+00  0.7483254E-02
 -0.9926285E+00  0.7482129E-02
 -0.9927899E+00  0.7483414E-02
 -0.9929588E+00  0.7484515E-02
 -0.9929185E+00  0.7484188E-02
 -0.9929987E+00  0.7484698E-02
 -0.9930249E+00  0.7484672E-02
 -0.9929413E+00  0.7483884E-02
 -0.9929395E+00  0.7483720E-02
 -0.9929106E+00  0.7483369E-02
 -0.9928325E+00  0.7482728E-02
 -0.9928652E+00  0.7482892E-02
 -0.9928879E+00  0.7482940E-02
 -0.9928692E+00  0.7482752E-02
 -0.9930068E+00  0.7483699E-02
 -0.9930726E+00  0.7484109E-02
 -0.9931307E+00  0.7484395E-02
 -0.9931726E+00  0.7484622E-02
 -0.9931796E+00  0.7484685E-02
 -0.9932969E+00  0.7485564E-02
 -0.9935873E+00  0.7487710E-02
 -0.9937954E+00  0.7489407E-02
 -0.9939969E+00  0.7491140E-02
 -0.9940944E+00  0.7492063E-02
 -0.9942008E+00  0.7492973E-02
 -0.9940997E+00  0.7492180E-02
 -0.9941050E+00  0.7491986E-02
 -0.9941613E+00  0.7492176E-02
 -0.9941397E+00  0.7491919E-02
 -0.9940872E+00  0.7491556E-02
 -0.9940637E+00  0.7491435E-02
 -0.9941167E+00  0.7491861E-02
 -0.9941382E+00  0.7492069E-02
 -0.9940367E+00  0.7491538E-02
 -0.9939063E+00  0.7490988E-02
 -0.9939522E+00  0.7491584E-02
 -0.9940106E+00  0.7491956E-02
 -0.9938316E+00  0.7490604E-02
 -0.9935479E+00  0.7488561E-02
 -0.9930305E+00  0.7484693E-02
 -0.9928541E+00  0.7483242E-02
 -0.9929619E+00  0.7484125E-02
 -0.9972314E+00  0.7261472E-02
 -0.9938242E+00  0.7239443E-02
 -0.9964654E+00  0.7443866E-02
 -0.1000212E+01  0.7434137E-02
 -0.1008983E+01  0.7465400E-02
 -0.1001073E+01  0.7404154E-02
 -0.1003537E+01  0.7387151E-02
 -0.9857489E+00  0.7166613E-02
 -0.9978324E+00  0.7265848E-02
 -0.9972374E+00  0.7261047E-02
 -0.9908209E+00  0.7437812E-02
 -0.9966156E+00  0.7256473E-02
 -0.9977509E+00  0.7266630E-02
 -0.9982114E+00  0.7270242E-02
 -0.9973881E+00  0.7262462E-02
 -0.9972369E+00  0.7260809E-02
 -0.9970356E+00  0.7259303E-02
 -0.9971216E+00  0.7260387E-02
 -0.9972335E+00  0.7261604E-02
 -0.9972650E+00  0.7261510E-02
 -0.9972893E+00  0.7261383E-02
 -0.9972530E+00  0.7260789E-02
 -0.9972255E+00  0.7260262E-02
 -0.9972919E+00  0.7260499E-02
 -0.9970823E+00  0.7259011E-02
 -0.9967730E+00  0.7257476E-02
 -0.9977793E+00  0.7266710E-02
 -0.9985492E+00  0.7273331E-02
 -0.9974998E+00  0.7263425E-02
 -0.9971661E+00  0.7260650E-02
 -0.9991094E+00  0.7276457E-02
 -0.9936280E+00  0.7234903E-02
 -0.9940485E+00  0.7494519E-02
 -0.9933640E+00  0.7490449E-02
 -0.9914557E+00  0.7476870E-02
 -0.9872226E+00  0.7166682E-02
 -0.1008420E+01  0.7498919E-02
 -0.1007164E+01  0.7374648E-02
 -0.9940446E+00  0.7463985E-02
 -0.9917188E+00  0.7446364E-02
 -0.9910685E+00  0.7439713E-02
 -0.9904963E+00  0.7435665E-02
 -0.9904891E+00  0.7435644E-02
 -0.9906449E+00  0.7436687E-02
 -0.9904298E+00  0.7435156E-02
 -0.9903034E+00  0.7434173E-02
 -0.9904000E+00  0.7434695E-02
 -0.9899012E+00  0.7431210E-02
 -0.9898767E+00  0.7430948E-02
 -0.9902879E+00  0.7433428E-02
 -0.9906230E+00  0.7435423E-02
 -0.9906470E+00  0.7435657E-02
 -0.9908425E+00  0.7437280E-02
 -0.9908066E+00  0.7437215E-02
 -0.9905403E+00  0.7435630E-02
 -0.9905658E+00  0.7435935E-02
 -0.9906851E+00  0.7436801E-02
 -0.9904399E+00  0.7435185E-02
 -0.9904336E+00  0.7435180E-02
 -0.9905940E+00  0.7436253E-02
 -0.9903356E+00  0.7434523E-02
 -0.9903407E+00  0.7434607E-02
 -0.9905139E+00  0.7435782E-02
 -0.9902679E+00  0.7434142E-02
 -0.9902769E+00  0.7434293E-02
 -0.9904454E+00  0.7435428E-02
 -0.9902099E+00  0.7433858E-02
 -0.9901963E+00  0.7433841E-02
 -0.9903509E+00  0.7434865E-02
 -0.9900955E+00  0.7433162E-02
 -0.9900488E+00  0.7432887E-02
 -0.9902157E+00  0.7433929E-02
 -0.9897339E+00  0.7430590E-02
 -0.9892455E+00  0.7427526E-02
 -0.9897910E+00  0.7431338E-02
 -0.9906206E+00  0.7436766E-02
 -0.9905336E+00  0.7436114E-02
 -0.9903494E+00  0.7434852E-02
 -0.9904442E+00  0.7435445E-02
 -0.9903601E+00  0.7434876E-02
 -0.9903381E+00  0.7434911E-02
 -0.9900798E+00  0.7433555E-02
 -0.9887983E+00  0.7425549E-02
 -0.9890614E+00  0.7427862E-02
 -0.9901405E+00  0.7434970E-02
 -0.9897698E+00  0.7432244E-02
 -0.9900842E+00  0.7434224E-02
 -0.9905746E+00  0.7437039E-02
 -0.9905223E+00  0.7436302E-02
 -0.9904770E+00  0.7435723E-02
 -0.9905465E+00  0.7435975E-02
 -0.9904372E+00  0.7435168E-02
 -0.9903890E+00  0.7434707E-02
 -0.9906482E+00  0.7436201E-02
 -0.9906687E+00  0.7436288E-02
 -0.9909014E+00  0.7438012E-02
 -0.9912047E+00  0.7439979E-02
 -0.9913814E+00  0.7440952E-02
 -0.9912491E+00  0.7439955E-02
 -0.9908084E+00  0.7437178E-02
 -0.9908687E+00  0.7437996E-02
 -0.9910613E+00  0.7439722E-02
 -0.9906253E+00  0.7437361E-02
 -0.9908297E+00  0.7439621E-02
 -0.9903203E+00  0.7436442E-02
 -0.9906737E+00  0.7439207E-02
 -0.9902962E+00  0.7435905E-02
 -0.9910101E+00  0.7440009E-02
 -0.9916267E+00  0.7443664E-02
 -0.9915854E+00  0.7442984E-02
 -0.9912124E+00  0.7440416E-02
 -0.9911731E+00  0.7440258E-02
 -0.9914759E+00  0.7442377E-02
 -0.9915697E+00  0.7443126E-02
 -0.9909672E+00  0.7439588E-02
 -0.9894881E+00  0.7430521E-02
 -0.9893596E+00  0.7430150E-02
 -0.9905976E+00  0.7437996E-02
 -0.9905651E+00  0.7437515E-02
 -0.9901325E+00  0.7434902E-02
 -0.9893851E+00  0.7428722E-02
 -0.9908909E+00  0.7438235E-02
 -0.1006641E+01  0.7369188E-02
 -0.1009077E+01  0.7387967E-02
 -0.9854736E+00  0.7380456E-02
 -0.9937104E+00  0.7244471E-02
 -0.1005983E+01  0.7364972E-02
 -0.1002751E+01  0.7425314E-02
 -0.9924710E+00  0.7455562E-02
 -0.1000673E+01  0.7437073E-02
 -0.1006687E+01  0.7484333E-02
 -0.1009797E+01  0.7398588E-02
 -0.9904339E+00  0.7436475E-02
 -0.1009518E+01  0.7391788E-02
 -0.1009334E+01  0.7544454E-02
 -0.9965551E+00  0.7454043E-02
 -0.1007818E+01  0.7376802E-02
 -0.1007460E+01  0.7372434E-02
 -0.1007063E+01  0.7369256E-02
 -0.1007506E+01  0.7373372E-02
 -0.1007600E+01  0.7375118E-02
 -0.1007768E+01  0.7375990E-02
 -0.1007885E+01  0.7376764E-02
 -0.1007841E+01  0.7376442E-02
 -0.1007822E+01  0.7376233E-02
 -0.1007820E+01  0.7376278E-02
 -0.1007516E+01  0.7374493E-02
 -0.1007383E+01  0.7374487E-02
 -0.1010175E+01  0.7400588E-02
 -0.1011402E+01  0.7413027E-02
 -0.1007360E+01  0.7374573E-02
 -0.1006364E+01  0.7365542E-02
 -0.1001601E+01  0.7335145E-02
 -0.9990396E+00  0.7462146E-02
 -0.9911597E+00  0.7440737E-02
 -0.9961924E+00  0.7370991E-02
 -0.9836811E+00  0.7334157E-02
 -0.1010633E+01  0.7404875E-02
 -0.1002449E+01  0.7390480E-02
 -0.1008623E+01  0.7502763E-02
 -0.9988065E+00  0.7466089E-02
 -0.1014356E+01  0.7482633E-02
 -0.1003972E+01  0.7416980E-02
 -0.9792354E+00  0.7364975E-02
 -0.9953223E+00  0.7441693E-02
 -0.1023269E+01  0.7536261E-02
 -0.9961104E+00  0.7443612E-02
 -0.9941674E+00  0.7430712E-02
 -0.9937907E+00  0.7428648E-02
 -0.9937336E+00  0.7428201E-02
 -0.9944941E+00  0.7433186E-02
 -0.9924044E+00  0.7419080E-02
 -0.9922829E+00  0.7418083E-02
 -0.9940295E+00  0.7428597E-02
 -0.9953257E+00  0.7436353E-02
 -0.9946807E+00  0.7432329E-02
 -0.9950557E+00  0.7436067E-02
 -0.9952274E+00  0.7437676E-02
 -0.9937999E+00  0.7428669E-02
 -0.9938661E+00  0.7429534E-02
 -0.9950207E+00  0.7437260E-02
 -0.9937568E+00  0.7428784E-02
 -0.9937255E+00  0.7428588E-02
 -0.9949450E+00  0.7436673E-02
 -0.9936948E+00  0.7428260E-02
 -0.9936698E+00  0.7428095E-02
 -0.9948688E+00  0.7435990E-02
 -0.9936525E+00  0.7427828E-02
 -0.9936340E+00  0.7427715E-02
 -0.9948133E+00  0.7435478E-02
 -0.9936743E+00  0.7427854E-02
 -0.9936081E+00  0.7427403E-02
 -0.9946994E+00  0.7434520E-02
 -0.9935392E+00  0.7426742E-02
 -0.9935849E+00  0.7427008E-02
 -0.9950469E+00  0.7436764E-02
 -0.9931232E+00  0.7423670E-02
 -0.9900955E+00  0.7403955E-02
 -0.9922011E+00  0.7417981E-02
 -0.9962744E+00  0.7444596E-02
 -0.9945921E+00  0.7432855E-02
 -0.9941293E+00  0.7429741E-02
 -0.9952917E+00  0.7437383E-02
 -0.9940153E+00  0.7428942E-02
 -0.9943928E+00  0.7432493E-02
 -0.9952602E+00  0.7439678E-02
 -0.9878877E+00  0.7390799E-02
 -0.9887990E+00  0.7398283E-02
 -0.9952821E+00  0.7441799E-02
 -0.9914187E+00  0.7414690E-02
 -0.9928480E+00  0.7424220E-02
 -0.9955710E+00  0.7441530E-02
 -0.9940283E+00  0.7430383E-02
 -0.9939166E+00  0.7429508E-02
 -0.9947543E+00  0.7434887E-02
 -0.9936888E+00  0.7427672E-02
 -0.9933730E+00  0.7425007E-02
 -0.9951543E+00  0.7436258E-02
 -0.9941804E+00  0.7429566E-02
 -0.9947904E+00  0.7434642E-02
 -0.9960041E+00  0.7442621E-02
 -0.9961528E+00  0.7442938E-02
 -0.9957161E+00  0.7440087E-02
 -0.9937541E+00  0.7427707E-02
 -0.9939672E+00  0.7430369E-02
 -0.9951500E+00  0.7438936E-02
 -0.9924471E+00  0.7421585E-02
 -0.9941775E+00  0.7435528E-02
 -0.9915136E+00  0.7416822E-02
 -0.9933062E+00  0.7430336E-02
 -0.9908533E+00  0.7410791E-02
 -0.9949546E+00  0.7437170E-02
 -0.9966651E+00  0.7447636E-02
 -0.9959087E+00  0.7441781E-02
 -0.9942187E+00  0.7430576E-02
 -0.9944364E+00  0.7432518E-02
 -0.9959033E+00  0.7442415E-02
 -0.9963242E+00  0.7445605E-02
 -0.9951131E+00  0.7438855E-02
 -0.9882398E+00  0.7394192E-02
 -0.9877365E+00  0.7390944E-02
 -0.9958021E+00  0.7443648E-02
 -0.9946277E+00  0.7435326E-02
 -0.9911608E+00  0.7414438E-02
 -0.9961440E+00  0.7444313E-02
 -0.9925172E+00  0.7420754E-02
 -0.9987639E+00  0.7501439E-02
 -0.1017670E+01  0.7492052E-02
 -0.1020386E+01  0.7515463E-02
 -0.1017805E+01  0.7498018E-02
 -0.1033213E+01  0.7610386E-02
 -0.1002392E+01  0.7444497E-02
 -0.9883733E+00  0.7287105E-02
 -0.1015285E+01  0.7478105E-02
 -0.1007121E+01  0.7455045E-02
 -0.1020968E+01  0.7513365E-02
 -0.1017837E+01  0.7494605E-02
 -0.1015872E+01  0.7477471E-02
 -0.1018699E+01  0.7501921E-02
 -0.1017946E+01  0.7496212E-02
 -0.1017469E+01  0.7493276E-02
 -0.1017180E+01  0.7491905E-02
 -0.1017044E+01  0.7491331E-02
 -0.1016835E+01  0.7490448E-02
 -0.1016177E+01  0.7486459E-02
 -0.1015622E+01  0.7480210E-02
 -0.9745802E+00  0.7111499E-02
 -0.1038327E+01  0.7651624E-02
 -0.1018173E+01  0.7499982E-02
 -0.1014245E+01  0.7465936E-02
 -0.1026909E+01  0.7559073E-02
 -0.9941422E+00  0.7431020E-02
 -0.1015330E+01  0.7472912E-02
 -0.9951242E+00  0.7437665E-02
 -0.1012911E+01  0.7378709E-02
 -0.1005209E+01  0.7476450E-02
 -0.9901223E+00  0.7402665E-02
 -0.9942542E+00  0.7353528E-02
 -0.1002736E+01  0.7457793E-02
 -0.1052981E+01  0.7778939E-02
 -0.9833567E+00  0.7394281E-02
 -0.1029817E+01  0.7624907E-02
 -0.1028503E+01  0.7612586E-02
 -0.1000433E+01  0.7444819E-02
 -0.9929511E+00  0.7392119E-02
 -0.9927183E+00  0.7392018E-02
 -0.9932613E+00  0.7395953E-02
 -0.9900922E+00  0.7375678E-02
 -0.9966986E+00  0.7415628E-02
 -0.9995420E+00  0.7428725E-02
 -0.9945227E+00  0.7395871E-02
 -0.9967875E+00  0.7418074E-02
 -0.1000680E+01  0.7445554E-02
 -0.9929813E+00  0.7394333E-02
 -0.9935527E+00  0.7399014E-02
 -0.1001372E+01  0.7451975E-02
 -0.9930226E+00  0.7394949E-02
 -0.9930151E+00  0.7394874E-02
 -0.1001356E+01  0.7451336E-02
 -0.9929117E+00  0.7393701E-02
 -0.9929559E+00  0.7394016E-02
 -0.1001250E+01  0.7450143E-02
 -0.9928856E+00  0.7393112E-02
 -0.9929694E+00  0.7393675E-02
 -0.1001187E+01  0.7449224E-02
 -0.9928710E+00  0.7392543E-02
 -0.9929760E+00  0.7393254E-02
 -0.1000997E+01  0.7447352E-02
 -0.9926749E+00  0.7390617E-02
 -0.9929289E+00  0.7392311E-02
 -0.1002771E+01  0.7459549E-02
 -0.9947636E+00  0.7405683E-02
 -0.9971966E+00  0.7423157E-02
 -0.9929803E+00  0.7389173E-02
 -0.9931588E+00  0.7391065E-02
 -0.1002030E+01  0.7451322E-02
 -0.9925639E+00  0.7387054E-02
 -0.9937949E+00  0.7397600E-02
 -0.1012613E+01  0.7532633E-02
 -0.1015249E+01  0.7554079E-02
 -0.1003557E+01  0.7469145E-02
 -0.1003696E+01  0.7466284E-02
 -0.9927410E+00  0.7391101E-02
 -0.9934614E+00  0.7397044E-02
 -0.1000318E+01  0.7443686E-02
 -0.9931863E+00  0.7395261E-02
 -0.9909744E+00  0.7377660E-02
 -0.1002515E+01  0.7452854E-02
 -0.9932317E+00  0.7388860E-02
 -0.9947097E+00  0.7405133E-02
 -0.1001270E+01  0.7449336E-02
 -0.9998800E+00  0.7437288E-02
 -0.1000927E+01  0.7445758E-02
 -0.9919975E+00  0.7386869E-02
 -0.9932609E+00  0.7398009E-02
 -0.1003976E+01  0.7472822E-02
 -0.1000516E+01  0.7467904E-02
 -0.9959158E+00  0.7419389E-02
 -0.1001496E+01  0.7452533E-02
 -0.1003938E+01  0.7466794E-02
 -0.9995984E+00  0.7435455E-02
 -0.9927886E+00  0.7390428E-02
 -0.9939624E+00  0.7399880E-02
 -0.1000666E+01  0.7445065E-02
 -0.9998925E+00  0.7439291E-02
 -0.1003770E+01  0.7470571E-02
 -0.9877429E+00  0.7289091E-02
 -0.9940495E+00  0.7401248E-02
 -0.1039957E+01  0.7685697E-02
 -0.1037446E+01  0.7672930E-02
 -0.1036496E+01  0.7668276E-02
 -0.1022400E+01  0.7568133E-02
 -0.1019707E+01  0.7544931E-02
 -0.1026508E+01  0.7595247E-02
 -0.1040684E+01  0.7694465E-02
 -0.1005309E+01  0.7392287E-02
 -0.1001657E+01  0.7453087E-02
 -0.1035830E+01  0.7660969E-02
 -0.1036155E+01  0.7664148E-02
 -0.1036175E+01  0.7664945E-02
 -0.1036218E+01  0.7665975E-02
 -0.1033985E+01  0.7651084E-02
 -0.1020060E+01  0.7550708E-02
 -0.9820695E+00  0.7200259E-02
 -0.1044450E+01  0.7727269E-02
 -0.1035828E+01  0.7662648E-02
 -0.1006194E+01  0.7367299E-02
 -0.1017714E+01  0.7532904E-02
 -0.9896171E+00  0.7371446E-02
 -0.1026797E+01  0.7560507E-02
 -0.1016082E+01  0.7522831E-02
 -0.1011714E+01  0.7529956E-02
 -0.1010707E+01  0.7488151E-02
 -0.1030028E+01  0.7619350E-02
 -0.1035684E+01  0.7658799E-02
 -0.9979516E+00  0.7400200E-02
 -0.1022458E+01  0.7500501E-02
 -0.1000007E+01  0.7303914E-02
 -0.1000760E+01  0.7444009E-02
 -0.1003785E+01  0.7481412E-02
 -0.1037982E+01  0.7607511E-02
 -0.9761298E+00  0.7070337E-02
 -0.1000762E+01  0.7246195E-02
 -0.1005455E+01  0.7433523E-02
 -0.1023802E+01  0.7546420E-02
 -0.9863625E+00  0.7348879E-02
 -0.1004534E+01  0.7428146E-02
 -0.1005732E+01  0.7491496E-02
 -0.1025635E+01  0.7563516E-02
 -0.9967719E+00  0.7398239E-02
 -0.9845116E+00  0.7339103E-02
 -0.9861120E+00  0.7350458E-02
 -0.9948000E+00  0.7373255E-02
 -0.1022452E+01  0.7575447E-02
 -0.1011685E+01  0.7510771E-02
 -0.9975998E+00  0.7400718E-02
 -0.9930211E+00  0.7371363E-02
 -0.9959172E+00  0.7383520E-02
 -0.9960364E+00  0.7388803E-02
 -0.9949250E+00  0.7378708E-02
 -0.9978666E+00  0.7401268E-02
 -0.9983366E+00  0.7404288E-02
 -0.9958233E+00  0.7385024E-02
 -0.9954724E+00  0.7383524E-02
 -0.9955359E+00  0.7384620E-02
 -0.9956011E+00  0.7385666E-02
 -0.9959181E+00  0.7388652E-02
 -0.9973301E+00  0.7399521E-02
 -0.1011982E+01  0.7497037E-02
 -0.9997472E+00  0.7421600E-02
 -0.9954416E+00  0.7423222E-02
 -0.9962726E+00  0.7426871E-02
 -0.9898572E+00  0.7344022E-02
 -0.9958689E+00  0.7385226E-02
 -0.9841836E+00  0.7298917E-02
 -0.9873354E+00  0.7321409E-02
 -0.2188152E+00  0.1712438E-02
  0.1010226E-01  0.3577239E-04
  0.7219353E-01 -0.4259168E-03
  0.9124483E-01 -0.5716264E-03
  0.9355956E-01 -0.5933728E-03
  0.8891365E-01 -0.5628688E-03
  0.8160140E-01 -0.5118286E-03
  0.7352235E-01 -0.4544272E-03
  0.6561144E-01 -0.3976705E-03
  0.5830846E-01 -0.3449211E-03
  0.5178617E-01 -0.2975303E-03
  0.4607407E-01 -0.2557758E-03
  0.4114036E-01 -0.2194184E-03
  0.3690286E-01 -0.1878635E-03
  0.3331311E-01 -0.1606649E-03
  0.3029005E-01 -0.1371424E-03
  0.2779845E-01 -0.1168864E-03
  0.2583356E-01 -0.9958381E-04
  0.2443481E-01 -0.8506422E-04
  0.2375531E-01 -0.7344370E-04
  0.2376434E-01 -0.7347107E-04
  0.2377035E-01 -0.7348840E-04
  0.2377414E-01 -0.7349785E-04
  0.2378605E-01 -0.7356954E-04
  0.2379033E-01 -0.7360664E-04
  0.2378731E-01 -0.7359626E-04
  0.2375285E-01 -0.7338774E-04
  0.2373408E-01 -0.7329194E-04
  0.2372694E-01 -0.7327043E-04
  0.2372076E-01 -0.7326163E-04
  0.2371232E-01 -0.7324075E-04
  0.2370210E-01 -0.7320956E-04
  0.2369176E-01 -0.7318467E-04
  0.2368239E-01 -0.7316400E-04
  0.2367493E-01 -0.7314469E-04
  0.2366976E-01 -0.7313494E-04
  0.2366645E-01 -0.7314058E-04
  0.2366516E-01 -0.7314920E-04
  0.2366567E-01 -0.7316173E-04
  0.2366767E-01 -0.7318442E-04
  0.2367097E-01 -0.7320423E-04
  0.2367559E-01 -0.7321365E-04
  0.2368125E-01 -0.7322350E-04
  0.2368778E-01 -0.7323561E-04
  0.2369546E-01 -0.7324641E-04
  0.2370456E-01 -0.7326341E-04
  0.2371457E-01 -0.7328569E-04
  0.2372509E-01 -0.7331708E-04
  0.2373558E-01 -0.7335365E-04
  0.2441547E-01 -0.8496809E-04
  0.2581456E-01 -0.9949073E-04
  0.2777851E-01 -0.1167886E-03
  0.3026813E-01 -0.1370369E-03
  0.3329267E-01 -0.1605564E-03
  0.3688984E-01 -0.1878113E-03
  0.4111627E-01 -0.2192953E-03
  0.4604837E-01 -0.2556288E-03
  0.5175652E-01 -0.2973689E-03
  0.5827458E-01 -0.3447278E-03
  0.6557228E-01 -0.3974326E-03
  0.7347541E-01 -0.4541344E-03
  0.8154341E-01 -0.5114710E-03
  0.8883675E-01 -0.5623625E-03
  0.9348096E-01 -0.5928539E-03
  0.9110256E-01 -0.5706465E-03
  0.7197898E-01 -0.4244003E-03
  0.9854725E-02  0.3752826E-04
 -0.2185990E+00  0.1710941E-02
 -0.2188263E+00  0.1712631E-02
 -0.2190717E+00  0.1714351E-02
 -0.2191538E+00  0.1714908E-02
 -0.2192146E+00  0.1715387E-02
 -0.2192407E+00  0.1715575E-02
 -0.2192486E+00  0.1715520E-02
 -0.2192311E+00  0.1715282E-02
 -0.2192140E+00  0.1715105E-02
 -0.2192601E+00  0.1715427E-02
 -0.2193160E+00  0.1715846E-02
 -0.2193415E+00  0.1716061E-02
 -0.2193835E+00  0.1716414E-02
 -0.2194490E+00  0.1716965E-02
 -0.2194660E+00  0.1717162E-02
 -0.2194463E+00  0.1717060E-02
 -0.2193715E+00  0.1716557E-02
 -0.2192995E+00  0.1716107E-02
 -0.2192551E+00  0.1715884E-02
 -0.2191373E+00  0.1715129E-02
 -0.2190423E+00  0.1714516E-02
 -0.2189095E+00  0.1713619E-02
 -0.2188485E+00  0.1713273E-02
 -0.2188032E+00  0.1713009E-02
 -0.2186822E+00  0.1712088E-02
 -0.2184744E+00  0.1710427E-02
 -0.2181763E+00  0.1708050E-02
 -0.2176018E+00  0.1703675E-02
 -0.2182665E+00  0.1708503E-02
  0.9131774E-01 -0.5720999E-03
  0.9364797E-01 -0.5939704E-03
  0.8899537E-01 -0.5634094E-03
  0.8164549E-01 -0.5121013E-03
  0.7355873E-01 -0.4546508E-03
  0.6564298E-01 -0.3978571E-03
  0.5833608E-01 -0.3450775E-03
  0.5181263E-01 -0.2976818E-03
  0.4609694E-01 -0.2558970E-03
  0.4112483E-01 -0.2192912E-03
  0.3688369E-01 -0.1877101E-03
  0.3333553E-01 -0.1607906E-03
  0.3033571E-01 -0.1374133E-03
  0.2784007E-01 -0.1171294E-03
  0.2585863E-01 -0.9971928E-04
  0.2444857E-01 -0.8512905E-04
  0.2445441E-01 -0.8514403E-04
  0.2448602E-01 -0.8533140E-04
  0.2457568E-01 -0.8590097E-04
  0.2456410E-01 -0.8581862E-04
  0.2453236E-01 -0.8562332E-04
  0.2436441E-01 -0.8456009E-04
  0.2432103E-01 -0.8429492E-04
  0.2433146E-01 -0.8438759E-04
  0.2436058E-01 -0.8460422E-04
  0.2437360E-01 -0.8472717E-04
  0.2437262E-01 -0.8476131E-04
  0.2436525E-01 -0.8474273E-04
  0.2435665E-01 -0.8472671E-04
  0.2434927E-01 -0.8472269E-04
  0.2434380E-01 -0.8472294E-04
  0.2434076E-01 -0.8472351E-04
  0.2433992E-01 -0.8473460E-04
  0.2434049E-01 -0.8475374E-04
  0.2434279E-01 -0.8476179E-04
  0.2434641E-01 -0.8476928E-04
  0.2435109E-01 -0.8478401E-04
  0.2435677E-01 -0.8479721E-04
  0.2436407E-01 -0.8481702E-04
  0.2437312E-01 -0.8484395E-04
  0.2438287E-01 -0.8487082E-04
  0.2439357E-01 -0.8490082E-04
  0.2440533E-01 -0.8493837E-04
  0.2580191E-01 -0.9944639E-04
  0.2776449E-01 -0.1167328E-03
  0.3025221E-01 -0.1369661E-03
  0.3327429E-01 -0.1604685E-03
  0.3686855E-01 -0.1877113E-03
  0.4109295E-01 -0.2191686E-03
  0.4602163E-01 -0.2554912E-03
  0.5172682E-01 -0.2972008E-03
  0.5823973E-01 -0.3445327E-03
  0.6553132E-01 -0.3971883E-03
  0.7342596E-01 -0.4538309E-03
  0.8148384E-01 -0.5110971E-03
  0.8877318E-01 -0.5619575E-03
  0.9338658E-01 -0.5922196E-03
  0.9100043E-01 -0.5699607E-03
  0.7184590E-01 -0.4234974E-03
  0.9719444E-02  0.3847374E-04
  0.9624518E-02  0.3910703E-04
  0.9530136E-02  0.3974338E-04
  0.9505390E-02  0.3989324E-04
  0.9498293E-02  0.3990349E-04
  0.9474857E-02  0.4000364E-04
  0.9493399E-02  0.3979987E-04
  0.9486758E-02  0.3980360E-04
  0.9470862E-02  0.3990833E-04
  0.9404775E-02  0.4040112E-04
  0.9376401E-02  0.4063301E-04
  0.9356115E-02  0.4082792E-04
  0.9306115E-02  0.4124598E-04
  0.9275815E-02  0.4151861E-04
  0.9315416E-02  0.4127337E-04
  0.9362050E-02  0.4097797E-04
  0.9429126E-02  0.4054937E-04
  0.9479441E-02  0.4025627E-04
  0.9565310E-02  0.3969111E-04
  0.9647616E-02  0.3915141E-04
  0.9736975E-02  0.3857530E-04
  0.9821757E-02  0.3803387E-04
  0.9872784E-02  0.3771800E-04
  0.9918691E-02  0.3740150E-04
  0.1008529E-01  0.3615439E-04
  0.1019638E-01  0.3528118E-04
  0.1035115E-01  0.3408203E-04
  0.1031071E-01  0.3431538E-04
  0.7229567E-01 -0.4266071E-03
  0.9367302E-01 -0.5941060E-03
  0.7358108E-01 -0.4547717E-03
  0.6566875E-01 -0.3980022E-03
  0.5836282E-01 -0.3452360E-03
  0.5183752E-01 -0.2978327E-03
  0.4606609E-01 -0.2556698E-03
  0.4103574E-01 -0.2186860E-03
  0.3687211E-01 -0.1876149E-03
  0.3331404E-01 -0.1606271E-03
  0.3043127E-01 -0.1380254E-03
  0.2796247E-01 -0.1179041E-03
  0.2592954E-01 -0.1001608E-03
  0.2604262E-01 -0.1008828E-03
  0.2596582E-01 -0.1003869E-03
  0.2616431E-01 -0.1016626E-03
  0.2592805E-01 -0.1001395E-03
  0.2569190E-01 -0.9861874E-04
  0.2560339E-01 -0.9805556E-04
  0.2560569E-01 -0.9810101E-04
  0.2568763E-01 -0.9866228E-04
  0.2573537E-01 -0.9900789E-04
  0.2575083E-01 -0.9914731E-04
  0.2575097E-01 -0.9918716E-04
  0.2574521E-01 -0.9918309E-04
  0.2573867E-01 -0.9917138E-04
  0.2573372E-01 -0.9916339E-04
  0.2573076E-01 -0.9917358E-04
  0.2572979E-01 -0.9919277E-04
  0.2573093E-01 -0.9920295E-04
  0.2573342E-01 -0.9921886E-04
  0.2573674E-01 -0.9923843E-04
  0.2574155E-01 -0.9925837E-04
  0.2574862E-01 -0.9928215E-04
  0.2575704E-01 -0.9930517E-04
  0.2576691E-01 -0.9932975E-04
  0.2577834E-01 -0.9936615E-04
  0.2579086E-01 -0.9941369E-04
  0.2775062E-01 -0.1166792E-03
  0.3325550E-01 -0.1603914E-03
  0.3023630E-01 -0.1368963E-03
  0.3684871E-01 -0.1876139E-03
  0.4107088E-01 -0.2190576E-03
  0.4599658E-01 -0.2553673E-03
  0.5169817E-01 -0.2970506E-03
  0.5820694E-01 -0.3443440E-03
  0.6549153E-01 -0.3969582E-03
  0.7337955E-01 -0.4535541E-03
  0.8142819E-01 -0.5107428E-03
  0.8869357E-01 -0.5614401E-03
  0.9330421E-01 -0.5916847E-03
  0.9092083E-01 -0.5694434E-03
  0.7176423E-01 -0.4229633E-03
  0.7170299E-01 -0.4225681E-03
  0.7168616E-01 -0.4225451E-03
  0.7170135E-01 -0.4226093E-03
  0.7166008E-01 -0.4224094E-03
  0.7167020E-01 -0.4225346E-03
  0.7164809E-01 -0.4224031E-03
  0.7163549E-01 -0.4223189E-03
  0.7159504E-01 -0.4220152E-03
  0.7157467E-01 -0.4218504E-03
  0.7158445E-01 -0.4218963E-03
  0.7157356E-01 -0.4217725E-03
  0.7153255E-01 -0.4214273E-03
  0.7153352E-01 -0.4213788E-03
  0.7157450E-01 -0.4216247E-03
  0.7163742E-01 -0.4220236E-03
  0.7171568E-01 -0.4225336E-03
  0.7176300E-01 -0.4228134E-03
  0.7186985E-01 -0.4235252E-03
  0.7192786E-01 -0.4238909E-03
  0.7199007E-01 -0.4242855E-03
  0.7204565E-01 -0.4246403E-03
  0.7209624E-01 -0.4249959E-03
  0.7217850E-01 -0.4256111E-03
  0.7226159E-01 -0.4262501E-03
  0.7229198E-01 -0.4265181E-03
  0.8903146E-01 -0.5636342E-03
  0.8166885E-01 -0.5122332E-03
  0.9137824E-01 -0.5724917E-03
  0.5839239E-01 -0.3454201E-03
  0.6569765E-01 -0.3981805E-03
  0.4603743E-01 -0.2554790E-03
  0.4109351E-01 -0.2190715E-03
  0.3680384E-01 -0.1871736E-03
  0.3322182E-01 -0.1600129E-03
  0.3039738E-01 -0.1377966E-03
  0.2811003E-01 -0.1188509E-03
  0.2791574E-01 -0.1175968E-03
  0.2745011E-01 -0.1145816E-03
  0.2780694E-01 -0.1168880E-03
  0.2780601E-01 -0.1168744E-03
  0.2791333E-01 -0.1175690E-03
  0.2767449E-01 -0.1160539E-03
  0.2763929E-01 -0.1158616E-03
  0.2768074E-01 -0.1161691E-03
  0.2769959E-01 -0.1163296E-03
  0.2770303E-01 -0.1163958E-03
  0.2769713E-01 -0.1163972E-03
  0.2769011E-01 -0.1163867E-03
  0.2768530E-01 -0.1163885E-03
  0.2768266E-01 -0.1163937E-03
  0.2768230E-01 -0.1164047E-03
  0.2768315E-01 -0.1164229E-03
  0.2768506E-01 -0.1164403E-03
  0.2768896E-01 -0.1164539E-03
  0.2769502E-01 -0.1164723E-03
  0.2770317E-01 -0.1165080E-03
  0.2771331E-01 -0.1165470E-03
  0.2772457E-01 -0.1165844E-03
  0.2773841E-01 -0.1166359E-03
  0.4105070E-01 -0.2189727E-03
  0.4597450E-01 -0.2552513E-03
  0.3323861E-01 -0.1603204E-03
  0.3682959E-01 -0.1875206E-03
  0.3022088E-01 -0.1368356E-03
  0.5167219E-01 -0.2969237E-03
  0.5817785E-01 -0.3441821E-03
  0.6545720E-01 -0.3967648E-03
  0.7334021E-01 -0.4533269E-03
  0.8139043E-01 -0.5105291E-03
  0.8865629E-01 -0.5612206E-03
  0.9334807E-01 -0.5920717E-03
  0.9089787E-01 -0.5693397E-03
  0.9089617E-01 -0.5695221E-03
  0.9090465E-01 -0.5696100E-03
  0.9087847E-01 -0.5693058E-03
  0.9088417E-01 -0.5693987E-03
  0.9089009E-01 -0.5693385E-03
  0.9087485E-01 -0.5694075E-03
  0.9084383E-01 -0.5691798E-03
  0.9083325E-01 -0.5690882E-03
  0.9081101E-01 -0.5688954E-03
  0.9081942E-01 -0.5689202E-03
  0.9079655E-01 -0.5687051E-03
  0.9080696E-01 -0.5687322E-03
  0.9084392E-01 -0.5689504E-03
  0.9089050E-01 -0.5692315E-03
  0.9095721E-01 -0.5696556E-03
  0.9104122E-01 -0.5702067E-03
  0.9109714E-01 -0.5705602E-03
  0.9113078E-01 -0.5707429E-03
  0.9117765E-01 -0.5710287E-03
  0.9123144E-01 -0.5713769E-03
  0.9127714E-01 -0.5716843E-03
  0.9131327E-01 -0.5719533E-03
  0.9136883E-01 -0.5723844E-03
  0.8904768E-01 -0.5637318E-03
  0.8167725E-01 -0.5122635E-03
  0.5185506E-01 -0.2979409E-03
  0.9362981E-01 -0.5937470E-03
  0.7359860E-01 -0.4548650E-03
  0.4623522E-01 -0.2568158E-03
  0.4115580E-01 -0.2195109E-03
  0.3016884E-01 -0.1363055E-03
  0.3035004E-01 -0.1374830E-03
  0.3024688E-01 -0.1368506E-03
  0.3058851E-01 -0.1390365E-03
  0.3027670E-01 -0.1369932E-03
  0.2992109E-01 -0.1347029E-03
  0.3012022E-01 -0.1359865E-03
  0.6543109E-01 -0.3966290E-03
  0.3022823E-01 -0.1368245E-03
  0.3018799E-01 -0.1366079E-03
  0.3017499E-01 -0.1365618E-03
  0.3016600E-01 -0.1365362E-03
  0.3016060E-01 -0.1365310E-03
  0.3015807E-01 -0.1365382E-03
  0.3015741E-01 -0.1365519E-03
  0.3015774E-01 -0.1365672E-03
  0.3016022E-01 -0.1365840E-03
  0.3016533E-01 -0.1366118E-03
  0.3017316E-01 -0.1366516E-03
  0.3018314E-01 -0.1366888E-03
  0.3019481E-01 -0.1367319E-03
  0.3020810E-01 -0.1367862E-03
  0.5165098E-01 -0.2968157E-03
  0.5815450E-01 -0.3440704E-03
  0.4595489E-01 -0.2551605E-03
  0.4103093E-01 -0.2188768E-03
  0.3322290E-01 -0.1602530E-03
  0.3681168E-01 -0.1874438E-03
  0.9329104E-01 -0.5918689E-03
  0.7331924E-01 -0.4532261E-03
  0.8136464E-01 -0.5103985E-03
  0.8864347E-01 -0.5611851E-03
  0.9330572E-01 -0.5918187E-03
  0.9324268E-01 -0.5915169E-03
  0.9330171E-01 -0.5919582E-03
  0.9330303E-01 -0.5919448E-03
  0.9327839E-01 -0.5917423E-03
  0.9331246E-01 -0.5919145E-03
  0.9329268E-01 -0.5918067E-03
  0.9327751E-01 -0.5917446E-03
  0.9325707E-01 -0.5915526E-03
  0.9324438E-01 -0.5914173E-03
  0.9325596E-01 -0.5914486E-03
  0.9326457E-01 -0.5914591E-03
  0.9334502E-01 -0.5919940E-03
  0.9336878E-01 -0.5921025E-03
  0.9343431E-01 -0.5925208E-03
  0.9351099E-01 -0.5930195E-03
  0.9359930E-01 -0.5936119E-03
  0.9360603E-01 -0.5936215E-03
  0.9363306E-01 -0.5937807E-03
  0.9367103E-01 -0.5940362E-03
  0.9369459E-01 -0.5942001E-03
  0.7360243E-01 -0.4548759E-03
  0.5194477E-01 -0.2985488E-03
  0.8166426E-01 -0.5121607E-03
  0.3024982E-01 -0.1369204E-03
  0.8898643E-01 -0.5632655E-03
  0.6574129E-01 -0.3984591E-03
  0.3299909E-01 -0.1585749E-03
  0.3683470E-01 -0.1874031E-03
  0.5845764E-01 -0.3458541E-03
  0.4637208E-01 -0.2577319E-03
  0.4120965E-01 -0.2198754E-03
  0.3300696E-01 -0.1586093E-03
  0.3348847E-01 -0.1617509E-03
  0.3352524E-01 -0.1620349E-03
  0.3322095E-01 -0.1600401E-03
  0.3351282E-01 -0.1618988E-03
  0.3329303E-01 -0.1604662E-03
  0.8134924E-01 -0.5103366E-03
  0.3327394E-01 -0.1604903E-03
  0.4593735E-01 -0.2550793E-03
  0.3319306E-01 -0.1600372E-03
  0.3321877E-01 -0.1601678E-03
  0.3316920E-01 -0.1599560E-03
  0.3316634E-01 -0.1599607E-03
  0.3316510E-01 -0.1599653E-03
  0.3316553E-01 -0.1599815E-03
  0.3316998E-01 -0.1600125E-03
  0.3317692E-01 -0.1600478E-03
  0.3318617E-01 -0.1600948E-03
  0.3319648E-01 -0.1601438E-03
  0.3320910E-01 -0.1601979E-03
  0.3679565E-01 -0.1873700E-03
  0.8853952E-01 -0.5605803E-03
  0.5813830E-01 -0.3440015E-03
  0.5162962E-01 -0.2967065E-03
  0.4101356E-01 -0.2187976E-03
  0.8855629E-01 -0.5606521E-03
  0.8863956E-01 -0.5612126E-03
  0.8857556E-01 -0.5608484E-03
  0.7330708E-01 -0.4531881E-03
  0.8862627E-01 -0.5611629E-03
  0.8855698E-01 -0.5606131E-03
  0.8854993E-01 -0.5606761E-03
  0.8856235E-01 -0.5607673E-03
  0.8859232E-01 -0.5609498E-03
  0.8855323E-01 -0.5606593E-03
  0.8855565E-01 -0.5605560E-03
  0.8857361E-01 -0.5606346E-03
  0.8861060E-01 -0.5608419E-03
  0.8867715E-01 -0.5612726E-03
  0.8873317E-01 -0.5616229E-03
  0.8878911E-01 -0.5619699E-03
  0.8882037E-01 -0.5621458E-03
  0.8885330E-01 -0.5623384E-03
  0.8888695E-01 -0.5625532E-03
  0.8893415E-01 -0.5628834E-03
  0.6572292E-01 -0.3983301E-03
  0.5198725E-01 -0.2988401E-03
  0.3335712E-01 -0.1609838E-03
  0.8165471E-01 -0.5120889E-03
  0.3678044E-01 -0.1870456E-03
  0.5847559E-01 -0.3459815E-03
  0.7361168E-01 -0.4549332E-03
  0.3317564E-01 -0.1599610E-03
  0.6541104E-01 -0.3965310E-03
  0.4138628E-01 -0.2210210E-03
  0.3700492E-01 -0.1884776E-03
  0.3693163E-01 -0.1880226E-03
  0.4591910E-01 -0.2549945E-03
  0.3675951E-01 -0.1871169E-03
  0.3684596E-01 -0.1875625E-03
  0.8134101E-01 -0.5103187E-03
  0.3674725E-01 -0.1871162E-03
  0.4099773E-01 -0.2187212E-03
  0.6540407E-01 -0.3965209E-03
  0.3680560E-01 -0.1873415E-03
  0.3674755E-01 -0.1870986E-03
  0.3675492E-01 -0.1871743E-03
  0.3676131E-01 -0.1872122E-03
  0.3677233E-01 -0.1872727E-03
  0.3678262E-01 -0.1873141E-03
  0.8130889E-01 -0.5099942E-03
  0.5812120E-01 -0.3439173E-03
  0.8131637E-01 -0.5102055E-03
  0.8130094E-01 -0.5100707E-03
  0.5161733E-01 -0.2966568E-03
  0.8136591E-01 -0.5102969E-03
  0.8129498E-01 -0.5099322E-03
  0.8129393E-01 -0.5099967E-03
  0.8133189E-01 -0.5101066E-03
  0.8132612E-01 -0.5102667E-03
  0.8130818E-01 -0.5101361E-03
  0.7329516E-01 -0.4531383E-03
  0.3674806E-01 -0.1871254E-03
  0.3675017E-01 -0.1870837E-03
  0.8140192E-01 -0.5105092E-03
  0.8144265E-01 -0.5107531E-03
  0.8148197E-01 -0.5109869E-03
  0.8152881E-01 -0.5112731E-03
  0.8157896E-01 -0.5115832E-03
  0.8162373E-01 -0.5118730E-03
  0.7358521E-01 -0.4547669E-03
  0.5188790E-01 -0.2981698E-03
  0.5840169E-01 -0.3454875E-03
  0.4619008E-01 -0.2565038E-03
  0.3677670E-01 -0.1871920E-03
  0.8129001E-01 -0.5099323E-03
  0.3687115E-01 -0.1876234E-03
  0.3691957E-01 -0.1879117E-03
  0.6569164E-01 -0.3981289E-03
  0.8133599E-01 -0.5103094E-03
  0.3692340E-01 -0.1880229E-03
  0.4097142E-01 -0.2185004E-03
  0.7338035E-01 -0.4534677E-03
  0.7334281E-01 -0.4532501E-03
  0.7340890E-01 -0.4536316E-03
  0.4095909E-01 -0.2185038E-03
  0.7327252E-01 -0.4528837E-03
  0.6539214E-01 -0.3964752E-03
  0.4100886E-01 -0.2186804E-03
  0.4096036E-01 -0.2184906E-03
  0.4120335E-01 -0.2197796E-03
  0.4096762E-01 -0.2185779E-03
  0.4097646E-01 -0.2186300E-03
  0.7325643E-01 -0.4529160E-03
  0.5810950E-01 -0.3438589E-03
  0.7331285E-01 -0.4530909E-03
  0.7325403E-01 -0.4528753E-03
  0.7326619E-01 -0.4529899E-03
  0.7328841E-01 -0.4529530E-03
  0.5160838E-01 -0.2966274E-03
  0.7325201E-01 -0.4528271E-03
  0.7327349E-01 -0.4530349E-03
  0.4112608E-01 -0.2192636E-03
  0.4098488E-01 -0.2186597E-03
  0.7325865E-01 -0.4528309E-03
  0.7326148E-01 -0.4529615E-03
  0.7327657E-01 -0.4530356E-03
  0.7346333E-01 -0.4539746E-03
  0.7354140E-01 -0.4544870E-03
  0.4098413E-01 -0.2185558E-03
  0.5834883E-01 -0.3451405E-03
  0.4608312E-01 -0.2557882E-03
  0.5172659E-01 -0.2970834E-03
  0.4102346E-01 -0.2186411E-03
  0.4590246E-01 -0.2549109E-03
  0.4103262E-01 -0.2187389E-03
  0.4102248E-01 -0.2187189E-03
  0.4096217E-01 -0.2185373E-03
  0.6562465E-01 -0.3976903E-03
  0.4116046E-01 -0.2195163E-03
  0.4096363E-01 -0.2184837E-03
  0.6557634E-01 -0.3973866E-03
  0.6536949E-01 -0.3963069E-03
  0.4593877E-01 -0.2548446E-03
  0.4587961E-01 -0.2547627E-03
  0.5810105E-01 -0.3438221E-03
  0.4588379E-01 -0.2547998E-03
  0.4592464E-01 -0.2548636E-03
  0.4591268E-01 -0.2547409E-03
  0.4589086E-01 -0.2548475E-03
  0.4589639E-01 -0.2548797E-03
  0.6536898E-01 -0.3963255E-03
  0.6545576E-01 -0.3966289E-03
  0.6537024E-01 -0.3962839E-03
  0.6541663E-01 -0.3964390E-03
  0.4590847E-01 -0.2548369E-03
  0.6537952E-01 -0.3964175E-03
  0.6540362E-01 -0.3963945E-03
  0.6537199E-01 -0.3963631E-03
  0.6538481E-01 -0.3964443E-03
  0.4588708E-01 -0.2547721E-03
  0.4599650E-01 -0.2552173E-03
  0.6537389E-01 -0.3962742E-03
  0.4598897E-01 -0.2552040E-03
  0.6543629E-01 -0.3965319E-03
  0.4588081E-01 -0.2547529E-03
  0.4589262E-01 -0.2547765E-03
  0.5159426E-01 -0.2965530E-03
  0.6538551E-01 -0.3963118E-03
  0.5175414E-01 -0.2972732E-03
  0.4590793E-01 -0.2547893E-03
  0.6551480E-01 -0.3969976E-03
  0.5820430E-01 -0.3441798E-03
  0.5808591E-01 -0.3436971E-03
  0.5813953E-01 -0.3438349E-03
  0.5821288E-01 -0.3442607E-03
  0.5158385E-01 -0.2964198E-03
  0.5158374E-01 -0.2964840E-03
  0.5160629E-01 -0.2964196E-03
  0.3708854E-01 -0.1890163E-03
  0.5817053E-01 -0.3440074E-03
  0.5808880E-01 -0.3436868E-03
  0.5812422E-01 -0.3437705E-03
  0.5158591E-01 -0.2965038E-03
  0.5171280E-01 -0.2970230E-03
  0.5161378E-01 -0.2965142E-03
  0.5811486E-01 -0.3437503E-03
  0.5809438E-01 -0.3437866E-03
  0.5157938E-01 -0.2964394E-03
  0.5809384E-01 -0.3436842E-03
  0.5159732E-01 -0.2964402E-03
  0.5808542E-01 -0.3437156E-03
  0.5808943E-01 -0.3437514E-03
  0.5810167E-01 -0.3437029E-03
  0.5159550E-01 -0.2964660E-03
  0.5157888E-01 -0.2964140E-03
  0.5162440E-01 -0.2964633E-03
  0.5162224E-01 -0.2964847E-03
  0.1404820E+01 -0.1000261E-01
  0.1503094E+01 -0.1074108E-01
  0.1341576E+01 -0.9531544E-02
  0.1405146E+01 -0.1000501E-01
  0.1434694E+01 -0.1021415E-01
  0.1438382E+01 -0.1024053E-01
  0.1438773E+01 -0.1024337E-01
  0.1438945E+01 -0.1024462E-01
  0.1439012E+01 -0.1024511E-01
  0.1439053E+01 -0.1024540E-01
  0.1439069E+01 -0.1024552E-01
  0.1439083E+01 -0.1024559E-01
  0.1439076E+01 -0.1024554E-01
  0.1439072E+01 -0.1024551E-01
  0.1439101E+01 -0.1024572E-01
  0.1439116E+01 -0.1024583E-01
  0.1439121E+01 -0.1024588E-01
  0.1439141E+01 -0.1024604E-01
  0.1439160E+01 -0.1024620E-01
  0.1439158E+01 -0.1024621E-01
  0.1439092E+01 -0.1024575E-01
  0.1438899E+01 -0.1024443E-01
  0.1435536E+01 -0.1022067E-01
  0.1406090E+01 -0.1001218E-01
  0.1405668E+01 -0.1000917E-01
  0.1404920E+01 -0.1000373E-01
  0.1502978E+01 -0.1074026E-01
  0.1404884E+01 -0.1000346E-01
  0.1405713E+01 -0.1000954E-01
  0.1405043E+01 -0.1000465E-01
  0.1502256E+01 -0.1073504E-01
  0.1405232E+01 -0.1000605E-01
  0.1405255E+01 -0.1000624E-01
  0.1405422E+01 -0.1000747E-01
  0.1502115E+01 -0.1073409E-01
  0.1405504E+01 -0.1000808E-01
  0.1405090E+01 -0.1000507E-01
  0.1405475E+01 -0.1000789E-01
  0.1502076E+01 -0.1073386E-01
  0.1405464E+01 -0.1000781E-01
  0.1405176E+01 -0.1000577E-01
  0.1405450E+01 -0.1000777E-01
  0.1501952E+01 -0.1073299E-01
  0.1405382E+01 -0.1000731E-01
  0.1405136E+01 -0.1000553E-01
  0.1405289E+01 -0.1000664E-01
  0.1501784E+01 -0.1073180E-01
  0.1405198E+01 -0.1000600E-01
  0.1404971E+01 -0.1000435E-01
  0.1405141E+01 -0.1000561E-01
  0.1501780E+01 -0.1073178E-01
  0.1405062E+01 -0.1000505E-01
  0.1404957E+01 -0.1000429E-01
  0.1404976E+01 -0.1000440E-01
  0.1501881E+01 -0.1073255E-01
  0.1404913E+01 -0.1000391E-01
  0.1405025E+01 -0.1000479E-01
  0.1405007E+01 -0.1000457E-01
  0.1502004E+01 -0.1073346E-01
  0.1405118E+01 -0.1000536E-01
  0.1405112E+01 -0.1000543E-01
  0.1405127E+01 -0.1000537E-01
  0.1502126E+01 -0.1073432E-01
  0.1405098E+01 -0.1000509E-01
  0.1405190E+01 -0.1000599E-01
  0.1405416E+01 -0.1000739E-01
  0.1502269E+01 -0.1073534E-01
  0.1405778E+01 -0.1000998E-01
  0.1405249E+01 -0.1000639E-01
  0.1405472E+01 -0.1000767E-01
  0.1405250E+01 -0.1000590E-01
  0.1498173E+01 -0.1070605E-01
  0.1502425E+01 -0.1073643E-01
  0.1347389E+01 -0.9573332E-02
  0.1405343E+01 -0.1000706E-01
  0.1347389E+01 -0.9573344E-02
  0.1502567E+01 -0.1073744E-01
  0.1347527E+01 -0.9574353E-02
  0.1405425E+01 -0.1000763E-01
  0.1347710E+01 -0.9575716E-02
  0.1502650E+01 -0.1073799E-01
  0.1347843E+01 -0.9576716E-02
  0.1405501E+01 -0.1000815E-01
  0.1347864E+01 -0.9576891E-02
  0.1502653E+01 -0.1073800E-01
  0.1347823E+01 -0.9576593E-02
  0.1405509E+01 -0.1000817E-01
  0.1347831E+01 -0.9576685E-02
  0.1502662E+01 -0.1073804E-01
  0.1347802E+01 -0.9576511E-02
  0.1405501E+01 -0.1000808E-01
  0.1347743E+01 -0.9576110E-02
  0.1502603E+01 -0.1073761E-01
  0.1347682E+01 -0.9575698E-02
  0.1405508E+01 -0.1000814E-01
  0.1347659E+01 -0.9575548E-02
  0.1502427E+01 -0.1073630E-01
  0.1347627E+01 -0.9575329E-02
  0.1405415E+01 -0.1000741E-01
  0.1347553E+01 -0.9574799E-02
  0.1502131E+01 -0.1073411E-01
  0.1347494E+01 -0.9574338E-02
  0.1405188E+01 -0.1000574E-01
  0.1347466E+01 -0.9574111E-02
  0.1501879E+01 -0.1073226E-01
  0.1347556E+01 -0.9574738E-02
  0.1404995E+01 -0.1000431E-01
  0.1347613E+01 -0.9575103E-02
  0.1501836E+01 -0.1073194E-01
  0.1347540E+01 -0.9574543E-02
  0.1404924E+01 -0.1000378E-01
  0.1347488E+01 -0.9574091E-02
  0.1502055E+01 -0.1073358E-01
  0.1347782E+01 -0.9576188E-02
  0.1405053E+01 -0.1000473E-01
  0.1347976E+01 -0.9577589E-02
  0.1404423E+01 -0.9999807E-02
  0.1347792E+01 -0.9576247E-02
  0.1404487E+01 -0.1000019E-01
  0.0000000E+00  0.0000000E+00
  0.0000000E+00  0.0000000E+00
  0.0000000E+00  0.0000000E+00
  0.0000000E+00  0.0000000E+00
  0.0000000E+00  0.0000000E+00
  0.0000000E+00  0.0000000E+00
  0.0000000E+00  0.0000000E+00
  0.0000000E+00  0.0000000E+00
  0.0000000E+00  0.0000000E+00
  0.0000000E+00  0.0000000E+00
  0.0000000E+00  0.0000000E+00
  0.0000000E+00  0.0000000E+00
  0.0000000E+00  0.0000000E+00
  0.0000000E+00  0.0000000E+00
  0.0000000E+00  0.0000000E+00
  0.0000000E+00  0.0000000E+00
  0.0000000E+00  0.0000000E+00
  0.0000000E+00  0.0000000E+00
  0.0000000E+00  0.0000000E+00
  0.0000000E+00  0.0000000E+00
  0.0000000E+00  0.0000000E+00
  0.0000000E+00  0.0000000E+00
  0.0000000E+00  0.0000000E+00
  0.0000000E+00  0.0000000E+00
  0.0000000E+00  0.0000000E+00
  0.0000000E+00  0.0000000E+00
  0.0000000E+00  0.0000000E+00
  0.0000000E+00  0.0000000E+00
  0.0000000E+00  0.0000000E+00
  0.0000000E+00  0.0000000E+00
  0.0000000E+00  0.0000000E+00
  0.0000000E+00  0.0000000E+00
  0.0000000E+00  0.0000000E+00
  0.0000000E+00  0.0000000E+00
  0.0000000E+00  0.0000000E+00
  0.0000000E+00  0.0000000E+00
  0.0000000E+00  0.0000000E+00
  0.0000000E+00  0.0000000E+00
  0.0000000E+00  0.0000000E+00
  0.0000000E+00  0.0000000E+00
  0.0000000E+00  0.0000000E+00
  0.0000000E+00  0.0000000E+00
  0.0000000E+00  0.0000000E+00
  0.0000000E+00  0.0000000E+00
  0.0000000E+00  0.0000000E+00
  0.0000000E+00  0.0000000E+00
  0.0000000E+00  0.0000000E+00
  0.0000000E+00  0.0000000E+00
  0.0000000E+00  0.0000000E+00
  0.0000000E+00  0.0000000E+00
  0.0000000E+00  0.0000000E+00
  0.0000000E+00  0.0000000E+00
  0.0000000E+00  0.0000000E+00
  0.0000000E+00  0.0000000E+00
  0.0000000E+00  0.0000000E+00
  0.0000000E+00  0.0000000E+00
  0.0000000E+00  0.0000000E+00
  0.0000000E+00  0.0000000E+00
  0.0000000E+00  0.0000000E+00
  0.0000000E+00  0.0000000E+00
  0.0000000E+00  0.0000000E+00
  0.0000000E+00  0.0000000E+00
  0.0000000E+00  0.0000000E+00
  0.0000000E+00  0.0000000E+00
  0.0000000E+00  0.0000000E+00
  0.0000000E+00  0.0000000E+00
  0.0000000E+00  0.0000000E+00
  0.0000000E+00  0.0000000E+00
  0.0000000E+00  0.0000000E+00
  0.0000000E+00  0.0000000E+00
  0.0000000E+00  0.0000000E+00
  0.0000000E+00  0.0000000E+00
  0.0000000E+00  0.0000000E+00
  0.0000000E+00  0.0000000E+00
  0.0000000E+00  0.0000000E+00
  0.0000000E+00  0.0000000E+00
  0.0000000E+00  0.0000000E+00
  0.0000000E+00  0.0000000E+00
  0.0000000E+00  0.0000000E+00
  0.0000000E+00  0.0000000E+00
  0.0000000E+00  0.0000000E+00
  0.0000000E+00  0.0000000E+00
  0.0000000E+00  0.0000000E+00
  0.0000000E+00  0.0000000E+00
  0.0000000E+00  0.0000000E+00
  0.0000000E+00  0.0000000E+00
  0.0000000E+00  0.0000000E+00
  0.0000000E+00  0.0000000E+00
  0.0000000E+00  0.0000000E+00
  0.0000000E+00  0.0000000E+00
  0.0000000E+00  0.0000000E+00
  0.0000000E+00  0.0000000E+00
  0.0000000E+00  0.0000000E+00
  0.0000000E+00  0.0000000E+00
  0.0000000E+00  0.0000000E+00
  0.0000000E+00  0.0000000E+00
  0.0000000E+00  0.0000000E+00
  0.0000000E+00  0.0000000E+00
  0.0000000E+00  0.0000000E+00
  0.0000000E+00  0.0000000E+00
  0.0000000E+00  0.0000000E+00
  0.0000000E+00  0.0000000E+00
  0.0000000E+00  0.0000000E+00
  0.0000000E+00  0.0000000E+00
  0.0000000E+00  0.0000000E+00
  0.0000000E+00  0.0000000E+00
  0.0000000E+00  0.0000000E+00
  0.0000000E+00  0.0000000E+00
  0.0000000E+00  0.0000000E+00
  0.0000000E+00  0.0000000E+00
  0.0000000E+00  0.0000000E+00
  0.0000000E+00  0.0000000E+00
  0.0000000E+00  0.0000000E+00
  0.0000000E+00  0.0000000E+00
  0.0000000E+00  0.0000000E+00
  0.0000000E+00  0.0000000E+00
  0.0000000E+00  0.0000000E+00
  0.0000000E+00  0.0000000E+00
  0.0000000E+00  0.0000000E+00
  0.0000000E+00  0.0000000E+00
  0.0000000E+00  0.0000000E+00
  0.0000000E+00  0.0000000E+00
  0.0000000E+00  0.0000000E+00
  0.0000000E+00  0.0000000E+00
  0.0000000E+00  0.0000000E+00
  0.0000000E+00  0.0000000E+00
  0.0000000E+00  0.0000000E+00
  0.0000000E+00  0.0000000E+00
  0.0000000E+00  0.0000000E+00
  0.0000000E+00  0.0000000E+00
  0.0000000E+00  0.0000000E+00
  0.0000000E+00  0.0000000E+00
  0.0000000E+00  0.0000000E+00
  0.0000000E+00  0.0000000E+00
  0.0000000E+00  0.0000000E+00
  0.0000000E+00  0.0000000E+00
  0.0000000E+00  0.0000000E+00
  0.0000000E+00  0.0000000E+00
  0.0000000E+00  0.0000000E+00
  0.0000000E+00  0.0000000E+00
  0.0000000E+00  0.0000000E+00
  0.0000000E+00  0.0000000E+00
  0.0000000E+00  0.0000000E+00
  0.0000000E+00  0.0000000E+00
  0.0000000E+00  0.0000000E+00
  0.0000000E+00  0.0000000E+00
  0.0000000E+00  0.0000000E+00
  0.0000000E+00  0.0000000E+00
  0.0000000E+00  0.0000000E+00
  0.0000000E+00  0.0000000E+00
  0.0000000E+00  0.0000000E+00
  0.0000000E+00  0.0000000E+00
  0.0000000E+00  0.0000000E+00
  0.0000000E+00  0.0000000E+00
  0.0000000E+00  0.0000000E+00
  0.0000000E+00  0.0000000E+00
  0.0000000E+00  0.0000000E+00
  0.0000000E+00  0.0000000E+00
  0.0000000E+00  0.0000000E+00
  0.0000000E+00  0.0000000E+00
  0.0000000E+00  0.0000000E+00
  0.0000000E+00  0.0000000E+00
  0.0000000E+00  0.0000000E+00
  0.0000000E+00  0.0000000E+00
  0.0000000E+00  0.0000000E+00
  0.0000000E+00  0.0000000E+00
  0.0000000E+00  0.0000000E+00
  0.0000000E+00  0.0000000E+00
  0.0000000E+00  0.0000000E+00
  0.0000000E+00  0.0000000E+00
  0.0000000E+00  0.0000000E+00
  0.0000000E+00  0.0000000E+00
  0.0000000E+00  0.0000000E+00
  0.0000000E+00  0.0000000E+00
  0.0000000E+00  0.0000000E+00
  0.0000000E+00  0.0000000E+00
  0.0000000E+00  0.0000000E+00
  0.0000000E+00  0.0000000E+00
  0.0000000E+00  0.0000000E+00
  0.0000000E+00  0.0000000E+00
  0.0000000E+00  0.0000000E+00
  0.0000000E+00  0.0000000E+00
  0.0000000E+00  0.0000000E+00
  0.0000000E+00  0.0000000E+00
  0.0000000E+00  0.0000000E+00
  0.0000000E+00  0.0000000E+00
  0.0000000E+00  0.0000000E+00
  0.0000000E+00  0.0000000E+00
  0.0000000E+00  0.0000000E+00
  0.0000000E+00  0.0000000E+00
  0.0000000E+00  0.0000000E+00
  0.0000000E+00  0.0000000E+00
  0.0000000E+00  0.0000000E+00
  0.0000000E+00  0.0000000E+00
  0.0000000E+00  0.0000000E+00
  0.0000000E+00  0.0000000E+00
  0.0000000E+00  0.0000000E+00
  0.0000000E+00  0.0000000E+00
  0.0000000E+00  0.0000000E+00
  0.0000000E+00  0.0000000E+00
  0.0000000E+00  0.0000000E+00
  0.0000000E+00  0.0000000E+00
  0.0000000E+00  0.0000000E+00
  0.0000000E+00  0.0000000E+00
  0.0000000E+00  0.0000000E+00
  0.0000000E+00  0.0000000E+00
  0.0000000E+00  0.0000000E+00
  0.0000000E+00  0.0000000E+00
  0.0000000E+00  0.0000000E+00
  0.0000000E+00  0.0000000E+00
  0.0000000E+00  0.0000000E+00
  0.0000000E+00  0.0000000E+00
  0.0000000E+00  0.0000000E+00
  0.0000000E+00  0.0000000E+00
  0.0000000E+00  0.0000000E+00
  0.0000000E+00  0.0000000E+00
  0.0000000E+00  0.0000000E+00
  0.0000000E+00  0.0000000E+00
  0.0000000E+00  0.0000000E+00
  0.0000000E+00  0.0000000E+00
  0.0000000E+00  0.0000000E+00
  0.0000000E+00  0.0000000E+00
  0.0000000E+00  0.0000000E+00
  0.0000000E+00  0.0000000E+00
  0.0000000E+00  0.0000000E+00
  0.0000000E+00  0.0000000E+00
  0.0000000E+00  0.0000000E+00
  0.0000000E+00  0.0000000E+00
  0.0000000E+00  0.0000000E+00
  0.0000000E+00  0.0000000E+00
  0.0000000E+00  0.0000000E+00
  0.0000000E+00  0.0000000E+00
  0.0000000E+00  0.0000000E+00
  0.0000000E+00  0.0000000E+00
  0.0000000E+00  0.0000000E+00
  0.0000000E+00  0.0000000E+00
  0.0000000E+00  0.0000000E+00
  0.0000000E+00  0.0000000E+00
  0.0000000E+00  0.0000000E+00
  0.0000000E+00  0.0000000E+00
  0.0000000E+00  0.0000000E+00
  0.0000000E+00  0.0000000E+00
  0.0000000E+00  0.0000000E+00
  0.0000000E+00  0.0000000E+00
  0.0000000E+00  0.0000000E+00
  0.0000000E+00  0.0000000E+00
  0.0000000E+00  0.0000000E+00
  0.0000000E+00  0.0000000E+00
  0.0000000E+00  0.0000000E+00
  0.0000000E+00  0.0000000E+00
  0.0000000E+00  0.0000000E+00
  0.0000000E+00  0.0000000E+00
  0.0000000E+00  0.0000000E+00
  0.0000000E+00  0.0000000E+00
  0.0000000E+00  0.0000000E+00
  0.0000000E+00  0.0000000E+00
  0.0000000E+00  0.0000000E+00
  0.0000000E+00  0.0000000E+00
  0.0000000E+00  0.0000000E+00
  0.0000000E+00  0.0000000E+00
  0.0000000E+00  0.0000000E+00
  0.0000000E+00  0.0000000E+00
  0.0000000E+00  0.0000000E+00
  0.0000000E+00  0.0000000E+00
  0.0000000E+00  0.0000000E+00
  0.0000000E+00  0.0000000E+00
  0.0000000E+00  0.0000000E+00
  0.0000000E+00  0.0000000E+00
  0.0000000E+00  0.0000000E+00
  0.0000000E+00  0.0000000E+00
  0.0000000E+00  0.0000000E+00
  0.0000000E+00  0.0000000E+00
  0.0000000E+00  0.0000000E+00
  0.0000000E+00  0.0000000E+00
  0.0000000E+00  0.0000000E+00
  0.0000000E+00  0.0000000E+00
  0.0000000E+00  0.0000000E+00
  0.0000000E+00  0.0000000E+00
  0.0000000E+00  0.0000000E+00
  0.0000000E+00  0.0000000E+00
  0.0000000E+00  0.0000000E+00
  0.0000000E+00  0.0000000E+00
  0.0000000E+00  0.0000000E+00
  0.0000000E+00  0.0000000E+00
  0.0000000E+00  0.0000000E+00
  0.0000000E+00  0.0000000E+00
  0.0000000E+00  0.0000000E+00
  0.0000000E+00  0.0000000E+00
  0.0000000E+00  0.0000000E+00
  0.0000000E+00  0.0000000E+00
  0.0000000E+00  0.0000000E+00
  0.0000000E+00  0.0000000E+00
  0.0000000E+00  0.0000000E+00
  0.0000000E+00  0.0000000E+00
  0.0000000E+00  0.0000000E+00
  0.0000000E+00  0.0000000E+00
  0.0000000E+00  0.0000000E+00
  0.0000000E+00  0.0000000E+00
  0.0000000E+00  0.0000000E+00
  0.0000000E+00  0.0000000E+00
  0.0000000E+00  0.0000000E+00
  0.0000000E+00  0.0000000E+00
  0.0000000E+00  0.0000000E+00
  0.0000000E+00  0.0000000E+00
  0.0000000E+00  0.0000000E+00
  0.0000000E+00  0.0000000E+00
  0.0000000E+00  0.0000000E+00
  0.0000000E+00  0.0000000E+00
  0.0000000E+00  0.0000000E+00
  0.0000000E+00  0.0000000E+00
  0.0000000E+00  0.0000000E+00
  0.0000000E+00  0.0000000E+00
  0.0000000E+00  0.0000000E+00
  0.0000000E+00  0.0000000E+00
  0.0000000E+00  0.0000000E+00
  0.0000000E+00  0.0000000E+00
  0.0000000E+00  0.0000000E+00
  0.0000000E+00  0.0000000E+00
  0.0000000E+00  0.0000000E+00
  0.0000000E+00  0.0000000E+00
  0.0000000E+00  0.0000000E+00
  0.0000000E+00  0.0000000E+00
  0.0000000E+00  0.0000000E+00
  0.0000000E+00  0.0000000E+00
  0.0000000E+00  0.0000000E+00
  0.0000000E+00  0.0000000E+00
  0.0000000E+00  0.0000000E+00
  0.0000000E+00  0.0000000E+00
  0.0000000E+00  0.0000000E+00
  0.0000000E+00  0.0000000E+00
  0.0000000E+00  0.0000000E+00
  0.0000000E+00  0.0000000E+00
  0.0000000E+00  0.0000000E+00
  0.0000000E+00  0.0000000E+00
  0.0000000E+00  0.0000000E+00
  0.0000000E+00  0.0000000E+00
  0.0000000E+00  0.0000000E+00
  0.0000000E+00  0.0000000E+00
  0.0000000E+00  0.0000000E+00
  0.0000000E+00  0.0000000E+00
  0.0000000E+00  0.0000000E+00
  0.0000000E+00  0.0000000E+00
  0.0000000E+00  0.0000000E+00
  0.0000000E+00  0.0000000E+00
  0.0000000E+00  0.0000000E+00
  0.0000000E+00  0.0000000E+00
  0.0000000E+00  0.0000000E+00
  0.0000000E+00  0.0000000E+00
  0.0000000E+00  0.0000000E+00
  0.0000000E+00  0.0000000E+00
  0.0000000E+00  0.0000000E+00
  0.0000000E+00  0.0000000E+00
  0.0000000E+00  0.0000000E+00
  0.0000000E+00  0.0000000E+00
  0.0000000E+00  0.0000000E+00
  0.0000000E+00  0.0000000E+00
  0.0000000E+00  0.0000000E+00
  0.0000000E+00  0.0000000E+00
  0.0000000E+00  0.0000000E+00
  0.0000000E+00  0.0000000E+00
  0.0000000E+00  0.0000000E+00
  0.0000000E+00  0.0000000E+00
  0.0000000E+00  0.0000000E+00
  0.0000000E+00  0.0000000E+00
  0.0000000E+00  0.0000000E+00
  0.0000000E+00  0.0000000E+00
  0.0000000E+00  0.0000000E+00
  0.0000000E+00  0.0000000E+00
  0.0000000E+00  0.0000000E+00
  0.0000000E+00  0.0000000E+00
  0.0000000E+00  0.0000000E+00
  0.0000000E+00  0.0000000E+00
  0.0000000E+00  0.0000000E+00
  0.0000000E+00  0.0000000E+00
  0.0000000E+00  0.0000000E+00
  0.0000000E+00  0.0000000E+00
  0.0000000E+00  0.0000000E+00
  0.0000000E+00  0.0000000E+00
  0.0000000E+00  0.0000000E+00
  0.0000000E+00  0.0000000E+00
  0.0000000E+00  0.0000000E+00
  0.0000000E+00  0.0000000E+00
  0.0000000E+00  0.0000000E+00
  0.0000000E+00  0.0000000E+00
  0.0000000E+00  0.0000000E+00
  0.0000000E+00  0.0000000E+00
  0.0000000E+00  0.0000000E+00
  0.0000000E+00  0.0000000E+00
  0.0000000E+00  0.0000000E+00
  0.0000000E+00  0.0000000E+00
  0.0000000E+00  0.0000000E+00
  0.0000000E+00  0.0000000E+00
  0.0000000E+00  0.0000000E+00
  0.0000000E+00  0.0000000E+00
  0.0000000E+00  0.0000000E+00
  0.0000000E+00  0.0000000E+00
  0.0000000E+00  0.0000000E+00
  0.0000000E+00  0.0000000E+00
  0.0000000E+00  0.0000000E+00
  0.0000000E+00  0.0000000E+00
  0.0000000E+00  0.0000000E+00
  0.0000000E+00  0.0000000E+00
  0.0000000E+00  0.0000000E+00
  0.0000000E+00  0.0000000E+00
  0.0000000E+00  0.0000000E+00
  0.0000000E+00  0.0000000E+00
  0.0000000E+00  0.0000000E+00
  0.0000000E+00  0.0000000E+00
  0.0000000E+00  0.0000000E+00
  0.0000000E+00  0.0000000E+00
  0.0000000E+00  0.0000000E+00
  0.0000000E+00  0.0000000E+00
  0.0000000E+00  0.0000000E+00
  0.0000000E+00  0.0000000E+00
  0.0000000E+00  0.0000000E+00
  0.0000000E+00  0.0000000E+00
  0.0000000E+00  0.0000000E+00
  0.0000000E+00  0.0000000E+00
  0.0000000E+00  0.0000000E+00
  0.0000000E+00  0.0000000E+00
  0.0000000E+00  0.0000000E+00
  0.0000000E+00  0.0000000E+00
  0.0000000E+00  0.0000000E+00
  0.0000000E+00  0.0000000E+00
  0.0000000E+00  0.0000000E+00
  0.0000000E+00  0.0000000E+00
  0.0000000E+00  0.0000000E+00
  0.0000000E+00  0.0000000E+00
  0.0000000E+00  0.0000000E+00
  0.0000000E+00  0.0000000E+00
  0.0000000E+00  0.0000000E+00
  0.0000000E+00  0.0000000E+00
  0.0000000E+00  0.0000000E+00
  0.0000000E+00  0.0000000E+00
  0.0000000E+00  0.0000000E+00
  0.0000000E+00  0.0000000E+00
  0.0000000E+00  0.0000000E+00
  0.0000000E+00  0.0000000E+00
  0.0000000E+00  0.0000000E+00
  0.0000000E+00  0.0000000E+00
  0.0000000E+00  0.0000000E+00
  0.0000000E+00  0.0000000E+00
  0.0000000E+00  0.0000000E+00
  0.0000000E+00  0.0000000E+00
  0.0000000E+00  0.0000000E+00
  0.0000000E+00  0.0000000E+00
  0.0000000E+00  0.0000000E+00
  0.0000000E+00  0.0000000E+00
  0.0000000E+00  0.0000000E+00
  0.0000000E+00  0.0000000E+00
  0.0000000E+00  0.0000000E+00
  0.0000000E+00  0.0000000E+00
  0.0000000E+00  0.0000000E+00
  0.0000000E+00  0.0000000E+00
  0.0000000E+00  0.0000000E+00
  0.0000000E+00  0.0000000E+00
  0.0000000E+00  0.0000000E+00
  0.0000000E+00  0.0000000E+00
  0.0000000E+00  0.0000000E+00
  0.0000000E+00  0.0000000E+00
  0.0000000E+00  0.0000000E+00
  0.0000000E+00  0.0000000E+00
  0.0000000E+00  0.0000000E+00
  0.0000000E+00  0.0000000E+00
  0.0000000E+00  0.0000000E+00
  0.0000000E+00  0.0000000E+00
  0.0000000E+00  0.0000000E+00
  0.0000000E+00  0.0000000E+00
  0.0000000E+00  0.0000000E+00
  0.0000000E+00  0.0000000E+00
  0.0000000E+00  0.0000000E+00
  0.0000000E+00  0.0000000E+00
  0.0000000E+00  0.0000000E+00
  0.0000000E+00  0.0000000E+00
  0.0000000E+00  0.0000000E+00
  0.0000000E+00  0.0000000E+00
  0.0000000E+00  0.0000000E+00
  0.0000000E+00  0.0000000E+00
  0.0000000E+00  0.0000000E+00
  0.0000000E+00  0.0000000E+00
  0.0000000E+00  0.0000000E+00
  0.0000000E+00  0.0000000E+00
  0.0000000E+00  0.0000000E+00
  0.0000000E+00  0.0000000E+00
  0.0000000E+00  0.0000000E+00
  0.0000000E+00  0.0000000E+00
  0.0000000E+00  0.0000000E+00
  0.0000000E+00  0.0000000E+00
  0.0000000E+00  0.0000000E+00
  0.0000000E+00  0.0000000E+00
  0.0000000E+00  0.0000000E+00
  0.0000000E+00  0.0000000E+00
  0.0000000E+00  0.0000000E+00
  0.0000000E+00  0.0000000E+00
  0.0000000E+00  0.0000000E+00
  0.0000000E+00  0.0000000E+00
  0.0000000E+00  0.0000000E+00
  0.0000000E+00  0.0000000E+00
  0.0000000E+00  0.0000000E+00
  0.0000000E+00  0.0000000E+00
  0.0000000E+00  0.0000000E+00
  0.0000000E+00  0.0000000E+00
  0.0000000E+00  0.0000000E+00
  0.0000000E+00  0.0000000E+00
  0.0000000E+00  0.0000000E+00
  0.0000000E+00  0.0000000E+00
  0.0000000E+00  0.0000000E+00
  0.0000000E+00  0.0000000E+00
  0.0000000E+00  0.0000000E+00
  0.0000000E+00  0.0000000E+00
  0.0000000E+00  0.0000000E+00
  0.0000000E+00  0.0000000E+00
  0.0000000E+00  0.0000000E+00
  0.0000000E+00  0.0000000E+00
  0.0000000E+00  0.0000000E+00
  0.0000000E+00  0.0000000E+00
  0.0000000E+00  0.0000000E+00
  0.0000000E+00  0.0000000E+00
  0.0000000E+00  0.0000000E+00
  0.0000000E+00  0.0000000E+00
  0.0000000E+00  0.0000000E+00
  0.0000000E+00  0.0000000E+00
  0.0000000E+00  0.0000000E+00
  0.0000000E+00  0.0000000E+00
  0.0000000E+00  0.0000000E+00
  0.0000000E+00  0.0000000E+00
  0.0000000E+00  0.0000000E+00
  0.0000000E+00  0.0000000E+00
  0.0000000E+00  0.0000000E+00
  0.0000000E+00  0.0000000E+00
  0.0000000E+00  0.0000000E+00
  0.0000000E+00  0.0000000E+00
  0.0000000E+00  0.0000000E+00
  0.0000000E+00  0.0000000E+00
  0.0000000E+00  0.0000000E+00
  0.0000000E+00  0.0000000E+00
  0.0000000E+00  0.0000000E+00
  0.0000000E+00  0.0000000E+00
  0.0000000E+00  0.0000000E+00
  0.0000000E+00  0.0000000E+00
  0.0000000E+00  0.0000000E+00
  0.0000000E+00  0.0000000E+00
  0.0000000E+00  0.0000000E+00
  0.0000000E+00  0.0000000E+00
  0.0000000E+00  0.0000000E+00
  0.0000000E+00  0.0000000E+00
  0.0000000E+00  0.0000000E+00
  0.0000000E+00  0.0000000E+00
  0.0000000E+00  0.0000000E+00
  0.0000000E+00  0.0000000E+00
  0.0000000E+00  0.0000000E+00
  0.0000000E+00  0.0000000E+00
  0.0000000E+00  0.0000000E+00
  0.0000000E+00  0.0000000E+00
  0.0000000E+00  0.0000000E+00
  0.0000000E+00  0.0000000E+00
  0.0000000E+00  0.0000000E+00
  0.0000000E+00  0.0000000E+00
  0.0000000E+00  0.0000000E+00
  0.0000000E+00  0.0000000E+00
  0.0000000E+00  0.0000000E+00
  0.0000000E+00  0.0000000E+00
  0.0000000E+00  0.0000000E+00
  0.0000000E+00  0.0000000E+00
  0.0000000E+00  0.0000000E+00
  0.0000000E+00  0.0000000E+00
  0.0000000E+00  0.0000000E+00
  0.0000000E+00  0.0000000E+00
  0.0000000E+00  0.0000000E+00
  0.0000000E+00  0.0000000E+00
  0.0000000E+00  0.0000000E+00
  0.0000000E+00  0.0000000E+00
  0.0000000E+00  0.0000000E+00
  0.0000000E+00  0.0000000E+00
  0.0000000E+00  0.0000000E+00
  0.0000000E+00  0.0000000E+00
  0.0000000E+00  0.0000000E+00
  0.0000000E+00  0.0000000E+00
  0.0000000E+00  0.0000000E+00
  0.0000000E+00  0.0000000E+00
  0.0000000E+00  0.0000000E+00
  0.0000000E+00  0.0000000E+00
  0.0000000E+00  0.0000000E+00
  0.0000000E+00  0.0000000E+00
  0.0000000E+00  0.0000000E+00
  0.0000000E+00  0.0000000E+00
  0.0000000E+00  0.0000000E+00
  0.0000000E+00  0.0000000E+00
  0.0000000E+00  0.0000000E+00
  0.0000000E+00  0.0000000E+00
  0.0000000E+00  0.0000000E+00
  0.0000000E+00  0.0000000E+00
  0.0000000E+00  0.0000000E+00
  0.0000000E+00  0.0000000E+00
  0.0000000E+00  0.0000000E+00
  0.0000000E+00  0.0000000E+00
  0.0000000E+00  0.0000000E+00
  0.0000000E+00  0.0000000E+00
  0.0000000E+00  0.0000000E+00
  0.0000000E+00  0.0000000E+00
  0.0000000E+00  0.0000000E+00
  0.0000000E+00  0.0000000E+00
  0.0000000E+00  0.0000000E+00
  0.0000000E+00  0.0000000E+00
  0.0000000E+00  0.0000000E+00
  0.0000000E+00  0.0000000E+00
  0.0000000E+00  0.0000000E+00
  0.0000000E+00  0.0000000E+00
  0.0000000E+00  0.0000000E+00
  0.0000000E+00  0.0000000E+00
  0.0000000E+00  0.0000000E+00
  0.0000000E+00  0.0000000E+00
  0.0000000E+00  0.0000000E+00
  0.0000000E+00  0.0000000E+00
  0.0000000E+00  0.0000000E+00
  0.0000000E+00  0.0000000E+00
  0.0000000E+00  0.0000000E+00
  0.0000000E+00  0.0000000E+00
  0.0000000E+00  0.0000000E+00
  0.0000000E+00  0.0000000E+00
  0.0000000E+00  0.0000000E+00
  0.0000000E+00  0.0000000E+00
  0.0000000E+00  0.0000000E+00
  0.0000000E+00  0.0000000E+00
  0.0000000E+00  0.0000000E+00
  0.0000000E+00  0.0000000E+00
  0.0000000E+00  0.0000000E+00
  0.0000000E+00  0.0000000E+00
  0.0000000E+00  0.0000000E+00
  0.0000000E+00  0.0000000E+00
  0.0000000E+00  0.0000000E+00
  0.0000000E+00  0.0000000E+00
  0.0000000E+00  0.0000000E+00
  0.0000000E+00  0.0000000E+00
  0.0000000E+00  0.0000000E+00
  0.0000000E+00  0.0000000E+00
  0.0000000E+00  0.0000000E+00
  0.0000000E+00  0.0000000E+00
  0.0000000E+00  0.0000000E+00
  0.0000000E+00  0.0000000E+00
  0.0000000E+00  0.0000000E+00
  0.0000000E+00  0.0000000E+00
  0.0000000E+00  0.0000000E+00
  0.0000000E+00  0.0000000E+00
  0.0000000E+00  0.0000000E+00
  0.0000000E+00  0.0000000E+00
  0.0000000E+00  0.0000000E+00
  0.0000000E+00  0.0000000E+00
  0.0000000E+00  0.0000000E+00
  0.0000000E+00  0.0000000E+00
  0.0000000E+00  0.0000000E+00
  0.0000000E+00  0.0000000E+00
  0.0000000E+00  0.0000000E+00
  0.0000000E+00  0.0000000E+00
  0.0000000E+00  0.0000000E+00
  0.0000000E+00  0.0000000E+00
  0.0000000E+00  0.0000000E+00
  0.0000000E+00  0.0000000E+00
  0.0000000E+00  0.0000000E+00
  0.0000000E+00  0.0000000E+00
  0.0000000E+00  0.0000000E+00
  0.0000000E+00  0.0000000E+00
  0.0000000E+00  0.0000000E+00
  0.0000000E+00  0.0000000E+00
  0.0000000E+00  0.0000000E+00
  0.0000000E+00  0.0000000E+00
  0.0000000E+00  0.0000000E+00
  0.0000000E+00  0.0000000E+00
  0.0000000E+00  0.0000000E+00
  0.0000000E+00  0.0000000E+00
  0.0000000E+00  0.0000000E+00
  0.0000000E+00  0.0000000E+00
  0.0000000E+00  0.0000000E+00
  0.0000000E+00  0.0000000E+00
  0.0000000E+00  0.0000000E+00
  0.0000000E+00  0.0000000E+00
  0.0000000E+00  0.0000000E+00
  0.0000000E+00  0.0000000E+00
  0.0000000E+00  0.0000000E+00
  0.0000000E+00  0.0000000E+00
  0.0000000E+00  0.0000000E+00
  0.0000000E+00  0.0000000E+00
  0.0000000E+00  0.0000000E+00
  0.0000000E+00  0.0000000E+00
  0.0000000E+00  0.0000000E+00
  0.0000000E+00  0.0000000E+00
  0.0000000E+00  0.0000000E+00
  0.0000000E+00  0.0000000E+00
  0.0000000E+00  0.0000000E+00
  0.0000000E+00  0.0000000E+00
  0.0000000E+00  0.0000000E+00
  0.0000000E+00  0.0000000E+00
  0.0000000E+00  0.0000000E+00
  0.0000000E+00  0.0000000E+00
  0.0000000E+00  0.0000000E+00
  0.0000000E+00  0.0000000E+00
  0.0000000E+00  0.0000000E+00
  0.0000000E+00  0.0000000E+00
  0.0000000E+00  0.0000000E+00
  0.0000000E+00  0.0000000E+00
  0.0000000E+00  0.0000000E+00
  0.0000000E+00  0.0000000E+00
  0.0000000E+00  0.0000000E+00
  0.0000000E+00  0.0000000E+00
  0.0000000E+00  0.0000000E+00
  0.0000000E+00  0.0000000E+00
  0.0000000E+00  0.0000000E+00
  0.0000000E+00  0.0000000E+00
  0.0000000E+00  0.0000000E+00
  0.0000000E+00  0.0000000E+00
  0.0000000E+00  0.0000000E+00
  0.0000000E+00  0.0000000E+00
  0.0000000E+00  0.0000000E+00
  0.0000000E+00  0.0000000E+00
  0.0000000E+00  0.0000000E+00
  0.0000000E+00  0.0000000E+00
  0.0000000E+00  0.0000000E+00
  0.0000000E+00  0.0000000E+00
  0.0000000E+00  0.0000000E+00
  0.0000000E+00  0.0000000E+00
  0.0000000E+00  0.0000000E+00
  0.0000000E+00  0.0000000E+00
  0.0000000E+00  0.0000000E+00
  0.0000000E+00  0.0000000E+00
  0.0000000E+00  0.0000000E+00
  0.0000000E+00  0.0000000E+00
  0.0000000E+00  0.0000000E+00
  0.0000000E+00  0.0000000E+00
  0.0000000E+00  0.0000000E+00
  0.0000000E+00  0.0000000E+00
  0.0000000E+00  0.0000000E+00
  0.0000000E+00  0.0000000E+00
  0.0000000E+00  0.0000000E+00
  0.0000000E+00  0.0000000E+00
  0.0000000E+00  0.0000000E+00
  0.0000000E+00  0.0000000E+00
  0.0000000E+00  0.0000000E+00
  0.0000000E+00  0.0000000E+00
  0.0000000E+00  0.0000000E+00
  0.0000000E+00  0.0000000E+00
  0.0000000E+00  0.0000000E+00
  0.0000000E+00  0.0000000E+00
  0.0000000E+00  0.0000000E+00
  0.0000000E+00  0.0000000E+00
  0.0000000E+00  0.0000000E+00
  0.0000000E+00  0.0000000E+00
  0.0000000E+00  0.0000000E+00
  0.0000000E+00  0.0000000E+00
  0.0000000E+00  0.0000000E+00
  0.0000000E+00  0.0000000E+00
  0.0000000E+00  0.0000000E+00
  0.0000000E+00  0.0000000E+00
  0.0000000E+00  0.0000000E+00
  0.0000000E+00  0.0000000E+00
  0.0000000E+00  0.0000000E+00
  0.0000000E+00  0.0000000E+00
  0.0000000E+00  0.0000000E+00
  0.0000000E+00  0.0000000E+00
  0.0000000E+00  0.0000000E+00
  0.0000000E+00  0.0000000E+00
  0.0000000E+00  0.0000000E+00
  0.0000000E+00  0.0000000E+00
  0.0000000E+00  0.0000000E+00
  0.0000000E+00  0.0000000E+00
  0.0000000E+00  0.0000000E+00
  0.0000000E+00  0.0000000E+00
  0.0000000E+00  0.0000000E+00
  0.0000000E+00  0.0000000E+00
  0.0000000E+00  0.0000000E+00
  0.0000000E+00  0.0000000E+00
  0.0000000E+00  0.0000000E+00
  0.0000000E+00  0.0000000E+00
  0.0000000E+00  0.0000000E+00
  0.0000000E+00  0.0000000E+00
  0.0000000E+00  0.0000000E+00
  0.0000000E+00  0.0000000E+00
  0.0000000E+00  0.0000000E+00
  0.0000000E+00  0.0000000E+00
  0.0000000E+00  0.0000000E+00
  0.0000000E+00  0.0000000E+00
  0.0000000E+00  0.0000000E+00
  0.0000000E+00  0.0000000E+00
  0.0000000E+00  0.0000000E+00
  0.0000000E+00  0.0000000E+00
  0.0000000E+00  0.0000000E+00
  0.0000000E+00  0.0000000E+00
  0.0000000E+00  0.0000000E+00
  0.0000000E+00  0.0000000E+00
  0.0000000E+00  0.0000000E+00
  0.0000000E+00  0.0000000E+00
  0.0000000E+00  0.0000000E+00
  0.0000000E+00  0.0000000E+00
  0.0000000E+00  0.0000000E+00
  0.0000000E+00  0.0000000E+00
  0.0000000E+00  0.0000000E+00
  0.0000000E+00  0.0000000E+00
  0.0000000E+00  0.0000000E+00
  0.0000000E+00  0.0000000E+00
  0.0000000E+00  0.0000000E+00
  0.0000000E+00  0.0000000E+00
  0.0000000E+00  0.0000000E+00
  0.0000000E+00  0.0000000E+00
  0.0000000E+00  0.0000000E+00
  0.0000000E+00  0.0000000E+00
  0.0000000E+00  0.0000000E+00
  0.0000000E+00  0.0000000E+00
  0.0000000E+00  0.0000000E+00
  0.0000000E+00  0.0000000E+00
  0.0000000E+00  0.0000000E+00
  0.0000000E+00  0.0000000E+00
  0.0000000E+00  0.0000000E+00
  0.0000000E+00  0.0000000E+00
  0.0000000E+00  0.0000000E+00
  0.0000000E+00  0.0000000E+00
  0.0000000E+00  0.0000000E+00
  0.0000000E+00  0.0000000E+00
  0.0000000E+00  0.0000000E+00
  0.0000000E+00  0.0000000E+00
  0.0000000E+00  0.0000000E+00
  0.0000000E+00  0.0000000E+00
  0.0000000E+00  0.0000000E+00
  0.0000000E+00  0.0000000E+00
  0.0000000E+00  0.0000000E+00
  0.0000000E+00  0.0000000E+00
  0.0000000E+00  0.0000000E+00
  0.0000000E+00  0.0000000E+00
  0.0000000E+00  0.0000000E+00
  0.0000000E+00  0.0000000E+00
  0.0000000E+00  0.0000000E+00
  0.0000000E+00  0.0000000E+00
  0.0000000E+00  0.0000000E+00
  0.0000000E+00  0.0000000E+00
  0.0000000E+00  0.0000000E+00
  0.0000000E+00  0.0000000E+00
  0.0000000E+00  0.0000000E+00
  0.0000000E+00  0.0000000E+00
  0.0000000E+00  0.0000000E+00
  0.0000000E+00  0.0000000E+00
  0.0000000E+00  0.0000000E+00
  0.0000000E+00  0.0000000E+00
  0.0000000E+00  0.0000000E+00
  0.0000000E+00  0.0000000E+00
  0.0000000E+00  0.0000000E+00
  0.0000000E+00  0.0000000E+00
  0.0000000E+00  0.0000000E+00
  0.0000000E+00  0.0000000E+00
  0.0000000E+00  0.0000000E+00
  0.0000000E+00  0.0000000E+00
  0.0000000E+00  0.0000000E+00
  0.0000000E+00  0.0000000E+00
  0.0000000E+00  0.0000000E+00
  0.0000000E+00  0.0000000E+00
  0.0000000E+00  0.0000000E+00
  0.0000000E+00  0.0000000E+00
  0.0000000E+00  0.0000000E+00
  0.0000000E+00  0.0000000E+00
  0.0000000E+00  0.0000000E+00
  0.0000000E+00  0.0000000E+00
  0.0000000E+00  0.0000000E+00
  0.0000000E+00  0.0000000E+00
  0.0000000E+00  0.0000000E+00
  0.0000000E+00  0.0000000E+00
  0.0000000E+00  0.0000000E+00
  0.0000000E+00  0.0000000E+00
  0.0000000E+00  0.0000000E+00
  0.0000000E+00  0.0000000E+00
  0.0000000E+00  0.0000000E+00
  0.0000000E+00  0.0000000E+00
  0.0000000E+00  0.0000000E+00
  0.0000000E+00  0.0000000E+00
  0.0000000E+00  0.0000000E+00
  0.0000000E+00  0.0000000E+00
  0.0000000E+00  0.0000000E+00
  0.0000000E+00  0.0000000E+00
  0.0000000E+00  0.0000000E+00
  0.0000000E+00  0.0000000E+00
  0.0000000E+00  0.0000000E+00
  0.0000000E+00  0.0000000E+00
  0.0000000E+00  0.0000000E+00
  0.0000000E+00  0.0000000E+00
  0.0000000E+00  0.0000000E+00
  0.0000000E+00  0.0000000E+00
  0.0000000E+00  0.0000000E+00
  0.0000000E+00  0.0000000E+00
  0.0000000E+00  0.0000000E+00
  0.0000000E+00  0.0000000E+00
  0.0000000E+00  0.0000000E+00
  0.0000000E+00  0.0000000E+00
  0.0000000E+00  0.0000000E+00
  0.0000000E+00  0.0000000E+00
  0.0000000E+00  0.0000000E+00
  0.0000000E+00  0.0000000E+00
  0.0000000E+00  0.0000000E+00
  0.0000000E+00  0.0000000E+00
  0.0000000E+00  0.0000000E+00
  0.0000000E+00  0.0000000E+00
  0.0000000E+00  0.0000000E+00
  0.0000000E+00  0.0000000E+00
  0.0000000E+00  0.0000000E+00
  0.0000000E+00  0.0000000E+00
  0.0000000E+00  0.0000000E+00
  0.0000000E+00  0.0000000E+00
  0.0000000E+00  0.0000000E+00
  0.0000000E+00  0.0000000E+00
  0.0000000E+00  0.0000000E+00
  0.0000000E+00  0.0000000E+00
  0.0000000E+00  0.0000000E+00
  0.0000000E+00  0.0000000E+00
  0.0000000E+00  0.0000000E+00
  0.0000000E+00  0.0000000E+00
  0.0000000E+00  0.0000000E+00
  0.0000000E+00  0.0000000E+00
  0.0000000E+00  0.0000000E+00
  0.0000000E+00  0.0000000E+00
  0.0000000E+00  0.0000000E+00
  0.0000000E+00  0.0000000E+00
  0.0000000E+00  0.0000000E+00
  0.0000000E+00  0.0000000E+00
  0.0000000E+00  0.0000000E+00
  0.0000000E+00  0.0000000E+00
  0.0000000E+00  0.0000000E+00
  0.0000000E+00  0.0000000E+00
  0.0000000E+00  0.0000000E+00
  0.0000000E+00  0.0000000E+00
  0.0000000E+00  0.0000000E+00
  0.0000000E+00  0.0000000E+00
  0.0000000E+00  0.0000000E+00
  0.0000000E+00  0.0000000E+00
  0.0000000E+00  0.0000000E+00
  0.0000000E+00  0.0000000E+00
  0.0000000E+00  0.0000000E+00
  0.0000000E+00  0.0000000E+00
  0.0000000E+00  0.0000000E+00
  0.0000000E+00  0.0000000E+00
  0.0000000E+00  0.0000000E+00
  0.0000000E+00  0.0000000E+00
  0.0000000E+00  0.0000000E+00
  0.0000000E+00  0.0000000E+00
  0.0000000E+00  0.0000000E+00
  0.0000000E+00  0.0000000E+00
  0.0000000E+00  0.0000000E+00
  0.0000000E+00  0.0000000E+00
  0.0000000E+00  0.0000000E+00
  0.0000000E+00  0.0000000E+00
  0.0000000E+00  0.0000000E+00
  0.0000000E+00  0.0000000E+00
  0.0000000E+00  0.0000000E+00
  0.0000000E+00  0.0000000E+00
  0.0000000E+00  0.0000000E+00
  0.0000000E+00  0.0000000E+00
  0.0000000E+00  0.0000000E+00
  0.0000000E+00  0.0000000E+00
  0.0000000E+00  0.0000000E+00
  0.0000000E+00  0.0000000E+00
  0.0000000E+00  0.0000000E+00
  0.0000000E+00  0.0000000E+00
  0.0000000E+00  0.0000000E+00
  0.0000000E+00  0.0000000E+00
  0.0000000E+00  0.0000000E+00
  0.0000000E+00  0.0000000E+00
  0.0000000E+00  0.0000000E+00
  0.0000000E+00  0.0000000E+00
  0.0000000E+00  0.0000000E+00
  0.0000000E+00  0.0000000E+00
  0.0000000E+00  0.0000000E+00
  0.0000000E+00  0.0000000E+00
  0.0000000E+00  0.0000000E+00
  0.0000000E+00  0.0000000E+00
  0.0000000E+00  0.0000000E+00
  0.0000000E+00  0.0000000E+00
  0.0000000E+00  0.0000000E+00
  0.0000000E+00  0.0000000E+00
  0.0000000E+00  0.0000000E+00
  0.0000000E+00  0.0000000E+00
  0.0000000E+00  0.0000000E+00
  0.0000000E+00  0.0000000E+00
  0.0000000E+00  0.0000000E+00
  0.0000000E+00  0.0000000E+00
  0.0000000E+00  0.0000000E+00
  0.0000000E+00  0.0000000E+00
  0.0000000E+00  0.0000000E+00
  0.0000000E+00  0.0000000E+00
  0.0000000E+00  0.0000000E+00
  0.0000000E+00  0.0000000E+00
  0.0000000E+00  0.0000000E+00
  0.0000000E+00  0.0000000E+00
  0.0000000E+00  0.0000000E+00
  0.0000000E+00  0.0000000E+00
  0.0000000E+00  0.0000000E+00
  0.0000000E+00  0.0000000E+00
  0.0000000E+00  0.0000000E+00
  0.0000000E+00  0.0000000E+00
  0.0000000E+00  0.0000000E+00
  0.0000000E+00  0.0000000E+00
  0.0000000E+00  0.0000000E+00
  0.0000000E+00  0.0000000E+00
  0.0000000E+00  0.0000000E+00
  0.0000000E+00  0.0000000E+00
  0.0000000E+00  0.0000000E+00
  0.0000000E+00  0.0000000E+00
  0.0000000E+00  0.0000000E+00
  0.0000000E+00  0.0000000E+00
  0.0000000E+00  0.0000000E+00
  0.0000000E+00  0.0000000E+00
  0.0000000E+00  0.0000000E+00
  0.0000000E+00  0.0000000E+00
  0.0000000E+00  0.0000000E+00
  0.0000000E+00  0.0000000E+00
  0.0000000E+00  0.0000000E+00
  0.0000000E+00  0.0000000E+00
  0.0000000E+00  0.0000000E+00
  0.0000000E+00  0.0000000E+00
  0.0000000E+00  0.0000000E+00
  0.0000000E+00  0.0000000E+00
  0.0000000E+00  0.0000000E+00
  0.0000000E+00  0.0000000E+00
  0.0000000E+00  0.0000000E+00
  0.0000000E+00  0.0000000E+00
  0.0000000E+00  0.0000000E+00
  0.0000000E+00  0.0000000E+00
  0.0000000E+00  0.0000000E+00
  0.0000000E+00  0.0000000E+00
  0.0000000E+00  0.0000000E+00
  0.0000000E+00  0.0000000E+00
  0.0000000E+00  0.0000000E+00
  0.0000000E+00  0.0000000E+00
  0.0000000E+00  0.0000000E+00
  0.0000000E+00  0.0000000E+00
  0.0000000E+00  0.0000000E+00
  0.0000000E+00  0.0000000E+00
  0.0000000E+00  0.0000000E+00
  0.0000000E+00  0.0000000E+00
  0.0000000E+00  0.0000000E+00
  0.0000000E+00  0.0000000E+00
  0.0000000E+00  0.0000000E+00
  0.0000000E+00  0.0000000E+00
  0.0000000E+00  0.0000000E+00
  0.0000000E+00  0.0000000E+00
  0.0000000E+00  0.0000000E+00
  0.0000000E+00  0.0000000E+00
  0.0000000E+00  0.0000000E+00
  0.0000000E+00  0.0000000E+00
  0.0000000E+00  0.0000000E+00
  0.0000000E+00  0.0000000E+00
  0.0000000E+00  0.0000000E+00
  0.0000000E+00  0.0000000E+00
  0.0000000E+00  0.0000000E+00
  0.0000000E+00  0.0000000E+00
  0.0000000E+00  0.0000000E+00
  0.0000000E+00  0.0000000E+00
  0.0000000E+00  0.0000000E+00
  0.0000000E+00  0.0000000E+00
  0.0000000E+00  0.0000000E+00
  0.0000000E+00  0.0000000E+00
  0.0000000E+00  0.0000000E+00
  0.0000000E+00  0.0000000E+00
  0.0000000E+00  0.0000000E+00
  0.0000000E+00  0.0000000E+00
  0.0000000E+00  0.0000000E+00
  0.0000000E+00  0.0000000E+00
  0.0000000E+00  0.0000000E+00
  0.0000000E+00  0.0000000E+00
  0.0000000E+00  0.0000000E+00
  0.0000000E+00  0.0000000E+00
  0.0000000E+00  0.0000000E+00
  0.0000000E+00  0.0000000E+00
  0.0000000E+00  0.0000000E+00
  0.0000000E+00  0.0000000E+00
  0.0000000E+00  0.0000000E+00
  0.0000000E+00  0.0000000E+00
  0.0000000E+00  0.0000000E+00
  0.0000000E+00  0.0000000E+00
  0.0000000E+00  0.0000000E+00
  0.0000000E+00  0.0000000E+00
  0.0000000E+00  0.0000000E+00
  0.0000000E+00  0.0000000E+00
  0.0000000E+00  0.0000000E+00
  0.0000000E+00  0.0000000E+00
  0.0000000E+00  0.0000000E+00
  0.0000000E+00  0.0000000E+00
  0.0000000E+00  0.0000000E+00
  0.0000000E+00  0.0000000E+00
  0.0000000E+00  0.0000000E+00
  0.0000000E+00  0.0000000E+00
  0.0000000E+00  0.0000000E+00
  0.0000000E+00  0.0000000E+00
  0.0000000E+00  0.0000000E+00
  0.0000000E+00  0.0000000E+00
  0.0000000E+00  0.0000000E+00
  0.0000000E+00  0.0000000E+00
  0.0000000E+00  0.0000000E+00
  0.0000000E+00  0.0000000E+00
  0.0000000E+00  0.0000000E+00
  0.0000000E+00  0.0000000E+00
  0.0000000E+00  0.0000000E+00
  0.0000000E+00  0.0000000E+00
  0.0000000E+00  0.0000000E+00
  0.0000000E+00  0.0000000E+00
  0.0000000E+00  0.0000000E+00
  0.0000000E+00  0.0000000E+00
  0.0000000E+00  0.0000000E+00
  0.0000000E+00  0.0000000E+00
  0.0000000E+00  0.0000000E+00
  0.0000000E+00  0.0000000E+00
  0.0000000E+00  0.0000000E+00
  0.0000000E+00  0.0000000E+00
  0.0000000E+00  0.0000000E+00
  0.0000000E+00  0.0000000E+00
  0.0000000E+00  0.0000000E+00
  0.0000000E+00  0.0000000E+00
  0.0000000E+00  0.0000000E+00
  0.0000000E+00  0.0000000E+00
  0.0000000E+00  0.0000000E+00
  0.0000000E+00  0.0000000E+00
  0.0000000E+00  0.0000000E+00
  0.0000000E+00  0.0000000E+00
  0.0000000E+00  0.0000000E+00
  0.0000000E+00  0.0000000E+00
  0.0000000E+00  0.0000000E+00
  0.0000000E+00  0.0000000E+00
  0.0000000E+00  0.0000000E+00
  0.0000000E+00  0.0000000E+00
  0.0000000E+00  0.0000000E+00
  0.0000000E+00  0.0000000E+00
  0.0000000E+00  0.0000000E+00
  0.0000000E+00  0.0000000E+00
  0.0000000E+00  0.0000000E+00
  0.0000000E+00  0.0000000E+00
  0.0000000E+00  0.0000000E+00
  0.0000000E+00  0.0000000E+00
  0.0000000E+00  0.0000000E+00
  0.0000000E+00  0.0000000E+00
  0.0000000E+00  0.0000000E+00
  0.0000000E+00  0.0000000E+00
  0.0000000E+00  0.0000000E+00
  0.0000000E+00  0.0000000E+00
  0.0000000E+00  0.0000000E+00
  0.0000000E+00  0.0000000E+00
  0.0000000E+00  0.0000000E+00
  0.0000000E+00  0.0000000E+00
  0.0000000E+00  0.0000000E+00
  0.0000000E+00  0.0000000E+00
  0.0000000E+00  0.0000000E+00
  0.0000000E+00  0.0000000E+00
  0.0000000E+00  0.0000000E+00
  0.0000000E+00  0.0000000E+00
  0.0000000E+00  0.0000000E+00
  0.0000000E+00  0.0000000E+00
  0.0000000E+00  0.0000000E+00
  0.0000000E+00  0.0000000E+00
  0.0000000E+00  0.0000000E+00
  0.0000000E+00  0.0000000E+00
  0.0000000E+00  0.0000000E+00
  0.0000000E+00  0.0000000E+00
  0.0000000E+00  0.0000000E+00
  0.0000000E+00  0.0000000E+00
  0.0000000E+00  0.0000000E+00
  0.0000000E+00  0.0000000E+00
  0.0000000E+00  0.0000000E+00
  0.0000000E+00  0.0000000E+00
  0.0000000E+00  0.0000000E+00
  0.0000000E+00  0.0000000E+00
  0.0000000E+00  0.0000000E+00
  0.0000000E+00  0.0000000E+00
  0.0000000E+00  0.0000000E+00
  0.0000000E+00  0.0000000E+00
  0.0000000E+00  0.0000000E+00
  0.0000000E+00  0.0000000E+00
  0.0000000E+00  0.0000000E+00
  0.0000000E+00  0.0000000E+00
  0.0000000E+00  0.0000000E+00
  0.0000000E+00  0.0000000E+00
  0.0000000E+00  0.0000000E+00
  0.0000000E+00  0.0000000E+00
  0.0000000E+00  0.0000000E+00
  0.0000000E+00  0.0000000E+00
  0.0000000E+00  0.0000000E+00
  0.0000000E+00  0.0000000E+00
  0.0000000E+00  0.0000000E+00
  0.0000000E+00  0.0000000E+00
  0.0000000E+00  0.0000000E+00
  0.0000000E+00  0.0000000E+00
  0.0000000E+00  0.0000000E+00
  0.0000000E+00  0.0000000E+00
  0.0000000E+00  0.0000000E+00
  0.0000000E+00  0.0000000E+00
  0.0000000E+00  0.0000000E+00
  0.0000000E+00  0.0000000E+00
  0.0000000E+00  0.0000000E+00
  0.0000000E+00  0.0000000E+00
  0.0000000E+00  0.0000000E+00
  0.0000000E+00  0.0000000E+00
  0.0000000E+00  0.0000000E+00
  0.0000000E+00  0.0000000E+00
  0.0000000E+00  0.0000000E+00
  0.0000000E+00  0.0000000E+00
  0.0000000E+00  0.0000000E+00
  0.0000000E+00  0.0000000E+00
  0.0000000E+00  0.0000000E+00
  0.0000000E+00  0.0000000E+00
  0.0000000E+00  0.0000000E+00
  0.0000000E+00  0.0000000E+00
  0.0000000E+00  0.0000000E+00
  0.0000000E+00  0.0000000E+00
  0.0000000E+00  0.0000000E+00
  0.0000000E+00  0.0000000E+00
  0.0000000E+00  0.0000000E+00
  0.0000000E+00  0.0000000E+00
  0.0000000E+00  0.0000000E+00
  0.0000000E+00  0.0000000E+00
  0.0000000E+00  0.0000000E+00
  0.0000000E+00  0.0000000E+00
  0.0000000E+00  0.0000000E+00
  0.0000000E+00  0.0000000E+00
  0.0000000E+00  0.0000000E+00
  0.0000000E+00  0.0000000E+00
  0.0000000E+00  0.0000000E+00
  0.0000000E+00  0.0000000E+00
  0.0000000E+00  0.0000000E+00
  0.0000000E+00  0.0000000E+00
  0.0000000E+00  0.0000000E+00
  0.0000000E+00  0.0000000E+00
  0.0000000E+00  0.0000000E+00
  0.0000000E+00  0.0000000E+00
  0.0000000E+00  0.0000000E+00
  0.0000000E+00  0.0000000E+00
  0.0000000E+00  0.0000000E+00
  0.0000000E+00  0.0000000E+00
  0.0000000E+00  0.0000000E+00
  0.0000000E+00  0.0000000E+00
  0.0000000E+00  0.0000000E+00
  0.0000000E+00  0.0000000E+00
  0.0000000E+00  0.0000000E+00
  0.0000000E+00  0.0000000E+00
  0.0000000E+00  0.0000000E+00
  0.0000000E+00  0.0000000E+00
  0.0000000E+00  0.0000000E+00
  0.0000000E+00  0.0000000E+00
  0.0000000E+00  0.0000000E+00
  0.0000000E+00  0.0000000E+00
  0.0000000E+00  0.0000000E+00
  0.0000000E+00  0.0000000E+00
  0.0000000E+00  0.0000000E+00
  0.0000000E+00  0.0000000E+00
  0.0000000E+00  0.0000000E+00
  0.0000000E+00  0.0000000E+00
  0.0000000E+00  0.0000000E+00
  0.0000000E+00  0.0000000E+00
  0.0000000E+00  0.0000000E+00
  0.0000000E+00  0.0000000E+00
  0.0000000E+00  0.0000000E+00
  0.0000000E+00  0.0000000E+00
  0.0000000E+00  0.0000000E+00
  0.0000000E+00  0.0000000E+00
  0.0000000E+00  0.0000000E+00
  0.0000000E+00  0.0000000E+00
  0.0000000E+00  0.0000000E+00
  0.0000000E+00  0.0000000E+00
  0.0000000E+00  0.0000000E+00
  0.0000000E+00  0.0000000E+00
  0.0000000E+00  0.0000000E+00
  0.0000000E+00  0.0000000E+00
  0.0000000E+00  0.0000000E+00
  0.0000000E+00  0.0000000E+00
  0.0000000E+00  0.0000000E+00
  0.0000000E+00  0.0000000E+00
  0.0000000E+00  0.0000000E+00
  0.0000000E+00  0.0000000E+00
  0.0000000E+00  0.0000000E+00
  0.0000000E+00  0.0000000E+00
  0.0000000E+00  0.0000000E+00
  0.0000000E+00  0.0000000E+00
  0.0000000E+00  0.0000000E+00
  0.0000000E+00  0.0000000E+00
  0.0000000E+00  0.0000000E+00
  0.0000000E+00  0.0000000E+00
  0.0000000E+00  0.0000000E+00
  0.0000000E+00  0.0000000E+00
  0.0000000E+00  0.0000000E+00
  0.0000000E+00  0.0000000E+00
  0.0000000E+00  0.0000000E+00
  0.0000000E+00  0.0000000E+00
  0.0000000E+00  0.0000000E+00
  0.0000000E+00  0.0000000E+00
  0.0000000E+00  0.0000000E+00
  0.0000000E+00  0.0000000E+00
  0.0000000E+00  0.0000000E+00
  0.0000000E+00  0.0000000E+00
  0.0000000E+00  0.0000000E+00
  0.0000000E+00  0.0000000E+00
  0.0000000E+00  0.0000000E+00
  0.0000000E+00  0.0000000E+00
  0.0000000E+00  0.0000000E+00
  0.0000000E+00  0.0000000E+00
  0.0000000E+00  0.0000000E+00
  0.0000000E+00  0.0000000E+00
  0.0000000E+00  0.0000000E+00
  0.0000000E+00  0.0000000E+00
  0.0000000E+00  0.0000000E+00
  0.0000000E+00  0.0000000E+00
  0.0000000E+00  0.0000000E+00
  0.0000000E+00  0.0000000E+00
  0.0000000E+00  0.0000000E+00
  0.0000000E+00  0.0000000E+00
  0.0000000E+00  0.0000000E+00
  0.0000000E+00  0.0000000E+00
  0.0000000E+00  0.0000000E+00
  0.0000000E+00  0.0000000E+00
  0.0000000E+00  0.0000000E+00
  0.0000000E+00  0.0000000E+00
  0.0000000E+00  0.0000000E+00
  0.0000000E+00  0.0000000E+00
  0.0000000E+00  0.0000000E+00
  0.0000000E+00  0.0000000E+00
  0.0000000E+00  0.0000000E+00
  0.0000000E+00  0.0000000E+00
  0.0000000E+00  0.0000000E+00
  0.0000000E+00  0.0000000E+00
  0.0000000E+00  0.0000000E+00
  0.0000000E+00  0.0000000E+00
  0.0000000E+00  0.0000000E+00
  0.0000000E+00  0.0000000E+00
  0.0000000E+00  0.0000000E+00
  0.0000000E+00  0.0000000E+00
  0.0000000E+00  0.0000000E+00
  0.0000000E+00  0.0000000E+00
  0.0000000E+00  0.0000000E+00
  0.0000000E+00  0.0000000E+00
  0.0000000E+00  0.0000000E+00
  0.0000000E+00  0.0000000E+00
  0.0000000E+00  0.0000000E+00
  0.0000000E+00  0.0000000E+00
  0.0000000E+00  0.0000000E+00
  0.0000000E+00  0.0000000E+00
  0.0000000E+00  0.0000000E+00
  0.0000000E+00  0.0000000E+00
  0.0000000E+00  0.0000000E+00
  0.0000000E+00  0.0000000E+00
  0.0000000E+00  0.0000000E+00
  0.0000000E+00  0.0000000E+00
  0.0000000E+00  0.0000000E+00
  0.0000000E+00  0.0000000E+00
  0.0000000E+00  0.0000000E+00
  0.0000000E+00  0.0000000E+00
  0.0000000E+00  0.0000000E+00
  0.0000000E+00  0.0000000E+00
  0.0000000E+00  0.0000000E+00
  0.0000000E+00  0.0000000E+00
  0.0000000E+00  0.0000000E+00
  0.0000000E+00  0.0000000E+00
  0.0000000E+00  0.0000000E+00
  0.0000000E+00  0.0000000E+00
  0.0000000E+00  0.0000000E+00
  0.0000000E+00  0.0000000E+00
  0.0000000E+00  0.0000000E+00
  0.0000000E+00  0.0000000E+00
  0.0000000E+00  0.0000000E+00
  0.0000000E+00  0.0000000E+00
  0.0000000E+00  0.0000000E+00
  0.0000000E+00  0.0000000E+00
  0.0000000E+00  0.0000000E+00
  0.0000000E+00  0.0000000E+00
  0.0000000E+00  0.0000000E+00
  0.0000000E+00  0.0000000E+00
  0.0000000E+00  0.0000000E+00
  0.0000000E+00  0.0000000E+00
  0.0000000E+00  0.0000000E+00
  0.0000000E+00  0.0000000E+00
  0.0000000E+00  0.0000000E+00
  0.0000000E+00  0.0000000E+00
  0.0000000E+00  0.0000000E+00
  0.0000000E+00  0.0000000E+00
  0.0000000E+00  0.0000000E+00
  0.0000000E+00  0.0000000E+00
  0.0000000E+00  0.0000000E+00
  0.0000000E+00  0.0000000E+00
  0.0000000E+00  0.0000000E+00
  0.0000000E+00  0.0000000E+00
  0.0000000E+00  0.0000000E+00
  0.0000000E+00  0.0000000E+00
  0.0000000E+00  0.0000000E+00
  0.0000000E+00  0.0000000E+00
  0.0000000E+00  0.0000000E+00
  0.0000000E+00  0.0000000E+00
  0.0000000E+00  0.0000000E+00
  0.0000000E+00  0.0000000E+00
  0.0000000E+00  0.0000000E+00
  0.0000000E+00  0.0000000E+00
  0.0000000E+00  0.0000000E+00
  0.0000000E+00  0.0000000E+00
  0.0000000E+00  0.0000000E+00
  0.0000000E+00  0.0000000E+00
  0.0000000E+00  0.0000000E+00
  0.0000000E+00  0.0000000E+00
  0.0000000E+00  0.0000000E+00
  0.0000000E+00  0.0000000E+00
  0.0000000E+00  0.0000000E+00
  0.0000000E+00  0.0000000E+00
  0.0000000E+00  0.0000000E+00
  0.0000000E+00  0.0000000E+00
  0.0000000E+00  0.0000000E+00
  0.0000000E+00  0.0000000E+00
  0.0000000E+00  0.0000000E+00
  0.0000000E+00  0.0000000E+00
  0.0000000E+00  0.0000000E+00
  0.0000000E+00  0.0000000E+00
  0.0000000E+00  0.0000000E+00
  0.0000000E+00  0.0000000E+00
  0.0000000E+00  0.0000000E+00
  0.0000000E+00  0.0000000E+00
  0.0000000E+00  0.0000000E+00
  0.0000000E+00  0.0000000E+00
  0.0000000E+00  0.0000000E+00
  0.0000000E+00  0.0000000E+00
  0.0000000E+00  0.0000000E+00
  0.0000000E+00  0.0000000E+00
  0.0000000E+00  0.0000000E+00
  0.0000000E+00  0.0000000E+00
  0.0000000E+00  0.0000000E+00
  0.0000000E+00  0.0000000E+00
  0.0000000E+00  0.0000000E+00
  0.0000000E+00  0.0000000E+00
  0.0000000E+00  0.0000000E+00
  0.0000000E+00  0.0000000E+00
  0.0000000E+00  0.0000000E+00
  0.0000000E+00  0.0000000E+00
  0.0000000E+00  0.0000000E+00
  0.0000000E+00  0.0000000E+00
  0.0000000E+00  0.0000000E+00
  0.0000000E+00  0.0000000E+00
  0.0000000E+00  0.0000000E+00
  0.0000000E+00  0.0000000E+00
  0.0000000E+00  0.0000000E+00
  0.0000000E+00  0.0000000E+00
  0.0000000E+00  0.0000000E+00
  0.0000000E+00  0.0000000E+00
  0.0000000E+00  0.0000000E+00
  0.0000000E+00  0.0000000E+00
  0.0000000E+00  0.0000000E+00
  0.0000000E+00  0.0000000E+00
  0.0000000E+00  0.0000000E+00
  0.0000000E+00  0.0000000E+00
  0.0000000E+00  0.0000000E+00
  0.0000000E+00  0.0000000E+00
  0.0000000E+00  0.0000000E+00
  0.0000000E+00  0.0000000E+00
  0.0000000E+00  0.0000000E+00
  0.0000000E+00  0.0000000E+00
  0.0000000E+00  0.0000000E+00
  0.0000000E+00  0.0000000E+00
  0.0000000E+00  0.0000000E+00
  0.0000000E+00  0.0000000E+00
  0.0000000E+00  0.0000000E+00
  0.0000000E+00  0.0000000E+00
  0.0000000E+00  0.0000000E+00
  0.0000000E+00  0.0000000E+00
  0.0000000E+00  0.0000000E+00
  0.0000000E+00  0.0000000E+00
  0.0000000E+00  0.0000000E+00
  0.0000000E+00  0.0000000E+00
  0.0000000E+00  0.0000000E+00
  0.0000000E+00  0.0000000E+00
  0.0000000E+00  0.0000000E+00
  0.0000000E+00  0.0000000E+00
  0.0000000E+00  0.0000000E+00
  0.0000000E+00  0.0000000E+00
  0.0000000E+00  0.0000000E+00
  0.0000000E+00  0.0000000E+00
  0.0000000E+00  0.0000000E+00
  0.0000000E+00  0.0000000E+00
  0.0000000E+00  0.0000000E+00
  0.0000000E+00  0.0000000E+00
  0.0000000E+00  0.0000000E+00
  0.0000000E+00  0.0000000E+00
  0.0000000E+00  0.0000000E+00
  0.0000000E+00  0.0000000E+00
  0.0000000E+00  0.0000000E+00
  0.0000000E+00  0.0000000E+00
  0.0000000E+00  0.0000000E+00
  0.0000000E+00  0.0000000E+00
  0.0000000E+00  0.0000000E+00
  0.0000000E+00  0.0000000E+00
  0.0000000E+00  0.0000000E+00
  0.0000000E+00  0.0000000E+00
  0.0000000E+00  0.0000000E+00
  0.0000000E+00  0.0000000E+00
  0.0000000E+00  0.0000000E+00
  0.0000000E+00  0.0000000E+00
  0.0000000E+00  0.0000000E+00
  0.0000000E+00  0.0000000E+00
  0.0000000E+00  0.0000000E+00
  0.0000000E+00  0.0000000E+00
  0.0000000E+00  0.0000000E+00
  0.0000000E+00  0.0000000E+00
  0.0000000E+00  0.0000000E+00
  0.0000000E+00  0.0000000E+00
  0.0000000E+00  0.0000000E+00
  0.0000000E+00  0.0000000E+00
  0.0000000E+00  0.0000000E+00
  0.0000000E+00  0.0000000E+00
  0.0000000E+00  0.0000000E+00
  0.0000000E+00  0.0000000E+00
  0.0000000E+00  0.0000000E+00
  0.0000000E+00  0.0000000E+00
  0.0000000E+00  0.0000000E+00
  0.0000000E+00  0.0000000E+00
  0.0000000E+00  0.0000000E+00
  0.0000000E+00  0.0000000E+00
