  0.8880572E-01 -0.4046386E+00
  0.6144113E-01 -0.4019904E+00
  0.4753939E-01 -0.4082069E+00
  0.3778702E-01 -0.4103440E+00
  0.3403682E-01 -0.4131268E+00
  0.3266564E-01 -0.4150885E+00
 -0.2849575E+00 -0.4081043E+00
  0.1074221E-01 -0.4087107E+00
  0.8897324E-02 -0.4107072E+00
  0.6872632E-02 -0.4267715E+00
  0.2728771E-02 -0.5203685E+00
  0.9331857E-02 -0.5189169E+00
  0.1582897E-01 -0.5186620E+00
  0.2223246E-01 -0.5187209E+00
  0.2826303E-01 -0.5188046E+00
  0.3431056E-01 -0.5191174E+00
  0.4039105E-01 -0.5188755E+00
  0.4637796E-01 -0.5178379E+00
  0.5239982E-01 -0.5175338E+00
  0.5773855E-01 -0.5178084E+00
  0.6281491E-01 -0.5173590E+00
  0.6807037E-01 -0.5173839E+00
  0.7248824E-01 -0.5178097E+00
  0.7662413E-01 -0.5174344E+00
  0.8102945E-01 -0.5174839E+00
  0.8441453E-01 -0.5179239E+00
  0.8746694E-01 -0.5175475E+00
  0.9085613E-01 -0.5175781E+00
  0.9307428E-01 -0.5180053E+00
  0.9490114E-01 -0.5176257E+00
  0.9710381E-01 -0.5176468E+00
  0.9802935E-01 -0.5180520E+00
  0.9851544E-01 -0.5176640E+00
  0.9939665E-01 -0.5176684E+00
  0.9894409E-01 -0.5180475E+00
  0.9804776E-01 -0.5176305E+00
  0.9757383E-01 -0.5176061E+00
  0.9576853E-01 -0.5179621E+00
  0.9354636E-01 -0.5175235E+00
  0.9175712E-01 -0.5174854E+00
  0.8869181E-01 -0.5178341E+00
  0.8525434E-01 -0.5173879E+00
  0.8224349E-01 -0.5173383E+00
  0.7806563E-01 -0.5176852E+00
  0.7357973E-01 -0.5172286E+00
  0.6950131E-01 -0.5171819E+00
  0.6440573E-01 -0.5175325E+00
  0.5907897E-01 -0.5170763E+00
  0.5411825E-01 -0.5170341E+00
  0.4832765E-01 -0.5173889E+00
  0.4238329E-01 -0.5169370E+00
  0.3674644E-01 -0.5169054E+00
  0.3049897E-01 -0.5172728E+00
  0.2416962E-01 -0.5168376E+00
  0.1806893E-01 -0.5168357E+00
  0.1160007E-01 -0.5172374E+00
  0.5115794E-02 -0.5168257E+00
 -0.1232002E-02 -0.5168427E+00
 -0.7689826E-02 -0.5172608E+00
 -0.1410688E-01 -0.5168682E+00
 -0.2047858E-01 -0.5169026E+00
 -0.2670485E-01 -0.5173243E+00
 -0.3282125E-01 -0.5169762E+00
 -0.3897842E-01 -0.5170761E+00
 -0.4475378E-01 -0.5175282E+00
 -0.5036934E-01 -0.5171711E+00
 -0.5611629E-01 -0.5172623E+00
 -0.6123003E-01 -0.5177282E+00
 -0.6613472E-01 -0.5173610E+00
 -0.7126124E-01 -0.5174054E+00
 -0.7552952E-01 -0.5178388E+00
 -0.7950816E-01 -0.5174721E+00
 -0.8376791E-01 -0.5175284E+00
 -0.8698202E-01 -0.5179705E+00
 -0.8984449E-01 -0.5176100E+00
 -0.9303815E-01 -0.5176659E+00
 -0.9502771E-01 -0.5181201E+00
 -0.9662234E-01 -0.5177709E+00
 -0.9860542E-01 -0.5178417E+00
 -0.9943786E-01 -0.5182815E+00
 -0.1002331E+00 -0.5180671E+00
 -0.9922693E-01 -0.5199539E+00
 -0.9598222E-01 -0.5212755E+00
 -0.9446273E-01 -0.5214792E+00
 -0.9306384E-01 -0.5214714E+00
 -0.9132434E-01 -0.5214950E+00
 -0.8923513E-01 -0.5214968E+00
 -0.8681346E-01 -0.5214450E+00
 -0.8404394E-01 -0.5213466E+00
 -0.8090480E-01 -0.5212433E+00
 -0.7738870E-01 -0.5211533E+00
 -0.7351747E-01 -0.5210811E+00
 -0.6932279E-01 -0.5210232E+00
 -0.6483790E-01 -0.5209527E+00
 -0.6008397E-01 -0.5208823E+00
 -0.5504967E-01 -0.5208605E+00
 -0.4978843E-01 -0.5208530E+00
 -0.4434301E-01 -0.5207748E+00
 -0.3866533E-01 -0.5206007E+00
 -0.3256600E-01 -0.5202674E+00
 -0.2646883E-01 -0.5182619E+00
 -0.2147032E-01 -0.5167333E+00
 -0.1559916E-01 -0.5171155E+00
 -0.9402761E-02 -0.5186203E+00
 -0.3280341E-02 -0.5216198E+00
 -0.6159764E-02 -0.4252814E+00
 -0.6985731E-02 -0.4087344E+00
 -0.7698362E-02 -0.4066803E+00
 -0.8617654E-02 -0.4072612E+00
 -0.9954242E-02 -0.4063828E+00
 -0.1174406E-01 -0.4060643E+00
 -0.1494472E-01 -0.4057927E+00
 -0.3793014E-01 -0.4034129E+00
 -0.4795456E-01 -0.3981071E+00
 -0.7991443E-01 -0.4048894E+00
 -0.2424431E+00 -0.4091927E+00
 -0.2914430E+00 -0.4140200E+00
 -0.5792468E+00 -0.4074974E+00
 -0.7126042E+00 -0.4096333E+00
 -0.8126575E+00 -0.4113232E+00
 -0.8748641E+00 -0.4123778E+00
 -0.8963574E+00 -0.4127487E+00
 -0.8756593E+00 -0.4123853E+00
 -0.8152043E+00 -0.4114425E+00
 -0.7207581E+00 -0.4101961E+00
 -0.5958573E+00 -0.4088342E+00
 -0.4447865E+00 -0.4074984E+00
 -0.2745970E+00 -0.4064422E+00
 -0.9305453E-01 -0.4058604E+00
  0.9238119E-01 -0.4058692E+00
  0.2740279E+00 -0.4064405E+00
  0.4442713E+00 -0.4075144E+00
  0.5959330E+00 -0.4088978E+00
  0.7222100E+00 -0.4103525E+00
  0.8171781E+00 -0.4116182E+00
  0.8756875E+00 -0.4124523E+00
  0.8939337E+00 -0.4126543E+00
  0.8721716E+00 -0.4122536E+00
  0.8140878E+00 -0.4114687E+00
  0.7209038E+00 -0.4103028E+00
  0.5952039E+00 -0.4088038E+00
  0.4428996E+00 -0.4071913E+00
  0.2701720E+00 -0.4057136E+00
 -0.2118755E+00 -0.4060975E+00
 -0.1777342E+00 -0.4212223E+00
  0.1043761E+00 -0.4051968E+00
  0.9655143E-01 -0.4110936E+00
  0.9251631E-01 -0.4138431E+00
  0.2605820E-01 -0.4092242E+00
 -0.3011106E+00 -0.4095324E+00
  0.3474261E-01 -0.4258110E+00
  0.2103119E-01 -0.4259924E+00
  0.4827348E-01 -0.4257391E+00
  0.6099293E-01 -0.4260081E+00
  0.7331984E-01 -0.4263558E+00
  0.8592488E-01 -0.4261469E+00
  0.9810912E-01 -0.4260196E+00
  0.1096933E+00 -0.4260716E+00
  0.1206800E+00 -0.4262494E+00
  0.1310847E+00 -0.4264905E+00
  0.1409048E+00 -0.4267451E+00
  0.1500583E+00 -0.4270293E+00
  0.1585649E+00 -0.4273270E+00
  0.1664118E+00 -0.4276018E+00
  0.1734972E+00 -0.4278680E+00
  0.1798550E+00 -0.4281124E+00
  0.1854632E+00 -0.4283182E+00
  0.1902104E+00 -0.4285228E+00
  0.1941484E+00 -0.4287061E+00
  0.1972983E+00 -0.4288334E+00
  0.1994936E+00 -0.4289486E+00
  0.2008009E+00 -0.4290341E+00
  0.2012734E+00 -0.4290488E+00
  0.2007724E+00 -0.4290385E+00
  0.1993871E+00 -0.4289906E+00
  0.1971798E+00 -0.4288675E+00
  0.1940255E+00 -0.4287263E+00
  0.1900206E+00 -0.4285550E+00
  0.1852286E+00 -0.4283322E+00
  0.1795498E+00 -0.4280873E+00
  0.1730919E+00 -0.4278374E+00
  0.1659187E+00 -0.4275466E+00
  0.1579614E+00 -0.4272545E+00
  0.1493164E+00 -0.4269572E+00
  0.1400624E+00 -0.4266355E+00
  0.1301523E+00 -0.4263335E+00
  0.1196847E+00 -0.4260362E+00
  0.1087350E+00 -0.4257279E+00
  0.9728033E-01 -0.4254545E+00
  0.8542028E-01 -0.4252021E+00
  0.7321899E-01 -0.4249535E+00
  0.6068829E-01 -0.4247449E+00
  0.4790916E-01 -0.4245867E+00
  0.3494009E-01 -0.4244625E+00
  0.2180994E-01 -0.4243953E+00
  0.8588774E-02 -0.4243609E+00
 -0.4661351E-02 -0.4243430E+00
 -0.1788422E-01 -0.4243812E+00
 -0.3102187E-01 -0.4244634E+00
 -0.4402937E-01 -0.4245580E+00
 -0.5683666E-01 -0.4247087E+00
 -0.6936436E-01 -0.4249373E+00
 -0.8159154E-01 -0.4251854E+00
 -0.9349750E-01 -0.4254459E+00
 -0.1050110E+00 -0.4257315E+00
 -0.1160967E+00 -0.4260314E+00
 -0.1266877E+00 -0.4263229E+00
 -0.1367609E+00 -0.4266177E+00
 -0.1462779E+00 -0.4269020E+00
 -0.1551314E+00 -0.4271968E+00
 -0.1633161E+00 -0.4274986E+00
 -0.1708231E+00 -0.4277809E+00
 -0.1775617E+00 -0.4280559E+00
 -0.1835355E+00 -0.4283177E+00
 -0.1887386E+00 -0.4285433E+00
 -0.1930573E+00 -0.4287669E+00
 -0.1965505E+00 -0.4289508E+00
 -0.1992230E+00 -0.4290906E+00
 -0.2009363E+00 -0.4292219E+00
 -0.2016719E+00 -0.4294127E+00
 -0.2012847E+00 -0.4297233E+00
 -0.1999028E+00 -0.4299803E+00
 -0.1977899E+00 -0.4300545E+00
 -0.1949217E+00 -0.4300175E+00
 -0.1912729E+00 -0.4299159E+00
 -0.1868859E+00 -0.4297224E+00
 -0.1817739E+00 -0.4294566E+00
 -0.1758775E+00 -0.4291511E+00
 -0.1691837E+00 -0.4288332E+00
 -0.1616956E+00 -0.4285189E+00
 -0.1534715E+00 -0.4282068E+00
 -0.1445753E+00 -0.4278905E+00
 -0.1350513E+00 -0.4275658E+00
 -0.1249109E+00 -0.4272502E+00
 -0.1141928E+00 -0.4269896E+00
 -0.1030253E+00 -0.4267423E+00
 -0.9147774E-01 -0.4264432E+00
 -0.7955269E-01 -0.4260698E+00
 -0.6731333E-01 -0.4255903E+00
 -0.5494530E-01 -0.4249796E+00
 -0.4255242E-01 -0.4245092E+00
 -0.3018982E-01 -0.4243833E+00
 -0.1798387E-01 -0.4247086E+00
 -0.2062212E-01 -0.4090838E+00
 -0.1438470E+00 -0.3965084E+00
 -0.2284695E-01 -0.4072941E+00
 -0.2573048E-01 -0.4083581E+00
 -0.2954441E-01 -0.4089101E+00
 -0.3484734E-01 -0.4088376E+00
 -0.4467680E-01 -0.4087778E+00
 -0.4893265E+00 -0.4028235E+00
 -0.1250556E+00 -0.4031580E+00
 -0.5537716E+00 -0.4040003E+00
 -0.2727785E+00 -0.4128599E+00
 -0.4076566E+00 -0.4018578E+00
 -0.5955476E+00 -0.4046777E+00
 -0.6091009E+00 -0.4047297E+00
 -0.5940256E+00 -0.4043680E+00
 -0.5534567E+00 -0.4039121E+00
 -0.4903929E+00 -0.4031373E+00
 -0.4059315E+00 -0.4020040E+00
 -0.3035054E+00 -0.4009952E+00
 -0.1877510E+00 -0.4001972E+00
 -0.6412704E-01 -0.3997852E+00
  0.6290376E-01 -0.3998221E+00
  0.1873461E+00 -0.4002279E+00
  0.3033395E+00 -0.4010028E+00
  0.4063035E+00 -0.4019794E+00
  0.4918409E+00 -0.4030160E+00
  0.5559435E+00 -0.4039302E+00
  0.5946862E+00 -0.4044943E+00
  0.6060355E+00 -0.4045896E+00
  0.5919397E+00 -0.4044961E+00
  0.5545763E+00 -0.4041483E+00
  0.4912757E+00 -0.4031241E+00
  0.4070748E+00 -0.4019974E+00
  0.3065369E+00 -0.4011086E+00
  0.1897471E+00 -0.4018070E+00
  0.4339888E-01 -0.4056242E+00
  0.9079802E-01 -0.4193047E+00
 -0.1120630E+00 -0.4110773E+00
  0.2838420E-01 -0.4233458E+00
  0.4187928E-01 -0.4092983E+00
  0.1491611E+00 -0.4136208E+00
  0.4243025E-01 -0.4094692E+00
  0.1645716E+00 -0.4086417E+00
  0.1034544E+00 -0.4110100E+00
  0.1183129E+00 -0.4109936E+00
  0.1321720E+00 -0.4112026E+00
  0.1453521E+00 -0.4115416E+00
  0.1577873E+00 -0.4118657E+00
  0.1693648E+00 -0.4122071E+00
  0.1801598E+00 -0.4125721E+00
  0.1901788E+00 -0.4129280E+00
  0.1993279E+00 -0.4132923E+00
  0.2076469E+00 -0.4136105E+00
  0.2151046E+00 -0.4138871E+00
  0.2215387E+00 -0.4141520E+00
  0.2270308E+00 -0.4143852E+00
  0.2316434E+00 -0.4146015E+00
  0.2352292E+00 -0.4148163E+00
  0.2377225E+00 -0.4149576E+00
  0.2391547E+00 -0.4150440E+00
  0.2394829E+00 -0.4150994E+00
  0.2387226E+00 -0.4150594E+00
  0.2369566E+00 -0.4149628E+00
  0.2341427E+00 -0.4148544E+00
  0.2302784E+00 -0.4146586E+00
  0.2254250E+00 -0.4144016E+00
  0.2195707E+00 -0.4141622E+00
  0.2127246E+00 -0.4138483E+00
  0.2049717E+00 -0.4134958E+00
  0.1962983E+00 -0.4131659E+00
  0.1867489E+00 -0.4127842E+00
  0.1764058E+00 -0.4123827E+00
  0.1652698E+00 -0.4120165E+00
  0.1534006E+00 -0.4116185E+00
  0.1408891E+00 -0.4112179E+00
  0.1277478E+00 -0.4108745E+00
  0.1140454E+00 -0.4105171E+00
  0.9988091E-01 -0.4101765E+00
  0.8527754E-01 -0.4098992E+00
  0.7031565E-01 -0.4096133E+00
  0.5506749E-01 -0.4093722E+00
  0.3959071E-01 -0.4092971E+00
  0.2387806E-01 -0.4092506E+00
  0.8017400E-02 -0.4091900E+00
 -0.7850193E-02 -0.4091981E+00
 -0.2365771E-01 -0.4092427E+00
 -0.3934754E-01 -0.4093181E+00
 -0.5484867E-01 -0.4094922E+00
 -0.7006276E-01 -0.4096651E+00
 -0.8480657E-01 -0.4098324E+00
 -0.9913264E-01 -0.4101780E+00
 -0.1132322E+00 -0.4105571E+00
 -0.1268626E+00 -0.4108793E+00
 -0.1399349E+00 -0.4112763E+00
 -0.1525379E+00 -0.4116645E+00
 -0.1644981E+00 -0.4120175E+00
 -0.1757010E+00 -0.4124072E+00
 -0.1861569E+00 -0.4127821E+00
 -0.1957704E+00 -0.4131299E+00
 -0.2045043E+00 -0.4135031E+00
 -0.2124253E+00 -0.4138477E+00
 -0.2194151E+00 -0.4141487E+00
 -0.2253780E+00 -0.4144768E+00
 -0.2304100E+00 -0.4147366E+00
 -0.2344854E+00 -0.4149497E+00
 -0.2374625E+00 -0.4151067E+00
 -0.2392800E+00 -0.4152034E+00
 -0.2399783E+00 -0.4152915E+00
 -0.2395443E+00 -0.4153951E+00
 -0.2379504E+00 -0.4154166E+00
 -0.2353235E+00 -0.4153894E+00
 -0.2317152E+00 -0.4152680E+00
 -0.2272407E+00 -0.4151052E+00
 -0.2220076E+00 -0.4148147E+00
 -0.2159697E+00 -0.4145263E+00
 -0.2089476E+00 -0.4142225E+00
 -0.2008770E+00 -0.4138619E+00
 -0.1917961E+00 -0.4134705E+00
 -0.1818493E+00 -0.4130755E+00
 -0.1711282E+00 -0.4127034E+00
 -0.1596171E+00 -0.4123176E+00
 -0.1472955E+00 -0.4118918E+00
 -0.1343029E+00 -0.4114704E+00
 -0.1209723E+00 -0.4111405E+00
 -0.1072858E+00 -0.4108331E+00
 -0.9310740E-01 -0.4104612E+00
 -0.7859974E-01 -0.4100856E+00
 -0.6404893E-01 -0.4096537E+00
 -0.4946766E-01 -0.4094062E+00
 -0.3487825E-01 -0.4093271E+00
 -0.4537796E+00 -0.4081857E+00
 -0.3463351E+00 -0.4052594E+00
 -0.4421239E-01 -0.4091096E+00
 -0.5095244E-01 -0.4096635E+00
  0.1365175E+00 -0.4130950E+00
 -0.5929369E-01 -0.4090532E+00
 -0.7724017E-01 -0.4091530E+00
 -0.2179397E+00 -0.3998957E+00
 -0.4873402E+00 -0.4090120E+00
 -0.4972940E+00 -0.4089485E+00
 -0.3890504E-01 -0.4077182E+00
 -0.4834952E+00 -0.4084691E+00
 -0.4509939E+00 -0.4084307E+00
 -0.4009236E+00 -0.4077554E+00
 -0.3326749E+00 -0.4063403E+00
 -0.2498911E+00 -0.4052993E+00
 -0.1556389E+00 -0.4044636E+00
 -0.5430837E-01 -0.4040904E+00
  0.5171049E-01 -0.4041386E+00
  0.1553382E+00 -0.4045732E+00
  0.2503034E+00 -0.4053396E+00
  0.3338224E+00 -0.4062777E+00
  0.4028304E+00 -0.4072512E+00
  0.4541339E+00 -0.4081339E+00
  0.4845056E+00 -0.4086278E+00
  0.4931219E+00 -0.4087395E+00
  0.4825673E+00 -0.4090512E+00
  0.4554873E+00 -0.4088385E+00
  0.4030636E+00 -0.4074323E+00
  0.3361537E+00 -0.4063201E+00
  0.2583642E+00 -0.4062650E+00
 -0.4046563E+00 -0.4059257E+00
  0.5888956E-01 -0.4100806E+00
  0.8774493E-01 -0.4102897E+00
  0.7361325E-01 -0.4092670E+00
 -0.3125913E+00 -0.4008426E+00
  0.1280529E+00 -0.4139687E+00
  0.2322331E+00 -0.4108202E+00
  0.1136288E+00 -0.4101062E+00
  0.1313837E+00 -0.4095092E+00
  0.1764274E+00 -0.4103612E+00
  0.1892873E+00 -0.4105344E+00
  0.2011539E+00 -0.4109315E+00
  0.2122471E+00 -0.4113826E+00
  0.2223136E+00 -0.4116717E+00
  0.2314620E+00 -0.4119718E+00
  0.2396268E+00 -0.4123298E+00
  0.2465478E+00 -0.4124232E+00
  0.2524774E+00 -0.4126638E+00
  0.2577067E+00 -0.4130274E+00
  0.2618635E+00 -0.4133216E+00
  0.2645365E+00 -0.4134517E+00
  0.2659113E+00 -0.4136036E+00
  0.2660971E+00 -0.4136070E+00
  0.2649621E+00 -0.4134718E+00
  0.2628067E+00 -0.4133923E+00
  0.2596436E+00 -0.4132981E+00
  0.2552093E+00 -0.4130140E+00
  0.2497308E+00 -0.4127766E+00
  0.2432230E+00 -0.4125639E+00
  0.2355068E+00 -0.4121534E+00
  0.2268355E+00 -0.4118152E+00
  0.2172147E+00 -0.4115163E+00
  0.2065059E+00 -0.4110356E+00
  0.1949769E+00 -0.4106466E+00
  0.1826158E+00 -0.4103126E+00
  0.1693448E+00 -0.4098231E+00
  0.1554137E+00 -0.4094333E+00
  0.1408092E+00 -0.4091206E+00
  0.1255139E+00 -0.4086745E+00
  0.1097641E+00 -0.4083396E+00
  0.9352415E-01 -0.4081186E+00
  0.7683650E-01 -0.4076846E+00
  0.5994645E-01 -0.4073000E+00
  0.4292585E-01 -0.4073669E+00
  0.2523795E-01 -0.4075846E+00
  0.7189618E-02 -0.4074985E+00
 -0.1068453E-01 -0.4074275E+00
 -0.2847163E-01 -0.4075235E+00
 -0.4608514E-01 -0.4076005E+00
 -0.6335942E-01 -0.4077569E+00
 -0.8019591E-01 -0.4078721E+00
 -0.9597240E-01 -0.4076275E+00
 -0.1112425E+00 -0.4080211E+00
 -0.1269280E+00 -0.4087599E+00
 -0.1420223E+00 -0.4089564E+00
 -0.1564915E+00 -0.4094446E+00
 -0.1707600E+00 -0.4100137E+00
 -0.1841445E+00 -0.4103799E+00
 -0.1965699E+00 -0.4107569E+00
 -0.2081768E+00 -0.4111721E+00
 -0.2186847E+00 -0.4115080E+00
 -0.2282766E+00 -0.4118497E+00
 -0.2371188E+00 -0.4122821E+00
 -0.2447390E+00 -0.4125964E+00
 -0.2511969E+00 -0.4129640E+00
 -0.2568235E+00 -0.4133128E+00
 -0.2613626E+00 -0.4135652E+00
 -0.2644797E+00 -0.4136473E+00
 -0.2660554E+00 -0.4135695E+00
 -0.2664478E+00 -0.4136368E+00
 -0.2657565E+00 -0.4137039E+00
 -0.2635477E+00 -0.4134796E+00
 -0.2602550E+00 -0.4134645E+00
 -0.2560363E+00 -0.4131016E+00
 -0.2509538E+00 -0.4130364E+00
 -0.2454856E+00 -0.4126132E+00
 -0.2392729E+00 -0.4125820E+00
 -0.2316724E+00 -0.4124803E+00
 -0.2225610E+00 -0.4120908E+00
 -0.2121963E+00 -0.4115639E+00
 -0.2010178E+00 -0.4111622E+00
 -0.1890226E+00 -0.4108830E+00
 -0.1759836E+00 -0.4105193E+00
 -0.1618333E+00 -0.4099020E+00
 -0.1470819E+00 -0.4089733E+00
 -0.1327654E+00 -0.4085926E+00
 -0.1181836E+00 -0.4087414E+00
 -0.1025263E+00 -0.4084243E+00
 -0.8653221E-01 -0.4080048E+00
 -0.7105406E-01 -0.4074680E+00
 -0.5531537E-01 -0.4078749E+00
 -0.4147649E+00 -0.4138663E+00
 -0.4301843E+00 -0.4151506E+00
  0.6957860E-01 -0.4053458E+00
 -0.2729179E+00 -0.4045714E+00
 -0.3938503E+00 -0.4130554E+00
  0.1712330E+00 -0.4112275E+00
  0.6652924E-01 -0.4088152E+00
 -0.7381226E-01 -0.4099953E+00
  0.3139656E-01 -0.4123191E+00
 -0.3873239E+00 -0.4148180E+00
  0.1471834E+00 -0.4093479E+00
 -0.4222839E+00 -0.4151539E+00
  0.1714887E-01 -0.4144370E+00
  0.9702352E-01 -0.4099483E+00
 -0.2876534E+00 -0.4117777E+00
 -0.2180752E+00 -0.4105939E+00
 -0.1374288E+00 -0.4096519E+00
 -0.4969814E-01 -0.4094095E+00
  0.4535437E-01 -0.4094589E+00
  0.1377678E+00 -0.4099868E+00
  0.2196101E+00 -0.4108377E+00
  0.2906274E+00 -0.4118105E+00
  0.3490043E+00 -0.4128205E+00
  0.3921717E+00 -0.4137008E+00
  0.4173804E+00 -0.4141839E+00
  0.4238628E+00 -0.4143864E+00
  0.4138649E+00 -0.4156040E+00
  0.3982344E+00 -0.4156918E+00
  0.3492886E+00 -0.4127266E+00
  0.2938622E+00 -0.4112944E+00
 -0.3567422E+00 -0.4104690E+00
 -0.6411877E-01 -0.4102907E+00
  0.1622808E+00 -0.4100052E+00
 -0.8198018E-01 -0.4072774E+00
  0.6727553E-01 -0.4036401E+00
 -0.3458154E+00 -0.4142506E+00
 -0.9964024E-01 -0.4091924E+00
  0.1560862E+00 -0.4145984E+00
  0.1214313E+00 -0.4111265E+00
 -0.1940486E+00 -0.4152752E+00
 -0.1413479E+00 -0.4107009E+00
  0.8170457E-01 -0.4037713E+00
  0.1417698E+00 -0.4101269E+00
 -0.3697420E+00 -0.4222253E+00
  0.1924111E+00 -0.4115179E+00
  0.2060948E+00 -0.4111679E+00
  0.2417163E+00 -0.4121852E+00
  0.2513880E+00 -0.4125068E+00
  0.2603786E+00 -0.4131207E+00
  0.2671890E+00 -0.4125853E+00
  0.2733449E+00 -0.4127723E+00
  0.2799128E+00 -0.4136219E+00
  0.2853170E+00 -0.4142623E+00
  0.2879668E+00 -0.4141418E+00
  0.2890075E+00 -0.4143916E+00
  0.2890029E+00 -0.4144814E+00
  0.2870263E+00 -0.4139015E+00
  0.2845500E+00 -0.4138480E+00
  0.2813574E+00 -0.4141539E+00
  0.2761330E+00 -0.4134731E+00
  0.2702583E+00 -0.4132295E+00
  0.2634867E+00 -0.4134274E+00
  0.2547348E+00 -0.4126310E+00
  0.2454779E+00 -0.4122871E+00
  0.2352707E+00 -0.4123863E+00
  0.2232858E+00 -0.4115292E+00
  0.2109836E+00 -0.4111387E+00
  0.1977344E+00 -0.4111990E+00
  0.1829696E+00 -0.4103619E+00
  0.1681048E+00 -0.4099600E+00
  0.1523245E+00 -0.4100149E+00
  0.1353935E+00 -0.4092194E+00
  0.1185506E+00 -0.4089271E+00
  0.1006899E+00 -0.4092168E+00
  0.8209851E-01 -0.4082191E+00
  0.6424542E-01 -0.4068643E+00
  0.4692912E-01 -0.4075437E+00
  0.2714564E-01 -0.4090160E+00
  0.6227456E-02 -0.4082931E+00
 -0.1351101E-01 -0.4081202E+00
 -0.3351404E-01 -0.4086361E+00
 -0.5302680E-01 -0.4082582E+00
 -0.7169975E-01 -0.4085994E+00
 -0.9051498E-01 -0.4091949E+00
 -0.1053575E+00 -0.4065528E+00
 -0.1202581E+00 -0.4072016E+00
 -0.1377549E+00 -0.4100485E+00
 -0.1542255E+00 -0.4088505E+00
 -0.1696354E+00 -0.4097684E+00
 -0.1863360E+00 -0.4111990E+00
 -0.2010431E+00 -0.4109764E+00
 -0.2142710E+00 -0.4113234E+00
 -0.2270824E+00 -0.4120321E+00
 -0.2381361E+00 -0.4119901E+00
 -0.2483257E+00 -0.4122016E+00
 -0.2585607E+00 -0.4132058E+00
 -0.2667147E+00 -0.4131247E+00
 -0.2733022E+00 -0.4136564E+00
 -0.2798164E+00 -0.4143519E+00
 -0.2851144E+00 -0.4145736E+00
 -0.2880479E+00 -0.4145389E+00
 -0.2885017E+00 -0.4138768E+00
 -0.2883968E+00 -0.4140232E+00
 -0.2877245E+00 -0.4144795E+00
 -0.2842996E+00 -0.4133758E+00
 -0.2803471E+00 -0.4139981E+00
 -0.2757513E+00 -0.4127710E+00
 -0.2699263E+00 -0.4132996E+00
 -0.2650228E+00 -0.4120040E+00
 -0.2598567E+00 -0.4132892E+00
 -0.2517956E+00 -0.4135859E+00
 -0.2413021E+00 -0.4128935E+00
 -0.2292523E+00 -0.4118598E+00
 -0.2170836E+00 -0.4115751E+00
 -0.2040433E+00 -0.4117517E+00
 -0.1893263E+00 -0.4115169E+00
 -0.1727980E+00 -0.4106866E+00
 -0.1565494E+00 -0.4077050E+00
 -0.1425990E+00 -0.4072034E+00
 -0.1293541E+00 -0.4100210E+00
 -0.1112003E+00 -0.4092405E+00
 -0.9392568E-01 -0.4077023E+00
  0.1761974E+00 -0.4111296E+00
  0.1588188E+00 -0.4093473E+00
  0.9230760E-01 -0.4117545E+00
 -0.4709519E-01 -0.4148030E+00
 -0.2573670E+00 -0.4183723E+00
 -0.3462538E+00 -0.4194188E+00
 -0.2983833E+00 -0.4246310E+00
 -0.9907051E-01 -0.4107905E+00
  0.1835696E+00 -0.4043666E+00
 -0.3624055E+00 -0.4189319E+00
  0.2005478E+00 -0.4134974E+00
  0.2116721E+00 -0.4177209E+00
 -0.2525919E+00 -0.4172059E+00
 -0.1940055E+00 -0.4153138E+00
  0.4114310E-01 -0.4152445E+00
  0.1263809E+00 -0.4154811E+00
  0.1974575E+00 -0.4161731E+00
  0.2584910E+00 -0.4171172E+00
  0.3086571E+00 -0.4181427E+00
  0.3459982E+00 -0.4190029E+00
  0.3678643E+00 -0.4193867E+00
  0.3721995E+00 -0.4192992E+00
  0.1152097E+00 -0.3956172E+00
  0.3435503E+00 -0.4279788E+00
  0.3073584E+00 -0.4186012E+00
  0.2607213E+00 -0.4158674E+00
 -0.3085184E+00 -0.4219874E+00
  0.2186469E+00 -0.4115623E+00
 -0.1239083E+00 -0.4142759E+00
  0.2310113E+00 -0.4123363E+00
  0.1677480E+00 -0.4111899E+00
  0.1869983E+00 -0.4137944E+00
 -0.7913604E-01 -0.4069715E+00
 -0.1067766E+00 -0.4066078E+00
  0.2081013E+00 -0.4132445E+00
  0.3584949E-01 -0.4301097E+00
  0.3157627E-01 -0.4049095E+00
 -0.3268738E+00 -0.4262219E+00
 -0.1666374E+00 -0.4216415E+00
  0.2790752E+00 -0.4145728E+00
  0.2210334E+00 -0.4098258E+00
  0.2586413E+00 -0.4109034E+00
  0.2681821E+00 -0.4114433E+00
  0.2898557E+00 -0.4110490E+00
  0.2996655E+00 -0.4136589E+00
  0.3096732E+00 -0.4147548E+00
  0.3113505E+00 -0.4129572E+00
  0.3101402E+00 -0.4141338E+00
  0.3107824E+00 -0.4156929E+00
  0.3059207E+00 -0.4126704E+00
  0.3033558E+00 -0.4128338E+00
  0.3015522E+00 -0.4157382E+00
  0.2941236E+00 -0.4122770E+00
  0.2883115E+00 -0.4120594E+00
  0.2825301E+00 -0.4150406E+00
  0.2712939E+00 -0.4114198E+00
  0.2621240E+00 -0.4111282E+00
  0.2523772E+00 -0.4140086E+00
  0.2377131E+00 -0.4103424E+00
  0.2255252E+00 -0.4100183E+00
  0.2121761E+00 -0.4128431E+00
  0.1946512E+00 -0.4091785E+00
  0.1798907E+00 -0.4088715E+00
  0.1634440E+00 -0.4116530E+00
  0.1437389E+00 -0.4080306E+00
  0.1269223E+00 -0.4078433E+00
  0.1067315E+00 -0.4114429E+00
  0.8395826E-01 -0.4080493E+00
  0.5667589E-01 -0.4087899E+00
  0.4971693E-02 -0.4067937E+00
 -0.1534614E-01 -0.4068925E+00
 -0.3882398E-01 -0.4104664E+00
 -0.6027825E-01 -0.4068581E+00
 -0.7920132E-01 -0.4075713E+00
 -0.1066109E+00 -0.4154709E+00
 -0.1444103E+00 -0.4172306E+00
 -0.1771450E+00 -0.4130944E+00
 -0.2008420E+00 -0.4135194E+00
 -0.2161099E+00 -0.4096137E+00
 -0.2290436E+00 -0.4102939E+00
 -0.2442082E+00 -0.4133695E+00
 -0.2546861E+00 -0.4109393E+00
 -0.2647237E+00 -0.4103112E+00
 -0.2795279E+00 -0.4150635E+00
 -0.2882209E+00 -0.4117191E+00
 -0.2925728E+00 -0.4127432E+00
 -0.3009389E+00 -0.4155191E+00
 -0.3078355E+00 -0.4150792E+00
 -0.3106177E+00 -0.4156582E+00
 -0.3072597E+00 -0.4122819E+00
 -0.3065200E+00 -0.4128776E+00
 -0.3072095E+00 -0.4170951E+00
  0.6173189E-01 -0.4107360E+00
 -0.2843835E+00 -0.4132634E+00
 -0.2813389E+00 -0.4150209E+00
 -0.2713489E+00 -0.4155165E+00
 -0.2581517E+00 -0.4133422E+00
 -0.2435635E+00 -0.4103501E+00
 -0.2312081E+00 -0.4105024E+00
 -0.2175810E+00 -0.4127263E+00
 -0.2006461E+00 -0.4119701E+00
 -0.1786306E+00 -0.4131881E+00
 -0.3622070E+00 -0.4083472E+00
  0.2334505E+00 -0.4106707E+00
 -0.4267998E-01 -0.4248471E+00
 -0.2287643E+00 -0.4264394E+00
 -0.3008938E+00 -0.4280393E+00
 -0.2596057E+00 -0.4212097E+00
  0.2329698E+00 -0.4192160E+00
 -0.1127712E+00 -0.4200637E+00
  0.1125204E+00 -0.4257665E+00
 -0.1363543E+00 -0.4100813E+00
  0.2485492E+00 -0.4140495E+00
  0.1738538E+00 -0.4247043E+00
  0.2258310E+00 -0.4258883E+00
  0.2687512E+00 -0.4269720E+00
  0.3008633E+00 -0.4279278E+00
  0.3210979E+00 -0.4276969E+00
  0.3328589E+00 -0.4223535E+00
 -0.5240987E-01 -0.3994388E+00
  0.2962018E+00 -0.4312776E+00
  0.2668189E+00 -0.4267645E+00
 -0.2737516E-01 -0.4089701E+00
 -0.3270885E+00 -0.4211595E+00
  0.2840684E+00 -0.4106176E+00
 -0.3724996E+00 -0.4237965E+00
 -0.3340577E+00 -0.4207529E+00
 -0.2995104E+00 -0.4200713E+00
 -0.3314458E+00 -0.4187358E+00
 -0.2212178E+00 -0.4231855E+00
 -0.2710285E+00 -0.4267120E+00
  0.7531404E-01 -0.4084404E+00
 -0.1927946E+00 -0.4171048E+00
 -0.1993916E+00 -0.4068010E+00
 -0.1493994E+00 -0.4111950E+00
 -0.9336611E-01 -0.4121111E+00
 -0.9461375E-01 -0.4225285E+00
 -0.2586934E+00 -0.3948998E+00
 -0.4226866E+00 -0.4053323E+00
  0.3389486E+00 -0.4158249E+00
  0.3628471E+00 -0.4227813E+00
  0.1684840E+00 -0.4060744E+00
 -0.3044163E+00 -0.4144872E+00
 -0.1185082E+00 -0.4130827E+00
 -0.3378570E+00 -0.4229977E+00
 -0.3234942E+00 -0.4134741E+00
 -0.1636733E+00 -0.4053341E+00
 -0.3007634E+00 -0.4100169E+00
 -0.5766565E-02 -0.4067550E+00
 -0.3028841E+00 -0.4229033E+00
 -0.1284452E+00 -0.4149082E+00
 -0.2743464E+00 -0.4120473E+00
  0.2984486E+00 -0.4112869E+00
 -0.7726321E-01 -0.4075664E+00
  0.2795030E+00 -0.4115686E+00
  0.1435363E+00 -0.4080058E+00
 -0.2365563E+00 -0.4110821E+00
  0.2416387E+00 -0.4113993E+00
 -0.2509301E+00 -0.4105429E+00
  0.1988381E+00 -0.4092492E+00
  0.2458479E+00 -0.4104012E+00
  0.2830037E+00 -0.4114917E+00
  0.3088633E+00 -0.4124647E+00
  0.3228707E+00 -0.4135284E+00
  0.3301238E+00 -0.4192384E+00
 -0.3083854E+00 -0.4142069E+00
 -0.1573765E+00 -0.4098242E+00
 -0.1207497E+00 -0.4094284E+00
 -0.3197688E+00 -0.4101843E+00
  0.3127519E+00 -0.4124720E+00
 -0.2899809E+00 -0.4067407E+00
 -0.1871294E+00 -0.4055867E+00
 -0.1232153E+00 -0.8854028E-01
 -0.1033618E+00  0.4470506E-02
 -0.9705873E-01  0.2992192E-01
 -0.9392145E-01  0.3784707E-01
 -0.9197886E-01  0.3892096E-01
 -0.9055067E-01  0.3712572E-01
 -0.8939946E-01  0.3421253E-01
 -0.8839206E-01  0.3096234E-01
 -0.8747053E-01  0.2776791E-01
 -0.8660156E-01  0.2481352E-01
 -0.8575600E-01  0.2216885E-01
 -0.8491879E-01  0.1984528E-01
 -0.8407871E-01  0.1782678E-01
 -0.8323495E-01  0.1607958E-01
 -0.8239476E-01  0.1458569E-01
 -0.8158142E-01  0.1330955E-01
 -0.8086669E-01  0.1223359E-01
 -0.8039483E-01  0.1135062E-01
 -0.8048987E-01  0.1067229E-01
 -0.8192407E-01  0.1026073E-01
 -0.2421871E+00  0.9764303E-02
 -0.3918585E+00  0.8854393E-02
 -0.5244077E+00  0.7688885E-02
 -0.6340333E+00  0.6473370E-02
 -0.7159520E+00  0.5412684E-02
 -0.7665702E+00  0.4690608E-02
 -0.7836737E+00  0.4422572E-02
 -0.7665349E+00  0.4670540E-02
 -0.7159062E+00  0.5388819E-02
 -0.6339934E+00  0.6448753E-02
 -0.5243705E+00  0.7665540E-02
 -0.3918227E+00  0.8828572E-02
 -0.2421506E+00  0.9736753E-02
 -0.8189324E-01  0.1023299E-01
  0.8194494E-01  0.1023132E-01
  0.2422012E+00  0.9731897E-02
  0.3918709E+00  0.8820664E-02
  0.5244124E+00  0.7655224E-02
  0.6340341E+00  0.6437044E-02
  0.7159445E+00  0.5376732E-02
  0.7665665E+00  0.4657822E-02
  0.7836885E+00  0.4404840E-02
  0.7665591E+00  0.4661763E-02
  0.7159316E+00  0.5384466E-02
  0.6340146E+00  0.6448453E-02
  0.5243894E+00  0.7670306E-02
  0.3918453E+00  0.8839044E-02
  0.2421742E+00  0.9752963E-02
  0.8191738E-01  0.1025439E-01
  0.8047971E-01  0.1066609E-01
  0.8038370E-01  0.1134452E-01
  0.8085375E-01  0.1222714E-01
  0.8156556E-01  0.1330237E-01
  0.8237360E-01  0.1457907E-01
  0.8321140E-01  0.1607583E-01
  0.8405166E-01  0.1781880E-01
  0.8488649E-01  0.1983664E-01
  0.8572353E-01  0.2215872E-01
  0.8657272E-01  0.2480178E-01
  0.8744626E-01  0.2775400E-01
  0.8836722E-01  0.3094541E-01
  0.8936991E-01  0.3419117E-01
  0.9051517E-01  0.3709687E-01
  0.9191668E-01  0.3889150E-01
  0.9382353E-01  0.3779179E-01
  0.9689356E-01  0.2983713E-01
  0.1030654E+00  0.4371888E-02
  0.1227642E+00 -0.8845535E-01
  0.3630708E+00 -0.8933958E-01
  0.5877517E+00 -0.9088597E-01
  0.7869385E+00 -0.9277491E-01
  0.9516876E+00 -0.9474300E-01
  0.1074667E+01 -0.9644358E-01
  0.1150573E+01 -0.9758908E-01
  0.1176233E+01 -0.9798411E-01
  0.1150557E+01 -0.9757025E-01
  0.1074628E+01 -0.9644326E-01
  0.9516906E+00 -0.9477817E-01
  0.7871372E+00 -0.9284978E-01
  0.5881481E+00 -0.9101329E-01
  0.3634666E+00 -0.8959269E-01
  0.1229151E+00 -0.8880864E-01
 -0.1230157E+00 -0.8880232E-01
 -0.3635969E+00 -0.8956717E-01
 -0.5882991E+00 -0.9099042E-01
 -0.7872792E+00 -0.9283161E-01
 -0.9518223E+00 -0.9472699E-01
 -0.1074801E+01 -0.9637981E-01
 -0.1150925E+01 -0.9747505E-01
 -0.1176815E+01 -0.9786015E-01
 -0.1151214E+01 -0.9743851E-01
 -0.1075174E+01 -0.9624036E-01
 -0.9519528E+00 -0.9445966E-01
 -0.7867796E+00 -0.9239218E-01
 -0.5868137E+00 -0.9030555E-01
 -0.3626625E+00 -0.8911724E-01
 -0.2775730E+00  0.3727503E-01
 -0.2718479E+00  0.3837228E-01
 -0.2676743E+00  0.3658713E-01
 -0.2642815E+00  0.3366894E-01
 -0.2613097E+00  0.3042397E-01
 -0.2585886E+00  0.2723441E-01
 -0.2560149E+00  0.2428430E-01
 -0.2535124E+00  0.2164421E-01
 -0.2510346E+00  0.1932379E-01
 -0.2485785E+00  0.1729459E-01
 -0.2461383E+00  0.1554995E-01
 -0.2436716E+00  0.1407643E-01
 -0.2412480E+00  0.1281391E-01
 -0.2391029E+00  0.1174136E-01
 -0.2376847E+00  0.1085716E-01
 -0.2379473E+00  0.1017862E-01
 -0.3850001E+00  0.9270311E-02
 -0.5152343E+00  0.8117522E-02
 -0.6230005E+00  0.6933678E-02
 -0.7035145E+00  0.5868427E-02
 -0.7532232E+00  0.5136922E-02
 -0.7698781E+00  0.4819291E-02
 -0.7529859E+00  0.5058064E-02
 -0.7032549E+00  0.5781743E-02
 -0.6228084E+00  0.6852917E-02
 -0.5151306E+00  0.8075347E-02
 -0.3849228E+00  0.9239512E-02
 -0.2378774E+00  0.1014700E-01
 -0.8043502E-01  0.1064248E-01
  0.8052600E-01  0.1064077E-01
  0.2379670E+00  0.1014208E-01
  0.3850072E+00  0.9232679E-02
  0.5152189E+00  0.8069625E-02
  0.6229125E+00  0.6853782E-02
  0.7033814E+00  0.5795659E-02
  0.7531099E+00  0.5078301E-02
  0.7699258E+00  0.4825908E-02
  0.7530947E+00  0.5082410E-02
  0.7033532E+00  0.5804064E-02
  0.6228747E+00  0.6866573E-02
  0.5151726E+00  0.8086337E-02
  0.3849581E+00  0.9253095E-02
  0.2379169E+00  0.1016574E-01
  0.2376318E+00  0.1083920E-01
  0.2390189E+00  0.1171630E-01
  0.2411224E+00  0.1278593E-01
  0.2435127E+00  0.1405719E-01
  0.2459950E+00  0.1554855E-01
  0.2484843E+00  0.1728657E-01
  0.2509608E+00  0.1929885E-01
  0.2534375E+00  0.2161522E-01
  0.2559436E+00  0.2425122E-01
  0.2585247E+00  0.2719531E-01
  0.2612482E+00  0.3037650E-01
  0.2642164E+00  0.3361005E-01
  0.2676092E+00  0.3650396E-01
  0.2717659E+00  0.3827328E-01
  0.2774525E+00  0.3715368E-01
  0.2865798E+00  0.2916146E-01
  0.3048902E+00  0.3650778E-02
  0.4934166E+00  0.2393395E-02
  0.6604078E+00  0.7938363E-03
  0.7985536E+00 -0.8496804E-03
  0.9017432E+00 -0.2274117E-02
  0.9654776E+00 -0.3246991E-02
  0.9870118E+00 -0.3579066E-02
  0.9654493E+00 -0.3239742E-02
  0.9017157E+00 -0.2281391E-02
  0.7985874E+00 -0.8873335E-03
  0.6605335E+00  0.7332669E-03
  0.4935965E+00  0.2285381E-02
  0.3050772E+00  0.3483661E-02
  0.1032178E+00  0.4137357E-02
 -0.1031458E+00  0.4151752E-02
 -0.3050140E+00  0.3500850E-02
 -0.4935526E+00  0.2305525E-02
 -0.6605103E+00  0.7616287E-03
 -0.7986084E+00 -0.8392874E-03
 -0.9018117E+00 -0.2230127E-02
 -0.9656221E+00 -0.3161507E-02
 -0.9872752E+00 -0.3471094E-02
 -0.9657964E+00 -0.3110786E-02
 -0.9020877E+00 -0.2126711E-02
 -0.7988932E+00 -0.6344887E-03
 -0.6607392E+00  0.1047066E-02
 -0.4936720E+00  0.2675091E-02
 -0.3051860E+00  0.3883180E-02
 -0.2867562E+00  0.2933639E-01
 -0.4398506E+00  0.3731659E-01
 -0.4227963E+00  0.2942431E-01
 -0.4183967E+00  0.2624855E-01
 -0.4142196E+00  0.2330945E-01
 -0.4101658E+00  0.2067791E-01
 -0.4061850E+00  0.1834400E-01
 -0.4023551E+00  0.1629936E-01
 -0.3985126E+00  0.1459138E-01
 -0.3945890E+00  0.1312117E-01
 -0.3906263E+00  0.1191253E-01
 -0.3870190E+00  0.1086023E-01
 -0.3846117E+00  0.9966165E-02
 -0.5148138E+00  0.8834223E-02
 -0.7030556E+00  0.6504010E-02
 -0.6226780E+00  0.7650570E-02
 -0.7525826E+00  0.5765710E-02
 -0.7688917E+00  0.5423044E-02
 -0.7518495E+00  0.5648575E-02
 -0.7021677E+00  0.6375103E-02
 -0.6219255E+00  0.7474207E-02
 -0.5144430E+00  0.8719147E-02
 -0.3844258E+00  0.9898664E-02
 -0.2375736E+00  0.1081624E-01
 -0.8032264E-01  0.1131677E-01
  0.8044668E-01  0.1131534E-01
  0.2376984E+00  0.1081282E-01
  0.3845617E+00  0.9896059E-02
  0.5146162E+00  0.8723525E-02
  0.6221793E+00  0.7498072E-02
  0.7025473E+00  0.6431493E-02
  0.7522141E+00  0.5708233E-02
  0.7690079E+00  0.5453866E-02
  0.7521955E+00  0.5713017E-02
  0.7025118E+00  0.6440950E-02
  0.6221288E+00  0.7512372E-02
  0.5145575E+00  0.8742615E-02
  0.3844969E+00  0.9919521E-02
  0.3867409E+00  0.1078637E-01
  0.3940146E+00  0.1310817E-01
  0.3901442E+00  0.1184632E-01
  0.3980304E+00  0.1459144E-01
  0.4020630E+00  0.1632087E-01
  0.4060738E+00  0.1832424E-01
  0.4100811E+00  0.2063087E-01
  0.4141354E+00  0.2325604E-01
  0.4183112E+00  0.2618686E-01
  0.4227173E+00  0.2935301E-01
  0.4275225E+00  0.3256782E-01
  0.4330215E+00  0.3543371E-01
  0.4397391E+00  0.3717864E-01
  0.4489453E+00  0.3602903E-01
  0.4637473E+00  0.2799020E-01
  0.6206517E+00  0.2650804E-01
  0.8474019E+00  0.2364956E-01
  0.7504303E+00  0.2498311E-01
  0.9073253E+00  0.2273874E-01
  0.9275872E+00  0.2242488E-01
  0.9073330E+00  0.2273492E-01
  0.8474305E+00  0.2363092E-01
  0.7505058E+00  0.2494166E-01
  0.6207587E+00  0.2645753E-01
  0.4638835E+00  0.2791882E-01
  0.2867307E+00  0.2905261E-01
  0.9704039E-01  0.2965808E-01
 -0.9688900E-01  0.2965664E-01
 -0.2865887E+00  0.2904772E-01
 -0.4637597E+00  0.2793173E-01
 -0.6206667E+00  0.2650285E-01
 -0.7504526E+00  0.2499441E-01
 -0.8474395E+00  0.2370762E-01
 -0.9074076E+00  0.2282760E-01
 -0.9277324E+00  0.2253187E-01
 -0.9075176E+00  0.2287180E-01
 -0.8476245E+00  0.2379375E-01
 -0.7506613E+00  0.2515657E-01
 -0.6208720E+00  0.2671776E-01
 -0.4639421E+00  0.2819170E-01
 -0.4330962E+00  0.3555942E-01
 -0.4276026E+00  0.3265467E-01
 -0.4490799E+00  0.3620246E-01
 -0.5542477E+00  0.2206129E-01
 -0.5598618E+00  0.2498631E-01
 -0.5435838E+00  0.1709552E-01
 -0.5385284E+00  0.1509256E-01
 -0.5335449E+00  0.1334294E-01
 -0.5284845E+00  0.1187139E-01
 -0.5232563E+00  0.1069587E-01
 -0.5182686E+00  0.9727346E-02
 -0.7734083E+00  0.6347079E-02
 -0.7558428E+00  0.6433031E-02
 -0.7076026E+00  0.7284563E-02
 -0.7572365E+00  0.6555623E-02
 -0.6268970E+00  0.8405947E-02
 -0.7059656E+00  0.7252066E-02
 -0.6253333E+00  0.8315717E-02
 -0.5173351E+00  0.9569439E-02
 -0.3866174E+00  0.1076147E-01
 -0.2389329E+00  0.1168924E-01
 -0.8077407E-01  0.1219466E-01
  0.8092933E-01  0.1219303E-01
  0.2390961E+00  0.1168555E-01
  0.3868140E+00  0.1075975E-01
  0.5176250E+00  0.9575765E-02
  0.6258128E+00  0.8338019E-02
  0.7066471E+00  0.7260615E-02
  0.7566005E+00  0.6530384E-02
  0.7734894E+00  0.6274007E-02
  0.7565819E+00  0.6536091E-02
  0.7066115E+00  0.7271892E-02
  0.6257612E+00  0.8354484E-02
  0.5175624E+00  0.9597871E-02
  0.5380656E+00  0.1508764E-01
  0.5434386E+00  0.1708033E-01
  0.5272952E+00  0.1189594E-01
  0.5326691E+00  0.1336833E-01
  0.5221168E+00  0.1064526E-01
  0.5488033E+00  0.1937477E-01
  0.5542301E+00  0.2198691E-01
  0.5598171E+00  0.2490217E-01
  0.5657106E+00  0.2805045E-01
  0.5721388E+00  0.3124684E-01
  0.5795000E+00  0.3408941E-01
  0.5884647E+00  0.3583768E-01
  0.6008244E+00  0.3462091E-01
  0.8979306E+00  0.3071353E-01
  0.8783208E+00  0.3102328E-01
  0.8203106E+00  0.3187613E-01
  0.8783132E+00  0.3101405E-01
  0.7264468E+00  0.3315477E-01
  0.8203416E+00  0.3187603E-01
  0.7265119E+00  0.3313754E-01
  0.6009238E+00  0.3459660E-01
  0.4490664E+00  0.3598652E-01
  0.2775816E+00  0.3708267E-01
  0.9395936E-01  0.3767061E-01
 -0.9376989E-01  0.3767319E-01
 -0.2773995E+00  0.3708761E-01
 -0.4489050E+00  0.3601056E-01
 -0.6007900E+00  0.3463542E-01
 -0.7264197E+00  0.3320333E-01
 -0.8203112E+00  0.3194893E-01
 -0.8783630E+00  0.3109525E-01
 -0.8980287E+00  0.3080636E-01
 -0.8784418E+00  0.3113309E-01
 -0.8204604E+00  0.3201684E-01
 -0.7266074E+00  0.3330724E-01
 -0.6009786E+00  0.3479584E-01
 -0.5795753E+00  0.3423330E-01
 -0.5722189E+00  0.3134884E-01
 -0.5488289E+00  0.1943722E-01
 -0.5886321E+00  0.3593616E-01
 -0.5657724E+00  0.2814136E-01
 -0.6568387E+00  0.1588189E-01
 -0.6506312E+00  0.1383579E-01
 -0.6327365E+00  0.9349865E-02
 -0.7121161E+00  0.8351774E-02
 -0.6307571E+00  0.9399610E-02
 -0.7625123E+00  0.7704437E-02
 -0.7802371E+00  0.7315848E-02
 -0.7138228E+00  0.8166235E-02
 -0.7638383E+00  0.7509141E-02
  0.6768438E+00  0.2356261E-01
 -0.3899999E+00  0.1183797E-01
 -0.2410147E+00  0.1275779E-01
 -0.8147155E-01  0.1326530E-01
  0.8165018E-01  0.1326286E-01
  0.2412049E+00  0.1275034E-01
  0.3902187E+00  0.1181571E-01
  0.5221761E+00  0.1062030E-01
  0.6313111E+00  0.9370502E-02
  0.7128524E+00  0.8282997E-02
  0.7632431E+00  0.7546264E-02
  0.7802835E+00  0.7288022E-02
  0.7632296E+00  0.7553305E-02
  0.7128248E+00  0.8296665E-02
  0.6312660E+00  0.9390373E-02
  0.6635239E+00  0.1806339E-01
  0.6700860E+00  0.2066242E-01
  0.6570332E+00  0.1578064E-01
  0.6505445E+00  0.1379844E-01
  0.6375253E+00  0.1062886E-01
  0.6440213E+00  0.1208999E-01
  0.5885476E+00  0.3581612E-01
  0.6839666E+00  0.2669640E-01
  0.6917388E+00  0.2987081E-01
  0.7006385E+00  0.3269409E-01
  0.7115038E+00  0.3439918E-01
  0.8034686E+00  0.3313669E-01
  0.7115480E+00  0.3439889E-01
  0.8602362E+00  0.3232105E-01
  0.8794557E+00  0.3201359E-01
  0.8034225E+00  0.3316436E-01
  0.8602372E+00  0.3231616E-01
  0.4398254E+00  0.3716982E-01
  0.2718748E+00  0.3822318E-01
  0.9203803E-01  0.3879850E-01
 -0.9182966E-01  0.3880146E-01
 -0.2716778E+00  0.3822145E-01
 -0.4396361E+00  0.3718944E-01
 -0.5884018E+00  0.3583668E-01
 -0.7114464E+00  0.3443882E-01
 -0.8033907E+00  0.3322927E-01
 -0.8602193E+00  0.3242255E-01
 -0.8794916E+00  0.3212643E-01
 -0.8603179E+00  0.3243357E-01
 -0.8035333E+00  0.3328945E-01
 -0.7116195E+00  0.3453856E-01
 -0.6839945E+00  0.2679506E-01
 -0.6632664E+00  0.1816988E-01
 -0.6917983E+00  0.2997550E-01
 -0.5218519E+00  0.1065015E-01
 -0.7007278E+00  0.3281542E-01
 -0.6767985E+00  0.2367286E-01
 -0.6387358E+00  0.1051910E-01
 -0.6446312E+00  0.1208194E-01
 -0.6699311E+00  0.2077135E-01
 -0.7412885E+00  0.1481368E-01
 -0.7340950E+00  0.1274552E-01
 -0.7709677E+00  0.8686644E-02
 -0.7196128E+00  0.9623176E-02
 -0.6373420E+00  0.1073606E-01
 -0.7204786E+00  0.9510305E-02
 -0.7705266E+00  0.8887069E-02
 -0.7879502E+00  0.8536633E-02
  0.7811006E+00  0.2867548E-01
 -0.3939311E+00  0.1310930E-01
  0.7419019E+00  0.1464895E-01
 -0.8227498E-01  0.1453935E-01
 -0.2434149E+00  0.1403216E-01
  0.2435972E+00  0.1401619E-01
  0.3940838E+00  0.1307324E-01
  0.5273425E+00  0.1186707E-01
  0.6375533E+00  0.1060635E-01
  0.7198970E+00  0.9510127E-02
  0.7707887E+00  0.8767559E-02
  0.7880035E+00  0.8507554E-02
  0.7707863E+00  0.8775188E-02
  0.7198873E+00  0.9525417E-02
  0.7272190E+00  0.1097671E-01
  0.5795607E+00  0.3404324E-01
  0.7566375E+00  0.1951090E-01
  0.7492278E+00  0.1692058E-01
  0.7345762E+00  0.1267582E-01
  0.2677251E+00  0.3641817E-01
  0.7911510E+00  0.3148186E-01
  0.8470953E+00  0.3063486E-01
  0.7723149E+00  0.2551966E-01
  0.8470872E+00  0.3065497E-01
  0.9063768E-01  0.3698622E-01
  0.7006763E+00  0.3265705E-01
  0.7911717E+00  0.3145128E-01
  0.8660151E+00  0.3035073E-01
  0.4331115E+00  0.3537843E-01
 -0.9041341E-01  0.3698410E-01
 -0.2675140E+00  0.3642068E-01
 -0.4329212E+00  0.3539420E-01
 -0.5793995E+00  0.3408884E-01
 -0.7005587E+00  0.3271809E-01
 -0.7910988E+00  0.3152737E-01
 -0.8470836E+00  0.3071611E-01
 -0.8660435E+00  0.3043694E-01
 -0.8471600E+00  0.3074044E-01
 -0.7912390E+00  0.3158183E-01
 -0.7641270E+00  0.2250781E-01
 -0.7487390E+00  0.1705360E-01
 -0.5271977E+00  0.1193348E-01
 -0.7811337E+00  0.2878093E-01
 -0.7272294E+00  0.1095814E-01
 -0.7563338E+00  0.1963356E-01
 -0.7722876E+00  0.2562567E-01
  0.8246432E-01  0.1453369E-01
  0.7642707E+00  0.2239725E-01
 -0.7860657E+00  0.1205660E-01
 -0.7960012E+00  0.1002772E-01
 -0.6443104E+00  0.1212137E-01
  0.7943372E+00  0.1387865E-01
  0.8330609E-01  0.1602527E-01
 -0.3980646E+00  0.1458335E-01
  0.8363138E+00  0.2786531E-01
  0.5327027E+00  0.1333618E-01
  0.7864972E+00  0.1191237E-01
  0.8182779E+00  0.2160928E-01
 -0.2459373E+00  0.1552035E-01
  0.3980910E+00  0.1455185E-01
  0.7272087E+00  0.1096099E-01
  0.7786158E+00  0.1021216E-01
  0.7960140E+00  0.9950573E-02
  0.7786285E+00  0.1022030E-01
 -0.8925539E-01  0.3409744E-01
  0.8101013E+00  0.1872733E-01
  0.7810714E+00  0.2866354E-01
  0.5721598E+00  0.3121221E-01
  0.8021653E+00  0.1614603E-01
 -0.4273988E+00  0.3253694E-01
  0.8948625E-01  0.3409323E-01
  0.4275854E+00  0.3251519E-01
 -0.2640977E+00  0.3354623E-01
  0.8362900E+00  0.2786016E-01
  0.6917276E+00  0.2984947E-01
  0.8269026E+00  0.2471987E-01
  0.6440243E+00  0.1206532E-01
  0.2460754E+00  0.1550245E-01
 -0.5720153E+00  0.3124284E-01
 -0.6916347E+00  0.2989089E-01
 -0.7810338E+00  0.2871497E-01
 -0.8362958E+00  0.2792462E-01
 -0.8550013E+00  0.2765776E-01
 -0.8363371E+00  0.2796085E-01
 -0.8268644E+00  0.2481928E-01
 -0.8018082E+00  0.1624331E-01
 -0.8098647E+00  0.1882633E-01
 -0.7938938E+00  0.1397759E-01
 -0.8312023E-01  0.1603084E-01
  0.2643144E+00  0.3353361E-01
 -0.7783601E+00  0.1024496E-01
 -0.7274607E+00  0.1100791E-01
 -0.8181502E+00  0.2170930E-01
  0.8549776E+00  0.2757812E-01
 -0.5328545E+00  0.1339365E-01
  0.8414786E-01  0.1776249E-01
 -0.6838883E+00  0.2670963E-01
 -0.5656064E+00  0.2804304E-01
 -0.7722972E+00  0.2554675E-01
  0.5380757E+00  0.1505215E-01
 -0.8825103E-01  0.3086448E-01
  0.8365224E+00  0.2132731E-01
 -0.2484590E+00  0.1724990E-01
  0.4021086E+00  0.1627780E-01
 -0.8040878E+00  0.1171155E-01
  0.7345409E+00  0.1265842E-01
  0.7864731E+00  0.1190448E-01
  0.5657008E+00  0.2801832E-01
  0.8281652E+00  0.1844828E-01
 -0.4226001E+00  0.2932055E-01
  0.4227589E+00  0.2930396E-01
  0.7722583E+00  0.2550480E-01
 -0.2611291E+00  0.3031864E-01
  0.8200530E+00  0.1587060E-01
  0.2613341E+00  0.3030816E-01
  0.8268631E+00  0.2471212E-01
 -0.7869337E+00  0.1194373E-01
  0.8040525E+00  0.1163974E-01
  0.8847682E-01  0.3086025E-01
  0.6839198E+00  0.2667478E-01
  0.8453505E+00  0.2443147E-01
 -0.8269174E+00  0.2477135E-01
 -0.8453507E+00  0.2452037E-01
 -0.8396673E-01  0.1776630E-01
 -0.8281480E+00  0.1852805E-01
 -0.8121017E+00  0.1365952E-01
 -0.8200569E+00  0.1590339E-01
 -0.6510494E+00  0.1377807E-01
  0.8120487E+00  0.1360246E-01
 -0.5384132E+00  0.1506806E-01
 -0.4021768E+00  0.1629447E-01
  0.6505203E+00  0.1377208E-01
 -0.8365144E+00  0.2140395E-01
 -0.7351012E+00  0.1271318E-01
  0.2485636E+00  0.1723614E-01
 -0.8183661E+00  0.2166190E-01
  0.4183386E+00  0.2613951E-01
 -0.7424468E+00  0.1463008E-01
  0.5434227E+00  0.1704375E-01
  0.8100513E+00  0.1872035E-01
  0.6569841E+00  0.1575380E-01
 -0.4062031E+00  0.1828860E-01
 -0.5437804E+00  0.1704382E-01
  0.7418470E+00  0.1463181E-01
  0.7942989E+00  0.1387044E-01
  0.5597890E+00  0.2486865E-01
 -0.6768839E+00  0.2356060E-01
  0.2585998E+00  0.2713242E-01
 -0.4182423E+00  0.2615124E-01
 -0.8481086E-01  0.1978108E-01
  0.7641905E+00  0.2238651E-01
 -0.2584316E+00  0.2714175E-01
  0.6767734E+00  0.2354092E-01
  0.8182240E+00  0.2160276E-01
  0.2510357E+00  0.1924628E-01
 -0.7947555E+00  0.1389031E-01
  0.8755046E-01  0.2767662E-01
 -0.6575629E+00  0.1577689E-01
 -0.5597989E+00  0.2488506E-01
  0.4061072E+00  0.1827915E-01
  0.8498286E-01  0.1977605E-01
  0.8021232E+00  0.1613793E-01
 -0.8734131E-01  0.2767990E-01
 -0.8025193E+00  0.1618205E-01
 -0.2509423E+00  0.1925053E-01
 -0.7643736E+00  0.2242395E-01
 -0.8103190E+00  0.1874373E-01
  0.4141592E+00  0.2320901E-01
 -0.5543469E+00  0.2196176E-01
 -0.7569059E+00  0.1952421E-01
  0.2535080E+00  0.2155949E-01
  0.6634524E+00  0.1803826E-01
 -0.4101697E+00  0.2058767E-01
 -0.7788379E+00  0.1032294E-01
 -0.6703066E+00  0.2065521E-01
  0.2560146E+00  0.2419230E-01
 -0.4141520E+00  0.2321687E-01
  0.7491547E+00  0.1690478E-01
 -0.7496468E+00  0.1693531E-01
 -0.2534160E+00  0.2156716E-01
 -0.2558914E+00  0.2419853E-01
  0.7565557E+00  0.1949520E-01
  0.5487721E+00  0.1933922E-01
  0.8666635E-01  0.2473132E-01
 -0.8565202E-01  0.2209556E-01
  0.5541951E+00  0.2195158E-01
  0.6700125E+00  0.2063826E-01
 -0.8648883E-01  0.2473310E-01
  0.8581547E-01  0.2209607E-01
  0.4101034E+00  0.2058446E-01
 -0.6639320E+00  0.1803750E-01
 -0.5490517E+00  0.1934387E-01
 -0.1712756E-01  0.5677207E+00
  0.1249352E+00  0.6076236E+00
 -0.1605703E+00  0.5402305E+00
 -0.1210271E+00  0.5670578E+00
 -0.1757003E+00  0.5781134E+00
 -0.2094736E+00  0.5789145E+00
 -0.2421087E+00  0.5782828E+00
 -0.2736828E+00  0.5774803E+00
 -0.3040670E+00  0.5765678E+00
 -0.3331206E+00  0.5755929E+00
 -0.3607154E+00  0.5745760E+00
 -0.3867291E+00  0.5735403E+00
 -0.4110492E+00  0.5725003E+00
 -0.4335625E+00  0.5714807E+00
 -0.4541759E+00  0.5705119E+00
 -0.4728081E+00  0.5695938E+00
 -0.4893670E+00  0.5687436E+00
 -0.5037870E+00  0.5679882E+00
 -0.5159903E+00  0.5673287E+00
 -0.5259271E+00  0.5667732E+00
 -0.5335597E+00  0.5663137E+00
 -0.5387564E+00  0.5659348E+00
 -0.5402311E+00  0.5644523E+00
 -0.5276099E+00  0.5529490E+00
  0.8748387E-01  0.5676740E+00
 -0.5118292E+00  0.5533675E+00
  0.2218249E+00  0.6057625E+00
 -0.4762431E+00  0.5552878E+00
  0.1886806E+00  0.5661640E+00
 -0.4219424E+00  0.5580357E+00
  0.3098347E+00  0.6028925E+00
 -0.3510699E+00  0.5611237E+00
  0.2823394E+00  0.5635642E+00
 -0.2663714E+00  0.5640768E+00
  0.3856917E+00  0.5998935E+00
 -0.1711732E+00  0.5664020E+00
  0.3648891E+00  0.5605676E+00
 -0.6923122E-01  0.5677405E+00
  0.4464590E+00  0.5970290E+00
  0.3545756E-01  0.5679370E+00
  0.4331420E+00  0.5576144E+00
  0.1387802E+00  0.5669504E+00
  0.4897402E+00  0.5946655E+00
  0.2366543E+00  0.5649136E+00
  0.4844409E+00  0.5550165E+00
  0.3252285E+00  0.5621482E+00
  0.5138478E+00  0.5931796E+00
  0.4010375E+00  0.5590940E+00
  0.5167828E+00  0.5531740E+00
  0.4611149E+00  0.5562304E+00
  0.5178282E+00  0.5928757E+00
  0.5031218E+00  0.5539768E+00
  0.5288577E+00  0.5524743E+00
  0.5254228E+00  0.5526804E+00
  0.5015398E+00  0.5937748E+00
  0.5271544E+00  0.5525548E+00
  0.5202257E+00  0.5530002E+00
  0.5082296E+00  0.5536687E+00
  0.4656130E+00  0.5957133E+00
  0.4693907E+00  0.5557969E+00
  0.4912209E+00  0.5546464E+00
  0.4121734E+00  0.5585666E+00
  0.4114536E+00  0.5983874E+00
  0.3388241E+00  0.5615755E+00
  0.4429696E+00  0.5571505E+00
  0.2521895E+00  0.5645108E+00
  0.3411621E+00  0.6013969E+00
  0.1555884E+00  0.5668107E+00
  0.3773609E+00  0.5601252E+00
  0.5278618E-01  0.5678563E+00
  0.1786291E-01  0.5678974E+00
 -0.5158871E+00  0.5914297E+00
  0.2574765E+00  0.6042800E+00
 -0.5043009E+00  0.5298980E+00
  0.2969424E+00  0.5631360E+00
 -0.4609697E+00  0.5321324E+00
  0.1636723E+00  0.6065890E+00
 -0.3995236E+00  0.5350502E+00
  0.2048668E+00  0.5657001E+00
 -0.3223718E+00  0.5381672E+00
  0.6342815E-01  0.6079531E+00
 -0.2325257E+00  0.5409746E+00
  0.1047367E+00  0.5674237E+00
 -0.1335234E+00  0.5430175E+00
 -0.3929041E-01  0.6081614E+00
 -0.2925273E-01  0.5440014E+00
  0.5011744E-03  0.5680218E+00
  0.7619623E-01  0.5438159E+00
 -0.1404360E+00  0.6072106E+00
  0.1786759E+00  0.5424532E+00
 -0.1037208E+00  0.5674224E+00
  0.2741376E+00  0.5401301E+00
 -0.2360363E+00  0.6052221E+00
  0.3588309E+00  0.5372113E+00
 -0.2038451E+00  0.5657304E+00
  0.4294395E+00  0.5341668E+00
 -0.3223270E+00  0.6024810E+00
  0.4832129E+00  0.5314471E+00
 -0.2959307E+00  0.5631605E+00
  0.5180550E+00  0.5294588E+00
 -0.3959140E+00  0.5993981E+00
  0.5326003E+00  0.5285327E+00
 -0.3763646E+00  0.5600951E+00
  0.5262858E+00  0.5288110E+00
 -0.4539294E+00  0.5965067E+00
  0.4993357E+00  0.5302883E+00
 -0.4419873E+00  0.5570634E+00
  0.4528379E+00  0.5326750E+00
 -0.4941008E+00  0.5943008E+00
  0.3886077E+00  0.5355698E+00
 -0.4902408E+00  0.5545589E+00
  0.3091629E+00  0.5385725E+00
 -0.5148697E+00  0.5931484E+00
  0.2175806E+00  0.5413527E+00
 -0.5192463E+00  0.5530008E+00
  0.1173551E+00  0.5433105E+00
 -0.8666132E-01  0.5671615E+00
 -0.5279016E+00  0.5287992E+00
 -0.5200516E-01  0.5674508E+00
  0.0000000E+00  0.0000000E+00
  0.0000000E+00  0.0000000E+00
  0.0000000E+00  0.0000000E+00
  0.0000000E+00  0.0000000E+00
  0.0000000E+00  0.0000000E+00
  0.0000000E+00  0.0000000E+00
  0.0000000E+00  0.0000000E+00
  0.0000000E+00  0.0000000E+00
  0.0000000E+00  0.0000000E+00
  0.0000000E+00  0.0000000E+00
  0.0000000E+00  0.0000000E+00
  0.0000000E+00  0.0000000E+00
  0.0000000E+00  0.0000000E+00
  0.0000000E+00  0.0000000E+00
  0.0000000E+00  0.0000000E+00
  0.0000000E+00  0.0000000E+00
  0.0000000E+00  0.0000000E+00
  0.0000000E+00  0.0000000E+00
  0.0000000E+00  0.0000000E+00
  0.0000000E+00  0.0000000E+00
  0.0000000E+00  0.0000000E+00
  0.0000000E+00  0.0000000E+00
  0.0000000E+00  0.0000000E+00
  0.0000000E+00  0.0000000E+00
  0.0000000E+00  0.0000000E+00
  0.0000000E+00  0.0000000E+00
  0.0000000E+00  0.0000000E+00
  0.0000000E+00  0.0000000E+00
  0.0000000E+00  0.0000000E+00
  0.0000000E+00  0.0000000E+00
  0.0000000E+00  0.0000000E+00
  0.0000000E+00  0.0000000E+00
  0.0000000E+00  0.0000000E+00
  0.0000000E+00  0.0000000E+00
  0.0000000E+00  0.0000000E+00
  0.0000000E+00  0.0000000E+00
  0.0000000E+00  0.0000000E+00
  0.0000000E+00  0.0000000E+00
  0.0000000E+00  0.0000000E+00
  0.0000000E+00  0.0000000E+00
  0.0000000E+00  0.0000000E+00
  0.0000000E+00  0.0000000E+00
  0.0000000E+00  0.0000000E+00
  0.0000000E+00  0.0000000E+00
  0.0000000E+00  0.0000000E+00
  0.0000000E+00  0.0000000E+00
  0.0000000E+00  0.0000000E+00
  0.0000000E+00  0.0000000E+00
  0.0000000E+00  0.0000000E+00
  0.0000000E+00  0.0000000E+00
  0.0000000E+00  0.0000000E+00
  0.0000000E+00  0.0000000E+00
  0.0000000E+00  0.0000000E+00
  0.0000000E+00  0.0000000E+00
  0.0000000E+00  0.0000000E+00
  0.0000000E+00  0.0000000E+00
  0.0000000E+00  0.0000000E+00
  0.0000000E+00  0.0000000E+00
  0.0000000E+00  0.0000000E+00
  0.0000000E+00  0.0000000E+00
  0.0000000E+00  0.0000000E+00
  0.0000000E+00  0.0000000E+00
  0.0000000E+00  0.0000000E+00
  0.0000000E+00  0.0000000E+00
  0.0000000E+00  0.0000000E+00
  0.0000000E+00  0.0000000E+00
  0.0000000E+00  0.0000000E+00
  0.0000000E+00  0.0000000E+00
  0.0000000E+00  0.0000000E+00
  0.0000000E+00  0.0000000E+00
  0.0000000E+00  0.0000000E+00
  0.0000000E+00  0.0000000E+00
  0.0000000E+00  0.0000000E+00
  0.0000000E+00  0.0000000E+00
  0.0000000E+00  0.0000000E+00
  0.0000000E+00  0.0000000E+00
  0.0000000E+00  0.0000000E+00
  0.0000000E+00  0.0000000E+00
  0.0000000E+00  0.0000000E+00
  0.0000000E+00  0.0000000E+00
  0.0000000E+00  0.0000000E+00
  0.0000000E+00  0.0000000E+00
  0.0000000E+00  0.0000000E+00
  0.0000000E+00  0.0000000E+00
  0.0000000E+00  0.0000000E+00
  0.0000000E+00  0.0000000E+00
  0.0000000E+00  0.0000000E+00
  0.0000000E+00  0.0000000E+00
  0.0000000E+00  0.0000000E+00
  0.0000000E+00  0.0000000E+00
  0.0000000E+00  0.0000000E+00
  0.0000000E+00  0.0000000E+00
  0.0000000E+00  0.0000000E+00
  0.0000000E+00  0.0000000E+00
  0.0000000E+00  0.0000000E+00
  0.0000000E+00  0.0000000E+00
  0.0000000E+00  0.0000000E+00
  0.0000000E+00  0.0000000E+00
  0.0000000E+00  0.0000000E+00
  0.0000000E+00  0.0000000E+00
  0.0000000E+00  0.0000000E+00
  0.0000000E+00  0.0000000E+00
  0.0000000E+00  0.0000000E+00
  0.0000000E+00  0.0000000E+00
  0.0000000E+00  0.0000000E+00
  0.0000000E+00  0.0000000E+00
  0.0000000E+00  0.0000000E+00
  0.0000000E+00  0.0000000E+00
  0.0000000E+00  0.0000000E+00
  0.0000000E+00  0.0000000E+00
  0.0000000E+00  0.0000000E+00
  0.0000000E+00  0.0000000E+00
  0.0000000E+00  0.0000000E+00
  0.0000000E+00  0.0000000E+00
  0.0000000E+00  0.0000000E+00
  0.0000000E+00  0.0000000E+00
  0.0000000E+00  0.0000000E+00
  0.0000000E+00  0.0000000E+00
  0.0000000E+00  0.0000000E+00
  0.0000000E+00  0.0000000E+00
  0.0000000E+00  0.0000000E+00
  0.0000000E+00  0.0000000E+00
  0.0000000E+00  0.0000000E+00
  0.0000000E+00  0.0000000E+00
  0.0000000E+00  0.0000000E+00
  0.0000000E+00  0.0000000E+00
  0.0000000E+00  0.0000000E+00
  0.0000000E+00  0.0000000E+00
  0.0000000E+00  0.0000000E+00
  0.0000000E+00  0.0000000E+00
  0.0000000E+00  0.0000000E+00
  0.0000000E+00  0.0000000E+00
  0.0000000E+00  0.0000000E+00
  0.0000000E+00  0.0000000E+00
  0.0000000E+00  0.0000000E+00
  0.0000000E+00  0.0000000E+00
  0.0000000E+00  0.0000000E+00
  0.0000000E+00  0.0000000E+00
  0.0000000E+00  0.0000000E+00
  0.0000000E+00  0.0000000E+00
  0.0000000E+00  0.0000000E+00
  0.0000000E+00  0.0000000E+00
  0.0000000E+00  0.0000000E+00
  0.0000000E+00  0.0000000E+00
  0.0000000E+00  0.0000000E+00
  0.0000000E+00  0.0000000E+00
  0.0000000E+00  0.0000000E+00
  0.0000000E+00  0.0000000E+00
  0.0000000E+00  0.0000000E+00
  0.0000000E+00  0.0000000E+00
  0.0000000E+00  0.0000000E+00
  0.0000000E+00  0.0000000E+00
  0.0000000E+00  0.0000000E+00
  0.0000000E+00  0.0000000E+00
  0.0000000E+00  0.0000000E+00
  0.0000000E+00  0.0000000E+00
  0.0000000E+00  0.0000000E+00
  0.0000000E+00  0.0000000E+00
  0.0000000E+00  0.0000000E+00
  0.0000000E+00  0.0000000E+00
  0.0000000E+00  0.0000000E+00
  0.0000000E+00  0.0000000E+00
  0.0000000E+00  0.0000000E+00
  0.0000000E+00  0.0000000E+00
  0.0000000E+00  0.0000000E+00
  0.0000000E+00  0.0000000E+00
  0.0000000E+00  0.0000000E+00
  0.0000000E+00  0.0000000E+00
  0.0000000E+00  0.0000000E+00
  0.0000000E+00  0.0000000E+00
  0.0000000E+00  0.0000000E+00
  0.0000000E+00  0.0000000E+00
  0.0000000E+00  0.0000000E+00
  0.0000000E+00  0.0000000E+00
  0.0000000E+00  0.0000000E+00
  0.0000000E+00  0.0000000E+00
  0.0000000E+00  0.0000000E+00
  0.0000000E+00  0.0000000E+00
  0.0000000E+00  0.0000000E+00
  0.0000000E+00  0.0000000E+00
  0.0000000E+00  0.0000000E+00
  0.0000000E+00  0.0000000E+00
  0.0000000E+00  0.0000000E+00
  0.0000000E+00  0.0000000E+00
  0.0000000E+00  0.0000000E+00
  0.0000000E+00  0.0000000E+00
  0.0000000E+00  0.0000000E+00
  0.0000000E+00  0.0000000E+00
  0.0000000E+00  0.0000000E+00
  0.0000000E+00  0.0000000E+00
  0.0000000E+00  0.0000000E+00
  0.0000000E+00  0.0000000E+00
  0.0000000E+00  0.0000000E+00
  0.0000000E+00  0.0000000E+00
  0.0000000E+00  0.0000000E+00
  0.0000000E+00  0.0000000E+00
  0.0000000E+00  0.0000000E+00
  0.0000000E+00  0.0000000E+00
  0.0000000E+00  0.0000000E+00
  0.0000000E+00  0.0000000E+00
  0.0000000E+00  0.0000000E+00
  0.0000000E+00  0.0000000E+00
  0.0000000E+00  0.0000000E+00
  0.0000000E+00  0.0000000E+00
  0.0000000E+00  0.0000000E+00
  0.0000000E+00  0.0000000E+00
  0.0000000E+00  0.0000000E+00
  0.0000000E+00  0.0000000E+00
  0.0000000E+00  0.0000000E+00
  0.0000000E+00  0.0000000E+00
  0.0000000E+00  0.0000000E+00
  0.0000000E+00  0.0000000E+00
  0.0000000E+00  0.0000000E+00
  0.0000000E+00  0.0000000E+00
  0.0000000E+00  0.0000000E+00
  0.0000000E+00  0.0000000E+00
  0.0000000E+00  0.0000000E+00
  0.0000000E+00  0.0000000E+00
  0.0000000E+00  0.0000000E+00
  0.0000000E+00  0.0000000E+00
  0.0000000E+00  0.0000000E+00
  0.0000000E+00  0.0000000E+00
  0.0000000E+00  0.0000000E+00
  0.0000000E+00  0.0000000E+00
  0.0000000E+00  0.0000000E+00
  0.0000000E+00  0.0000000E+00
  0.0000000E+00  0.0000000E+00
  0.0000000E+00  0.0000000E+00
  0.0000000E+00  0.0000000E+00
  0.0000000E+00  0.0000000E+00
  0.0000000E+00  0.0000000E+00
  0.0000000E+00  0.0000000E+00
  0.0000000E+00  0.0000000E+00
  0.0000000E+00  0.0000000E+00
  0.0000000E+00  0.0000000E+00
  0.0000000E+00  0.0000000E+00
  0.0000000E+00  0.0000000E+00
  0.0000000E+00  0.0000000E+00
  0.0000000E+00  0.0000000E+00
  0.0000000E+00  0.0000000E+00
  0.0000000E+00  0.0000000E+00
  0.0000000E+00  0.0000000E+00
  0.0000000E+00  0.0000000E+00
  0.0000000E+00  0.0000000E+00
  0.0000000E+00  0.0000000E+00
  0.0000000E+00  0.0000000E+00
  0.0000000E+00  0.0000000E+00
  0.0000000E+00  0.0000000E+00
  0.0000000E+00  0.0000000E+00
  0.0000000E+00  0.0000000E+00
  0.0000000E+00  0.0000000E+00
  0.0000000E+00  0.0000000E+00
  0.0000000E+00  0.0000000E+00
  0.0000000E+00  0.0000000E+00
  0.0000000E+00  0.0000000E+00
  0.0000000E+00  0.0000000E+00
  0.0000000E+00  0.0000000E+00
  0.0000000E+00  0.0000000E+00
  0.0000000E+00  0.0000000E+00
  0.0000000E+00  0.0000000E+00
  0.0000000E+00  0.0000000E+00
  0.0000000E+00  0.0000000E+00
  0.0000000E+00  0.0000000E+00
  0.0000000E+00  0.0000000E+00
  0.0000000E+00  0.0000000E+00
  0.0000000E+00  0.0000000E+00
  0.0000000E+00  0.0000000E+00
  0.0000000E+00  0.0000000E+00
  0.0000000E+00  0.0000000E+00
  0.0000000E+00  0.0000000E+00
  0.0000000E+00  0.0000000E+00
  0.0000000E+00  0.0000000E+00
  0.0000000E+00  0.0000000E+00
  0.0000000E+00  0.0000000E+00
  0.0000000E+00  0.0000000E+00
  0.0000000E+00  0.0000000E+00
  0.0000000E+00  0.0000000E+00
  0.0000000E+00  0.0000000E+00
  0.0000000E+00  0.0000000E+00
  0.0000000E+00  0.0000000E+00
  0.0000000E+00  0.0000000E+00
  0.0000000E+00  0.0000000E+00
  0.0000000E+00  0.0000000E+00
  0.0000000E+00  0.0000000E+00
  0.0000000E+00  0.0000000E+00
  0.0000000E+00  0.0000000E+00
  0.0000000E+00  0.0000000E+00
  0.0000000E+00  0.0000000E+00
  0.0000000E+00  0.0000000E+00
  0.0000000E+00  0.0000000E+00
  0.0000000E+00  0.0000000E+00
  0.0000000E+00  0.0000000E+00
  0.0000000E+00  0.0000000E+00
  0.0000000E+00  0.0000000E+00
  0.0000000E+00  0.0000000E+00
  0.0000000E+00  0.0000000E+00
  0.0000000E+00  0.0000000E+00
  0.0000000E+00  0.0000000E+00
  0.0000000E+00  0.0000000E+00
  0.0000000E+00  0.0000000E+00
  0.0000000E+00  0.0000000E+00
  0.0000000E+00  0.0000000E+00
  0.0000000E+00  0.0000000E+00
  0.0000000E+00  0.0000000E+00
  0.0000000E+00  0.0000000E+00
  0.0000000E+00  0.0000000E+00
  0.0000000E+00  0.0000000E+00
  0.0000000E+00  0.0000000E+00
  0.0000000E+00  0.0000000E+00
  0.0000000E+00  0.0000000E+00
  0.0000000E+00  0.0000000E+00
  0.0000000E+00  0.0000000E+00
  0.0000000E+00  0.0000000E+00
  0.0000000E+00  0.0000000E+00
  0.0000000E+00  0.0000000E+00
  0.0000000E+00  0.0000000E+00
  0.0000000E+00  0.0000000E+00
  0.0000000E+00  0.0000000E+00
  0.0000000E+00  0.0000000E+00
  0.0000000E+00  0.0000000E+00
  0.0000000E+00  0.0000000E+00
  0.0000000E+00  0.0000000E+00
  0.0000000E+00  0.0000000E+00
  0.0000000E+00  0.0000000E+00
  0.0000000E+00  0.0000000E+00
  0.0000000E+00  0.0000000E+00
  0.0000000E+00  0.0000000E+00
  0.0000000E+00  0.0000000E+00
  0.0000000E+00  0.0000000E+00
  0.0000000E+00  0.0000000E+00
  0.0000000E+00  0.0000000E+00
  0.0000000E+00  0.0000000E+00
  0.0000000E+00  0.0000000E+00
  0.0000000E+00  0.0000000E+00
  0.0000000E+00  0.0000000E+00
  0.0000000E+00  0.0000000E+00
  0.0000000E+00  0.0000000E+00
  0.0000000E+00  0.0000000E+00
  0.0000000E+00  0.0000000E+00
  0.0000000E+00  0.0000000E+00
  0.0000000E+00  0.0000000E+00
  0.0000000E+00  0.0000000E+00
  0.0000000E+00  0.0000000E+00
  0.0000000E+00  0.0000000E+00
  0.0000000E+00  0.0000000E+00
  0.0000000E+00  0.0000000E+00
  0.0000000E+00  0.0000000E+00
  0.0000000E+00  0.0000000E+00
  0.0000000E+00  0.0000000E+00
  0.0000000E+00  0.0000000E+00
  0.0000000E+00  0.0000000E+00
  0.0000000E+00  0.0000000E+00
  0.0000000E+00  0.0000000E+00
  0.0000000E+00  0.0000000E+00
  0.0000000E+00  0.0000000E+00
  0.0000000E+00  0.0000000E+00
  0.0000000E+00  0.0000000E+00
  0.0000000E+00  0.0000000E+00
  0.0000000E+00  0.0000000E+00
  0.0000000E+00  0.0000000E+00
  0.0000000E+00  0.0000000E+00
  0.0000000E+00  0.0000000E+00
  0.0000000E+00  0.0000000E+00
  0.0000000E+00  0.0000000E+00
  0.0000000E+00  0.0000000E+00
  0.0000000E+00  0.0000000E+00
  0.0000000E+00  0.0000000E+00
  0.0000000E+00  0.0000000E+00
  0.0000000E+00  0.0000000E+00
  0.0000000E+00  0.0000000E+00
  0.0000000E+00  0.0000000E+00
  0.0000000E+00  0.0000000E+00
  0.0000000E+00  0.0000000E+00
  0.0000000E+00  0.0000000E+00
  0.0000000E+00  0.0000000E+00
  0.0000000E+00  0.0000000E+00
  0.0000000E+00  0.0000000E+00
  0.0000000E+00  0.0000000E+00
  0.0000000E+00  0.0000000E+00
  0.0000000E+00  0.0000000E+00
  0.0000000E+00  0.0000000E+00
  0.0000000E+00  0.0000000E+00
  0.0000000E+00  0.0000000E+00
  0.0000000E+00  0.0000000E+00
  0.0000000E+00  0.0000000E+00
  0.0000000E+00  0.0000000E+00
  0.0000000E+00  0.0000000E+00
  0.0000000E+00  0.0000000E+00
  0.0000000E+00  0.0000000E+00
  0.0000000E+00  0.0000000E+00
  0.0000000E+00  0.0000000E+00
  0.0000000E+00  0.0000000E+00
  0.0000000E+00  0.0000000E+00
  0.0000000E+00  0.0000000E+00
  0.0000000E+00  0.0000000E+00
  0.0000000E+00  0.0000000E+00
  0.0000000E+00  0.0000000E+00
  0.0000000E+00  0.0000000E+00
  0.0000000E+00  0.0000000E+00
  0.0000000E+00  0.0000000E+00
  0.0000000E+00  0.0000000E+00
  0.0000000E+00  0.0000000E+00
  0.0000000E+00  0.0000000E+00
  0.0000000E+00  0.0000000E+00
  0.0000000E+00  0.0000000E+00
  0.0000000E+00  0.0000000E+00
  0.0000000E+00  0.0000000E+00
  0.0000000E+00  0.0000000E+00
  0.0000000E+00  0.0000000E+00
  0.0000000E+00  0.0000000E+00
  0.0000000E+00  0.0000000E+00
  0.0000000E+00  0.0000000E+00
  0.0000000E+00  0.0000000E+00
  0.0000000E+00  0.0000000E+00
  0.0000000E+00  0.0000000E+00
  0.0000000E+00  0.0000000E+00
  0.0000000E+00  0.0000000E+00
  0.0000000E+00  0.0000000E+00
  0.0000000E+00  0.0000000E+00
  0.0000000E+00  0.0000000E+00
  0.0000000E+00  0.0000000E+00
  0.0000000E+00  0.0000000E+00
  0.0000000E+00  0.0000000E+00
  0.0000000E+00  0.0000000E+00
  0.0000000E+00  0.0000000E+00
  0.0000000E+00  0.0000000E+00
  0.0000000E+00  0.0000000E+00
  0.0000000E+00  0.0000000E+00
  0.0000000E+00  0.0000000E+00
  0.0000000E+00  0.0000000E+00
  0.0000000E+00  0.0000000E+00
  0.0000000E+00  0.0000000E+00
  0.0000000E+00  0.0000000E+00
  0.0000000E+00  0.0000000E+00
  0.0000000E+00  0.0000000E+00
  0.0000000E+00  0.0000000E+00
  0.0000000E+00  0.0000000E+00
  0.0000000E+00  0.0000000E+00
  0.0000000E+00  0.0000000E+00
  0.0000000E+00  0.0000000E+00
  0.0000000E+00  0.0000000E+00
  0.0000000E+00  0.0000000E+00
  0.0000000E+00  0.0000000E+00
  0.0000000E+00  0.0000000E+00
  0.0000000E+00  0.0000000E+00
  0.0000000E+00  0.0000000E+00
  0.0000000E+00  0.0000000E+00
  0.0000000E+00  0.0000000E+00
  0.0000000E+00  0.0000000E+00
  0.0000000E+00  0.0000000E+00
  0.0000000E+00  0.0000000E+00
  0.0000000E+00  0.0000000E+00
  0.0000000E+00  0.0000000E+00
  0.0000000E+00  0.0000000E+00
  0.0000000E+00  0.0000000E+00
  0.0000000E+00  0.0000000E+00
  0.0000000E+00  0.0000000E+00
  0.0000000E+00  0.0000000E+00
  0.0000000E+00  0.0000000E+00
  0.0000000E+00  0.0000000E+00
  0.0000000E+00  0.0000000E+00
  0.0000000E+00  0.0000000E+00
  0.0000000E+00  0.0000000E+00
  0.0000000E+00  0.0000000E+00
  0.0000000E+00  0.0000000E+00
  0.0000000E+00  0.0000000E+00
  0.0000000E+00  0.0000000E+00
  0.0000000E+00  0.0000000E+00
  0.0000000E+00  0.0000000E+00
  0.0000000E+00  0.0000000E+00
  0.0000000E+00  0.0000000E+00
  0.0000000E+00  0.0000000E+00
  0.0000000E+00  0.0000000E+00
  0.0000000E+00  0.0000000E+00
  0.0000000E+00  0.0000000E+00
  0.0000000E+00  0.0000000E+00
  0.0000000E+00  0.0000000E+00
  0.0000000E+00  0.0000000E+00
  0.0000000E+00  0.0000000E+00
  0.0000000E+00  0.0000000E+00
  0.0000000E+00  0.0000000E+00
  0.0000000E+00  0.0000000E+00
  0.0000000E+00  0.0000000E+00
  0.0000000E+00  0.0000000E+00
  0.0000000E+00  0.0000000E+00
  0.0000000E+00  0.0000000E+00
  0.0000000E+00  0.0000000E+00
  0.0000000E+00  0.0000000E+00
  0.0000000E+00  0.0000000E+00
  0.0000000E+00  0.0000000E+00
  0.0000000E+00  0.0000000E+00
  0.0000000E+00  0.0000000E+00
  0.0000000E+00  0.0000000E+00
  0.0000000E+00  0.0000000E+00
  0.0000000E+00  0.0000000E+00
  0.0000000E+00  0.0000000E+00
  0.0000000E+00  0.0000000E+00
  0.0000000E+00  0.0000000E+00
  0.0000000E+00  0.0000000E+00
  0.0000000E+00  0.0000000E+00
  0.0000000E+00  0.0000000E+00
  0.0000000E+00  0.0000000E+00
  0.0000000E+00  0.0000000E+00
  0.0000000E+00  0.0000000E+00
  0.0000000E+00  0.0000000E+00
  0.0000000E+00  0.0000000E+00
  0.0000000E+00  0.0000000E+00
  0.0000000E+00  0.0000000E+00
  0.0000000E+00  0.0000000E+00
  0.0000000E+00  0.0000000E+00
  0.0000000E+00  0.0000000E+00
  0.0000000E+00  0.0000000E+00
  0.0000000E+00  0.0000000E+00
  0.0000000E+00  0.0000000E+00
  0.0000000E+00  0.0000000E+00
  0.0000000E+00  0.0000000E+00
  0.0000000E+00  0.0000000E+00
  0.0000000E+00  0.0000000E+00
  0.0000000E+00  0.0000000E+00
  0.0000000E+00  0.0000000E+00
  0.0000000E+00  0.0000000E+00
  0.0000000E+00  0.0000000E+00
  0.0000000E+00  0.0000000E+00
  0.0000000E+00  0.0000000E+00
  0.0000000E+00  0.0000000E+00
  0.0000000E+00  0.0000000E+00
  0.0000000E+00  0.0000000E+00
  0.0000000E+00  0.0000000E+00
  0.0000000E+00  0.0000000E+00
  0.0000000E+00  0.0000000E+00
  0.0000000E+00  0.0000000E+00
  0.0000000E+00  0.0000000E+00
  0.0000000E+00  0.0000000E+00
  0.0000000E+00  0.0000000E+00
  0.0000000E+00  0.0000000E+00
  0.0000000E+00  0.0000000E+00
  0.0000000E+00  0.0000000E+00
  0.0000000E+00  0.0000000E+00
  0.0000000E+00  0.0000000E+00
  0.0000000E+00  0.0000000E+00
  0.0000000E+00  0.0000000E+00
  0.0000000E+00  0.0000000E+00
  0.0000000E+00  0.0000000E+00
  0.0000000E+00  0.0000000E+00
  0.0000000E+00  0.0000000E+00
  0.0000000E+00  0.0000000E+00
  0.0000000E+00  0.0000000E+00
  0.0000000E+00  0.0000000E+00
  0.0000000E+00  0.0000000E+00
  0.0000000E+00  0.0000000E+00
  0.0000000E+00  0.0000000E+00
  0.0000000E+00  0.0000000E+00
  0.0000000E+00  0.0000000E+00
  0.0000000E+00  0.0000000E+00
  0.0000000E+00  0.0000000E+00
  0.0000000E+00  0.0000000E+00
  0.0000000E+00  0.0000000E+00
  0.0000000E+00  0.0000000E+00
  0.0000000E+00  0.0000000E+00
  0.0000000E+00  0.0000000E+00
  0.0000000E+00  0.0000000E+00
  0.0000000E+00  0.0000000E+00
  0.0000000E+00  0.0000000E+00
  0.0000000E+00  0.0000000E+00
  0.0000000E+00  0.0000000E+00
  0.0000000E+00  0.0000000E+00
  0.0000000E+00  0.0000000E+00
  0.0000000E+00  0.0000000E+00
  0.0000000E+00  0.0000000E+00
  0.0000000E+00  0.0000000E+00
  0.0000000E+00  0.0000000E+00
  0.0000000E+00  0.0000000E+00
  0.0000000E+00  0.0000000E+00
  0.0000000E+00  0.0000000E+00
  0.0000000E+00  0.0000000E+00
  0.0000000E+00  0.0000000E+00
  0.0000000E+00  0.0000000E+00
  0.0000000E+00  0.0000000E+00
  0.0000000E+00  0.0000000E+00
  0.0000000E+00  0.0000000E+00
  0.0000000E+00  0.0000000E+00
  0.0000000E+00  0.0000000E+00
  0.0000000E+00  0.0000000E+00
  0.0000000E+00  0.0000000E+00
  0.0000000E+00  0.0000000E+00
  0.0000000E+00  0.0000000E+00
  0.0000000E+00  0.0000000E+00
  0.0000000E+00  0.0000000E+00
  0.0000000E+00  0.0000000E+00
  0.0000000E+00  0.0000000E+00
  0.0000000E+00  0.0000000E+00
  0.0000000E+00  0.0000000E+00
  0.0000000E+00  0.0000000E+00
  0.0000000E+00  0.0000000E+00
  0.0000000E+00  0.0000000E+00
  0.0000000E+00  0.0000000E+00
  0.0000000E+00  0.0000000E+00
  0.0000000E+00  0.0000000E+00
  0.0000000E+00  0.0000000E+00
  0.0000000E+00  0.0000000E+00
  0.0000000E+00  0.0000000E+00
  0.0000000E+00  0.0000000E+00
  0.0000000E+00  0.0000000E+00
  0.0000000E+00  0.0000000E+00
  0.0000000E+00  0.0000000E+00
  0.0000000E+00  0.0000000E+00
  0.0000000E+00  0.0000000E+00
  0.0000000E+00  0.0000000E+00
  0.0000000E+00  0.0000000E+00
  0.0000000E+00  0.0000000E+00
  0.0000000E+00  0.0000000E+00
  0.0000000E+00  0.0000000E+00
  0.0000000E+00  0.0000000E+00
  0.0000000E+00  0.0000000E+00
  0.0000000E+00  0.0000000E+00
  0.0000000E+00  0.0000000E+00
  0.0000000E+00  0.0000000E+00
  0.0000000E+00  0.0000000E+00
  0.0000000E+00  0.0000000E+00
  0.0000000E+00  0.0000000E+00
  0.0000000E+00  0.0000000E+00
  0.0000000E+00  0.0000000E+00
  0.0000000E+00  0.0000000E+00
  0.0000000E+00  0.0000000E+00
  0.0000000E+00  0.0000000E+00
  0.0000000E+00  0.0000000E+00
  0.0000000E+00  0.0000000E+00
  0.0000000E+00  0.0000000E+00
  0.0000000E+00  0.0000000E+00
  0.0000000E+00  0.0000000E+00
  0.0000000E+00  0.0000000E+00
  0.0000000E+00  0.0000000E+00
  0.0000000E+00  0.0000000E+00
  0.0000000E+00  0.0000000E+00
  0.0000000E+00  0.0000000E+00
  0.0000000E+00  0.0000000E+00
  0.0000000E+00  0.0000000E+00
  0.0000000E+00  0.0000000E+00
  0.0000000E+00  0.0000000E+00
  0.0000000E+00  0.0000000E+00
  0.0000000E+00  0.0000000E+00
  0.0000000E+00  0.0000000E+00
  0.0000000E+00  0.0000000E+00
  0.0000000E+00  0.0000000E+00
  0.0000000E+00  0.0000000E+00
  0.0000000E+00  0.0000000E+00
  0.0000000E+00  0.0000000E+00
  0.0000000E+00  0.0000000E+00
  0.0000000E+00  0.0000000E+00
  0.0000000E+00  0.0000000E+00
  0.0000000E+00  0.0000000E+00
  0.0000000E+00  0.0000000E+00
  0.0000000E+00  0.0000000E+00
  0.0000000E+00  0.0000000E+00
  0.0000000E+00  0.0000000E+00
  0.0000000E+00  0.0000000E+00
  0.0000000E+00  0.0000000E+00
  0.0000000E+00  0.0000000E+00
  0.0000000E+00  0.0000000E+00
  0.0000000E+00  0.0000000E+00
  0.0000000E+00  0.0000000E+00
  0.0000000E+00  0.0000000E+00
  0.0000000E+00  0.0000000E+00
  0.0000000E+00  0.0000000E+00
  0.0000000E+00  0.0000000E+00
  0.0000000E+00  0.0000000E+00
  0.0000000E+00  0.0000000E+00
  0.0000000E+00  0.0000000E+00
  0.0000000E+00  0.0000000E+00
  0.0000000E+00  0.0000000E+00
  0.0000000E+00  0.0000000E+00
  0.0000000E+00  0.0000000E+00
  0.0000000E+00  0.0000000E+00
  0.0000000E+00  0.0000000E+00
  0.0000000E+00  0.0000000E+00
  0.0000000E+00  0.0000000E+00
  0.0000000E+00  0.0000000E+00
  0.0000000E+00  0.0000000E+00
  0.0000000E+00  0.0000000E+00
  0.0000000E+00  0.0000000E+00
  0.0000000E+00  0.0000000E+00
  0.0000000E+00  0.0000000E+00
  0.0000000E+00  0.0000000E+00
  0.0000000E+00  0.0000000E+00
  0.0000000E+00  0.0000000E+00
  0.0000000E+00  0.0000000E+00
  0.0000000E+00  0.0000000E+00
  0.0000000E+00  0.0000000E+00
  0.0000000E+00  0.0000000E+00
  0.0000000E+00  0.0000000E+00
  0.0000000E+00  0.0000000E+00
  0.0000000E+00  0.0000000E+00
  0.0000000E+00  0.0000000E+00
  0.0000000E+00  0.0000000E+00
  0.0000000E+00  0.0000000E+00
  0.0000000E+00  0.0000000E+00
  0.0000000E+00  0.0000000E+00
  0.0000000E+00  0.0000000E+00
  0.0000000E+00  0.0000000E+00
  0.0000000E+00  0.0000000E+00
  0.0000000E+00  0.0000000E+00
  0.0000000E+00  0.0000000E+00
  0.0000000E+00  0.0000000E+00
  0.0000000E+00  0.0000000E+00
  0.0000000E+00  0.0000000E+00
  0.0000000E+00  0.0000000E+00
  0.0000000E+00  0.0000000E+00
  0.0000000E+00  0.0000000E+00
  0.0000000E+00  0.0000000E+00
  0.0000000E+00  0.0000000E+00
  0.0000000E+00  0.0000000E+00
  0.0000000E+00  0.0000000E+00
  0.0000000E+00  0.0000000E+00
  0.0000000E+00  0.0000000E+00
  0.0000000E+00  0.0000000E+00
  0.0000000E+00  0.0000000E+00
  0.0000000E+00  0.0000000E+00
  0.0000000E+00  0.0000000E+00
  0.0000000E+00  0.0000000E+00
  0.0000000E+00  0.0000000E+00
  0.0000000E+00  0.0000000E+00
  0.0000000E+00  0.0000000E+00
  0.0000000E+00  0.0000000E+00
  0.0000000E+00  0.0000000E+00
  0.0000000E+00  0.0000000E+00
  0.0000000E+00  0.0000000E+00
  0.0000000E+00  0.0000000E+00
  0.0000000E+00  0.0000000E+00
  0.0000000E+00  0.0000000E+00
  0.0000000E+00  0.0000000E+00
  0.0000000E+00  0.0000000E+00
  0.0000000E+00  0.0000000E+00
  0.0000000E+00  0.0000000E+00
  0.0000000E+00  0.0000000E+00
  0.0000000E+00  0.0000000E+00
  0.0000000E+00  0.0000000E+00
  0.0000000E+00  0.0000000E+00
  0.0000000E+00  0.0000000E+00
  0.0000000E+00  0.0000000E+00
  0.0000000E+00  0.0000000E+00
  0.0000000E+00  0.0000000E+00
  0.0000000E+00  0.0000000E+00
  0.0000000E+00  0.0000000E+00
  0.0000000E+00  0.0000000E+00
  0.0000000E+00  0.0000000E+00
  0.0000000E+00  0.0000000E+00
  0.0000000E+00  0.0000000E+00
  0.0000000E+00  0.0000000E+00
  0.0000000E+00  0.0000000E+00
  0.0000000E+00  0.0000000E+00
  0.0000000E+00  0.0000000E+00
  0.0000000E+00  0.0000000E+00
  0.0000000E+00  0.0000000E+00
  0.0000000E+00  0.0000000E+00
  0.0000000E+00  0.0000000E+00
  0.0000000E+00  0.0000000E+00
  0.0000000E+00  0.0000000E+00
  0.0000000E+00  0.0000000E+00
  0.0000000E+00  0.0000000E+00
  0.0000000E+00  0.0000000E+00
  0.0000000E+00  0.0000000E+00
  0.0000000E+00  0.0000000E+00
  0.0000000E+00  0.0000000E+00
  0.0000000E+00  0.0000000E+00
  0.0000000E+00  0.0000000E+00
  0.0000000E+00  0.0000000E+00
  0.0000000E+00  0.0000000E+00
  0.0000000E+00  0.0000000E+00
  0.0000000E+00  0.0000000E+00
  0.0000000E+00  0.0000000E+00
  0.0000000E+00  0.0000000E+00
  0.0000000E+00  0.0000000E+00
  0.0000000E+00  0.0000000E+00
  0.0000000E+00  0.0000000E+00
  0.0000000E+00  0.0000000E+00
  0.0000000E+00  0.0000000E+00
  0.0000000E+00  0.0000000E+00
  0.0000000E+00  0.0000000E+00
  0.0000000E+00  0.0000000E+00
  0.0000000E+00  0.0000000E+00
  0.0000000E+00  0.0000000E+00
  0.0000000E+00  0.0000000E+00
  0.0000000E+00  0.0000000E+00
  0.0000000E+00  0.0000000E+00
  0.0000000E+00  0.0000000E+00
  0.0000000E+00  0.0000000E+00
  0.0000000E+00  0.0000000E+00
  0.0000000E+00  0.0000000E+00
  0.0000000E+00  0.0000000E+00
  0.0000000E+00  0.0000000E+00
  0.0000000E+00  0.0000000E+00
  0.0000000E+00  0.0000000E+00
  0.0000000E+00  0.0000000E+00
  0.0000000E+00  0.0000000E+00
  0.0000000E+00  0.0000000E+00
  0.0000000E+00  0.0000000E+00
  0.0000000E+00  0.0000000E+00
  0.0000000E+00  0.0000000E+00
  0.0000000E+00  0.0000000E+00
  0.0000000E+00  0.0000000E+00
  0.0000000E+00  0.0000000E+00
  0.0000000E+00  0.0000000E+00
  0.0000000E+00  0.0000000E+00
  0.0000000E+00  0.0000000E+00
  0.0000000E+00  0.0000000E+00
  0.0000000E+00  0.0000000E+00
  0.0000000E+00  0.0000000E+00
  0.0000000E+00  0.0000000E+00
  0.0000000E+00  0.0000000E+00
  0.0000000E+00  0.0000000E+00
  0.0000000E+00  0.0000000E+00
  0.0000000E+00  0.0000000E+00
  0.0000000E+00  0.0000000E+00
  0.0000000E+00  0.0000000E+00
  0.0000000E+00  0.0000000E+00
  0.0000000E+00  0.0000000E+00
  0.0000000E+00  0.0000000E+00
  0.0000000E+00  0.0000000E+00
  0.0000000E+00  0.0000000E+00
  0.0000000E+00  0.0000000E+00
  0.0000000E+00  0.0000000E+00
  0.0000000E+00  0.0000000E+00
  0.0000000E+00  0.0000000E+00
  0.0000000E+00  0.0000000E+00
  0.0000000E+00  0.0000000E+00
  0.0000000E+00  0.0000000E+00
  0.0000000E+00  0.0000000E+00
  0.0000000E+00  0.0000000E+00
  0.0000000E+00  0.0000000E+00
  0.0000000E+00  0.0000000E+00
  0.0000000E+00  0.0000000E+00
  0.0000000E+00  0.0000000E+00
  0.0000000E+00  0.0000000E+00
  0.0000000E+00  0.0000000E+00
  0.0000000E+00  0.0000000E+00
  0.0000000E+00  0.0000000E+00
  0.0000000E+00  0.0000000E+00
  0.0000000E+00  0.0000000E+00
  0.0000000E+00  0.0000000E+00
  0.0000000E+00  0.0000000E+00
  0.0000000E+00  0.0000000E+00
  0.0000000E+00  0.0000000E+00
  0.0000000E+00  0.0000000E+00
  0.0000000E+00  0.0000000E+00
  0.0000000E+00  0.0000000E+00
  0.0000000E+00  0.0000000E+00
  0.0000000E+00  0.0000000E+00
  0.0000000E+00  0.0000000E+00
  0.0000000E+00  0.0000000E+00
  0.0000000E+00  0.0000000E+00
  0.0000000E+00  0.0000000E+00
  0.0000000E+00  0.0000000E+00
  0.0000000E+00  0.0000000E+00
  0.0000000E+00  0.0000000E+00
  0.0000000E+00  0.0000000E+00
  0.0000000E+00  0.0000000E+00
  0.0000000E+00  0.0000000E+00
  0.0000000E+00  0.0000000E+00
  0.0000000E+00  0.0000000E+00
  0.0000000E+00  0.0000000E+00
  0.0000000E+00  0.0000000E+00
  0.0000000E+00  0.0000000E+00
  0.0000000E+00  0.0000000E+00
  0.0000000E+00  0.0000000E+00
  0.0000000E+00  0.0000000E+00
  0.0000000E+00  0.0000000E+00
  0.0000000E+00  0.0000000E+00
  0.0000000E+00  0.0000000E+00
  0.0000000E+00  0.0000000E+00
  0.0000000E+00  0.0000000E+00
  0.0000000E+00  0.0000000E+00
  0.0000000E+00  0.0000000E+00
  0.0000000E+00  0.0000000E+00
  0.0000000E+00  0.0000000E+00
  0.0000000E+00  0.0000000E+00
  0.0000000E+00  0.0000000E+00
  0.0000000E+00  0.0000000E+00
  0.0000000E+00  0.0000000E+00
  0.0000000E+00  0.0000000E+00
  0.0000000E+00  0.0000000E+00
  0.0000000E+00  0.0000000E+00
  0.0000000E+00  0.0000000E+00
  0.0000000E+00  0.0000000E+00
  0.0000000E+00  0.0000000E+00
  0.0000000E+00  0.0000000E+00
  0.0000000E+00  0.0000000E+00
  0.0000000E+00  0.0000000E+00
  0.0000000E+00  0.0000000E+00
  0.0000000E+00  0.0000000E+00
  0.0000000E+00  0.0000000E+00
  0.0000000E+00  0.0000000E+00
  0.0000000E+00  0.0000000E+00
  0.0000000E+00  0.0000000E+00
  0.0000000E+00  0.0000000E+00
  0.0000000E+00  0.0000000E+00
  0.0000000E+00  0.0000000E+00
  0.0000000E+00  0.0000000E+00
  0.0000000E+00  0.0000000E+00
  0.0000000E+00  0.0000000E+00
  0.0000000E+00  0.0000000E+00
  0.0000000E+00  0.0000000E+00
  0.0000000E+00  0.0000000E+00
  0.0000000E+00  0.0000000E+00
  0.0000000E+00  0.0000000E+00
  0.0000000E+00  0.0000000E+00
  0.0000000E+00  0.0000000E+00
  0.0000000E+00  0.0000000E+00
  0.0000000E+00  0.0000000E+00
  0.0000000E+00  0.0000000E+00
  0.0000000E+00  0.0000000E+00
  0.0000000E+00  0.0000000E+00
  0.0000000E+00  0.0000000E+00
  0.0000000E+00  0.0000000E+00
  0.0000000E+00  0.0000000E+00
  0.0000000E+00  0.0000000E+00
  0.0000000E+00  0.0000000E+00
  0.0000000E+00  0.0000000E+00
  0.0000000E+00  0.0000000E+00
  0.0000000E+00  0.0000000E+00
  0.0000000E+00  0.0000000E+00
  0.0000000E+00  0.0000000E+00
  0.0000000E+00  0.0000000E+00
  0.0000000E+00  0.0000000E+00
  0.0000000E+00  0.0000000E+00
  0.0000000E+00  0.0000000E+00
  0.0000000E+00  0.0000000E+00
  0.0000000E+00  0.0000000E+00
  0.0000000E+00  0.0000000E+00
  0.0000000E+00  0.0000000E+00
  0.0000000E+00  0.0000000E+00
  0.0000000E+00  0.0000000E+00
  0.0000000E+00  0.0000000E+00
  0.0000000E+00  0.0000000E+00
  0.0000000E+00  0.0000000E+00
  0.0000000E+00  0.0000000E+00
  0.0000000E+00  0.0000000E+00
  0.0000000E+00  0.0000000E+00
  0.0000000E+00  0.0000000E+00
  0.0000000E+00  0.0000000E+00
  0.0000000E+00  0.0000000E+00
  0.0000000E+00  0.0000000E+00
  0.0000000E+00  0.0000000E+00
  0.0000000E+00  0.0000000E+00
  0.0000000E+00  0.0000000E+00
  0.0000000E+00  0.0000000E+00
  0.0000000E+00  0.0000000E+00
  0.0000000E+00  0.0000000E+00
  0.0000000E+00  0.0000000E+00
  0.0000000E+00  0.0000000E+00
  0.0000000E+00  0.0000000E+00
  0.0000000E+00  0.0000000E+00
  0.0000000E+00  0.0000000E+00
  0.0000000E+00  0.0000000E+00
  0.0000000E+00  0.0000000E+00
  0.0000000E+00  0.0000000E+00
  0.0000000E+00  0.0000000E+00
  0.0000000E+00  0.0000000E+00
  0.0000000E+00  0.0000000E+00
  0.0000000E+00  0.0000000E+00
  0.0000000E+00  0.0000000E+00
  0.0000000E+00  0.0000000E+00
  0.0000000E+00  0.0000000E+00
  0.0000000E+00  0.0000000E+00
  0.0000000E+00  0.0000000E+00
  0.0000000E+00  0.0000000E+00
  0.0000000E+00  0.0000000E+00
  0.0000000E+00  0.0000000E+00
  0.0000000E+00  0.0000000E+00
  0.0000000E+00  0.0000000E+00
  0.0000000E+00  0.0000000E+00
  0.0000000E+00  0.0000000E+00
  0.0000000E+00  0.0000000E+00
  0.0000000E+00  0.0000000E+00
  0.0000000E+00  0.0000000E+00
  0.0000000E+00  0.0000000E+00
  0.0000000E+00  0.0000000E+00
  0.0000000E+00  0.0000000E+00
  0.0000000E+00  0.0000000E+00
  0.0000000E+00  0.0000000E+00
  0.0000000E+00  0.0000000E+00
  0.0000000E+00  0.0000000E+00
  0.0000000E+00  0.0000000E+00
  0.0000000E+00  0.0000000E+00
  0.0000000E+00  0.0000000E+00
  0.0000000E+00  0.0000000E+00
  0.0000000E+00  0.0000000E+00
  0.0000000E+00  0.0000000E+00
  0.0000000E+00  0.0000000E+00
  0.0000000E+00  0.0000000E+00
  0.0000000E+00  0.0000000E+00
  0.0000000E+00  0.0000000E+00
  0.0000000E+00  0.0000000E+00
  0.0000000E+00  0.0000000E+00
  0.0000000E+00  0.0000000E+00
  0.0000000E+00  0.0000000E+00
  0.0000000E+00  0.0000000E+00
  0.0000000E+00  0.0000000E+00
  0.0000000E+00  0.0000000E+00
  0.0000000E+00  0.0000000E+00
  0.0000000E+00  0.0000000E+00
  0.0000000E+00  0.0000000E+00
  0.0000000E+00  0.0000000E+00
  0.0000000E+00  0.0000000E+00
  0.0000000E+00  0.0000000E+00
  0.0000000E+00  0.0000000E+00
  0.0000000E+00  0.0000000E+00
  0.0000000E+00  0.0000000E+00
  0.0000000E+00  0.0000000E+00
  0.0000000E+00  0.0000000E+00
  0.0000000E+00  0.0000000E+00
  0.0000000E+00  0.0000000E+00
  0.0000000E+00  0.0000000E+00
  0.0000000E+00  0.0000000E+00
  0.0000000E+00  0.0000000E+00
  0.0000000E+00  0.0000000E+00
  0.0000000E+00  0.0000000E+00
  0.0000000E+00  0.0000000E+00
  0.0000000E+00  0.0000000E+00
  0.0000000E+00  0.0000000E+00
  0.0000000E+00  0.0000000E+00
  0.0000000E+00  0.0000000E+00
  0.0000000E+00  0.0000000E+00
  0.0000000E+00  0.0000000E+00
  0.0000000E+00  0.0000000E+00
  0.0000000E+00  0.0000000E+00
  0.0000000E+00  0.0000000E+00
  0.0000000E+00  0.0000000E+00
  0.0000000E+00  0.0000000E+00
  0.0000000E+00  0.0000000E+00
  0.0000000E+00  0.0000000E+00
  0.0000000E+00  0.0000000E+00
  0.0000000E+00  0.0000000E+00
  0.0000000E+00  0.0000000E+00
  0.0000000E+00  0.0000000E+00
  0.0000000E+00  0.0000000E+00
  0.0000000E+00  0.0000000E+00
  0.0000000E+00  0.0000000E+00
  0.0000000E+00  0.0000000E+00
  0.0000000E+00  0.0000000E+00
  0.0000000E+00  0.0000000E+00
  0.0000000E+00  0.0000000E+00
  0.0000000E+00  0.0000000E+00
  0.0000000E+00  0.0000000E+00
  0.0000000E+00  0.0000000E+00
  0.0000000E+00  0.0000000E+00
  0.0000000E+00  0.0000000E+00
  0.0000000E+00  0.0000000E+00
  0.0000000E+00  0.0000000E+00
  0.0000000E+00  0.0000000E+00
  0.0000000E+00  0.0000000E+00
  0.0000000E+00  0.0000000E+00
  0.0000000E+00  0.0000000E+00
  0.0000000E+00  0.0000000E+00
  0.0000000E+00  0.0000000E+00
  0.0000000E+00  0.0000000E+00
  0.0000000E+00  0.0000000E+00
  0.0000000E+00  0.0000000E+00
  0.0000000E+00  0.0000000E+00
  0.0000000E+00  0.0000000E+00
  0.0000000E+00  0.0000000E+00
  0.0000000E+00  0.0000000E+00
  0.0000000E+00  0.0000000E+00
  0.0000000E+00  0.0000000E+00
  0.0000000E+00  0.0000000E+00
  0.0000000E+00  0.0000000E+00
  0.0000000E+00  0.0000000E+00
  0.0000000E+00  0.0000000E+00
  0.0000000E+00  0.0000000E+00
  0.0000000E+00  0.0000000E+00
  0.0000000E+00  0.0000000E+00
  0.0000000E+00  0.0000000E+00
  0.0000000E+00  0.0000000E+00
  0.0000000E+00  0.0000000E+00
  0.0000000E+00  0.0000000E+00
  0.0000000E+00  0.0000000E+00
  0.0000000E+00  0.0000000E+00
  0.0000000E+00  0.0000000E+00
  0.0000000E+00  0.0000000E+00
  0.0000000E+00  0.0000000E+00
  0.0000000E+00  0.0000000E+00
  0.0000000E+00  0.0000000E+00
  0.0000000E+00  0.0000000E+00
  0.0000000E+00  0.0000000E+00
  0.0000000E+00  0.0000000E+00
  0.0000000E+00  0.0000000E+00
  0.0000000E+00  0.0000000E+00
  0.0000000E+00  0.0000000E+00
  0.0000000E+00  0.0000000E+00
  0.0000000E+00  0.0000000E+00
  0.0000000E+00  0.0000000E+00
  0.0000000E+00  0.0000000E+00
  0.0000000E+00  0.0000000E+00
  0.0000000E+00  0.0000000E+00
  0.0000000E+00  0.0000000E+00
  0.0000000E+00  0.0000000E+00
  0.0000000E+00  0.0000000E+00
  0.0000000E+00  0.0000000E+00
  0.0000000E+00  0.0000000E+00
  0.0000000E+00  0.0000000E+00
  0.0000000E+00  0.0000000E+00
  0.0000000E+00  0.0000000E+00
  0.0000000E+00  0.0000000E+00
  0.0000000E+00  0.0000000E+00
  0.0000000E+00  0.0000000E+00
  0.0000000E+00  0.0000000E+00
  0.0000000E+00  0.0000000E+00
  0.0000000E+00  0.0000000E+00
  0.0000000E+00  0.0000000E+00
  0.0000000E+00  0.0000000E+00
  0.0000000E+00  0.0000000E+00
  0.0000000E+00  0.0000000E+00
  0.0000000E+00  0.0000000E+00
  0.0000000E+00  0.0000000E+00
  0.0000000E+00  0.0000000E+00
  0.0000000E+00  0.0000000E+00
  0.0000000E+00  0.0000000E+00
  0.0000000E+00  0.0000000E+00
  0.0000000E+00  0.0000000E+00
  0.0000000E+00  0.0000000E+00
  0.0000000E+00  0.0000000E+00
  0.0000000E+00  0.0000000E+00
  0.0000000E+00  0.0000000E+00
  0.0000000E+00  0.0000000E+00
  0.0000000E+00  0.0000000E+00
  0.0000000E+00  0.0000000E+00
  0.0000000E+00  0.0000000E+00
  0.0000000E+00  0.0000000E+00
  0.0000000E+00  0.0000000E+00
  0.0000000E+00  0.0000000E+00
  0.0000000E+00  0.0000000E+00
  0.0000000E+00  0.0000000E+00
  0.0000000E+00  0.0000000E+00
  0.0000000E+00  0.0000000E+00
  0.0000000E+00  0.0000000E+00
  0.0000000E+00  0.0000000E+00
  0.0000000E+00  0.0000000E+00
  0.0000000E+00  0.0000000E+00
  0.0000000E+00  0.0000000E+00
  0.0000000E+00  0.0000000E+00
  0.0000000E+00  0.0000000E+00
  0.0000000E+00  0.0000000E+00
  0.0000000E+00  0.0000000E+00
  0.0000000E+00  0.0000000E+00
  0.0000000E+00  0.0000000E+00
  0.0000000E+00  0.0000000E+00
  0.0000000E+00  0.0000000E+00
  0.0000000E+00  0.0000000E+00
  0.0000000E+00  0.0000000E+00
  0.0000000E+00  0.0000000E+00
  0.0000000E+00  0.0000000E+00
  0.0000000E+00  0.0000000E+00
  0.0000000E+00  0.0000000E+00
  0.0000000E+00  0.0000000E+00
  0.0000000E+00  0.0000000E+00
  0.0000000E+00  0.0000000E+00
  0.0000000E+00  0.0000000E+00
  0.0000000E+00  0.0000000E+00
  0.0000000E+00  0.0000000E+00
  0.0000000E+00  0.0000000E+00
  0.0000000E+00  0.0000000E+00
  0.0000000E+00  0.0000000E+00
  0.0000000E+00  0.0000000E+00
  0.0000000E+00  0.0000000E+00
  0.0000000E+00  0.0000000E+00
  0.0000000E+00  0.0000000E+00
  0.0000000E+00  0.0000000E+00
  0.0000000E+00  0.0000000E+00
  0.0000000E+00  0.0000000E+00
  0.0000000E+00  0.0000000E+00
  0.0000000E+00  0.0000000E+00
  0.0000000E+00  0.0000000E+00
  0.0000000E+00  0.0000000E+00
  0.0000000E+00  0.0000000E+00
  0.0000000E+00  0.0000000E+00
  0.0000000E+00  0.0000000E+00
  0.0000000E+00  0.0000000E+00
  0.0000000E+00  0.0000000E+00
  0.0000000E+00  0.0000000E+00
  0.0000000E+00  0.0000000E+00
  0.0000000E+00  0.0000000E+00
  0.0000000E+00  0.0000000E+00
  0.0000000E+00  0.0000000E+00
  0.0000000E+00  0.0000000E+00
  0.0000000E+00  0.0000000E+00
  0.0000000E+00  0.0000000E+00
  0.0000000E+00  0.0000000E+00
  0.0000000E+00  0.0000000E+00
  0.0000000E+00  0.0000000E+00
  0.0000000E+00  0.0000000E+00
  0.0000000E+00  0.0000000E+00
  0.0000000E+00  0.0000000E+00
  0.0000000E+00  0.0000000E+00
  0.0000000E+00  0.0000000E+00
  0.0000000E+00  0.0000000E+00
  0.0000000E+00  0.0000000E+00
  0.0000000E+00  0.0000000E+00
  0.0000000E+00  0.0000000E+00
  0.0000000E+00  0.0000000E+00
  0.0000000E+00  0.0000000E+00
  0.0000000E+00  0.0000000E+00
  0.0000000E+00  0.0000000E+00
  0.0000000E+00  0.0000000E+00
  0.0000000E+00  0.0000000E+00
  0.0000000E+00  0.0000000E+00
  0.0000000E+00  0.0000000E+00
  0.0000000E+00  0.0000000E+00
  0.0000000E+00  0.0000000E+00
  0.0000000E+00  0.0000000E+00
  0.0000000E+00  0.0000000E+00
  0.0000000E+00  0.0000000E+00
  0.0000000E+00  0.0000000E+00
  0.0000000E+00  0.0000000E+00
  0.0000000E+00  0.0000000E+00
  0.0000000E+00  0.0000000E+00
  0.0000000E+00  0.0000000E+00
  0.0000000E+00  0.0000000E+00
  0.0000000E+00  0.0000000E+00
  0.0000000E+00  0.0000000E+00
  0.0000000E+00  0.0000000E+00
  0.0000000E+00  0.0000000E+00
  0.0000000E+00  0.0000000E+00
  0.0000000E+00  0.0000000E+00
  0.0000000E+00  0.0000000E+00
  0.0000000E+00  0.0000000E+00
  0.0000000E+00  0.0000000E+00
  0.0000000E+00  0.0000000E+00
  0.0000000E+00  0.0000000E+00
  0.0000000E+00  0.0000000E+00
  0.0000000E+00  0.0000000E+00
  0.0000000E+00  0.0000000E+00
  0.0000000E+00  0.0000000E+00
  0.0000000E+00  0.0000000E+00
  0.0000000E+00  0.0000000E+00
  0.0000000E+00  0.0000000E+00
  0.0000000E+00  0.0000000E+00
  0.0000000E+00  0.0000000E+00
  0.0000000E+00  0.0000000E+00
  0.0000000E+00  0.0000000E+00
  0.0000000E+00  0.0000000E+00
  0.0000000E+00  0.0000000E+00
  0.0000000E+00  0.0000000E+00
  0.0000000E+00  0.0000000E+00
  0.0000000E+00  0.0000000E+00
  0.0000000E+00  0.0000000E+00
  0.0000000E+00  0.0000000E+00
  0.0000000E+00  0.0000000E+00
  0.0000000E+00  0.0000000E+00
  0.0000000E+00  0.0000000E+00
  0.0000000E+00  0.0000000E+00
  0.0000000E+00  0.0000000E+00
  0.0000000E+00  0.0000000E+00
  0.0000000E+00  0.0000000E+00
  0.0000000E+00  0.0000000E+00
  0.0000000E+00  0.0000000E+00
  0.0000000E+00  0.0000000E+00
  0.0000000E+00  0.0000000E+00
  0.0000000E+00  0.0000000E+00
  0.0000000E+00  0.0000000E+00
  0.0000000E+00  0.0000000E+00
  0.0000000E+00  0.0000000E+00
  0.0000000E+00  0.0000000E+00
  0.0000000E+00  0.0000000E+00
  0.0000000E+00  0.0000000E+00
  0.0000000E+00  0.0000000E+00
  0.0000000E+00  0.0000000E+00
  0.0000000E+00  0.0000000E+00
  0.0000000E+00  0.0000000E+00
  0.0000000E+00  0.0000000E+00
  0.0000000E+00  0.0000000E+00
  0.0000000E+00  0.0000000E+00
  0.0000000E+00  0.0000000E+00
  0.0000000E+00  0.0000000E+00
  0.0000000E+00  0.0000000E+00
  0.0000000E+00  0.0000000E+00
  0.0000000E+00  0.0000000E+00
  0.0000000E+00  0.0000000E+00
  0.0000000E+00  0.0000000E+00
  0.0000000E+00  0.0000000E+00
  0.0000000E+00  0.0000000E+00
  0.0000000E+00  0.0000000E+00
  0.0000000E+00  0.0000000E+00
  0.0000000E+00  0.0000000E+00
  0.0000000E+00  0.0000000E+00
  0.0000000E+00  0.0000000E+00
  0.0000000E+00  0.0000000E+00
  0.0000000E+00  0.0000000E+00
  0.0000000E+00  0.0000000E+00
  0.0000000E+00  0.0000000E+00
  0.0000000E+00  0.0000000E+00
  0.0000000E+00  0.0000000E+00
  0.0000000E+00  0.0000000E+00
  0.0000000E+00  0.0000000E+00
  0.0000000E+00  0.0000000E+00
  0.0000000E+00  0.0000000E+00
  0.0000000E+00  0.0000000E+00
  0.0000000E+00  0.0000000E+00
  0.0000000E+00  0.0000000E+00
  0.0000000E+00  0.0000000E+00
  0.0000000E+00  0.0000000E+00
  0.0000000E+00  0.0000000E+00
  0.0000000E+00  0.0000000E+00
  0.0000000E+00  0.0000000E+00
  0.0000000E+00  0.0000000E+00
  0.0000000E+00  0.0000000E+00
  0.0000000E+00  0.0000000E+00
  0.0000000E+00  0.0000000E+00
  0.0000000E+00  0.0000000E+00
  0.0000000E+00  0.0000000E+00
  0.0000000E+00  0.0000000E+00
  0.0000000E+00  0.0000000E+00
  0.0000000E+00  0.0000000E+00
  0.0000000E+00  0.0000000E+00
  0.0000000E+00  0.0000000E+00
  0.0000000E+00  0.0000000E+00
  0.0000000E+00  0.0000000E+00
  0.0000000E+00  0.0000000E+00
  0.0000000E+00  0.0000000E+00
  0.0000000E+00  0.0000000E+00
  0.0000000E+00  0.0000000E+00
  0.0000000E+00  0.0000000E+00
  0.0000000E+00  0.0000000E+00
  0.0000000E+00  0.0000000E+00
  0.0000000E+00  0.0000000E+00
  0.0000000E+00  0.0000000E+00
  0.0000000E+00  0.0000000E+00
  0.0000000E+00  0.0000000E+00
  0.0000000E+00  0.0000000E+00
  0.0000000E+00  0.0000000E+00
  0.0000000E+00  0.0000000E+00
  0.0000000E+00  0.0000000E+00
  0.0000000E+00  0.0000000E+00
  0.0000000E+00  0.0000000E+00
  0.0000000E+00  0.0000000E+00
  0.0000000E+00  0.0000000E+00
  0.0000000E+00  0.0000000E+00
  0.0000000E+00  0.0000000E+00
  0.0000000E+00  0.0000000E+00
  0.0000000E+00  0.0000000E+00
  0.0000000E+00  0.0000000E+00
  0.0000000E+00  0.0000000E+00
  0.0000000E+00  0.0000000E+00
  0.0000000E+00  0.0000000E+00
  0.0000000E+00  0.0000000E+00
  0.0000000E+00  0.0000000E+00
  0.0000000E+00  0.0000000E+00
  0.0000000E+00  0.0000000E+00
  0.0000000E+00  0.0000000E+00
  0.0000000E+00  0.0000000E+00
  0.0000000E+00  0.0000000E+00
  0.0000000E+00  0.0000000E+00
  0.0000000E+00  0.0000000E+00
  0.0000000E+00  0.0000000E+00
  0.0000000E+00  0.0000000E+00
  0.0000000E+00  0.0000000E+00
  0.0000000E+00  0.0000000E+00
  0.0000000E+00  0.0000000E+00
  0.0000000E+00  0.0000000E+00
  0.0000000E+00  0.0000000E+00
  0.0000000E+00  0.0000000E+00
  0.0000000E+00  0.0000000E+00
  0.0000000E+00  0.0000000E+00
  0.0000000E+00  0.0000000E+00
  0.0000000E+00  0.0000000E+00
  0.0000000E+00  0.0000000E+00
  0.0000000E+00  0.0000000E+00
  0.0000000E+00  0.0000000E+00
  0.0000000E+00  0.0000000E+00
  0.0000000E+00  0.0000000E+00
  0.0000000E+00  0.0000000E+00
  0.0000000E+00  0.0000000E+00
  0.0000000E+00  0.0000000E+00
  0.0000000E+00  0.0000000E+00
  0.0000000E+00  0.0000000E+00
  0.0000000E+00  0.0000000E+00
  0.0000000E+00  0.0000000E+00
  0.0000000E+00  0.0000000E+00
  0.0000000E+00  0.0000000E+00
  0.0000000E+00  0.0000000E+00
  0.0000000E+00  0.0000000E+00
  0.0000000E+00  0.0000000E+00
  0.0000000E+00  0.0000000E+00
  0.0000000E+00  0.0000000E+00
  0.0000000E+00  0.0000000E+00
  0.0000000E+00  0.0000000E+00
  0.0000000E+00  0.0000000E+00
  0.0000000E+00  0.0000000E+00
  0.0000000E+00  0.0000000E+00
  0.0000000E+00  0.0000000E+00
  0.0000000E+00  0.0000000E+00
  0.0000000E+00  0.0000000E+00
  0.0000000E+00  0.0000000E+00
  0.0000000E+00  0.0000000E+00
  0.0000000E+00  0.0000000E+00
  0.0000000E+00  0.0000000E+00
  0.0000000E+00  0.0000000E+00
  0.0000000E+00  0.0000000E+00
  0.0000000E+00  0.0000000E+00
  0.0000000E+00  0.0000000E+00
  0.0000000E+00  0.0000000E+00
  0.0000000E+00  0.0000000E+00
  0.0000000E+00  0.0000000E+00
  0.0000000E+00  0.0000000E+00
  0.0000000E+00  0.0000000E+00
  0.0000000E+00  0.0000000E+00
  0.0000000E+00  0.0000000E+00
  0.0000000E+00  0.0000000E+00
  0.0000000E+00  0.0000000E+00
  0.0000000E+00  0.0000000E+00
  0.0000000E+00  0.0000000E+00
  0.0000000E+00  0.0000000E+00
  0.0000000E+00  0.0000000E+00
  0.0000000E+00  0.0000000E+00
  0.0000000E+00  0.0000000E+00
  0.0000000E+00  0.0000000E+00
  0.0000000E+00  0.0000000E+00
  0.0000000E+00  0.0000000E+00
  0.0000000E+00  0.0000000E+00
  0.0000000E+00  0.0000000E+00
  0.0000000E+00  0.0000000E+00
  0.0000000E+00  0.0000000E+00
  0.0000000E+00  0.0000000E+00
  0.0000000E+00  0.0000000E+00
  0.0000000E+00  0.0000000E+00
  0.0000000E+00  0.0000000E+00
  0.0000000E+00  0.0000000E+00
  0.0000000E+00  0.0000000E+00
  0.0000000E+00  0.0000000E+00
  0.0000000E+00  0.0000000E+00
  0.0000000E+00  0.0000000E+00
  0.0000000E+00  0.0000000E+00
  0.0000000E+00  0.0000000E+00
  0.0000000E+00  0.0000000E+00
  0.0000000E+00  0.0000000E+00
  0.0000000E+00  0.0000000E+00
  0.0000000E+00  0.0000000E+00
  0.0000000E+00  0.0000000E+00
  0.0000000E+00  0.0000000E+00
  0.0000000E+00  0.0000000E+00
  0.0000000E+00  0.0000000E+00
  0.0000000E+00  0.0000000E+00
  0.0000000E+00  0.0000000E+00
  0.0000000E+00  0.0000000E+00
  0.0000000E+00  0.0000000E+00
  0.0000000E+00  0.0000000E+00
  0.0000000E+00  0.0000000E+00
  0.0000000E+00  0.0000000E+00
  0.0000000E+00  0.0000000E+00
  0.0000000E+00  0.0000000E+00
  0.0000000E+00  0.0000000E+00
  0.0000000E+00  0.0000000E+00
  0.0000000E+00  0.0000000E+00
  0.0000000E+00  0.0000000E+00
  0.0000000E+00  0.0000000E+00
  0.0000000E+00  0.0000000E+00
  0.0000000E+00  0.0000000E+00
  0.0000000E+00  0.0000000E+00
  0.0000000E+00  0.0000000E+00
  0.0000000E+00  0.0000000E+00
  0.0000000E+00  0.0000000E+00
  0.0000000E+00  0.0000000E+00
  0.0000000E+00  0.0000000E+00
  0.0000000E+00  0.0000000E+00
  0.0000000E+00  0.0000000E+00
  0.0000000E+00  0.0000000E+00
  0.0000000E+00  0.0000000E+00
  0.0000000E+00  0.0000000E+00
  0.0000000E+00  0.0000000E+00
  0.0000000E+00  0.0000000E+00
  0.0000000E+00  0.0000000E+00
  0.0000000E+00  0.0000000E+00
  0.0000000E+00  0.0000000E+00
  0.0000000E+00  0.0000000E+00
  0.0000000E+00  0.0000000E+00
  0.0000000E+00  0.0000000E+00
  0.0000000E+00  0.0000000E+00
  0.0000000E+00  0.0000000E+00
  0.0000000E+00  0.0000000E+00
  0.0000000E+00  0.0000000E+00
  0.0000000E+00  0.0000000E+00
  0.0000000E+00  0.0000000E+00
  0.0000000E+00  0.0000000E+00
  0.0000000E+00  0.0000000E+00
  0.0000000E+00  0.0000000E+00
  0.0000000E+00  0.0000000E+00
  0.0000000E+00  0.0000000E+00
  0.0000000E+00  0.0000000E+00
  0.0000000E+00  0.0000000E+00
  0.0000000E+00  0.0000000E+00
  0.0000000E+00  0.0000000E+00
  0.0000000E+00  0.0000000E+00
  0.0000000E+00  0.0000000E+00
  0.0000000E+00  0.0000000E+00
  0.0000000E+00  0.0000000E+00
  0.0000000E+00  0.0000000E+00
  0.0000000E+00  0.0000000E+00
  0.0000000E+00  0.0000000E+00
  0.0000000E+00  0.0000000E+00
  0.0000000E+00  0.0000000E+00
  0.0000000E+00  0.0000000E+00
  0.0000000E+00  0.0000000E+00
  0.0000000E+00  0.0000000E+00
  0.0000000E+00  0.0000000E+00
  0.0000000E+00  0.0000000E+00
  0.0000000E+00  0.0000000E+00
  0.0000000E+00  0.0000000E+00
  0.0000000E+00  0.0000000E+00
  0.0000000E+00  0.0000000E+00
  0.0000000E+00  0.0000000E+00
