 -0.6385366E+00  0.9345834E-04
 -0.1242243E+00  0.6239859E-04
  0.1813518E+00  0.5046114E-04
  0.4230065E+00  0.4373572E-04
  0.6375770E+00  0.3894033E-04
  0.8443137E+00  0.3501086E-04
  0.3474737E+00  0.7717062E-05
  0.1339913E+01  0.2374500E-04
  0.1484908E+01  0.2017069E-04
  0.1659924E+01  0.1481092E-04
  0.2019539E+01  0.4236872E-06
  0.2005769E+01  0.6087621E-06
  0.1986559E+01  0.7056018E-06
  0.1959769E+01  0.6195403E-06
  0.1923274E+01  0.4595604E-06
  0.1879537E+01  0.5032558E-06
  0.1826422E+01  0.4301596E-06
  0.1762295E+01  0.3845726E-06
  0.1693060E+01  0.4428346E-06
  0.1618318E+01  0.2592280E-06
  0.1534020E+01  0.8975121E-07
  0.1444762E+01  0.5348511E-07
  0.1350315E+01 -0.1841815E-06
  0.1247754E+01 -0.3930018E-06
  0.1141116E+01 -0.4905301E-06
  0.1030281E+01 -0.7479046E-06
  0.9132398E+00 -0.9880507E-06
  0.7933257E+00 -0.1141007E-05
  0.6703975E+00 -0.1405466E-05
  0.5434496E+00 -0.1669975E-05
  0.4149524E+00 -0.1874362E-05
  0.2846783E+00 -0.2146317E-05
  0.1526843E+00 -0.2408652E-05
  0.2052332E-01 -0.2655134E-05
 -0.1121162E+00 -0.2915403E-05
 -0.2441090E+00 -0.3179663E-05
 -0.3748711E+00 -0.3441914E-05
 -0.5047626E+00 -0.3672775E-05
 -0.6316717E+00 -0.3913553E-05
 -0.7559828E+00 -0.4182739E-05
 -0.8781151E+00 -0.4382288E-05
 -0.9950060E+00 -0.4584061E-05
 -0.1108032E+01 -0.4848975E-05
 -0.1217617E+01 -0.5001476E-05
 -0.1319880E+01 -0.5155931E-05
 -0.1417156E+01 -0.5414081E-05
 -0.1509829E+01 -0.5506887E-05
 -0.1593351E+01 -0.5622017E-05
 -0.1670953E+01 -0.5841462E-05
 -0.1742950E+01 -0.5884128E-05
 -0.1804329E+01 -0.5949512E-05
 -0.1859084E+01 -0.6152809E-05
 -0.1907459E+01 -0.6141755E-05
 -0.1944182E+01 -0.6158975E-05
 -0.1973893E+01 -0.6328236E-05
 -0.1996722E+01 -0.6267852E-05
 -0.2007325E+01 -0.6247110E-05
 -0.2010726E+01 -0.6383678E-05
 -0.2007033E+01 -0.6278084E-05
 -0.1991087E+01 -0.6206445E-05
 -0.1968061E+01 -0.6306562E-05
 -0.1938002E+01 -0.6164251E-05
 -0.1896250E+01 -0.6055089E-05
 -0.1847959E+01 -0.6105047E-05
 -0.1792943E+01 -0.5919404E-05
 -0.1727031E+01 -0.5780356E-05
 -0.1655249E+01 -0.5770335E-05
 -0.1577473E+01 -0.5567528E-05
 -0.1490100E+01 -0.5391874E-05
 -0.1397714E+01 -0.5328629E-05
 -0.1300258E+01 -0.5101403E-05
 -0.1194974E+01 -0.4888243E-05
 -0.1085828E+01 -0.4769031E-05
 -0.9726506E+00 -0.4514397E-05
 -0.8536328E+00 -0.4272185E-05
 -0.7319609E+00 -0.4103963E-05
 -0.6074523E+00 -0.3838511E-05
 -0.4792839E+00 -0.3580864E-05
 -0.3497730E+00 -0.3368024E-05
 -0.2186586E+00 -0.3114359E-05
 -0.8613265E-01 -0.2881164E-05
  0.4688809E-01 -0.2714480E-05
  0.1791305E+00 -0.2429433E-05
  0.3110958E+00 -0.2208063E-05
  0.4419096E+00 -0.1979735E-05
  0.5709254E+00 -0.1780585E-05
  0.6975183E+00 -0.1575661E-05
  0.8210320E+00 -0.1384702E-05
  0.9409372E+00 -0.1192793E-05
  0.1056748E+01 -0.1016754E-05
  0.1168013E+01 -0.8447414E-06
  0.1274266E+01 -0.6826106E-06
  0.1375004E+01 -0.5400636E-06
  0.1469737E+01 -0.4041221E-06
  0.1558048E+01 -0.2837644E-06
  0.1639656E+01 -0.1757894E-06
  0.1714126E+01 -0.7877225E-07
  0.1780933E+01  0.7084736E-08
  0.1839854E+01  0.6481719E-07
  0.1890875E+01  0.4175786E-07
  0.1928180E+01  0.2304630E-06
  0.1957843E+01  0.6801042E-06
  0.1984398E+01  0.7619316E-06
  0.2005816E+01  0.5839919E-06
  0.2023190E+01  0.1553421E-06
  0.1655571E+01  0.1482304E-04
  0.1476286E+01  0.2021829E-04
  0.1322842E+01  0.2392855E-04
  0.1165157E+01  0.2719452E-04
  0.9949394E+00  0.3035133E-04
  0.8179030E+00  0.3382242E-04
  0.6347773E+00  0.3774211E-04
  0.1753719E+00  0.5040162E-04
 -0.1316748E+00  0.6212305E-04
 -0.6519392E+00  0.9405524E-04
 -0.6688216E+00  0.9410674E-04
  0.2852830E+00  0.6418448E-05
 -0.4800088E+00  0.6880231E-04
 -0.4020209E+00  0.5586123E-04
 -0.2856272E+00  0.3866800E-04
 -0.1473937E+00  0.1882225E-04
  0.7418047E-03 -0.2266513E-05
  0.1488433E+00 -0.2331710E-04
  0.2886225E+00 -0.4328988E-04
  0.4158651E+00 -0.6151333E-04
  0.5258043E+00 -0.7720990E-04
  0.6117474E+00 -0.8952805E-04
  0.6701280E+00 -0.9794816E-04
  0.6993241E+00 -0.1021970E-03
  0.6990359E+00 -0.1021550E-03
  0.6694565E+00 -0.9782152E-04
  0.6114793E+00 -0.8936674E-04
  0.5268844E+00 -0.7711052E-04
  0.4184983E+00 -0.6151343E-04
  0.2905855E+00 -0.4322068E-04
  0.1487877E+00 -0.2303988E-04
  0.4275799E-03 -0.1958168E-05
 -0.1467445E+00  0.1900914E-04
 -0.2876253E+00  0.3912942E-04
 -0.4163526E+00  0.5746271E-04
 -0.5231525E+00  0.7283951E-04
 -0.5996715E+00  0.8438471E-04
 -0.6378700E+00  0.9137426E-04
  0.6838102E+00  0.2440790E-04
  0.7518067E+00  0.2698363E-04
  0.4111178E+00  0.4211326E-04
  0.6125188E+00  0.3742191E-04
  0.8129008E+00  0.3312818E-04
  0.1475501E+01  0.1993694E-04
  0.2331665E+00  0.3025504E-04
  0.1629840E+01  0.1465395E-04
  0.1648166E+01  0.1477031E-04
  0.1603999E+01  0.1446212E-04
  0.1574549E+01  0.1406961E-04
  0.1536920E+01  0.1370999E-04
  0.1488794E+01  0.1338691E-04
  0.1435057E+01  0.1294223E-04
  0.1376372E+01  0.1240179E-04
  0.1312506E+01  0.1176063E-04
  0.1243412E+01  0.1104559E-04
  0.1169149E+01  0.1027793E-04
  0.1090018E+01  0.9441986E-05
  0.1006268E+01  0.8554403E-05
  0.9181580E+00  0.7626848E-05
  0.8260877E+00  0.6650215E-05
  0.7304615E+00  0.5629063E-05
  0.6317003E+00  0.4576550E-05
  0.5302773E+00  0.3491742E-05
  0.4265815E+00  0.2380483E-05
  0.3209963E+00  0.1251646E-05
  0.2140097E+00  0.1011097E-06
  0.1060592E+00 -0.1063858E-05
 -0.2395537E-02 -0.2231827E-05
 -0.1109084E+00 -0.3396342E-05
 -0.2189912E+00 -0.4566490E-05
 -0.3261207E+00 -0.5715010E-05
 -0.4319372E+00 -0.6852905E-05
 -0.5359408E+00 -0.7969563E-05
 -0.6375939E+00 -0.9062780E-05
 -0.7366061E+00 -0.1011640E-04
 -0.8324725E+00 -0.1113605E-04
 -0.9246640E+00 -0.1212358E-04
 -0.1012949E+01 -0.1305614E-04
 -0.1096853E+01 -0.1394170E-04
 -0.1175874E+01 -0.1478209E-04
 -0.1249853E+01 -0.1555626E-04
 -0.1318378E+01 -0.1627202E-04
 -0.1380980E+01 -0.1693331E-04
 -0.1437611E+01 -0.1752217E-04
 -0.1487920E+01 -0.1803995E-04
 -0.1531520E+01 -0.1850211E-04
 -0.1568422E+01 -0.1887746E-04
 -0.1598478E+01 -0.1917827E-04
 -0.1621430E+01 -0.1942646E-04
 -0.1637304E+01 -0.1958384E-04
 -0.1645913E+01 -0.1967296E-04
 -0.1647137E+01 -0.1969547E-04
 -0.1641187E+01 -0.1963076E-04
 -0.1628035E+01 -0.1949325E-04
 -0.1607577E+01 -0.1929128E-04
 -0.1580234E+01 -0.1900283E-04
 -0.1546293E+01 -0.1863532E-04
 -0.1505504E+01 -0.1820699E-04
 -0.1457954E+01 -0.1771156E-04
 -0.1404137E+01 -0.1715130E-04
 -0.1344139E+01 -0.1652994E-04
 -0.1278176E+01 -0.1584168E-04
 -0.1206668E+01 -0.1509803E-04
 -0.1129917E+01 -0.1430413E-04
 -0.1048341E+01 -0.1344194E-04
 -0.9623237E+00 -0.1253578E-04
 -0.8721389E+00 -0.1158276E-04
 -0.7782184E+00 -0.1058347E-04
 -0.6809886E+00 -0.9544855E-05
 -0.5808108E+00 -0.8482089E-05
 -0.4781117E+00 -0.7375146E-05
 -0.3733188E+00 -0.6255943E-05
 -0.2668573E+00 -0.5118929E-05
 -0.1592140E+00 -0.3970299E-05
 -0.5087787E-01 -0.2812706E-05
  0.5769721E-01 -0.1657594E-05
  0.1660992E+00 -0.5015562E-06
  0.2739728E+00  0.6460776E-06
  0.3808500E+00  0.1775451E-05
  0.4862382E+00  0.2884732E-05
  0.5894549E+00  0.3969959E-05
  0.6899078E+00  0.5033061E-05
  0.7872897E+00  0.6072499E-05
  0.8812847E+00  0.7064063E-05
  0.9715495E+00  0.8020719E-05
  0.1057667E+01  0.8919556E-05
  0.1139181E+01  0.9777196E-05
  0.1215709E+01  0.1057283E-04
  0.1287010E+01  0.1131904E-04
  0.1352906E+01  0.1197728E-04
  0.1412842E+01  0.1258786E-04
  0.1466209E+01  0.1314956E-04
  0.1512737E+01  0.1364863E-04
  0.1552133E+01  0.1408301E-04
  0.1583998E+01  0.1449290E-04
  0.1609159E+01  0.1481853E-04
  0.1628838E+01  0.1499543E-04
  0.1644133E+01  0.1500451E-04
  0.1467434E+01  0.2033135E-04
 -0.1648655E+00  0.6225689E-04
  0.1314397E+01  0.2400504E-04
  0.1156040E+01  0.2729753E-04
  0.9869996E+00  0.3059725E-04
  0.8095917E+00  0.3410028E-04
  0.6232471E+00  0.3795990E-04
 -0.1050309E+00  0.3620276E-04
  0.1188161E+00  0.5113636E-04
 -0.7892141E-01  0.2501889E-04
  0.3336241E+00  0.3396578E-04
 -0.1075872E+00  0.4468304E-04
 -0.4183459E-01  0.1180751E-04
  0.6908239E-03 -0.2335976E-05
  0.4262665E-01 -0.1628841E-04
  0.8024579E-01 -0.2953991E-04
  0.1157390E+00 -0.4185220E-04
  0.1482168E+00 -0.5251349E-04
  0.1728690E+00 -0.6087800E-04
  0.1883372E+00 -0.6656226E-04
  0.1953734E+00 -0.6945217E-04
  0.1950344E+00 -0.6946059E-04
  0.1871981E+00 -0.6646743E-04
  0.1721947E+00 -0.6072347E-04
  0.1499708E+00 -0.5243827E-04
  0.1204942E+00 -0.4195194E-04
  0.8447510E-01 -0.2967260E-04
  0.4353213E-01 -0.1618756E-04
  0.1034249E-02 -0.2249271E-05
 -0.3958705E-01  0.1163700E-04
 -0.7955050E-01  0.2530439E-04
 -0.1168124E+00  0.3773117E-04
 -0.1439620E+00  0.4789653E-04
 -0.1552479E+00  0.5545141E-04
 -0.1429234E+00  0.6060282E-04
  0.1334641E+01  0.2260864E-04
  0.9909390E+00  0.2888735E-04
  0.3555212E+00  0.4392364E-04
  0.1045939E+01  0.2969596E-04
  0.1270089E+01  0.2464533E-04
  0.5849435E+00  0.3503126E-04
  0.1458925E+01  0.1971540E-04
  0.3901961E+00  0.4000444E-04
  0.1328943E+01  0.1806743E-04
  0.1277267E+01  0.1746359E-04
  0.1222768E+01  0.1671964E-04
  0.1163945E+01  0.1587970E-04
  0.1100880E+01  0.1494056E-04
  0.1033809E+01  0.1391939E-04
  0.9625911E+00  0.1282774E-04
  0.8872584E+00  0.1166767E-04
  0.8081698E+00  0.1044128E-04
  0.7254953E+00  0.9169347E-05
  0.6396997E+00  0.7843600E-05
  0.5514097E+00  0.6472793E-05
  0.4608107E+00  0.5066628E-05
  0.3681246E+00  0.3629847E-05
  0.2737858E+00  0.2160510E-05
  0.1782181E+00  0.6671629E-06
  0.8176184E-01 -0.8327708E-06
 -0.1512534E-01 -0.2348670E-05
 -0.1119791E+00 -0.3859165E-05
 -0.2083438E+00 -0.5363683E-05
 -0.3038062E+00 -0.6851139E-05
 -0.3980477E+00 -0.8316147E-05
 -0.4905755E+00 -0.9751133E-05
 -0.5809990E+00 -0.1116052E-04
 -0.6690178E+00 -0.1252776E-04
 -0.7541394E+00 -0.1384160E-04
 -0.8359763E+00 -0.1511020E-04
 -0.9142721E+00 -0.1631615E-04
 -0.9885745E+00 -0.1746169E-04
 -0.1058512E+01 -0.1853855E-04
 -0.1123902E+01 -0.1954161E-04
 -0.1184332E+01 -0.2046533E-04
 -0.1239495E+01 -0.2130732E-04
 -0.1289261E+01 -0.2206946E-04
 -0.1333317E+01 -0.2273763E-04
 -0.1371331E+01 -0.2331338E-04
 -0.1403291E+01 -0.2380667E-04
 -0.1429349E+01 -0.2419044E-04
 -0.1449160E+01 -0.2448475E-04
 -0.1462154E+01 -0.2469351E-04
 -0.1468761E+01 -0.2480471E-04
 -0.1468968E+01 -0.2481082E-04
 -0.1462582E+01 -0.2471913E-04
 -0.1449745E+01 -0.2452750E-04
 -0.1430652E+01 -0.2423724E-04
 -0.1405652E+01 -0.2383441E-04
 -0.1375478E+01 -0.2332470E-04
 -0.1339020E+01 -0.2274484E-04
 -0.1295552E+01 -0.2210498E-04
 -0.1246619E+01 -0.2136173E-04
 -0.1192168E+01 -0.2053809E-04
 -0.1131979E+01 -0.1964782E-04
 -0.1066952E+01 -0.1867340E-04
 -0.9975265E+00 -0.1762273E-04
 -0.9238873E+00 -0.1649911E-04
 -0.8464789E+00 -0.1531088E-04
 -0.7655024E+00 -0.1406010E-04
 -0.6811496E+00 -0.1276931E-04
 -0.5939900E+00 -0.1141641E-04
 -0.5043905E+00 -0.1002538E-04
 -0.4124040E+00 -0.8599904E-05
 -0.3184746E+00 -0.7146503E-05
 -0.2232326E+00 -0.5658985E-05
 -0.1272118E+00 -0.4164295E-05
 -0.3075774E-01 -0.2662971E-05
  0.6586055E-01 -0.1155338E-05
  0.1624001E+00  0.3370002E-06
  0.2586702E+00  0.1823694E-05
  0.3539846E+00  0.3278410E-05
  0.4479770E+00  0.4712375E-05
  0.5396200E+00  0.6130964E-05
  0.6283448E+00  0.7511011E-05
  0.7143884E+00  0.8867368E-05
  0.7975782E+00  0.1017832E-04
  0.8775569E+00  0.1141395E-04
  0.9537808E+00  0.1259176E-04
  0.1025761E+01  0.1369624E-04
  0.1093362E+01  0.1473695E-04
  0.1156680E+01  0.1568039E-04
  0.1215592E+01  0.1651445E-04
  0.1268719E+01  0.1728145E-04
  0.1314738E+01  0.1801267E-04
  0.1354792E+01  0.1866231E-04
  0.1389121E+01  0.1920655E-04
  0.1416372E+01  0.1967831E-04
  0.1437254E+01  0.2005181E-04
  0.1454193E+01  0.2027308E-04
  0.4772865E-01  0.1968437E-04
  0.1015210E+00  0.3558264E-04
  0.1142393E+01  0.2722221E-04
  0.9716654E+00  0.3054083E-04
  0.7622867E+00  0.3125282E-04
  0.7981513E+00  0.3389591E-04
  0.6215619E+00  0.3732793E-04
  0.1620851E-01  0.5093498E-04
  0.2307528E-01  0.9028402E-05
 -0.7117528E-03 -0.2476930E-05
  0.1301936E+01  0.2392775E-04
 -0.2515556E-01 -0.1352333E-04
 -0.5291650E-01 -0.2398857E-04
 -0.7471769E-01 -0.3411832E-04
 -0.8735559E-01 -0.4288257E-04
 -0.9839851E-01 -0.4976008E-04
 -0.1086596E+00 -0.5439342E-04
 -0.1152603E+00 -0.5685585E-04
 -0.1158081E+00 -0.5695957E-04
 -0.1110229E+00 -0.5434741E-04
 -0.1002971E+00 -0.4953496E-04
 -0.8445500E-01 -0.4276362E-04
 -0.6541444E-01 -0.3427110E-04
 -0.4483005E-01 -0.2440990E-04
 -0.2382253E-01 -0.1369104E-04
 -0.1550280E-02 -0.2765682E-05
  0.2497839E-01  0.8158065E-05
  0.4973768E-01  0.1958487E-04
  0.6930120E-01  0.2985811E-04
  0.8923170E-01  0.3794292E-04
  0.1175878E+00  0.4384529E-04
  0.6929619E-01  0.2846440E-04
  0.1435755E+01  0.1943861E-04
  0.1378047E+01  0.1839883E-04
  0.1412044E+01  0.1883425E-04
 -0.7054836E-01  0.4956097E-04
  0.9258109E+00  0.2758251E-04
  0.3404081E+00  0.3691138E-04
  0.1200264E+01  0.2137317E-04
  0.1149634E+01  0.2055917E-04
  0.9834561E+00  0.1760447E-04
  0.9228818E+00  0.1637993E-04
  0.8588184E+00  0.1509404E-04
  0.7906615E+00  0.1373880E-04
  0.7193511E+00  0.1230270E-04
  0.6446834E+00  0.1082797E-04
  0.5673655E+00  0.9282200E-05
  0.4883908E+00  0.7690420E-05
  0.4073612E+00  0.6085493E-05
  0.3239330E+00  0.4432226E-05
  0.2387374E+00  0.2726875E-05
  0.1526349E+00  0.9861665E-06
  0.6562852E-01 -0.7682265E-06
 -0.2175152E-01 -0.2528040E-05
 -0.1088052E+00 -0.4275953E-05
 -0.1952249E+00 -0.5999829E-05
 -0.2807716E+00 -0.7717670E-05
 -0.3653028E+00 -0.9413495E-05
 -0.4481370E+00 -0.1105730E-04
 -0.5289904E+00 -0.1268968E-04
 -0.6078678E+00 -0.1425771E-04
 -0.6839665E+00 -0.1577537E-04
 -0.7569184E+00 -0.1723711E-04
 -0.8270036E+00 -0.1862798E-04
 -0.8932797E+00 -0.1994551E-04
 -0.9553851E+00 -0.2119116E-04
 -0.1013816E+01 -0.2234960E-04
 -0.1067570E+01 -0.2340920E-04
 -0.1116282E+01 -0.2439515E-04
 -0.1160653E+01 -0.2525978E-04
 -0.1199584E+01 -0.2602566E-04
 -0.1232731E+01 -0.2670487E-04
 -0.1261165E+01 -0.2725042E-04
 -0.1285314E+01 -0.2765138E-04
 -0.1302175E+01 -0.2799561E-04
 -0.1311491E+01 -0.2829194E-04
 -0.1316720E+01 -0.2841707E-04
 -0.1316462E+01 -0.2840489E-04
 -0.1309533E+01 -0.2829635E-04
 -0.1297434E+01 -0.2805145E-04
 -0.1280349E+01 -0.2767919E-04
 -0.1259105E+01 -0.2715637E-04
 -0.1235918E+01 -0.2645681E-04
 -0.1204447E+01 -0.2577476E-04
 -0.1163145E+01 -0.2507827E-04
 -0.1118404E+01 -0.2421301E-04
 -0.1068197E+01 -0.2327535E-04
 -0.1011522E+01 -0.2226306E-04
 -0.9515622E+00 -0.2112130E-04
 -0.8881504E+00 -0.1989541E-04
 -0.8211167E+00 -0.1858703E-04
 -0.7513026E+00 -0.1719141E-04
 -0.6781061E+00 -0.1574580E-04
 -0.6015981E+00 -0.1424796E-04
 -0.5232318E+00 -0.1267248E-04
 -0.4426807E+00 -0.1105804E-04
 -0.3593892E+00 -0.9400573E-05
 -0.2742401E+00 -0.7696407E-05
 -0.1883867E+00 -0.5955707E-05
 -0.1025198E+00 -0.4217308E-05
 -0.1634533E-01 -0.2484240E-05
  0.7024898E-01 -0.7534609E-06
  0.1567724E+00  0.9614719E-06
  0.2436271E+00  0.2648024E-05
  0.3290187E+00  0.4315867E-05
  0.4135410E+00  0.5951925E-05
  0.4947225E+00  0.7580858E-05
  0.5723361E+00  0.9208463E-05
  0.6486252E+00  0.1081320E-04
  0.7231884E+00  0.1234839E-04
  0.7950600E+00  0.1378008E-04
  0.8631921E+00  0.1512932E-04
  0.9270742E+00  0.1642142E-04
  0.9877443E+00  0.1762479E-04
  0.1046038E+01  0.1867718E-04
  0.1101733E+01  0.1952206E-04
  0.1148938E+01  0.2034470E-04
  0.1185626E+01  0.2124535E-04
  0.1220052E+01  0.2200590E-04
  0.1252333E+01  0.2256616E-04
  0.1273160E+01  0.2311685E-04
  0.1287100E+01  0.2363654E-04
 -0.8498222E-01 -0.1182286E-04
 -0.4067233E-02 -0.2759271E-05
  0.1177011E+01  0.2533820E-04
  0.1595929E+00  0.3998508E-04
  0.1565347E+00  0.1672539E-04
  0.7336266E+00  0.2908980E-04
  0.1300917E+01  0.2262785E-04
  0.9544645E+00  0.3022661E-04
 -0.1003732E+01 -0.3436570E-04
 -0.1733638E+00 -0.2027133E-04
  0.1097860E+01  0.1967694E-04
  0.7865811E-01  0.7348593E-05
  0.1199534E+01  0.2656321E-04
  0.1125181E+01  0.2527749E-04
 -0.2884234E+00 -0.3701201E-04
 -0.3258712E+00 -0.4300021E-04
 -0.3572776E+00 -0.4696052E-04
 -0.3761738E+00 -0.4922624E-04
 -0.3771539E+00 -0.4951018E-04
 -0.3628133E+00 -0.4692775E-04
 -0.3315269E+00 -0.4257883E-04
 -0.2843327E+00 -0.3674367E-04
 -0.2250612E+00 -0.2951813E-04
 -0.1574460E+00 -0.2120740E-04
 -0.8543485E-01 -0.1228203E-04
 -0.1178134E-01 -0.3387330E-05
  0.7264480E-01  0.5321257E-05
  0.1574175E+00  0.1596143E-04
  0.2272957E+00  0.2503273E-04
  0.2817607E+00  0.3181105E-04
  0.2180766E+00  0.2608405E-04
  0.1127618E+01  0.2688433E-04
  0.1042042E+01  0.1870973E-04
  0.7939079E+00  0.3320036E-04
 -0.1040929E+01 -0.3235405E-04
 -0.2450104E+00 -0.2940171E-04
  0.6654751E+00  0.3550058E-04
  0.8906372E+00  0.2569558E-04
  0.1070194E+01  0.2446889E-04
  0.6089132E+00  0.3143146E-04
  0.6994969E+00  0.3273650E-04
  0.1294971E+01  0.2151930E-04
  0.1029053E+01  0.2324407E-04
  0.1411373E+00  0.6254755E-05
  0.8709738E+00  0.1993754E-04
  0.8191944E+00  0.1845929E-04
  0.6380721E+00  0.1385573E-04
  0.5715655E+00  0.1221869E-04
  0.5019928E+00  0.1048850E-04
  0.4334959E+00  0.8705664E-05
  0.3628322E+00  0.6983929E-05
  0.2874366E+00  0.5214549E-05
  0.2092940E+00  0.3278713E-05
  0.1321620E+00  0.1260548E-05
  0.5354705E-01 -0.7134357E-06
 -0.2511624E-01 -0.2715603E-05
 -0.1024536E+00 -0.4656050E-05
 -0.1790840E+00 -0.6526740E-05
 -0.2548178E+00 -0.8452479E-05
 -0.3304376E+00 -0.1032990E-04
 -0.4040403E+00 -0.1212168E-04
 -0.4751434E+00 -0.1396605E-04
 -0.5460947E+00 -0.1570871E-04
 -0.6136305E+00 -0.1735597E-04
 -0.6771800E+00 -0.1903273E-04
 -0.7404825E+00 -0.2057210E-04
 -0.7991379E+00 -0.2200743E-04
 -0.8525078E+00 -0.2344626E-04
 -0.9056197E+00 -0.2471139E-04
 -0.9530136E+00 -0.2587362E-04
 -0.9940637E+00 -0.2702244E-04
 -0.1034760E+01 -0.2795514E-04
 -0.1068866E+01 -0.2880025E-04
 -0.1096210E+01 -0.2961578E-04
 -0.1123637E+01 -0.3016316E-04
 -0.1150565E+01 -0.3042724E-04
 -0.1161278E+01 -0.3089009E-04
 -0.1161097E+01 -0.3142132E-04
 -0.1166331E+01 -0.3154723E-04
 -0.1166261E+01 -0.3151023E-04
 -0.1157066E+01 -0.3141988E-04
 -0.1148010E+01 -0.3105952E-04
 -0.1134991E+01 -0.3057956E-04
 -0.1117709E+01 -0.2990494E-04
 -0.1108727E+01 -0.2886577E-04
 -0.1084458E+01 -0.2816133E-04
 -0.1040262E+01 -0.2759107E-04
 -0.1000970E+01 -0.2654375E-04
 -0.9540979E+00 -0.2557326E-04
 -0.8974242E+00 -0.2452651E-04
 -0.8431362E+00 -0.2318128E-04
 -0.7863653E+00 -0.2181123E-04
 -0.7252782E+00 -0.2034631E-04
 -0.6639329E+00 -0.1874198E-04
 -0.5981765E+00 -0.1717139E-04
 -0.5275559E+00 -0.1553017E-04
 -0.4581985E+00 -0.1372460E-04
 -0.3871904E+00 -0.1191853E-04
 -0.3112975E+00 -0.1005199E-04
 -0.2334229E+00 -0.8106019E-05
 -0.1563392E+00 -0.6112060E-05
 -0.8117948E-01 -0.4171240E-05
 -0.5151642E-02 -0.2299868E-05
  0.7242522E-01 -0.3577396E-06
  0.1488973E+00  0.1530127E-05
  0.2280854E+00  0.3332190E-05
  0.3021840E+00  0.5161191E-05
  0.3782801E+00  0.6921876E-05
  0.4469225E+00  0.8730816E-05
  0.5107350E+00  0.1055208E-04
  0.5788878E+00  0.1245870E-04
  0.6471977E+00  0.1426271E-04
  0.7131093E+00  0.1583140E-04
  0.7740278E+00  0.1728459E-04
  0.8293567E+00  0.1877987E-04
  0.8847706E+00  0.2015850E-04
  0.9416209E+00  0.2127050E-04
  0.9988649E+00  0.2183915E-04
  0.1037079E+01  0.2264130E-04
  0.1053695E+01  0.2390684E-04
  0.1085173E+01  0.2485519E-04
  0.1126737E+01  0.2518249E-04
  0.9255382E+00  0.2125456E-04
  0.9806409E+00  0.2222444E-04
  0.1259871E+01  0.2190026E-04
 -0.6293598E+00 -0.4339733E-04
  0.4814916E+00  0.2838528E-04
  0.2687080E+00  0.1431752E-04
 -0.4171070E+00 -0.2578249E-04
  0.9134135E+00  0.2988970E-04
  0.5877702E+00  0.3186201E-04
 -0.1425069E+00 -0.1052795E-04
  0.6829252E+00  0.2676050E-04
  0.5277859E+00  0.3120706E-04
 -0.4842271E+00 -0.3264480E-04
 -0.5424871E+00 -0.3796828E-04
 -0.6315649E+00 -0.4405930E-04
 -0.6080335E+00 -0.4119974E-04
 -0.5571610E+00 -0.3708551E-04
 -0.4799290E+00 -0.3203702E-04
 -0.3820621E+00 -0.2582262E-04
 -0.2690889E+00 -0.1869946E-04
 -0.1480941E+00 -0.1110304E-04
 -0.3325306E-01 -0.3868177E-05
  0.2202502E+00  0.4678169E-04
  0.2744690E+00  0.1321700E-04
  0.3855383E+00  0.2167081E-04
  0.4605973E+00  0.2716577E-04
  0.3798875E+00  0.2170376E-04
  0.7631634E+00  0.1702657E-04
 -0.5952086E+00 -0.4122285E-04
  0.7010003E+00  0.1550154E-04
  0.1569094E+00  0.4775660E-04
  0.8125395E+00  0.2389705E-04
  0.1128962E+01  0.2595627E-04
  0.7598466E+00  0.3281590E-04
  0.7559612E+00  0.2212795E-04
 -0.8538188E+00 -0.3684382E-04
  0.1354717E+01  0.2276150E-04
  0.1793739E+00  0.5164937E-05
 -0.7628936E+00 -0.3323251E-04
  0.4391519E+00  0.1150556E-04
  0.7195910E+00  0.2024518E-04
  0.5617426E+00  0.1513938E-04
  0.5047976E+00  0.1349252E-04
  0.3287807E+00  0.7832383E-05
  0.2585500E+00  0.6259329E-05
  0.1771215E+00  0.3975610E-05
  0.1103693E+00  0.1408898E-05
  0.4149594E-01 -0.6919307E-06
 -0.2898795E-01 -0.3015877E-05
 -0.9592091E-01 -0.5027130E-05
 -0.1606728E+00 -0.6887840E-05
 -0.2264532E+00 -0.9100440E-05
 -0.2956321E+00 -0.1113522E-04
 -0.3584260E+00 -0.1293331E-04
 -0.4185576E+00 -0.1510111E-04
 -0.4855972E+00 -0.1697611E-04
 -0.5433122E+00 -0.1863389E-04
 -0.5949096E+00 -0.2065589E-04
 -0.6564828E+00 -0.2226000E-04
 -0.7064845E+00 -0.2370962E-04
 -0.7472918E+00 -0.2550407E-04
 -0.8008980E+00 -0.2677421E-04
 -0.8412248E+00 -0.2794977E-04
 -0.8695175E+00 -0.2943655E-04
 -0.9129897E+00 -0.3030879E-04
 -0.9419706E+00 -0.3116827E-04
 -0.9592397E+00 -0.3231757E-04
 -0.9949436E+00 -0.3276407E-04
 -0.1018762E+01 -0.3346495E-04
 -0.1016439E+01 -0.3434340E-04
 -0.1018307E+01 -0.3425503E-04
 -0.9998786E+00 -0.3436947E-04
 -0.1001756E+01 -0.3365873E-04
 -0.9947627E+00 -0.3302362E-04
 -0.9770941E+00 -0.3217604E-04
 -0.9293222E+00 -0.2986643E-04
 -0.8482082E+00 -0.2828579E-04
 -0.7814462E+00 -0.2675044E-04
 -0.7394418E+00 -0.2493557E-04
 -0.6931490E+00 -0.2350985E-04
 -0.6349008E+00 -0.2199519E-04
 -0.5858390E+00 -0.2007459E-04
 -0.5269908E+00 -0.1849973E-04
 -0.4493901E+00 -0.1693982E-04
 -0.3901853E+00 -0.1462019E-04
 -0.3380570E+00 -0.1267331E-04
 -0.2681700E+00 -0.1067947E-04
 -0.1938032E+00 -0.8410350E-05
 -0.1235249E+00 -0.6027639E-05
 -0.6118941E-01 -0.4011759E-05
  0.2743853E-02 -0.2137202E-05
  0.7513759E-01  0.1700445E-06
  0.1104158E+01  0.2765272E-04
  0.3840622E+00  0.9111833E-05
  0.4364688E+00  0.1137952E-04
  0.5041292E+00  0.1390578E-04
  0.5712533E+00  0.1620895E-04
  0.6342437E+00  0.1768508E-04
  0.6874094E+00  0.1911415E-04
  0.7304522E+00  0.2088566E-04
  0.7816830E+00  0.2260825E-04
  0.8443339E+00  0.2402648E-04
  0.4761859E-01 -0.5342781E-07
  0.6739317E+00  0.1875799E-04
 -0.8449387E+00 -0.3702127E-04
  0.6300923E+00  0.2300944E-04
  0.3607633E+00  0.1180192E-04
 -0.5479472E+00 -0.2369126E-04
  0.6239903E+00  0.2386895E-04
 -0.8100475E+00 -0.3582549E-04
 -0.8173919E+00 -0.3491964E-04
  0.5508404E+00  0.3692578E-04
  0.6129947E+00  0.1709303E-04
 -0.7424237E+00 -0.3170299E-04
 -0.6395334E+00 -0.2743334E-04
 -0.5097426E+00 -0.2218682E-04
 -0.3592741E+00 -0.1617223E-04
 -0.1965911E+00 -0.9763857E-05
 -0.3975187E-01 -0.3931433E-05
  0.4468779E+00  0.4169371E-04
  0.3774279E+00  0.1144742E-04
  0.5204203E+00  0.1833140E-04
  0.4233975E+00  0.4285822E-04
 -0.1704663E+00 -0.9600296E-05
  0.3836459E+00  0.9518054E-05
 -0.2936558E-01 -0.3602700E-05
 -0.8244607E-01 -0.5013537E-05
  0.1989232E+00  0.3701264E-05
  0.6159605E-01 -0.8907932E-07
 -0.6546373E+00 -0.2868306E-04
  0.4994324E+00  0.1768668E-04
 -0.8755287E+00 -0.3578341E-04
  0.4415975E+00  0.3694968E-04
  0.2513158E+00  0.4298451E-04
  0.8906274E+00  0.2658249E-04
  0.1033634E+01  0.2735660E-04
  0.5093592E+00  0.3802476E-04
 -0.3282397E+00  0.6769669E-04
 -0.4991832E+00  0.7587619E-04
  0.1825576E+00  0.6080898E-05
  0.8072553E-01  0.2959936E-05
  0.8725787E+00  0.2428109E-04
 -0.3890744E+00 -0.1996033E-04
  0.1001760E+01  0.2616702E-04
 -0.2664941E+00 -0.1680311E-04
 -0.1743563E-01 -0.2938463E-05
 -0.9001889E+00 -0.2824631E-04
  0.1363239E+00  0.1914243E-05
 -0.8799943E+00 -0.3691994E-04
 -0.3063028E+00 -0.1401945E-04
  0.8819497E+00  0.2872288E-04
 -0.5002788E+00 -0.2041198E-04
  0.3123596E+00  0.9558507E-05
 -0.8663827E+00 -0.3583098E-04
  0.4659153E+00  0.1555351E-04
 -0.8109507E+00 -0.3297444E-04
 -0.6266705E+00 -0.2597003E-04
  0.6086863E+00  0.2119313E-04
  0.5829892E+00  0.2004909E-04
 -0.7194576E+00 -0.2929985E-04
 -0.5979083E+00 -0.2458128E-04
 -0.4518657E+00 -0.1899424E-04
 -0.2878617E+00 -0.1278897E-04
 -0.1161542E+00 -0.6298348E-05
  0.5091853E-01  0.5490389E-06
  0.2930325E+00  0.8349226E-05
  0.9299993E+00  0.2409418E-04
 -0.9917414E+00 -0.3059232E-04
 -0.2400308E+00 -0.1097534E-04
  0.2537020E+00  0.6499684E-05
  0.4341545E+00  0.1544747E-04
 -0.7223327E+00 -0.3095320E-04
 -0.1186590E+01  0.1350506E-03
 -0.1348236E+01  0.1137617E-03
 -0.1571210E+01  0.1066990E-03
 -0.1795861E+01  0.1029163E-03
 -0.2015729E+01  0.1003508E-03
 -0.2230067E+01  0.9832909E-04
 -0.2438957E+01  0.9657638E-04
 -0.2642689E+01  0.9497632E-04
 -0.2841487E+01  0.9346863E-04
 -0.3035393E+01  0.9201480E-04
 -0.3224329E+01  0.9059570E-04
 -0.3408244E+01  0.8919410E-04
 -0.3587166E+01  0.8780100E-04
 -0.3761329E+01  0.8640802E-04
 -0.3931633E+01  0.8502520E-04
 -0.4100047E+01  0.8368092E-04
 -0.4271117E+01  0.8244267E-04
 -0.4454505E+01  0.8145194E-04
 -0.4671457E+01  0.8102987E-04
 -0.4972875E+01  0.8194299E-04
 -0.4755509E+01  0.7833808E-04
 -0.4330308E+01  0.7131011E-04
 -0.3715855E+01  0.6116751E-04
 -0.2938972E+01  0.4835044E-04
 -0.2033602E+01  0.3341884E-04
 -0.1039294E+01  0.1702676E-04
  0.3823001E-03 -0.1083164E-06
  0.1039912E+01 -0.1723607E-04
  0.2033989E+01 -0.3361045E-04
  0.2939214E+01 -0.4851519E-04
  0.3716024E+01 -0.6130191E-04
  0.4330437E+01 -0.7140725E-04
  0.4755597E+01 -0.7839287E-04
  0.4972929E+01 -0.8195241E-04
  0.4972902E+01 -0.8192836E-04
  0.4755556E+01 -0.7832429E-04
  0.4330359E+01 -0.7129705E-04
  0.3715911E+01 -0.6115234E-04
  0.2939053E+01 -0.4833729E-04
  0.2033752E+01 -0.3340683E-04
  0.1039564E+01 -0.1701724E-04
 -0.5993586E-04  0.1168545E-06
 -0.1039677E+01  0.1724621E-04
 -0.2033853E+01  0.3362160E-04
 -0.2939129E+01  0.4852841E-04
 -0.3715945E+01  0.6131403E-04
 -0.4330362E+01  0.7142022E-04
 -0.4755517E+01  0.7840563E-04
 -0.4972857E+01  0.8196553E-04
 -0.4671414E+01  0.8105009E-04
 -0.4454453E+01  0.8147460E-04
 -0.4271089E+01  0.8246377E-04
 -0.4099997E+01  0.8370366E-04
 -0.3931614E+01  0.8504748E-04
 -0.3761301E+01  0.8643327E-04
 -0.3587096E+01  0.8782426E-04
 -0.3408184E+01  0.8921810E-04
 -0.3224265E+01  0.9061842E-04
 -0.3035317E+01  0.9203817E-04
 -0.2841435E+01  0.9349250E-04
 -0.2642642E+01  0.9500173E-04
 -0.2438920E+01  0.9660233E-04
 -0.2230065E+01  0.9835874E-04
 -0.2015724E+01  0.1003797E-03
 -0.1795847E+01  0.1029489E-03
 -0.1571187E+01  0.1067369E-03
 -0.1348071E+01  0.1137986E-03
 -0.1185020E+01  0.1350067E-03
 -0.1133135E+01  0.1291611E-03
 -0.1032403E+01  0.1176538E-03
 -0.8862566E+00  0.1009555E-03
 -0.7010169E+00  0.7981130E-04
 -0.4850578E+00  0.5516152E-04
 -0.2479852E+00  0.2807388E-04
 -0.1330287E-03 -0.2737458E-06
  0.2476807E+00 -0.2863372E-04
  0.4846874E+00 -0.5575351E-04
  0.7004972E+00 -0.8045786E-04
  0.8856959E+00 -0.1016642E-03
  0.1032118E+01 -0.1184494E-03
  0.1133413E+01 -0.1300862E-03
  0.1185207E+01 -0.1360501E-03
  0.1185239E+01 -0.1360834E-03
  0.1133455E+01 -0.1301859E-03
  0.1032062E+01 -0.1186197E-03
  0.8854901E+00 -0.1018927E-03
  0.7002322E+00 -0.8073108E-04
  0.4844003E+00 -0.5606027E-04
  0.2474606E+00 -0.2895038E-04
 -0.3964430E-03 -0.5978403E-06
 -0.2483216E+00  0.2775229E-04
 -0.4855430E+00  0.5485992E-04
 -0.7014701E+00  0.7952627E-04
 -0.8854980E+00  0.1005885E-03
 -0.1026484E+01  0.1169111E-03
 -0.1130637E+01  0.1287905E-03
 -0.1717284E+01  0.9838978E-04
 -0.1927576E+01  0.9593814E-04
 -0.2132523E+01  0.9400574E-04
 -0.2332280E+01  0.9233141E-04
 -0.2527112E+01  0.9080189E-04
 -0.2717227E+01  0.8935824E-04
 -0.2902658E+01  0.8796951E-04
 -0.3083329E+01  0.8661317E-04
 -0.3259183E+01  0.8527171E-04
 -0.3430245E+01  0.8393898E-04
 -0.3596785E+01  0.8260965E-04
 -0.3759638E+01  0.8128585E-04
 -0.3920707E+01  0.8000102E-04
 -0.4084347E+01  0.7881644E-04
 -0.4259734E+01  0.7786862E-04
 -0.4467247E+01  0.7746381E-04
 -0.4067724E+01  0.7051315E-04
 -0.3490419E+01  0.6048247E-04
 -0.2760335E+01  0.4780462E-04
 -0.1909040E+01  0.3302738E-04
 -0.9741948E+00  0.1680388E-04
  0.2593452E-02 -0.1418113E-06
  0.9784240E+00 -0.1706452E-04
  0.1911549E+01 -0.3324155E-04
  0.2761487E+01 -0.4797314E-04
  0.3491020E+01 -0.6061218E-04
  0.4068113E+01 -0.7060378E-04
  0.4467459E+01 -0.7751073E-04
  0.4671562E+01 -0.8102929E-04
  0.4671517E+01 -0.8100487E-04
  0.4467319E+01 -0.7743993E-04
  0.4067872E+01 -0.7049219E-04
  0.3490633E+01 -0.6046138E-04
  0.2760845E+01 -0.4778841E-04
  0.1910399E+01 -0.3302575E-04
  0.9764489E+00 -0.1681979E-04
 -0.1654432E-03  0.1218081E-06
 -0.9767686E+00  0.1705855E-04
 -0.1910671E+01  0.3325065E-04
 -0.2761058E+01  0.4799010E-04
 -0.3490765E+01  0.6063039E-04
 -0.4067912E+01  0.7062365E-04
 -0.4467269E+01  0.7753014E-04
 -0.4259807E+01  0.7793618E-04
 -0.4084466E+01  0.7888410E-04
 -0.3920907E+01  0.8007061E-04
 -0.3759847E+01  0.8135633E-04
 -0.3596956E+01  0.8268017E-04
 -0.3430349E+01  0.8401189E-04
 -0.3259221E+01  0.8534538E-04
 -0.3083330E+01  0.8668675E-04
 -0.2902659E+01  0.8804478E-04
 -0.2717255E+01  0.8943737E-04
 -0.2527148E+01  0.9088144E-04
 -0.2332327E+01  0.9241449E-04
 -0.2132604E+01  0.9409443E-04
 -0.1927630E+01  0.9602919E-04
 -0.1717364E+01  0.9848776E-04
 -0.1502461E+01  0.1021093E-03
 -0.1288952E+01  0.1088521E-03
 -0.1173666E+01  0.9914978E-04
 -0.1007134E+01  0.8511836E-04
 -0.7966037E+00  0.6736810E-04
 -0.5512440E+00  0.4667875E-04
 -0.2818287E+00  0.2394896E-04
 -0.1576360E-03  0.1655098E-06
  0.2814872E+00 -0.2362621E-04
  0.5508167E+00 -0.4638487E-04
  0.7960842E+00 -0.6711451E-04
  0.1006563E+01 -0.8491146E-04
  0.1173035E+01 -0.9899945E-04
  0.1288208E+01 -0.1087623E-03
  0.1347088E+01 -0.1137686E-03
  0.1347106E+01 -0.1137972E-03
  0.1288226E+01 -0.1088515E-03
  0.1173016E+01 -0.9914730E-04
  0.1006504E+01 -0.8511052E-04
  0.7960226E+00 -0.6735410E-04
  0.5507516E+00 -0.4665094E-04
  0.2814086E+00 -0.2390725E-04
 -0.2580932E-03 -0.1202030E-06
 -0.2819826E+00  0.2366966E-04
 -0.5514750E+00  0.4642378E-04
 -0.7968469E+00  0.6714016E-04
 -0.1007194E+01  0.8490391E-04
 -0.1173242E+01  0.9893764E-04
 -0.1288762E+01  0.1087111E-03
 -0.1502378E+01  0.1019983E-03
 -0.1755159E+01  0.8734508E-04
 -0.2301029E+01  0.8266336E-04
 -0.2474140E+01  0.8134876E-04
 -0.2642960E+01  0.8008137E-04
 -0.2807432E+01  0.7884471E-04
 -0.2967491E+01  0.7762398E-04
 -0.3123001E+01  0.7640789E-04
 -0.3274365E+01  0.7519417E-04
 -0.3422500E+01  0.7398665E-04
 -0.3569409E+01  0.7281892E-04
 -0.3718706E+01  0.7174225E-04
 -0.3878647E+01  0.7088228E-04
 -0.3327632E+01  0.6078957E-04
 -0.1815999E+01  0.3312519E-04
 -0.2630093E+01  0.4802289E-04
 -0.9233646E+00  0.1679370E-04
  0.8082544E-02 -0.2404259E-06
  0.9370009E+00 -0.1721850E-04
  0.1824877E+01 -0.3344277E-04
  0.2634200E+01 -0.4822950E-04
  0.3329304E+01 -0.6092477E-04
  0.3879385E+01 -0.7096609E-04
  0.4260104E+01 -0.7790658E-04
  0.4454712E+01 -0.8144321E-04
  0.4454627E+01 -0.8141854E-04
  0.4259902E+01 -0.7783548E-04
  0.3878973E+01 -0.7085084E-04
  0.3328518E+01 -0.6076828E-04
  0.2632595E+01 -0.4802903E-04
  0.1821627E+01 -0.3319063E-04
  0.9310359E+00 -0.1690064E-04
 -0.2276153E-03  0.1282652E-06
 -0.9314728E+00  0.1715241E-04
 -0.1821990E+01  0.3342744E-04
 -0.2632873E+01  0.4824223E-04
 -0.3328690E+01  0.6095042E-04
 -0.3879010E+01  0.7099400E-04
 -0.3719347E+01  0.7185830E-04
 -0.3423726E+01  0.7411053E-04
 -0.3570388E+01  0.7293792E-04
 -0.3275380E+01  0.7531599E-04
 -0.3123648E+01  0.7652921E-04
 -0.2967792E+01  0.7774598E-04
 -0.2807622E+01  0.7896849E-04
 -0.2643105E+01  0.8020681E-04
 -0.2474268E+01  0.8147546E-04
 -0.2301163E+01  0.8279464E-04
 -0.2123768E+01  0.8419233E-04
 -0.1941915E+01  0.8572593E-04
 -0.1755278E+01  0.8749134E-04
 -0.1563823E+01  0.8972975E-04
 -0.1368112E+01  0.9302256E-04
 -0.1174009E+01  0.7987732E-04
 -0.6425897E+00  0.4386016E-04
 -0.9285936E+00  0.6324689E-04
 -0.3285325E+00  0.2256154E-04
 -0.1540557E-03  0.2798383E-06
  0.3282000E+00 -0.2200891E-04
  0.6421941E+00 -0.4333161E-04
  0.9281359E+00 -0.6275310E-04
  0.1173492E+01 -0.7943025E-04
  0.1367587E+01 -0.9262507E-04
  0.1501883E+01 -0.1017709E-03
  0.1570530E+01 -0.1064613E-03
  0.1570535E+01 -0.1064897E-03
  0.1501902E+01 -0.1018579E-03
  0.1367613E+01 -0.9276884E-04
  0.1173549E+01 -0.7961848E-04
  0.9281685E+00 -0.6298328E-04
  0.6422501E+00 -0.4358724E-04
  0.3282362E+00 -0.2228059E-04
 -0.1343435E-03  0.3222880E-08
 -0.3285330E+00  0.2229074E-04
 -0.6425936E+00  0.4360757E-04
 -0.9285632E+00  0.6301800E-04
 -0.1173913E+01  0.7967244E-04
 -0.1367940E+01  0.9285531E-04
 -0.1941750E+01  0.8558221E-04
 -0.2123631E+01  0.8405740E-04
 -0.1563673E+01  0.8957348E-04
 -0.2267693E+01  0.6869931E-04
 -0.2122842E+01  0.6978690E-04
 -0.2545620E+01  0.6658734E-04
 -0.2678220E+01  0.6552968E-04
 -0.2806972E+01  0.6446394E-04
 -0.2933451E+01  0.6341086E-04
 -0.3059826E+01  0.6241312E-04
 -0.3189239E+01  0.6151113E-04
  0.1426019E-01 -0.3631321E-06
  0.9033015E+00 -0.1751158E-04
 -0.1735536E+01  0.3342663E-04
 -0.8791038E+00  0.1688267E-04
 -0.2517808E+01  0.4854020E-04
  0.1752639E+01 -0.3388698E-04
  0.2527139E+01 -0.4882401E-04
  0.3192879E+01 -0.6166111E-04
  0.3719960E+01 -0.7181815E-04
  0.4084911E+01 -0.7884406E-04
  0.4271454E+01 -0.8242278E-04
  0.4271353E+01 -0.8239673E-04
  0.4084606E+01 -0.7877134E-04
  0.3719342E+01 -0.7170208E-04
  0.3191534E+01 -0.6149724E-04
  0.2524231E+01 -0.4860435E-04
  0.1746619E+01 -0.3358573E-04
  0.8926978E+00 -0.1709952E-04
 -0.2301378E-03  0.1351500E-06
 -0.8931365E+00  0.1736485E-04
 -0.1746999E+01  0.3383661E-04
 -0.2524499E+01  0.4883022E-04
 -0.3191686E+01  0.6169213E-04
 -0.2680375E+01  0.6570407E-04
 -0.2546612E+01  0.6674880E-04
 -0.2937948E+01  0.6362624E-04
 -0.2810621E+01  0.6466133E-04
 -0.3063835E+01  0.6261978E-04
 -0.2409142E+01  0.6779942E-04
 -0.2267962E+01  0.6886454E-04
 -0.2123087E+01  0.6995703E-04
 -0.1974557E+01  0.7109105E-04
 -0.1822354E+01  0.7229553E-04
 -0.1666331E+01  0.7361462E-04
 -0.1506218E+01  0.7513010E-04
 -0.1341944E+01  0.7705446E-04
 -0.1216740E-03  0.3100625E-06
  0.3752156E+00 -0.2117806E-04
 -0.7344791E+00  0.4232730E-04
 -0.3754864E+00  0.2179155E-04
 -0.1061402E+01  0.6102031E-04
  0.7341502E+00 -0.4173442E-04
  0.1060995E+01 -0.6045917E-04
  0.1341473E+01 -0.7653593E-04
  0.1563320E+01 -0.8926156E-04
  0.1716858E+01 -0.9807564E-04
  0.1795331E+01 -0.1026000E-03
  0.1795352E+01 -0.1026278E-03
  0.1716905E+01 -0.9816053E-04
  0.1563408E+01 -0.8939901E-04
  0.1341575E+01 -0.7672256E-04
  0.1061117E+01 -0.6068431E-04
  0.7342747E+00 -0.4198710E-04
  0.3753327E+00 -0.2144540E-04
 -0.2444979E-04  0.3857983E-07
 -0.3753896E+00  0.2152519E-04
 -0.7343670E+00  0.4207619E-04
 -0.1061264E+01  0.6079361E-04
 -0.1341778E+01  0.7685924E-04
 -0.1666132E+01  0.7342871E-04
 -0.1822145E+01  0.7211620E-04
 -0.2408662E+01  0.6763832E-04
 -0.1506046E+01  0.7494509E-04
 -0.1974331E+01  0.7091681E-04
 -0.2013231E+01  0.5266395E-04
 -0.2117067E+01  0.5180160E-04
 -0.2413873E+01  0.4922001E-04
  0.1683298E+01 -0.3439387E-04
  0.2426546E+01 -0.4954536E-04
  0.8674553E+00 -0.1777008E-04
  0.1316624E-01 -0.3518783E-06
 -0.1663857E+01  0.3389372E-04
 -0.8439060E+00  0.1714289E-04
 -0.1679066E+01  0.5538373E-04
  0.3571249E+01 -0.7288638E-04
  0.3921451E+01 -0.8001603E-04
  0.4100487E+01 -0.8364865E-04
  0.4100375E+01 -0.8362349E-04
  0.3921074E+01 -0.7994278E-04
  0.3570444E+01 -0.7276852E-04
  0.3063737E+01 -0.6241033E-04
  0.2423161E+01 -0.4932412E-04
  0.1676695E+01 -0.3408192E-04
  0.8569813E+00 -0.1734960E-04
 -0.1684353E-03  0.1419336E-06
 -0.8573103E+00  0.1762903E-04
 -0.1676976E+01  0.3434726E-04
 -0.2423345E+01  0.4956584E-04
 -0.1905321E+01  0.5367058E-04
 -0.1793640E+01  0.5451570E-04
 -0.2014081E+01  0.5283669E-04
 -0.2119931E+01  0.5200929E-04
 -0.2323759E+01  0.5036259E-04
 -0.2223004E+01  0.5118290E-04
  0.1505773E+01 -0.7461241E-04
 -0.1561627E+01  0.5628675E-04
 -0.1441277E+01  0.5724470E-04
 -0.1317915E+01  0.5829325E-04
 -0.1191319E+01  0.5949777E-04
  0.8240969E+00 -0.4068488E-04
  0.1190964E+01 -0.5893994E-04
  0.4212246E+00 -0.2064500E-04
 -0.6952295E-04  0.3042080E-06
 -0.8243538E+00  0.4127177E-04
 -0.4213938E+00  0.2124857E-04
  0.1754787E+01 -0.8701854E-04
  0.1927110E+01 -0.9561234E-04
  0.2015202E+01 -0.1000235E-03
  0.2015225E+01 -0.1000529E-03
  0.1927168E+01 -0.9570042E-04
  0.1754900E+01 -0.8715736E-04
  0.1505911E+01 -0.7479960E-04
  0.1191123E+01 -0.5916353E-04
  0.8242747E+00 -0.4093390E-04
  0.4214023E+00 -0.2090824E-04
  0.1031724E-03  0.3783276E-07
 -0.4212393E+00  0.2098629E-04
 -0.8241772E+00  0.4102364E-04
 -0.1191124E+01  0.5927541E-04
 -0.1561449E+01  0.5608100E-04
 -0.1905454E+01  0.5350292E-04
 -0.1441063E+01  0.5703232E-04
  0.3065386E+01 -0.6257478E-04
 -0.1317706E+01  0.5807547E-04
 -0.1678992E+01  0.5518846E-04
 -0.2314888E+01  0.5002580E-04
 -0.2217132E+01  0.5091075E-04
 -0.1793741E+01  0.5433479E-04
 -0.1396437E+01  0.3651080E-04
 -0.1467790E+01  0.3589043E-04
 -0.8157623E+00  0.1756549E-04
  0.1610512E+01 -0.3485248E-04
  0.2325665E+01 -0.5029571E-04
 -0.1598994E+01  0.3452428E-04
  0.8250676E+00 -0.1790002E-04
  0.4247733E-02 -0.1695010E-06
 -0.9972263E+00  0.3969710E-04
  0.3424645E+01 -0.7404194E-04
 -0.1393535E+01  0.3661816E-04
  0.3932142E+01 -0.8497847E-04
  0.3760447E+01 -0.8128638E-04
  0.3760098E+01 -0.8121431E-04
  0.3423852E+01 -0.7392302E-04
  0.2937946E+01 -0.6340056E-04
  0.2323697E+01 -0.5010543E-04
  0.1607891E+01 -0.3462075E-04
  0.8218652E+00 -0.1762179E-04
 -0.6108421E-04  0.1485327E-06
 -0.8219919E+00  0.1791477E-04
 -0.1607999E+01  0.3490013E-04
 -0.1538233E+01  0.3546978E-04
  0.1665856E+01 -0.7312926E-04
 -0.1240936E+01  0.3778829E-04
 -0.1318229E+01  0.3719747E-04
 -0.1466850E+01  0.3604313E-04
  0.2131979E+01 -0.9370681E-04
 -0.9119156E+00  0.4043084E-04
  0.4661125E+00 -0.2024270E-04
 -0.1080447E+01  0.3902636E-04
 -0.4660988E+00  0.2080925E-04
  0.2229442E+01 -0.9802827E-04
  0.1317613E+01 -0.5776987E-04
  0.9117885E+00 -0.3988154E-04
  0.3690663E-04  0.2860102E-06
  0.1941338E+01 -0.8528487E-04
  0.2229468E+01 -0.9805538E-04
  0.2132062E+01 -0.9379254E-04
  0.1941474E+01 -0.8542115E-04
  0.1666047E+01 -0.7330981E-04
  0.1317814E+01 -0.5798814E-04
  0.9119865E+00 -0.4012549E-04
  0.4662886E+00 -0.2050317E-04
  0.1974624E-03  0.2240620E-07
 -0.4659343E+00  0.2055216E-04
 -0.9117266E+00  0.4018991E-04
 -0.1162264E+01  0.3819575E-04
 -0.1320821E+01  0.3707202E-04
  0.2939195E+01 -0.6355402E-04
 -0.9970973E+00  0.3946275E-04
 -0.1534873E+01  0.3521364E-04
 -0.1242475E+01  0.3762547E-04
 -0.1080504E+01  0.3880408E-04
  0.3932022E+01 -0.8495235E-04
 -0.1161671E+01  0.3839391E-04
 -0.7562421E+00  0.1845100E-04
 -0.4606673E-02  0.3452275E-07
  0.2222546E+01 -0.5105026E-04
 -0.7121339E+00  0.1880329E-04
  0.3761694E+01 -0.8631940E-04
  0.3276093E+01 -0.7522672E-04
 -0.5096313E+00  0.2042233E-04
  0.2810732E+01 -0.6441832E-04
 -0.7496914E+00  0.1850572E-04
 -0.5935633E+00  0.1973282E-04
  0.3597549E+01 -0.8259384E-04
  0.3275549E+01 -0.7511207E-04
  0.1538333E+01 -0.3517517E-04
  0.7863767E+00 -0.1790184E-04
  0.6348442E-04  0.1556800E-06
 -0.7862558E+00  0.1820918E-04
  0.2438275E+01 -0.9633161E-04
 -0.6340678E+00  0.1941400E-04
  0.9973167E+00 -0.3919146E-04
  0.1821962E+01 -0.7184761E-04
 -0.6735950E+00  0.1910525E-04
  0.2123330E+01 -0.8392147E-04
  0.2438249E+01 -0.9630421E-04
  0.2123199E+01 -0.8378819E-04
  0.2331765E+01 -0.9214399E-04
  0.5098980E+00 -0.1990239E-04
  0.1441120E+01 -0.5676114E-04
 -0.5520996E+00  0.2006721E-04
  0.2223096E+01 -0.5091017E-04
  0.3597218E+01 -0.8252108E-04
  0.1822111E+01 -0.7202702E-04
  0.1441257E+01 -0.5697674E-04
  0.9973960E+00 -0.3942973E-04
  0.5098964E+00 -0.2015155E-04
  0.1244636E-03  0.1054588E-07
 -0.5096321E+00  0.2017598E-04
 -0.5525740E+00  0.1984228E-04
 -0.6790124E+00  0.1903195E-04
 -0.6372906E+00  0.1927984E-04
 -0.7194988E+00  0.1877711E-04
  0.3761816E+01 -0.8634648E-04
  0.2331668E+01 -0.9206156E-04
 -0.7878546E+00  0.1803056E-04
  0.1535821E+01 -0.3530157E-04
 -0.5950621E+00  0.1954505E-04
  0.1697237E-03  0.2616637E-06
  0.2811039E+01 -0.6455671E-04
  0.3587379E+01 -0.8769408E-04
  0.1561534E+01 -0.5605035E-04
  0.1974318E+01 -0.7085733E-04
  0.1080427E+01 -0.3878583E-04
  0.2680554E+01 -0.6544238E-04
  0.2642036E+01 -0.9476674E-04
  0.4011357E-03  0.2161007E-06
  0.3430802E+01 -0.8390751E-04
  0.3123794E+01 -0.7630508E-04
 -0.8709990E-02  0.1494613E-06
  0.1467169E+01 -0.3573161E-04
  0.7500667E+00 -0.1818264E-04
  0.1974278E+01 -0.7068353E-04
  0.4320903E-03  0.1983534E-06
  0.2300756E+01 -0.8255855E-04
  0.2300663E+01 -0.8242688E-04
  0.1080755E+01 -0.3856575E-04
  0.2526621E+01 -0.9064706E-04
  0.4062040E-03  0.1839540E-06
  0.2526539E+01 -0.9056553E-04
  0.5526206E+00 -0.1959497E-04
  0.7426538E+00 -0.1822408E-04
  0.1973823E-03  0.1636304E-06
  0.2642016E+01 -0.9474032E-04
  0.1561649E+01 -0.5584677E-04
  0.3073783E-03  0.2377301E-06
  0.5519856E+00 -0.1981831E-04
 -0.4240325E-03  0.1407783E-07
  0.3587482E+01 -0.8771863E-04
 -0.3724918E-02  0.8126777E-07
 -0.8407857E-02  0.1651373E-06
 -0.6200992E-02  0.1299925E-06
  0.2117934E+01 -0.5182813E-04
  0.3241049E-03  0.1723480E-06
  0.2680157E+01 -0.6556949E-04
  0.3124046E+01 -0.7641841E-04
  0.2120167E+01 -0.5171712E-04
 -0.1654812E-02  0.3721236E-07
  0.1462283E+01 -0.3580895E-04
  0.3430538E+01 -0.8383259E-04
  0.5923634E+00 -0.1948482E-04
  0.2473899E+01 -0.8114601E-04
  0.1389094E+01 -0.3636694E-04
  0.2546793E+01 -0.6646469E-04
  0.6348658E+00 -0.1902035E-04
  0.2014416E+01 -0.5252385E-04
  0.2967923E+01 -0.7761416E-04
  0.2546028E+01 -0.6659415E-04
  0.1394043E+01 -0.3628685E-04
  0.7127416E+00 -0.1846185E-04
  0.2122957E+01 -0.6958705E-04
  0.1678625E+01 -0.5516748E-04
  0.2716769E+01 -0.8915400E-04
  0.2473916E+01 -0.8127252E-04
  0.3408353E+01 -0.8909328E-04
  0.1162169E+01 -0.3797545E-04
  0.2716841E+01 -0.8923515E-04
  0.1679260E+01 -0.5498407E-04
  0.5942863E+00 -0.1930400E-04
  0.3259271E+01 -0.8514497E-04
  0.7054002E+00 -0.1849953E-04
  0.2840950E+01 -0.9326255E-04
  0.2011865E+01 -0.5263751E-04
  0.2122764E+01 -0.6974900E-04
  0.2967876E+01 -0.7749905E-04
  0.3408263E+01 -0.8906566E-04
  0.6743486E+00 -0.1874117E-04
  0.2840966E+01 -0.9328916E-04
  0.6686257E+00 -0.1881558E-04
  0.3259438E+01 -0.8522171E-04
  0.1160898E+01 -0.3816266E-04
  0.6310921E+00 -0.1914633E-04
  0.2642892E+01 -0.7990855E-04
  0.2267472E+01 -0.6867781E-04
  0.1238955E+01 -0.3755034E-04
  0.3083215E+01 -0.8646268E-04
  0.1905675E+01 -0.5333292E-04
  0.2807516E+01 -0.7881362E-04
  0.7821087E+00 -0.1801877E-04
  0.1792579E+01 -0.5430758E-04
  0.2902357E+01 -0.8779413E-04
  0.2642848E+01 -0.8003142E-04
  0.1318821E+01 -0.3684276E-04
  0.1314849E+01 -0.3695022E-04
  0.3083304E+01 -0.8653995E-04
  0.2902426E+01 -0.8787172E-04
  0.1241534E+01 -0.3740346E-04
  0.2409268E+01 -0.6749003E-04
  0.3035028E+01 -0.9183770E-04
  0.3224221E+01 -0.9047158E-04
  0.2267972E+01 -0.6852783E-04
  0.1793948E+01 -0.5415084E-04
  0.3035060E+01 -0.9186541E-04
  0.3224154E+01 -0.9044433E-04
  0.2807565E+01 -0.7869636E-04
  0.1903582E+01 -0.5346623E-04
  0.2408517E+01 -0.6762784E-04
 -0.1358312E+01  0.7401138E-04
 -0.1510563E+01  0.7156653E-04
 -0.1187793E+01  0.7057717E-04
 -0.1323751E+01  0.7213303E-04
 -0.1314837E+01  0.7206813E-04
 -0.1283930E+01  0.7040892E-04
 -0.1245556E+01  0.6836026E-04
 -0.1201809E+01  0.6604844E-04
 -0.1152768E+01  0.6345405E-04
 -0.1098661E+01  0.6060260E-04
 -0.1039744E+01  0.5750135E-04
 -0.9762655E+00  0.5415377E-04
 -0.9085203E+00  0.5059388E-04
 -0.8368120E+00  0.4681497E-04
 -0.7614504E+00  0.4285276E-04
 -0.6827530E+00  0.3871168E-04
 -0.6010777E+00  0.3441336E-04
 -0.5167807E+00  0.2997647E-04
 -0.4302151E+00  0.2542187E-04
 -0.3417630E+00  0.2077220E-04
 -0.2517955E+00  0.1603786E-04
 -0.1607452E+00  0.1125320E-04
 -0.6914426E-01  0.6435345E-05
  0.6726851E-01 -0.7898568E-06
 -0.1342408E+01  0.7304865E-04
  0.3338986E+00 -0.1473628E-04
 -0.1414458E+01  0.6693909E-04
  0.5874110E+00 -0.2798705E-04
 -0.1271998E+01  0.6939207E-04
  0.8178961E+00 -0.4002992E-04
 -0.1262476E+01  0.5978317E-04
  0.1016262E+01 -0.5038803E-04
 -0.1151359E+01  0.6310123E-04
  0.1174839E+01 -0.5866464E-04
 -0.1061412E+01  0.5040654E-04
  0.1287195E+01 -0.6451633E-04
 -0.9857329E+00  0.5445741E-04
  0.1348923E+01 -0.6773313E-04
 -0.8188434E+00  0.3918308E-04
  0.1357836E+01 -0.6818354E-04
 -0.7815899E+00  0.4378178E-04
  0.1313595E+01 -0.6583526E-04
 -0.5441270E+00  0.2654128E-04
  0.1217689E+01 -0.6080307E-04
 -0.5467100E+00  0.3150456E-04
  0.1074012E+01 -0.5326864E-04
 -0.2480265E+00  0.1297770E-04
  0.8881879E+00 -0.4353590E-04
 -0.2902651E+00  0.1810164E-04
  0.6675276E+00 -0.3199186E-04
  0.5779095E-01 -0.9680186E-06
  0.4206502E+00 -0.1906555E-04
 -0.2245258E-01  0.4095847E-05
  0.1572358E+00 -0.5290972E-05
  0.3613571E+00 -0.1475407E-04
 -0.1123406E+00  0.8798628E-05
  0.2462536E+00 -0.9951036E-05
 -0.3775202E+00  0.2266263E-04
  0.6507331E+00 -0.2785478E-04
 -0.6278434E+00  0.3574733E-04
  0.5052863E+00 -0.2348954E-04
 -0.8534476E+00  0.4754253E-04
  0.9145942E+00 -0.3974311E-04
 -0.1045587E+01  0.5758508E-04
  0.7444637E+00 -0.3600403E-04
 -0.1196845E+01  0.6548021E-04
  0.1142599E+01 -0.4995427E-04
 -0.1301334E+01  0.7091372E-04
  0.9544107E+00 -0.4699945E-04
 -0.1353878E+01  0.7367665E-04
 -0.1359255E+01  0.7399589E-04
 -0.6752587E-02  0.4709652E-05
  0.1325794E+01 -0.5808193E-04
  0.3679015E+00 -0.2000632E-04
  0.1126925E+01 -0.5603547E-04
  0.5945958E+00 -0.3288843E-04
  0.1456983E+01 -0.6382477E-04
  0.7979223E+00 -0.4437511E-04
  0.1255211E+01 -0.6277037E-04
  0.9699399E+00 -0.5401971E-04
  0.1530957E+01 -0.6692773E-04
  0.1103962E+01 -0.6144614E-04
  0.1334264E+01 -0.6691963E-04
  0.1194465E+01 -0.6634281E-04
  0.1544755E+01 -0.6729063E-04
  0.1238080E+01 -0.6853501E-04
  0.1360851E+01 -0.6834304E-04
  0.1233314E+01 -0.6792729E-04
  0.1498073E+01 -0.6489301E-04
  0.1180180E+01 -0.6454711E-04
  0.1334152E+01 -0.6696479E-04
  0.1080688E+01 -0.5853553E-04
  0.1392594E+01 -0.5982259E-04
  0.9387985E+00 -0.5011103E-04
  0.1255231E+01 -0.6284722E-04
  0.7600724E+00 -0.3961394E-04
  0.1232304E+01 -0.5228743E-04
  0.5514815E+00 -0.2746082E-04
  0.1126869E+01 -0.5615114E-04
  0.3212032E+00 -0.1412401E-04
  0.1023639E+01 -0.4259298E-04
  0.7828295E-01 -0.1190763E-06
  0.9542367E+00 -0.4714427E-04
 -0.1677157E+00  0.1397515E-04
  0.7748911E+00 -0.3109473E-04
 -0.4071218E+00  0.2764944E-04
  0.7442281E+00 -0.3617898E-04
 -0.6304538E+00  0.4033625E-04
  0.4957850E+00 -0.1826445E-04
 -0.8289523E+00  0.5154915E-04
  0.5050138E+00 -0.2367537E-04
 -0.9949051E+00  0.6084847E-04
  0.1972203E+00 -0.4597809E-05
 -0.1121906E+01  0.6787312E-04
  0.2459749E+00 -0.1013881E-04
 -0.1205098E+01  0.7233059E-04
 -0.1340553E+01  0.7304416E-04
  0.1267572E+00 -0.6222667E-05
 -0.1352163E+01  0.7368485E-04
  0.0000000E+00  0.0000000E+00
  0.0000000E+00  0.0000000E+00
  0.0000000E+00  0.0000000E+00
  0.0000000E+00  0.0000000E+00
  0.0000000E+00  0.0000000E+00
  0.0000000E+00  0.0000000E+00
  0.0000000E+00  0.0000000E+00
  0.0000000E+00  0.0000000E+00
  0.0000000E+00  0.0000000E+00
  0.0000000E+00  0.0000000E+00
  0.0000000E+00  0.0000000E+00
  0.0000000E+00  0.0000000E+00
  0.0000000E+00  0.0000000E+00
  0.0000000E+00  0.0000000E+00
  0.0000000E+00  0.0000000E+00
  0.0000000E+00  0.0000000E+00
  0.0000000E+00  0.0000000E+00
  0.0000000E+00  0.0000000E+00
  0.0000000E+00  0.0000000E+00
  0.0000000E+00  0.0000000E+00
  0.0000000E+00  0.0000000E+00
  0.0000000E+00  0.0000000E+00
  0.0000000E+00  0.0000000E+00
  0.0000000E+00  0.0000000E+00
  0.0000000E+00  0.0000000E+00
  0.0000000E+00  0.0000000E+00
  0.0000000E+00  0.0000000E+00
  0.0000000E+00  0.0000000E+00
  0.0000000E+00  0.0000000E+00
  0.0000000E+00  0.0000000E+00
  0.0000000E+00  0.0000000E+00
  0.0000000E+00  0.0000000E+00
  0.0000000E+00  0.0000000E+00
  0.0000000E+00  0.0000000E+00
  0.0000000E+00  0.0000000E+00
  0.0000000E+00  0.0000000E+00
  0.0000000E+00  0.0000000E+00
  0.0000000E+00  0.0000000E+00
  0.0000000E+00  0.0000000E+00
  0.0000000E+00  0.0000000E+00
  0.0000000E+00  0.0000000E+00
  0.0000000E+00  0.0000000E+00
  0.0000000E+00  0.0000000E+00
  0.0000000E+00  0.0000000E+00
  0.0000000E+00  0.0000000E+00
  0.0000000E+00  0.0000000E+00
  0.0000000E+00  0.0000000E+00
  0.0000000E+00  0.0000000E+00
  0.0000000E+00  0.0000000E+00
  0.0000000E+00  0.0000000E+00
  0.0000000E+00  0.0000000E+00
  0.0000000E+00  0.0000000E+00
  0.0000000E+00  0.0000000E+00
  0.0000000E+00  0.0000000E+00
  0.0000000E+00  0.0000000E+00
  0.0000000E+00  0.0000000E+00
  0.0000000E+00  0.0000000E+00
  0.0000000E+00  0.0000000E+00
  0.0000000E+00  0.0000000E+00
  0.0000000E+00  0.0000000E+00
  0.0000000E+00  0.0000000E+00
  0.0000000E+00  0.0000000E+00
  0.0000000E+00  0.0000000E+00
  0.0000000E+00  0.0000000E+00
  0.0000000E+00  0.0000000E+00
  0.0000000E+00  0.0000000E+00
  0.0000000E+00  0.0000000E+00
  0.0000000E+00  0.0000000E+00
  0.0000000E+00  0.0000000E+00
  0.0000000E+00  0.0000000E+00
  0.0000000E+00  0.0000000E+00
  0.0000000E+00  0.0000000E+00
  0.0000000E+00  0.0000000E+00
  0.0000000E+00  0.0000000E+00
  0.0000000E+00  0.0000000E+00
  0.0000000E+00  0.0000000E+00
  0.0000000E+00  0.0000000E+00
  0.0000000E+00  0.0000000E+00
  0.0000000E+00  0.0000000E+00
  0.0000000E+00  0.0000000E+00
  0.0000000E+00  0.0000000E+00
  0.0000000E+00  0.0000000E+00
  0.0000000E+00  0.0000000E+00
  0.0000000E+00  0.0000000E+00
  0.0000000E+00  0.0000000E+00
  0.0000000E+00  0.0000000E+00
  0.0000000E+00  0.0000000E+00
  0.0000000E+00  0.0000000E+00
  0.0000000E+00  0.0000000E+00
  0.0000000E+00  0.0000000E+00
  0.0000000E+00  0.0000000E+00
  0.0000000E+00  0.0000000E+00
  0.0000000E+00  0.0000000E+00
  0.0000000E+00  0.0000000E+00
  0.0000000E+00  0.0000000E+00
  0.0000000E+00  0.0000000E+00
  0.0000000E+00  0.0000000E+00
  0.0000000E+00  0.0000000E+00
  0.0000000E+00  0.0000000E+00
  0.0000000E+00  0.0000000E+00
  0.0000000E+00  0.0000000E+00
  0.0000000E+00  0.0000000E+00
  0.0000000E+00  0.0000000E+00
  0.0000000E+00  0.0000000E+00
  0.0000000E+00  0.0000000E+00
  0.0000000E+00  0.0000000E+00
  0.0000000E+00  0.0000000E+00
  0.0000000E+00  0.0000000E+00
  0.0000000E+00  0.0000000E+00
  0.0000000E+00  0.0000000E+00
  0.0000000E+00  0.0000000E+00
  0.0000000E+00  0.0000000E+00
  0.0000000E+00  0.0000000E+00
  0.0000000E+00  0.0000000E+00
  0.0000000E+00  0.0000000E+00
  0.0000000E+00  0.0000000E+00
  0.0000000E+00  0.0000000E+00
  0.0000000E+00  0.0000000E+00
  0.0000000E+00  0.0000000E+00
  0.0000000E+00  0.0000000E+00
  0.0000000E+00  0.0000000E+00
  0.0000000E+00  0.0000000E+00
  0.0000000E+00  0.0000000E+00
  0.0000000E+00  0.0000000E+00
  0.0000000E+00  0.0000000E+00
  0.0000000E+00  0.0000000E+00
  0.0000000E+00  0.0000000E+00
  0.0000000E+00  0.0000000E+00
  0.0000000E+00  0.0000000E+00
  0.0000000E+00  0.0000000E+00
  0.0000000E+00  0.0000000E+00
  0.0000000E+00  0.0000000E+00
  0.0000000E+00  0.0000000E+00
  0.0000000E+00  0.0000000E+00
  0.0000000E+00  0.0000000E+00
  0.0000000E+00  0.0000000E+00
  0.0000000E+00  0.0000000E+00
  0.0000000E+00  0.0000000E+00
  0.0000000E+00  0.0000000E+00
  0.0000000E+00  0.0000000E+00
  0.0000000E+00  0.0000000E+00
  0.0000000E+00  0.0000000E+00
  0.0000000E+00  0.0000000E+00
  0.0000000E+00  0.0000000E+00
  0.0000000E+00  0.0000000E+00
  0.0000000E+00  0.0000000E+00
  0.0000000E+00  0.0000000E+00
  0.0000000E+00  0.0000000E+00
  0.0000000E+00  0.0000000E+00
  0.0000000E+00  0.0000000E+00
  0.0000000E+00  0.0000000E+00
  0.0000000E+00  0.0000000E+00
  0.0000000E+00  0.0000000E+00
  0.0000000E+00  0.0000000E+00
  0.0000000E+00  0.0000000E+00
  0.0000000E+00  0.0000000E+00
  0.0000000E+00  0.0000000E+00
  0.0000000E+00  0.0000000E+00
  0.0000000E+00  0.0000000E+00
  0.0000000E+00  0.0000000E+00
  0.0000000E+00  0.0000000E+00
  0.0000000E+00  0.0000000E+00
  0.0000000E+00  0.0000000E+00
  0.0000000E+00  0.0000000E+00
  0.0000000E+00  0.0000000E+00
  0.0000000E+00  0.0000000E+00
  0.0000000E+00  0.0000000E+00
  0.0000000E+00  0.0000000E+00
  0.0000000E+00  0.0000000E+00
  0.0000000E+00  0.0000000E+00
  0.0000000E+00  0.0000000E+00
  0.0000000E+00  0.0000000E+00
  0.0000000E+00  0.0000000E+00
  0.0000000E+00  0.0000000E+00
  0.0000000E+00  0.0000000E+00
  0.0000000E+00  0.0000000E+00
  0.0000000E+00  0.0000000E+00
  0.0000000E+00  0.0000000E+00
  0.0000000E+00  0.0000000E+00
  0.0000000E+00  0.0000000E+00
  0.0000000E+00  0.0000000E+00
  0.0000000E+00  0.0000000E+00
  0.0000000E+00  0.0000000E+00
  0.0000000E+00  0.0000000E+00
  0.0000000E+00  0.0000000E+00
  0.0000000E+00  0.0000000E+00
  0.0000000E+00  0.0000000E+00
  0.0000000E+00  0.0000000E+00
  0.0000000E+00  0.0000000E+00
  0.0000000E+00  0.0000000E+00
  0.0000000E+00  0.0000000E+00
  0.0000000E+00  0.0000000E+00
  0.0000000E+00  0.0000000E+00
  0.0000000E+00  0.0000000E+00
  0.0000000E+00  0.0000000E+00
  0.0000000E+00  0.0000000E+00
  0.0000000E+00  0.0000000E+00
  0.0000000E+00  0.0000000E+00
  0.0000000E+00  0.0000000E+00
  0.0000000E+00  0.0000000E+00
  0.0000000E+00  0.0000000E+00
  0.0000000E+00  0.0000000E+00
  0.0000000E+00  0.0000000E+00
  0.0000000E+00  0.0000000E+00
  0.0000000E+00  0.0000000E+00
  0.0000000E+00  0.0000000E+00
  0.0000000E+00  0.0000000E+00
  0.0000000E+00  0.0000000E+00
  0.0000000E+00  0.0000000E+00
  0.0000000E+00  0.0000000E+00
  0.0000000E+00  0.0000000E+00
  0.0000000E+00  0.0000000E+00
  0.0000000E+00  0.0000000E+00
  0.0000000E+00  0.0000000E+00
  0.0000000E+00  0.0000000E+00
  0.0000000E+00  0.0000000E+00
  0.0000000E+00  0.0000000E+00
  0.0000000E+00  0.0000000E+00
  0.0000000E+00  0.0000000E+00
  0.0000000E+00  0.0000000E+00
  0.0000000E+00  0.0000000E+00
  0.0000000E+00  0.0000000E+00
  0.0000000E+00  0.0000000E+00
  0.0000000E+00  0.0000000E+00
  0.0000000E+00  0.0000000E+00
  0.0000000E+00  0.0000000E+00
  0.0000000E+00  0.0000000E+00
  0.0000000E+00  0.0000000E+00
  0.0000000E+00  0.0000000E+00
  0.0000000E+00  0.0000000E+00
  0.0000000E+00  0.0000000E+00
  0.0000000E+00  0.0000000E+00
  0.0000000E+00  0.0000000E+00
  0.0000000E+00  0.0000000E+00
  0.0000000E+00  0.0000000E+00
  0.0000000E+00  0.0000000E+00
  0.0000000E+00  0.0000000E+00
  0.0000000E+00  0.0000000E+00
  0.0000000E+00  0.0000000E+00
  0.0000000E+00  0.0000000E+00
  0.0000000E+00  0.0000000E+00
  0.0000000E+00  0.0000000E+00
  0.0000000E+00  0.0000000E+00
  0.0000000E+00  0.0000000E+00
  0.0000000E+00  0.0000000E+00
  0.0000000E+00  0.0000000E+00
  0.0000000E+00  0.0000000E+00
  0.0000000E+00  0.0000000E+00
  0.0000000E+00  0.0000000E+00
  0.0000000E+00  0.0000000E+00
  0.0000000E+00  0.0000000E+00
  0.0000000E+00  0.0000000E+00
  0.0000000E+00  0.0000000E+00
  0.0000000E+00  0.0000000E+00
  0.0000000E+00  0.0000000E+00
  0.0000000E+00  0.0000000E+00
  0.0000000E+00  0.0000000E+00
  0.0000000E+00  0.0000000E+00
  0.0000000E+00  0.0000000E+00
  0.0000000E+00  0.0000000E+00
  0.0000000E+00  0.0000000E+00
  0.0000000E+00  0.0000000E+00
  0.0000000E+00  0.0000000E+00
  0.0000000E+00  0.0000000E+00
  0.0000000E+00  0.0000000E+00
  0.0000000E+00  0.0000000E+00
  0.0000000E+00  0.0000000E+00
  0.0000000E+00  0.0000000E+00
  0.0000000E+00  0.0000000E+00
  0.0000000E+00  0.0000000E+00
  0.0000000E+00  0.0000000E+00
  0.0000000E+00  0.0000000E+00
  0.0000000E+00  0.0000000E+00
  0.0000000E+00  0.0000000E+00
  0.0000000E+00  0.0000000E+00
  0.0000000E+00  0.0000000E+00
  0.0000000E+00  0.0000000E+00
  0.0000000E+00  0.0000000E+00
  0.0000000E+00  0.0000000E+00
  0.0000000E+00  0.0000000E+00
  0.0000000E+00  0.0000000E+00
  0.0000000E+00  0.0000000E+00
  0.0000000E+00  0.0000000E+00
  0.0000000E+00  0.0000000E+00
  0.0000000E+00  0.0000000E+00
  0.0000000E+00  0.0000000E+00
  0.0000000E+00  0.0000000E+00
  0.0000000E+00  0.0000000E+00
  0.0000000E+00  0.0000000E+00
  0.0000000E+00  0.0000000E+00
  0.0000000E+00  0.0000000E+00
  0.0000000E+00  0.0000000E+00
  0.0000000E+00  0.0000000E+00
  0.0000000E+00  0.0000000E+00
  0.0000000E+00  0.0000000E+00
  0.0000000E+00  0.0000000E+00
  0.0000000E+00  0.0000000E+00
  0.0000000E+00  0.0000000E+00
  0.0000000E+00  0.0000000E+00
  0.0000000E+00  0.0000000E+00
  0.0000000E+00  0.0000000E+00
  0.0000000E+00  0.0000000E+00
  0.0000000E+00  0.0000000E+00
  0.0000000E+00  0.0000000E+00
  0.0000000E+00  0.0000000E+00
  0.0000000E+00  0.0000000E+00
  0.0000000E+00  0.0000000E+00
  0.0000000E+00  0.0000000E+00
  0.0000000E+00  0.0000000E+00
  0.0000000E+00  0.0000000E+00
  0.0000000E+00  0.0000000E+00
  0.0000000E+00  0.0000000E+00
  0.0000000E+00  0.0000000E+00
  0.0000000E+00  0.0000000E+00
  0.0000000E+00  0.0000000E+00
  0.0000000E+00  0.0000000E+00
  0.0000000E+00  0.0000000E+00
  0.0000000E+00  0.0000000E+00
  0.0000000E+00  0.0000000E+00
  0.0000000E+00  0.0000000E+00
  0.0000000E+00  0.0000000E+00
  0.0000000E+00  0.0000000E+00
  0.0000000E+00  0.0000000E+00
  0.0000000E+00  0.0000000E+00
  0.0000000E+00  0.0000000E+00
  0.0000000E+00  0.0000000E+00
  0.0000000E+00  0.0000000E+00
  0.0000000E+00  0.0000000E+00
  0.0000000E+00  0.0000000E+00
  0.0000000E+00  0.0000000E+00
  0.0000000E+00  0.0000000E+00
  0.0000000E+00  0.0000000E+00
  0.0000000E+00  0.0000000E+00
  0.0000000E+00  0.0000000E+00
  0.0000000E+00  0.0000000E+00
  0.0000000E+00  0.0000000E+00
  0.0000000E+00  0.0000000E+00
  0.0000000E+00  0.0000000E+00
  0.0000000E+00  0.0000000E+00
  0.0000000E+00  0.0000000E+00
  0.0000000E+00  0.0000000E+00
  0.0000000E+00  0.0000000E+00
  0.0000000E+00  0.0000000E+00
  0.0000000E+00  0.0000000E+00
  0.0000000E+00  0.0000000E+00
  0.0000000E+00  0.0000000E+00
  0.0000000E+00  0.0000000E+00
  0.0000000E+00  0.0000000E+00
  0.0000000E+00  0.0000000E+00
  0.0000000E+00  0.0000000E+00
  0.0000000E+00  0.0000000E+00
  0.0000000E+00  0.0000000E+00
  0.0000000E+00  0.0000000E+00
  0.0000000E+00  0.0000000E+00
  0.0000000E+00  0.0000000E+00
  0.0000000E+00  0.0000000E+00
  0.0000000E+00  0.0000000E+00
  0.0000000E+00  0.0000000E+00
  0.0000000E+00  0.0000000E+00
  0.0000000E+00  0.0000000E+00
  0.0000000E+00  0.0000000E+00
  0.0000000E+00  0.0000000E+00
  0.0000000E+00  0.0000000E+00
  0.0000000E+00  0.0000000E+00
  0.0000000E+00  0.0000000E+00
  0.0000000E+00  0.0000000E+00
  0.0000000E+00  0.0000000E+00
  0.0000000E+00  0.0000000E+00
  0.0000000E+00  0.0000000E+00
  0.0000000E+00  0.0000000E+00
  0.0000000E+00  0.0000000E+00
  0.0000000E+00  0.0000000E+00
  0.0000000E+00  0.0000000E+00
  0.0000000E+00  0.0000000E+00
  0.0000000E+00  0.0000000E+00
  0.0000000E+00  0.0000000E+00
  0.0000000E+00  0.0000000E+00
  0.0000000E+00  0.0000000E+00
  0.0000000E+00  0.0000000E+00
  0.0000000E+00  0.0000000E+00
  0.0000000E+00  0.0000000E+00
  0.0000000E+00  0.0000000E+00
  0.0000000E+00  0.0000000E+00
  0.0000000E+00  0.0000000E+00
  0.0000000E+00  0.0000000E+00
  0.0000000E+00  0.0000000E+00
  0.0000000E+00  0.0000000E+00
  0.0000000E+00  0.0000000E+00
  0.0000000E+00  0.0000000E+00
  0.0000000E+00  0.0000000E+00
  0.0000000E+00  0.0000000E+00
  0.0000000E+00  0.0000000E+00
  0.0000000E+00  0.0000000E+00
  0.0000000E+00  0.0000000E+00
  0.0000000E+00  0.0000000E+00
  0.0000000E+00  0.0000000E+00
  0.0000000E+00  0.0000000E+00
  0.0000000E+00  0.0000000E+00
  0.0000000E+00  0.0000000E+00
  0.0000000E+00  0.0000000E+00
  0.0000000E+00  0.0000000E+00
  0.0000000E+00  0.0000000E+00
  0.0000000E+00  0.0000000E+00
  0.0000000E+00  0.0000000E+00
  0.0000000E+00  0.0000000E+00
  0.0000000E+00  0.0000000E+00
  0.0000000E+00  0.0000000E+00
  0.0000000E+00  0.0000000E+00
  0.0000000E+00  0.0000000E+00
  0.0000000E+00  0.0000000E+00
  0.0000000E+00  0.0000000E+00
  0.0000000E+00  0.0000000E+00
  0.0000000E+00  0.0000000E+00
  0.0000000E+00  0.0000000E+00
  0.0000000E+00  0.0000000E+00
  0.0000000E+00  0.0000000E+00
  0.0000000E+00  0.0000000E+00
  0.0000000E+00  0.0000000E+00
  0.0000000E+00  0.0000000E+00
  0.0000000E+00  0.0000000E+00
  0.0000000E+00  0.0000000E+00
  0.0000000E+00  0.0000000E+00
  0.0000000E+00  0.0000000E+00
  0.0000000E+00  0.0000000E+00
  0.0000000E+00  0.0000000E+00
  0.0000000E+00  0.0000000E+00
  0.0000000E+00  0.0000000E+00
  0.0000000E+00  0.0000000E+00
  0.0000000E+00  0.0000000E+00
  0.0000000E+00  0.0000000E+00
  0.0000000E+00  0.0000000E+00
  0.0000000E+00  0.0000000E+00
  0.0000000E+00  0.0000000E+00
  0.0000000E+00  0.0000000E+00
  0.0000000E+00  0.0000000E+00
  0.0000000E+00  0.0000000E+00
  0.0000000E+00  0.0000000E+00
  0.0000000E+00  0.0000000E+00
  0.0000000E+00  0.0000000E+00
  0.0000000E+00  0.0000000E+00
  0.0000000E+00  0.0000000E+00
  0.0000000E+00  0.0000000E+00
  0.0000000E+00  0.0000000E+00
  0.0000000E+00  0.0000000E+00
  0.0000000E+00  0.0000000E+00
  0.0000000E+00  0.0000000E+00
  0.0000000E+00  0.0000000E+00
  0.0000000E+00  0.0000000E+00
  0.0000000E+00  0.0000000E+00
  0.0000000E+00  0.0000000E+00
  0.0000000E+00  0.0000000E+00
  0.0000000E+00  0.0000000E+00
  0.0000000E+00  0.0000000E+00
  0.0000000E+00  0.0000000E+00
  0.0000000E+00  0.0000000E+00
  0.0000000E+00  0.0000000E+00
  0.0000000E+00  0.0000000E+00
  0.0000000E+00  0.0000000E+00
  0.0000000E+00  0.0000000E+00
  0.0000000E+00  0.0000000E+00
  0.0000000E+00  0.0000000E+00
  0.0000000E+00  0.0000000E+00
  0.0000000E+00  0.0000000E+00
  0.0000000E+00  0.0000000E+00
  0.0000000E+00  0.0000000E+00
  0.0000000E+00  0.0000000E+00
  0.0000000E+00  0.0000000E+00
  0.0000000E+00  0.0000000E+00
  0.0000000E+00  0.0000000E+00
  0.0000000E+00  0.0000000E+00
  0.0000000E+00  0.0000000E+00
  0.0000000E+00  0.0000000E+00
  0.0000000E+00  0.0000000E+00
  0.0000000E+00  0.0000000E+00
  0.0000000E+00  0.0000000E+00
  0.0000000E+00  0.0000000E+00
  0.0000000E+00  0.0000000E+00
  0.0000000E+00  0.0000000E+00
  0.0000000E+00  0.0000000E+00
  0.0000000E+00  0.0000000E+00
  0.0000000E+00  0.0000000E+00
  0.0000000E+00  0.0000000E+00
  0.0000000E+00  0.0000000E+00
  0.0000000E+00  0.0000000E+00
  0.0000000E+00  0.0000000E+00
  0.0000000E+00  0.0000000E+00
  0.0000000E+00  0.0000000E+00
  0.0000000E+00  0.0000000E+00
  0.0000000E+00  0.0000000E+00
  0.0000000E+00  0.0000000E+00
  0.0000000E+00  0.0000000E+00
  0.0000000E+00  0.0000000E+00
  0.0000000E+00  0.0000000E+00
  0.0000000E+00  0.0000000E+00
  0.0000000E+00  0.0000000E+00
  0.0000000E+00  0.0000000E+00
  0.0000000E+00  0.0000000E+00
  0.0000000E+00  0.0000000E+00
  0.0000000E+00  0.0000000E+00
  0.0000000E+00  0.0000000E+00
  0.0000000E+00  0.0000000E+00
  0.0000000E+00  0.0000000E+00
  0.0000000E+00  0.0000000E+00
  0.0000000E+00  0.0000000E+00
  0.0000000E+00  0.0000000E+00
  0.0000000E+00  0.0000000E+00
  0.0000000E+00  0.0000000E+00
  0.0000000E+00  0.0000000E+00
  0.0000000E+00  0.0000000E+00
  0.0000000E+00  0.0000000E+00
  0.0000000E+00  0.0000000E+00
  0.0000000E+00  0.0000000E+00
  0.0000000E+00  0.0000000E+00
  0.0000000E+00  0.0000000E+00
  0.0000000E+00  0.0000000E+00
  0.0000000E+00  0.0000000E+00
  0.0000000E+00  0.0000000E+00
  0.0000000E+00  0.0000000E+00
  0.0000000E+00  0.0000000E+00
  0.0000000E+00  0.0000000E+00
  0.0000000E+00  0.0000000E+00
  0.0000000E+00  0.0000000E+00
  0.0000000E+00  0.0000000E+00
  0.0000000E+00  0.0000000E+00
  0.0000000E+00  0.0000000E+00
  0.0000000E+00  0.0000000E+00
  0.0000000E+00  0.0000000E+00
  0.0000000E+00  0.0000000E+00
  0.0000000E+00  0.0000000E+00
  0.0000000E+00  0.0000000E+00
  0.0000000E+00  0.0000000E+00
  0.0000000E+00  0.0000000E+00
  0.0000000E+00  0.0000000E+00
  0.0000000E+00  0.0000000E+00
  0.0000000E+00  0.0000000E+00
  0.0000000E+00  0.0000000E+00
  0.0000000E+00  0.0000000E+00
  0.0000000E+00  0.0000000E+00
  0.0000000E+00  0.0000000E+00
  0.0000000E+00  0.0000000E+00
  0.0000000E+00  0.0000000E+00
  0.0000000E+00  0.0000000E+00
  0.0000000E+00  0.0000000E+00
  0.0000000E+00  0.0000000E+00
  0.0000000E+00  0.0000000E+00
  0.0000000E+00  0.0000000E+00
  0.0000000E+00  0.0000000E+00
  0.0000000E+00  0.0000000E+00
  0.0000000E+00  0.0000000E+00
  0.0000000E+00  0.0000000E+00
  0.0000000E+00  0.0000000E+00
  0.0000000E+00  0.0000000E+00
  0.0000000E+00  0.0000000E+00
  0.0000000E+00  0.0000000E+00
  0.0000000E+00  0.0000000E+00
  0.0000000E+00  0.0000000E+00
  0.0000000E+00  0.0000000E+00
  0.0000000E+00  0.0000000E+00
  0.0000000E+00  0.0000000E+00
  0.0000000E+00  0.0000000E+00
  0.0000000E+00  0.0000000E+00
  0.0000000E+00  0.0000000E+00
  0.0000000E+00  0.0000000E+00
  0.0000000E+00  0.0000000E+00
  0.0000000E+00  0.0000000E+00
  0.0000000E+00  0.0000000E+00
  0.0000000E+00  0.0000000E+00
  0.0000000E+00  0.0000000E+00
  0.0000000E+00  0.0000000E+00
  0.0000000E+00  0.0000000E+00
  0.0000000E+00  0.0000000E+00
  0.0000000E+00  0.0000000E+00
  0.0000000E+00  0.0000000E+00
  0.0000000E+00  0.0000000E+00
  0.0000000E+00  0.0000000E+00
  0.0000000E+00  0.0000000E+00
  0.0000000E+00  0.0000000E+00
  0.0000000E+00  0.0000000E+00
  0.0000000E+00  0.0000000E+00
  0.0000000E+00  0.0000000E+00
  0.0000000E+00  0.0000000E+00
  0.0000000E+00  0.0000000E+00
  0.0000000E+00  0.0000000E+00
  0.0000000E+00  0.0000000E+00
  0.0000000E+00  0.0000000E+00
  0.0000000E+00  0.0000000E+00
  0.0000000E+00  0.0000000E+00
  0.0000000E+00  0.0000000E+00
  0.0000000E+00  0.0000000E+00
  0.0000000E+00  0.0000000E+00
  0.0000000E+00  0.0000000E+00
  0.0000000E+00  0.0000000E+00
  0.0000000E+00  0.0000000E+00
  0.0000000E+00  0.0000000E+00
  0.0000000E+00  0.0000000E+00
  0.0000000E+00  0.0000000E+00
  0.0000000E+00  0.0000000E+00
  0.0000000E+00  0.0000000E+00
  0.0000000E+00  0.0000000E+00
  0.0000000E+00  0.0000000E+00
  0.0000000E+00  0.0000000E+00
  0.0000000E+00  0.0000000E+00
  0.0000000E+00  0.0000000E+00
  0.0000000E+00  0.0000000E+00
  0.0000000E+00  0.0000000E+00
  0.0000000E+00  0.0000000E+00
  0.0000000E+00  0.0000000E+00
  0.0000000E+00  0.0000000E+00
  0.0000000E+00  0.0000000E+00
  0.0000000E+00  0.0000000E+00
  0.0000000E+00  0.0000000E+00
  0.0000000E+00  0.0000000E+00
  0.0000000E+00  0.0000000E+00
  0.0000000E+00  0.0000000E+00
  0.0000000E+00  0.0000000E+00
  0.0000000E+00  0.0000000E+00
  0.0000000E+00  0.0000000E+00
  0.0000000E+00  0.0000000E+00
  0.0000000E+00  0.0000000E+00
  0.0000000E+00  0.0000000E+00
  0.0000000E+00  0.0000000E+00
  0.0000000E+00  0.0000000E+00
  0.0000000E+00  0.0000000E+00
  0.0000000E+00  0.0000000E+00
  0.0000000E+00  0.0000000E+00
  0.0000000E+00  0.0000000E+00
  0.0000000E+00  0.0000000E+00
  0.0000000E+00  0.0000000E+00
  0.0000000E+00  0.0000000E+00
  0.0000000E+00  0.0000000E+00
  0.0000000E+00  0.0000000E+00
  0.0000000E+00  0.0000000E+00
  0.0000000E+00  0.0000000E+00
  0.0000000E+00  0.0000000E+00
  0.0000000E+00  0.0000000E+00
  0.0000000E+00  0.0000000E+00
  0.0000000E+00  0.0000000E+00
  0.0000000E+00  0.0000000E+00
  0.0000000E+00  0.0000000E+00
  0.0000000E+00  0.0000000E+00
  0.0000000E+00  0.0000000E+00
  0.0000000E+00  0.0000000E+00
  0.0000000E+00  0.0000000E+00
  0.0000000E+00  0.0000000E+00
  0.0000000E+00  0.0000000E+00
  0.0000000E+00  0.0000000E+00
  0.0000000E+00  0.0000000E+00
  0.0000000E+00  0.0000000E+00
  0.0000000E+00  0.0000000E+00
  0.0000000E+00  0.0000000E+00
  0.0000000E+00  0.0000000E+00
  0.0000000E+00  0.0000000E+00
  0.0000000E+00  0.0000000E+00
  0.0000000E+00  0.0000000E+00
  0.0000000E+00  0.0000000E+00
  0.0000000E+00  0.0000000E+00
  0.0000000E+00  0.0000000E+00
  0.0000000E+00  0.0000000E+00
  0.0000000E+00  0.0000000E+00
  0.0000000E+00  0.0000000E+00
  0.0000000E+00  0.0000000E+00
  0.0000000E+00  0.0000000E+00
  0.0000000E+00  0.0000000E+00
  0.0000000E+00  0.0000000E+00
  0.0000000E+00  0.0000000E+00
  0.0000000E+00  0.0000000E+00
  0.0000000E+00  0.0000000E+00
  0.0000000E+00  0.0000000E+00
  0.0000000E+00  0.0000000E+00
  0.0000000E+00  0.0000000E+00
  0.0000000E+00  0.0000000E+00
  0.0000000E+00  0.0000000E+00
  0.0000000E+00  0.0000000E+00
  0.0000000E+00  0.0000000E+00
  0.0000000E+00  0.0000000E+00
  0.0000000E+00  0.0000000E+00
  0.0000000E+00  0.0000000E+00
  0.0000000E+00  0.0000000E+00
  0.0000000E+00  0.0000000E+00
  0.0000000E+00  0.0000000E+00
  0.0000000E+00  0.0000000E+00
  0.0000000E+00  0.0000000E+00
  0.0000000E+00  0.0000000E+00
  0.0000000E+00  0.0000000E+00
  0.0000000E+00  0.0000000E+00
  0.0000000E+00  0.0000000E+00
  0.0000000E+00  0.0000000E+00
  0.0000000E+00  0.0000000E+00
  0.0000000E+00  0.0000000E+00
  0.0000000E+00  0.0000000E+00
  0.0000000E+00  0.0000000E+00
  0.0000000E+00  0.0000000E+00
  0.0000000E+00  0.0000000E+00
  0.0000000E+00  0.0000000E+00
  0.0000000E+00  0.0000000E+00
  0.0000000E+00  0.0000000E+00
  0.0000000E+00  0.0000000E+00
  0.0000000E+00  0.0000000E+00
  0.0000000E+00  0.0000000E+00
  0.0000000E+00  0.0000000E+00
  0.0000000E+00  0.0000000E+00
  0.0000000E+00  0.0000000E+00
  0.0000000E+00  0.0000000E+00
  0.0000000E+00  0.0000000E+00
  0.0000000E+00  0.0000000E+00
  0.0000000E+00  0.0000000E+00
  0.0000000E+00  0.0000000E+00
  0.0000000E+00  0.0000000E+00
  0.0000000E+00  0.0000000E+00
  0.0000000E+00  0.0000000E+00
  0.0000000E+00  0.0000000E+00
  0.0000000E+00  0.0000000E+00
  0.0000000E+00  0.0000000E+00
  0.0000000E+00  0.0000000E+00
  0.0000000E+00  0.0000000E+00
  0.0000000E+00  0.0000000E+00
  0.0000000E+00  0.0000000E+00
  0.0000000E+00  0.0000000E+00
  0.0000000E+00  0.0000000E+00
  0.0000000E+00  0.0000000E+00
  0.0000000E+00  0.0000000E+00
  0.0000000E+00  0.0000000E+00
  0.0000000E+00  0.0000000E+00
  0.0000000E+00  0.0000000E+00
  0.0000000E+00  0.0000000E+00
  0.0000000E+00  0.0000000E+00
  0.0000000E+00  0.0000000E+00
  0.0000000E+00  0.0000000E+00
  0.0000000E+00  0.0000000E+00
  0.0000000E+00  0.0000000E+00
  0.0000000E+00  0.0000000E+00
  0.0000000E+00  0.0000000E+00
  0.0000000E+00  0.0000000E+00
  0.0000000E+00  0.0000000E+00
  0.0000000E+00  0.0000000E+00
  0.0000000E+00  0.0000000E+00
  0.0000000E+00  0.0000000E+00
  0.0000000E+00  0.0000000E+00
  0.0000000E+00  0.0000000E+00
  0.0000000E+00  0.0000000E+00
  0.0000000E+00  0.0000000E+00
  0.0000000E+00  0.0000000E+00
  0.0000000E+00  0.0000000E+00
  0.0000000E+00  0.0000000E+00
  0.0000000E+00  0.0000000E+00
  0.0000000E+00  0.0000000E+00
  0.0000000E+00  0.0000000E+00
  0.0000000E+00  0.0000000E+00
  0.0000000E+00  0.0000000E+00
  0.0000000E+00  0.0000000E+00
  0.0000000E+00  0.0000000E+00
  0.0000000E+00  0.0000000E+00
  0.0000000E+00  0.0000000E+00
  0.0000000E+00  0.0000000E+00
  0.0000000E+00  0.0000000E+00
  0.0000000E+00  0.0000000E+00
  0.0000000E+00  0.0000000E+00
  0.0000000E+00  0.0000000E+00
  0.0000000E+00  0.0000000E+00
  0.0000000E+00  0.0000000E+00
  0.0000000E+00  0.0000000E+00
  0.0000000E+00  0.0000000E+00
  0.0000000E+00  0.0000000E+00
  0.0000000E+00  0.0000000E+00
  0.0000000E+00  0.0000000E+00
  0.0000000E+00  0.0000000E+00
  0.0000000E+00  0.0000000E+00
  0.0000000E+00  0.0000000E+00
  0.0000000E+00  0.0000000E+00
  0.0000000E+00  0.0000000E+00
  0.0000000E+00  0.0000000E+00
  0.0000000E+00  0.0000000E+00
  0.0000000E+00  0.0000000E+00
  0.0000000E+00  0.0000000E+00
  0.0000000E+00  0.0000000E+00
  0.0000000E+00  0.0000000E+00
  0.0000000E+00  0.0000000E+00
  0.0000000E+00  0.0000000E+00
  0.0000000E+00  0.0000000E+00
  0.0000000E+00  0.0000000E+00
  0.0000000E+00  0.0000000E+00
  0.0000000E+00  0.0000000E+00
  0.0000000E+00  0.0000000E+00
  0.0000000E+00  0.0000000E+00
  0.0000000E+00  0.0000000E+00
  0.0000000E+00  0.0000000E+00
  0.0000000E+00  0.0000000E+00
  0.0000000E+00  0.0000000E+00
  0.0000000E+00  0.0000000E+00
  0.0000000E+00  0.0000000E+00
  0.0000000E+00  0.0000000E+00
  0.0000000E+00  0.0000000E+00
  0.0000000E+00  0.0000000E+00
  0.0000000E+00  0.0000000E+00
  0.0000000E+00  0.0000000E+00
  0.0000000E+00  0.0000000E+00
  0.0000000E+00  0.0000000E+00
  0.0000000E+00  0.0000000E+00
  0.0000000E+00  0.0000000E+00
  0.0000000E+00  0.0000000E+00
  0.0000000E+00  0.0000000E+00
  0.0000000E+00  0.0000000E+00
  0.0000000E+00  0.0000000E+00
  0.0000000E+00  0.0000000E+00
  0.0000000E+00  0.0000000E+00
  0.0000000E+00  0.0000000E+00
  0.0000000E+00  0.0000000E+00
  0.0000000E+00  0.0000000E+00
  0.0000000E+00  0.0000000E+00
  0.0000000E+00  0.0000000E+00
  0.0000000E+00  0.0000000E+00
  0.0000000E+00  0.0000000E+00
  0.0000000E+00  0.0000000E+00
  0.0000000E+00  0.0000000E+00
  0.0000000E+00  0.0000000E+00
  0.0000000E+00  0.0000000E+00
  0.0000000E+00  0.0000000E+00
  0.0000000E+00  0.0000000E+00
  0.0000000E+00  0.0000000E+00
  0.0000000E+00  0.0000000E+00
  0.0000000E+00  0.0000000E+00
  0.0000000E+00  0.0000000E+00
  0.0000000E+00  0.0000000E+00
  0.0000000E+00  0.0000000E+00
  0.0000000E+00  0.0000000E+00
  0.0000000E+00  0.0000000E+00
  0.0000000E+00  0.0000000E+00
  0.0000000E+00  0.0000000E+00
  0.0000000E+00  0.0000000E+00
  0.0000000E+00  0.0000000E+00
  0.0000000E+00  0.0000000E+00
  0.0000000E+00  0.0000000E+00
  0.0000000E+00  0.0000000E+00
  0.0000000E+00  0.0000000E+00
  0.0000000E+00  0.0000000E+00
  0.0000000E+00  0.0000000E+00
  0.0000000E+00  0.0000000E+00
  0.0000000E+00  0.0000000E+00
  0.0000000E+00  0.0000000E+00
  0.0000000E+00  0.0000000E+00
  0.0000000E+00  0.0000000E+00
  0.0000000E+00  0.0000000E+00
  0.0000000E+00  0.0000000E+00
  0.0000000E+00  0.0000000E+00
  0.0000000E+00  0.0000000E+00
  0.0000000E+00  0.0000000E+00
  0.0000000E+00  0.0000000E+00
  0.0000000E+00  0.0000000E+00
  0.0000000E+00  0.0000000E+00
  0.0000000E+00  0.0000000E+00
  0.0000000E+00  0.0000000E+00
  0.0000000E+00  0.0000000E+00
  0.0000000E+00  0.0000000E+00
  0.0000000E+00  0.0000000E+00
  0.0000000E+00  0.0000000E+00
  0.0000000E+00  0.0000000E+00
  0.0000000E+00  0.0000000E+00
  0.0000000E+00  0.0000000E+00
  0.0000000E+00  0.0000000E+00
  0.0000000E+00  0.0000000E+00
  0.0000000E+00  0.0000000E+00
  0.0000000E+00  0.0000000E+00
  0.0000000E+00  0.0000000E+00
  0.0000000E+00  0.0000000E+00
  0.0000000E+00  0.0000000E+00
  0.0000000E+00  0.0000000E+00
  0.0000000E+00  0.0000000E+00
  0.0000000E+00  0.0000000E+00
  0.0000000E+00  0.0000000E+00
  0.0000000E+00  0.0000000E+00
  0.0000000E+00  0.0000000E+00
  0.0000000E+00  0.0000000E+00
  0.0000000E+00  0.0000000E+00
  0.0000000E+00  0.0000000E+00
  0.0000000E+00  0.0000000E+00
  0.0000000E+00  0.0000000E+00
  0.0000000E+00  0.0000000E+00
  0.0000000E+00  0.0000000E+00
  0.0000000E+00  0.0000000E+00
  0.0000000E+00  0.0000000E+00
  0.0000000E+00  0.0000000E+00
  0.0000000E+00  0.0000000E+00
  0.0000000E+00  0.0000000E+00
  0.0000000E+00  0.0000000E+00
  0.0000000E+00  0.0000000E+00
  0.0000000E+00  0.0000000E+00
  0.0000000E+00  0.0000000E+00
  0.0000000E+00  0.0000000E+00
  0.0000000E+00  0.0000000E+00
  0.0000000E+00  0.0000000E+00
  0.0000000E+00  0.0000000E+00
  0.0000000E+00  0.0000000E+00
  0.0000000E+00  0.0000000E+00
  0.0000000E+00  0.0000000E+00
  0.0000000E+00  0.0000000E+00
  0.0000000E+00  0.0000000E+00
  0.0000000E+00  0.0000000E+00
  0.0000000E+00  0.0000000E+00
  0.0000000E+00  0.0000000E+00
  0.0000000E+00  0.0000000E+00
  0.0000000E+00  0.0000000E+00
  0.0000000E+00  0.0000000E+00
  0.0000000E+00  0.0000000E+00
  0.0000000E+00  0.0000000E+00
  0.0000000E+00  0.0000000E+00
  0.0000000E+00  0.0000000E+00
  0.0000000E+00  0.0000000E+00
  0.0000000E+00  0.0000000E+00
  0.0000000E+00  0.0000000E+00
  0.0000000E+00  0.0000000E+00
  0.0000000E+00  0.0000000E+00
  0.0000000E+00  0.0000000E+00
  0.0000000E+00  0.0000000E+00
  0.0000000E+00  0.0000000E+00
  0.0000000E+00  0.0000000E+00
  0.0000000E+00  0.0000000E+00
  0.0000000E+00  0.0000000E+00
  0.0000000E+00  0.0000000E+00
  0.0000000E+00  0.0000000E+00
  0.0000000E+00  0.0000000E+00
  0.0000000E+00  0.0000000E+00
  0.0000000E+00  0.0000000E+00
  0.0000000E+00  0.0000000E+00
  0.0000000E+00  0.0000000E+00
  0.0000000E+00  0.0000000E+00
  0.0000000E+00  0.0000000E+00
  0.0000000E+00  0.0000000E+00
  0.0000000E+00  0.0000000E+00
  0.0000000E+00  0.0000000E+00
  0.0000000E+00  0.0000000E+00
  0.0000000E+00  0.0000000E+00
  0.0000000E+00  0.0000000E+00
  0.0000000E+00  0.0000000E+00
  0.0000000E+00  0.0000000E+00
  0.0000000E+00  0.0000000E+00
  0.0000000E+00  0.0000000E+00
  0.0000000E+00  0.0000000E+00
  0.0000000E+00  0.0000000E+00
  0.0000000E+00  0.0000000E+00
  0.0000000E+00  0.0000000E+00
  0.0000000E+00  0.0000000E+00
  0.0000000E+00  0.0000000E+00
  0.0000000E+00  0.0000000E+00
  0.0000000E+00  0.0000000E+00
  0.0000000E+00  0.0000000E+00
  0.0000000E+00  0.0000000E+00
  0.0000000E+00  0.0000000E+00
  0.0000000E+00  0.0000000E+00
  0.0000000E+00  0.0000000E+00
  0.0000000E+00  0.0000000E+00
  0.0000000E+00  0.0000000E+00
  0.0000000E+00  0.0000000E+00
  0.0000000E+00  0.0000000E+00
  0.0000000E+00  0.0000000E+00
  0.0000000E+00  0.0000000E+00
  0.0000000E+00  0.0000000E+00
  0.0000000E+00  0.0000000E+00
  0.0000000E+00  0.0000000E+00
  0.0000000E+00  0.0000000E+00
  0.0000000E+00  0.0000000E+00
  0.0000000E+00  0.0000000E+00
  0.0000000E+00  0.0000000E+00
  0.0000000E+00  0.0000000E+00
  0.0000000E+00  0.0000000E+00
  0.0000000E+00  0.0000000E+00
  0.0000000E+00  0.0000000E+00
  0.0000000E+00  0.0000000E+00
  0.0000000E+00  0.0000000E+00
  0.0000000E+00  0.0000000E+00
  0.0000000E+00  0.0000000E+00
  0.0000000E+00  0.0000000E+00
  0.0000000E+00  0.0000000E+00
  0.0000000E+00  0.0000000E+00
  0.0000000E+00  0.0000000E+00
  0.0000000E+00  0.0000000E+00
  0.0000000E+00  0.0000000E+00
  0.0000000E+00  0.0000000E+00
  0.0000000E+00  0.0000000E+00
  0.0000000E+00  0.0000000E+00
  0.0000000E+00  0.0000000E+00
  0.0000000E+00  0.0000000E+00
  0.0000000E+00  0.0000000E+00
  0.0000000E+00  0.0000000E+00
  0.0000000E+00  0.0000000E+00
  0.0000000E+00  0.0000000E+00
  0.0000000E+00  0.0000000E+00
  0.0000000E+00  0.0000000E+00
  0.0000000E+00  0.0000000E+00
  0.0000000E+00  0.0000000E+00
  0.0000000E+00  0.0000000E+00
  0.0000000E+00  0.0000000E+00
  0.0000000E+00  0.0000000E+00
  0.0000000E+00  0.0000000E+00
  0.0000000E+00  0.0000000E+00
  0.0000000E+00  0.0000000E+00
  0.0000000E+00  0.0000000E+00
  0.0000000E+00  0.0000000E+00
  0.0000000E+00  0.0000000E+00
  0.0000000E+00  0.0000000E+00
  0.0000000E+00  0.0000000E+00
  0.0000000E+00  0.0000000E+00
  0.0000000E+00  0.0000000E+00
  0.0000000E+00  0.0000000E+00
  0.0000000E+00  0.0000000E+00
  0.0000000E+00  0.0000000E+00
  0.0000000E+00  0.0000000E+00
  0.0000000E+00  0.0000000E+00
  0.0000000E+00  0.0000000E+00
  0.0000000E+00  0.0000000E+00
  0.0000000E+00  0.0000000E+00
  0.0000000E+00  0.0000000E+00
  0.0000000E+00  0.0000000E+00
  0.0000000E+00  0.0000000E+00
  0.0000000E+00  0.0000000E+00
  0.0000000E+00  0.0000000E+00
  0.0000000E+00  0.0000000E+00
  0.0000000E+00  0.0000000E+00
  0.0000000E+00  0.0000000E+00
  0.0000000E+00  0.0000000E+00
  0.0000000E+00  0.0000000E+00
  0.0000000E+00  0.0000000E+00
  0.0000000E+00  0.0000000E+00
  0.0000000E+00  0.0000000E+00
  0.0000000E+00  0.0000000E+00
  0.0000000E+00  0.0000000E+00
  0.0000000E+00  0.0000000E+00
  0.0000000E+00  0.0000000E+00
  0.0000000E+00  0.0000000E+00
  0.0000000E+00  0.0000000E+00
  0.0000000E+00  0.0000000E+00
  0.0000000E+00  0.0000000E+00
  0.0000000E+00  0.0000000E+00
  0.0000000E+00  0.0000000E+00
  0.0000000E+00  0.0000000E+00
  0.0000000E+00  0.0000000E+00
  0.0000000E+00  0.0000000E+00
  0.0000000E+00  0.0000000E+00
  0.0000000E+00  0.0000000E+00
  0.0000000E+00  0.0000000E+00
  0.0000000E+00  0.0000000E+00
  0.0000000E+00  0.0000000E+00
  0.0000000E+00  0.0000000E+00
  0.0000000E+00  0.0000000E+00
  0.0000000E+00  0.0000000E+00
  0.0000000E+00  0.0000000E+00
  0.0000000E+00  0.0000000E+00
  0.0000000E+00  0.0000000E+00
  0.0000000E+00  0.0000000E+00
  0.0000000E+00  0.0000000E+00
  0.0000000E+00  0.0000000E+00
  0.0000000E+00  0.0000000E+00
  0.0000000E+00  0.0000000E+00
  0.0000000E+00  0.0000000E+00
  0.0000000E+00  0.0000000E+00
  0.0000000E+00  0.0000000E+00
  0.0000000E+00  0.0000000E+00
  0.0000000E+00  0.0000000E+00
  0.0000000E+00  0.0000000E+00
  0.0000000E+00  0.0000000E+00
  0.0000000E+00  0.0000000E+00
  0.0000000E+00  0.0000000E+00
  0.0000000E+00  0.0000000E+00
  0.0000000E+00  0.0000000E+00
  0.0000000E+00  0.0000000E+00
  0.0000000E+00  0.0000000E+00
  0.0000000E+00  0.0000000E+00
  0.0000000E+00  0.0000000E+00
  0.0000000E+00  0.0000000E+00
  0.0000000E+00  0.0000000E+00
  0.0000000E+00  0.0000000E+00
  0.0000000E+00  0.0000000E+00
  0.0000000E+00  0.0000000E+00
  0.0000000E+00  0.0000000E+00
  0.0000000E+00  0.0000000E+00
  0.0000000E+00  0.0000000E+00
  0.0000000E+00  0.0000000E+00
  0.0000000E+00  0.0000000E+00
  0.0000000E+00  0.0000000E+00
  0.0000000E+00  0.0000000E+00
  0.0000000E+00  0.0000000E+00
  0.0000000E+00  0.0000000E+00
  0.0000000E+00  0.0000000E+00
  0.0000000E+00  0.0000000E+00
  0.0000000E+00  0.0000000E+00
  0.0000000E+00  0.0000000E+00
  0.0000000E+00  0.0000000E+00
  0.0000000E+00  0.0000000E+00
  0.0000000E+00  0.0000000E+00
  0.0000000E+00  0.0000000E+00
  0.0000000E+00  0.0000000E+00
  0.0000000E+00  0.0000000E+00
  0.0000000E+00  0.0000000E+00
  0.0000000E+00  0.0000000E+00
  0.0000000E+00  0.0000000E+00
  0.0000000E+00  0.0000000E+00
  0.0000000E+00  0.0000000E+00
  0.0000000E+00  0.0000000E+00
  0.0000000E+00  0.0000000E+00
  0.0000000E+00  0.0000000E+00
  0.0000000E+00  0.0000000E+00
  0.0000000E+00  0.0000000E+00
  0.0000000E+00  0.0000000E+00
  0.0000000E+00  0.0000000E+00
  0.0000000E+00  0.0000000E+00
  0.0000000E+00  0.0000000E+00
  0.0000000E+00  0.0000000E+00
  0.0000000E+00  0.0000000E+00
  0.0000000E+00  0.0000000E+00
  0.0000000E+00  0.0000000E+00
  0.0000000E+00  0.0000000E+00
  0.0000000E+00  0.0000000E+00
  0.0000000E+00  0.0000000E+00
  0.0000000E+00  0.0000000E+00
  0.0000000E+00  0.0000000E+00
  0.0000000E+00  0.0000000E+00
  0.0000000E+00  0.0000000E+00
  0.0000000E+00  0.0000000E+00
  0.0000000E+00  0.0000000E+00
  0.0000000E+00  0.0000000E+00
  0.0000000E+00  0.0000000E+00
  0.0000000E+00  0.0000000E+00
  0.0000000E+00  0.0000000E+00
  0.0000000E+00  0.0000000E+00
  0.0000000E+00  0.0000000E+00
  0.0000000E+00  0.0000000E+00
  0.0000000E+00  0.0000000E+00
  0.0000000E+00  0.0000000E+00
  0.0000000E+00  0.0000000E+00
  0.0000000E+00  0.0000000E+00
  0.0000000E+00  0.0000000E+00
  0.0000000E+00  0.0000000E+00
  0.0000000E+00  0.0000000E+00
  0.0000000E+00  0.0000000E+00
  0.0000000E+00  0.0000000E+00
  0.0000000E+00  0.0000000E+00
  0.0000000E+00  0.0000000E+00
  0.0000000E+00  0.0000000E+00
  0.0000000E+00  0.0000000E+00
  0.0000000E+00  0.0000000E+00
  0.0000000E+00  0.0000000E+00
  0.0000000E+00  0.0000000E+00
  0.0000000E+00  0.0000000E+00
  0.0000000E+00  0.0000000E+00
  0.0000000E+00  0.0000000E+00
  0.0000000E+00  0.0000000E+00
  0.0000000E+00  0.0000000E+00
  0.0000000E+00  0.0000000E+00
  0.0000000E+00  0.0000000E+00
  0.0000000E+00  0.0000000E+00
  0.0000000E+00  0.0000000E+00
  0.0000000E+00  0.0000000E+00
  0.0000000E+00  0.0000000E+00
  0.0000000E+00  0.0000000E+00
  0.0000000E+00  0.0000000E+00
  0.0000000E+00  0.0000000E+00
  0.0000000E+00  0.0000000E+00
  0.0000000E+00  0.0000000E+00
  0.0000000E+00  0.0000000E+00
  0.0000000E+00  0.0000000E+00
  0.0000000E+00  0.0000000E+00
  0.0000000E+00  0.0000000E+00
  0.0000000E+00  0.0000000E+00
  0.0000000E+00  0.0000000E+00
  0.0000000E+00  0.0000000E+00
  0.0000000E+00  0.0000000E+00
  0.0000000E+00  0.0000000E+00
  0.0000000E+00  0.0000000E+00
  0.0000000E+00  0.0000000E+00
  0.0000000E+00  0.0000000E+00
  0.0000000E+00  0.0000000E+00
  0.0000000E+00  0.0000000E+00
  0.0000000E+00  0.0000000E+00
  0.0000000E+00  0.0000000E+00
  0.0000000E+00  0.0000000E+00
  0.0000000E+00  0.0000000E+00
  0.0000000E+00  0.0000000E+00
  0.0000000E+00  0.0000000E+00
  0.0000000E+00  0.0000000E+00
  0.0000000E+00  0.0000000E+00
  0.0000000E+00  0.0000000E+00
  0.0000000E+00  0.0000000E+00
  0.0000000E+00  0.0000000E+00
  0.0000000E+00  0.0000000E+00
  0.0000000E+00  0.0000000E+00
  0.0000000E+00  0.0000000E+00
  0.0000000E+00  0.0000000E+00
  0.0000000E+00  0.0000000E+00
  0.0000000E+00  0.0000000E+00
  0.0000000E+00  0.0000000E+00
  0.0000000E+00  0.0000000E+00
  0.0000000E+00  0.0000000E+00
  0.0000000E+00  0.0000000E+00
  0.0000000E+00  0.0000000E+00
  0.0000000E+00  0.0000000E+00
  0.0000000E+00  0.0000000E+00
  0.0000000E+00  0.0000000E+00
  0.0000000E+00  0.0000000E+00
  0.0000000E+00  0.0000000E+00
  0.0000000E+00  0.0000000E+00
  0.0000000E+00  0.0000000E+00
  0.0000000E+00  0.0000000E+00
  0.0000000E+00  0.0000000E+00
  0.0000000E+00  0.0000000E+00
  0.0000000E+00  0.0000000E+00
  0.0000000E+00  0.0000000E+00
  0.0000000E+00  0.0000000E+00
  0.0000000E+00  0.0000000E+00
  0.0000000E+00  0.0000000E+00
  0.0000000E+00  0.0000000E+00
  0.0000000E+00  0.0000000E+00
  0.0000000E+00  0.0000000E+00
  0.0000000E+00  0.0000000E+00
  0.0000000E+00  0.0000000E+00
  0.0000000E+00  0.0000000E+00
  0.0000000E+00  0.0000000E+00
  0.0000000E+00  0.0000000E+00
  0.0000000E+00  0.0000000E+00
  0.0000000E+00  0.0000000E+00
  0.0000000E+00  0.0000000E+00
  0.0000000E+00  0.0000000E+00
  0.0000000E+00  0.0000000E+00
  0.0000000E+00  0.0000000E+00
  0.0000000E+00  0.0000000E+00
  0.0000000E+00  0.0000000E+00
  0.0000000E+00  0.0000000E+00
  0.0000000E+00  0.0000000E+00
  0.0000000E+00  0.0000000E+00
  0.0000000E+00  0.0000000E+00
  0.0000000E+00  0.0000000E+00
  0.0000000E+00  0.0000000E+00
  0.0000000E+00  0.0000000E+00
  0.0000000E+00  0.0000000E+00
  0.0000000E+00  0.0000000E+00
  0.0000000E+00  0.0000000E+00
  0.0000000E+00  0.0000000E+00
  0.0000000E+00  0.0000000E+00
  0.0000000E+00  0.0000000E+00
  0.0000000E+00  0.0000000E+00
  0.0000000E+00  0.0000000E+00
  0.0000000E+00  0.0000000E+00
  0.0000000E+00  0.0000000E+00
  0.0000000E+00  0.0000000E+00
  0.0000000E+00  0.0000000E+00
  0.0000000E+00  0.0000000E+00
  0.0000000E+00  0.0000000E+00
  0.0000000E+00  0.0000000E+00
  0.0000000E+00  0.0000000E+00
  0.0000000E+00  0.0000000E+00
  0.0000000E+00  0.0000000E+00
  0.0000000E+00  0.0000000E+00
  0.0000000E+00  0.0000000E+00
  0.0000000E+00  0.0000000E+00
  0.0000000E+00  0.0000000E+00
  0.0000000E+00  0.0000000E+00
  0.0000000E+00  0.0000000E+00
  0.0000000E+00  0.0000000E+00
  0.0000000E+00  0.0000000E+00
  0.0000000E+00  0.0000000E+00
  0.0000000E+00  0.0000000E+00
  0.0000000E+00  0.0000000E+00
  0.0000000E+00  0.0000000E+00
  0.0000000E+00  0.0000000E+00
  0.0000000E+00  0.0000000E+00
  0.0000000E+00  0.0000000E+00
  0.0000000E+00  0.0000000E+00
  0.0000000E+00  0.0000000E+00
  0.0000000E+00  0.0000000E+00
  0.0000000E+00  0.0000000E+00
  0.0000000E+00  0.0000000E+00
  0.0000000E+00  0.0000000E+00
  0.0000000E+00  0.0000000E+00
  0.0000000E+00  0.0000000E+00
  0.0000000E+00  0.0000000E+00
  0.0000000E+00  0.0000000E+00
  0.0000000E+00  0.0000000E+00
  0.0000000E+00  0.0000000E+00
  0.0000000E+00  0.0000000E+00
  0.0000000E+00  0.0000000E+00
  0.0000000E+00  0.0000000E+00
  0.0000000E+00  0.0000000E+00
  0.0000000E+00  0.0000000E+00
  0.0000000E+00  0.0000000E+00
  0.0000000E+00  0.0000000E+00
  0.0000000E+00  0.0000000E+00
  0.0000000E+00  0.0000000E+00
  0.0000000E+00  0.0000000E+00
  0.0000000E+00  0.0000000E+00
  0.0000000E+00  0.0000000E+00
  0.0000000E+00  0.0000000E+00
  0.0000000E+00  0.0000000E+00
  0.0000000E+00  0.0000000E+00
  0.0000000E+00  0.0000000E+00
  0.0000000E+00  0.0000000E+00
  0.0000000E+00  0.0000000E+00
  0.0000000E+00  0.0000000E+00
  0.0000000E+00  0.0000000E+00
  0.0000000E+00  0.0000000E+00
  0.0000000E+00  0.0000000E+00
  0.0000000E+00  0.0000000E+00
  0.0000000E+00  0.0000000E+00
  0.0000000E+00  0.0000000E+00
  0.0000000E+00  0.0000000E+00
  0.0000000E+00  0.0000000E+00
  0.0000000E+00  0.0000000E+00
  0.0000000E+00  0.0000000E+00
  0.0000000E+00  0.0000000E+00
  0.0000000E+00  0.0000000E+00
  0.0000000E+00  0.0000000E+00
  0.0000000E+00  0.0000000E+00
  0.0000000E+00  0.0000000E+00
  0.0000000E+00  0.0000000E+00
  0.0000000E+00  0.0000000E+00
  0.0000000E+00  0.0000000E+00
  0.0000000E+00  0.0000000E+00
  0.0000000E+00  0.0000000E+00
  0.0000000E+00  0.0000000E+00
  0.0000000E+00  0.0000000E+00
  0.0000000E+00  0.0000000E+00
  0.0000000E+00  0.0000000E+00
  0.0000000E+00  0.0000000E+00
  0.0000000E+00  0.0000000E+00
  0.0000000E+00  0.0000000E+00
  0.0000000E+00  0.0000000E+00
  0.0000000E+00  0.0000000E+00
  0.0000000E+00  0.0000000E+00
  0.0000000E+00  0.0000000E+00
  0.0000000E+00  0.0000000E+00
  0.0000000E+00  0.0000000E+00
  0.0000000E+00  0.0000000E+00
  0.0000000E+00  0.0000000E+00
  0.0000000E+00  0.0000000E+00
  0.0000000E+00  0.0000000E+00
  0.0000000E+00  0.0000000E+00
  0.0000000E+00  0.0000000E+00
  0.0000000E+00  0.0000000E+00
  0.0000000E+00  0.0000000E+00
  0.0000000E+00  0.0000000E+00
  0.0000000E+00  0.0000000E+00
  0.0000000E+00  0.0000000E+00
  0.0000000E+00  0.0000000E+00
  0.0000000E+00  0.0000000E+00
  0.0000000E+00  0.0000000E+00
  0.0000000E+00  0.0000000E+00
  0.0000000E+00  0.0000000E+00
  0.0000000E+00  0.0000000E+00
  0.0000000E+00  0.0000000E+00
  0.0000000E+00  0.0000000E+00
  0.0000000E+00  0.0000000E+00
  0.0000000E+00  0.0000000E+00
  0.0000000E+00  0.0000000E+00
  0.0000000E+00  0.0000000E+00
  0.0000000E+00  0.0000000E+00
  0.0000000E+00  0.0000000E+00
  0.0000000E+00  0.0000000E+00
  0.0000000E+00  0.0000000E+00
  0.0000000E+00  0.0000000E+00
  0.0000000E+00  0.0000000E+00
  0.0000000E+00  0.0000000E+00
  0.0000000E+00  0.0000000E+00
  0.0000000E+00  0.0000000E+00
  0.0000000E+00  0.0000000E+00
  0.0000000E+00  0.0000000E+00
  0.0000000E+00  0.0000000E+00
  0.0000000E+00  0.0000000E+00
  0.0000000E+00  0.0000000E+00
  0.0000000E+00  0.0000000E+00
  0.0000000E+00  0.0000000E+00
  0.0000000E+00  0.0000000E+00
  0.0000000E+00  0.0000000E+00
  0.0000000E+00  0.0000000E+00
  0.0000000E+00  0.0000000E+00
  0.0000000E+00  0.0000000E+00
  0.0000000E+00  0.0000000E+00
  0.0000000E+00  0.0000000E+00
  0.0000000E+00  0.0000000E+00
  0.0000000E+00  0.0000000E+00
  0.0000000E+00  0.0000000E+00
  0.0000000E+00  0.0000000E+00
  0.0000000E+00  0.0000000E+00
  0.0000000E+00  0.0000000E+00
  0.0000000E+00  0.0000000E+00
  0.0000000E+00  0.0000000E+00
  0.0000000E+00  0.0000000E+00
  0.0000000E+00  0.0000000E+00
  0.0000000E+00  0.0000000E+00
  0.0000000E+00  0.0000000E+00
  0.0000000E+00  0.0000000E+00
  0.0000000E+00  0.0000000E+00
  0.0000000E+00  0.0000000E+00
  0.0000000E+00  0.0000000E+00
  0.0000000E+00  0.0000000E+00
  0.0000000E+00  0.0000000E+00
  0.0000000E+00  0.0000000E+00
  0.0000000E+00  0.0000000E+00
  0.0000000E+00  0.0000000E+00
  0.0000000E+00  0.0000000E+00
  0.0000000E+00  0.0000000E+00
  0.0000000E+00  0.0000000E+00
  0.0000000E+00  0.0000000E+00
  0.0000000E+00  0.0000000E+00
  0.0000000E+00  0.0000000E+00
  0.0000000E+00  0.0000000E+00
  0.0000000E+00  0.0000000E+00
  0.0000000E+00  0.0000000E+00
  0.0000000E+00  0.0000000E+00
  0.0000000E+00  0.0000000E+00
  0.0000000E+00  0.0000000E+00
  0.0000000E+00  0.0000000E+00
  0.0000000E+00  0.0000000E+00
  0.0000000E+00  0.0000000E+00
  0.0000000E+00  0.0000000E+00
  0.0000000E+00  0.0000000E+00
  0.0000000E+00  0.0000000E+00
  0.0000000E+00  0.0000000E+00
  0.0000000E+00  0.0000000E+00
  0.0000000E+00  0.0000000E+00
  0.0000000E+00  0.0000000E+00
  0.0000000E+00  0.0000000E+00
  0.0000000E+00  0.0000000E+00
  0.0000000E+00  0.0000000E+00
  0.0000000E+00  0.0000000E+00
  0.0000000E+00  0.0000000E+00
  0.0000000E+00  0.0000000E+00
  0.0000000E+00  0.0000000E+00
  0.0000000E+00  0.0000000E+00
  0.0000000E+00  0.0000000E+00
  0.0000000E+00  0.0000000E+00
  0.0000000E+00  0.0000000E+00
  0.0000000E+00  0.0000000E+00
  0.0000000E+00  0.0000000E+00
  0.0000000E+00  0.0000000E+00
  0.0000000E+00  0.0000000E+00
  0.0000000E+00  0.0000000E+00
  0.0000000E+00  0.0000000E+00
  0.0000000E+00  0.0000000E+00
  0.0000000E+00  0.0000000E+00
  0.0000000E+00  0.0000000E+00
  0.0000000E+00  0.0000000E+00
  0.0000000E+00  0.0000000E+00
  0.0000000E+00  0.0000000E+00
  0.0000000E+00  0.0000000E+00
  0.0000000E+00  0.0000000E+00
  0.0000000E+00  0.0000000E+00
  0.0000000E+00  0.0000000E+00
  0.0000000E+00  0.0000000E+00
  0.0000000E+00  0.0000000E+00
  0.0000000E+00  0.0000000E+00
  0.0000000E+00  0.0000000E+00
  0.0000000E+00  0.0000000E+00
  0.0000000E+00  0.0000000E+00
  0.0000000E+00  0.0000000E+00
  0.0000000E+00  0.0000000E+00
  0.0000000E+00  0.0000000E+00
  0.0000000E+00  0.0000000E+00
  0.0000000E+00  0.0000000E+00
  0.0000000E+00  0.0000000E+00
  0.0000000E+00  0.0000000E+00
  0.0000000E+00  0.0000000E+00
  0.0000000E+00  0.0000000E+00
  0.0000000E+00  0.0000000E+00
  0.0000000E+00  0.0000000E+00
  0.0000000E+00  0.0000000E+00
  0.0000000E+00  0.0000000E+00
  0.0000000E+00  0.0000000E+00
  0.0000000E+00  0.0000000E+00
  0.0000000E+00  0.0000000E+00
  0.0000000E+00  0.0000000E+00
  0.0000000E+00  0.0000000E+00
  0.0000000E+00  0.0000000E+00
  0.0000000E+00  0.0000000E+00
  0.0000000E+00  0.0000000E+00
  0.0000000E+00  0.0000000E+00
  0.0000000E+00  0.0000000E+00
  0.0000000E+00  0.0000000E+00
  0.0000000E+00  0.0000000E+00
  0.0000000E+00  0.0000000E+00
  0.0000000E+00  0.0000000E+00
  0.0000000E+00  0.0000000E+00
  0.0000000E+00  0.0000000E+00
  0.0000000E+00  0.0000000E+00
  0.0000000E+00  0.0000000E+00
  0.0000000E+00  0.0000000E+00
  0.0000000E+00  0.0000000E+00
  0.0000000E+00  0.0000000E+00
  0.0000000E+00  0.0000000E+00
  0.0000000E+00  0.0000000E+00
  0.0000000E+00  0.0000000E+00
  0.0000000E+00  0.0000000E+00
  0.0000000E+00  0.0000000E+00
  0.0000000E+00  0.0000000E+00
  0.0000000E+00  0.0000000E+00
  0.0000000E+00  0.0000000E+00
  0.0000000E+00  0.0000000E+00
  0.0000000E+00  0.0000000E+00
  0.0000000E+00  0.0000000E+00
  0.0000000E+00  0.0000000E+00
  0.0000000E+00  0.0000000E+00
  0.0000000E+00  0.0000000E+00
  0.0000000E+00  0.0000000E+00
  0.0000000E+00  0.0000000E+00
  0.0000000E+00  0.0000000E+00
  0.0000000E+00  0.0000000E+00
  0.0000000E+00  0.0000000E+00
  0.0000000E+00  0.0000000E+00
  0.0000000E+00  0.0000000E+00
  0.0000000E+00  0.0000000E+00
  0.0000000E+00  0.0000000E+00
  0.0000000E+00  0.0000000E+00
