  0.2153685E+01  0.3961312E-03
  0.1473600E+01  0.2689399E-03
  0.1217452E+01  0.2206603E-03
  0.1075771E+01  0.1937729E-03
  0.9767866E+00  0.1747776E-03
  0.8978643E+00  0.1594739E-03
  0.2451339E+00  0.4290344E-04
  0.6736420E+00  0.1156338E-03
  0.6059306E+00  0.1021026E-03
  0.5076821E+00  0.8209694E-04
  0.2506690E+00  0.2854492E-04
  0.2529315E+00  0.2913024E-04
  0.2525702E+00  0.2925262E-04
  0.2494938E+00  0.2891968E-04
  0.2432001E+00  0.2805624E-04
  0.2389076E+00  0.2765280E-04
  0.2334293E+00  0.2711856E-04
  0.2267296E+00  0.2645440E-04
  0.2203199E+00  0.2589601E-04
  0.2104360E+00  0.2471577E-04
  0.1995033E+00  0.2342601E-04
  0.1894094E+00  0.2234960E-04
  0.1765915E+00  0.2079324E-04
  0.1630442E+00  0.1917579E-04
  0.1502883E+00  0.1775283E-04
  0.1353092E+00  0.1593895E-04
  0.1197603E+00  0.1407626E-04
  0.1048756E+00  0.1237058E-04
  0.8833528E-01  0.1037386E-04
  0.7140168E-01  0.8340276E-05
  0.5497586E-01  0.6419659E-05
  0.3752203E-01  0.4317353E-05
  0.1989550E-01  0.2198047E-05
  0.2619751E-02  0.1489698E-06
 -0.1500892E-01 -0.1963551E-05
 -0.3255062E-01 -0.4065379E-05
 -0.4991587E-01 -0.6147407E-05
 -0.6693733E-01 -0.8168980E-05
 -0.8362451E-01 -0.1015312E-04
 -0.1003086E+00 -0.1216597E-04
 -0.1159858E+00 -0.1400316E-04
 -0.1310965E+00 -0.1578052E-04
 -0.1464090E+00 -0.1763818E-04
 -0.1600786E+00 -0.1920821E-04
 -0.1730166E+00 -0.2070841E-04
 -0.1863647E+00 -0.2233938E-04
 -0.1974972E+00 -0.2358329E-04
 -0.2077851E+00 -0.2475234E-04
 -0.2186817E+00 -0.2610440E-04
 -0.2268941E+00 -0.2698470E-04
 -0.2341980E+00 -0.2779225E-04
 -0.2422797E+00 -0.2882308E-04
 -0.2473228E+00 -0.2932193E-04
 -0.2514452E+00 -0.2975468E-04
 -0.2564782E+00 -0.3044022E-04
 -0.2582220E+00 -0.3055220E-04
 -0.2590799E+00 -0.3061103E-04
 -0.2609543E+00 -0.3094217E-04
 -0.2594171E+00 -0.3067876E-04
 -0.2569506E+00 -0.3035581E-04
 -0.2555618E+00 -0.3031408E-04
 -0.2507873E+00 -0.2968374E-04
 -0.2450308E+00 -0.2897467E-04
 -0.2403188E+00 -0.2854009E-04
 -0.2324551E+00 -0.2755505E-04
 -0.2237290E+00 -0.2651243E-04
 -0.2159839E+00 -0.2571861E-04
 -0.2052799E+00 -0.2440990E-04
 -0.1938131E+00 -0.2304430E-04
 -0.1832553E+00 -0.2190909E-04
 -0.1700707E+00 -0.2031238E-04
 -0.1561789E+00 -0.1865486E-04
 -0.1430573E+00 -0.1718510E-04
 -0.1278005E+00 -0.1534202E-04
 -0.1119963E+00 -0.1344785E-04
 -0.9682825E-01 -0.1170336E-04
 -0.8011141E-01 -0.9688196E-05
 -0.6305178E-01 -0.7641066E-05
 -0.4653291E-01 -0.5713388E-05
 -0.2927543E-01 -0.3658670E-05
 -0.1250503E-01 -0.1713016E-05
  0.3380514E-02  0.4976755E-07
  0.2148455E-01  0.2255934E-05
  0.3857426E-01  0.4269416E-05
  0.5517963E-01  0.6199381E-05
  0.7140910E-01  0.8073097E-05
  0.8726004E-01  0.9896692E-05
  0.1027366E+00  0.1167930E-04
  0.1177646E+00  0.1341180E-04
  0.1322424E+00  0.1507537E-04
  0.1460914E+00  0.1666259E-04
  0.1592309E+00  0.1816182E-04
  0.1716058E+00  0.1956504E-04
  0.1832138E+00  0.2088124E-04
  0.1939956E+00  0.2209941E-04
  0.2038108E+00  0.2319563E-04
  0.2127021E+00  0.2418359E-04
  0.2208146E+00  0.2509670E-04
  0.2280136E+00  0.2591023E-04
  0.2341083E+00  0.2659595E-04
  0.2423998E+00  0.2784209E-04
  0.2512042E+00  0.2926875E-04
  0.2540446E+00  0.2955779E-04
  0.2522561E+00  0.2899205E-04
  0.2455923E+00  0.2750687E-04
  0.5073386E+00  0.8207529E-04
  0.6061621E+00  0.1022159E-03
  0.6763501E+00  0.1162455E-03
  0.7392792E+00  0.1287059E-03
  0.8006431E+00  0.1408277E-03
  0.8697693E+00  0.1543252E-03
  0.9494697E+00  0.1697252E-03
  0.1215269E+01  0.2203390E-03
  0.1467312E+01  0.2678113E-03
  0.2167704E+01  0.3987454E-03
  0.2168324E+01  0.3990349E-03
  0.2127259E+00  0.3728694E-04
  0.1599718E+01  0.2943279E-03
  0.1307299E+01  0.2406440E-03
  0.9200428E+00  0.1694080E-03
  0.4730432E+00  0.8712304E-04
 -0.1837788E-02 -0.3160403E-06
 -0.4759869E+00 -0.8762816E-04
 -0.9262846E+00 -0.1705462E-03
 -0.1337130E+01 -0.2462069E-03
 -0.1691131E+01 -0.3114045E-03
 -0.1969242E+01 -0.3626301E-03
 -0.2159637E+01 -0.3977017E-03
 -0.2255934E+01 -0.4154523E-03
 -0.2255649E+01 -0.4154291E-03
 -0.2158558E+01 -0.3975841E-03
 -0.1968656E+01 -0.3626548E-03
 -0.1692919E+01 -0.3119158E-03
 -0.1341990E+01 -0.2473278E-03
 -0.9302111E+00 -0.1715250E-03
 -0.4757370E+00 -0.8784820E-04
 -0.1005615E-02 -0.4324720E-06
  0.4713627E+00  0.8654826E-04
  0.9247053E+00  0.1700306E-03
  0.1338120E+01  0.2461640E-03
  0.1685036E+01  0.3100430E-03
  0.1945976E+01  0.3580657E-03
  0.2104866E+01  0.3872522E-03
  0.6470145E+00  0.1143996E-03
  0.7126754E+00  0.1259081E-03
  0.1036531E+01  0.1867158E-03
  0.9407060E+00  0.1682782E-03
  0.8536934E+00  0.1514476E-03
  0.5998300E+00  0.1010418E-03
  0.7577972E+00  0.1366718E-03
  0.5014067E+00  0.8116355E-04
  0.5056299E+00  0.8180908E-04
  0.4950304E+00  0.8017299E-04
  0.4841391E+00  0.7835469E-04
  0.4730733E+00  0.7657309E-04
  0.4619846E+00  0.7488163E-04
  0.4478289E+00  0.7265186E-04
  0.4309831E+00  0.6995455E-04
  0.4117930E+00  0.6685474E-04
  0.3906245E+00  0.6342377E-04
  0.3677210E+00  0.5970843E-04
  0.3430643E+00  0.5570078E-04
  0.3169017E+00  0.5144527E-04
  0.2893786E+00  0.4697106E-04
  0.2604959E+00  0.4227146E-04
  0.2304829E+00  0.3738712E-04
  0.1994727E+00  0.3233964E-04
  0.1675039E+00  0.2713451E-04
  0.1348135E+00  0.2181335E-04
  0.1015141E+00  0.1638935E-04
  0.6767368E-01  0.1087487E-04
  0.3352765E-01  0.5313068E-05
 -0.7783582E-03 -0.2756706E-06
 -0.3511503E-01 -0.5870952E-05
 -0.6927033E-01 -0.1143411E-04
 -0.1031498E+00 -0.1695373E-04
 -0.1365563E+00 -0.2239439E-04
 -0.1693350E+00 -0.2772961E-04
 -0.2014046E+00 -0.3294910E-04
 -0.2325230E+00 -0.3801401E-04
 -0.2625851E+00 -0.4290281E-04
 -0.2915442E+00 -0.4761621E-04
 -0.3191237E+00 -0.5209635E-04
 -0.3452634E+00 -0.5634167E-04
 -0.3699513E+00 -0.6035455E-04
 -0.3928993E+00 -0.6407809E-04
 -0.4140881E+00 -0.6751795E-04
 -0.4335458E+00 -0.7067442E-04
 -0.4509705E+00 -0.7349982E-04
 -0.4664122E+00 -0.7599952E-04
 -0.4799301E+00 -0.7819339E-04
 -0.4912119E+00 -0.8001825E-04
 -0.5003563E+00 -0.8149577E-04
 -0.5074235E+00 -0.8264076E-04
 -0.5122183E+00 -0.8341410E-04
 -0.5148489E+00 -0.8383869E-04
 -0.5153342E+00 -0.8391748E-04
 -0.5134386E+00 -0.8360725E-04
 -0.5093600E+00 -0.8294390E-04
 -0.5031996E+00 -0.8194505E-04
 -0.4946696E+00 -0.8055691E-04
 -0.4839021E+00 -0.7880131E-04
 -0.4712174E+00 -0.7673952E-04
 -0.4565516E+00 -0.7435844E-04
 -0.4398744E+00 -0.7165039E-04
 -0.4213860E+00 -0.6865055E-04
 -0.4010099E+00 -0.6534237E-04
 -0.3789248E+00 -0.6175700E-04
 -0.3552375E+00 -0.5791435E-04
 -0.3298643E+00 -0.5379147E-04
 -0.3030123E+00 -0.4942448E-04
 -0.2748616E+00 -0.4484836E-04
 -0.2454245E+00 -0.4005751E-04
 -0.2148943E+00 -0.3509059E-04
 -0.1834182E+00 -0.2996944E-04
 -0.1510615E+00 -0.2469797E-04
 -0.1180400E+00 -0.1932386E-04
 -0.8451278E-01 -0.1386296E-04
 -0.5061621E-01 -0.8348626E-05
 -0.1657534E-01 -0.2810225E-05
  0.1753662E-01  0.2739109E-05
  0.5164213E-01  0.8287991E-05
  0.8549871E-01  0.1379532E-04
  0.1189261E+00  0.1923065E-04
  0.1517817E+00  0.2456645E-04
  0.1839796E+00  0.2979851E-04
  0.2154263E+00  0.3490862E-04
  0.2459651E+00  0.3987543E-04
  0.2754138E+00  0.4466366E-04
  0.3035903E+00  0.4924060E-04
  0.3303487E+00  0.5358471E-04
  0.3556252E+00  0.5768525E-04
  0.3793405E+00  0.6153324E-04
  0.4012979E+00  0.6509246E-04
  0.4212733E+00  0.6831819E-04
  0.4394243E+00  0.7125136E-04
  0.4559655E+00  0.7393691E-04
  0.4707130E+00  0.7633748E-04
  0.4835887E+00  0.7844925E-04
  0.4946975E+00  0.8029249E-04
  0.5033807E+00  0.8173052E-04
  0.5086526E+00  0.8256596E-04
  0.5101779E+00  0.8271851E-04
  0.6078917E+00  0.1026051E-03
  0.1468166E+01  0.2682053E-03
  0.6776413E+00  0.1165371E-03
  0.7414280E+00  0.1291485E-03
  0.8061445E+00  0.1418734E-03
  0.8760365E+00  0.1555108E-03
  0.9545308E+00  0.1706967E-03
  0.8744766E+00  0.1597759E-03
  0.1228944E+01  0.2231821E-03
  0.6190601E+00  0.1131400E-03
  0.8471312E+00  0.1526586E-03
  0.1069150E+01  0.1952237E-03
  0.3174746E+00  0.5802471E-04
 -0.5179741E-02 -0.9686501E-06
 -0.3236308E+00 -0.5919118E-04
 -0.6261870E+00 -0.1145045E-03
 -0.9074628E+00 -0.1659414E-03
 -0.1150972E+01 -0.2104757E-03
 -0.1342232E+01 -0.2454557E-03
 -0.1472435E+01 -0.2692695E-03
 -0.1538861E+01 -0.2814277E-03
 -0.1539535E+01 -0.2815731E-03
 -0.1471679E+01 -0.2691862E-03
 -0.1340751E+01 -0.2452749E-03
 -0.1152007E+01 -0.2107937E-03
 -0.9128016E+00 -0.1670810E-03
 -0.6328381E+00 -0.1159075E-03
 -0.3253445E+00 -0.5968870E-04
 -0.7251278E-02 -0.1530120E-05
  0.3096166E+00  0.5640113E-04
  0.6216514E+00  0.1134613E-03
  0.9055179E+00  0.1653648E-03
  0.1137977E+01  0.2078487E-03
  0.1311545E+01  0.2395292E-03
  0.1430786E+01  0.2612450E-03
  0.6473855E+00  0.1108443E-03
  0.7689186E+00  0.1349508E-03
  0.1077154E+01  0.1943556E-03
  0.7927699E+00  0.1388823E-03
  0.6890215E+00  0.1188687E-03
  0.8851471E+00  0.1581973E-03
  0.5937618E+00  0.1000227E-03
  0.9874576E+00  0.1778438E-03
  0.5471894E+00  0.9226722E-04
  0.5297872E+00  0.8939829E-04
  0.5091198E+00  0.8593738E-04
  0.4860369E+00  0.8205700E-04
  0.4605648E+00  0.7776279E-04
  0.4328102E+00  0.7307219E-04
  0.4032174E+00  0.6806850E-04
  0.3718793E+00  0.6277081E-04
  0.3388150E+00  0.5717629E-04
  0.3043562E+00  0.5134939E-04
  0.2685838E+00  0.4529838E-04
  0.2315599E+00  0.3903564E-04
  0.1936194E+00  0.3261439E-04
  0.1548553E+00  0.2605970E-04
  0.1152363E+00  0.1935357E-04
  0.7501889E-01  0.1254657E-04
  0.3442970E-01  0.5677300E-05
 -0.6367011E-02 -0.1228702E-05
 -0.4708305E-01 -0.8118952E-05
 -0.8753698E-01 -0.1496398E-04
 -0.1276471E+00 -0.2174947E-04
 -0.1671783E+00 -0.2843816E-04
 -0.2059528E+00 -0.3499675E-04
 -0.2438623E+00 -0.4141052E-04
 -0.2806650E+00 -0.4763494E-04
 -0.3162144E+00 -0.5364550E-04
 -0.3503918E+00 -0.5942375E-04
 -0.3829775E+00 -0.6493078E-04
 -0.4138680E+00 -0.7015110E-04
 -0.4429289E+00 -0.7506136E-04
 -0.4699936E+00 -0.7963372E-04
 -0.4949835E+00 -0.8385416E-04
 -0.5177884E+00 -0.8770530E-04
 -0.5382802E+00 -0.9116451E-04
 -0.5564123E+00 -0.9422365E-04
 -0.5720980E+00 -0.9687112E-04
 -0.5852388E+00 -0.9908839E-04
 -0.5956892E+00 -0.1008481E-03
 -0.6036536E+00 -0.1021858E-03
 -0.6093029E+00 -0.1031413E-03
 -0.6122158E+00 -0.1036343E-03
 -0.6122466E+00 -0.1036353E-03
 -0.6096829E+00 -0.1032030E-03
 -0.6044800E+00 -0.1023238E-03
 -0.5965438E+00 -0.1009803E-03
 -0.5857874E+00 -0.9915292E-04
 -0.5721347E+00 -0.9682572E-04
 -0.5564692E+00 -0.9416370E-04
 -0.5389379E+00 -0.9121022E-04
 -0.5188437E+00 -0.8781536E-04
 -0.4964958E+00 -0.8403878E-04
 -0.4722219E+00 -0.7994739E-04
 -0.4457932E+00 -0.7548983E-04
 -0.4172571E+00 -0.7066948E-04
 -0.3868689E+00 -0.6553464E-04
 -0.3547101E+00 -0.6009942E-04
 -0.3209704E+00 -0.5439306E-04
 -0.2858929E+00 -0.4846076E-04
 -0.2494885E+00 -0.4230435E-04
 -0.2119128E+00 -0.3594638E-04
 -0.1733894E+00 -0.2942917E-04
 -0.1340503E+00 -0.2277129E-04
 -0.9401474E-01 -0.1599770E-04
 -0.5361456E-01 -0.9160776E-05
 -0.1310404E-01 -0.2306880E-05
  0.2747205E-01  0.4557657E-05
  0.6787884E-01  0.1139266E-04
  0.1079017E+00  0.1815687E-04
  0.1474151E+00  0.2483303E-04
  0.1862939E+00  0.3139878E-04
  0.2245006E+00  0.3785728E-04
  0.2619354E+00  0.4419223E-04
  0.2984023E+00  0.5036794E-04
  0.3335355E+00  0.5631406E-04
  0.3669944E+00  0.6197297E-04
  0.3986704E+00  0.6732363E-04
  0.4286410E+00  0.7238787E-04
  0.4567186E+00  0.7713121E-04
  0.4823902E+00  0.8145870E-04
  0.5052552E+00  0.8529397E-04
  0.5261344E+00  0.8879969E-04
  0.5457302E+00  0.9211896E-04
  0.5630506E+00  0.9505796E-04
  0.5776117E+00  0.9752486E-04
  0.5898530E+00  0.9961289E-04
  0.5995751E+00  0.1012740E-03
  0.6056308E+00  0.1022776E-03
  0.5035729E+00  0.9143469E-04
  0.8715845E+00  0.1581728E-03
  0.7389383E+00  0.1287656E-03
  0.8041695E+00  0.1415974E-03
  0.8080464E+00  0.1433239E-03
  0.8706773E+00  0.1546028E-03
  0.9400294E+00  0.1680745E-03
  0.1218781E+01  0.2218312E-03
  0.2574347E+00  0.4673790E-04
 -0.8081747E-02 -0.1509874E-05
  0.6750907E+00  0.1161431E-03
 -0.2635580E+00 -0.4791366E-04
 -0.5056790E+00 -0.9188517E-04
 -0.7395626E+00 -0.1344082E-03
 -0.9421626E+00 -0.1712398E-03
 -0.1101085E+01 -0.2001421E-03
 -0.1208606E+01 -0.2196857E-03
 -0.1265676E+01 -0.2300752E-03
 -0.1268342E+01 -0.2305907E-03
 -0.1208535E+01 -0.2197189E-03
 -0.1097769E+01 -0.1996030E-03
 -0.9416232E+00 -0.1712499E-03
 -0.7456976E+00 -0.1356696E-03
 -0.5180525E+00 -0.9431397E-04
 -0.2706964E+00 -0.4937087E-04
 -0.1825042E-01 -0.3505448E-05
  0.2343598E+00  0.4237132E-04
  0.4981201E+00  0.9032869E-04
  0.7356208E+00  0.1334724E-03
  0.9230084E+00  0.1674927E-03
  0.1060755E+01  0.1924343E-03
  0.7063662E+00  0.1282441E-03
  0.5857949E+00  0.9869754E-04
  0.5581945E+00  0.9397200E-04
  0.5704332E+00  0.9601544E-04
  0.1183081E+01  0.2157544E-03
  0.7341843E+00  0.1289898E-03
  0.9136376E+00  0.1646220E-03
  0.6105141E+00  0.1048426E-03
  0.5883926E+00  0.1010911E-03
  0.5102495E+00  0.8773176E-04
  0.4786390E+00  0.8228567E-04
  0.4453531E+00  0.7655117E-04
  0.4101350E+00  0.7048490E-04
  0.3729976E+00  0.6408583E-04
  0.3345902E+00  0.5747497E-04
  0.2946191E+00  0.5059035E-04
  0.2534344E+00  0.4349772E-04
  0.2116482E+00  0.3630295E-04
  0.1688599E+00  0.2893928E-04
  0.1247317E+00  0.2133770E-04
  0.7965395E-01  0.1356813E-04
  0.3423489E-01  0.5743706E-05
 -0.1134496E-01 -0.2108386E-05
 -0.5654952E-01 -0.9894151E-05
 -0.1012407E+00 -0.1758927E-04
 -0.1457070E+00 -0.2524544E-04
 -0.1894725E+00 -0.3278533E-04
 -0.2322643E+00 -0.4014749E-04
 -0.2743308E+00 -0.4739302E-04
 -0.3150475E+00 -0.5440511E-04
 -0.3542777E+00 -0.6115601E-04
 -0.3922530E+00 -0.6769576E-04
 -0.4282751E+00 -0.7389457E-04
 -0.4623314E+00 -0.7975442E-04
 -0.4946649E+00 -0.8532236E-04
 -0.5245268E+00 -0.9045833E-04
 -0.5520399E+00 -0.9518917E-04
 -0.5774580E+00 -0.9956496E-04
 -0.5999721E+00 -0.1034362E-03
 -0.6198379E+00 -0.1068488E-03
 -0.6373752E+00 -0.1098714E-03
 -0.6515167E+00 -0.1123012E-03
 -0.6620968E+00 -0.1140980E-03
 -0.6710447E+00 -0.1156363E-03
 -0.6782550E+00 -0.1169000E-03
 -0.6813214E+00 -0.1174295E-03
 -0.6810030E+00 -0.1173721E-03
 -0.6780283E+00 -0.1168641E-03
 -0.6716062E+00 -0.1157544E-03
 -0.6620027E+00 -0.1140902E-03
 -0.6487731E+00 -0.1117830E-03
 -0.6314612E+00 -0.1087425E-03
 -0.6139886E+00 -0.1057183E-03
 -0.5953894E+00 -0.1025406E-03
 -0.5727313E+00 -0.9864350E-04
 -0.5481709E+00 -0.9443051E-04
 -0.5215599E+00 -0.8987611E-04
 -0.4917977E+00 -0.8476399E-04
 -0.4598181E+00 -0.7926725E-04
 -0.4257798E+00 -0.7341125E-04
 -0.3895635E+00 -0.6717331E-04
 -0.3520362E+00 -0.6071513E-04
 -0.3130818E+00 -0.5401316E-04
 -0.2723205E+00 -0.4698952E-04
 -0.2304127E+00 -0.3977181E-04
 -0.1874054E+00 -0.3236789E-04
 -0.1432247E+00 -0.2475609E-04
 -0.9828292E-01 -0.1700993E-04
 -0.5328009E-01 -0.9255758E-05
 -0.8491185E-02 -0.1543747E-05
  0.3645484E-01  0.6197278E-05
  0.8098524E-01  0.1386242E-04
  0.1248324E+00  0.2139891E-04
  0.1681180E+00  0.2883995E-04
  0.2107556E+00  0.3616545E-04
  0.2529726E+00  0.4343638E-04
  0.2948814E+00  0.5067115E-04
  0.3361911E+00  0.5780232E-04
  0.3758568E+00  0.6464684E-04
  0.4129698E+00  0.7103509E-04
  0.4479001E+00  0.7704341E-04
  0.4813152E+00  0.8279800E-04
  0.5125535E+00  0.8817302E-04
  0.5400707E+00  0.9287993E-04
  0.5627170E+00  0.9670851E-04
  0.5844064E+00  0.1004075E-03
  0.6071965E+00  0.1043689E-03
  0.6265363E+00  0.1077187E-03
  0.6412235E+00  0.1102242E-03
  0.6549162E+00  0.1126176E-03
  0.6675377E+00  0.1148437E-03
 -0.2271999E+00 -0.4101064E-04
 -0.1417538E-01 -0.2624397E-05
  0.6968268E+00  0.1209408E-03
  0.9758746E+00  0.1768469E-03
  0.4416780E+00  0.7965799E-04
  0.7558706E+00  0.1340090E-03
  0.6459411E+00  0.1107405E-03
  0.7958868E+00  0.1401926E-03
 -0.7973115E+00 -0.1403271E-03
 -0.4259584E+00 -0.7679692E-04
  0.5647785E+00  0.9707193E-04
  0.2223598E+00  0.4008714E-04
  0.7291657E+00  0.1265377E-03
  0.6931179E+00  0.1204887E-03
 -0.8170795E+00 -0.1475151E-03
 -0.9570258E+00 -0.1728356E-03
 -0.1049965E+01 -0.1896154E-03
 -0.1103172E+01 -0.1992561E-03
 -0.1109593E+01 -0.2004783E-03
 -0.1050198E+01 -0.1897012E-03
 -0.9490615E+00 -0.1714229E-03
 -0.8126703E+00 -0.1468154E-03
 -0.6437398E+00 -0.1163378E-03
 -0.4491612E+00 -0.8122751E-04
 -0.2403368E+00 -0.4353960E-04
 -0.3204253E-01 -0.5957235E-05
  0.1730477E+00  0.3096730E-04
  0.4210095E+00  0.7585872E-04
  0.6340371E+00  0.1142365E-03
  0.7930933E+00  0.1429238E-03
  0.6584431E+00  0.1189765E-03
  0.7307167E+00  0.1273332E-03
  0.5392867E+00  0.9271655E-04
  0.8541286E+00  0.1516443E-03
 -0.7531328E+00 -0.1322194E-03
 -0.6389235E+00 -0.1153343E-03
  0.9002287E+00  0.1606380E-03
  0.6891248E+00  0.1209184E-03
  0.6714163E+00  0.1167854E-03
  0.8042463E+00  0.1434850E-03
  0.8384963E+00  0.1492961E-03
  0.6196960E+00  0.1059880E-03
  0.6407485E+00  0.1114067E-03
  0.2017871E+00  0.3598348E-04
  0.5555263E+00  0.9667999E-04
  0.5185309E+00  0.9020188E-04
  0.4022557E+00  0.6992451E-04
  0.3609300E+00  0.6273243E-04
  0.3172811E+00  0.5512229E-04
  0.2722610E+00  0.4726662E-04
  0.2287050E+00  0.3969148E-04
  0.1837988E+00  0.3189049E-04
  0.1349849E+00  0.2338598E-04
  0.8419228E-01  0.1451250E-04
  0.3437008E-01  0.5834631E-05
 -0.1606160E-01 -0.2958556E-05
 -0.6496699E-01 -0.1148077E-04
 -0.1122236E+00 -0.1969994E-04
 -0.1607402E+00 -0.2815547E-04
 -0.2081462E+00 -0.3641828E-04
 -0.2535877E+00 -0.4432033E-04
 -0.2998436E+00 -0.5238802E-04
 -0.3439111E+00 -0.6006340E-04
 -0.3856560E+00 -0.6732220E-04
 -0.4276929E+00 -0.7465934E-04
 -0.4665260E+00 -0.8142063E-04
 -0.5028176E+00 -0.8773149E-04
 -0.5388771E+00 -0.9402759E-04
 -0.5708624E+00 -0.9959180E-04
 -0.6002705E+00 -0.1047083E-03
 -0.6288785E+00 -0.1097062E-03
 -0.6526584E+00 -0.1138378E-03
 -0.6739815E+00 -0.1175454E-03
 -0.6941825E+00 -0.1210806E-03
 -0.7082776E+00 -0.1235141E-03
 -0.7159525E+00 -0.1247825E-03
 -0.7270638E+00 -0.1267394E-03
 -0.7391921E+00 -0.1289346E-03
 -0.7421504E+00 -0.1294582E-03
 -0.7412233E+00 -0.1292902E-03
 -0.7385570E+00 -0.1288440E-03
 -0.7296992E+00 -0.1272794E-03
 -0.7178566E+00 -0.1251797E-03
 -0.7014631E+00 -0.1222594E-03
 -0.6773546E+00 -0.1179290E-03
 -0.6597420E+00 -0.1148391E-03
 -0.6439840E+00 -0.1121616E-03
 -0.6175275E+00 -0.1075544E-03
 -0.5924931E+00 -0.1032323E-03
 -0.5651504E+00 -0.9852908E-04
 -0.5311278E+00 -0.9260701E-04
 -0.4962184E+00 -0.8653442E-04
 -0.4591449E+00 -0.8008388E-04
 -0.4188863E+00 -0.7305728E-04
 -0.3789264E+00 -0.6611198E-04
 -0.3371656E+00 -0.5885335E-04
 -0.2918108E+00 -0.5093676E-04
 -0.2462052E+00 -0.4298798E-04
 -0.1990253E+00 -0.3477365E-04
 -0.1498549E+00 -0.2620500E-04
 -0.9966502E-01 -0.1744310E-04
 -0.5089767E-01 -0.8937348E-05
 -0.3517415E-02 -0.6927357E-06
  0.4552775E-01  0.7852605E-05
  0.9306659E-01  0.1613332E-04
  0.1391944E+00  0.2412493E-04
  0.1853614E+00  0.3217140E-04
  0.2302149E+00  0.3994952E-04
  0.2754531E+00  0.4785323E-04
  0.3211600E+00  0.5585493E-04
  0.3687961E+00  0.6419040E-04
  0.4140299E+00  0.7209389E-04
  0.4536211E+00  0.7897765E-04
  0.4905513E+00  0.8539174E-04
  0.5279347E+00  0.9192051E-04
  0.5629218E+00  0.9801353E-04
  0.5915614E+00  0.1029421E-03
  0.6076105E+00  0.1055796E-03
  0.6282422E+00  0.1091381E-03
  0.6585827E+00  0.1145533E-03
  0.6817520E+00  0.1186408E-03
  0.6913936E+00  0.1201943E-03
  0.5888404E+00  0.1024778E-03
  0.6141590E+00  0.1068255E-03
  0.6269978E+00  0.1074892E-03
 -0.9816089E+00 -0.1759375E-03
  0.7273794E+00  0.1301489E-03
  0.3931760E+00  0.7026437E-04
 -0.5657709E+00 -0.1009784E-03
  0.7860922E+00  0.1386003E-03
  0.8104507E+00  0.1446682E-03
 -0.1999915E+00 -0.3577712E-04
  0.7002641E+00  0.1240554E-03
  0.7945187E+00  0.1419384E-03
 -0.7266299E+00 -0.1300982E-03
 -0.8520458E+00 -0.1527081E-03
 -0.9963152E+00 -0.1787160E-03
 -0.9304509E+00 -0.1667548E-03
 -0.8338287E+00 -0.1493669E-03
 -0.7138288E+00 -0.1278907E-03
 -0.5659708E+00 -0.1014336E-03
 -0.3964908E+00 -0.7110943E-04
 -0.2155588E+00 -0.3872788E-04
 -0.4347701E-01 -0.7908602E-05
  0.1132406E+01  0.2050811E-03
  0.3677091E+00  0.6542026E-04
  0.5663953E+00  0.1011596E-03
  0.6970220E+00  0.1245578E-03
  0.5696981E+00  0.1018187E-03
  0.4822077E+00  0.8386796E-04
 -0.9301677E+00 -0.1666674E-03
  0.4437038E+00  0.7715911E-04
  0.1154360E+01  0.2092288E-03
  0.6424090E+00  0.1128480E-03
  0.7089664E+00  0.1233910E-03
  0.8432426E+00  0.1498459E-03
  0.5984935E+00  0.1051199E-03
 -0.8474754E+00 -0.1498170E-03
  0.6520867E+00  0.1115785E-03
  0.1792729E+00  0.3170456E-04
 -0.7565448E+00 -0.1340414E-03
  0.3366412E+00  0.5897482E-04
  0.5524906E+00  0.9695368E-04
  0.4263783E+00  0.7474850E-04
  0.3853358E+00  0.6756436E-04
  0.2455272E+00  0.4295279E-04
  0.2054676E+00  0.3601162E-04
  0.1485202E+00  0.2603613E-04
  0.8606473E-01  0.1495629E-04
  0.3374452E-01  0.5790392E-05
 -0.2328097E-01 -0.4261828E-05
 -0.7342064E-01 -0.1306630E-04
 -0.1198416E+00 -0.2118909E-04
 -0.1739844E+00 -0.3072678E-04
 -0.2247894E+00 -0.3965741E-04
 -0.2697166E+00 -0.4751543E-04
 -0.3225582E+00 -0.5683120E-04
 -0.3694153E+00 -0.6506449E-04
 -0.4107950E+00 -0.7230158E-04
 -0.4599344E+00 -0.8097530E-04
 -0.5002285E+00 -0.8804805E-04
 -0.5362789E+00 -0.9435286E-04
 -0.5796747E+00 -0.1020252E-03
 -0.6117374E+00 -0.1076450E-03
 -0.6409805E+00 -0.1127579E-03
 -0.6767911E+00 -0.1191046E-03
 -0.6990902E+00 -0.1229954E-03
 -0.7204235E+00 -0.1267277E-03
 -0.7478604E+00 -0.1315805E-03
 -0.7598833E+00 -0.1336389E-03
 -0.7772853E+00 -0.1366685E-03
 -0.7970476E+00 -0.1403151E-03
 -0.7950544E+00 -0.1399349E-03
 -0.7965943E+00 -0.1402497E-03
 -0.7802413E+00 -0.1373114E-03
 -0.7653666E+00 -0.1346230E-03
 -0.7451902E+00 -0.1308957E-03
 -0.6896369E+00 -0.1209659E-03
 -0.6479013E+00 -0.1138961E-03
 -0.6089883E+00 -0.1071199E-03
 -0.5649934E+00 -0.9936185E-04
 -0.5293918E+00 -0.9311303E-04
 -0.4913732E+00 -0.8643986E-04
 -0.4446969E+00 -0.7819585E-04
 -0.4051470E+00 -0.7129421E-04
 -0.3646486E+00 -0.6428073E-04
 -0.3084188E+00 -0.5432854E-04
 -0.2605066E+00 -0.4587086E-04
 -0.2106928E+00 -0.3713082E-04
 -0.1543749E+00 -0.2723904E-04
 -0.9582044E-01 -0.1690560E-04
 -0.4635372E-01 -0.8213799E-05
  0.4442392E-03 -0.1387889E-07
  0.5783807E-01  0.1009340E-04
  0.7459458E+00  0.1302626E-03
  0.2803267E+00  0.4906816E-04
  0.3355109E+00  0.5886226E-04
  0.3973068E+00  0.6978272E-04
  0.4535505E+00  0.7972118E-04
  0.4903950E+00  0.8614070E-04
  0.5264023E+00  0.9241924E-04
  0.5700290E+00  0.1001301E-03
  0.6123316E+00  0.1075887E-03
  0.6484411E+00  0.1138454E-03
  0.5043870E-01  0.8843377E-05
  0.5156775E+00  0.9048072E-04
 -0.8502985E+00 -0.1504828E-03
  0.6161504E+00  0.1088260E-03
  0.3432886E+00  0.6053719E-04
 -0.5256513E+00 -0.9299909E-04
  0.6320304E+00  0.1118109E-03
 -0.8188893E+00 -0.1451712E-03
 -0.8007308E+00 -0.1416288E-03
  0.9265471E+00  0.1660083E-03
  0.4747599E+00  0.8328442E-04
 -0.7225916E+00 -0.1278391E-03
 -0.6185692E+00 -0.1094433E-03
 -0.4905689E+00 -0.8681985E-04
 -0.3436697E+00 -0.6086173E-04
 -0.1870427E+00 -0.3320060E-04
 -0.4429998E-01 -0.8062205E-05
  0.1028731E+01  0.1851475E-03
  0.3355859E+00  0.5885509E-04
  0.5006849E+00  0.8828947E-04
  0.1056815E+01  0.1901987E-03
 -0.1794537E+00 -0.3195519E-04
  0.2872098E+00  0.5027583E-04
 -0.3442818E-01 -0.6156475E-05
 -0.7025611E-01 -0.1239320E-04
  0.1465365E+00  0.2560392E-04
  0.5178019E-01  0.9014207E-05
 -0.6465926E+00 -0.1144511E-03
  0.4865569E+00  0.8588640E-04
 -0.8220627E+00 -0.1456004E-03
  0.9225885E+00  0.1657853E-03
  0.1049119E+01  0.1898112E-03
  0.7092473E+00  0.1247158E-03
  0.7359195E+00  0.1287805E-03
  0.9552605E+00  0.1709581E-03
  0.1583621E+01  0.2901863E-03
  0.1761267E+01  0.3237550E-03
  0.1972903E+00  0.3484894E-04
  0.1198255E+00  0.2130997E-04
  0.6533749E+00  0.1146167E-03
 -0.4304806E+00 -0.7659215E-04
  0.7081544E+00  0.1237559E-03
 -0.3501921E+00 -0.6256266E-04
 -0.1885129E-01 -0.3437473E-05
 -0.6504909E+00 -0.1141423E-03
  0.1005462E+00  0.1757937E-04
 -0.8484310E+00 -0.1503701E-03
 -0.2886550E+00 -0.5113480E-04
  0.7586238E+00  0.1336975E-03
 -0.4478141E+00 -0.7914931E-04
  0.2833886E+00  0.4998310E-04
 -0.8222733E+00 -0.1456570E-03
  0.4301298E+00  0.7593165E-04
 -0.7544160E+00 -0.1335941E-03
 -0.5818532E+00 -0.1030187E-03
  0.5676755E+00  0.1002950E-03
  0.5417867E+00  0.9574722E-04
 -0.6651783E+00 -0.1177923E-03
 -0.5501951E+00 -0.9744707E-04
 -0.4140742E+00 -0.7337149E-04
 -0.2625302E+00 -0.4657188E-04
 -0.1039584E+00 -0.1852002E-04
  0.6254605E-01  0.1105079E-04
  0.2574491E+00  0.4537928E-04
  0.6546503E+00  0.1145416E-03
 -0.7093744E+00 -0.1244016E-03
 -0.2166638E+00 -0.3833799E-04
  0.2117051E+00  0.3702640E-04
  0.4264434E+00  0.7557357E-04
 -0.7014551E+00 -0.1244370E-03
  0.2985579E+01  0.5568998E-03
  0.2506706E+01  0.4675025E-03
  0.2356817E+01  0.4385802E-03
  0.2283283E+01  0.4236619E-03
  0.2238367E+01  0.4139720E-03
  0.2206301E+01  0.4066129E-03
  0.2180576E+01  0.4003981E-03
  0.2158477E+01  0.3948310E-03
  0.2138480E+01  0.3896385E-03
  0.2119722E+01  0.3846685E-03
  0.2101615E+01  0.3798183E-03
  0.2083773E+01  0.3750217E-03
  0.2065919E+01  0.3702332E-03
  0.2047946E+01  0.3654350E-03
  0.2030083E+01  0.3606683E-03
  0.2012962E+01  0.3560432E-03
  0.1998242E+01  0.3518470E-03
  0.1989521E+01  0.3487013E-03
  0.1994837E+01  0.3479898E-03
  0.2033541E+01  0.3530466E-03
  0.1944661E+01  0.3376393E-03
  0.1770784E+01  0.3074759E-03
  0.1519524E+01  0.2638745E-03
  0.1201840E+01  0.2087387E-03
  0.8316150E+00  0.1444772E-03
  0.4250179E+00  0.7389738E-04
 -0.1323256E-03  0.9128969E-07
 -0.4252189E+00 -0.7370848E-04
 -0.8317217E+00 -0.1442866E-03
 -0.1201893E+01 -0.2085621E-03
 -0.1519552E+01 -0.2637249E-03
 -0.1770803E+01 -0.3073630E-03
 -0.1944667E+01 -0.3375677E-03
 -0.2033541E+01 -0.3530198E-03
 -0.2033532E+01 -0.3530423E-03
 -0.1944657E+01 -0.3376358E-03
 -0.1770787E+01 -0.3074724E-03
 -0.1519526E+01 -0.2638713E-03
 -0.1201851E+01 -0.2087376E-03
 -0.8316533E+00 -0.1444813E-03
 -0.4251076E+00 -0.7391017E-04
  0.1740114E-04 -0.1090043E-06
  0.4251407E+00  0.7369697E-04
  0.8316809E+00  0.1442818E-03
  0.1201871E+01  0.2085603E-03
  0.1519532E+01  0.2637237E-03
  0.1770784E+01  0.3073612E-03
  0.1944648E+01  0.3375665E-03
  0.2033530E+01  0.3530203E-03
  0.1994805E+01  0.3479611E-03
  0.1989491E+01  0.3486725E-03
  0.1998213E+01  0.3518184E-03
  0.2012927E+01  0.3560128E-03
  0.2030053E+01  0.3606388E-03
  0.2047931E+01  0.3654075E-03
  0.2065876E+01  0.3702006E-03
  0.2083732E+01  0.3749887E-03
  0.2101571E+01  0.3797842E-03
  0.2119668E+01  0.3846328E-03
  0.2138444E+01  0.3896057E-03
  0.2158455E+01  0.3947989E-03
  0.2180571E+01  0.4003696E-03
  0.2206334E+01  0.4065911E-03
  0.2238398E+01  0.4139486E-03
  0.2283398E+01  0.4236543E-03
  0.2357002E+01  0.4385835E-03
  0.2506806E+01  0.4674889E-03
  0.2983757E+01  0.5565248E-03
  0.2854137E+01  0.5323092E-03
  0.2600039E+01  0.4848762E-03
  0.2231593E+01  0.4161187E-03
  0.1765365E+01  0.3291284E-03
  0.1222089E+01  0.2277705E-03
  0.6253281E+00  0.1164411E-03
  0.9134678E-03 -0.3676109E-07
 -0.6235550E+00 -0.1165163E-03
 -0.1220583E+01 -0.2278698E-03
 -0.1764220E+01 -0.3292579E-03
 -0.2230671E+01 -0.4162420E-03
 -0.2599725E+01 -0.4850531E-03
 -0.2855185E+01 -0.5326702E-03
 -0.2985749E+01 -0.5569881E-03
 -0.2985616E+01 -0.5569268E-03
 -0.2854920E+01 -0.5325112E-03
 -0.2599461E+01 -0.4848259E-03
 -0.2230393E+01 -0.4159519E-03
 -0.1763787E+01 -0.3288888E-03
 -0.1220072E+01 -0.2274481E-03
 -0.6227686E+00 -0.1160199E-03
  0.1726632E-02  0.4734213E-06
  0.6260020E+00  0.1169193E-03
  0.1222712E+01  0.2282165E-03
  0.1765503E+01  0.3294474E-03
  0.2228765E+01  0.4158356E-03
  0.2587549E+01  0.4827295E-03
  0.2848535E+01  0.5313721E-03
  0.2183375E+01  0.4051535E-03
  0.2140440E+01  0.3958891E-03
  0.2109756E+01  0.3888491E-03
  0.2085223E+01  0.3829158E-03
  0.2064090E+01  0.3775926E-03
  0.2044972E+01  0.3726282E-03
  0.2027038E+01  0.3678748E-03
  0.2009726E+01  0.3632374E-03
  0.1992651E+01  0.3586479E-03
  0.1975569E+01  0.3540668E-03
  0.1958410E+01  0.3494830E-03
  0.1941333E+01  0.3449256E-03
  0.1924952E+01  0.3405008E-03
  0.1910878E+01  0.3364888E-03
  0.1902545E+01  0.3334805E-03
  0.1907636E+01  0.3328015E-03
  0.1737037E+01  0.3030640E-03
  0.1490515E+01  0.2600801E-03
  0.1178763E+01  0.2057148E-03
  0.8152458E+00  0.1423145E-03
  0.4160321E+00  0.7268314E-04
 -0.1084179E-02 -0.7636299E-07
 -0.4177642E+00 -0.7276338E-04
 -0.8162150E+00 -0.1422757E-03
 -0.1179160E+01 -0.2055995E-03
 -0.1490696E+01 -0.2599589E-03
 -0.1737135E+01 -0.3029665E-03
 -0.1907666E+01 -0.3327351E-03
 -0.1994832E+01 -0.3479633E-03
 -0.1994817E+01 -0.3479846E-03
 -0.1907621E+01 -0.3327965E-03
 -0.1737053E+01 -0.3030634E-03
 -0.1490564E+01 -0.2600854E-03
 -0.1178931E+01 -0.2057401E-03
 -0.8157763E+00 -0.1424034E-03
 -0.4169649E+00 -0.7284257E-04
  0.6469930E-04 -0.9907613E-07
  0.4170910E+00  0.7264923E-04
  0.8158848E+00  0.1422217E-03
  0.1179019E+01  0.2055780E-03
  0.1490623E+01  0.2599496E-03
  0.1737084E+01  0.3029606E-03
  0.1907629E+01  0.3327320E-03
  0.1902551E+01  0.3334126E-03
  0.1910893E+01  0.3364212E-03
  0.1924979E+01  0.3404342E-03
  0.1941349E+01  0.3448559E-03
  0.1958442E+01  0.3494156E-03
  0.1975596E+01  0.3539977E-03
  0.1992651E+01  0.3585738E-03
  0.2009717E+01  0.3631602E-03
  0.2027040E+01  0.3677992E-03
  0.2045003E+01  0.3725556E-03
  0.2064142E+01  0.3775230E-03
  0.2085304E+01  0.3828514E-03
  0.2109946E+01  0.3888024E-03
  0.2140643E+01  0.3958428E-03
  0.2183696E+01  0.4051279E-03
  0.2254060E+01  0.4193999E-03
  0.2397181E+01  0.4470113E-03
  0.2182844E+01  0.4070103E-03
  0.1873215E+01  0.3492411E-03
  0.1481761E+01  0.2762168E-03
  0.1025677E+01  0.1911441E-03
  0.5247966E+00  0.9772233E-04
  0.8404305E-03  0.4596743E-08
 -0.5231572E+00 -0.9771422E-04
 -0.1024248E+01 -0.1911546E-03
 -0.1480517E+01 -0.2762309E-03
 -0.1872076E+01 -0.3492331E-03
 -0.2181828E+01 -0.4069752E-03
 -0.2396240E+01 -0.4469330E-03
 -0.2505829E+01 -0.4673396E-03
 -0.2505757E+01 -0.4672950E-03
 -0.2396109E+01 -0.4468168E-03
 -0.2181722E+01 -0.4068054E-03
 -0.1872004E+01 -0.3490191E-03
 -0.1480403E+01 -0.2759664E-03
 -0.1024013E+01 -0.1908373E-03
 -0.5228117E+00 -0.9735611E-04
  0.1215613E-02  0.3756317E-06
  0.5251605E+00  0.9808599E-04
  0.1026133E+01  0.1915065E-03
  0.1482092E+01  0.2765254E-03
  0.1872916E+01  0.3493913E-03
  0.2181444E+01  0.4069042E-03
  0.2396102E+01  0.4469070E-03
  0.2253526E+01  0.4193898E-03
  0.1949044E+01  0.3605205E-03
  0.1879475E+01  0.3438494E-03
  0.1862060E+01  0.3393274E-03
  0.1845720E+01  0.3349973E-03
  0.1829953E+01  0.3307735E-03
  0.1814397E+01  0.3265926E-03
  0.1798811E+01  0.3224156E-03
  0.1783131E+01  0.3182342E-03
  0.1767493E+01  0.3140683E-03
  0.1752643E+01  0.3100499E-03
  0.1739891E+01  0.3064067E-03
  0.1732360E+01  0.3036767E-03
  0.1486297E+01  0.2605710E-03
  0.8111753E+00  0.1422746E-03
  0.1174795E+01  0.2059931E-03
  0.4124387E+00  0.7239644E-04
 -0.3584761E-02 -0.5149194E-06
 -0.4183896E+00 -0.7321547E-04
 -0.8148741E+00 -0.1427100E-03
 -0.1176348E+01 -0.2060749E-03
 -0.1486836E+01 -0.2605086E-03
 -0.1732544E+01 -0.3035909E-03
 -0.1902601E+01 -0.3334171E-03
 -0.1989526E+01 -0.3486751E-03
 -0.1989494E+01 -0.3486928E-03
 -0.1902524E+01 -0.3334735E-03
 -0.1732401E+01 -0.3036778E-03
 -0.1486565E+01 -0.2606109E-03
 -0.1175757E+01 -0.2061541E-03
 -0.8135644E+00 -0.1426876E-03
 -0.4158163E+00 -0.7298432E-04
  0.9750909E-04 -0.9321354E-07
  0.4160058E+00  0.7280220E-04
  0.8137298E+00  0.1425154E-03
  0.1175891E+01  0.2060004E-03
  0.1486665E+01  0.2604829E-03
  0.1732466E+01  0.3035811E-03
  0.1740062E+01  0.3063210E-03
  0.1767782E+01  0.3139986E-03
  0.1752878E+01  0.3099737E-03
  0.1783330E+01  0.3181473E-03
  0.1798950E+01  0.3223195E-03
  0.1814475E+01  0.3264852E-03
  0.1830012E+01  0.3306610E-03
  0.1845791E+01  0.3348855E-03
  0.1862146E+01  0.3392167E-03
  0.1879585E+01  0.3437419E-03
  0.1898880E+01  0.3485967E-03
  0.1921358E+01  0.3540230E-03
  0.1949327E+01  0.3604367E-03
  0.1988544E+01  0.3688929E-03
  0.2052580E+01  0.3818798E-03
  0.1761440E+01  0.3276810E-03
  0.9644191E+00  0.1793370E-03
  0.1393343E+01  0.2591659E-03
  0.4933532E+00  0.9167150E-04
  0.6863083E-03 -0.7405731E-08
 -0.4920028E+00 -0.9168400E-04
 -0.9631993E+00 -0.1793555E-03
 -0.1392259E+01 -0.2591804E-03
 -0.1760482E+01 -0.3276803E-03
 -0.2051697E+01 -0.3818464E-03
 -0.2253260E+01 -0.4193260E-03
 -0.2356316E+01 -0.4384743E-03
 -0.2356305E+01 -0.4384430E-03
 -0.2253252E+01 -0.4192385E-03
 -0.2051700E+01 -0.3817060E-03
 -0.1760452E+01 -0.3274871E-03
 -0.1392248E+01 -0.2589513E-03
 -0.9631016E+00 -0.1790803E-03
 -0.4918706E+00 -0.9138379E-04
  0.8403803E-03  0.3039132E-06
  0.4934877E+00  0.9197382E-04
  0.9645602E+00  0.1796232E-03
  0.1393339E+01  0.2593966E-03
  0.1761101E+01  0.3278109E-03
  0.2051986E+01  0.3819142E-03
  0.1921071E+01  0.3541024E-03
  0.1898729E+01  0.3487003E-03
  0.1988116E+01  0.3689520E-03
  0.1583780E+01  0.2874871E-03
  0.1597769E+01  0.2911972E-03
  0.1556852E+01  0.2802683E-03
  0.1543165E+01  0.2766303E-03
  0.1529130E+01  0.2729380E-03
  0.1515342E+01  0.2692965E-03
  0.1502708E+01  0.2658684E-03
  0.1492310E+01  0.2628365E-03
 -0.6640211E-02 -0.1054333E-05
 -0.4224027E+00 -0.7425767E-04
  0.8121972E+00  0.1431136E-03
  0.4113586E+00  0.7254149E-04
  0.1178261E+01  0.2075571E-03
 -0.8195882E+00 -0.1441953E-03
 -0.1181927E+01 -0.2080044E-03
 -0.1493479E+01 -0.2628774E-03
 -0.1740158E+01 -0.3063311E-03
 -0.1910948E+01 -0.3364247E-03
 -0.1998247E+01 -0.3518190E-03
 -0.1998208E+01 -0.3518363E-03
 -0.1910850E+01 -0.3364780E-03
 -0.1739975E+01 -0.3064131E-03
 -0.1493058E+01 -0.2629573E-03
 -0.1180885E+01 -0.2080085E-03
 -0.8171031E+00 -0.1439689E-03
 -0.4176225E+00 -0.7363949E-04
  0.1061983E-03 -0.9226282E-07
  0.4178292E+00  0.7345924E-04
  0.8172941E+00  0.1438004E-03
  0.1181042E+01  0.2078578E-03
  0.1493184E+01  0.2628333E-03
  0.1543654E+01  0.2765494E-03
  0.1556964E+01  0.2801211E-03
  0.1516948E+01  0.2694168E-03
  0.1530274E+01  0.2729745E-03
  0.1504172E+01  0.2659658E-03
  0.1570290E+01  0.2837031E-03
  0.1583827E+01  0.2873280E-03
  0.1597869E+01  0.2910454E-03
  0.1612853E+01  0.2949320E-03
  0.1629435E+01  0.2991027E-03
  0.1648751E+01  0.3037631E-03
  0.1672730E+01  0.3092627E-03
  0.1706463E+01  0.3165323E-03
  0.5428697E-03 -0.2722879E-07
 -0.4767627E+00 -0.8858268E-04
  0.9342318E+00  0.1732206E-03
  0.4778223E+00  0.8853022E-04
  0.1349814E+01  0.2503411E-03
 -0.9332271E+00 -0.1732670E-03
 -0.1348908E+01 -0.2503777E-03
 -0.1705634E+01 -0.3165454E-03
 -0.1987800E+01 -0.3688754E-03
 -0.2183045E+01 -0.4050751E-03
 -0.2282879E+01 -0.4235708E-03
 -0.2282887E+01 -0.4235440E-03
 -0.2183080E+01 -0.4049978E-03
 -0.1987834E+01 -0.3687461E-03
 -0.1705696E+01 -0.3163753E-03
 -0.1348968E+01 -0.2501687E-03
 -0.9332721E+00 -0.1730264E-03
 -0.4767554E+00 -0.8831506E-04
  0.5865630E-03  0.2541041E-06
  0.4778386E+00  0.8880100E-04
  0.9341903E+00  0.1734639E-03
  0.1349684E+01  0.2505409E-03
  0.1706151E+01  0.3166600E-03
  0.1648476E+01  0.3038896E-03
  0.1629270E+01  0.2992465E-03
  0.1570255E+01  0.2838642E-03
  0.1672580E+01  0.3094155E-03
  0.1612715E+01  0.2950781E-03
  0.1231726E+01  0.2217793E-03
  0.1220326E+01  0.2187986E-03
  0.1185692E+01  0.2098145E-03
 -0.8257871E+00 -0.1459397E-03
 -0.1190613E+01 -0.2104767E-03
 -0.4255937E+00 -0.7515664E-04
 -0.6419763E-02 -0.1018886E-05
  0.8172767E+00  0.1446615E-03
  0.4144467E+00  0.7341735E-04
  0.1263729E+01  0.2301496E-03
 -0.1752971E+01 -0.3099806E-03
 -0.1925013E+01 -0.3404328E-03
 -0.2012943E+01 -0.3560090E-03
 -0.2012914E+01 -0.3560277E-03
 -0.1924904E+01 -0.3404849E-03
 -0.1752774E+01 -0.3100624E-03
 -0.1504027E+01 -0.2660868E-03
 -0.1189562E+01 -0.2104838E-03
 -0.8231128E+00 -0.1456834E-03
 -0.4207042E+00 -0.7451804E-04
  0.8453501E-04 -0.9708625E-07
  0.4208785E+00  0.7433034E-04
  0.8232849E+00  0.1455099E-03
  0.1189721E+01  0.2103325E-03
  0.1241902E+01  0.2243406E-03
  0.1252604E+01  0.2272068E-03
  0.1231379E+01  0.2215110E-03
  0.1220879E+01  0.2186913E-03
  0.1199808E+01  0.2130594E-03
  0.1210327E+01  0.2158688E-03
 -0.1672111E+01 -0.3093102E-03
  0.1275610E+01  0.2332284E-03
  0.1288766E+01  0.2365345E-03
  0.1304090E+01  0.2402292E-03
  0.1323134E+01  0.2445925E-03
 -0.9149912E+00 -0.1693253E-03
 -0.1322442E+01 -0.2446627E-03
 -0.4675393E+00 -0.8658455E-04
  0.3398138E-03 -0.6116699E-07
  0.9156834E+00  0.1692278E-03
  0.4682438E+00  0.8647308E-04
 -0.1948720E+01 -0.3604422E-03
 -0.2140153E+01 -0.3958193E-03
 -0.2238023E+01 -0.4138915E-03
 -0.2238038E+01 -0.4138660E-03
 -0.2140230E+01 -0.3957512E-03
 -0.1948820E+01 -0.3603276E-03
 -0.1672276E+01 -0.3091624E-03
 -0.1322597E+01 -0.2444763E-03
 -0.9150937E+00 -0.1691015E-03
 -0.4675797E+00 -0.8633204E-04
  0.3350797E-03  0.2046530E-06
  0.4682070E+00  0.8672800E-04
  0.9155850E+00  0.1694548E-03
  0.1322961E+01  0.2447782E-03
  0.1275577E+01  0.2334297E-03
  0.1242505E+01  0.2246534E-03
  0.1288656E+01  0.2367253E-03
 -0.1504441E+01 -0.2660014E-03
  0.1303938E+01  0.2404149E-03
  0.1263846E+01  0.2303758E-03
  0.1196063E+01  0.2125914E-03
  0.1208159E+01  0.2156857E-03
  0.1252961E+01  0.2274743E-03
  0.8544700E+00  0.1538975E-03
  0.8461065E+00  0.1517461E-03
  0.4213692E+00  0.7497513E-04
 -0.8307997E+00 -0.1474767E-03
 -0.1199922E+01 -0.2130636E-03
  0.8261420E+00  0.1468830E-03
 -0.4256937E+00 -0.7550670E-04
 -0.2138687E-02 -0.2614790E-06
  0.8917813E+00  0.1636311E-03
 -0.1767806E+01 -0.3139920E-03
  0.8519834E+00  0.1532202E-03
 -0.2030053E+01 -0.3606294E-03
 -0.1941335E+01 -0.3448439E-03
 -0.1941262E+01 -0.3449033E-03
 -0.1767664E+01 -0.3140853E-03
 -0.1516801E+01 -0.2695381E-03
 -0.1199673E+01 -0.2132161E-03
 -0.8301222E+00 -0.1475767E-03
 -0.4243134E+00 -0.7549086E-04
  0.3794066E-04 -0.1062858E-06
  0.4244041E+00  0.7528646E-04
  0.8302378E+00  0.1473914E-03
  0.8374865E+00  0.1493297E-03
 -0.1648377E+01 -0.3038538E-03
  0.8666405E+00  0.1571554E-03
  0.8592378E+00  0.1551735E-03
  0.8447567E+00  0.1512769E-03
 -0.2109678E+01 -0.3888188E-03
  0.9024416E+00  0.1661970E-03
 -0.4610111E+00 -0.8507741E-04
  0.8826193E+00  0.1613328E-03
  0.4613777E+00  0.8490704E-04
 -0.2206138E+01 -0.4065688E-03
 -0.1303698E+01 -0.2403517E-03
 -0.9020595E+00 -0.1663483E-03
  0.1806447E-03 -0.8869847E-07
 -0.1921003E+01 -0.3540734E-03
 -0.2206181E+01 -0.4065493E-03
 -0.2109767E+01 -0.3887545E-03
 -0.1921131E+01 -0.3539664E-03
 -0.1648503E+01 -0.3037025E-03
 -0.1303834E+01 -0.2401663E-03
 -0.9021761E+00 -0.1661317E-03
 -0.4610970E+00 -0.8483752E-04
  0.1385676E-03  0.1654516E-06
  0.4613443E+00  0.8515761E-04
  0.9023728E+00  0.1664247E-03
  0.8749953E+00  0.1595425E-03
  0.8613896E+00  0.1557906E-03
 -0.1516923E+01 -0.2693987E-03
  0.8917801E+00  0.1638670E-03
  0.8363361E+00  0.1493476E-03
  0.8680102E+00  0.1576334E-03
  0.8828054E+00  0.1616002E-03
 -0.2030015E+01 -0.3606473E-03
  0.8743565E+00  0.1591951E-03
  0.4358108E+00  0.7822167E-04
  0.2570133E-02  0.5790428E-06
 -0.1209231E+01 -0.2156563E-03
  0.4353937E+00  0.7824148E-04
 -0.2047875E+01 -0.3654122E-03
 -0.1783224E+01 -0.3181163E-03
  0.4558414E+00  0.8357978E-04
 -0.1530151E+01 -0.2731007E-03
  0.4317478E+00  0.7725706E-04
  0.4468074E+00  0.8128978E-04
 -0.1958406E+01 -0.3493991E-03
 -0.1783210E+01 -0.3182345E-03
 -0.8374618E+00 -0.1495328E-03
 -0.4280978E+00 -0.7649717E-04
 -0.2189125E-04 -0.1178752E-06
  0.4280734E+00  0.7626995E-04
 -0.2180480E+01 -0.4003417E-03
  0.4428475E+00  0.8024482E-04
 -0.8916578E+00 -0.1638277E-03
 -0.1629197E+01 -0.2992176E-03
  0.4390743E+00  0.7923396E-04
 -0.1898766E+01 -0.3485643E-03
 -0.2180455E+01 -0.4003638E-03
 -0.1898646E+01 -0.3486703E-03
 -0.2085202E+01 -0.3828203E-03
 -0.4557805E+00 -0.8380385E-04
 -0.1288566E+01 -0.2366917E-03
  0.4510804E+00  0.8239113E-04
 -0.1210241E+01 -0.2160354E-03
 -0.1958336E+01 -0.3494601E-03
 -0.1629346E+01 -0.2990740E-03
 -0.1288700E+01 -0.2365087E-03
 -0.8917159E+00 -0.1636040E-03
 -0.4557311E+00 -0.8354332E-04
  0.1392865E-03  0.1628464E-06
  0.4559498E+00  0.8385240E-04
  0.4515845E+00  0.8273275E-04
  0.4428262E+00  0.8015327E-04
  0.4452696E+00  0.8092812E-04
  0.4401800E+00  0.7934166E-04
 -0.2047905E+01 -0.3653930E-03
 -0.2085113E+01 -0.3828839E-03
  0.4291705E+00  0.7669797E-04
 -0.8355283E+00 -0.1489660E-03
  0.4480709E+00  0.8176656E-04
  0.1434903E-04 -0.1182023E-06
 -0.1529801E+01 -0.2728758E-03
 -0.2065810E+01 -0.3702042E-03
 -0.1275543E+01 -0.2332043E-03
 -0.1612815E+01 -0.2949138E-03
 -0.8824649E+00 -0.1612909E-03
 -0.1543564E+01 -0.2766834E-03
 -0.2158408E+01 -0.3947821E-03
 -0.2101788E-03 -0.1569573E-06
 -0.1975554E+01 -0.3539797E-03
 -0.1798832E+01 -0.3224081E-03
  0.5087638E-02  0.1034350E-05
 -0.8448412E+00 -0.1515009E-03
 -0.4319080E+00 -0.7751087E-04
 -0.1612731E+01 -0.2950669E-03
 -0.2362860E-03 -0.1607447E-06
 -0.1879540E+01 -0.3437230E-03
 -0.1879433E+01 -0.3438293E-03
 -0.8827143E+00 -0.1615679E-03
 -0.2064100E+01 -0.3775058E-03
 -0.2189928E-03 -0.1565339E-06
 -0.2064006E+01 -0.3775668E-03
 -0.4512808E+00 -0.8266142E-04
 -0.4274955E+00 -0.7648625E-04
 -0.9297336E-04 -0.1317396E-06
 -0.2158376E+01 -0.3948029E-03
 -0.1275586E+01 -0.2334162E-03
 -0.1236935E-03 -0.1423228E-06
 -0.4507434E+00 -0.8231548E-04
  0.5363579E-03  0.2326624E-06
 -0.2065854E+01 -0.3701872E-03
  0.2716825E-02  0.6222808E-06
  0.5223053E-02  0.1064587E-05
  0.4137735E-02  0.8744638E-06
 -0.1219077E+01 -0.2183533E-03
 -0.1669642E-03 -0.1461360E-06
 -0.1542930E+01 -0.2764059E-03
 -0.1798752E+01 -0.3222722E-03
 -0.1220861E+01 -0.2188717E-03
  0.1393227E-02  0.3857137E-06
 -0.8416666E+00 -0.1507110E-03
 -0.1975486E+01 -0.3540421E-03
 -0.4457300E+00 -0.8108145E-04
 -0.1862034E+01 -0.3393116E-03
 -0.8489665E+00 -0.1526666E-03
 -0.1556914E+01 -0.2802641E-03
 -0.4432732E+00 -0.8055264E-04
 -0.1231434E+01 -0.2217062E-03
 -0.1814275E+01 -0.3264381E-03
 -0.1556211E+01 -0.2799738E-03
 -0.8521827E+00 -0.1534672E-03
 -0.4356896E+00 -0.7852183E-04
 -0.1597815E+01 -0.2911921E-03
 -0.1263383E+01 -0.2300755E-03
 -0.2044897E+01 -0.3726040E-03
 -0.1862088E+01 -0.3391967E-03
 -0.2083702E+01 -0.3749745E-03
 -0.8745908E+00 -0.1594537E-03
 -0.2044976E+01 -0.3725426E-03
 -0.1263805E+01 -0.2303541E-03
 -0.4471768E+00 -0.8158947E-04
 -0.1992551E+01 -0.3586205E-03
 -0.4311303E+00 -0.7746532E-04
 -0.2138394E+01 -0.3896139E-03
 -0.1229616E+01 -0.2211815E-03
 -0.1597726E+01 -0.2910095E-03
 -0.1814376E+01 -0.3265777E-03
 -0.2083654E+01 -0.3749912E-03
 -0.4394654E+00 -0.7953367E-04
 -0.2138423E+01 -0.3895935E-03
 -0.4357148E+00 -0.7861756E-04
 -0.1992605E+01 -0.3585557E-03
 -0.8736675E+00 -0.1590576E-03
 -0.4406352E+00 -0.7983260E-04
 -0.1845690E+01 -0.3349812E-03
 -0.1583461E+01 -0.2872516E-03
 -0.8651335E+00 -0.1568712E-03
 -0.2009625E+01 -0.3632101E-03
 -0.1242005E+01 -0.2245465E-03
 -0.1829834E+01 -0.3306189E-03
 -0.4255523E+00 -0.7581144E-04
 -0.1251768E+01 -0.2270444E-03
 -0.2026950E+01 -0.3678498E-03
 -0.1845672E+01 -0.3348549E-03
 -0.8595067E+00 -0.1554346E-03
 -0.8568525E+00 -0.1547320E-03
 -0.2009670E+01 -0.3631425E-03
 -0.2027009E+01 -0.3677849E-03
 -0.8669287E+00 -0.1574221E-03
 -0.1570264E+01 -0.2838519E-03
 -0.2119627E+01 -0.3846422E-03
 -0.2101548E+01 -0.3797722E-03
 -0.1583799E+01 -0.2874779E-03
 -0.1252723E+01 -0.2274168E-03
 -0.2119656E+01 -0.3846220E-03
 -0.2101510E+01 -0.3797905E-03
 -0.1829915E+01 -0.3307559E-03
 -0.1240537E+01 -0.2240829E-03
 -0.1569687E+01 -0.2835837E-03
  0.1304868E+01  0.2727152E-03
  0.1241262E+01  0.2611086E-03
  0.1248477E+01  0.2603870E-03
  0.1270879E+01  0.2656358E-03
  0.1264844E+01  0.2643184E-03
  0.1236274E+01  0.2583617E-03
  0.1199492E+01  0.2506878E-03
  0.1157296E+01  0.2418826E-03
  0.1110039E+01  0.2320212E-03
  0.1057913E+01  0.2211406E-03
  0.1001181E+01  0.2092979E-03
  0.9400755E+00  0.1965412E-03
  0.8748676E+00  0.1829265E-03
  0.8058322E+00  0.1685142E-03
  0.7332731E+00  0.1533630E-03
  0.6575121E+00  0.1375445E-03
  0.5788857E+00  0.1211271E-03
  0.4977194E+00  0.1041802E-03
  0.4143634E+00  0.8677418E-04
  0.3291999E+00  0.6899171E-04
  0.2426356E+00  0.5091687E-04
  0.1550218E+00  0.3261761E-04
  0.6698199E-01  0.1423106E-04
 -0.6442085E-01 -0.1321859E-04
  0.1286589E+01  0.2689096E-03
 -0.3200867E+00 -0.6662436E-04
  0.1156354E+01  0.2433388E-03
 -0.5630188E+00 -0.1173831E-03
  0.1219101E+01  0.2547954E-03
 -0.7838510E+00 -0.1635223E-03
  0.1025838E+01  0.2159713E-03
 -0.9739662E+00 -0.2032500E-03
  0.1103598E+01  0.2306463E-03
 -0.1125829E+01 -0.2349897E-03
  0.8552219E+00  0.1801701E-03
 -0.1233506E+01 -0.2575007E-03
  0.9449291E+00  0.1974857E-03
 -0.1292804E+01 -0.2699037E-03
  0.6510678E+00  0.1373165E-03
 -0.1301333E+01 -0.2717010E-03
  0.7490979E+00  0.1565673E-03
 -0.1258749E+01 -0.2628252E-03
  0.4213866E+00  0.8908537E-04
 -0.1166764E+01 -0.2436250E-03
  0.5238946E+00  0.1095151E-03
 -0.1029020E+01 -0.2148642E-03
  0.1752269E+00  0.3737339E-04
 -0.8509097E+00 -0.1776703E-03
  0.2781877E+00  0.5818605E-04
 -0.6394008E+00 -0.1334942E-03
 -0.7772008E-01 -0.1577830E-04
 -0.4028428E+00 -0.8408588E-04
  0.2160356E-01  0.4580807E-05
 -0.1505103E+00 -0.3137426E-04
 -0.3275892E+00 -0.6829789E-04
  0.1077375E+00  0.2257467E-04
 -0.2357699E+00 -0.4918646E-04
  0.3618047E+00  0.7564962E-04
 -0.5646579E+00 -0.1181488E-03
  0.6017463E+00  0.1257829E-03
 -0.4839124E+00 -0.1010176E-03
  0.8180937E+00  0.1709822E-03
 -0.7796075E+00 -0.1633583E-03
  0.1002316E+01  0.2094773E-03
 -0.7131014E+00 -0.1488882E-03
  0.1147177E+01  0.2397584E-03
 -0.9640132E+00 -0.2021633E-03
  0.1247120E+01  0.2606552E-03
 -0.9143391E+00 -0.1909144E-03
  0.1298170E+01  0.2713290E-03
  0.1304269E+01  0.2725981E-03
  0.3603958E-01  0.7342805E-05
 -0.1110588E+01 -0.2330295E-03
 -0.4195765E+00 -0.8679081E-04
 -0.1079690E+01 -0.2254443E-03
 -0.6568287E+00 -0.1362591E-03
 -0.1213613E+01 -0.2547518E-03
 -0.8683285E+00 -0.1803835E-03
 -0.1202685E+01 -0.2511239E-03
 -0.1045747E+01 -0.2174208E-03
 -0.1269021E+01 -0.2664690E-03
 -0.1182114E+01 -0.2459191E-03
 -0.1278498E+01 -0.2669468E-03
 -0.1272098E+01 -0.2647607E-03
 -0.1274573E+01 -0.2677141E-03
 -0.1312192E+01 -0.2732122E-03
 -0.1304124E+01 -0.2722811E-03
 -0.1300744E+01 -0.2709274E-03
 -0.1230040E+01 -0.2584331E-03
 -0.1238225E+01 -0.2580010E-03
 -0.1278543E+01 -0.2669207E-03
 -0.1127142E+01 -0.2349474E-03
 -0.1137256E+01 -0.2390065E-03
 -0.9718323E+00 -0.2026711E-03
 -0.1202774E+01 -0.2510759E-03
 -0.7783707E+00 -0.1624307E-03
 -0.9998060E+00 -0.2101847E-03
 -0.5543949E+00 -0.1158192E-03
 -0.1079796E+01 -0.2253717E-03
 -0.3086693E+00 -0.6465486E-04
 -0.8231344E+00 -0.1731147E-03
 -0.5086990E-01 -0.1095906E-04
 -0.9144512E+00 -0.1908147E-03
  0.2089435E+00  0.4317737E-04
 -0.6141710E+00 -0.1292431E-03
  0.4606208E+00  0.9563964E-04
 -0.7132157E+00 -0.1487654E-03
  0.6942688E+00  0.1443580E-03
 -0.3811329E+00 -0.8030225E-04
  0.9006819E+00  0.1874224E-03
 -0.4840007E+00 -0.1008731E-03
  0.1071730E+01  0.2231363E-03
 -0.1330806E+00 -0.2818959E-04
  0.1200680E+01  0.2500919E-03
 -0.2358010E+00 -0.4902217E-04
  0.1282470E+01  0.2672325E-03
  0.1287469E+01  0.2690920E-03
 -0.1658138E+00 -0.3389503E-04
  0.1299093E+01  0.2715119E-03
  0.0000000E+00  0.0000000E+00
  0.0000000E+00  0.0000000E+00
  0.0000000E+00  0.0000000E+00
  0.0000000E+00  0.0000000E+00
  0.0000000E+00  0.0000000E+00
  0.0000000E+00  0.0000000E+00
  0.0000000E+00  0.0000000E+00
  0.0000000E+00  0.0000000E+00
  0.0000000E+00  0.0000000E+00
  0.0000000E+00  0.0000000E+00
  0.0000000E+00  0.0000000E+00
  0.0000000E+00  0.0000000E+00
  0.0000000E+00  0.0000000E+00
  0.0000000E+00  0.0000000E+00
  0.0000000E+00  0.0000000E+00
  0.0000000E+00  0.0000000E+00
  0.0000000E+00  0.0000000E+00
  0.0000000E+00  0.0000000E+00
  0.0000000E+00  0.0000000E+00
  0.0000000E+00  0.0000000E+00
  0.0000000E+00  0.0000000E+00
  0.0000000E+00  0.0000000E+00
  0.0000000E+00  0.0000000E+00
  0.0000000E+00  0.0000000E+00
  0.0000000E+00  0.0000000E+00
  0.0000000E+00  0.0000000E+00
  0.0000000E+00  0.0000000E+00
  0.0000000E+00  0.0000000E+00
  0.0000000E+00  0.0000000E+00
  0.0000000E+00  0.0000000E+00
  0.0000000E+00  0.0000000E+00
  0.0000000E+00  0.0000000E+00
  0.0000000E+00  0.0000000E+00
  0.0000000E+00  0.0000000E+00
  0.0000000E+00  0.0000000E+00
  0.0000000E+00  0.0000000E+00
  0.0000000E+00  0.0000000E+00
  0.0000000E+00  0.0000000E+00
  0.0000000E+00  0.0000000E+00
  0.0000000E+00  0.0000000E+00
  0.0000000E+00  0.0000000E+00
  0.0000000E+00  0.0000000E+00
  0.0000000E+00  0.0000000E+00
  0.0000000E+00  0.0000000E+00
  0.0000000E+00  0.0000000E+00
  0.0000000E+00  0.0000000E+00
  0.0000000E+00  0.0000000E+00
  0.0000000E+00  0.0000000E+00
  0.0000000E+00  0.0000000E+00
  0.0000000E+00  0.0000000E+00
  0.0000000E+00  0.0000000E+00
  0.0000000E+00  0.0000000E+00
  0.0000000E+00  0.0000000E+00
  0.0000000E+00  0.0000000E+00
  0.0000000E+00  0.0000000E+00
  0.0000000E+00  0.0000000E+00
  0.0000000E+00  0.0000000E+00
  0.0000000E+00  0.0000000E+00
  0.0000000E+00  0.0000000E+00
  0.0000000E+00  0.0000000E+00
  0.0000000E+00  0.0000000E+00
  0.0000000E+00  0.0000000E+00
  0.0000000E+00  0.0000000E+00
  0.0000000E+00  0.0000000E+00
  0.0000000E+00  0.0000000E+00
  0.0000000E+00  0.0000000E+00
  0.0000000E+00  0.0000000E+00
  0.0000000E+00  0.0000000E+00
  0.0000000E+00  0.0000000E+00
  0.0000000E+00  0.0000000E+00
  0.0000000E+00  0.0000000E+00
  0.0000000E+00  0.0000000E+00
  0.0000000E+00  0.0000000E+00
  0.0000000E+00  0.0000000E+00
  0.0000000E+00  0.0000000E+00
  0.0000000E+00  0.0000000E+00
  0.0000000E+00  0.0000000E+00
  0.0000000E+00  0.0000000E+00
  0.0000000E+00  0.0000000E+00
  0.0000000E+00  0.0000000E+00
  0.0000000E+00  0.0000000E+00
  0.0000000E+00  0.0000000E+00
  0.0000000E+00  0.0000000E+00
  0.0000000E+00  0.0000000E+00
  0.0000000E+00  0.0000000E+00
  0.0000000E+00  0.0000000E+00
  0.0000000E+00  0.0000000E+00
  0.0000000E+00  0.0000000E+00
  0.0000000E+00  0.0000000E+00
  0.0000000E+00  0.0000000E+00
  0.0000000E+00  0.0000000E+00
  0.0000000E+00  0.0000000E+00
  0.0000000E+00  0.0000000E+00
  0.0000000E+00  0.0000000E+00
  0.0000000E+00  0.0000000E+00
  0.0000000E+00  0.0000000E+00
  0.0000000E+00  0.0000000E+00
  0.0000000E+00  0.0000000E+00
  0.0000000E+00  0.0000000E+00
  0.0000000E+00  0.0000000E+00
  0.0000000E+00  0.0000000E+00
  0.0000000E+00  0.0000000E+00
  0.0000000E+00  0.0000000E+00
  0.0000000E+00  0.0000000E+00
  0.0000000E+00  0.0000000E+00
  0.0000000E+00  0.0000000E+00
  0.0000000E+00  0.0000000E+00
  0.0000000E+00  0.0000000E+00
  0.0000000E+00  0.0000000E+00
  0.0000000E+00  0.0000000E+00
  0.0000000E+00  0.0000000E+00
  0.0000000E+00  0.0000000E+00
  0.0000000E+00  0.0000000E+00
  0.0000000E+00  0.0000000E+00
  0.0000000E+00  0.0000000E+00
  0.0000000E+00  0.0000000E+00
  0.0000000E+00  0.0000000E+00
  0.0000000E+00  0.0000000E+00
  0.0000000E+00  0.0000000E+00
  0.0000000E+00  0.0000000E+00
  0.0000000E+00  0.0000000E+00
  0.0000000E+00  0.0000000E+00
  0.0000000E+00  0.0000000E+00
  0.0000000E+00  0.0000000E+00
  0.0000000E+00  0.0000000E+00
  0.0000000E+00  0.0000000E+00
  0.0000000E+00  0.0000000E+00
  0.0000000E+00  0.0000000E+00
  0.0000000E+00  0.0000000E+00
  0.0000000E+00  0.0000000E+00
  0.0000000E+00  0.0000000E+00
  0.0000000E+00  0.0000000E+00
  0.0000000E+00  0.0000000E+00
  0.0000000E+00  0.0000000E+00
  0.0000000E+00  0.0000000E+00
  0.0000000E+00  0.0000000E+00
  0.0000000E+00  0.0000000E+00
  0.0000000E+00  0.0000000E+00
  0.0000000E+00  0.0000000E+00
  0.0000000E+00  0.0000000E+00
  0.0000000E+00  0.0000000E+00
  0.0000000E+00  0.0000000E+00
  0.0000000E+00  0.0000000E+00
  0.0000000E+00  0.0000000E+00
  0.0000000E+00  0.0000000E+00
  0.0000000E+00  0.0000000E+00
  0.0000000E+00  0.0000000E+00
  0.0000000E+00  0.0000000E+00
  0.0000000E+00  0.0000000E+00
  0.0000000E+00  0.0000000E+00
  0.0000000E+00  0.0000000E+00
  0.0000000E+00  0.0000000E+00
  0.0000000E+00  0.0000000E+00
  0.0000000E+00  0.0000000E+00
  0.0000000E+00  0.0000000E+00
  0.0000000E+00  0.0000000E+00
  0.0000000E+00  0.0000000E+00
  0.0000000E+00  0.0000000E+00
  0.0000000E+00  0.0000000E+00
  0.0000000E+00  0.0000000E+00
  0.0000000E+00  0.0000000E+00
  0.0000000E+00  0.0000000E+00
  0.0000000E+00  0.0000000E+00
  0.0000000E+00  0.0000000E+00
  0.0000000E+00  0.0000000E+00
  0.0000000E+00  0.0000000E+00
  0.0000000E+00  0.0000000E+00
  0.0000000E+00  0.0000000E+00
  0.0000000E+00  0.0000000E+00
  0.0000000E+00  0.0000000E+00
  0.0000000E+00  0.0000000E+00
  0.0000000E+00  0.0000000E+00
  0.0000000E+00  0.0000000E+00
  0.0000000E+00  0.0000000E+00
  0.0000000E+00  0.0000000E+00
  0.0000000E+00  0.0000000E+00
  0.0000000E+00  0.0000000E+00
  0.0000000E+00  0.0000000E+00
  0.0000000E+00  0.0000000E+00
  0.0000000E+00  0.0000000E+00
  0.0000000E+00  0.0000000E+00
  0.0000000E+00  0.0000000E+00
  0.0000000E+00  0.0000000E+00
  0.0000000E+00  0.0000000E+00
  0.0000000E+00  0.0000000E+00
  0.0000000E+00  0.0000000E+00
  0.0000000E+00  0.0000000E+00
  0.0000000E+00  0.0000000E+00
  0.0000000E+00  0.0000000E+00
  0.0000000E+00  0.0000000E+00
  0.0000000E+00  0.0000000E+00
  0.0000000E+00  0.0000000E+00
  0.0000000E+00  0.0000000E+00
  0.0000000E+00  0.0000000E+00
  0.0000000E+00  0.0000000E+00
  0.0000000E+00  0.0000000E+00
  0.0000000E+00  0.0000000E+00
  0.0000000E+00  0.0000000E+00
  0.0000000E+00  0.0000000E+00
  0.0000000E+00  0.0000000E+00
  0.0000000E+00  0.0000000E+00
  0.0000000E+00  0.0000000E+00
  0.0000000E+00  0.0000000E+00
  0.0000000E+00  0.0000000E+00
  0.0000000E+00  0.0000000E+00
  0.0000000E+00  0.0000000E+00
  0.0000000E+00  0.0000000E+00
  0.0000000E+00  0.0000000E+00
  0.0000000E+00  0.0000000E+00
  0.0000000E+00  0.0000000E+00
  0.0000000E+00  0.0000000E+00
  0.0000000E+00  0.0000000E+00
  0.0000000E+00  0.0000000E+00
  0.0000000E+00  0.0000000E+00
  0.0000000E+00  0.0000000E+00
  0.0000000E+00  0.0000000E+00
  0.0000000E+00  0.0000000E+00
  0.0000000E+00  0.0000000E+00
  0.0000000E+00  0.0000000E+00
  0.0000000E+00  0.0000000E+00
  0.0000000E+00  0.0000000E+00
  0.0000000E+00  0.0000000E+00
  0.0000000E+00  0.0000000E+00
  0.0000000E+00  0.0000000E+00
  0.0000000E+00  0.0000000E+00
  0.0000000E+00  0.0000000E+00
  0.0000000E+00  0.0000000E+00
  0.0000000E+00  0.0000000E+00
  0.0000000E+00  0.0000000E+00
  0.0000000E+00  0.0000000E+00
  0.0000000E+00  0.0000000E+00
  0.0000000E+00  0.0000000E+00
  0.0000000E+00  0.0000000E+00
  0.0000000E+00  0.0000000E+00
  0.0000000E+00  0.0000000E+00
  0.0000000E+00  0.0000000E+00
  0.0000000E+00  0.0000000E+00
  0.0000000E+00  0.0000000E+00
  0.0000000E+00  0.0000000E+00
  0.0000000E+00  0.0000000E+00
  0.0000000E+00  0.0000000E+00
  0.0000000E+00  0.0000000E+00
  0.0000000E+00  0.0000000E+00
  0.0000000E+00  0.0000000E+00
  0.0000000E+00  0.0000000E+00
  0.0000000E+00  0.0000000E+00
  0.0000000E+00  0.0000000E+00
  0.0000000E+00  0.0000000E+00
  0.0000000E+00  0.0000000E+00
  0.0000000E+00  0.0000000E+00
  0.0000000E+00  0.0000000E+00
  0.0000000E+00  0.0000000E+00
  0.0000000E+00  0.0000000E+00
  0.0000000E+00  0.0000000E+00
  0.0000000E+00  0.0000000E+00
  0.0000000E+00  0.0000000E+00
  0.0000000E+00  0.0000000E+00
  0.0000000E+00  0.0000000E+00
  0.0000000E+00  0.0000000E+00
  0.0000000E+00  0.0000000E+00
  0.0000000E+00  0.0000000E+00
  0.0000000E+00  0.0000000E+00
  0.0000000E+00  0.0000000E+00
  0.0000000E+00  0.0000000E+00
  0.0000000E+00  0.0000000E+00
  0.0000000E+00  0.0000000E+00
  0.0000000E+00  0.0000000E+00
  0.0000000E+00  0.0000000E+00
  0.0000000E+00  0.0000000E+00
  0.0000000E+00  0.0000000E+00
  0.0000000E+00  0.0000000E+00
  0.0000000E+00  0.0000000E+00
  0.0000000E+00  0.0000000E+00
  0.0000000E+00  0.0000000E+00
  0.0000000E+00  0.0000000E+00
  0.0000000E+00  0.0000000E+00
  0.0000000E+00  0.0000000E+00
  0.0000000E+00  0.0000000E+00
  0.0000000E+00  0.0000000E+00
  0.0000000E+00  0.0000000E+00
  0.0000000E+00  0.0000000E+00
  0.0000000E+00  0.0000000E+00
  0.0000000E+00  0.0000000E+00
  0.0000000E+00  0.0000000E+00
  0.0000000E+00  0.0000000E+00
  0.0000000E+00  0.0000000E+00
  0.0000000E+00  0.0000000E+00
  0.0000000E+00  0.0000000E+00
  0.0000000E+00  0.0000000E+00
  0.0000000E+00  0.0000000E+00
  0.0000000E+00  0.0000000E+00
  0.0000000E+00  0.0000000E+00
  0.0000000E+00  0.0000000E+00
  0.0000000E+00  0.0000000E+00
  0.0000000E+00  0.0000000E+00
  0.0000000E+00  0.0000000E+00
  0.0000000E+00  0.0000000E+00
  0.0000000E+00  0.0000000E+00
  0.0000000E+00  0.0000000E+00
  0.0000000E+00  0.0000000E+00
  0.0000000E+00  0.0000000E+00
  0.0000000E+00  0.0000000E+00
  0.0000000E+00  0.0000000E+00
  0.0000000E+00  0.0000000E+00
  0.0000000E+00  0.0000000E+00
  0.0000000E+00  0.0000000E+00
  0.0000000E+00  0.0000000E+00
  0.0000000E+00  0.0000000E+00
  0.0000000E+00  0.0000000E+00
  0.0000000E+00  0.0000000E+00
  0.0000000E+00  0.0000000E+00
  0.0000000E+00  0.0000000E+00
  0.0000000E+00  0.0000000E+00
  0.0000000E+00  0.0000000E+00
  0.0000000E+00  0.0000000E+00
  0.0000000E+00  0.0000000E+00
  0.0000000E+00  0.0000000E+00
  0.0000000E+00  0.0000000E+00
  0.0000000E+00  0.0000000E+00
  0.0000000E+00  0.0000000E+00
  0.0000000E+00  0.0000000E+00
  0.0000000E+00  0.0000000E+00
  0.0000000E+00  0.0000000E+00
  0.0000000E+00  0.0000000E+00
  0.0000000E+00  0.0000000E+00
  0.0000000E+00  0.0000000E+00
  0.0000000E+00  0.0000000E+00
  0.0000000E+00  0.0000000E+00
  0.0000000E+00  0.0000000E+00
  0.0000000E+00  0.0000000E+00
  0.0000000E+00  0.0000000E+00
  0.0000000E+00  0.0000000E+00
  0.0000000E+00  0.0000000E+00
  0.0000000E+00  0.0000000E+00
  0.0000000E+00  0.0000000E+00
  0.0000000E+00  0.0000000E+00
  0.0000000E+00  0.0000000E+00
  0.0000000E+00  0.0000000E+00
  0.0000000E+00  0.0000000E+00
  0.0000000E+00  0.0000000E+00
  0.0000000E+00  0.0000000E+00
  0.0000000E+00  0.0000000E+00
  0.0000000E+00  0.0000000E+00
  0.0000000E+00  0.0000000E+00
  0.0000000E+00  0.0000000E+00
  0.0000000E+00  0.0000000E+00
  0.0000000E+00  0.0000000E+00
  0.0000000E+00  0.0000000E+00
  0.0000000E+00  0.0000000E+00
  0.0000000E+00  0.0000000E+00
  0.0000000E+00  0.0000000E+00
  0.0000000E+00  0.0000000E+00
  0.0000000E+00  0.0000000E+00
  0.0000000E+00  0.0000000E+00
  0.0000000E+00  0.0000000E+00
  0.0000000E+00  0.0000000E+00
  0.0000000E+00  0.0000000E+00
  0.0000000E+00  0.0000000E+00
  0.0000000E+00  0.0000000E+00
  0.0000000E+00  0.0000000E+00
  0.0000000E+00  0.0000000E+00
  0.0000000E+00  0.0000000E+00
  0.0000000E+00  0.0000000E+00
  0.0000000E+00  0.0000000E+00
  0.0000000E+00  0.0000000E+00
  0.0000000E+00  0.0000000E+00
  0.0000000E+00  0.0000000E+00
  0.0000000E+00  0.0000000E+00
  0.0000000E+00  0.0000000E+00
  0.0000000E+00  0.0000000E+00
  0.0000000E+00  0.0000000E+00
  0.0000000E+00  0.0000000E+00
  0.0000000E+00  0.0000000E+00
  0.0000000E+00  0.0000000E+00
  0.0000000E+00  0.0000000E+00
  0.0000000E+00  0.0000000E+00
  0.0000000E+00  0.0000000E+00
  0.0000000E+00  0.0000000E+00
  0.0000000E+00  0.0000000E+00
  0.0000000E+00  0.0000000E+00
  0.0000000E+00  0.0000000E+00
  0.0000000E+00  0.0000000E+00
  0.0000000E+00  0.0000000E+00
  0.0000000E+00  0.0000000E+00
  0.0000000E+00  0.0000000E+00
  0.0000000E+00  0.0000000E+00
  0.0000000E+00  0.0000000E+00
  0.0000000E+00  0.0000000E+00
  0.0000000E+00  0.0000000E+00
  0.0000000E+00  0.0000000E+00
  0.0000000E+00  0.0000000E+00
  0.0000000E+00  0.0000000E+00
  0.0000000E+00  0.0000000E+00
  0.0000000E+00  0.0000000E+00
  0.0000000E+00  0.0000000E+00
  0.0000000E+00  0.0000000E+00
  0.0000000E+00  0.0000000E+00
  0.0000000E+00  0.0000000E+00
  0.0000000E+00  0.0000000E+00
  0.0000000E+00  0.0000000E+00
  0.0000000E+00  0.0000000E+00
  0.0000000E+00  0.0000000E+00
  0.0000000E+00  0.0000000E+00
  0.0000000E+00  0.0000000E+00
  0.0000000E+00  0.0000000E+00
  0.0000000E+00  0.0000000E+00
  0.0000000E+00  0.0000000E+00
  0.0000000E+00  0.0000000E+00
  0.0000000E+00  0.0000000E+00
  0.0000000E+00  0.0000000E+00
  0.0000000E+00  0.0000000E+00
  0.0000000E+00  0.0000000E+00
  0.0000000E+00  0.0000000E+00
  0.0000000E+00  0.0000000E+00
  0.0000000E+00  0.0000000E+00
  0.0000000E+00  0.0000000E+00
  0.0000000E+00  0.0000000E+00
  0.0000000E+00  0.0000000E+00
  0.0000000E+00  0.0000000E+00
  0.0000000E+00  0.0000000E+00
  0.0000000E+00  0.0000000E+00
  0.0000000E+00  0.0000000E+00
  0.0000000E+00  0.0000000E+00
  0.0000000E+00  0.0000000E+00
  0.0000000E+00  0.0000000E+00
  0.0000000E+00  0.0000000E+00
  0.0000000E+00  0.0000000E+00
  0.0000000E+00  0.0000000E+00
  0.0000000E+00  0.0000000E+00
  0.0000000E+00  0.0000000E+00
  0.0000000E+00  0.0000000E+00
  0.0000000E+00  0.0000000E+00
  0.0000000E+00  0.0000000E+00
  0.0000000E+00  0.0000000E+00
  0.0000000E+00  0.0000000E+00
  0.0000000E+00  0.0000000E+00
  0.0000000E+00  0.0000000E+00
  0.0000000E+00  0.0000000E+00
  0.0000000E+00  0.0000000E+00
  0.0000000E+00  0.0000000E+00
  0.0000000E+00  0.0000000E+00
  0.0000000E+00  0.0000000E+00
  0.0000000E+00  0.0000000E+00
  0.0000000E+00  0.0000000E+00
  0.0000000E+00  0.0000000E+00
  0.0000000E+00  0.0000000E+00
  0.0000000E+00  0.0000000E+00
  0.0000000E+00  0.0000000E+00
  0.0000000E+00  0.0000000E+00
  0.0000000E+00  0.0000000E+00
  0.0000000E+00  0.0000000E+00
  0.0000000E+00  0.0000000E+00
  0.0000000E+00  0.0000000E+00
  0.0000000E+00  0.0000000E+00
  0.0000000E+00  0.0000000E+00
  0.0000000E+00  0.0000000E+00
  0.0000000E+00  0.0000000E+00
  0.0000000E+00  0.0000000E+00
  0.0000000E+00  0.0000000E+00
  0.0000000E+00  0.0000000E+00
  0.0000000E+00  0.0000000E+00
  0.0000000E+00  0.0000000E+00
  0.0000000E+00  0.0000000E+00
  0.0000000E+00  0.0000000E+00
  0.0000000E+00  0.0000000E+00
  0.0000000E+00  0.0000000E+00
  0.0000000E+00  0.0000000E+00
  0.0000000E+00  0.0000000E+00
  0.0000000E+00  0.0000000E+00
  0.0000000E+00  0.0000000E+00
  0.0000000E+00  0.0000000E+00
  0.0000000E+00  0.0000000E+00
  0.0000000E+00  0.0000000E+00
  0.0000000E+00  0.0000000E+00
  0.0000000E+00  0.0000000E+00
  0.0000000E+00  0.0000000E+00
  0.0000000E+00  0.0000000E+00
  0.0000000E+00  0.0000000E+00
  0.0000000E+00  0.0000000E+00
  0.0000000E+00  0.0000000E+00
  0.0000000E+00  0.0000000E+00
  0.0000000E+00  0.0000000E+00
  0.0000000E+00  0.0000000E+00
  0.0000000E+00  0.0000000E+00
  0.0000000E+00  0.0000000E+00
  0.0000000E+00  0.0000000E+00
  0.0000000E+00  0.0000000E+00
  0.0000000E+00  0.0000000E+00
  0.0000000E+00  0.0000000E+00
  0.0000000E+00  0.0000000E+00
  0.0000000E+00  0.0000000E+00
  0.0000000E+00  0.0000000E+00
  0.0000000E+00  0.0000000E+00
  0.0000000E+00  0.0000000E+00
  0.0000000E+00  0.0000000E+00
  0.0000000E+00  0.0000000E+00
  0.0000000E+00  0.0000000E+00
  0.0000000E+00  0.0000000E+00
  0.0000000E+00  0.0000000E+00
  0.0000000E+00  0.0000000E+00
  0.0000000E+00  0.0000000E+00
  0.0000000E+00  0.0000000E+00
  0.0000000E+00  0.0000000E+00
  0.0000000E+00  0.0000000E+00
  0.0000000E+00  0.0000000E+00
  0.0000000E+00  0.0000000E+00
  0.0000000E+00  0.0000000E+00
  0.0000000E+00  0.0000000E+00
  0.0000000E+00  0.0000000E+00
  0.0000000E+00  0.0000000E+00
  0.0000000E+00  0.0000000E+00
  0.0000000E+00  0.0000000E+00
  0.0000000E+00  0.0000000E+00
  0.0000000E+00  0.0000000E+00
  0.0000000E+00  0.0000000E+00
  0.0000000E+00  0.0000000E+00
  0.0000000E+00  0.0000000E+00
  0.0000000E+00  0.0000000E+00
  0.0000000E+00  0.0000000E+00
  0.0000000E+00  0.0000000E+00
  0.0000000E+00  0.0000000E+00
  0.0000000E+00  0.0000000E+00
  0.0000000E+00  0.0000000E+00
  0.0000000E+00  0.0000000E+00
  0.0000000E+00  0.0000000E+00
  0.0000000E+00  0.0000000E+00
  0.0000000E+00  0.0000000E+00
  0.0000000E+00  0.0000000E+00
  0.0000000E+00  0.0000000E+00
  0.0000000E+00  0.0000000E+00
  0.0000000E+00  0.0000000E+00
  0.0000000E+00  0.0000000E+00
  0.0000000E+00  0.0000000E+00
  0.0000000E+00  0.0000000E+00
  0.0000000E+00  0.0000000E+00
  0.0000000E+00  0.0000000E+00
  0.0000000E+00  0.0000000E+00
  0.0000000E+00  0.0000000E+00
  0.0000000E+00  0.0000000E+00
  0.0000000E+00  0.0000000E+00
  0.0000000E+00  0.0000000E+00
  0.0000000E+00  0.0000000E+00
  0.0000000E+00  0.0000000E+00
  0.0000000E+00  0.0000000E+00
  0.0000000E+00  0.0000000E+00
  0.0000000E+00  0.0000000E+00
  0.0000000E+00  0.0000000E+00
  0.0000000E+00  0.0000000E+00
  0.0000000E+00  0.0000000E+00
  0.0000000E+00  0.0000000E+00
  0.0000000E+00  0.0000000E+00
  0.0000000E+00  0.0000000E+00
  0.0000000E+00  0.0000000E+00
  0.0000000E+00  0.0000000E+00
  0.0000000E+00  0.0000000E+00
  0.0000000E+00  0.0000000E+00
  0.0000000E+00  0.0000000E+00
  0.0000000E+00  0.0000000E+00
  0.0000000E+00  0.0000000E+00
  0.0000000E+00  0.0000000E+00
  0.0000000E+00  0.0000000E+00
  0.0000000E+00  0.0000000E+00
  0.0000000E+00  0.0000000E+00
  0.0000000E+00  0.0000000E+00
  0.0000000E+00  0.0000000E+00
  0.0000000E+00  0.0000000E+00
  0.0000000E+00  0.0000000E+00
  0.0000000E+00  0.0000000E+00
  0.0000000E+00  0.0000000E+00
  0.0000000E+00  0.0000000E+00
  0.0000000E+00  0.0000000E+00
  0.0000000E+00  0.0000000E+00
  0.0000000E+00  0.0000000E+00
  0.0000000E+00  0.0000000E+00
  0.0000000E+00  0.0000000E+00
  0.0000000E+00  0.0000000E+00
  0.0000000E+00  0.0000000E+00
  0.0000000E+00  0.0000000E+00
  0.0000000E+00  0.0000000E+00
  0.0000000E+00  0.0000000E+00
  0.0000000E+00  0.0000000E+00
  0.0000000E+00  0.0000000E+00
  0.0000000E+00  0.0000000E+00
  0.0000000E+00  0.0000000E+00
  0.0000000E+00  0.0000000E+00
  0.0000000E+00  0.0000000E+00
  0.0000000E+00  0.0000000E+00
  0.0000000E+00  0.0000000E+00
  0.0000000E+00  0.0000000E+00
  0.0000000E+00  0.0000000E+00
  0.0000000E+00  0.0000000E+00
  0.0000000E+00  0.0000000E+00
  0.0000000E+00  0.0000000E+00
  0.0000000E+00  0.0000000E+00
  0.0000000E+00  0.0000000E+00
  0.0000000E+00  0.0000000E+00
  0.0000000E+00  0.0000000E+00
  0.0000000E+00  0.0000000E+00
  0.0000000E+00  0.0000000E+00
  0.0000000E+00  0.0000000E+00
  0.0000000E+00  0.0000000E+00
  0.0000000E+00  0.0000000E+00
  0.0000000E+00  0.0000000E+00
  0.0000000E+00  0.0000000E+00
  0.0000000E+00  0.0000000E+00
  0.0000000E+00  0.0000000E+00
  0.0000000E+00  0.0000000E+00
  0.0000000E+00  0.0000000E+00
  0.0000000E+00  0.0000000E+00
  0.0000000E+00  0.0000000E+00
  0.0000000E+00  0.0000000E+00
  0.0000000E+00  0.0000000E+00
  0.0000000E+00  0.0000000E+00
  0.0000000E+00  0.0000000E+00
  0.0000000E+00  0.0000000E+00
  0.0000000E+00  0.0000000E+00
  0.0000000E+00  0.0000000E+00
  0.0000000E+00  0.0000000E+00
  0.0000000E+00  0.0000000E+00
  0.0000000E+00  0.0000000E+00
  0.0000000E+00  0.0000000E+00
  0.0000000E+00  0.0000000E+00
  0.0000000E+00  0.0000000E+00
  0.0000000E+00  0.0000000E+00
  0.0000000E+00  0.0000000E+00
  0.0000000E+00  0.0000000E+00
  0.0000000E+00  0.0000000E+00
  0.0000000E+00  0.0000000E+00
  0.0000000E+00  0.0000000E+00
  0.0000000E+00  0.0000000E+00
  0.0000000E+00  0.0000000E+00
  0.0000000E+00  0.0000000E+00
  0.0000000E+00  0.0000000E+00
  0.0000000E+00  0.0000000E+00
  0.0000000E+00  0.0000000E+00
  0.0000000E+00  0.0000000E+00
  0.0000000E+00  0.0000000E+00
  0.0000000E+00  0.0000000E+00
  0.0000000E+00  0.0000000E+00
  0.0000000E+00  0.0000000E+00
  0.0000000E+00  0.0000000E+00
  0.0000000E+00  0.0000000E+00
  0.0000000E+00  0.0000000E+00
  0.0000000E+00  0.0000000E+00
  0.0000000E+00  0.0000000E+00
  0.0000000E+00  0.0000000E+00
  0.0000000E+00  0.0000000E+00
  0.0000000E+00  0.0000000E+00
  0.0000000E+00  0.0000000E+00
  0.0000000E+00  0.0000000E+00
  0.0000000E+00  0.0000000E+00
  0.0000000E+00  0.0000000E+00
  0.0000000E+00  0.0000000E+00
  0.0000000E+00  0.0000000E+00
  0.0000000E+00  0.0000000E+00
  0.0000000E+00  0.0000000E+00
  0.0000000E+00  0.0000000E+00
  0.0000000E+00  0.0000000E+00
  0.0000000E+00  0.0000000E+00
  0.0000000E+00  0.0000000E+00
  0.0000000E+00  0.0000000E+00
  0.0000000E+00  0.0000000E+00
  0.0000000E+00  0.0000000E+00
  0.0000000E+00  0.0000000E+00
  0.0000000E+00  0.0000000E+00
  0.0000000E+00  0.0000000E+00
  0.0000000E+00  0.0000000E+00
  0.0000000E+00  0.0000000E+00
  0.0000000E+00  0.0000000E+00
  0.0000000E+00  0.0000000E+00
  0.0000000E+00  0.0000000E+00
  0.0000000E+00  0.0000000E+00
  0.0000000E+00  0.0000000E+00
  0.0000000E+00  0.0000000E+00
  0.0000000E+00  0.0000000E+00
  0.0000000E+00  0.0000000E+00
  0.0000000E+00  0.0000000E+00
  0.0000000E+00  0.0000000E+00
  0.0000000E+00  0.0000000E+00
  0.0000000E+00  0.0000000E+00
  0.0000000E+00  0.0000000E+00
  0.0000000E+00  0.0000000E+00
  0.0000000E+00  0.0000000E+00
  0.0000000E+00  0.0000000E+00
  0.0000000E+00  0.0000000E+00
  0.0000000E+00  0.0000000E+00
  0.0000000E+00  0.0000000E+00
  0.0000000E+00  0.0000000E+00
  0.0000000E+00  0.0000000E+00
  0.0000000E+00  0.0000000E+00
  0.0000000E+00  0.0000000E+00
  0.0000000E+00  0.0000000E+00
  0.0000000E+00  0.0000000E+00
  0.0000000E+00  0.0000000E+00
  0.0000000E+00  0.0000000E+00
  0.0000000E+00  0.0000000E+00
  0.0000000E+00  0.0000000E+00
  0.0000000E+00  0.0000000E+00
  0.0000000E+00  0.0000000E+00
  0.0000000E+00  0.0000000E+00
  0.0000000E+00  0.0000000E+00
  0.0000000E+00  0.0000000E+00
  0.0000000E+00  0.0000000E+00
  0.0000000E+00  0.0000000E+00
  0.0000000E+00  0.0000000E+00
  0.0000000E+00  0.0000000E+00
  0.0000000E+00  0.0000000E+00
  0.0000000E+00  0.0000000E+00
  0.0000000E+00  0.0000000E+00
  0.0000000E+00  0.0000000E+00
  0.0000000E+00  0.0000000E+00
  0.0000000E+00  0.0000000E+00
  0.0000000E+00  0.0000000E+00
  0.0000000E+00  0.0000000E+00
  0.0000000E+00  0.0000000E+00
  0.0000000E+00  0.0000000E+00
  0.0000000E+00  0.0000000E+00
  0.0000000E+00  0.0000000E+00
  0.0000000E+00  0.0000000E+00
  0.0000000E+00  0.0000000E+00
  0.0000000E+00  0.0000000E+00
  0.0000000E+00  0.0000000E+00
  0.0000000E+00  0.0000000E+00
  0.0000000E+00  0.0000000E+00
  0.0000000E+00  0.0000000E+00
  0.0000000E+00  0.0000000E+00
  0.0000000E+00  0.0000000E+00
  0.0000000E+00  0.0000000E+00
  0.0000000E+00  0.0000000E+00
  0.0000000E+00  0.0000000E+00
  0.0000000E+00  0.0000000E+00
  0.0000000E+00  0.0000000E+00
  0.0000000E+00  0.0000000E+00
  0.0000000E+00  0.0000000E+00
  0.0000000E+00  0.0000000E+00
  0.0000000E+00  0.0000000E+00
  0.0000000E+00  0.0000000E+00
  0.0000000E+00  0.0000000E+00
  0.0000000E+00  0.0000000E+00
  0.0000000E+00  0.0000000E+00
  0.0000000E+00  0.0000000E+00
  0.0000000E+00  0.0000000E+00
  0.0000000E+00  0.0000000E+00
  0.0000000E+00  0.0000000E+00
  0.0000000E+00  0.0000000E+00
  0.0000000E+00  0.0000000E+00
  0.0000000E+00  0.0000000E+00
  0.0000000E+00  0.0000000E+00
  0.0000000E+00  0.0000000E+00
  0.0000000E+00  0.0000000E+00
  0.0000000E+00  0.0000000E+00
  0.0000000E+00  0.0000000E+00
  0.0000000E+00  0.0000000E+00
  0.0000000E+00  0.0000000E+00
  0.0000000E+00  0.0000000E+00
  0.0000000E+00  0.0000000E+00
  0.0000000E+00  0.0000000E+00
  0.0000000E+00  0.0000000E+00
  0.0000000E+00  0.0000000E+00
  0.0000000E+00  0.0000000E+00
  0.0000000E+00  0.0000000E+00
  0.0000000E+00  0.0000000E+00
  0.0000000E+00  0.0000000E+00
  0.0000000E+00  0.0000000E+00
  0.0000000E+00  0.0000000E+00
  0.0000000E+00  0.0000000E+00
  0.0000000E+00  0.0000000E+00
  0.0000000E+00  0.0000000E+00
  0.0000000E+00  0.0000000E+00
  0.0000000E+00  0.0000000E+00
  0.0000000E+00  0.0000000E+00
  0.0000000E+00  0.0000000E+00
  0.0000000E+00  0.0000000E+00
  0.0000000E+00  0.0000000E+00
  0.0000000E+00  0.0000000E+00
  0.0000000E+00  0.0000000E+00
  0.0000000E+00  0.0000000E+00
  0.0000000E+00  0.0000000E+00
  0.0000000E+00  0.0000000E+00
  0.0000000E+00  0.0000000E+00
  0.0000000E+00  0.0000000E+00
  0.0000000E+00  0.0000000E+00
  0.0000000E+00  0.0000000E+00
  0.0000000E+00  0.0000000E+00
  0.0000000E+00  0.0000000E+00
  0.0000000E+00  0.0000000E+00
  0.0000000E+00  0.0000000E+00
  0.0000000E+00  0.0000000E+00
  0.0000000E+00  0.0000000E+00
  0.0000000E+00  0.0000000E+00
  0.0000000E+00  0.0000000E+00
  0.0000000E+00  0.0000000E+00
  0.0000000E+00  0.0000000E+00
  0.0000000E+00  0.0000000E+00
  0.0000000E+00  0.0000000E+00
  0.0000000E+00  0.0000000E+00
  0.0000000E+00  0.0000000E+00
  0.0000000E+00  0.0000000E+00
  0.0000000E+00  0.0000000E+00
  0.0000000E+00  0.0000000E+00
  0.0000000E+00  0.0000000E+00
  0.0000000E+00  0.0000000E+00
  0.0000000E+00  0.0000000E+00
  0.0000000E+00  0.0000000E+00
  0.0000000E+00  0.0000000E+00
  0.0000000E+00  0.0000000E+00
  0.0000000E+00  0.0000000E+00
  0.0000000E+00  0.0000000E+00
  0.0000000E+00  0.0000000E+00
  0.0000000E+00  0.0000000E+00
  0.0000000E+00  0.0000000E+00
  0.0000000E+00  0.0000000E+00
  0.0000000E+00  0.0000000E+00
  0.0000000E+00  0.0000000E+00
  0.0000000E+00  0.0000000E+00
  0.0000000E+00  0.0000000E+00
  0.0000000E+00  0.0000000E+00
  0.0000000E+00  0.0000000E+00
  0.0000000E+00  0.0000000E+00
  0.0000000E+00  0.0000000E+00
  0.0000000E+00  0.0000000E+00
  0.0000000E+00  0.0000000E+00
  0.0000000E+00  0.0000000E+00
  0.0000000E+00  0.0000000E+00
  0.0000000E+00  0.0000000E+00
  0.0000000E+00  0.0000000E+00
  0.0000000E+00  0.0000000E+00
  0.0000000E+00  0.0000000E+00
  0.0000000E+00  0.0000000E+00
  0.0000000E+00  0.0000000E+00
  0.0000000E+00  0.0000000E+00
  0.0000000E+00  0.0000000E+00
  0.0000000E+00  0.0000000E+00
  0.0000000E+00  0.0000000E+00
  0.0000000E+00  0.0000000E+00
  0.0000000E+00  0.0000000E+00
  0.0000000E+00  0.0000000E+00
  0.0000000E+00  0.0000000E+00
  0.0000000E+00  0.0000000E+00
  0.0000000E+00  0.0000000E+00
  0.0000000E+00  0.0000000E+00
  0.0000000E+00  0.0000000E+00
  0.0000000E+00  0.0000000E+00
  0.0000000E+00  0.0000000E+00
  0.0000000E+00  0.0000000E+00
  0.0000000E+00  0.0000000E+00
  0.0000000E+00  0.0000000E+00
  0.0000000E+00  0.0000000E+00
  0.0000000E+00  0.0000000E+00
  0.0000000E+00  0.0000000E+00
  0.0000000E+00  0.0000000E+00
  0.0000000E+00  0.0000000E+00
  0.0000000E+00  0.0000000E+00
  0.0000000E+00  0.0000000E+00
  0.0000000E+00  0.0000000E+00
  0.0000000E+00  0.0000000E+00
  0.0000000E+00  0.0000000E+00
  0.0000000E+00  0.0000000E+00
  0.0000000E+00  0.0000000E+00
  0.0000000E+00  0.0000000E+00
  0.0000000E+00  0.0000000E+00
  0.0000000E+00  0.0000000E+00
  0.0000000E+00  0.0000000E+00
  0.0000000E+00  0.0000000E+00
  0.0000000E+00  0.0000000E+00
  0.0000000E+00  0.0000000E+00
  0.0000000E+00  0.0000000E+00
  0.0000000E+00  0.0000000E+00
  0.0000000E+00  0.0000000E+00
  0.0000000E+00  0.0000000E+00
  0.0000000E+00  0.0000000E+00
  0.0000000E+00  0.0000000E+00
  0.0000000E+00  0.0000000E+00
  0.0000000E+00  0.0000000E+00
  0.0000000E+00  0.0000000E+00
  0.0000000E+00  0.0000000E+00
  0.0000000E+00  0.0000000E+00
  0.0000000E+00  0.0000000E+00
  0.0000000E+00  0.0000000E+00
  0.0000000E+00  0.0000000E+00
  0.0000000E+00  0.0000000E+00
  0.0000000E+00  0.0000000E+00
  0.0000000E+00  0.0000000E+00
  0.0000000E+00  0.0000000E+00
  0.0000000E+00  0.0000000E+00
  0.0000000E+00  0.0000000E+00
  0.0000000E+00  0.0000000E+00
  0.0000000E+00  0.0000000E+00
  0.0000000E+00  0.0000000E+00
  0.0000000E+00  0.0000000E+00
  0.0000000E+00  0.0000000E+00
  0.0000000E+00  0.0000000E+00
  0.0000000E+00  0.0000000E+00
  0.0000000E+00  0.0000000E+00
  0.0000000E+00  0.0000000E+00
  0.0000000E+00  0.0000000E+00
  0.0000000E+00  0.0000000E+00
  0.0000000E+00  0.0000000E+00
  0.0000000E+00  0.0000000E+00
  0.0000000E+00  0.0000000E+00
  0.0000000E+00  0.0000000E+00
  0.0000000E+00  0.0000000E+00
  0.0000000E+00  0.0000000E+00
  0.0000000E+00  0.0000000E+00
  0.0000000E+00  0.0000000E+00
  0.0000000E+00  0.0000000E+00
  0.0000000E+00  0.0000000E+00
  0.0000000E+00  0.0000000E+00
  0.0000000E+00  0.0000000E+00
  0.0000000E+00  0.0000000E+00
  0.0000000E+00  0.0000000E+00
  0.0000000E+00  0.0000000E+00
  0.0000000E+00  0.0000000E+00
  0.0000000E+00  0.0000000E+00
  0.0000000E+00  0.0000000E+00
  0.0000000E+00  0.0000000E+00
  0.0000000E+00  0.0000000E+00
  0.0000000E+00  0.0000000E+00
  0.0000000E+00  0.0000000E+00
  0.0000000E+00  0.0000000E+00
  0.0000000E+00  0.0000000E+00
  0.0000000E+00  0.0000000E+00
  0.0000000E+00  0.0000000E+00
  0.0000000E+00  0.0000000E+00
  0.0000000E+00  0.0000000E+00
  0.0000000E+00  0.0000000E+00
  0.0000000E+00  0.0000000E+00
  0.0000000E+00  0.0000000E+00
  0.0000000E+00  0.0000000E+00
  0.0000000E+00  0.0000000E+00
  0.0000000E+00  0.0000000E+00
  0.0000000E+00  0.0000000E+00
  0.0000000E+00  0.0000000E+00
  0.0000000E+00  0.0000000E+00
  0.0000000E+00  0.0000000E+00
  0.0000000E+00  0.0000000E+00
  0.0000000E+00  0.0000000E+00
  0.0000000E+00  0.0000000E+00
  0.0000000E+00  0.0000000E+00
  0.0000000E+00  0.0000000E+00
  0.0000000E+00  0.0000000E+00
  0.0000000E+00  0.0000000E+00
  0.0000000E+00  0.0000000E+00
  0.0000000E+00  0.0000000E+00
  0.0000000E+00  0.0000000E+00
  0.0000000E+00  0.0000000E+00
  0.0000000E+00  0.0000000E+00
  0.0000000E+00  0.0000000E+00
  0.0000000E+00  0.0000000E+00
  0.0000000E+00  0.0000000E+00
  0.0000000E+00  0.0000000E+00
  0.0000000E+00  0.0000000E+00
  0.0000000E+00  0.0000000E+00
  0.0000000E+00  0.0000000E+00
  0.0000000E+00  0.0000000E+00
  0.0000000E+00  0.0000000E+00
  0.0000000E+00  0.0000000E+00
  0.0000000E+00  0.0000000E+00
  0.0000000E+00  0.0000000E+00
  0.0000000E+00  0.0000000E+00
  0.0000000E+00  0.0000000E+00
  0.0000000E+00  0.0000000E+00
  0.0000000E+00  0.0000000E+00
  0.0000000E+00  0.0000000E+00
  0.0000000E+00  0.0000000E+00
  0.0000000E+00  0.0000000E+00
  0.0000000E+00  0.0000000E+00
  0.0000000E+00  0.0000000E+00
  0.0000000E+00  0.0000000E+00
  0.0000000E+00  0.0000000E+00
  0.0000000E+00  0.0000000E+00
  0.0000000E+00  0.0000000E+00
  0.0000000E+00  0.0000000E+00
  0.0000000E+00  0.0000000E+00
  0.0000000E+00  0.0000000E+00
  0.0000000E+00  0.0000000E+00
  0.0000000E+00  0.0000000E+00
  0.0000000E+00  0.0000000E+00
  0.0000000E+00  0.0000000E+00
  0.0000000E+00  0.0000000E+00
  0.0000000E+00  0.0000000E+00
  0.0000000E+00  0.0000000E+00
  0.0000000E+00  0.0000000E+00
  0.0000000E+00  0.0000000E+00
  0.0000000E+00  0.0000000E+00
  0.0000000E+00  0.0000000E+00
  0.0000000E+00  0.0000000E+00
  0.0000000E+00  0.0000000E+00
  0.0000000E+00  0.0000000E+00
  0.0000000E+00  0.0000000E+00
  0.0000000E+00  0.0000000E+00
  0.0000000E+00  0.0000000E+00
  0.0000000E+00  0.0000000E+00
  0.0000000E+00  0.0000000E+00
  0.0000000E+00  0.0000000E+00
  0.0000000E+00  0.0000000E+00
  0.0000000E+00  0.0000000E+00
  0.0000000E+00  0.0000000E+00
  0.0000000E+00  0.0000000E+00
  0.0000000E+00  0.0000000E+00
  0.0000000E+00  0.0000000E+00
  0.0000000E+00  0.0000000E+00
  0.0000000E+00  0.0000000E+00
  0.0000000E+00  0.0000000E+00
  0.0000000E+00  0.0000000E+00
  0.0000000E+00  0.0000000E+00
  0.0000000E+00  0.0000000E+00
  0.0000000E+00  0.0000000E+00
  0.0000000E+00  0.0000000E+00
  0.0000000E+00  0.0000000E+00
  0.0000000E+00  0.0000000E+00
  0.0000000E+00  0.0000000E+00
  0.0000000E+00  0.0000000E+00
  0.0000000E+00  0.0000000E+00
  0.0000000E+00  0.0000000E+00
  0.0000000E+00  0.0000000E+00
  0.0000000E+00  0.0000000E+00
  0.0000000E+00  0.0000000E+00
  0.0000000E+00  0.0000000E+00
  0.0000000E+00  0.0000000E+00
  0.0000000E+00  0.0000000E+00
  0.0000000E+00  0.0000000E+00
  0.0000000E+00  0.0000000E+00
  0.0000000E+00  0.0000000E+00
  0.0000000E+00  0.0000000E+00
  0.0000000E+00  0.0000000E+00
  0.0000000E+00  0.0000000E+00
  0.0000000E+00  0.0000000E+00
  0.0000000E+00  0.0000000E+00
  0.0000000E+00  0.0000000E+00
  0.0000000E+00  0.0000000E+00
  0.0000000E+00  0.0000000E+00
  0.0000000E+00  0.0000000E+00
  0.0000000E+00  0.0000000E+00
  0.0000000E+00  0.0000000E+00
  0.0000000E+00  0.0000000E+00
  0.0000000E+00  0.0000000E+00
  0.0000000E+00  0.0000000E+00
  0.0000000E+00  0.0000000E+00
  0.0000000E+00  0.0000000E+00
  0.0000000E+00  0.0000000E+00
  0.0000000E+00  0.0000000E+00
  0.0000000E+00  0.0000000E+00
  0.0000000E+00  0.0000000E+00
  0.0000000E+00  0.0000000E+00
  0.0000000E+00  0.0000000E+00
  0.0000000E+00  0.0000000E+00
  0.0000000E+00  0.0000000E+00
  0.0000000E+00  0.0000000E+00
  0.0000000E+00  0.0000000E+00
  0.0000000E+00  0.0000000E+00
  0.0000000E+00  0.0000000E+00
  0.0000000E+00  0.0000000E+00
  0.0000000E+00  0.0000000E+00
  0.0000000E+00  0.0000000E+00
  0.0000000E+00  0.0000000E+00
  0.0000000E+00  0.0000000E+00
  0.0000000E+00  0.0000000E+00
  0.0000000E+00  0.0000000E+00
  0.0000000E+00  0.0000000E+00
  0.0000000E+00  0.0000000E+00
  0.0000000E+00  0.0000000E+00
  0.0000000E+00  0.0000000E+00
  0.0000000E+00  0.0000000E+00
  0.0000000E+00  0.0000000E+00
  0.0000000E+00  0.0000000E+00
  0.0000000E+00  0.0000000E+00
  0.0000000E+00  0.0000000E+00
  0.0000000E+00  0.0000000E+00
  0.0000000E+00  0.0000000E+00
  0.0000000E+00  0.0000000E+00
  0.0000000E+00  0.0000000E+00
  0.0000000E+00  0.0000000E+00
  0.0000000E+00  0.0000000E+00
  0.0000000E+00  0.0000000E+00
  0.0000000E+00  0.0000000E+00
  0.0000000E+00  0.0000000E+00
  0.0000000E+00  0.0000000E+00
  0.0000000E+00  0.0000000E+00
  0.0000000E+00  0.0000000E+00
  0.0000000E+00  0.0000000E+00
  0.0000000E+00  0.0000000E+00
  0.0000000E+00  0.0000000E+00
  0.0000000E+00  0.0000000E+00
  0.0000000E+00  0.0000000E+00
  0.0000000E+00  0.0000000E+00
  0.0000000E+00  0.0000000E+00
  0.0000000E+00  0.0000000E+00
  0.0000000E+00  0.0000000E+00
  0.0000000E+00  0.0000000E+00
  0.0000000E+00  0.0000000E+00
  0.0000000E+00  0.0000000E+00
  0.0000000E+00  0.0000000E+00
  0.0000000E+00  0.0000000E+00
  0.0000000E+00  0.0000000E+00
  0.0000000E+00  0.0000000E+00
  0.0000000E+00  0.0000000E+00
  0.0000000E+00  0.0000000E+00
  0.0000000E+00  0.0000000E+00
  0.0000000E+00  0.0000000E+00
  0.0000000E+00  0.0000000E+00
  0.0000000E+00  0.0000000E+00
  0.0000000E+00  0.0000000E+00
  0.0000000E+00  0.0000000E+00
  0.0000000E+00  0.0000000E+00
  0.0000000E+00  0.0000000E+00
  0.0000000E+00  0.0000000E+00
  0.0000000E+00  0.0000000E+00
  0.0000000E+00  0.0000000E+00
  0.0000000E+00  0.0000000E+00
  0.0000000E+00  0.0000000E+00
  0.0000000E+00  0.0000000E+00
  0.0000000E+00  0.0000000E+00
  0.0000000E+00  0.0000000E+00
  0.0000000E+00  0.0000000E+00
  0.0000000E+00  0.0000000E+00
  0.0000000E+00  0.0000000E+00
  0.0000000E+00  0.0000000E+00
  0.0000000E+00  0.0000000E+00
  0.0000000E+00  0.0000000E+00
  0.0000000E+00  0.0000000E+00
  0.0000000E+00  0.0000000E+00
  0.0000000E+00  0.0000000E+00
  0.0000000E+00  0.0000000E+00
  0.0000000E+00  0.0000000E+00
  0.0000000E+00  0.0000000E+00
  0.0000000E+00  0.0000000E+00
  0.0000000E+00  0.0000000E+00
  0.0000000E+00  0.0000000E+00
  0.0000000E+00  0.0000000E+00
  0.0000000E+00  0.0000000E+00
  0.0000000E+00  0.0000000E+00
  0.0000000E+00  0.0000000E+00
  0.0000000E+00  0.0000000E+00
  0.0000000E+00  0.0000000E+00
  0.0000000E+00  0.0000000E+00
  0.0000000E+00  0.0000000E+00
  0.0000000E+00  0.0000000E+00
  0.0000000E+00  0.0000000E+00
  0.0000000E+00  0.0000000E+00
  0.0000000E+00  0.0000000E+00
  0.0000000E+00  0.0000000E+00
  0.0000000E+00  0.0000000E+00
  0.0000000E+00  0.0000000E+00
  0.0000000E+00  0.0000000E+00
  0.0000000E+00  0.0000000E+00
  0.0000000E+00  0.0000000E+00
  0.0000000E+00  0.0000000E+00
  0.0000000E+00  0.0000000E+00
  0.0000000E+00  0.0000000E+00
  0.0000000E+00  0.0000000E+00
  0.0000000E+00  0.0000000E+00
  0.0000000E+00  0.0000000E+00
  0.0000000E+00  0.0000000E+00
  0.0000000E+00  0.0000000E+00
  0.0000000E+00  0.0000000E+00
  0.0000000E+00  0.0000000E+00
  0.0000000E+00  0.0000000E+00
  0.0000000E+00  0.0000000E+00
  0.0000000E+00  0.0000000E+00
  0.0000000E+00  0.0000000E+00
  0.0000000E+00  0.0000000E+00
  0.0000000E+00  0.0000000E+00
  0.0000000E+00  0.0000000E+00
  0.0000000E+00  0.0000000E+00
  0.0000000E+00  0.0000000E+00
  0.0000000E+00  0.0000000E+00
  0.0000000E+00  0.0000000E+00
  0.0000000E+00  0.0000000E+00
  0.0000000E+00  0.0000000E+00
  0.0000000E+00  0.0000000E+00
  0.0000000E+00  0.0000000E+00
  0.0000000E+00  0.0000000E+00
  0.0000000E+00  0.0000000E+00
  0.0000000E+00  0.0000000E+00
  0.0000000E+00  0.0000000E+00
  0.0000000E+00  0.0000000E+00
  0.0000000E+00  0.0000000E+00
  0.0000000E+00  0.0000000E+00
  0.0000000E+00  0.0000000E+00
  0.0000000E+00  0.0000000E+00
  0.0000000E+00  0.0000000E+00
  0.0000000E+00  0.0000000E+00
  0.0000000E+00  0.0000000E+00
  0.0000000E+00  0.0000000E+00
  0.0000000E+00  0.0000000E+00
  0.0000000E+00  0.0000000E+00
  0.0000000E+00  0.0000000E+00
  0.0000000E+00  0.0000000E+00
  0.0000000E+00  0.0000000E+00
  0.0000000E+00  0.0000000E+00
  0.0000000E+00  0.0000000E+00
  0.0000000E+00  0.0000000E+00
  0.0000000E+00  0.0000000E+00
  0.0000000E+00  0.0000000E+00
  0.0000000E+00  0.0000000E+00
  0.0000000E+00  0.0000000E+00
  0.0000000E+00  0.0000000E+00
  0.0000000E+00  0.0000000E+00
  0.0000000E+00  0.0000000E+00
  0.0000000E+00  0.0000000E+00
  0.0000000E+00  0.0000000E+00
  0.0000000E+00  0.0000000E+00
  0.0000000E+00  0.0000000E+00
  0.0000000E+00  0.0000000E+00
  0.0000000E+00  0.0000000E+00
  0.0000000E+00  0.0000000E+00
  0.0000000E+00  0.0000000E+00
  0.0000000E+00  0.0000000E+00
  0.0000000E+00  0.0000000E+00
  0.0000000E+00  0.0000000E+00
  0.0000000E+00  0.0000000E+00
  0.0000000E+00  0.0000000E+00
  0.0000000E+00  0.0000000E+00
  0.0000000E+00  0.0000000E+00
  0.0000000E+00  0.0000000E+00
  0.0000000E+00  0.0000000E+00
  0.0000000E+00  0.0000000E+00
  0.0000000E+00  0.0000000E+00
  0.0000000E+00  0.0000000E+00
  0.0000000E+00  0.0000000E+00
  0.0000000E+00  0.0000000E+00
  0.0000000E+00  0.0000000E+00
  0.0000000E+00  0.0000000E+00
  0.0000000E+00  0.0000000E+00
  0.0000000E+00  0.0000000E+00
  0.0000000E+00  0.0000000E+00
  0.0000000E+00  0.0000000E+00
  0.0000000E+00  0.0000000E+00
  0.0000000E+00  0.0000000E+00
  0.0000000E+00  0.0000000E+00
  0.0000000E+00  0.0000000E+00
  0.0000000E+00  0.0000000E+00
  0.0000000E+00  0.0000000E+00
  0.0000000E+00  0.0000000E+00
  0.0000000E+00  0.0000000E+00
  0.0000000E+00  0.0000000E+00
  0.0000000E+00  0.0000000E+00
  0.0000000E+00  0.0000000E+00
  0.0000000E+00  0.0000000E+00
  0.0000000E+00  0.0000000E+00
  0.0000000E+00  0.0000000E+00
  0.0000000E+00  0.0000000E+00
  0.0000000E+00  0.0000000E+00
  0.0000000E+00  0.0000000E+00
  0.0000000E+00  0.0000000E+00
  0.0000000E+00  0.0000000E+00
  0.0000000E+00  0.0000000E+00
  0.0000000E+00  0.0000000E+00
  0.0000000E+00  0.0000000E+00
  0.0000000E+00  0.0000000E+00
  0.0000000E+00  0.0000000E+00
  0.0000000E+00  0.0000000E+00
  0.0000000E+00  0.0000000E+00
  0.0000000E+00  0.0000000E+00
  0.0000000E+00  0.0000000E+00
  0.0000000E+00  0.0000000E+00
  0.0000000E+00  0.0000000E+00
  0.0000000E+00  0.0000000E+00
  0.0000000E+00  0.0000000E+00
  0.0000000E+00  0.0000000E+00
  0.0000000E+00  0.0000000E+00
  0.0000000E+00  0.0000000E+00
  0.0000000E+00  0.0000000E+00
  0.0000000E+00  0.0000000E+00
  0.0000000E+00  0.0000000E+00
  0.0000000E+00  0.0000000E+00
  0.0000000E+00  0.0000000E+00
  0.0000000E+00  0.0000000E+00
  0.0000000E+00  0.0000000E+00
  0.0000000E+00  0.0000000E+00
  0.0000000E+00  0.0000000E+00
  0.0000000E+00  0.0000000E+00
  0.0000000E+00  0.0000000E+00
  0.0000000E+00  0.0000000E+00
  0.0000000E+00  0.0000000E+00
  0.0000000E+00  0.0000000E+00
  0.0000000E+00  0.0000000E+00
  0.0000000E+00  0.0000000E+00
  0.0000000E+00  0.0000000E+00
  0.0000000E+00  0.0000000E+00
  0.0000000E+00  0.0000000E+00
  0.0000000E+00  0.0000000E+00
  0.0000000E+00  0.0000000E+00
  0.0000000E+00  0.0000000E+00
  0.0000000E+00  0.0000000E+00
  0.0000000E+00  0.0000000E+00
  0.0000000E+00  0.0000000E+00
  0.0000000E+00  0.0000000E+00
  0.0000000E+00  0.0000000E+00
  0.0000000E+00  0.0000000E+00
  0.0000000E+00  0.0000000E+00
  0.0000000E+00  0.0000000E+00
  0.0000000E+00  0.0000000E+00
  0.0000000E+00  0.0000000E+00
  0.0000000E+00  0.0000000E+00
  0.0000000E+00  0.0000000E+00
  0.0000000E+00  0.0000000E+00
  0.0000000E+00  0.0000000E+00
  0.0000000E+00  0.0000000E+00
  0.0000000E+00  0.0000000E+00
  0.0000000E+00  0.0000000E+00
  0.0000000E+00  0.0000000E+00
  0.0000000E+00  0.0000000E+00
  0.0000000E+00  0.0000000E+00
  0.0000000E+00  0.0000000E+00
  0.0000000E+00  0.0000000E+00
  0.0000000E+00  0.0000000E+00
  0.0000000E+00  0.0000000E+00
  0.0000000E+00  0.0000000E+00
  0.0000000E+00  0.0000000E+00
  0.0000000E+00  0.0000000E+00
  0.0000000E+00  0.0000000E+00
  0.0000000E+00  0.0000000E+00
  0.0000000E+00  0.0000000E+00
  0.0000000E+00  0.0000000E+00
  0.0000000E+00  0.0000000E+00
  0.0000000E+00  0.0000000E+00
  0.0000000E+00  0.0000000E+00
  0.0000000E+00  0.0000000E+00
  0.0000000E+00  0.0000000E+00
  0.0000000E+00  0.0000000E+00
  0.0000000E+00  0.0000000E+00
  0.0000000E+00  0.0000000E+00
  0.0000000E+00  0.0000000E+00
  0.0000000E+00  0.0000000E+00
  0.0000000E+00  0.0000000E+00
  0.0000000E+00  0.0000000E+00
  0.0000000E+00  0.0000000E+00
  0.0000000E+00  0.0000000E+00
  0.0000000E+00  0.0000000E+00
  0.0000000E+00  0.0000000E+00
  0.0000000E+00  0.0000000E+00
  0.0000000E+00  0.0000000E+00
  0.0000000E+00  0.0000000E+00
  0.0000000E+00  0.0000000E+00
  0.0000000E+00  0.0000000E+00
  0.0000000E+00  0.0000000E+00
  0.0000000E+00  0.0000000E+00
  0.0000000E+00  0.0000000E+00
  0.0000000E+00  0.0000000E+00
  0.0000000E+00  0.0000000E+00
  0.0000000E+00  0.0000000E+00
  0.0000000E+00  0.0000000E+00
  0.0000000E+00  0.0000000E+00
  0.0000000E+00  0.0000000E+00
  0.0000000E+00  0.0000000E+00
  0.0000000E+00  0.0000000E+00
  0.0000000E+00  0.0000000E+00
  0.0000000E+00  0.0000000E+00
  0.0000000E+00  0.0000000E+00
  0.0000000E+00  0.0000000E+00
  0.0000000E+00  0.0000000E+00
  0.0000000E+00  0.0000000E+00
  0.0000000E+00  0.0000000E+00
  0.0000000E+00  0.0000000E+00
  0.0000000E+00  0.0000000E+00
  0.0000000E+00  0.0000000E+00
  0.0000000E+00  0.0000000E+00
  0.0000000E+00  0.0000000E+00
  0.0000000E+00  0.0000000E+00
  0.0000000E+00  0.0000000E+00
  0.0000000E+00  0.0000000E+00
  0.0000000E+00  0.0000000E+00
  0.0000000E+00  0.0000000E+00
  0.0000000E+00  0.0000000E+00
  0.0000000E+00  0.0000000E+00
  0.0000000E+00  0.0000000E+00
  0.0000000E+00  0.0000000E+00
  0.0000000E+00  0.0000000E+00
  0.0000000E+00  0.0000000E+00
  0.0000000E+00  0.0000000E+00
  0.0000000E+00  0.0000000E+00
  0.0000000E+00  0.0000000E+00
  0.0000000E+00  0.0000000E+00
  0.0000000E+00  0.0000000E+00
  0.0000000E+00  0.0000000E+00
  0.0000000E+00  0.0000000E+00
  0.0000000E+00  0.0000000E+00
  0.0000000E+00  0.0000000E+00
  0.0000000E+00  0.0000000E+00
  0.0000000E+00  0.0000000E+00
  0.0000000E+00  0.0000000E+00
  0.0000000E+00  0.0000000E+00
  0.0000000E+00  0.0000000E+00
  0.0000000E+00  0.0000000E+00
  0.0000000E+00  0.0000000E+00
  0.0000000E+00  0.0000000E+00
  0.0000000E+00  0.0000000E+00
  0.0000000E+00  0.0000000E+00
  0.0000000E+00  0.0000000E+00
  0.0000000E+00  0.0000000E+00
  0.0000000E+00  0.0000000E+00
  0.0000000E+00  0.0000000E+00
  0.0000000E+00  0.0000000E+00
  0.0000000E+00  0.0000000E+00
  0.0000000E+00  0.0000000E+00
  0.0000000E+00  0.0000000E+00
  0.0000000E+00  0.0000000E+00
  0.0000000E+00  0.0000000E+00
  0.0000000E+00  0.0000000E+00
  0.0000000E+00  0.0000000E+00
  0.0000000E+00  0.0000000E+00
  0.0000000E+00  0.0000000E+00
  0.0000000E+00  0.0000000E+00
  0.0000000E+00  0.0000000E+00
  0.0000000E+00  0.0000000E+00
  0.0000000E+00  0.0000000E+00
  0.0000000E+00  0.0000000E+00
  0.0000000E+00  0.0000000E+00
  0.0000000E+00  0.0000000E+00
  0.0000000E+00  0.0000000E+00
  0.0000000E+00  0.0000000E+00
  0.0000000E+00  0.0000000E+00
  0.0000000E+00  0.0000000E+00
  0.0000000E+00  0.0000000E+00
  0.0000000E+00  0.0000000E+00
  0.0000000E+00  0.0000000E+00
  0.0000000E+00  0.0000000E+00
  0.0000000E+00  0.0000000E+00
  0.0000000E+00  0.0000000E+00
  0.0000000E+00  0.0000000E+00
  0.0000000E+00  0.0000000E+00
  0.0000000E+00  0.0000000E+00
  0.0000000E+00  0.0000000E+00
  0.0000000E+00  0.0000000E+00
  0.0000000E+00  0.0000000E+00
  0.0000000E+00  0.0000000E+00
  0.0000000E+00  0.0000000E+00
  0.0000000E+00  0.0000000E+00
  0.0000000E+00  0.0000000E+00
  0.0000000E+00  0.0000000E+00
  0.0000000E+00  0.0000000E+00
  0.0000000E+00  0.0000000E+00
  0.0000000E+00  0.0000000E+00
  0.0000000E+00  0.0000000E+00
  0.0000000E+00  0.0000000E+00
  0.0000000E+00  0.0000000E+00
  0.0000000E+00  0.0000000E+00
  0.0000000E+00  0.0000000E+00
  0.0000000E+00  0.0000000E+00
  0.0000000E+00  0.0000000E+00
  0.0000000E+00  0.0000000E+00
  0.0000000E+00  0.0000000E+00
  0.0000000E+00  0.0000000E+00
  0.0000000E+00  0.0000000E+00
  0.0000000E+00  0.0000000E+00
  0.0000000E+00  0.0000000E+00
  0.0000000E+00  0.0000000E+00
  0.0000000E+00  0.0000000E+00
  0.0000000E+00  0.0000000E+00
  0.0000000E+00  0.0000000E+00
  0.0000000E+00  0.0000000E+00
  0.0000000E+00  0.0000000E+00
  0.0000000E+00  0.0000000E+00
  0.0000000E+00  0.0000000E+00
  0.0000000E+00  0.0000000E+00
  0.0000000E+00  0.0000000E+00
  0.0000000E+00  0.0000000E+00
  0.0000000E+00  0.0000000E+00
  0.0000000E+00  0.0000000E+00
  0.0000000E+00  0.0000000E+00
  0.0000000E+00  0.0000000E+00
  0.0000000E+00  0.0000000E+00
  0.0000000E+00  0.0000000E+00
  0.0000000E+00  0.0000000E+00
  0.0000000E+00  0.0000000E+00
  0.0000000E+00  0.0000000E+00
  0.0000000E+00  0.0000000E+00
  0.0000000E+00  0.0000000E+00
  0.0000000E+00  0.0000000E+00
  0.0000000E+00  0.0000000E+00
  0.0000000E+00  0.0000000E+00
  0.0000000E+00  0.0000000E+00
  0.0000000E+00  0.0000000E+00
  0.0000000E+00  0.0000000E+00
  0.0000000E+00  0.0000000E+00
  0.0000000E+00  0.0000000E+00
  0.0000000E+00  0.0000000E+00
  0.0000000E+00  0.0000000E+00
  0.0000000E+00  0.0000000E+00
  0.0000000E+00  0.0000000E+00
  0.0000000E+00  0.0000000E+00
  0.0000000E+00  0.0000000E+00
  0.0000000E+00  0.0000000E+00
  0.0000000E+00  0.0000000E+00
  0.0000000E+00  0.0000000E+00
  0.0000000E+00  0.0000000E+00
  0.0000000E+00  0.0000000E+00
  0.0000000E+00  0.0000000E+00
  0.0000000E+00  0.0000000E+00
  0.0000000E+00  0.0000000E+00
  0.0000000E+00  0.0000000E+00
  0.0000000E+00  0.0000000E+00
  0.0000000E+00  0.0000000E+00
  0.0000000E+00  0.0000000E+00
  0.0000000E+00  0.0000000E+00
  0.0000000E+00  0.0000000E+00
  0.0000000E+00  0.0000000E+00
  0.0000000E+00  0.0000000E+00
  0.0000000E+00  0.0000000E+00
  0.0000000E+00  0.0000000E+00
  0.0000000E+00  0.0000000E+00
  0.0000000E+00  0.0000000E+00
  0.0000000E+00  0.0000000E+00
  0.0000000E+00  0.0000000E+00
  0.0000000E+00  0.0000000E+00
  0.0000000E+00  0.0000000E+00
