 -0.2278154E+00 -0.1865740E-05
 -0.1582835E+00 -0.1380018E-05
 -0.1229143E+00 -0.1138702E-05
 -0.9807496E-01 -0.9680402E-06
 -0.8862736E-01 -0.9039422E-06
 -0.8536581E-01 -0.8813794E-06
  0.7381597E+00  0.4752958E-05
 -0.2886432E-01 -0.4889694E-06
 -0.2421056E-01 -0.4577714E-06
 -0.1916443E-01 -0.4338424E-06
 -0.9112200E-02 -0.4283014E-06
 -0.2796803E-01 -0.5441276E-06
 -0.4652777E-01 -0.6590349E-06
 -0.6481734E-01 -0.7725354E-06
 -0.8211745E-01 -0.8792550E-06
 -0.9940503E-01 -0.9866149E-06
 -0.1167137E+00 -0.1093981E-05
 -0.1336942E+00 -0.1199114E-05
 -0.1506984E+00 -0.1305508E-05
 -0.1659380E+00 -0.1400145E-05
 -0.1803986E+00 -0.1489699E-05
 -0.1952258E+00 -0.1582625E-05
 -0.2078747E+00 -0.1661110E-05
 -0.2196680E+00 -0.1734051E-05
 -0.2320356E+00 -0.1812086E-05
 -0.2417554E+00 -0.1872296E-05
 -0.2504639E+00 -0.1925951E-05
 -0.2599062E+00 -0.1985979E-05
 -0.2663072E+00 -0.2025579E-05
 -0.2715381E+00 -0.2057573E-05
 -0.2775911E+00 -0.2096576E-05
 -0.2803285E+00 -0.2113251E-05
 -0.2817636E+00 -0.2121564E-05
 -0.2840677E+00 -0.2137273E-05
 -0.2829088E+00 -0.2129494E-05
 -0.2804382E+00 -0.2113444E-05
 -0.2789022E+00 -0.2105039E-05
 -0.2739135E+00 -0.2073386E-05
 -0.2676817E+00 -0.2033700E-05
 -0.2624222E+00 -0.2002057E-05
 -0.2538511E+00 -0.1948051E-05
 -0.2441677E+00 -0.1887089E-05
 -0.2354454E+00 -0.1833710E-05
 -0.2236983E+00 -0.1760023E-05
 -0.2110175E+00 -0.1680466E-05
 -0.1992691E+00 -0.1608220E-05
 -0.1848801E+00 -0.1518399E-05
 -0.1697793E+00 -0.1423789E-05
 -0.1555268E+00 -0.1336096E-05
 -0.1391211E+00 -0.1233866E-05
 -0.1222280E+00 -0.1128442E-05
 -0.1060590E+00 -0.1028606E-05
 -0.8830655E-01 -0.9183659E-06
 -0.7028459E-01 -0.8060634E-06
 -0.5281319E-01 -0.6978901E-06
 -0.3438737E-01 -0.5837312E-06
 -0.1589768E-01 -0.4686360E-06
  0.2248041E-02 -0.3562131E-06
  0.2067655E-01 -0.2421212E-06
  0.3898851E-01 -0.1282301E-06
  0.5715966E-01 -0.1533566E-07
  0.7495018E-01  0.9471614E-07
  0.9241088E-01  0.2034533E-06
  0.1099254E+00  0.3125384E-06
  0.1264423E+00  0.4146492E-06
  0.1424682E+00  0.5144465E-06
  0.1587527E+00  0.6164055E-06
  0.1733880E+00  0.7068395E-06
  0.1873757E+00  0.7942276E-06
  0.2018284E+00  0.8852180E-06
  0.2140492E+00  0.9606968E-06
  0.2253942E+00  0.1031690E-05
  0.2373368E+00  0.1107228E-05
  0.2465664E+00  0.1164182E-05
  0.2547368E+00  0.1215428E-05
  0.2636208E+00  0.1272005E-05
  0.2693818E+00  0.1307051E-05
  0.2739626E+00  0.1335683E-05
  0.2793948E+00  0.1370812E-05
  0.2818258E+00  0.1385353E-05
  0.2839677E+00  0.1399662E-05
  0.2815574E+00  0.1380452E-05
  0.2733686E+00  0.1321986E-05
  0.2692941E+00  0.1294848E-05
  0.2653712E+00  0.1270070E-05
  0.2604443E+00  0.1239086E-05
  0.2545000E+00  0.1201955E-05
  0.2475794E+00  0.1159035E-05
  0.2396497E+00  0.1109894E-05
  0.2306602E+00  0.1054196E-05
  0.2206019E+00  0.9918654E-06
  0.2095315E+00  0.9232686E-06
  0.1975349E+00  0.8488062E-06
  0.1847015E+00  0.7692134E-06
  0.1710925E+00  0.6848732E-06
  0.1566871E+00  0.5955421E-06
  0.1416273E+00  0.5022299E-06
  0.1260255E+00  0.4057636E-06
  0.1097708E+00  0.3050430E-06
  0.9240432E-01  0.1971329E-06
  0.7498156E-01  0.9064462E-07
  0.6026859E-01  0.3037613E-08
  0.4339358E-01 -0.1012232E-06
  0.2570831E-01 -0.2120698E-06
  0.8206107E-02 -0.3227538E-06
  0.1537024E-01 -0.2018084E-06
  0.1739953E-01 -0.1749217E-06
  0.1917136E-01 -0.1609081E-06
  0.2149043E-01 -0.1448211E-06
  0.2489170E-01 -0.1201951E-06
  0.2945130E-01 -0.8806121E-07
  0.3761723E-01 -0.3091459E-07
  0.9650794E-01  0.3787526E-06
  0.1219661E+00  0.5608763E-06
  0.2033280E+00  0.1123294E-05
  0.6185534E+00  0.3999609E-05
  0.7549621E+00  0.4863738E-05
  0.1479421E+01  0.9968183E-05
  0.1819986E+01  0.1232950E-04
  0.2075528E+01  0.1410097E-04
  0.2234413E+01  0.1520185E-04
  0.2289304E+01  0.1558146E-04
  0.2236433E+01  0.1521387E-04
  0.2081996E+01  0.1414177E-04
  0.1840690E+01  0.1246767E-04
  0.1521556E+01  0.1025410E-04
  0.1135566E+01  0.7577059E-05
  0.7007293E+00  0.4561537E-05
  0.2368822E+00  0.1345189E-05
 -0.2369141E+00 -0.1939858E-05
 -0.7010286E+00 -0.5157756E-05
 -0.1136003E+01 -0.8173446E-05
 -0.1523496E+01 -0.1085965E-04
 -0.1846127E+01 -0.1309616E-04
 -0.2088760E+01 -0.1477780E-04
 -0.2238253E+01 -0.1581348E-04
 -0.2284890E+01 -0.1613557E-04
 -0.2229314E+01 -0.1574890E-04
 -0.2080906E+01 -0.1471876E-04
 -0.1842815E+01 -0.1306695E-04
 -0.1521661E+01 -0.1083920E-04
 -0.1132549E+01 -0.8139961E-05
 -0.6912451E+00 -0.5079195E-05
  0.5466775E+00  0.3458370E-05
  0.4591794E+00  0.2842195E-05
 -0.2693132E+00 -0.2143736E-05
 -0.2497102E+00 -0.2009752E-05
 -0.2398517E+00 -0.1940459E-05
 -0.6920741E-01 -0.7606646E-06
  0.7735866E+00  0.5037463E-05
 -0.9301323E-01 -0.9265378E-06
 -0.5668138E-01 -0.6837629E-06
 -0.1288388E+00 -0.1166012E-05
 -0.1625617E+00 -0.1391379E-05
 -0.1952386E+00 -0.1609893E-05
 -0.2285494E+00 -0.1832837E-05
 -0.2607511E+00 -0.2048385E-05
 -0.2913851E+00 -0.2253454E-05
 -0.3204531E+00 -0.2448100E-05
 -0.3479849E+00 -0.2632406E-05
 -0.3739718E+00 -0.2806409E-05
 -0.3982013E+00 -0.2968599E-05
 -0.4207183E+00 -0.3119317E-05
 -0.4414831E+00 -0.3258445E-05
 -0.4602392E+00 -0.3383994E-05
 -0.4770643E+00 -0.3496771E-05
 -0.4919006E+00 -0.3596030E-05
 -0.5044644E+00 -0.3680352E-05
 -0.5148830E+00 -0.3750219E-05
 -0.5232076E+00 -0.3806040E-05
 -0.5290194E+00 -0.3845045E-05
 -0.5324838E+00 -0.3868354E-05
 -0.5337258E+00 -0.3876765E-05
 -0.5324047E+00 -0.3867905E-05
 -0.5287416E+00 -0.3843409E-05
 -0.5228955E+00 -0.3804328E-05
 -0.5145539E+00 -0.3748552E-05
 -0.5039588E+00 -0.3677680E-05
 -0.4912702E+00 -0.3592818E-05
 -0.4762462E+00 -0.3492131E-05
 -0.4591589E+00 -0.3377828E-05
 -0.4401691E+00 -0.3250807E-05
 -0.4191131E+00 -0.3109892E-05
 -0.3962349E+00 -0.2956776E-05
 -0.3717363E+00 -0.2792887E-05
 -0.3455082E+00 -0.2617460E-05
 -0.3178026E+00 -0.2431887E-05
 -0.2888151E+00 -0.2237985E-05
 -0.2584950E+00 -0.2035004E-05
 -0.2271000E+00 -0.1825142E-05
 -0.1947974E+00 -0.1608929E-05
 -0.1616249E+00 -0.1387047E-05
 -0.1277950E+00 -0.1160663E-05
 -0.9345922E-01 -0.9310756E-06
 -0.5869765E-01 -0.6985180E-06
 -0.2369460E-01 -0.4644260E-06
  0.1138555E-01 -0.2296631E-06
  0.4639401E-01  0.4544376E-08
  0.8117641E-01  0.2371686E-06
  0.1156132E+00  0.4677802E-06
  0.1495216E+00  0.6945630E-06
  0.1826928E+00  0.9164700E-06
  0.2150685E+00  0.1133152E-05
  0.2465896E+00  0.1344095E-05
  0.2770726E+00  0.1548103E-05
  0.3064199E+00  0.1744606E-05
  0.3344567E+00  0.1932270E-05
  0.3611172E+00  0.2110811E-05
  0.3863006E+00  0.2279699E-05
  0.4097338E+00  0.2436661E-05
  0.4313955E+00  0.2581769E-05
  0.4512585E+00  0.2714897E-05
  0.4690930E+00  0.2834404E-05
  0.4849004E+00  0.2940377E-05
  0.4986651E+00  0.3032723E-05
  0.5100999E+00  0.3109380E-05
  0.5193456E+00  0.3171366E-05
  0.5264113E+00  0.3218765E-05
  0.5309528E+00  0.3249171E-05
  0.5329229E+00  0.3262123E-05
  0.5319640E+00  0.3255163E-05
  0.5283890E+00  0.3230540E-05
  0.5228484E+00  0.3192956E-05
  0.5152870E+00  0.3142245E-05
  0.5056451E+00  0.3077452E-05
  0.4940300E+00  0.2999764E-05
  0.4804778E+00  0.2909221E-05
  0.4648455E+00  0.2804739E-05
  0.4471052E+00  0.2686098E-05
  0.4272713E+00  0.2553491E-05
  0.4054915E+00  0.2407833E-05
  0.3819335E+00  0.2250141E-05
  0.3567124E+00  0.2081362E-05
  0.3298607E+00  0.1901671E-05
  0.3014908E+00  0.1711834E-05
  0.2719226E+00  0.1513854E-05
  0.2413388E+00  0.1309389E-05
  0.2097517E+00  0.1098223E-05
  0.1773347E+00  0.8816357E-06
  0.1445667E+00  0.6627733E-06
  0.1117334E+00  0.4434953E-06
  0.7899766E-01  0.2245497E-06
  0.4668665E-01  0.8048588E-08
  0.5312227E-01  0.6625400E-07
  0.3674850E+00  0.2261007E-05
  0.5865118E-01  0.1070256E-06
  0.6592880E-01  0.1576756E-06
  0.7561148E-01  0.2250772E-06
  0.8911768E-01  0.3191962E-06
  0.1142714E+00  0.4937409E-06
  0.1252376E+01  0.8377862E-05
  0.3198968E+00  0.1922602E-05
  0.1417291E+01  0.9518802E-05
  0.7004297E+00  0.4532930E-05
  0.1043381E+01  0.6931460E-05
  0.1524200E+01  0.1025821E-04
  0.1558889E+01  0.1049780E-04
  0.1520316E+01  0.1023018E-04
  0.1416461E+01  0.9510540E-05
  0.1254965E+01  0.8392428E-05
  0.1038652E+01  0.6895644E-05
  0.7763520E+00  0.5080526E-05
  0.4799282E+00  0.3029586E-05
  0.1633524E+00  0.8393419E-06
 -0.1619493E+00 -0.1411134E-05
 -0.4806232E+00 -0.3615571E-05
 -0.7776577E+00 -0.5670164E-05
 -0.1041318E+01 -0.7493808E-05
 -0.1260347E+01 -0.9008789E-05
 -0.1424492E+01 -0.1014395E-04
 -0.1523714E+01 -0.1082961E-04
 -0.1552817E+01 -0.1102980E-04
 -0.1516756E+01 -0.1077944E-04
 -0.1421045E+01 -0.1011694E-04
 -0.1258944E+01 -0.8994774E-05
 -0.1043348E+01 -0.7502365E-05
 -0.7859261E+00 -0.5720794E-05
 -0.4868449E+00 -0.3652609E-05
 -0.1146561E+00 -0.1065001E-05
 -0.2364379E+00 -0.1914024E-05
  0.2872036E+00  0.1686296E-05
 -0.7441229E-01 -0.8116011E-06
 -0.1097876E+00 -0.1040726E-05
 -0.3854127E+00 -0.2943294E-05
 -0.1121306E+00 -0.1050708E-05
 -0.4242278E+00 -0.3212286E-05
 -0.2720195E+00 -0.2132214E-05
 -0.3108812E+00 -0.2395367E-05
 -0.3471622E+00 -0.2640790E-05
 -0.3816645E+00 -0.2874234E-05
 -0.4142225E+00 -0.3094617E-05
 -0.4445487E+00 -0.3299770E-05
 -0.4728283E+00 -0.3491116E-05
 -0.4990722E+00 -0.3668746E-05
 -0.5230450E+00 -0.3830917E-05
 -0.5448375E+00 -0.3978480E-05
 -0.5643649E+00 -0.4110679E-05
 -0.5812232E+00 -0.4224750E-05
 -0.5956094E+00 -0.4322174E-05
 -0.6076835E+00 -0.4403928E-05
 -0.6170680E+00 -0.4467634E-05
 -0.6235973E+00 -0.4511943E-05
 -0.6273496E+00 -0.4537552E-05
 -0.6282172E+00 -0.4543451E-05
 -0.6262327E+00 -0.4529901E-05
 -0.6216101E+00 -0.4498774E-05
 -0.6142407E+00 -0.4449023E-05
 -0.6041189E+00 -0.4380583E-05
 -0.5914022E+00 -0.4294590E-05
 -0.5760676E+00 -0.4190954E-05
 -0.5581362E+00 -0.4069660E-05
 -0.5378233E+00 -0.3932264E-05
 -0.5151032E+00 -0.3778685E-05
 -0.4900878E+00 -0.3609518E-05
 -0.4629914E+00 -0.3426284E-05
 -0.4338218E+00 -0.3229017E-05
 -0.4027316E+00 -0.3018873E-05
 -0.3699552E+00 -0.2797133E-05
 -0.3355332E+00 -0.2564423E-05
 -0.2996420E+00 -0.2321665E-05
 -0.2625372E+00 -0.2070726E-05
 -0.2242842E+00 -0.1812005E-05
 -0.1850930E+00 -0.1546992E-05
 -0.1451539E+00 -0.1277009E-05
 -0.1046136E+00 -0.1002831E-05
 -0.6345540E-01 -0.7245557E-06
 -0.2191101E-01 -0.4436403E-06
  0.1965246E-01 -0.1626155E-06
  0.6105834E-01  0.1172804E-06
  0.1021551E+00  0.3952710E-06
  0.1427590E+00  0.6698446E-06
  0.1826126E+00  0.9394112E-06
  0.2212463E+00  0.1200693E-05
  0.2587910E+00  0.1454463E-05
  0.2957233E+00  0.1704110E-05
  0.3314296E+00  0.1945668E-05
  0.3656783E+00  0.2177352E-05
  0.3986808E+00  0.2400714E-05
  0.4300005E+00  0.2612725E-05
  0.4593422E+00  0.2811289E-05
  0.4867256E+00  0.2996665E-05
  0.5119039E+00  0.3167070E-05
  0.5347845E+00  0.3321982E-05
  0.5555260E+00  0.3462493E-05
  0.5738297E+00  0.3586460E-05
  0.5894569E+00  0.3692120E-05
  0.6026330E+00  0.3781420E-05
  0.6133003E+00  0.3853699E-05
  0.6210979E+00  0.3906601E-05
  0.6258707E+00  0.3938873E-05
  0.6277217E+00  0.3951270E-05
  0.6266190E+00  0.3943539E-05
  0.6224898E+00  0.3915301E-05
  0.6156527E+00  0.3868842E-05
  0.6062366E+00  0.3804986E-05
  0.5945287E+00  0.3725748E-05
  0.5807991E+00  0.3633078E-05
  0.5649393E+00  0.3526121E-05
  0.5465078E+00  0.3401605E-05
  0.5253415E+00  0.3258756E-05
  0.5015449E+00  0.3097957E-05
  0.4754828E+00  0.2921706E-05
  0.4473925E+00  0.2731726E-05
  0.4172370E+00  0.2527996E-05
  0.3849722E+00  0.2309589E-05
  0.3509620E+00  0.2079501E-05
  0.3160447E+00  0.1843441E-05
  0.2801752E+00  0.1600820E-05
  0.2430216E+00  0.1349830E-05
  0.2050101E+00  0.1093112E-05
  0.1668761E+00  0.8353643E-06
  0.1286724E+00  0.5771491E-06
  0.9046333E-01  0.3186691E-06
  0.1163508E+01  0.7744026E-05
  0.8879527E+00  0.5842173E-05
  0.1139129E+00  0.4844857E-06
  0.1310265E+00  0.6037920E-06
 -0.3536080E+00 -0.2719088E-05
  0.1522381E+00  0.7521898E-06
  0.1981214E+00  0.1070385E-05
  0.5579042E+00  0.3571086E-05
  0.1249544E+01  0.8337886E-05
  0.1275086E+01  0.8513817E-05
  0.1004937E+00  0.3912213E-06
  0.1239757E+01  0.8268921E-05
  0.1156415E+01  0.7692174E-05
  0.1027901E+01  0.6804400E-05
  0.8527197E+00  0.5595161E-05
  0.6402804E+00  0.4128156E-05
  0.3984496E+00  0.2458174E-05
  0.1384621E+00  0.6630180E-06
 -0.1335485E+00 -0.1215257E-05
 -0.3994338E+00 -0.3050995E-05
 -0.6430970E+00 -0.4733007E-05
 -0.8573874E+00 -0.6212345E-05
 -0.1034442E+01 -0.7434517E-05
 -0.1166081E+01 -0.8342988E-05
 -0.1244045E+01 -0.8880556E-05
 -0.1266231E+01 -0.9032486E-05
 -0.1239214E+01 -0.8845337E-05
 -0.1169620E+01 -0.8365088E-05
 -0.1035099E+01 -0.7435427E-05
 -0.8634500E+00 -0.6249561E-05
 -0.6639212E+00 -0.4871519E-05
  0.1037551E+01  0.6875270E-05
 -0.1552561E+00 -0.1342619E-05
 -0.2309821E+00 -0.1853612E-05
 -0.1938788E+00 -0.1602630E-05
  0.8001612E+00  0.5247680E-05
 -0.3326660E+00 -0.2569882E-05
 -0.5980763E+00 -0.4412223E-05
 -0.2971815E+00 -0.2311730E-05
 -0.3434036E+00 -0.2625677E-05
 -0.4607266E+00 -0.3423665E-05
 -0.4942478E+00 -0.3651347E-05
 -0.5251900E+00 -0.3861664E-05
 -0.5541111E+00 -0.4058400E-05
 -0.5803585E+00 -0.4236766E-05
 -0.6042040E+00 -0.4398937E-05
 -0.6254864E+00 -0.4543808E-05
 -0.6435360E+00 -0.4666402E-05
 -0.6589943E+00 -0.4771569E-05
 -0.6725993E+00 -0.4864470E-05
 -0.6834008E+00 -0.4938351E-05
 -0.6903713E+00 -0.4985789E-05
 -0.6939731E+00 -0.5010353E-05
 -0.6944711E+00 -0.5013753E-05
 -0.6915345E+00 -0.4993678E-05
 -0.6859290E+00 -0.4955605E-05
 -0.6776819E+00 -0.4899585E-05
 -0.6661259E+00 -0.4820984E-05
 -0.6518426E+00 -0.4723983E-05
 -0.6348737E+00 -0.4608876E-05
 -0.6147591E+00 -0.4472138E-05
 -0.5921527E+00 -0.4318517E-05
 -0.5670673E+00 -0.4148193E-05
 -0.5391524E+00 -0.3958429E-05
 -0.5090977E+00 -0.3754101E-05
 -0.4768727E+00 -0.3535275E-05
 -0.4422811E+00 -0.3300075E-05
 -0.4059657E+00 -0.3053289E-05
 -0.3678961E+00 -0.2794691E-05
 -0.3280308E+00 -0.2523696E-05
 -0.2869785E+00 -0.2244676E-05
 -0.2446492E+00 -0.1957141E-05
 -0.2011591E+00 -0.1661378E-05
 -0.1571465E+00 -0.1362086E-05
 -0.1127716E+00 -0.1060722E-05
 -0.6667358E-01 -0.7477437E-06
 -0.1964223E-01 -0.4279623E-06
  0.2694534E-01 -0.1112254E-06
  0.7329967E-01  0.2037875E-06
  0.1192000E+00  0.5157113E-06
  0.1642253E+00  0.8217455E-06
  0.2081151E+00  0.1120023E-05
  0.2492716E+00  0.1399838E-05
  0.2891190E+00  0.1670536E-05
  0.3299848E+00  0.1947979E-05
  0.3693259E+00  0.2215621E-05
  0.4070465E+00  0.2471993E-05
  0.4442047E+00  0.2724604E-05
  0.4790716E+00  0.2961793E-05
  0.5114525E+00  0.3182129E-05
  0.5416952E+00  0.3387916E-05
  0.5690886E+00  0.3574179E-05
  0.5940903E+00  0.3744148E-05
  0.6171156E+00  0.3901041E-05
  0.6369752E+00  0.4036023E-05
  0.6538201E+00  0.4150544E-05
  0.6684732E+00  0.4250355E-05
  0.6802831E+00  0.4330815E-05
  0.6884093E+00  0.4386276E-05
  0.6925537E+00  0.4414358E-05
  0.6936218E+00  0.4421468E-05
  0.6918582E+00  0.4409259E-05
  0.6861712E+00  0.4370320E-05
  0.6776607E+00  0.4311820E-05
  0.6667002E+00  0.4237376E-05
  0.6534717E+00  0.4147346E-05
  0.6391441E+00  0.4050613E-05
  0.6228587E+00  0.3940252E-05
  0.6029792E+00  0.3805528E-05
  0.5791950E+00  0.3644225E-05
  0.5521790E+00  0.3460738E-05
  0.5230387E+00  0.3262727E-05
  0.4917653E+00  0.3050154E-05
  0.4577822E+00  0.2819123E-05
  0.4209416E+00  0.2568645E-05
  0.3825610E+00  0.2307799E-05
  0.3452362E+00  0.2054211E-05
  0.3071821E+00  0.1795601E-05
  0.2663646E+00  0.1518287E-05
  0.2246825E+00  0.1235112E-05
  0.1842933E+00  0.9610441E-06
  0.1432570E+00  0.6820116E-06
  0.1065792E+01  0.7047560E-05
  0.1105247E+01  0.7320436E-05
 -0.1821685E+00 -0.1528231E-05
  0.6998438E+00  0.4541553E-05
  0.1011785E+01  0.6678549E-05
 -0.4433552E+00 -0.3332503E-05
 -0.1744299E+00 -0.1476828E-05
  0.1902041E+00  0.1008560E-05
 -0.8221402E-01 -0.8604532E-06
  0.9953509E+00  0.6559798E-05
 -0.3845631E+00 -0.2905147E-05
  0.1084906E+01  0.7180754E-05
 -0.4534330E-01 -0.6063177E-06
 -0.2530033E+00 -0.2017557E-05
  0.7387541E+00  0.4793701E-05
  0.5597681E+00  0.3560764E-05
  0.3524170E+00  0.2132093E-05
  0.1268737E+00  0.5776423E-06
 -0.1174819E+00 -0.1106258E-05
 -0.3550826E+00 -0.2743156E-05
 -0.5655268E+00 -0.4192860E-05
 -0.7481328E+00 -0.5450769E-05
 -0.8982410E+00 -0.6484711E-05
 -0.1009256E+01 -0.7249085E-05
 -0.1074143E+01 -0.7695182E-05
 -0.1090965E+01 -0.7809469E-05
 -0.1065489E+01 -0.7632829E-05
 -0.1024913E+01 -0.7355738E-05
 -0.8990380E+00 -0.6486586E-05
 -0.7565392E+00 -0.5503983E-05
  0.9160718E+00  0.6022699E-05
  0.1655877E+00  0.8363987E-06
 -0.4238761E+00 -0.3172939E-05
  0.2108413E+00  0.1155509E-05
 -0.1753730E+00 -0.1489421E-05
  0.8885059E+00  0.5823612E-05
  0.2560751E+00  0.1467233E-05
 -0.4053447E+00 -0.3066645E-05
 -0.3163753E+00 -0.2450533E-05
  0.4995687E+00  0.3135933E-05
  0.3639590E+00  0.2205197E-05
 -0.2139169E+00 -0.1741914E-05
 -0.3692186E+00 -0.2809907E-05
  0.9524022E+00  0.6244974E-05
 -0.5006793E+00 -0.3707443E-05
 -0.5362645E+00 -0.3949435E-05
 -0.6288630E+00 -0.4580784E-05
 -0.6540094E+00 -0.4752193E-05
 -0.6773568E+00 -0.4911865E-05
 -0.6950881E+00 -0.5032170E-05
 -0.7110876E+00 -0.5141308E-05
 -0.7280493E+00 -0.5258250E-05
 -0.7419968E+00 -0.5354424E-05
 -0.7488998E+00 -0.5401342E-05
 -0.7516687E+00 -0.5419978E-05
 -0.7516867E+00 -0.5420128E-05
 -0.7466183E+00 -0.5384886E-05
 -0.7402065E+00 -0.5341072E-05
 -0.7318945E+00 -0.5284944E-05
 -0.7183414E+00 -0.5192081E-05
 -0.7030687E+00 -0.5087970E-05
 -0.6854486E+00 -0.4968406E-05
 -0.6627235E+00 -0.4813059E-05
 -0.6386580E+00 -0.4649100E-05
 -0.6121156E+00 -0.4468764E-05
 -0.5809926E+00 -0.4256067E-05
 -0.5490103E+00 -0.4038193E-05
 -0.5145738E+00 -0.3803814E-05
 -0.4762315E+00 -0.3541880E-05
 -0.4375918E+00 -0.3278584E-05
 -0.3965877E+00 -0.2999319E-05
 -0.3526210E+00 -0.2699146E-05
 -0.3088450E+00 -0.2400858E-05
 -0.2624521E+00 -0.2084883E-05
 -0.2141739E+00 -0.1755078E-05
 -0.1678213E+00 -0.1438061E-05
 -0.1227764E+00 -0.1131837E-05
 -0.7140131E-01 -0.7827415E-06
 -0.1708817E-01 -0.4117124E-06
  0.3420332E-01 -0.6188640E-07
  0.8614023E-01  0.2922155E-06
  0.1368156E+00  0.6380051E-06
  0.1853494E+00  0.9687441E-06
  0.2342310E+00  0.1301849E-05
  0.2728964E+00  0.1566836E-05
  0.3116849E+00  0.1830581E-05
  0.3570719E+00  0.2138745E-05
  0.3998442E+00  0.2431745E-05
  0.4399086E+00  0.2704382E-05
  0.4831947E+00  0.2999643E-05
  0.5213787E+00  0.3260794E-05
  0.5557589E+00  0.3495264E-05
  0.5890170E+00  0.3721982E-05
  0.6177520E+00  0.3918263E-05
  0.6442209E+00  0.4099004E-05
  0.6707433E+00  0.4280095E-05
  0.6919168E+00  0.4424998E-05
  0.7090845E+00  0.4541585E-05
  0.7259653E+00  0.4656680E-05
  0.7396724E+00  0.4750691E-05
  0.7473215E+00  0.4802912E-05
  0.7486128E+00  0.4811623E-05
  0.7484242E+00  0.4809877E-05
  0.7467085E+00  0.4797810E-05
  0.7379264E+00  0.4737835E-05
  0.7277833E+00  0.4667441E-05
  0.7158414E+00  0.4586829E-05
  0.7007770E+00  0.4483146E-05
  0.6878390E+00  0.4397135E-05
  0.6742473E+00  0.4304493E-05
  0.6531962E+00  0.4161284E-05
  0.6258965E+00  0.3975607E-05
  0.5946304E+00  0.3762709E-05
  0.5630203E+00  0.3547110E-05
  0.5291266E+00  0.3315641E-05
  0.4908977E+00  0.3054875E-05
  0.4480587E+00  0.2762416E-05
  0.4059876E+00  0.2476499E-05
  0.3697229E+00  0.2229558E-05
  0.3351430E+00  0.1992715E-05
  0.2880263E+00  0.1671519E-05
  0.2432118E+00  0.1366514E-05
 -0.4585899E+00 -0.3420101E-05
 -0.4135256E+00 -0.3111126E-05
 -0.2418195E+00 -0.1935441E-05
  0.1204619E+00  0.5278104E-06
  0.6625185E+00  0.4255872E-05
  0.8917494E+00  0.5830595E-05
  0.7687402E+00  0.4975856E-05
  0.2554804E+00  0.1455606E-05
 -0.4740309E+00 -0.3545868E-05
  0.9337567E+00  0.6116474E-05
 -0.5192188E+00 -0.3853112E-05
 -0.5467672E+00 -0.4053191E-05
  0.6502301E+00  0.4168802E-05
  0.4990473E+00  0.3131262E-05
 -0.1069121E+00 -0.1035686E-05
 -0.3266129E+00 -0.2545275E-05
 -0.5098685E+00 -0.3804083E-05
 -0.6672134E+00 -0.4885184E-05
 -0.7965546E+00 -0.5773611E-05
 -0.8928447E+00 -0.6434845E-05
 -0.9492999E+00 -0.6821479E-05
 -0.9606973E+00 -0.6897739E-05
 -0.2965119E+00 -0.2328331E-05
 -0.8871960E+00 -0.6396183E-05
 -0.7932628E+00 -0.5748301E-05
 -0.6730557E+00 -0.4920395E-05
  0.7944673E+00  0.5160130E-05
 -0.5689188E+00 -0.4171834E-05
  0.3183828E+00  0.1889384E-05
 -0.6010351E+00 -0.4391340E-05
 -0.4316105E+00 -0.3270080E-05
 -0.4854336E+00 -0.3613270E-05
  0.2046852E+00  0.1104979E-05
  0.2748384E+00  0.1595354E-05
 -0.5400102E+00 -0.3986540E-05
 -0.9366874E-01 -0.9522605E-06
 -0.8287311E-01 -0.8551056E-06
  0.8446858E+00  0.5482665E-05
  0.4298590E+00  0.2641873E-05
 -0.7241938E+00 -0.5244139E-05
 -0.5736309E+00 -0.4213051E-05
 -0.6711850E+00 -0.4879528E-05
 -0.6959626E+00 -0.5048821E-05
 -0.7522500E+00 -0.5432452E-05
 -0.7773765E+00 -0.5608160E-05
 -0.8029286E+00 -0.5786218E-05
 -0.8073371E+00 -0.5814754E-05
 -0.8045235E+00 -0.5794217E-05
 -0.8062173E+00 -0.5806919E-05
 -0.7937897E+00 -0.5718632E-05
 -0.7871734E+00 -0.5673527E-05
 -0.7824485E+00 -0.5643826E-05
 -0.7632408E+00 -0.5509857E-05
 -0.7481551E+00 -0.5406985E-05
 -0.7331179E+00 -0.5307126E-05
 -0.7040373E+00 -0.5105607E-05
 -0.6802345E+00 -0.4943205E-05
 -0.6549314E+00 -0.4773075E-05
 -0.6169720E+00 -0.4510949E-05
 -0.5853366E+00 -0.4294888E-05
 -0.5507138E+00 -0.4060952E-05
 -0.5053426E+00 -0.3748069E-05
 -0.4670361E+00 -0.3486735E-05
 -0.4244018E+00 -0.3197684E-05
 -0.3733861E+00 -0.2846307E-05
 -0.3297471E+00 -0.2548474E-05
 -0.2774672E+00 -0.2193754E-05
 -0.2185158E+00 -0.1788120E-05
 -0.1477030E+00 -0.1305457E-05
 -0.1381117E-01 -0.3883273E-06
  0.3890168E-01 -0.2847950E-07
  0.9965923E-01  0.3847948E-06
  0.1552448E+00  0.7676494E-06
  0.2043751E+00  0.1102490E-05
  0.2753024E+00  0.1582569E-05
  0.3735948E+00  0.2251388E-05
  0.4583347E+00  0.2834828E-05
  0.5195208E+00  0.3254805E-05
  0.5591027E+00  0.3528565E-05
  0.5927010E+00  0.3757635E-05
  0.6319311E+00  0.4024428E-05
  0.6591427E+00  0.4212088E-05
  0.6851273E+00  0.4390881E-05
  0.7232674E+00  0.4650054E-05
  0.7457203E+00  0.4806797E-05
  0.7572824E+00  0.4883580E-05
  0.7788823E+00  0.5030016E-05
  0.7965893E+00  0.5152809E-05
  0.8038781E+00  0.5201891E-05
  0.7954569E+00  0.5145037E-05
  0.7936789E+00  0.5131618E-05
  0.7955080E+00  0.5140952E-05
 -0.1611143E+00 -0.1393123E-05
  0.7364486E+00  0.4739240E-05
  0.7281864E+00  0.4683857E-05
  0.7021654E+00  0.4506329E-05
  0.6678964E+00  0.4273854E-05
  0.6302242E+00  0.4017409E-05
  0.5982237E+00  0.3798013E-05
  0.5628930E+00  0.3554809E-05
  0.5189403E+00  0.3255276E-05
  0.4621501E+00  0.2863945E-05
  0.9333092E+00  0.6121571E-05
 -0.6059095E+00 -0.4433412E-05
  0.1094455E+00  0.4425920E-06
  0.5910221E+00  0.3743171E-05
  0.7777651E+00  0.5020722E-05
  0.6706481E+00  0.4291266E-05
 -0.6030359E+00 -0.4431383E-05
  0.2907633E+00  0.1688116E-05
 -0.2920219E+00 -0.2306821E-05
  0.3503298E+00  0.2117257E-05
 -0.6449981E+00 -0.4703235E-05
 -0.4507285E+00 -0.3391877E-05
 -0.5852585E+00 -0.4312560E-05
 -0.6963602E+00 -0.5072799E-05
 -0.7795030E+00 -0.5641494E-05
 -0.8318582E+00 -0.5999033E-05
 -0.8618115E+00 -0.6203074E-05
  0.1340811E+00  0.6378663E-06
 -0.7678126E+00 -0.5559813E-05
 -0.6912916E+00 -0.5036178E-05
  0.6948011E-01  0.1874636E-06
  0.8450124E+00  0.5489406E-05
 -0.7372159E+00 -0.5329634E-05
  0.9598635E+00  0.6292462E-05
  0.8629259E+00  0.5613419E-05
  0.7758995E+00  0.5002408E-05
  0.8563378E+00  0.5568926E-05
  0.5711056E+00  0.3608858E-05
  0.7003344E+00  0.4492232E-05
 -0.1956786E+00 -0.1635426E-05
  0.4953934E+00  0.3112339E-05
  0.5112321E+00  0.3236993E-05
  0.3860484E+00  0.2347201E-05
  0.2414141E+00  0.1353410E-05
  0.2432499E+00  0.1368727E-05
  0.6610391E+00  0.4297314E-05
  0.1079610E+01  0.7195874E-05
 -0.8762681E+00 -0.6305710E-05
 -0.9371608E+00 -0.6734364E-05
 -0.4375558E+00 -0.3279841E-05
  0.7853126E+00  0.5091049E-05
  0.3061058E+00  0.1798336E-05
  0.8710248E+00  0.5678088E-05
  0.8362177E+00  0.5431773E-05
  0.4233406E+00  0.2601459E-05
  0.7789151E+00  0.5031896E-05
  0.1403148E-01 -0.1982248E-06
  0.7832924E+00  0.5058524E-05
  0.3315754E+00  0.1973137E-05
  0.7088116E+00  0.4559802E-05
 -0.7734807E+00 -0.5584953E-05
  0.1988758E+00  0.1067976E-05
 -0.7239513E+00 -0.5249646E-05
 -0.3721072E+00 -0.2843023E-05
  0.6110268E+00  0.3889842E-05
 -0.6259544E+00 -0.4579129E-05
  0.6480805E+00  0.4147700E-05
 -0.5151771E+00 -0.3822707E-05
 -0.6368177E+00 -0.4655412E-05
 -0.7329799E+00 -0.5313347E-05
 -0.7999278E+00 -0.5771455E-05
 -0.8362061E+00 -0.6019816E-05
 -0.8548040E+00 -0.6152057E-05
  0.7971177E+00  0.5163819E-05
  0.4073975E+00  0.2489682E-05
  0.3123181E+00  0.1837630E-05
  0.8259160E+00  0.5367465E-05
 -0.8099581E+00 -0.5839281E-05
  0.7486194E+00  0.4842914E-05
  0.4830186E+00  0.3016978E-05
  0.3132738E+00  0.2121737E-05
  0.2629893E+00  0.1837229E-05
  0.2471899E+00  0.1743965E-05
  0.2394489E+00  0.1694086E-05
  0.2347541E+00  0.1660417E-05
  0.2313736E+00  0.1633780E-05
  0.2287031E+00  0.1611245E-05
  0.2264041E+00  0.1591011E-05
  0.2243266E+00  0.1572325E-05
  0.2223868E+00  0.1554753E-05
  0.2205077E+00  0.1537821E-05
  0.2186506E+00  0.1521279E-05
  0.2167851E+00  0.1504891E-05
  0.2149096E+00  0.1488642E-05
  0.2130423E+00  0.1472634E-05
  0.2112448E+00  0.1457270E-05
  0.2097024E+00  0.1443811E-05
  0.2087920E+00  0.1434800E-05
  0.2093605E+00  0.1436013E-05
  0.2134247E+00  0.1461196E-05
  0.6309057E+00  0.4300123E-05
  0.1020800E+01  0.6951248E-05
  0.1366096E+01  0.9298895E-05
  0.1651680E+01  0.1124032E-04
  0.1865089E+01  0.1269081E-04
  0.1996956E+01  0.1358669E-04
  0.2041516E+01  0.1388875E-04
  0.1996868E+01  0.1358417E-04
  0.1864974E+01  0.1268631E-04
  0.1651578E+01  0.1123427E-04
  0.1366003E+01  0.9291482E-05
  0.1020708E+01  0.6942714E-05
  0.6308131E+00  0.4290820E-05
  0.2133467E+00  0.1451615E-05
 -0.2134462E+00 -0.1450832E-05
 -0.6309094E+00 -0.4289626E-05
 -0.1020800E+01 -0.6940713E-05
 -0.1366078E+01 -0.9288238E-05
 -0.1651648E+01 -0.1122958E-04
 -0.1865039E+01 -0.1267993E-04
 -0.1996916E+01 -0.1357588E-04
 -0.2041521E+01 -0.1387825E-04
 -0.1996898E+01 -0.1357387E-04
 -0.1865005E+01 -0.1267600E-04
 -0.1651601E+01 -0.1122390E-04
 -0.1366018E+01 -0.9281075E-05
 -0.1020733E+01 -0.6932383E-05
 -0.6308418E+00 -0.4280503E-05
 -0.2133767E+00 -0.1441308E-05
 -0.2093015E+00 -0.1415617E-05
 -0.2087278E+00 -0.1413443E-05
 -0.2096298E+00 -0.1421115E-05
 -0.2111604E+00 -0.1432925E-05
 -0.2129400E+00 -0.1446286E-05
 -0.2147946E+00 -0.1460006E-05
 -0.2166540E+00 -0.1473602E-05
 -0.2184967E+00 -0.1486887E-05
 -0.2203442E+00 -0.1499990E-05
 -0.2222220E+00 -0.1513085E-05
 -0.2241615E+00 -0.1526388E-05
 -0.2262244E+00 -0.1540358E-05
 -0.2284982E+00 -0.1555736E-05
 -0.2311415E+00 -0.1573887E-05
 -0.2344474E+00 -0.1597383E-05
 -0.2390577E+00 -0.1631930E-05
 -0.2466632E+00 -0.1692047E-05
 -0.2622421E+00 -0.1819802E-05
 -0.3125446E+00 -0.2235899E-05
 -0.9239303E+00 -0.6493383E-05
 -0.1495571E+01 -0.1047442E-04
 -0.2002360E+01 -0.1400410E-04
 -0.2421535E+01 -0.1692390E-04
 -0.2734436E+01 -0.1910391E-04
 -0.2927569E+01 -0.2045007E-04
 -0.2992860E+01 -0.2090611E-04
 -0.2927529E+01 -0.2045262E-04
 -0.2734330E+01 -0.1910873E-04
 -0.2421535E+01 -0.1693198E-04
 -0.2002858E+01 -0.1401775E-04
 -0.1496572E+01 -0.1049332E-04
 -0.9249288E+00 -0.6513515E-05
 -0.3129160E+00 -0.2252340E-05
  0.3127812E+00  0.2104436E-05
  0.9248715E+00  0.6366776E-05
  0.1496567E+01  0.1034811E-04
  0.2002828E+01  0.1387414E-04
  0.2421481E+01  0.1679033E-04
  0.2734382E+01  0.1897035E-04
  0.2928070E+01  0.2032045E-04
  0.2993936E+01  0.2078051E-04
  0.2928798E+01  0.2032839E-04
  0.2735319E+01  0.1898259E-04
  0.2421803E+01  0.1680084E-04
  0.2001552E+01  0.1387570E-04
  0.1492788E+01  0.1033409E-04
  0.9224808E+00  0.6363494E-05
  0.7075246E+00  0.4947345E-05
  0.6936833E+00  0.4846678E-05
  0.6838208E+00  0.4771414E-05
  0.6759629E+00  0.4709149E-05
  0.6691966E+00  0.4654115E-05
  0.6630775E+00  0.4603556E-05
  0.6573422E+00  0.4555779E-05
  0.6517892E+00  0.4509488E-05
  0.6463004E+00  0.4463884E-05
  0.6408662E+00  0.4418862E-05
  0.6354687E+00  0.4374319E-05
  0.6299998E+00  0.4329515E-05
  0.6246399E+00  0.4285627E-05
  0.6200001E+00  0.4246822E-05
  0.6172537E+00  0.4221048E-05
  0.6188899E+00  0.4225237E-05
  0.1001361E+01  0.6829974E-05
  0.1340095E+01  0.9136647E-05
  0.1620393E+01  0.1104518E-04
  0.1829812E+01  0.1247081E-04
  0.1959108E+01  0.1335056E-04
  0.2002439E+01  0.1364470E-04
  0.1958500E+01  0.1334446E-04
  0.1829144E+01  0.1246250E-04
  0.1619899E+01  0.1103650E-04
  0.1339827E+01  0.9128157E-05
  0.1001162E+01  0.6820876E-05
  0.6187100E+00  0.4215501E-05
  0.2092201E+00  0.1426162E-05
 -0.2094196E+00 -0.1425314E-05
 -0.6189055E+00 -0.4214245E-05
 -0.1001345E+01 -0.6818768E-05
 -0.1340019E+01 -0.9125026E-05
 -0.1620131E+01 -0.1103225E-04
 -0.1829434E+01 -0.1245705E-04
 -0.1958784E+01 -0.1333720E-04
 -0.2002524E+01 -0.1363420E-04
 -0.1958743E+01 -0.1333507E-04
 -0.1829363E+01 -0.1245293E-04
 -0.1620032E+01 -0.1102633E-04
 -0.1339900E+01 -0.9117591E-05
 -0.1001218E+01 -0.6810162E-05
 -0.6187779E+00 -0.4204858E-05
 -0.6170813E+00 -0.4199338E-05
 -0.6197449E+00 -0.4223272E-05
 -0.6242714E+00 -0.4259733E-05
 -0.6295420E+00 -0.4301133E-05
 -0.6350448E+00 -0.4343990E-05
 -0.6405612E+00 -0.4386792E-05
 -0.6460413E+00 -0.4429172E-05
 -0.6515164E+00 -0.4471329E-05
 -0.6570663E+00 -0.4513784E-05
 -0.6628100E+00 -0.4557344E-05
 -0.6689221E+00 -0.4603251E-05
 -0.6756691E+00 -0.4653456E-05
 -0.6835126E+00 -0.4711422E-05
 -0.6933266E+00 -0.4783735E-05
 -0.7070757E+00 -0.4885243E-05
 -0.7296540E+00 -0.5052698E-05
 -0.7757636E+00 -0.5395504E-05
 -0.1255454E+01 -0.8735878E-05
 -0.1680361E+01 -0.1169501E-04
 -0.2031873E+01 -0.1414335E-04
 -0.2294443E+01 -0.1597254E-04
 -0.2456621E+01 -0.1710288E-04
 -0.2511419E+01 -0.1748559E-04
 -0.2456548E+01 -0.1710479E-04
 -0.2294370E+01 -0.1597673E-04
 -0.2031956E+01 -0.1415071E-04
 -0.1680673E+01 -0.1170580E-04
 -0.1255908E+01 -0.8749056E-05
 -0.7762341E+00 -0.5409824E-05
 -0.2626216E+00 -0.1834025E-05
  0.2624476E+00  0.1821798E-05
  0.7760824E+00  0.5398251E-05
  0.1255806E+01  0.8738839E-05
  0.1680625E+01  0.1169738E-04
  0.2032013E+01  0.1414486E-04
  0.2294619E+01  0.1597434E-04
  0.2456988E+01  0.1710603E-04
  0.2512090E+01  0.1749089E-04
  0.2457428E+01  0.1711153E-04
  0.2295317E+01  0.1598394E-04
  0.2032732E+01  0.1415677E-04
  0.1681200E+01  0.1171016E-04
  0.1256102E+01  0.8751126E-05
  0.7765104E+00  0.5412438E-05
  0.7302113E+00  0.5104330E-05
  0.1122342E+01  0.7822525E-05
  0.1082721E+01  0.7514549E-05
  0.1072831E+01  0.7434249E-05
  0.1063521E+01  0.7358074E-05
  0.1054530E+01  0.7284317E-05
  0.1045728E+01  0.7212036E-05
  0.1037305E+01  0.7142670E-05
  0.1028846E+01  0.7073321E-05
  0.1020175E+01  0.7002715E-05
  0.1011399E+01  0.6931598E-05
  0.1003541E+01  0.6866890E-05
  0.9988073E+00  0.6823585E-05
  0.1336931E+01  0.9129734E-05
  0.1825794E+01  0.1246316E-04
  0.1617050E+01  0.1104000E-04
  0.1954424E+01  0.1333969E-04
  0.1996791E+01  0.1362764E-04
  0.1952536E+01  0.1332475E-04
  0.1823507E+01  0.1244368E-04
  0.1615113E+01  0.1102129E-04
  0.1335979E+01  0.9116449E-05
  0.9983302E+00  0.6812549E-05
  0.6169686E+00  0.4210605E-05
  0.2086071E+00  0.1424644E-05
 -0.2088894E+00 -0.1423430E-05
 -0.6172522E+00 -0.4209007E-05
 -0.9986440E+00 -0.6810397E-05
 -0.1336387E+01 -0.9113873E-05
 -0.1615726E+01 -0.1101876E-04
 -0.1824448E+01 -0.1244182E-04
 -0.1953435E+01 -0.1332086E-04
 -0.1997050E+01 -0.1361746E-04
 -0.1953384E+01 -0.1331867E-04
 -0.1824356E+01 -0.1243754E-04
 -0.1615598E+01 -0.1101265E-04
 -0.1336235E+01 -0.9106207E-05
 -0.9984753E+00 -0.6801519E-05
 -0.1002785E+01 -0.6840630E-05
 -0.1018646E+01 -0.6967745E-05
 -0.1010110E+01 -0.6900136E-05
 -0.1027550E+01 -0.7037769E-05
 -0.1036494E+01 -0.7107909E-05
 -0.1045369E+01 -0.7177496E-05
 -0.1054234E+01 -0.7246782E-05
 -0.1063215E+01 -0.7316665E-05
 -0.1072509E+01 -0.7388472E-05
 -0.1082402E+01 -0.7464213E-05
 -0.1093329E+01 -0.7546946E-05
 -0.1106048E+01 -0.7642243E-05
 -0.1121909E+01 -0.7759949E-05
 -0.1144166E+01 -0.7923837E-05
 -0.1180775E+01 -0.8191808E-05
 -0.1580305E+01 -0.1097219E-04
 -0.2157702E+01 -0.1499123E-04
 -0.1910770E+01 -0.1327222E-04
 -0.2310292E+01 -0.1605392E-04
 -0.2361892E+01 -0.1641402E-04
 -0.2310313E+01 -0.1605632E-04
 -0.2157771E+01 -0.1499607E-04
 -0.1910958E+01 -0.1327988E-04
 -0.1580573E+01 -0.1098208E-04
 -0.1181116E+01 -0.8203582E-05
 -0.7300339E+00 -0.5065668E-05
 -0.2470301E+00 -0.1705455E-05
  0.2467639E+00  0.1730073E-05
  0.7297902E+00  0.5090938E-05
  0.1180917E+01  0.8230099E-05
  0.1580456E+01  0.1101054E-04
  0.1910941E+01  0.1331072E-04
  0.2157909E+01  0.1502997E-04
  0.2310612E+01  0.1609353E-04
  0.2362367E+01  0.1645474E-04
  0.2310893E+01  0.1609773E-04
  0.2158377E+01  0.1503771E-04
  0.1911466E+01  0.1332085E-04
  0.1580974E+01  0.1102232E-04
  0.1181379E+01  0.8242831E-05
  0.1106379E+01  0.7701541E-05
  0.1093662E+01  0.7602075E-05
  0.1144650E+01  0.7985262E-05
  0.1423037E+01  0.9838210E-05
  0.1435561E+01  0.9939839E-05
  0.1399446E+01  0.9645590E-05
  0.1388356E+01  0.9554546E-05
  0.1377450E+01  0.9464940E-05
  0.1366341E+01  0.9374210E-05
  0.1354793E+01  0.9280686E-05
  0.1343867E+01  0.9191593E-05
  0.2005494E+01  0.1370836E-04
  0.1959963E+01  0.1339608E-04
  0.1834824E+01  0.1254427E-04
  0.1963539E+01  0.1342272E-04
  0.1625545E+01  0.1111529E-04
  0.1830621E+01  0.1251160E-04
  0.1621520E+01  0.1108227E-04
  0.1341468E+01  0.9168269E-05
  0.1002510E+01  0.6851966E-05
  0.6195643E+00  0.4235281E-05
  0.2094649E+00  0.1433233E-05
 -0.2098239E+00 -0.1431385E-05
 -0.6199437E+00 -0.4233168E-05
 -0.1002975E+01 -0.6849709E-05
 -0.1342171E+01 -0.9166574E-05
 -0.1622708E+01 -0.1108253E-04
 -0.1832324E+01 -0.1251382E-04
 -0.1961860E+01 -0.1339794E-04
 -0.2005657E+01 -0.1369622E-04
 -0.1961811E+01 -0.1339573E-04
 -0.1832231E+01 -0.1250953E-04
 -0.1622575E+01 -0.1107633E-04
 -0.1342009E+01 -0.9158784E-05
 -0.1387116E+01 -0.9517903E-05
 -0.1399014E+01 -0.9611605E-05
 -0.1363231E+01 -0.9329464E-05
 -0.1375150E+01 -0.9423604E-05
 -0.1351813E+01 -0.9238694E-05
 -0.1410882E+01 -0.9704936E-05
 -0.1422908E+01 -0.9799152E-05
 -0.1435344E+01 -0.9895980E-05
 -0.1448576E+01 -0.9998057E-05
 -0.1463193E+01 -0.1010957E-04
 -0.1480223E+01 -0.1023787E-04
 -0.1501387E+01 -0.1039536E-04
 -0.1531273E+01 -0.1061511E-04
 -0.2288557E+01 -0.1588267E-04
 -0.2238569E+01 -0.1553633E-04
 -0.2090709E+01 -0.1450538E-04
 -0.2238552E+01 -0.1553404E-04
 -0.1851463E+01 -0.1284150E-04
 -0.2090785E+01 -0.1451015E-04
 -0.1851622E+01 -0.1284877E-04
 -0.1531523E+01 -0.1062465E-04
 -0.1144470E+01 -0.7934998E-05
 -0.7073984E+00 -0.4897481E-05
 -0.2393978E+00 -0.1644762E-05
  0.2390688E+00  0.1680933E-05
  0.7070876E+00  0.4934244E-05
  0.1144212E+01  0.7973034E-05
  0.1531333E+01  0.1066445E-04
  0.1851540E+01  0.1289099E-04
  0.2090857E+01  0.1455537E-04
  0.2238826E+01  0.1558490E-04
  0.2288948E+01  0.1593441E-04
  0.2239020E+01  0.1558848E-04
  0.2091230E+01  0.1456230E-04
  0.1852012E+01  0.1290048E-04
  0.1531807E+01  0.1067567E-04
  0.1480557E+01  0.1029596E-04
  0.1463525E+01  0.1016344E-04
  0.1411023E+01  0.9740266E-05
  0.1501963E+01  0.1045768E-04
  0.1448850E+01  0.1004691E-04
  0.1691011E+01  0.1165139E-04
  0.1677354E+01  0.1153987E-04
  0.1638254E+01  0.1121947E-04
  0.1843850E+01  0.1262135E-04
  0.1633179E+01  0.1117911E-04
  0.1974334E+01  0.1351517E-04
  0.2020208E+01  0.1383002E-04
  0.1848212E+01  0.1265515E-04
  0.1977728E+01  0.1354039E-04
 -0.1735415E+01 -0.1197000E-04
  0.1009787E+01  0.6912622E-05
  0.6240415E+00  0.4272875E-05
  0.2109636E+00  0.1446315E-05
 -0.2113775E+00 -0.1443435E-05
 -0.6244846E+00 -0.4269793E-05
 -0.1010304E+01 -0.6909281E-05
 -0.1351968E+01 -0.9246464E-05
 -0.1634543E+01 -0.1117918E-04
 -0.1845676E+01 -0.1262298E-04
 -0.1976155E+01 -0.1351485E-04
 -0.2020279E+01 -0.1381581E-04
 -0.1976120E+01 -0.1351273E-04
 -0.1845605E+01 -0.1261883E-04
 -0.1634426E+01 -0.1117308E-04
 -0.1705825E+01 -0.1173810E-04
 -0.1720369E+01 -0.1185244E-04
 -0.1691467E+01 -0.1162479E-04
 -0.1677101E+01 -0.1151133E-04
 -0.1648230E+01 -0.1128305E-04
 -0.1662638E+01 -0.1139704E-04
 -0.1501594E+01 -0.1040440E-04
 -0.1751409E+01 -0.1209386E-04
 -0.1769085E+01 -0.1222922E-04
 -0.1789673E+01 -0.1238478E-04
 -0.1815331E+01 -0.1257597E-04
 -0.2049985E+01 -0.1421034E-04
 -0.1815438E+01 -0.1258271E-04
 -0.2194835E+01 -0.1521503E-04
 -0.2243881E+01 -0.1555449E-04
 -0.2049870E+01 -0.1420538E-04
 -0.2194843E+01 -0.1521295E-04
 -0.1122123E+01 -0.7770294E-05
 -0.6935987E+00 -0.4795377E-05
 -0.2347519E+00 -0.1609726E-05
  0.2343790E+00  0.1647568E-05
  0.6932549E+00  0.4833868E-05
  0.1121799E+01  0.7809809E-05
  0.1501381E+01  0.1044597E-04
  0.1815335E+01  0.1262666E-04
  0.2049941E+01  0.1425652E-04
  0.2194946E+01  0.1526439E-04
  0.2244122E+01  0.1560690E-04
  0.2195194E+01  0.1526828E-04
  0.2050300E+01  0.1426326E-04
  0.1815774E+01  0.1263581E-04
  0.1751596E+01  0.1214057E-04
  0.1705229E+01  0.1176695E-04
  0.1769363E+01  0.1228117E-04
  0.1351184E+01  0.9249038E-05
  0.1790042E+01  0.1244150E-04
  0.1735397E+01  0.1201077E-04
  0.1651382E+01  0.1132663E-04
  0.1664233E+01  0.1143227E-04
  0.1720054E+01  0.1188697E-04
  0.1908422E+01  0.1314671E-04
  0.1892532E+01  0.1301773E-04
  0.1993287E+01  0.1366759E-04
  0.1860559E+01  0.1275509E-04
  0.1647834E+01  0.1129671E-04
  0.1862726E+01  0.1277405E-04
  0.1992187E+01  0.1365801E-04
  0.2037215E+01  0.1396758E-04
 -0.1997640E+01 -0.1381327E-04
  0.1018488E+01  0.6983135E-05
 -0.1909967E+01 -0.1312924E-04
  0.2127371E+00  0.1461413E-05
  0.6293427E+00  0.4316269E-05
 -0.6297591E+00 -0.4311322E-05
 -0.1018825E+01 -0.6976877E-05
 -0.1363357E+01 -0.9337105E-05
 -0.1648305E+01 -0.1128893E-04
 -0.1861206E+01 -0.1274692E-04
 -0.1992789E+01 -0.1364764E-04
 -0.2037298E+01 -0.1395168E-04
 -0.1992782E+01 -0.1364569E-04
 -0.1861178E+01 -0.1274302E-04
 -0.1877437E+01 -0.1287183E-04
 -0.1480371E+01 -0.1024641E-04
 -0.1942595E+01 -0.1338667E-04
 -0.1926175E+01 -0.1325733E-04
 -0.1893750E+01 -0.1300091E-04
 -0.6838028E+00 -0.4723062E-05
 -0.2020893E+01 -0.1398924E-04
 -0.2163806E+01 -0.1498350E-04
 -0.1977656E+01 -0.1365998E-04
 -0.2163787E+01 -0.1498124E-04
 -0.2314490E+00 -0.1586094E-05
 -0.1789767E+01 -0.1239134E-04
 -0.2020942E+01 -0.1399370E-04
 -0.2212138E+01 -0.1531762E-04
 -0.1106271E+01 -0.7652556E-05
  0.2310273E+00  0.1621281E-05
  0.6834152E+00  0.4758911E-05
  0.1105937E+01  0.7689651E-05
  0.1480111E+01  0.1028527E-04
  0.1789614E+01  0.1243255E-04
  0.2020903E+01  0.1403752E-04
  0.2163920E+01  0.1503037E-04
  0.2212357E+01  0.1536736E-04
  0.2164116E+01  0.1503384E-04
  0.2021259E+01  0.1404411E-04
  0.1959322E+01  0.1355705E-04
  0.1924979E+01  0.1328036E-04
  0.1363048E+01  0.9344653E-05
  0.1997853E+01  0.1386300E-04
  0.1877485E+01  0.1289474E-04
  0.1941894E+01  0.1341684E-04
  0.1977697E+01  0.1370394E-04
 -0.2131720E+00 -0.1456996E-05
 -0.1959591E+01 -0.1351977E-04
  0.2026535E+01  0.1393760E-04
  0.2055079E+01  0.1411136E-04
  0.1663467E+01  0.1142118E-04
 -0.2044967E+01 -0.1405914E-04
 -0.2150367E+00 -0.1470880E-05
  0.1027704E+01  0.7057391E-05
 -0.2138860E+01 -0.1479248E-04
 -0.1375238E+01 -0.9431030E-05
 -0.2027614E+01 -0.1392170E-04
 -0.2098076E+01 -0.1447758E-04
  0.6349567E+00  0.4361981E-05
 -0.1027708E+01 -0.7046838E-05
 -0.1877415E+01 -0.1287539E-04
 -0.2010137E+01 -0.1378524E-04
 -0.2055057E+01 -0.1409251E-04
 -0.2010168E+01 -0.1378354E-04
  0.2283387E+00  0.1598770E-05
 -0.2079872E+01 -0.1433486E-04
 -0.1997561E+01 -0.1381680E-04
 -0.1463242E+01 -0.1011733E-04
 -0.2062284E+01 -0.1419616E-04
  0.1093143E+01  0.7589808E-05
 -0.2287905E+00 -0.1567704E-05
 -0.1093482E+01 -0.7556660E-05
  0.6754970E+00  0.4696401E-05
 -0.2138795E+01 -0.1479411E-04
 -0.1769049E+01 -0.1223483E-04
 -0.2117447E+01 -0.1462806E-04
 -0.1662646E+01 -0.1140252E-04
 -0.6352515E+00 -0.4354209E-05
  0.1463009E+01  0.1015242E-04
  0.1768946E+01  0.1227241E-04
  0.1997599E+01  0.1385715E-04
  0.2138941E+01  0.1483724E-04
  0.2186785E+01  0.1516965E-04
  0.2139045E+01  0.1484003E-04
  0.2117464E+01  0.1466987E-04
  0.2061429E+01  0.1421961E-04
  0.2079340E+01  0.1436427E-04
  0.2043874E+01  0.1407771E-04
  0.2146177E+00  0.1477403E-05
 -0.6759133E+00 -0.4664657E-05
  0.2009510E+01  0.1379972E-04
  0.1878154E+01  0.1289516E-04
  0.2097848E+01  0.1451318E-04
 -0.2186593E+01 -0.1512416E-04
  0.1375701E+01  0.9445906E-05
 -0.2168993E+00 -0.1484593E-05
  0.1751322E+01  0.1213288E-04
  0.1448426E+01  0.1003661E-04
  0.1977726E+01  0.1370008E-04
 -0.1387145E+01 -0.9525015E-05
  0.2260464E+00  0.1578717E-05
 -0.2144860E+01 -0.1480181E-04
  0.6405643E+00  0.4407859E-05
 -0.1036611E+01 -0.7116823E-05
  0.2073026E+01  0.1425589E-04
 -0.1893662E+01 -0.1300409E-04
 -0.2027553E+01 -0.1392323E-04
 -0.1448546E+01 -0.1000520E-04
 -0.2126252E+01 -0.1465589E-04
  0.1082219E+01  0.7502508E-05
 -0.1082502E+01 -0.7473434E-05
 -0.1977507E+01 -0.1366295E-04
  0.6687365E+00  0.4641529E-05
 -0.2108273E+01 -0.1451405E-04
 -0.6691364E+00 -0.4614115E-05
 -0.2117346E+01 -0.1462942E-04
  0.2028815E+01  0.1395098E-04
 -0.2072874E+01 -0.1423370E-04
 -0.2264998E+00 -0.1552096E-05
 -0.1751283E+01 -0.1209880E-04
 -0.2164690E+01 -0.1495593E-04
  0.2117603E+01  0.1466874E-04
  0.2164807E+01  0.1499636E-04
  0.2165005E+00  0.1493609E-05
  0.2126292E+01  0.1468718E-04
  0.2090766E+01  0.1439930E-04
  0.2108357E+01  0.1454186E-04
  0.1678487E+01  0.1154177E-04
 -0.2090569E+01 -0.1437392E-04
  0.1388091E+01  0.9545579E-05
  0.1036856E+01  0.7131442E-05
 -0.1677042E+01 -0.1151638E-04
  0.2144939E+01  0.1483752E-04
  0.1895188E+01  0.1303176E-04
 -0.6407648E+00 -0.4397083E-05
  0.2098406E+01  0.1451497E-04
 -0.1072575E+01 -0.7397384E-05
  0.1911454E+01  0.1316329E-04
 -0.1398973E+01 -0.9618339E-05
 -0.2079740E+01 -0.1433594E-04
 -0.1691341E+01 -0.1162947E-04
  0.1045780E+01  0.7204202E-05
  0.1399973E+01  0.9642057E-05
 -0.1909828E+01 -0.1313209E-04
 -0.2044870E+01 -0.1406043E-04
 -0.1435266E+01 -0.9902692E-05
  0.1735620E+01  0.1200652E-04
 -0.6629986E+00 -0.4567921E-05
  0.1072439E+01  0.7423063E-05
  0.2183761E+00  0.1509971E-05
 -0.1959383E+01 -0.1352230E-04
  0.6626775E+00  0.4591504E-05
 -0.1735230E+01 -0.1197447E-04
 -0.2097938E+01 -0.1447864E-04
 -0.6462321E+00 -0.4439483E-05
  0.2046123E+01  0.1409097E-04
 -0.2244244E+00 -0.1537923E-05
  0.1692913E+01  0.1165859E-04
  0.1435400E+01  0.9931457E-05
 -0.1045455E+01 -0.7186252E-05
 -0.2187420E+00 -0.1497985E-05
 -0.2062174E+01 -0.1419739E-04
  0.2239992E+00  0.1560364E-05
  0.2063272E+01  0.1423021E-04
  0.6460677E+00  0.4453244E-05
  0.1959960E+01  0.1355742E-04
  0.2080520E+01  0.1437026E-04
 -0.1063271E+01 -0.7325415E-05
  0.1423299E+01  0.9832779E-05
  0.1943377E+01  0.1342299E-04
 -0.6516950E+00 -0.4481645E-05
 -0.1705642E+01 -0.1174243E-04
  0.1054547E+01  0.7276091E-05
  0.2010788E+01  0.1380635E-04
  0.1721028E+01  0.1188787E-04
 -0.6572451E+00 -0.4524199E-05
  0.1063352E+01  0.7348505E-05
 -0.1925987E+01 -0.1325992E-04
  0.1927339E+01  0.1329252E-04
  0.6515451E+00  0.4498710E-05
  0.6570274E+00  0.4544419E-05
 -0.1942385E+01 -0.1338915E-04
 -0.1410800E+01 -0.9711464E-05
 -0.2224582E+00 -0.1524331E-05
  0.2202441E+00  0.1526492E-05
 -0.1422813E+01 -0.9805683E-05
 -0.1720178E+01 -0.1185678E-04
  0.2221009E+00  0.1543171E-05
 -0.2205772E+00 -0.1511121E-05
 -0.1054288E+01 -0.7255418E-05
  0.1706964E+01  0.1177306E-04
  0.1411605E+01  0.9737083E-05
  0.4310443E-01  0.7147352E-06
 -0.3047475E+00 -0.1771979E-05
  0.3952795E+00  0.3235948E-05
  0.2974643E+00  0.2554861E-05
  0.4313882E+00  0.3531811E-05
  0.5140856E+00  0.4131014E-05
  0.5940035E+00  0.4709124E-05
  0.6713275E+00  0.5268372E-05
  0.7457425E+00  0.5806720E-05
  0.8169058E+00  0.6321257E-05
  0.8844996E+00  0.6810129E-05
  0.9482259E+00  0.7270939E-05
  0.1007808E+01  0.7701730E-05
  0.1062966E+01  0.8100547E-05
  0.1113474E+01  0.8465755E-05
  0.1159129E+01  0.8795853E-05
  0.1199709E+01  0.9089274E-05
  0.1235048E+01  0.9344665E-05
  0.1264956E+01  0.9560874E-05
  0.1289309E+01  0.9736839E-05
  0.1308015E+01  0.9871902E-05
  0.1320750E+01  0.9963866E-05
  0.1324350E+01  0.9988727E-05
  0.1293298E+01  0.9756357E-05
 -0.2130108E+00 -0.1137883E-05
  0.1254629E+01  0.9475683E-05
 -0.5414274E+00 -0.3488311E-05
  0.1167425E+01  0.8844110E-05
 -0.4607835E+00 -0.2930353E-05
  0.1034378E+01  0.7881185E-05
 -0.7564107E+00 -0.5047826E-05
  0.8607656E+00  0.6624821E-05
 -0.6901259E+00 -0.4589996E-05
  0.6533295E+00  0.5123822E-05
 -0.9417079E+00 -0.6392563E-05
  0.4202256E+00  0.3437334E-05
 -0.8923005E+00 -0.6052887E-05
  0.1706437E+00  0.1631508E-05
 -0.1090137E+01 -0.7469987E-05
 -0.8564917E-01 -0.2225193E-06
 -0.1059495E+01 -0.7262919E-05
 -0.3386061E+00 -0.2052358E-05
 -0.1195830E+01 -0.8237714E-05
 -0.5782502E+00 -0.3785882E-05
 -0.1185189E+01 -0.8172774E-05
 -0.7951612E+00 -0.5354677E-05
 -0.1254640E+01 -0.8665737E-05
 -0.9808505E+00 -0.6697768E-05
 -0.1264452E+01 -0.8746843E-05
 -0.1128037E+01 -0.7762162E-05
 -0.1264223E+01 -0.8737083E-05
 -0.1230971E+01 -0.8506228E-05
 -0.1294048E+01 -0.8961523E-05
 -0.1285627E+01 -0.8901043E-05
 -0.1224234E+01 -0.8448859E-05
 -0.1289875E+01 -0.8931136E-05
 -0.1272889E+01 -0.8809044E-05
 -0.1243490E+01 -0.8594976E-05
 -0.1136233E+01 -0.7812418E-05
 -0.1148311E+01 -0.7905841E-05
 -0.1201806E+01 -0.8295502E-05
 -0.1008127E+01 -0.6891280E-05
 -0.1003685E+01 -0.6852974E-05
 -0.8284591E+00 -0.5591057E-05
 -0.1083578E+01 -0.7440711E-05
 -0.6162941E+00 -0.4055531E-05
 -0.8317491E+00 -0.5607737E-05
 -0.3797576E+00 -0.2344129E-05
 -0.9228496E+00 -0.6278426E-05
 -0.1280601E+00 -0.5233023E-06
 -0.4255774E-01  0.9514829E-07
  0.1261953E+01  0.9576748E-05
 -0.6271394E+00 -0.4125313E-05
  0.1237094E+01  0.9324363E-05
 -0.7258837E+00 -0.4853684E-05
  0.1130687E+01  0.8555691E-05
 -0.3978694E+00 -0.2463783E-05
  0.9798872E+00  0.7466122E-05
 -0.5004143E+00 -0.3222932E-05
  0.7906294E+00  0.6098778E-05
 -0.1529272E+00 -0.6883477E-06
  0.5703167E+00  0.4506701E-05
 -0.2552570E+00 -0.1449496E-05
  0.3276295E+00  0.2752826E-05
  0.9801397E-01  0.1130818E-05
  0.7208575E-01  0.9059930E-06
 -0.7004382E-04  0.3965628E-06
 -0.1863108E+00 -0.9615441E-06
  0.3450871E+00  0.2922260E-05
 -0.4374191E+00 -0.2776573E-05
  0.2550817E+00  0.2242444E-05
 -0.6713327E+00 -0.4467474E-05
  0.5786082E+00  0.4615836E-05
 -0.8788694E+00 -0.5967530E-05
  0.5002226E+00  0.4016073E-05
 -0.1051895E+01 -0.7218346E-05
  0.7893959E+00  0.6144871E-05
 -0.1183656E+01 -0.8170999E-05
  0.7257190E+00  0.5647616E-05
 -0.1268993E+01 -0.8788181E-05
  0.9691530E+00  0.7449197E-05
 -0.1304541E+01 -0.9045540E-05
  0.9227237E+00  0.7073220E-05
 -0.1288915E+01 -0.8932927E-05
  0.1110862E+01  0.8477859E-05
 -0.1222669E+01 -0.8454482E-05
  0.1083488E+01  0.8236580E-05
 -0.1108499E+01 -0.7629795E-05
  0.1208949E+01  0.9190504E-05
 -0.9508830E+00 -0.6490905E-05
  0.1201725E+01  0.9092368E-05
 -0.7560213E+00 -0.5082637E-05
  0.1259584E+01  0.9559436E-05
 -0.5314668E+00 -0.3459993E-05
  0.1272803E+01  0.9607302E-05
 -0.2857828E+00 -0.1684510E-05
  0.2133287E+00  0.1945957E-05
  0.1295113E+01  0.9743522E-05
  0.1284862E+00  0.1332179E-05
  0.0000000E+00  0.0000000E+00
  0.0000000E+00  0.0000000E+00
  0.0000000E+00  0.0000000E+00
  0.0000000E+00  0.0000000E+00
  0.0000000E+00  0.0000000E+00
  0.0000000E+00  0.0000000E+00
  0.0000000E+00  0.0000000E+00
  0.0000000E+00  0.0000000E+00
  0.0000000E+00  0.0000000E+00
  0.0000000E+00  0.0000000E+00
  0.0000000E+00  0.0000000E+00
  0.0000000E+00  0.0000000E+00
  0.0000000E+00  0.0000000E+00
  0.0000000E+00  0.0000000E+00
  0.0000000E+00  0.0000000E+00
  0.0000000E+00  0.0000000E+00
  0.0000000E+00  0.0000000E+00
  0.0000000E+00  0.0000000E+00
  0.0000000E+00  0.0000000E+00
  0.0000000E+00  0.0000000E+00
  0.0000000E+00  0.0000000E+00
  0.0000000E+00  0.0000000E+00
  0.0000000E+00  0.0000000E+00
  0.0000000E+00  0.0000000E+00
  0.0000000E+00  0.0000000E+00
  0.0000000E+00  0.0000000E+00
  0.0000000E+00  0.0000000E+00
  0.0000000E+00  0.0000000E+00
  0.0000000E+00  0.0000000E+00
  0.0000000E+00  0.0000000E+00
  0.0000000E+00  0.0000000E+00
  0.0000000E+00  0.0000000E+00
  0.0000000E+00  0.0000000E+00
  0.0000000E+00  0.0000000E+00
  0.0000000E+00  0.0000000E+00
  0.0000000E+00  0.0000000E+00
  0.0000000E+00  0.0000000E+00
  0.0000000E+00  0.0000000E+00
  0.0000000E+00  0.0000000E+00
  0.0000000E+00  0.0000000E+00
  0.0000000E+00  0.0000000E+00
  0.0000000E+00  0.0000000E+00
  0.0000000E+00  0.0000000E+00
  0.0000000E+00  0.0000000E+00
  0.0000000E+00  0.0000000E+00
  0.0000000E+00  0.0000000E+00
  0.0000000E+00  0.0000000E+00
  0.0000000E+00  0.0000000E+00
  0.0000000E+00  0.0000000E+00
  0.0000000E+00  0.0000000E+00
  0.0000000E+00  0.0000000E+00
  0.0000000E+00  0.0000000E+00
  0.0000000E+00  0.0000000E+00
  0.0000000E+00  0.0000000E+00
  0.0000000E+00  0.0000000E+00
  0.0000000E+00  0.0000000E+00
  0.0000000E+00  0.0000000E+00
  0.0000000E+00  0.0000000E+00
  0.0000000E+00  0.0000000E+00
  0.0000000E+00  0.0000000E+00
  0.0000000E+00  0.0000000E+00
  0.0000000E+00  0.0000000E+00
  0.0000000E+00  0.0000000E+00
  0.0000000E+00  0.0000000E+00
  0.0000000E+00  0.0000000E+00
  0.0000000E+00  0.0000000E+00
  0.0000000E+00  0.0000000E+00
  0.0000000E+00  0.0000000E+00
  0.0000000E+00  0.0000000E+00
  0.0000000E+00  0.0000000E+00
  0.0000000E+00  0.0000000E+00
  0.0000000E+00  0.0000000E+00
  0.0000000E+00  0.0000000E+00
  0.0000000E+00  0.0000000E+00
  0.0000000E+00  0.0000000E+00
  0.0000000E+00  0.0000000E+00
  0.0000000E+00  0.0000000E+00
  0.0000000E+00  0.0000000E+00
  0.0000000E+00  0.0000000E+00
  0.0000000E+00  0.0000000E+00
  0.0000000E+00  0.0000000E+00
  0.0000000E+00  0.0000000E+00
  0.0000000E+00  0.0000000E+00
  0.0000000E+00  0.0000000E+00
  0.0000000E+00  0.0000000E+00
  0.0000000E+00  0.0000000E+00
  0.0000000E+00  0.0000000E+00
  0.0000000E+00  0.0000000E+00
  0.0000000E+00  0.0000000E+00
  0.0000000E+00  0.0000000E+00
  0.0000000E+00  0.0000000E+00
  0.0000000E+00  0.0000000E+00
  0.0000000E+00  0.0000000E+00
  0.0000000E+00  0.0000000E+00
  0.0000000E+00  0.0000000E+00
  0.0000000E+00  0.0000000E+00
  0.0000000E+00  0.0000000E+00
  0.0000000E+00  0.0000000E+00
  0.0000000E+00  0.0000000E+00
  0.0000000E+00  0.0000000E+00
  0.0000000E+00  0.0000000E+00
  0.0000000E+00  0.0000000E+00
  0.0000000E+00  0.0000000E+00
  0.0000000E+00  0.0000000E+00
  0.0000000E+00  0.0000000E+00
  0.0000000E+00  0.0000000E+00
  0.0000000E+00  0.0000000E+00
  0.0000000E+00  0.0000000E+00
  0.0000000E+00  0.0000000E+00
  0.0000000E+00  0.0000000E+00
  0.0000000E+00  0.0000000E+00
  0.0000000E+00  0.0000000E+00
  0.0000000E+00  0.0000000E+00
  0.0000000E+00  0.0000000E+00
  0.0000000E+00  0.0000000E+00
  0.0000000E+00  0.0000000E+00
  0.0000000E+00  0.0000000E+00
  0.0000000E+00  0.0000000E+00
  0.0000000E+00  0.0000000E+00
  0.0000000E+00  0.0000000E+00
  0.0000000E+00  0.0000000E+00
  0.0000000E+00  0.0000000E+00
  0.0000000E+00  0.0000000E+00
  0.0000000E+00  0.0000000E+00
  0.0000000E+00  0.0000000E+00
  0.0000000E+00  0.0000000E+00
  0.0000000E+00  0.0000000E+00
  0.0000000E+00  0.0000000E+00
  0.0000000E+00  0.0000000E+00
  0.0000000E+00  0.0000000E+00
  0.0000000E+00  0.0000000E+00
  0.0000000E+00  0.0000000E+00
  0.0000000E+00  0.0000000E+00
  0.0000000E+00  0.0000000E+00
  0.0000000E+00  0.0000000E+00
  0.0000000E+00  0.0000000E+00
  0.0000000E+00  0.0000000E+00
  0.0000000E+00  0.0000000E+00
  0.0000000E+00  0.0000000E+00
  0.0000000E+00  0.0000000E+00
  0.0000000E+00  0.0000000E+00
  0.0000000E+00  0.0000000E+00
  0.0000000E+00  0.0000000E+00
  0.0000000E+00  0.0000000E+00
  0.0000000E+00  0.0000000E+00
  0.0000000E+00  0.0000000E+00
  0.0000000E+00  0.0000000E+00
  0.0000000E+00  0.0000000E+00
  0.0000000E+00  0.0000000E+00
  0.0000000E+00  0.0000000E+00
  0.0000000E+00  0.0000000E+00
  0.0000000E+00  0.0000000E+00
  0.0000000E+00  0.0000000E+00
  0.0000000E+00  0.0000000E+00
  0.0000000E+00  0.0000000E+00
  0.0000000E+00  0.0000000E+00
  0.0000000E+00  0.0000000E+00
  0.0000000E+00  0.0000000E+00
  0.0000000E+00  0.0000000E+00
  0.0000000E+00  0.0000000E+00
  0.0000000E+00  0.0000000E+00
  0.0000000E+00  0.0000000E+00
  0.0000000E+00  0.0000000E+00
  0.0000000E+00  0.0000000E+00
  0.0000000E+00  0.0000000E+00
  0.0000000E+00  0.0000000E+00
  0.0000000E+00  0.0000000E+00
  0.0000000E+00  0.0000000E+00
  0.0000000E+00  0.0000000E+00
  0.0000000E+00  0.0000000E+00
  0.0000000E+00  0.0000000E+00
  0.0000000E+00  0.0000000E+00
  0.0000000E+00  0.0000000E+00
  0.0000000E+00  0.0000000E+00
  0.0000000E+00  0.0000000E+00
  0.0000000E+00  0.0000000E+00
  0.0000000E+00  0.0000000E+00
  0.0000000E+00  0.0000000E+00
  0.0000000E+00  0.0000000E+00
  0.0000000E+00  0.0000000E+00
  0.0000000E+00  0.0000000E+00
  0.0000000E+00  0.0000000E+00
  0.0000000E+00  0.0000000E+00
  0.0000000E+00  0.0000000E+00
  0.0000000E+00  0.0000000E+00
  0.0000000E+00  0.0000000E+00
  0.0000000E+00  0.0000000E+00
  0.0000000E+00  0.0000000E+00
  0.0000000E+00  0.0000000E+00
  0.0000000E+00  0.0000000E+00
  0.0000000E+00  0.0000000E+00
  0.0000000E+00  0.0000000E+00
  0.0000000E+00  0.0000000E+00
  0.0000000E+00  0.0000000E+00
  0.0000000E+00  0.0000000E+00
  0.0000000E+00  0.0000000E+00
  0.0000000E+00  0.0000000E+00
  0.0000000E+00  0.0000000E+00
  0.0000000E+00  0.0000000E+00
  0.0000000E+00  0.0000000E+00
  0.0000000E+00  0.0000000E+00
  0.0000000E+00  0.0000000E+00
  0.0000000E+00  0.0000000E+00
  0.0000000E+00  0.0000000E+00
  0.0000000E+00  0.0000000E+00
  0.0000000E+00  0.0000000E+00
  0.0000000E+00  0.0000000E+00
  0.0000000E+00  0.0000000E+00
  0.0000000E+00  0.0000000E+00
  0.0000000E+00  0.0000000E+00
  0.0000000E+00  0.0000000E+00
  0.0000000E+00  0.0000000E+00
  0.0000000E+00  0.0000000E+00
  0.0000000E+00  0.0000000E+00
  0.0000000E+00  0.0000000E+00
  0.0000000E+00  0.0000000E+00
  0.0000000E+00  0.0000000E+00
  0.0000000E+00  0.0000000E+00
  0.0000000E+00  0.0000000E+00
  0.0000000E+00  0.0000000E+00
  0.0000000E+00  0.0000000E+00
  0.0000000E+00  0.0000000E+00
  0.0000000E+00  0.0000000E+00
  0.0000000E+00  0.0000000E+00
  0.0000000E+00  0.0000000E+00
  0.0000000E+00  0.0000000E+00
  0.0000000E+00  0.0000000E+00
  0.0000000E+00  0.0000000E+00
  0.0000000E+00  0.0000000E+00
  0.0000000E+00  0.0000000E+00
  0.0000000E+00  0.0000000E+00
  0.0000000E+00  0.0000000E+00
  0.0000000E+00  0.0000000E+00
  0.0000000E+00  0.0000000E+00
  0.0000000E+00  0.0000000E+00
  0.0000000E+00  0.0000000E+00
  0.0000000E+00  0.0000000E+00
  0.0000000E+00  0.0000000E+00
  0.0000000E+00  0.0000000E+00
  0.0000000E+00  0.0000000E+00
  0.0000000E+00  0.0000000E+00
  0.0000000E+00  0.0000000E+00
  0.0000000E+00  0.0000000E+00
  0.0000000E+00  0.0000000E+00
  0.0000000E+00  0.0000000E+00
  0.0000000E+00  0.0000000E+00
  0.0000000E+00  0.0000000E+00
  0.0000000E+00  0.0000000E+00
  0.0000000E+00  0.0000000E+00
  0.0000000E+00  0.0000000E+00
  0.0000000E+00  0.0000000E+00
  0.0000000E+00  0.0000000E+00
  0.0000000E+00  0.0000000E+00
  0.0000000E+00  0.0000000E+00
  0.0000000E+00  0.0000000E+00
  0.0000000E+00  0.0000000E+00
  0.0000000E+00  0.0000000E+00
  0.0000000E+00  0.0000000E+00
  0.0000000E+00  0.0000000E+00
  0.0000000E+00  0.0000000E+00
  0.0000000E+00  0.0000000E+00
  0.0000000E+00  0.0000000E+00
  0.0000000E+00  0.0000000E+00
  0.0000000E+00  0.0000000E+00
  0.0000000E+00  0.0000000E+00
  0.0000000E+00  0.0000000E+00
  0.0000000E+00  0.0000000E+00
  0.0000000E+00  0.0000000E+00
  0.0000000E+00  0.0000000E+00
  0.0000000E+00  0.0000000E+00
  0.0000000E+00  0.0000000E+00
  0.0000000E+00  0.0000000E+00
  0.0000000E+00  0.0000000E+00
  0.0000000E+00  0.0000000E+00
  0.0000000E+00  0.0000000E+00
  0.0000000E+00  0.0000000E+00
  0.0000000E+00  0.0000000E+00
  0.0000000E+00  0.0000000E+00
  0.0000000E+00  0.0000000E+00
  0.0000000E+00  0.0000000E+00
  0.0000000E+00  0.0000000E+00
  0.0000000E+00  0.0000000E+00
  0.0000000E+00  0.0000000E+00
  0.0000000E+00  0.0000000E+00
  0.0000000E+00  0.0000000E+00
  0.0000000E+00  0.0000000E+00
  0.0000000E+00  0.0000000E+00
  0.0000000E+00  0.0000000E+00
  0.0000000E+00  0.0000000E+00
  0.0000000E+00  0.0000000E+00
  0.0000000E+00  0.0000000E+00
  0.0000000E+00  0.0000000E+00
  0.0000000E+00  0.0000000E+00
  0.0000000E+00  0.0000000E+00
  0.0000000E+00  0.0000000E+00
  0.0000000E+00  0.0000000E+00
  0.0000000E+00  0.0000000E+00
  0.0000000E+00  0.0000000E+00
  0.0000000E+00  0.0000000E+00
  0.0000000E+00  0.0000000E+00
  0.0000000E+00  0.0000000E+00
  0.0000000E+00  0.0000000E+00
  0.0000000E+00  0.0000000E+00
  0.0000000E+00  0.0000000E+00
  0.0000000E+00  0.0000000E+00
  0.0000000E+00  0.0000000E+00
  0.0000000E+00  0.0000000E+00
  0.0000000E+00  0.0000000E+00
  0.0000000E+00  0.0000000E+00
  0.0000000E+00  0.0000000E+00
  0.0000000E+00  0.0000000E+00
  0.0000000E+00  0.0000000E+00
  0.0000000E+00  0.0000000E+00
  0.0000000E+00  0.0000000E+00
  0.0000000E+00  0.0000000E+00
  0.0000000E+00  0.0000000E+00
  0.0000000E+00  0.0000000E+00
  0.0000000E+00  0.0000000E+00
  0.0000000E+00  0.0000000E+00
  0.0000000E+00  0.0000000E+00
  0.0000000E+00  0.0000000E+00
  0.0000000E+00  0.0000000E+00
  0.0000000E+00  0.0000000E+00
  0.0000000E+00  0.0000000E+00
  0.0000000E+00  0.0000000E+00
  0.0000000E+00  0.0000000E+00
  0.0000000E+00  0.0000000E+00
  0.0000000E+00  0.0000000E+00
  0.0000000E+00  0.0000000E+00
  0.0000000E+00  0.0000000E+00
  0.0000000E+00  0.0000000E+00
  0.0000000E+00  0.0000000E+00
  0.0000000E+00  0.0000000E+00
  0.0000000E+00  0.0000000E+00
  0.0000000E+00  0.0000000E+00
  0.0000000E+00  0.0000000E+00
  0.0000000E+00  0.0000000E+00
  0.0000000E+00  0.0000000E+00
  0.0000000E+00  0.0000000E+00
  0.0000000E+00  0.0000000E+00
  0.0000000E+00  0.0000000E+00
  0.0000000E+00  0.0000000E+00
  0.0000000E+00  0.0000000E+00
  0.0000000E+00  0.0000000E+00
  0.0000000E+00  0.0000000E+00
  0.0000000E+00  0.0000000E+00
  0.0000000E+00  0.0000000E+00
  0.0000000E+00  0.0000000E+00
  0.0000000E+00  0.0000000E+00
  0.0000000E+00  0.0000000E+00
  0.0000000E+00  0.0000000E+00
  0.0000000E+00  0.0000000E+00
  0.0000000E+00  0.0000000E+00
  0.0000000E+00  0.0000000E+00
  0.0000000E+00  0.0000000E+00
  0.0000000E+00  0.0000000E+00
  0.0000000E+00  0.0000000E+00
  0.0000000E+00  0.0000000E+00
  0.0000000E+00  0.0000000E+00
  0.0000000E+00  0.0000000E+00
  0.0000000E+00  0.0000000E+00
  0.0000000E+00  0.0000000E+00
  0.0000000E+00  0.0000000E+00
  0.0000000E+00  0.0000000E+00
  0.0000000E+00  0.0000000E+00
  0.0000000E+00  0.0000000E+00
  0.0000000E+00  0.0000000E+00
  0.0000000E+00  0.0000000E+00
  0.0000000E+00  0.0000000E+00
  0.0000000E+00  0.0000000E+00
  0.0000000E+00  0.0000000E+00
  0.0000000E+00  0.0000000E+00
  0.0000000E+00  0.0000000E+00
  0.0000000E+00  0.0000000E+00
  0.0000000E+00  0.0000000E+00
  0.0000000E+00  0.0000000E+00
  0.0000000E+00  0.0000000E+00
  0.0000000E+00  0.0000000E+00
  0.0000000E+00  0.0000000E+00
  0.0000000E+00  0.0000000E+00
  0.0000000E+00  0.0000000E+00
  0.0000000E+00  0.0000000E+00
  0.0000000E+00  0.0000000E+00
  0.0000000E+00  0.0000000E+00
  0.0000000E+00  0.0000000E+00
  0.0000000E+00  0.0000000E+00
  0.0000000E+00  0.0000000E+00
  0.0000000E+00  0.0000000E+00
  0.0000000E+00  0.0000000E+00
  0.0000000E+00  0.0000000E+00
  0.0000000E+00  0.0000000E+00
  0.0000000E+00  0.0000000E+00
  0.0000000E+00  0.0000000E+00
  0.0000000E+00  0.0000000E+00
  0.0000000E+00  0.0000000E+00
  0.0000000E+00  0.0000000E+00
  0.0000000E+00  0.0000000E+00
  0.0000000E+00  0.0000000E+00
  0.0000000E+00  0.0000000E+00
  0.0000000E+00  0.0000000E+00
  0.0000000E+00  0.0000000E+00
  0.0000000E+00  0.0000000E+00
  0.0000000E+00  0.0000000E+00
  0.0000000E+00  0.0000000E+00
  0.0000000E+00  0.0000000E+00
  0.0000000E+00  0.0000000E+00
  0.0000000E+00  0.0000000E+00
  0.0000000E+00  0.0000000E+00
  0.0000000E+00  0.0000000E+00
  0.0000000E+00  0.0000000E+00
  0.0000000E+00  0.0000000E+00
  0.0000000E+00  0.0000000E+00
  0.0000000E+00  0.0000000E+00
  0.0000000E+00  0.0000000E+00
  0.0000000E+00  0.0000000E+00
  0.0000000E+00  0.0000000E+00
  0.0000000E+00  0.0000000E+00
  0.0000000E+00  0.0000000E+00
  0.0000000E+00  0.0000000E+00
  0.0000000E+00  0.0000000E+00
  0.0000000E+00  0.0000000E+00
  0.0000000E+00  0.0000000E+00
  0.0000000E+00  0.0000000E+00
  0.0000000E+00  0.0000000E+00
  0.0000000E+00  0.0000000E+00
  0.0000000E+00  0.0000000E+00
  0.0000000E+00  0.0000000E+00
  0.0000000E+00  0.0000000E+00
  0.0000000E+00  0.0000000E+00
  0.0000000E+00  0.0000000E+00
  0.0000000E+00  0.0000000E+00
  0.0000000E+00  0.0000000E+00
  0.0000000E+00  0.0000000E+00
  0.0000000E+00  0.0000000E+00
  0.0000000E+00  0.0000000E+00
  0.0000000E+00  0.0000000E+00
  0.0000000E+00  0.0000000E+00
  0.0000000E+00  0.0000000E+00
  0.0000000E+00  0.0000000E+00
  0.0000000E+00  0.0000000E+00
  0.0000000E+00  0.0000000E+00
  0.0000000E+00  0.0000000E+00
  0.0000000E+00  0.0000000E+00
  0.0000000E+00  0.0000000E+00
  0.0000000E+00  0.0000000E+00
  0.0000000E+00  0.0000000E+00
  0.0000000E+00  0.0000000E+00
  0.0000000E+00  0.0000000E+00
  0.0000000E+00  0.0000000E+00
  0.0000000E+00  0.0000000E+00
  0.0000000E+00  0.0000000E+00
  0.0000000E+00  0.0000000E+00
  0.0000000E+00  0.0000000E+00
  0.0000000E+00  0.0000000E+00
  0.0000000E+00  0.0000000E+00
  0.0000000E+00  0.0000000E+00
  0.0000000E+00  0.0000000E+00
  0.0000000E+00  0.0000000E+00
  0.0000000E+00  0.0000000E+00
  0.0000000E+00  0.0000000E+00
  0.0000000E+00  0.0000000E+00
  0.0000000E+00  0.0000000E+00
  0.0000000E+00  0.0000000E+00
  0.0000000E+00  0.0000000E+00
  0.0000000E+00  0.0000000E+00
  0.0000000E+00  0.0000000E+00
  0.0000000E+00  0.0000000E+00
  0.0000000E+00  0.0000000E+00
  0.0000000E+00  0.0000000E+00
  0.0000000E+00  0.0000000E+00
  0.0000000E+00  0.0000000E+00
  0.0000000E+00  0.0000000E+00
  0.0000000E+00  0.0000000E+00
  0.0000000E+00  0.0000000E+00
  0.0000000E+00  0.0000000E+00
  0.0000000E+00  0.0000000E+00
  0.0000000E+00  0.0000000E+00
  0.0000000E+00  0.0000000E+00
  0.0000000E+00  0.0000000E+00
  0.0000000E+00  0.0000000E+00
  0.0000000E+00  0.0000000E+00
  0.0000000E+00  0.0000000E+00
  0.0000000E+00  0.0000000E+00
  0.0000000E+00  0.0000000E+00
  0.0000000E+00  0.0000000E+00
  0.0000000E+00  0.0000000E+00
  0.0000000E+00  0.0000000E+00
  0.0000000E+00  0.0000000E+00
  0.0000000E+00  0.0000000E+00
  0.0000000E+00  0.0000000E+00
  0.0000000E+00  0.0000000E+00
  0.0000000E+00  0.0000000E+00
  0.0000000E+00  0.0000000E+00
  0.0000000E+00  0.0000000E+00
  0.0000000E+00  0.0000000E+00
  0.0000000E+00  0.0000000E+00
  0.0000000E+00  0.0000000E+00
  0.0000000E+00  0.0000000E+00
  0.0000000E+00  0.0000000E+00
  0.0000000E+00  0.0000000E+00
  0.0000000E+00  0.0000000E+00
  0.0000000E+00  0.0000000E+00
  0.0000000E+00  0.0000000E+00
  0.0000000E+00  0.0000000E+00
  0.0000000E+00  0.0000000E+00
  0.0000000E+00  0.0000000E+00
  0.0000000E+00  0.0000000E+00
  0.0000000E+00  0.0000000E+00
  0.0000000E+00  0.0000000E+00
  0.0000000E+00  0.0000000E+00
  0.0000000E+00  0.0000000E+00
  0.0000000E+00  0.0000000E+00
  0.0000000E+00  0.0000000E+00
  0.0000000E+00  0.0000000E+00
  0.0000000E+00  0.0000000E+00
  0.0000000E+00  0.0000000E+00
  0.0000000E+00  0.0000000E+00
  0.0000000E+00  0.0000000E+00
  0.0000000E+00  0.0000000E+00
  0.0000000E+00  0.0000000E+00
  0.0000000E+00  0.0000000E+00
  0.0000000E+00  0.0000000E+00
  0.0000000E+00  0.0000000E+00
  0.0000000E+00  0.0000000E+00
  0.0000000E+00  0.0000000E+00
  0.0000000E+00  0.0000000E+00
  0.0000000E+00  0.0000000E+00
  0.0000000E+00  0.0000000E+00
  0.0000000E+00  0.0000000E+00
  0.0000000E+00  0.0000000E+00
  0.0000000E+00  0.0000000E+00
  0.0000000E+00  0.0000000E+00
  0.0000000E+00  0.0000000E+00
  0.0000000E+00  0.0000000E+00
  0.0000000E+00  0.0000000E+00
  0.0000000E+00  0.0000000E+00
  0.0000000E+00  0.0000000E+00
  0.0000000E+00  0.0000000E+00
  0.0000000E+00  0.0000000E+00
  0.0000000E+00  0.0000000E+00
  0.0000000E+00  0.0000000E+00
  0.0000000E+00  0.0000000E+00
  0.0000000E+00  0.0000000E+00
  0.0000000E+00  0.0000000E+00
  0.0000000E+00  0.0000000E+00
  0.0000000E+00  0.0000000E+00
  0.0000000E+00  0.0000000E+00
  0.0000000E+00  0.0000000E+00
  0.0000000E+00  0.0000000E+00
  0.0000000E+00  0.0000000E+00
  0.0000000E+00  0.0000000E+00
  0.0000000E+00  0.0000000E+00
  0.0000000E+00  0.0000000E+00
  0.0000000E+00  0.0000000E+00
  0.0000000E+00  0.0000000E+00
  0.0000000E+00  0.0000000E+00
  0.0000000E+00  0.0000000E+00
  0.0000000E+00  0.0000000E+00
  0.0000000E+00  0.0000000E+00
  0.0000000E+00  0.0000000E+00
  0.0000000E+00  0.0000000E+00
  0.0000000E+00  0.0000000E+00
  0.0000000E+00  0.0000000E+00
  0.0000000E+00  0.0000000E+00
  0.0000000E+00  0.0000000E+00
  0.0000000E+00  0.0000000E+00
  0.0000000E+00  0.0000000E+00
  0.0000000E+00  0.0000000E+00
  0.0000000E+00  0.0000000E+00
  0.0000000E+00  0.0000000E+00
  0.0000000E+00  0.0000000E+00
  0.0000000E+00  0.0000000E+00
  0.0000000E+00  0.0000000E+00
  0.0000000E+00  0.0000000E+00
  0.0000000E+00  0.0000000E+00
  0.0000000E+00  0.0000000E+00
  0.0000000E+00  0.0000000E+00
  0.0000000E+00  0.0000000E+00
  0.0000000E+00  0.0000000E+00
  0.0000000E+00  0.0000000E+00
  0.0000000E+00  0.0000000E+00
  0.0000000E+00  0.0000000E+00
  0.0000000E+00  0.0000000E+00
  0.0000000E+00  0.0000000E+00
  0.0000000E+00  0.0000000E+00
  0.0000000E+00  0.0000000E+00
  0.0000000E+00  0.0000000E+00
  0.0000000E+00  0.0000000E+00
  0.0000000E+00  0.0000000E+00
  0.0000000E+00  0.0000000E+00
  0.0000000E+00  0.0000000E+00
  0.0000000E+00  0.0000000E+00
  0.0000000E+00  0.0000000E+00
  0.0000000E+00  0.0000000E+00
  0.0000000E+00  0.0000000E+00
  0.0000000E+00  0.0000000E+00
  0.0000000E+00  0.0000000E+00
  0.0000000E+00  0.0000000E+00
  0.0000000E+00  0.0000000E+00
  0.0000000E+00  0.0000000E+00
  0.0000000E+00  0.0000000E+00
  0.0000000E+00  0.0000000E+00
  0.0000000E+00  0.0000000E+00
  0.0000000E+00  0.0000000E+00
  0.0000000E+00  0.0000000E+00
  0.0000000E+00  0.0000000E+00
  0.0000000E+00  0.0000000E+00
  0.0000000E+00  0.0000000E+00
  0.0000000E+00  0.0000000E+00
  0.0000000E+00  0.0000000E+00
  0.0000000E+00  0.0000000E+00
  0.0000000E+00  0.0000000E+00
  0.0000000E+00  0.0000000E+00
  0.0000000E+00  0.0000000E+00
  0.0000000E+00  0.0000000E+00
  0.0000000E+00  0.0000000E+00
  0.0000000E+00  0.0000000E+00
  0.0000000E+00  0.0000000E+00
  0.0000000E+00  0.0000000E+00
  0.0000000E+00  0.0000000E+00
  0.0000000E+00  0.0000000E+00
  0.0000000E+00  0.0000000E+00
  0.0000000E+00  0.0000000E+00
  0.0000000E+00  0.0000000E+00
  0.0000000E+00  0.0000000E+00
  0.0000000E+00  0.0000000E+00
  0.0000000E+00  0.0000000E+00
  0.0000000E+00  0.0000000E+00
  0.0000000E+00  0.0000000E+00
  0.0000000E+00  0.0000000E+00
  0.0000000E+00  0.0000000E+00
  0.0000000E+00  0.0000000E+00
  0.0000000E+00  0.0000000E+00
  0.0000000E+00  0.0000000E+00
  0.0000000E+00  0.0000000E+00
  0.0000000E+00  0.0000000E+00
  0.0000000E+00  0.0000000E+00
  0.0000000E+00  0.0000000E+00
  0.0000000E+00  0.0000000E+00
  0.0000000E+00  0.0000000E+00
  0.0000000E+00  0.0000000E+00
  0.0000000E+00  0.0000000E+00
  0.0000000E+00  0.0000000E+00
  0.0000000E+00  0.0000000E+00
  0.0000000E+00  0.0000000E+00
  0.0000000E+00  0.0000000E+00
  0.0000000E+00  0.0000000E+00
  0.0000000E+00  0.0000000E+00
  0.0000000E+00  0.0000000E+00
  0.0000000E+00  0.0000000E+00
  0.0000000E+00  0.0000000E+00
  0.0000000E+00  0.0000000E+00
  0.0000000E+00  0.0000000E+00
  0.0000000E+00  0.0000000E+00
  0.0000000E+00  0.0000000E+00
  0.0000000E+00  0.0000000E+00
  0.0000000E+00  0.0000000E+00
  0.0000000E+00  0.0000000E+00
  0.0000000E+00  0.0000000E+00
  0.0000000E+00  0.0000000E+00
  0.0000000E+00  0.0000000E+00
  0.0000000E+00  0.0000000E+00
  0.0000000E+00  0.0000000E+00
  0.0000000E+00  0.0000000E+00
  0.0000000E+00  0.0000000E+00
  0.0000000E+00  0.0000000E+00
  0.0000000E+00  0.0000000E+00
  0.0000000E+00  0.0000000E+00
  0.0000000E+00  0.0000000E+00
  0.0000000E+00  0.0000000E+00
  0.0000000E+00  0.0000000E+00
  0.0000000E+00  0.0000000E+00
  0.0000000E+00  0.0000000E+00
  0.0000000E+00  0.0000000E+00
  0.0000000E+00  0.0000000E+00
  0.0000000E+00  0.0000000E+00
  0.0000000E+00  0.0000000E+00
  0.0000000E+00  0.0000000E+00
  0.0000000E+00  0.0000000E+00
  0.0000000E+00  0.0000000E+00
  0.0000000E+00  0.0000000E+00
  0.0000000E+00  0.0000000E+00
  0.0000000E+00  0.0000000E+00
  0.0000000E+00  0.0000000E+00
  0.0000000E+00  0.0000000E+00
  0.0000000E+00  0.0000000E+00
  0.0000000E+00  0.0000000E+00
  0.0000000E+00  0.0000000E+00
  0.0000000E+00  0.0000000E+00
  0.0000000E+00  0.0000000E+00
  0.0000000E+00  0.0000000E+00
  0.0000000E+00  0.0000000E+00
  0.0000000E+00  0.0000000E+00
  0.0000000E+00  0.0000000E+00
  0.0000000E+00  0.0000000E+00
  0.0000000E+00  0.0000000E+00
  0.0000000E+00  0.0000000E+00
  0.0000000E+00  0.0000000E+00
  0.0000000E+00  0.0000000E+00
  0.0000000E+00  0.0000000E+00
  0.0000000E+00  0.0000000E+00
  0.0000000E+00  0.0000000E+00
  0.0000000E+00  0.0000000E+00
  0.0000000E+00  0.0000000E+00
  0.0000000E+00  0.0000000E+00
  0.0000000E+00  0.0000000E+00
  0.0000000E+00  0.0000000E+00
  0.0000000E+00  0.0000000E+00
  0.0000000E+00  0.0000000E+00
  0.0000000E+00  0.0000000E+00
  0.0000000E+00  0.0000000E+00
  0.0000000E+00  0.0000000E+00
  0.0000000E+00  0.0000000E+00
  0.0000000E+00  0.0000000E+00
  0.0000000E+00  0.0000000E+00
  0.0000000E+00  0.0000000E+00
  0.0000000E+00  0.0000000E+00
  0.0000000E+00  0.0000000E+00
  0.0000000E+00  0.0000000E+00
  0.0000000E+00  0.0000000E+00
  0.0000000E+00  0.0000000E+00
  0.0000000E+00  0.0000000E+00
  0.0000000E+00  0.0000000E+00
  0.0000000E+00  0.0000000E+00
  0.0000000E+00  0.0000000E+00
  0.0000000E+00  0.0000000E+00
  0.0000000E+00  0.0000000E+00
  0.0000000E+00  0.0000000E+00
  0.0000000E+00  0.0000000E+00
  0.0000000E+00  0.0000000E+00
  0.0000000E+00  0.0000000E+00
  0.0000000E+00  0.0000000E+00
  0.0000000E+00  0.0000000E+00
  0.0000000E+00  0.0000000E+00
  0.0000000E+00  0.0000000E+00
  0.0000000E+00  0.0000000E+00
  0.0000000E+00  0.0000000E+00
  0.0000000E+00  0.0000000E+00
  0.0000000E+00  0.0000000E+00
  0.0000000E+00  0.0000000E+00
  0.0000000E+00  0.0000000E+00
  0.0000000E+00  0.0000000E+00
  0.0000000E+00  0.0000000E+00
  0.0000000E+00  0.0000000E+00
  0.0000000E+00  0.0000000E+00
  0.0000000E+00  0.0000000E+00
  0.0000000E+00  0.0000000E+00
  0.0000000E+00  0.0000000E+00
  0.0000000E+00  0.0000000E+00
  0.0000000E+00  0.0000000E+00
  0.0000000E+00  0.0000000E+00
  0.0000000E+00  0.0000000E+00
  0.0000000E+00  0.0000000E+00
  0.0000000E+00  0.0000000E+00
  0.0000000E+00  0.0000000E+00
  0.0000000E+00  0.0000000E+00
  0.0000000E+00  0.0000000E+00
  0.0000000E+00  0.0000000E+00
  0.0000000E+00  0.0000000E+00
  0.0000000E+00  0.0000000E+00
  0.0000000E+00  0.0000000E+00
  0.0000000E+00  0.0000000E+00
  0.0000000E+00  0.0000000E+00
  0.0000000E+00  0.0000000E+00
  0.0000000E+00  0.0000000E+00
  0.0000000E+00  0.0000000E+00
  0.0000000E+00  0.0000000E+00
  0.0000000E+00  0.0000000E+00
  0.0000000E+00  0.0000000E+00
  0.0000000E+00  0.0000000E+00
  0.0000000E+00  0.0000000E+00
  0.0000000E+00  0.0000000E+00
  0.0000000E+00  0.0000000E+00
  0.0000000E+00  0.0000000E+00
  0.0000000E+00  0.0000000E+00
  0.0000000E+00  0.0000000E+00
  0.0000000E+00  0.0000000E+00
  0.0000000E+00  0.0000000E+00
  0.0000000E+00  0.0000000E+00
  0.0000000E+00  0.0000000E+00
  0.0000000E+00  0.0000000E+00
  0.0000000E+00  0.0000000E+00
  0.0000000E+00  0.0000000E+00
  0.0000000E+00  0.0000000E+00
  0.0000000E+00  0.0000000E+00
  0.0000000E+00  0.0000000E+00
  0.0000000E+00  0.0000000E+00
  0.0000000E+00  0.0000000E+00
  0.0000000E+00  0.0000000E+00
  0.0000000E+00  0.0000000E+00
  0.0000000E+00  0.0000000E+00
  0.0000000E+00  0.0000000E+00
  0.0000000E+00  0.0000000E+00
  0.0000000E+00  0.0000000E+00
  0.0000000E+00  0.0000000E+00
  0.0000000E+00  0.0000000E+00
  0.0000000E+00  0.0000000E+00
  0.0000000E+00  0.0000000E+00
  0.0000000E+00  0.0000000E+00
  0.0000000E+00  0.0000000E+00
  0.0000000E+00  0.0000000E+00
  0.0000000E+00  0.0000000E+00
  0.0000000E+00  0.0000000E+00
  0.0000000E+00  0.0000000E+00
  0.0000000E+00  0.0000000E+00
  0.0000000E+00  0.0000000E+00
  0.0000000E+00  0.0000000E+00
  0.0000000E+00  0.0000000E+00
  0.0000000E+00  0.0000000E+00
  0.0000000E+00  0.0000000E+00
  0.0000000E+00  0.0000000E+00
  0.0000000E+00  0.0000000E+00
  0.0000000E+00  0.0000000E+00
  0.0000000E+00  0.0000000E+00
  0.0000000E+00  0.0000000E+00
  0.0000000E+00  0.0000000E+00
  0.0000000E+00  0.0000000E+00
  0.0000000E+00  0.0000000E+00
  0.0000000E+00  0.0000000E+00
  0.0000000E+00  0.0000000E+00
  0.0000000E+00  0.0000000E+00
  0.0000000E+00  0.0000000E+00
  0.0000000E+00  0.0000000E+00
  0.0000000E+00  0.0000000E+00
  0.0000000E+00  0.0000000E+00
  0.0000000E+00  0.0000000E+00
  0.0000000E+00  0.0000000E+00
  0.0000000E+00  0.0000000E+00
  0.0000000E+00  0.0000000E+00
  0.0000000E+00  0.0000000E+00
  0.0000000E+00  0.0000000E+00
  0.0000000E+00  0.0000000E+00
  0.0000000E+00  0.0000000E+00
  0.0000000E+00  0.0000000E+00
  0.0000000E+00  0.0000000E+00
  0.0000000E+00  0.0000000E+00
  0.0000000E+00  0.0000000E+00
  0.0000000E+00  0.0000000E+00
  0.0000000E+00  0.0000000E+00
  0.0000000E+00  0.0000000E+00
  0.0000000E+00  0.0000000E+00
  0.0000000E+00  0.0000000E+00
  0.0000000E+00  0.0000000E+00
  0.0000000E+00  0.0000000E+00
  0.0000000E+00  0.0000000E+00
  0.0000000E+00  0.0000000E+00
  0.0000000E+00  0.0000000E+00
  0.0000000E+00  0.0000000E+00
  0.0000000E+00  0.0000000E+00
  0.0000000E+00  0.0000000E+00
  0.0000000E+00  0.0000000E+00
  0.0000000E+00  0.0000000E+00
  0.0000000E+00  0.0000000E+00
  0.0000000E+00  0.0000000E+00
  0.0000000E+00  0.0000000E+00
  0.0000000E+00  0.0000000E+00
  0.0000000E+00  0.0000000E+00
  0.0000000E+00  0.0000000E+00
  0.0000000E+00  0.0000000E+00
  0.0000000E+00  0.0000000E+00
  0.0000000E+00  0.0000000E+00
  0.0000000E+00  0.0000000E+00
  0.0000000E+00  0.0000000E+00
  0.0000000E+00  0.0000000E+00
  0.0000000E+00  0.0000000E+00
  0.0000000E+00  0.0000000E+00
  0.0000000E+00  0.0000000E+00
  0.0000000E+00  0.0000000E+00
  0.0000000E+00  0.0000000E+00
  0.0000000E+00  0.0000000E+00
  0.0000000E+00  0.0000000E+00
  0.0000000E+00  0.0000000E+00
  0.0000000E+00  0.0000000E+00
  0.0000000E+00  0.0000000E+00
  0.0000000E+00  0.0000000E+00
  0.0000000E+00  0.0000000E+00
  0.0000000E+00  0.0000000E+00
  0.0000000E+00  0.0000000E+00
  0.0000000E+00  0.0000000E+00
  0.0000000E+00  0.0000000E+00
  0.0000000E+00  0.0000000E+00
  0.0000000E+00  0.0000000E+00
  0.0000000E+00  0.0000000E+00
  0.0000000E+00  0.0000000E+00
  0.0000000E+00  0.0000000E+00
  0.0000000E+00  0.0000000E+00
  0.0000000E+00  0.0000000E+00
  0.0000000E+00  0.0000000E+00
  0.0000000E+00  0.0000000E+00
  0.0000000E+00  0.0000000E+00
  0.0000000E+00  0.0000000E+00
  0.0000000E+00  0.0000000E+00
  0.0000000E+00  0.0000000E+00
  0.0000000E+00  0.0000000E+00
  0.0000000E+00  0.0000000E+00
  0.0000000E+00  0.0000000E+00
  0.0000000E+00  0.0000000E+00
  0.0000000E+00  0.0000000E+00
  0.0000000E+00  0.0000000E+00
  0.0000000E+00  0.0000000E+00
  0.0000000E+00  0.0000000E+00
  0.0000000E+00  0.0000000E+00
  0.0000000E+00  0.0000000E+00
  0.0000000E+00  0.0000000E+00
  0.0000000E+00  0.0000000E+00
  0.0000000E+00  0.0000000E+00
  0.0000000E+00  0.0000000E+00
  0.0000000E+00  0.0000000E+00
  0.0000000E+00  0.0000000E+00
  0.0000000E+00  0.0000000E+00
  0.0000000E+00  0.0000000E+00
  0.0000000E+00  0.0000000E+00
  0.0000000E+00  0.0000000E+00
  0.0000000E+00  0.0000000E+00
  0.0000000E+00  0.0000000E+00
  0.0000000E+00  0.0000000E+00
  0.0000000E+00  0.0000000E+00
  0.0000000E+00  0.0000000E+00
  0.0000000E+00  0.0000000E+00
  0.0000000E+00  0.0000000E+00
  0.0000000E+00  0.0000000E+00
  0.0000000E+00  0.0000000E+00
  0.0000000E+00  0.0000000E+00
  0.0000000E+00  0.0000000E+00
  0.0000000E+00  0.0000000E+00
  0.0000000E+00  0.0000000E+00
  0.0000000E+00  0.0000000E+00
  0.0000000E+00  0.0000000E+00
  0.0000000E+00  0.0000000E+00
  0.0000000E+00  0.0000000E+00
  0.0000000E+00  0.0000000E+00
  0.0000000E+00  0.0000000E+00
  0.0000000E+00  0.0000000E+00
  0.0000000E+00  0.0000000E+00
  0.0000000E+00  0.0000000E+00
  0.0000000E+00  0.0000000E+00
  0.0000000E+00  0.0000000E+00
  0.0000000E+00  0.0000000E+00
  0.0000000E+00  0.0000000E+00
  0.0000000E+00  0.0000000E+00
  0.0000000E+00  0.0000000E+00
  0.0000000E+00  0.0000000E+00
  0.0000000E+00  0.0000000E+00
  0.0000000E+00  0.0000000E+00
  0.0000000E+00  0.0000000E+00
  0.0000000E+00  0.0000000E+00
  0.0000000E+00  0.0000000E+00
  0.0000000E+00  0.0000000E+00
  0.0000000E+00  0.0000000E+00
  0.0000000E+00  0.0000000E+00
  0.0000000E+00  0.0000000E+00
  0.0000000E+00  0.0000000E+00
  0.0000000E+00  0.0000000E+00
  0.0000000E+00  0.0000000E+00
  0.0000000E+00  0.0000000E+00
  0.0000000E+00  0.0000000E+00
  0.0000000E+00  0.0000000E+00
  0.0000000E+00  0.0000000E+00
  0.0000000E+00  0.0000000E+00
  0.0000000E+00  0.0000000E+00
  0.0000000E+00  0.0000000E+00
  0.0000000E+00  0.0000000E+00
  0.0000000E+00  0.0000000E+00
  0.0000000E+00  0.0000000E+00
  0.0000000E+00  0.0000000E+00
  0.0000000E+00  0.0000000E+00
  0.0000000E+00  0.0000000E+00
  0.0000000E+00  0.0000000E+00
  0.0000000E+00  0.0000000E+00
  0.0000000E+00  0.0000000E+00
  0.0000000E+00  0.0000000E+00
  0.0000000E+00  0.0000000E+00
  0.0000000E+00  0.0000000E+00
  0.0000000E+00  0.0000000E+00
  0.0000000E+00  0.0000000E+00
  0.0000000E+00  0.0000000E+00
  0.0000000E+00  0.0000000E+00
  0.0000000E+00  0.0000000E+00
  0.0000000E+00  0.0000000E+00
  0.0000000E+00  0.0000000E+00
  0.0000000E+00  0.0000000E+00
  0.0000000E+00  0.0000000E+00
  0.0000000E+00  0.0000000E+00
  0.0000000E+00  0.0000000E+00
  0.0000000E+00  0.0000000E+00
  0.0000000E+00  0.0000000E+00
  0.0000000E+00  0.0000000E+00
  0.0000000E+00  0.0000000E+00
  0.0000000E+00  0.0000000E+00
  0.0000000E+00  0.0000000E+00
  0.0000000E+00  0.0000000E+00
  0.0000000E+00  0.0000000E+00
  0.0000000E+00  0.0000000E+00
  0.0000000E+00  0.0000000E+00
  0.0000000E+00  0.0000000E+00
  0.0000000E+00  0.0000000E+00
  0.0000000E+00  0.0000000E+00
  0.0000000E+00  0.0000000E+00
  0.0000000E+00  0.0000000E+00
  0.0000000E+00  0.0000000E+00
  0.0000000E+00  0.0000000E+00
  0.0000000E+00  0.0000000E+00
  0.0000000E+00  0.0000000E+00
  0.0000000E+00  0.0000000E+00
  0.0000000E+00  0.0000000E+00
  0.0000000E+00  0.0000000E+00
  0.0000000E+00  0.0000000E+00
  0.0000000E+00  0.0000000E+00
  0.0000000E+00  0.0000000E+00
  0.0000000E+00  0.0000000E+00
  0.0000000E+00  0.0000000E+00
  0.0000000E+00  0.0000000E+00
  0.0000000E+00  0.0000000E+00
  0.0000000E+00  0.0000000E+00
  0.0000000E+00  0.0000000E+00
  0.0000000E+00  0.0000000E+00
  0.0000000E+00  0.0000000E+00
  0.0000000E+00  0.0000000E+00
  0.0000000E+00  0.0000000E+00
  0.0000000E+00  0.0000000E+00
  0.0000000E+00  0.0000000E+00
  0.0000000E+00  0.0000000E+00
  0.0000000E+00  0.0000000E+00
  0.0000000E+00  0.0000000E+00
  0.0000000E+00  0.0000000E+00
  0.0000000E+00  0.0000000E+00
  0.0000000E+00  0.0000000E+00
  0.0000000E+00  0.0000000E+00
  0.0000000E+00  0.0000000E+00
  0.0000000E+00  0.0000000E+00
  0.0000000E+00  0.0000000E+00
  0.0000000E+00  0.0000000E+00
  0.0000000E+00  0.0000000E+00
  0.0000000E+00  0.0000000E+00
  0.0000000E+00  0.0000000E+00
  0.0000000E+00  0.0000000E+00
  0.0000000E+00  0.0000000E+00
  0.0000000E+00  0.0000000E+00
  0.0000000E+00  0.0000000E+00
  0.0000000E+00  0.0000000E+00
  0.0000000E+00  0.0000000E+00
  0.0000000E+00  0.0000000E+00
  0.0000000E+00  0.0000000E+00
  0.0000000E+00  0.0000000E+00
  0.0000000E+00  0.0000000E+00
  0.0000000E+00  0.0000000E+00
  0.0000000E+00  0.0000000E+00
  0.0000000E+00  0.0000000E+00
  0.0000000E+00  0.0000000E+00
  0.0000000E+00  0.0000000E+00
  0.0000000E+00  0.0000000E+00
  0.0000000E+00  0.0000000E+00
  0.0000000E+00  0.0000000E+00
  0.0000000E+00  0.0000000E+00
  0.0000000E+00  0.0000000E+00
  0.0000000E+00  0.0000000E+00
  0.0000000E+00  0.0000000E+00
  0.0000000E+00  0.0000000E+00
  0.0000000E+00  0.0000000E+00
  0.0000000E+00  0.0000000E+00
  0.0000000E+00  0.0000000E+00
  0.0000000E+00  0.0000000E+00
  0.0000000E+00  0.0000000E+00
  0.0000000E+00  0.0000000E+00
  0.0000000E+00  0.0000000E+00
  0.0000000E+00  0.0000000E+00
  0.0000000E+00  0.0000000E+00
  0.0000000E+00  0.0000000E+00
  0.0000000E+00  0.0000000E+00
  0.0000000E+00  0.0000000E+00
  0.0000000E+00  0.0000000E+00
  0.0000000E+00  0.0000000E+00
  0.0000000E+00  0.0000000E+00
  0.0000000E+00  0.0000000E+00
  0.0000000E+00  0.0000000E+00
  0.0000000E+00  0.0000000E+00
  0.0000000E+00  0.0000000E+00
  0.0000000E+00  0.0000000E+00
  0.0000000E+00  0.0000000E+00
  0.0000000E+00  0.0000000E+00
  0.0000000E+00  0.0000000E+00
  0.0000000E+00  0.0000000E+00
  0.0000000E+00  0.0000000E+00
  0.0000000E+00  0.0000000E+00
  0.0000000E+00  0.0000000E+00
  0.0000000E+00  0.0000000E+00
  0.0000000E+00  0.0000000E+00
  0.0000000E+00  0.0000000E+00
  0.0000000E+00  0.0000000E+00
  0.0000000E+00  0.0000000E+00
  0.0000000E+00  0.0000000E+00
  0.0000000E+00  0.0000000E+00
  0.0000000E+00  0.0000000E+00
  0.0000000E+00  0.0000000E+00
  0.0000000E+00  0.0000000E+00
  0.0000000E+00  0.0000000E+00
  0.0000000E+00  0.0000000E+00
  0.0000000E+00  0.0000000E+00
  0.0000000E+00  0.0000000E+00
  0.0000000E+00  0.0000000E+00
  0.0000000E+00  0.0000000E+00
  0.0000000E+00  0.0000000E+00
  0.0000000E+00  0.0000000E+00
  0.0000000E+00  0.0000000E+00
  0.0000000E+00  0.0000000E+00
  0.0000000E+00  0.0000000E+00
  0.0000000E+00  0.0000000E+00
  0.0000000E+00  0.0000000E+00
  0.0000000E+00  0.0000000E+00
  0.0000000E+00  0.0000000E+00
  0.0000000E+00  0.0000000E+00
  0.0000000E+00  0.0000000E+00
  0.0000000E+00  0.0000000E+00
  0.0000000E+00  0.0000000E+00
  0.0000000E+00  0.0000000E+00
  0.0000000E+00  0.0000000E+00
  0.0000000E+00  0.0000000E+00
  0.0000000E+00  0.0000000E+00
  0.0000000E+00  0.0000000E+00
  0.0000000E+00  0.0000000E+00
  0.0000000E+00  0.0000000E+00
  0.0000000E+00  0.0000000E+00
  0.0000000E+00  0.0000000E+00
  0.0000000E+00  0.0000000E+00
  0.0000000E+00  0.0000000E+00
  0.0000000E+00  0.0000000E+00
  0.0000000E+00  0.0000000E+00
  0.0000000E+00  0.0000000E+00
  0.0000000E+00  0.0000000E+00
  0.0000000E+00  0.0000000E+00
  0.0000000E+00  0.0000000E+00
  0.0000000E+00  0.0000000E+00
  0.0000000E+00  0.0000000E+00
  0.0000000E+00  0.0000000E+00
  0.0000000E+00  0.0000000E+00
  0.0000000E+00  0.0000000E+00
  0.0000000E+00  0.0000000E+00
  0.0000000E+00  0.0000000E+00
  0.0000000E+00  0.0000000E+00
  0.0000000E+00  0.0000000E+00
  0.0000000E+00  0.0000000E+00
  0.0000000E+00  0.0000000E+00
  0.0000000E+00  0.0000000E+00
  0.0000000E+00  0.0000000E+00
  0.0000000E+00  0.0000000E+00
  0.0000000E+00  0.0000000E+00
  0.0000000E+00  0.0000000E+00
  0.0000000E+00  0.0000000E+00
  0.0000000E+00  0.0000000E+00
  0.0000000E+00  0.0000000E+00
  0.0000000E+00  0.0000000E+00
  0.0000000E+00  0.0000000E+00
  0.0000000E+00  0.0000000E+00
  0.0000000E+00  0.0000000E+00
  0.0000000E+00  0.0000000E+00
  0.0000000E+00  0.0000000E+00
  0.0000000E+00  0.0000000E+00
  0.0000000E+00  0.0000000E+00
  0.0000000E+00  0.0000000E+00
  0.0000000E+00  0.0000000E+00
  0.0000000E+00  0.0000000E+00
  0.0000000E+00  0.0000000E+00
  0.0000000E+00  0.0000000E+00
  0.0000000E+00  0.0000000E+00
  0.0000000E+00  0.0000000E+00
  0.0000000E+00  0.0000000E+00
  0.0000000E+00  0.0000000E+00
  0.0000000E+00  0.0000000E+00
  0.0000000E+00  0.0000000E+00
  0.0000000E+00  0.0000000E+00
  0.0000000E+00  0.0000000E+00
  0.0000000E+00  0.0000000E+00
  0.0000000E+00  0.0000000E+00
  0.0000000E+00  0.0000000E+00
  0.0000000E+00  0.0000000E+00
  0.0000000E+00  0.0000000E+00
  0.0000000E+00  0.0000000E+00
  0.0000000E+00  0.0000000E+00
  0.0000000E+00  0.0000000E+00
  0.0000000E+00  0.0000000E+00
  0.0000000E+00  0.0000000E+00
  0.0000000E+00  0.0000000E+00
  0.0000000E+00  0.0000000E+00
  0.0000000E+00  0.0000000E+00
  0.0000000E+00  0.0000000E+00
  0.0000000E+00  0.0000000E+00
  0.0000000E+00  0.0000000E+00
  0.0000000E+00  0.0000000E+00
  0.0000000E+00  0.0000000E+00
  0.0000000E+00  0.0000000E+00
  0.0000000E+00  0.0000000E+00
  0.0000000E+00  0.0000000E+00
  0.0000000E+00  0.0000000E+00
  0.0000000E+00  0.0000000E+00
  0.0000000E+00  0.0000000E+00
  0.0000000E+00  0.0000000E+00
  0.0000000E+00  0.0000000E+00
  0.0000000E+00  0.0000000E+00
  0.0000000E+00  0.0000000E+00
  0.0000000E+00  0.0000000E+00
  0.0000000E+00  0.0000000E+00
  0.0000000E+00  0.0000000E+00
  0.0000000E+00  0.0000000E+00
  0.0000000E+00  0.0000000E+00
  0.0000000E+00  0.0000000E+00
  0.0000000E+00  0.0000000E+00
  0.0000000E+00  0.0000000E+00
  0.0000000E+00  0.0000000E+00
  0.0000000E+00  0.0000000E+00
  0.0000000E+00  0.0000000E+00
  0.0000000E+00  0.0000000E+00
  0.0000000E+00  0.0000000E+00
  0.0000000E+00  0.0000000E+00
  0.0000000E+00  0.0000000E+00
  0.0000000E+00  0.0000000E+00
  0.0000000E+00  0.0000000E+00
  0.0000000E+00  0.0000000E+00
  0.0000000E+00  0.0000000E+00
  0.0000000E+00  0.0000000E+00
  0.0000000E+00  0.0000000E+00
  0.0000000E+00  0.0000000E+00
  0.0000000E+00  0.0000000E+00
  0.0000000E+00  0.0000000E+00
  0.0000000E+00  0.0000000E+00
  0.0000000E+00  0.0000000E+00
  0.0000000E+00  0.0000000E+00
  0.0000000E+00  0.0000000E+00
  0.0000000E+00  0.0000000E+00
  0.0000000E+00  0.0000000E+00
  0.0000000E+00  0.0000000E+00
  0.0000000E+00  0.0000000E+00
  0.0000000E+00  0.0000000E+00
  0.0000000E+00  0.0000000E+00
  0.0000000E+00  0.0000000E+00
  0.0000000E+00  0.0000000E+00
  0.0000000E+00  0.0000000E+00
  0.0000000E+00  0.0000000E+00
  0.0000000E+00  0.0000000E+00
  0.0000000E+00  0.0000000E+00
  0.0000000E+00  0.0000000E+00
  0.0000000E+00  0.0000000E+00
  0.0000000E+00  0.0000000E+00
  0.0000000E+00  0.0000000E+00
  0.0000000E+00  0.0000000E+00
  0.0000000E+00  0.0000000E+00
  0.0000000E+00  0.0000000E+00
  0.0000000E+00  0.0000000E+00
  0.0000000E+00  0.0000000E+00
  0.0000000E+00  0.0000000E+00
  0.0000000E+00  0.0000000E+00
  0.0000000E+00  0.0000000E+00
  0.0000000E+00  0.0000000E+00
  0.0000000E+00  0.0000000E+00
  0.0000000E+00  0.0000000E+00
  0.0000000E+00  0.0000000E+00
  0.0000000E+00  0.0000000E+00
  0.0000000E+00  0.0000000E+00
  0.0000000E+00  0.0000000E+00
  0.0000000E+00  0.0000000E+00
  0.0000000E+00  0.0000000E+00
  0.0000000E+00  0.0000000E+00
  0.0000000E+00  0.0000000E+00
  0.0000000E+00  0.0000000E+00
  0.0000000E+00  0.0000000E+00
  0.0000000E+00  0.0000000E+00
  0.0000000E+00  0.0000000E+00
  0.0000000E+00  0.0000000E+00
  0.0000000E+00  0.0000000E+00
  0.0000000E+00  0.0000000E+00
  0.0000000E+00  0.0000000E+00
  0.0000000E+00  0.0000000E+00
  0.0000000E+00  0.0000000E+00
  0.0000000E+00  0.0000000E+00
  0.0000000E+00  0.0000000E+00
  0.0000000E+00  0.0000000E+00
  0.0000000E+00  0.0000000E+00
  0.0000000E+00  0.0000000E+00
  0.0000000E+00  0.0000000E+00
  0.0000000E+00  0.0000000E+00
  0.0000000E+00  0.0000000E+00
  0.0000000E+00  0.0000000E+00
  0.0000000E+00  0.0000000E+00
  0.0000000E+00  0.0000000E+00
  0.0000000E+00  0.0000000E+00
  0.0000000E+00  0.0000000E+00
  0.0000000E+00  0.0000000E+00
  0.0000000E+00  0.0000000E+00
  0.0000000E+00  0.0000000E+00
  0.0000000E+00  0.0000000E+00
  0.0000000E+00  0.0000000E+00
  0.0000000E+00  0.0000000E+00
  0.0000000E+00  0.0000000E+00
  0.0000000E+00  0.0000000E+00
  0.0000000E+00  0.0000000E+00
  0.0000000E+00  0.0000000E+00
  0.0000000E+00  0.0000000E+00
  0.0000000E+00  0.0000000E+00
  0.0000000E+00  0.0000000E+00
  0.0000000E+00  0.0000000E+00
  0.0000000E+00  0.0000000E+00
  0.0000000E+00  0.0000000E+00
  0.0000000E+00  0.0000000E+00
  0.0000000E+00  0.0000000E+00
  0.0000000E+00  0.0000000E+00
  0.0000000E+00  0.0000000E+00
  0.0000000E+00  0.0000000E+00
  0.0000000E+00  0.0000000E+00
  0.0000000E+00  0.0000000E+00
  0.0000000E+00  0.0000000E+00
  0.0000000E+00  0.0000000E+00
  0.0000000E+00  0.0000000E+00
  0.0000000E+00  0.0000000E+00
  0.0000000E+00  0.0000000E+00
  0.0000000E+00  0.0000000E+00
  0.0000000E+00  0.0000000E+00
  0.0000000E+00  0.0000000E+00
  0.0000000E+00  0.0000000E+00
  0.0000000E+00  0.0000000E+00
  0.0000000E+00  0.0000000E+00
  0.0000000E+00  0.0000000E+00
  0.0000000E+00  0.0000000E+00
  0.0000000E+00  0.0000000E+00
  0.0000000E+00  0.0000000E+00
  0.0000000E+00  0.0000000E+00
  0.0000000E+00  0.0000000E+00
  0.0000000E+00  0.0000000E+00
  0.0000000E+00  0.0000000E+00
  0.0000000E+00  0.0000000E+00
  0.0000000E+00  0.0000000E+00
  0.0000000E+00  0.0000000E+00
  0.0000000E+00  0.0000000E+00
  0.0000000E+00  0.0000000E+00
  0.0000000E+00  0.0000000E+00
  0.0000000E+00  0.0000000E+00
  0.0000000E+00  0.0000000E+00
  0.0000000E+00  0.0000000E+00
  0.0000000E+00  0.0000000E+00
  0.0000000E+00  0.0000000E+00
  0.0000000E+00  0.0000000E+00
  0.0000000E+00  0.0000000E+00
  0.0000000E+00  0.0000000E+00
  0.0000000E+00  0.0000000E+00
  0.0000000E+00  0.0000000E+00
  0.0000000E+00  0.0000000E+00
  0.0000000E+00  0.0000000E+00
  0.0000000E+00  0.0000000E+00
  0.0000000E+00  0.0000000E+00
  0.0000000E+00  0.0000000E+00
  0.0000000E+00  0.0000000E+00
  0.0000000E+00  0.0000000E+00
  0.0000000E+00  0.0000000E+00
  0.0000000E+00  0.0000000E+00
  0.0000000E+00  0.0000000E+00
  0.0000000E+00  0.0000000E+00
  0.0000000E+00  0.0000000E+00
  0.0000000E+00  0.0000000E+00
  0.0000000E+00  0.0000000E+00
  0.0000000E+00  0.0000000E+00
  0.0000000E+00  0.0000000E+00
  0.0000000E+00  0.0000000E+00
  0.0000000E+00  0.0000000E+00
  0.0000000E+00  0.0000000E+00
  0.0000000E+00  0.0000000E+00
  0.0000000E+00  0.0000000E+00
  0.0000000E+00  0.0000000E+00
  0.0000000E+00  0.0000000E+00
  0.0000000E+00  0.0000000E+00
  0.0000000E+00  0.0000000E+00
  0.0000000E+00  0.0000000E+00
  0.0000000E+00  0.0000000E+00
  0.0000000E+00  0.0000000E+00
  0.0000000E+00  0.0000000E+00
  0.0000000E+00  0.0000000E+00
  0.0000000E+00  0.0000000E+00
  0.0000000E+00  0.0000000E+00
  0.0000000E+00  0.0000000E+00
  0.0000000E+00  0.0000000E+00
  0.0000000E+00  0.0000000E+00
  0.0000000E+00  0.0000000E+00
  0.0000000E+00  0.0000000E+00
  0.0000000E+00  0.0000000E+00
  0.0000000E+00  0.0000000E+00
  0.0000000E+00  0.0000000E+00
  0.0000000E+00  0.0000000E+00
  0.0000000E+00  0.0000000E+00
  0.0000000E+00  0.0000000E+00
  0.0000000E+00  0.0000000E+00
  0.0000000E+00  0.0000000E+00
  0.0000000E+00  0.0000000E+00
  0.0000000E+00  0.0000000E+00
  0.0000000E+00  0.0000000E+00
  0.0000000E+00  0.0000000E+00
  0.0000000E+00  0.0000000E+00
  0.0000000E+00  0.0000000E+00
  0.0000000E+00  0.0000000E+00
  0.0000000E+00  0.0000000E+00
  0.0000000E+00  0.0000000E+00
  0.0000000E+00  0.0000000E+00
  0.0000000E+00  0.0000000E+00
  0.0000000E+00  0.0000000E+00
  0.0000000E+00  0.0000000E+00
  0.0000000E+00  0.0000000E+00
  0.0000000E+00  0.0000000E+00
  0.0000000E+00  0.0000000E+00
  0.0000000E+00  0.0000000E+00
  0.0000000E+00  0.0000000E+00
  0.0000000E+00  0.0000000E+00
  0.0000000E+00  0.0000000E+00
  0.0000000E+00  0.0000000E+00
  0.0000000E+00  0.0000000E+00
  0.0000000E+00  0.0000000E+00
  0.0000000E+00  0.0000000E+00
  0.0000000E+00  0.0000000E+00
  0.0000000E+00  0.0000000E+00
  0.0000000E+00  0.0000000E+00
  0.0000000E+00  0.0000000E+00
  0.0000000E+00  0.0000000E+00
  0.0000000E+00  0.0000000E+00
  0.0000000E+00  0.0000000E+00
  0.0000000E+00  0.0000000E+00
  0.0000000E+00  0.0000000E+00
  0.0000000E+00  0.0000000E+00
  0.0000000E+00  0.0000000E+00
  0.0000000E+00  0.0000000E+00
  0.0000000E+00  0.0000000E+00
  0.0000000E+00  0.0000000E+00
  0.0000000E+00  0.0000000E+00
  0.0000000E+00  0.0000000E+00
  0.0000000E+00  0.0000000E+00
  0.0000000E+00  0.0000000E+00
  0.0000000E+00  0.0000000E+00
  0.0000000E+00  0.0000000E+00
  0.0000000E+00  0.0000000E+00
  0.0000000E+00  0.0000000E+00
  0.0000000E+00  0.0000000E+00
  0.0000000E+00  0.0000000E+00
  0.0000000E+00  0.0000000E+00
  0.0000000E+00  0.0000000E+00
  0.0000000E+00  0.0000000E+00
  0.0000000E+00  0.0000000E+00
  0.0000000E+00  0.0000000E+00
  0.0000000E+00  0.0000000E+00
  0.0000000E+00  0.0000000E+00
  0.0000000E+00  0.0000000E+00
  0.0000000E+00  0.0000000E+00
  0.0000000E+00  0.0000000E+00
  0.0000000E+00  0.0000000E+00
  0.0000000E+00  0.0000000E+00
  0.0000000E+00  0.0000000E+00
  0.0000000E+00  0.0000000E+00
  0.0000000E+00  0.0000000E+00
  0.0000000E+00  0.0000000E+00
  0.0000000E+00  0.0000000E+00
  0.0000000E+00  0.0000000E+00
  0.0000000E+00  0.0000000E+00
  0.0000000E+00  0.0000000E+00
  0.0000000E+00  0.0000000E+00
  0.0000000E+00  0.0000000E+00
  0.0000000E+00  0.0000000E+00
  0.0000000E+00  0.0000000E+00
  0.0000000E+00  0.0000000E+00
  0.0000000E+00  0.0000000E+00
  0.0000000E+00  0.0000000E+00
  0.0000000E+00  0.0000000E+00
  0.0000000E+00  0.0000000E+00
  0.0000000E+00  0.0000000E+00
  0.0000000E+00  0.0000000E+00
  0.0000000E+00  0.0000000E+00
  0.0000000E+00  0.0000000E+00
  0.0000000E+00  0.0000000E+00
  0.0000000E+00  0.0000000E+00
  0.0000000E+00  0.0000000E+00
  0.0000000E+00  0.0000000E+00
  0.0000000E+00  0.0000000E+00
  0.0000000E+00  0.0000000E+00
  0.0000000E+00  0.0000000E+00
  0.0000000E+00  0.0000000E+00
  0.0000000E+00  0.0000000E+00
  0.0000000E+00  0.0000000E+00
  0.0000000E+00  0.0000000E+00
  0.0000000E+00  0.0000000E+00
  0.0000000E+00  0.0000000E+00
  0.0000000E+00  0.0000000E+00
  0.0000000E+00  0.0000000E+00
  0.0000000E+00  0.0000000E+00
  0.0000000E+00  0.0000000E+00
  0.0000000E+00  0.0000000E+00
  0.0000000E+00  0.0000000E+00
  0.0000000E+00  0.0000000E+00
  0.0000000E+00  0.0000000E+00
  0.0000000E+00  0.0000000E+00
  0.0000000E+00  0.0000000E+00
  0.0000000E+00  0.0000000E+00
  0.0000000E+00  0.0000000E+00
  0.0000000E+00  0.0000000E+00
  0.0000000E+00  0.0000000E+00
  0.0000000E+00  0.0000000E+00
  0.0000000E+00  0.0000000E+00
  0.0000000E+00  0.0000000E+00
  0.0000000E+00  0.0000000E+00
  0.0000000E+00  0.0000000E+00
  0.0000000E+00  0.0000000E+00
  0.0000000E+00  0.0000000E+00
  0.0000000E+00  0.0000000E+00
  0.0000000E+00  0.0000000E+00
  0.0000000E+00  0.0000000E+00
  0.0000000E+00  0.0000000E+00
  0.0000000E+00  0.0000000E+00
