Nb de periode :    30
 0.1000
  0.876078E+02 -0.827834E-04 -0.247167E+01  0.172376E-02 -0.595737E+04 -0.140426E-08
  0.170432E-06  0.880078E+02 -0.306638E-06  0.598480E+04  0.161054E-04  0.589636E-03
  0.251199E-01  0.101681E-01  0.507725E+03 -0.119463E+00 -0.104500E+01 -0.209548E-07
  0.244379E-04  0.598430E+04  0.303984E-05  0.406828E+06 -0.583708E-03  0.401062E-01
 -0.595674E+04  0.141239E-02  0.113750E+03  0.374093E-01  0.404943E+06  0.203727E-07
  0.166978E-11  0.591594E-03 -0.103562E-11  0.402506E-01  0.191349E-10  0.509436E-08
 0.2000
  0.127914E+04  0.265688E-04 -0.551291E+01 -0.378647E-02 -0.812111E+05 -0.198052E-07
 -0.200421E-05  0.128493E+04 -0.521168E-05  0.815849E+05  0.319347E-03  0.917865E-02
  0.497477E-01 -0.126266E-01  0.861758E+03 -0.246927E+00 -0.925091E+00 -0.568107E-07
  0.153542E-03  0.815734E+05 -0.207424E-03  0.517703E+07 -0.228262E-01  0.582761E+00
 -0.811984E+05  0.230503E-02  0.235335E+03  0.143622E+00  0.515278E+07 -0.652391E-06
  0.352998E-10  0.953797E-02 -0.300702E-10  0.605691E+00 -0.385398E-08  0.855474E-07
 0.3000
  0.951090E+04 -0.757515E-03 -0.727805E+01 -0.149924E-01 -0.524794E+06  0.105618E-06
  0.405908E-04  0.955327E+04 -0.226498E-05  0.527226E+06  0.123310E-02  0.786553E-01
 -0.487592E-01 -0.333805E-01  0.631474E+03  0.115395E+00  0.791033E+01 -0.115018E-06
 -0.271988E-02  0.527088E+06 -0.230598E-02  0.290779E+08  0.905609E-02  0.434175E+01
 -0.524636E+06 -0.965881E-02  0.268976E+03 -0.774685E+00  0.289374E+08 -0.701007E-05
  0.241016E-09  0.858195E-01 -0.561613E-10  0.473904E+01 -0.195596E-07  0.776952E-06
 0.4000
  0.351879E+05  0.939131E-03 -0.549856E+01 -0.265133E-02 -0.158224E+07  0.341068E-06
 -0.607967E-05  0.353380E+05  0.126958E-04  0.158947E+07  0.140691E-02  0.364845E+00
 -0.735345E+00 -0.316143E-02  0.164628E+03 -0.268555E-02  0.388595E+02  0.318978E-07
 -0.130844E-02  0.158898E+07  0.172806E-02  0.712246E+08 -0.303951E+00  0.164531E+02
 -0.158160E+07 -0.281906E-02  0.173070E+03 -0.121349E+01  0.708721E+08  0.594743E-04
 -0.478303E-08  0.411751E+00 -0.430191E-09  0.185814E+02 -0.250147E-07  0.441799E-05
 0.5000
  0.812316E+05  0.359416E-03 -0.449728E+01 -0.387061E-02 -0.280661E+07  0.957749E-06
 -0.237465E-03  0.815518E+05  0.210702E-04  0.281895E+07 -0.222914E-01  0.110071E+01
 -0.277928E+01  0.929292E-03  0.641161E+01 -0.317624E-01  0.991793E+02  0.565688E-07
  0.724792E-02  0.281816E+07  0.316620E-03  0.962782E+08 -0.259701E+00  0.383360E+02
 -0.280535E+07 -0.473404E-02  0.132897E+03 -0.545849E+00  0.957955E+08  0.539282E-04
  0.673208E-08  0.126072E+01  0.678483E-09  0.439457E+02  0.330461E-06  0.179101E-04
 0.6000
  0.148118E+06 -0.131726E-03 -0.752523E+01 -0.196555E-01 -0.378559E+07  0.112799E-05
 -0.239670E-03  0.148640E+06  0.154525E-04  0.380116E+07 -0.770801E-02  0.259242E+01
 -0.719904E+01 -0.703987E-03  0.151093E+01 -0.898402E-02  0.188973E+03 -0.357704E-08
  0.633907E-02  0.380057E+07  0.421762E-03  0.941771E+08 -0.306702E-02  0.673635E+02
 -0.378405E+07  0.138521E-01  0.190183E+03 -0.172944E+01  0.937097E+08  0.175931E-03
  0.142199E-07  0.297950E+01  0.723503E-09  0.774669E+02  0.999146E-06  0.565318E-04
 0.7000
  0.239686E+06  0.106197E-02 -0.154743E+02  0.307827E-01 -0.454037E+07  0.789198E-05
  0.169691E-03  0.240405E+06  0.889692E-05  0.455718E+07 -0.166225E-02  0.518973E+01
 -0.155788E+02  0.264496E-06  0.326237E+00  0.339903E-03  0.303093E+03  0.147247E-08
 -0.118551E-01  0.455697E+07 -0.369310E-03  0.817432E+08  0.348906E+00  0.100676E+03
 -0.453880E+07 -0.414226E-01  0.299523E+03 -0.524836E-01  0.813582E+08 -0.946833E-04
 -0.193183E-07  0.593904E+01  0.147679E-09  0.115217E+03 -0.329540E-06  0.151233E-03
 0.8000
  0.359899E+06  0.213474E-03 -0.293678E+02  0.246969E-01 -0.519832E+07  0.138601E-04
  0.826605E-03  0.360796E+06  0.477210E-05  0.521522E+07 -0.932933E-02  0.912200E+01
 -0.295929E+02  0.119465E-05  0.125134E+00  0.256285E-04  0.441654E+03  0.366413E-09
  0.531673E-02  0.521696E+07 -0.818968E-04  0.702751E+08  0.934780E-01  0.135370E+03
 -0.519829E+07  0.156465E-01  0.437634E+03  0.651973E+00  0.699714E+08  0.108862E-04
 -0.108822E-06  0.103962E+02  0.767955E-10  0.154176E+03  0.898935E-06  0.335786E-03
 0.9000
  0.503197E+06 -0.676647E-03 -0.503776E+02  0.638416E-01 -0.573079E+07  0.249930E-04
 -0.198340E-02  0.504215E+06 -0.123121E-04  0.574697E+07 -0.690734E-02  0.142709E+02
 -0.507216E+02  0.287449E-03  0.768770E-01 -0.190174E-02  0.597322E+03  0.145191E-08
 -0.630212E-02  0.574988E+07 -0.525445E-03  0.607952E+08  0.639538E-01  0.166832E+03
 -0.573180E+07  0.282979E-02  0.592769E+03 -0.949939E-01  0.605587E+08 -0.406285E-03
 -0.579092E-06  0.161699E+02  0.473847E-09  0.188840E+03  0.390807E-05  0.725801E-03
 1.0000
  0.655726E+06 -0.934142E-03 -0.781222E+02  0.255352E-01 -0.605224E+07  0.323351E-04
 -0.141966E-02  0.656736E+06  0.569076E-04  0.606630E+07  0.587585E-02  0.199530E+02
 -0.786978E+02 -0.724944E-04  0.113445E+00 -0.301680E-02  0.750721E+03 -0.125963E-07
  0.846202E-02  0.607069E+07  0.520627E-03  0.519556E+08  0.123315E+00  0.188398E+03
 -0.605467E+07  0.259091E-01  0.744951E+03  0.161275E+00  0.517827E+08 -0.620207E-03
 -0.716873E-06  0.224685E+02  0.961364E-10  0.211791E+03  0.769885E-05  0.129615E-02
 1.1000
  0.784694E+06 -0.352805E-02 -0.108948E+03 -0.522080E-02 -0.598525E+07 -0.725918E-04
  0.101952E-03  0.785596E+06 -0.632021E-04  0.599639E+07  0.777693E-02  0.246922E+02
 -0.109616E+03  0.120189E-03  0.101032E+00 -0.218108E-03  0.864825E+03 -0.343037E-09
 -0.244394E-01  0.600431E+07 -0.437373E-03  0.422630E+08  0.301907E-01  0.192124E+03
 -0.599143E+07 -0.140695E-01  0.859906E+03 -0.725314E-01  0.421482E+08  0.237814E-03
  0.822475E-06  0.276565E+02 -0.131341E-08  0.214619E+03  0.925985E-06  0.230479E-02
 1.2000
  0.861532E+06  0.655195E-02 -0.136759E+03  0.276858E-02 -0.551414E+07  0.396592E-04
  0.264415E-02  0.862294E+06  0.157878E-04  0.552261E+07  0.130818E-02  0.272208E+02
 -0.137427E+03 -0.852252E-04  0.867844E-01 -0.893963E-04  0.912123E+03 -0.381196E-08
 -0.266000E-01  0.553594E+07  0.321887E-03  0.323725E+08 -0.876211E-02  0.177331E+03
 -0.552613E+07 -0.373926E-01  0.909129E+03  0.561978E-01  0.323016E+08 -0.418108E-03
 -0.267982E-05  0.303115E+02  0.160069E-08  0.196724E+03  0.214516E-04  0.362317E-02
 1.3000
  0.872781E+06 -0.208289E-02 -0.155443E+03 -0.496235E-02 -0.475159E+07 -0.119683E-03
  0.969841E-03  0.873391E+06 -0.874763E-04  0.475751E+07 -0.931483E-02  0.267533E+02
 -0.156180E+03  0.166766E-04  0.816762E-01  0.285503E-03  0.885751E+03 -0.115835E-07
  0.771685E-02  0.477298E+07 -0.114394E-04  0.233703E+08 -0.657494E-01  0.147350E+03
 -0.476614E+07 -0.470653E-01  0.883672E+03  0.342607E-01  0.233318E+08 -0.167551E-03
 -0.564711E-06  0.296263E+02 -0.131365E-08  0.162237E+03 -0.637903E-04  0.569241E-02
 1.4000
  0.828290E+06  0.170882E-02 -0.163572E+03 -0.550620E-02 -0.387258E+07  0.382077E-04
 -0.449810E-02  0.828599E+06 -0.286052E-04  0.387553E+07 -0.111326E-01  0.240720E+02
 -0.164080E+03 -0.182306E-03  0.689637E-01 -0.104473E-03  0.803010E+03 -0.424711E-08
 -0.263864E-01  0.389421E+07 -0.382216E-04  0.160245E+08  0.756532E-01  0.112834E+03
 -0.389079E+07 -0.577838E-02  0.803986E+03  0.188934E-01  0.160100E+08  0.121901E-04
 -0.645783E-05  0.264863E+02  0.464713E-10  0.123131E+03  0.596509E-04  0.820324E-02
 1.5000
  0.751723E+06 -0.616534E-03 -0.161853E+03  0.198531E-01 -0.304900E+07 -0.314869E-04
  0.101011E-02  0.751885E+06  0.405259E-05  0.305042E+07  0.148451E-03  0.201124E+02
 -0.162326E+03 -0.333423E-04  0.679557E-01 -0.112442E-03  0.694422E+03 -0.106451E-07
  0.992912E-03  0.306986E+07 -0.127366E-03  0.106591E+08  0.946125E-02  0.805724E+02
 -0.306835E+07 -0.784117E-02  0.696352E+03  0.606961E-03  0.106580E+08 -0.158151E-03
 -0.405046E-04  0.219972E+02 -0.268107E-08  0.872038E+02 -0.430220E-07  0.111381E-01
 1.6000
  0.662788E+06  0.140562E-02 -0.154272E+03 -0.901191E-02 -0.234679E+07  0.868464E-06
 -0.115543E-02  0.662853E+06 -0.166038E-04  0.234754E+07 -0.970523E-02  0.160689E+02
 -0.154544E+03  0.769012E-05  0.584556E-01  0.233552E-04  0.579635E+03 -0.245450E-07
  0.800074E-02  0.236777E+07  0.920316E-05  0.696355E+07 -0.165344E-01  0.549028E+02
 -0.236713E+07  0.714787E-02  0.583795E+03  0.895553E-01  0.696376E+07  0.640014E-04
 -0.319301E-04  0.174755E+02  0.317883E-08  0.590087E+02 -0.115923E-03  0.131993E-01
 1.7000
  0.576601E+06  0.627059E-03 -0.142914E+03  0.229104E-02 -0.180531E+07 -0.285841E-05
 -0.157697E-02  0.576546E+06 -0.618618E-05  0.180525E+07  0.406288E-02  0.121769E+02
 -0.143076E+03  0.635315E-05  0.600367E-01  0.348934E-04  0.475777E+03 -0.653368E-08
 -0.298339E-02  0.182579E+07 -0.279544E-04  0.465334E+07  0.269903E-01  0.350844E+02
 -0.182616E+07  0.178354E-03  0.481073E+03  0.937530E-02  0.465571E+07  0.626354E-04
 -0.539386E-04  0.131322E+02 -0.949137E-09  0.372239E+02 -0.117940E-03  0.139947E-01
 1.8000
  0.498780E+06  0.985642E-04 -0.130299E+03 -0.589552E-02 -0.139180E+07  0.940764E-05
 -0.404738E-03  0.498790E+06  0.221808E-05  0.139179E+07  0.206615E-02  0.898231E+01
 -0.130395E+03 -0.523886E-05  0.534013E-01  0.189781E-04  0.385905E+03 -0.897708E-08
 -0.629576E-02  0.141205E+07  0.117528E-04  0.317887E+07  0.958013E-02  0.221031E+02
 -0.141242E+07  0.972599E-02  0.392130E+03  0.155253E-01  0.318564E+07  0.209766E-04
  0.429774E-05  0.963655E+01 -0.147140E-08  0.234786E+02  0.310396E-04  0.130766E-01
 1.9000
  0.432462E+06  0.325130E-03 -0.117810E+03  0.998439E-02 -0.109096E+07 -0.310871E-05
 -0.672144E-03  0.432646E+06 -0.105578E-06  0.109232E+07  0.398045E-03  0.634258E+01
 -0.117846E+03  0.304019E-06  0.482786E-01  0.764669E-05  0.311484E+03 -0.170271E-08
  0.689904E-02  0.111313E+07  0.117760E-04  0.234073E+07  0.418148E-02  0.122915E+02
 -0.111196E+07  0.128474E-01  0.318598E+03  0.362857E-02  0.233522E+07  0.143113E-04
  0.406485E-04  0.676411E+01 -0.253850E-08  0.132169E+02 -0.658879E-04  0.908272E-02
 2.0000
  0.375980E+06  0.696635E-03 -0.105970E+03 -0.217968E-02 -0.865499E+06 -0.115810E-05
  0.269963E-02  0.375938E+06  0.118772E-05  0.865462E+06  0.444183E-03  0.494618E+01
 -0.105839E+03  0.163134E-06  0.471038E-01 -0.146044E-04  0.252817E+03 -0.332748E-08
  0.124379E-02  0.887219E+06 -0.107423E-04  0.178881E+07 -0.324033E-02  0.991280E+01
 -0.887631E+06  0.421711E-02  0.261525E+03  0.120694E-01  0.178956E+07  0.376793E-05
  0.291964E-04  0.525545E+01 -0.359699E-08  0.107155E+02  0.316151E-04  0.695195E-02
 2.1000
  0.327570E+06  0.312139E-02 -0.948367E+02 -0.188706E-02 -0.692148E+06  0.437531E-05
  0.305506E-03  0.327596E+06  0.342672E-05  0.692472E+06 -0.387242E-03  0.360673E+01
 -0.947680E+02 -0.960885E-06  0.424458E-01  0.152068E-05  0.203082E+03  0.142471E-08
 -0.105379E-02  0.715889E+06 -0.501116E-05  0.143069E+07  0.737821E-02  0.624058E+01
 -0.715683E+06 -0.349127E-02  0.211846E+03 -0.364948E-02  0.142953E+07  0.697509E-06
 -0.502742E-05  0.389186E+01 -0.987161E-09  0.755079E+01 -0.357533E-04  0.497070E-02
 2.2000
  0.288136E+06 -0.190103E-03 -0.849519E+02 -0.114271E-02 -0.562677E+06  0.612474E-05
 -0.779304E-03  0.288231E+06  0.539658E-06  0.563090E+06 -0.137241E-02  0.249960E+01
 -0.850123E+02  0.618093E-05  0.222159E-01 -0.468827E-04  0.165105E+03 -0.491858E-08
 -0.167811E-02  0.591535E+06 -0.813059E-06  0.118623E+07  0.555319E-02  0.428377E+01
 -0.590956E+06  0.167597E-02  0.174083E+03  0.247353E-02  0.118475E+07  0.784706E-05
 -0.144053E-04  0.272489E+01  0.153560E-08  0.555981E+01 -0.452702E-05  0.149714E-02
 2.3000
  0.253794E+06  0.211324E-02 -0.759835E+02 -0.272420E-02 -0.451719E+06  0.326811E-05
  0.159900E-03  0.253697E+06 -0.294275E-05  0.451521E+06  0.553427E-03  0.192395E+01
 -0.756571E+02 -0.408871E-05  0.286838E-01  0.117779E-04  0.131089E+03  0.455179E-08
  0.239220E-02  0.492398E+06  0.572353E-05  0.968067E+06 -0.108442E-02  0.395545E+01
 -0.493220E+06 -0.384912E-02  0.145677E+03  0.607381E-02  0.969961E+06  0.122266E-04
 -0.428467E-05  0.205500E+01  0.559701E-09  0.437376E+01  0.452893E-05  0.482846E-03
 2.4000
  0.223558E+06  0.122206E-03 -0.680655E+02  0.570359E-03 -0.357681E+06 -0.180508E-05
  0.393511E-03  0.223576E+06 -0.212411E-05  0.357718E+06 -0.130152E-03  0.148421E+01
 -0.676817E+02 -0.895794E-05  0.257677E-01  0.222335E-04  0.104305E+03  0.423691E-09
  0.981621E-03  0.407085E+06 -0.506103E-05  0.762851E+06 -0.331063E-02  0.308468E+01
 -0.406908E+06 -0.136616E-03  0.120774E+03  0.465371E-03  0.761862E+06 -0.507484E-05
 -0.738679E-05  0.167582E+01  0.833460E-09  0.403133E+01  0.344578E-05  0.327067E-03
 2.5000
  0.196717E+06 -0.124858E-03 -0.614422E+02  0.114862E-02 -0.255684E+06  0.123048E-05
 -0.478101E-03  0.196777E+06 -0.218279E-05  0.256355E+06 -0.117173E-02  0.106774E+01
 -0.604883E+02 -0.542177E-05  0.233671E-01 -0.388642E-06  0.754522E+02  0.618035E-09
  0.117797E-02  0.340346E+06  0.445452E-05  0.543764E+06  0.125541E-03  0.241619E+01
 -0.340192E+06 -0.134536E-02  0.103170E+03  0.104773E-02  0.539932E+06  0.187961E-05
  0.414697E-05  0.124444E+01 -0.528155E-10  0.247082E+01 -0.280115E-05 -0.245353E-03
 2.6000
  0.168728E+06  0.237804E-03 -0.541785E+02 -0.233113E-02 -0.133851E+06  0.284385E-05
 -0.273038E-03  0.168767E+06 -0.314397E-05  0.133862E+06  0.120249E-03  0.687312E+00
 -0.524419E+02 -0.817276E-05  0.213088E-01 -0.174102E-04  0.393908E+02 -0.246048E-11
  0.213765E-02  0.271634E+06 -0.856002E-06  0.285063E+06  0.256844E-02  0.153976E+01
 -0.271584E+06  0.328050E-03  0.851149E+02 -0.379513E-02  0.284512E+06 -0.365138E-05
  0.372151E-05  0.871602E+00 -0.106741E-09  0.119113E+01 -0.627636E-06 -0.493964E-03
 2.7000
  0.114438E+06  0.129567E-02 -0.406073E+02 -0.256334E-02  0.192278E+06  0.163977E-06
  0.237565E-03  0.114512E+06 -0.370597E-05 -0.194392E+06 -0.216511E-02 -0.773082E+00
 -0.356443E+02  0.229639E-05  0.164642E-01  0.301352E-05 -0.611021E+02  0.515346E-09
 -0.113705E-03  0.170910E+06 -0.188034E-05 -0.262404E+06  0.454196E-03 -0.968422E+00
 -0.170774E+06  0.884343E-03  0.598739E+02  0.420751E-02 -0.258995E+06 -0.934749E-06
  0.635303E-05  0.298928E+00  0.919906E-09 -0.562062E+00  0.390501E-05 -0.162400E-03
 2.8000
  0.137921E+06 -0.716513E-03 -0.389942E+02 -0.171619E-02 -0.468519E+06 -0.325100E-06
 -0.342465E-03  0.137913E+06  0.171852E-05  0.468548E+06 -0.117398E-02  0.909681E+00
 -0.436891E+02 -0.739135E-06  0.156013E-01  0.180138E-05  0.148736E+03  0.114815E-08
 -0.531456E-03  0.188760E+06  0.117789E-05  0.630342E+06 -0.866011E-03  0.115857E+01
 -0.188797E+06  0.183744E-03  0.538383E+02 -0.787942E-02  0.630264E+06  0.514170E-05
 -0.356663E-05  0.469055E+00  0.123057E-08  0.145736E+01 -0.762851E-05  0.636081E-04
 2.9000
  0.132005E+06 -0.291846E-03 -0.401258E+02 -0.102230E-02 -0.273538E+06 -0.178434E-05
 -0.580028E-04  0.131925E+06  0.745058E-08  0.273016E+06 -0.933185E-03  0.607903E+00
 -0.421831E+02  0.256998E-05  0.155749E-01 -0.282037E-05  0.881311E+02 -0.314918E-09
 -0.725231E-03  0.169688E+06 -0.447803E-05  0.321198E+06  0.107133E-02  0.526751E+00
 -0.170094E+06 -0.243030E-03  0.526660E+02 -0.395910E-02  0.323689E+06  0.409428E-06
 -0.135614E-05  0.359575E+00  0.314193E-11  0.420729E+00  0.943311E-06  0.154458E-03
 3.0000
  0.114875E+06 -0.779272E-03 -0.362467E+02  0.412823E-02 -0.176303E+06  0.337889E-06
 -0.301392E-03  0.114888E+06 -0.250497E-06  0.176426E+06 -0.242856E-03  0.341464E+00
 -0.370061E+02  0.108964E-05  0.138713E-01 -0.923087E-06  0.579198E+02 -0.101981E-09
  0.251162E-03  0.134251E+06  0.630171E-06  0.160409E+06  0.927206E-03  0.629988E-01
 -0.134253E+06 -0.653120E-03  0.437971E+02 -0.108306E-03  0.160488E+06 -0.319758E-05
  0.286374E-05  0.265704E+00 -0.221490E-09  0.988758E-01  0.583254E-06  0.169242E-03
